6484,1907667,4,2004-03-29
6484,1212306,4,2003-11-11
6484,2332858,5,2004-08-15
6484,2393681,5,2004-01-06
6484,879247,5,2003-12-03
6484,1219660,4,2005-04-05
6484,2218269,4,2004-08-16
6484,471879,3,2005-08-19
6484,2584177,4,2004-08-06
6484,1322840,5,2004-11-16
6484,1130860,5,2004-12-06
6484,2492187,4,2004-12-21
6484,143203,4,2005-01-29
6484,2578460,5,2005-10-19
6484,1884542,4,2003-06-02
6484,2625420,2,2004-05-19
6484,569281,4,2004-05-28
6484,859350,4,2004-08-08
6484,2143489,3,2004-08-23
6484,550262,5,2003-02-21
6484,2637831,4,2003-05-29
6484,2260788,1,2003-06-30
6484,2312349,5,2004-05-15
6484,1867400,4,2005-08-20
6484,2026560,5,2004-03-18
6484,1712735,4,2004-10-07
6484,429301,4,2004-12-09
6484,441153,5,2005-04-24
6484,2593573,4,2005-05-06
6484,2220945,5,2004-04-20
6484,1286036,2,2003-08-23
6484,1456729,4,2003-04-10
6484,1030986,5,2004-01-10
6484,2220846,5,2004-08-18
6484,482123,3,2004-12-24
6484,1079731,5,2005-04-25
6484,268754,3,2003-03-23
6484,163830,4,2004-11-08
6484,2415876,4,2004-08-06
6484,1037088,3,2004-03-25
6484,489551,4,2004-07-31
6484,371312,4,2004-09-08
6484,601204,4,2005-08-01
6484,200255,3,2003-04-17
6484,663276,3,2004-05-06
6484,1640631,4,2004-06-29
6484,2453638,4,2005-01-09
6484,2622238,5,2005-10-10
6484,1968074,5,2003-05-19
6484,1734105,4,2004-06-08
6484,337785,4,2004-02-29
6484,403261,5,2004-11-15
6484,2041009,4,2004-12-28
6484,2400021,5,2005-12-16
6484,114904,4,2003-08-06
6484,2440124,4,2003-12-16
6484,1335063,5,2003-02-14
6484,198814,5,2004-07-01
6484,1797641,5,2005-09-28
6484,1803428,3,2004-01-05
6484,1196728,5,2004-03-28
6484,2631827,2,2004-12-11
6484,2160223,5,2005-03-22
6484,819730,4,2005-10-10
6484,871988,3,2003-06-13
6484,1220170,4,2003-11-15
6484,1027819,4,2003-10-17
6484,2323140,4,2004-09-15
6484,2240790,4,2004-06-10
6484,1462151,5,2005-02-08
6484,144200,3,2004-04-12
6484,2584094,5,2003-06-01
6484,1389535,5,2004-10-22
6484,1530010,4,2005-03-22
6484,1169677,5,2005-04-25
6484,1372014,3,2005-06-24
6484,960023,4,2004-06-26
6484,2153774,4,2003-05-22
6484,1430911,3,2003-07-29
6484,2007468,3,2004-07-09
6484,2407988,5,2005-01-03
6484,525356,1,2003-03-31
6484,2102030,5,2003-05-13
6484,201153,5,2004-01-08
6484,1155559,4,2003-07-22
6484,722948,4,2003-10-08
6484,1546695,4,2003-12-30
6484,2330822,3,2003-12-31
6484,2541041,1,2004-04-19
6484,686510,3,2004-03-08
6484,1491560,5,2004-02-06
6484,1667283,4,2004-06-29
6484,311641,1,2004-06-20
6484,2443370,5,2004-09-30
6484,2290918,5,2004-10-26
6484,1892961,5,2004-12-24
6484,53878,3,2004-12-28
6484,544780,5,2005-01-03
6484,1489948,2,2003-04-11
6484,283850,5,2003-07-07
6484,1796656,4,2004-03-17
6484,563233,3,2004-06-17
6484,497804,3,2004-11-15
6484,1734748,5,2005-01-09
6484,401047,4,2005-09-19
6484,2647871,4,2005-07-25
6484,18103,3,2003-04-01
6484,2045508,5,2004-09-03
6484,1033433,5,2003-07-16
6484,1892529,3,2004-09-03
6484,923889,1,2004-04-11
6484,1312110,5,2005-10-04
6484,2223508,4,2004-01-26
6484,559692,4,2003-09-20
6484,609479,5,2005-01-24
6484,1610450,4,2005-04-25
6484,425033,5,2005-11-11
6484,2213534,3,2004-01-23
6484,1170661,2,2003-02-21
6484,1731106,3,2003-06-10
6484,2499864,4,2004-01-01
6484,2100094,5,2004-11-10
6484,2393306,5,2004-12-13
6484,1264935,3,2004-12-21
6484,1259493,4,2005-01-20
6484,840901,4,2003-08-28
6484,1902621,3,2004-01-14
6484,1765842,2,2004-06-09
6484,1810074,5,2004-08-03
6484,1566141,3,2004-12-30
6484,217164,4,2005-11-27
6484,1149146,5,2005-12-20
6484,2119294,5,2003-06-24
6484,2223740,5,2004-06-29
6484,1187045,3,2004-01-05
6484,343620,5,2004-12-30
6484,230929,3,2003-12-14
6484,1436987,5,2003-06-23
6484,397608,5,2003-08-15
6484,1927580,4,2004-02-03
6484,1054270,4,2005-07-06
6484,1916449,4,2004-06-11
6484,1332318,4,2003-04-08
6484,1023838,5,2004-08-24
6484,2303192,1,2005-01-05
6484,585590,5,2004-08-31
6484,905810,4,2003-04-02
6484,1436585,4,2003-10-08
6484,1066820,5,2004-07-21
6484,522654,4,2004-06-14
6484,1690256,3,2004-07-22
6484,84705,3,2005-12-01
6484,2225711,5,2003-04-23
6484,172747,1,2003-05-25
6484,2569992,4,2003-01-11
6484,49585,2,2003-04-21
6484,842026,4,2004-07-08
6484,2412474,4,2004-11-29
6484,497648,3,2005-07-29
6484,1525524,5,2003-04-22
6484,1567202,3,2004-02-12
6484,780049,5,2004-10-08
6484,438947,4,2004-12-05
6484,427369,4,2003-05-13
6484,2638132,4,2004-04-29
6484,844564,5,2004-04-28
6484,1995736,3,2005-08-09
6484,1788346,1,2003-05-13
6484,1383811,5,2003-08-08
6484,1902516,4,2004-03-18
6484,1406271,5,2004-10-10
6484,1365382,5,2005-12-22
6484,831103,5,2004-05-05
6484,2597253,4,2004-01-06
6484,489458,4,2004-01-28
6484,2329026,4,2004-03-25
6484,240227,4,2005-12-26
6484,1074567,4,2005-12-27
6484,1792741,4,2003-08-11
6484,1233631,4,2003-12-26
6484,1167931,4,2003-08-31
6484,1575462,4,2004-04-06
6484,266172,3,2003-08-22
6484,415672,4,2004-06-02
6484,1521905,4,2004-12-27
6484,1946116,4,2005-06-05
6484,1547807,4,2003-12-20
6484,2411610,4,2003-07-26
6484,2004274,5,2003-04-05
6484,2100805,5,2003-04-29
6484,864172,2,2003-07-02
6484,33780,5,2003-10-02
6484,1087918,4,2004-02-24
6484,1522549,5,2004-07-12
6484,50253,5,2005-11-25
6484,2062763,2,2003-07-25
6484,2389101,5,2004-08-10
6484,286346,5,2004-10-04
6484,756979,4,2004-10-07
6484,183661,3,2005-03-18
6484,1787522,3,2003-05-23
6484,1166912,1,2003-05-08
6484,2576749,4,2004-06-27
6484,226010,5,2004-08-14
6484,1762591,5,2005-04-15
6484,2089791,3,2005-12-21
6484,752402,5,2003-05-16
6484,2251177,3,2003-06-03
6484,2508065,5,2003-08-18
6484,2484944,1,2004-06-07
6484,102648,5,2005-02-14
6484,1031933,4,2005-06-16
6484,1467809,4,2003-12-09
6484,1196789,4,2003-12-29
6484,472747,5,2004-02-28
6484,782305,4,2004-06-29
6484,430386,1,2004-06-13
6484,897577,3,2004-11-21
6484,2439493,1,2003-01-14
6484,1947517,3,2004-04-17
6484,308940,5,2004-04-05
6484,793321,5,2003-07-23
6484,1805600,4,2004-10-14
6484,1261681,5,2004-12-25
6484,224396,3,2005-01-08
6484,479781,2,2005-10-24
6484,2322960,4,2005-10-26
6484,1221986,4,2003-12-23
6484,1786169,3,2003-09-17
6484,2190677,4,2003-12-22
6484,356575,4,2004-01-18
6484,1661052,5,2004-05-10
6484,317972,5,2004-06-19
6484,1952860,5,2004-07-16
6484,53785,4,2004-12-14
6484,1831828,4,2004-02-23
6484,2073405,4,2003-12-12
6484,485083,5,2003-08-24
6484,852739,3,2004-12-31
6484,395750,5,2005-01-05
6484,45961,4,2005-03-29
6484,723061,4,2005-04-24
6484,2593441,4,2004-09-15
6484,2507646,4,2004-02-02
6484,2069473,3,2003-02-13
6484,1158166,5,2004-10-15
6484,2406158,4,2003-12-07
6484,591258,5,2003-08-27
6484,827245,5,2004-11-08
6484,1561649,4,2004-11-29
6484,1997160,4,2004-12-13
6484,158696,3,2004-12-15
6484,2122527,2,2005-01-04
6484,1542310,5,2005-02-14
6484,1676991,5,2003-09-01
6484,965528,4,2004-08-27
6484,322191,5,2003-11-11
6484,2482738,5,2005-10-15
6484,8135,5,2005-12-19
6484,2341218,5,2003-12-13
6484,1183174,4,2003-09-08
6484,1464673,5,2004-07-20
6484,1970762,5,2005-12-08
6484,2353479,4,2003-08-11
6484,2300095,3,2004-02-26
6484,2465317,4,2004-05-02
6484,1754276,4,2004-05-07
6484,709461,4,2004-10-08
6484,1173784,4,2004-11-26
6484,2175611,5,2005-06-25
6484,2607224,5,2003-09-23
6484,1159565,4,2004-04-14
6484,483968,3,2004-05-31
6484,2511202,2,2004-12-22
6484,1860956,4,2003-01-15
6484,716382,4,2004-06-03
6484,796278,4,2005-12-14
6484,242196,4,2003-08-06
6484,592445,4,2004-08-05
6484,2512828,4,2004-08-20
6484,1292995,5,2004-12-20
6484,2178025,3,2003-03-18
6484,304579,5,2003-05-13
6484,2187281,3,2003-12-11
6484,1321353,4,2004-03-31
6484,1382209,4,2004-07-19
6484,322451,3,2005-09-23
6484,1587216,4,2005-04-18
6484,947615,4,2003-08-10
6484,2568715,3,2004-03-16
6484,1110156,3,2003-05-25
6484,947243,5,2003-06-01
6484,1230031,5,2004-05-21
6484,1928107,5,2004-03-17
6484,2569517,5,2004-09-09
6484,2515381,4,2004-12-08
6484,905064,4,2004-12-27
6484,6905,3,2005-01-10
6484,2096868,4,2005-10-22
6484,2584252,4,2005-12-10
6484,212963,4,2003-06-21
6484,460403,4,2003-12-17
6484,252054,4,2003-04-21
6484,2249590,4,2003-11-04
6484,716815,4,2004-07-06
6484,1268699,3,2004-07-01
6484,58451,5,2004-10-03
6484,2644637,3,2005-11-27
6484,853427,4,2003-06-22
6484,2509422,4,2003-12-29
6484,467912,4,2004-02-13
6484,1788733,5,2004-07-10
6484,486957,4,2004-12-17
6484,1402149,4,2004-12-21
6484,1943245,5,2005-01-04
6484,592171,4,2003-07-20
6484,1573744,5,2003-02-24
6484,239596,5,2003-08-14
6484,952156,3,2004-08-14
6484,2492713,4,2004-11-16
6484,458226,5,2004-12-08
6484,2006914,4,2005-04-05
6484,1209112,3,2005-09-06
6484,1264447,2,2003-12-05
6484,1777406,3,2002-12-15
6484,2454190,5,2003-02-27
6484,1205651,4,2005-01-30
6484,1146044,4,2005-03-28
6484,137500,4,2005-04-13
6484,1823570,4,2005-12-20
6484,1147641,1,2003-07-06
6484,1090686,4,2003-10-20
6484,818752,2,2004-06-08
6484,652840,4,2004-09-18
6484,448024,5,2005-01-10
6484,248389,4,2005-02-24
6484,1552829,5,2005-03-17
6484,1759656,5,2005-05-27
6484,2600868,4,2003-03-03
6484,788223,2,2003-12-11
6484,2217779,2,2003-03-11
6484,9393,3,2003-06-04
6484,538730,4,2004-12-13
6484,1832869,5,2004-12-27
6484,944957,4,2003-04-14
6484,2041280,5,2003-07-09
6484,726472,5,2004-06-24
6484,1775518,4,2004-03-29
6484,2611526,5,2004-02-26
6484,1870664,5,2004-07-30
6484,2197982,4,2004-08-19
6484,2210289,4,2004-09-17
6484,2290862,4,2004-10-18
6484,432211,4,2003-12-24
6484,2564320,5,2003-03-24
6484,2590631,5,2004-01-11
6484,2609478,5,2004-01-15
6484,1494456,5,2004-07-11
6484,2457095,3,2004-03-28
6484,2230705,2,2005-11-21
6484,733230,3,2003-02-14
6484,1730886,4,2003-08-18
6484,1946601,4,2004-06-25
6484,1809161,5,2003-07-28
6484,2436711,5,2003-07-29
6484,532207,5,2004-06-16
6484,2497845,4,2004-09-21
6484,838617,3,2004-10-18
6484,409104,5,2004-12-02
6484,2459120,3,2004-12-11
6484,1113230,4,2004-12-23
6484,1594618,4,2005-01-10
6484,1076473,5,2005-01-25
6484,2466449,3,2005-07-20
6484,1504494,4,2004-12-06
6484,1009405,2,2005-03-22
6484,1163442,5,2005-11-07
6484,236887,4,2003-08-30
6484,846642,3,2004-04-20
6484,161952,5,2005-10-09
6484,835265,4,2005-11-24
6484,2429730,4,2003-02-13
6484,2544886,4,2004-08-06
6484,441719,4,2004-11-11
6484,1896861,5,2005-01-24
6484,105221,4,2005-06-18
6484,284052,4,2004-05-09
6484,2000231,4,2003-07-22
6484,2444942,4,2005-01-05
6484,2504786,4,2005-11-01
6484,807694,4,2003-07-02
6484,936396,2,2004-02-09
6484,1956679,4,2005-01-05
6484,1823320,4,2005-06-04
6484,2451474,4,2004-04-27
6484,279521,5,2004-04-15
6484,1184537,4,2002-12-10
6484,1151871,4,2005-09-11
6484,1694879,3,2004-08-08
6484,1098420,4,2003-05-06
6484,2189299,5,2004-05-05
6484,1824701,5,2005-08-11
6484,1515189,5,2004-03-18
6484,300039,5,2004-06-20
6484,117934,5,2004-08-08
6484,1009089,5,2004-11-07
6484,664256,4,2003-12-18
6484,924104,5,2003-08-29
6484,463781,4,2004-02-05
6484,1125711,4,2005-05-23
6484,1194348,4,2005-12-31
6484,492478,3,2004-03-29
6484,2194079,5,2004-05-20
6484,1751977,5,2003-11-26
6484,2144070,4,2003-12-24
6484,1059105,5,2004-03-24
6484,840644,5,2004-03-12
6484,1066611,4,2004-07-15
6484,933135,4,2004-11-24
6484,236481,5,2003-11-29
6484,341649,3,2002-12-05
6484,1818224,3,2003-10-16
6484,1096610,4,2004-12-07
6484,1588308,4,2005-05-20
6484,650986,4,2004-04-04
6484,179235,3,2004-03-04
6484,2621201,4,2004-06-23
6484,584437,5,2004-08-07
6484,2442139,3,2003-06-18
6484,955719,3,2003-07-10
6484,1420885,4,2004-01-06
6484,2158681,4,2005-01-06
6484,573434,3,2005-06-24
6484,1287877,4,2005-07-15
6484,1960339,3,2004-01-26
6484,1547725,4,2004-08-26
6484,1715879,5,2004-08-28
6484,1810743,4,2004-10-06
6484,706897,4,2004-03-03
6484,1625628,5,2003-05-29
6484,167365,4,2004-01-15
6484,2250323,3,2005-09-11
6484,781042,5,2004-06-15
6484,543440,5,2004-08-06
6484,1214728,5,2004-03-20
6484,1902128,4,2004-07-29
6484,925705,3,2004-12-17
6484,2401527,4,2004-08-13
6484,1421309,5,2004-12-01
6484,2356837,3,2005-06-06
6484,1727273,3,2004-08-30
6484,894366,5,2003-12-16
6484,975615,5,2004-07-29
6484,1973244,5,2004-08-23
6484,1912423,4,2004-11-30
6484,1954411,3,2004-03-08
6484,65862,5,2003-12-30
6484,2271519,4,2004-06-02
6484,1232678,4,2004-07-12
6484,1877483,4,2004-08-13
6484,710409,3,2005-05-01
6484,246892,5,2004-01-14
6484,2203225,1,2003-06-12
6484,2472465,2,2004-01-08
6484,2368545,5,2004-08-31
6484,1745200,4,2004-04-05
6484,1623724,3,2004-12-26
6484,342312,4,2005-01-11
6484,302363,5,2005-07-16
6484,826125,4,2003-12-24
6484,1687857,5,2004-09-23
6484,2476584,4,2004-12-01
6484,2118102,4,2005-12-28
6484,787083,4,2004-08-23
6484,371954,4,2003-03-03
6484,2093103,3,2003-05-09
6484,2464846,3,2004-03-17
6484,2628863,4,2004-04-14
6484,1584972,5,2003-05-14
6484,1186815,1,2004-08-05
6484,744631,5,2004-04-19
6484,1885787,5,2003-03-05
6484,74300,4,2004-03-11
6484,2498508,4,2004-12-20
6484,1336779,4,2005-08-10
6484,1180332,5,2005-08-12
6484,344411,5,2004-08-09
6484,1782207,3,2005-01-04
6484,1337777,4,2005-02-16
6484,1045964,5,2005-10-31
6484,1419286,4,2004-03-09
6484,36541,3,2003-05-19
6484,340405,4,2005-08-22
6484,759440,5,2003-09-10
6484,329958,1,2004-02-08
6484,56218,5,2004-11-02
6484,1821320,3,2004-07-19
6484,1037522,5,2003-10-23
6484,605803,5,2004-05-18
6484,1349069,5,2004-05-03
6484,1822396,5,2004-07-02
6484,2209940,5,2004-04-24
6484,1739082,5,2004-02-28
6484,1618536,3,2004-11-25
6484,247474,4,2005-03-21
6484,2149005,3,2003-09-02
6484,769562,4,2004-02-27
6484,1725470,3,2004-05-23
6484,526149,3,2004-04-30
6484,1435721,4,2004-03-05
6484,2018908,5,2004-05-24
6484,2259299,3,2004-08-15
6484,1136842,5,2005-04-13
6484,1368832,4,2005-07-18
6484,1505182,4,2004-03-27
6484,1864136,5,2005-04-19
6484,613504,5,2005-08-01
6484,2357868,4,2004-08-29
6484,1063193,4,2004-08-08
6484,779811,4,2004-03-03
6484,364366,4,2004-12-27
6484,2602705,4,2005-02-09
6484,1540044,5,2005-03-14
6484,2481225,4,2004-02-27
6484,2046513,2,2004-06-17
6484,1003108,4,2004-10-24
6484,2214536,4,2004-11-08
6484,2078484,3,2003-09-24
6484,522567,4,2004-04-07
6484,243612,4,2003-11-16
6484,1364543,5,2004-01-11
6484,160593,4,2003-08-03
6484,2362884,4,2004-03-16
6484,2507467,5,2004-04-03
6484,2251327,4,2004-08-25
6484,384303,5,2005-10-01
6484,1298511,3,2003-07-05
6484,870590,2,2003-03-06
6484,230252,4,2004-08-04
6484,628501,4,2004-06-25
6484,2551078,5,2003-12-19
6484,2627357,5,2004-01-21
6484,2518167,5,2005-06-14
6484,86246,3,2003-12-11
6484,363047,4,2005-07-25
6484,247005,5,2004-01-12
6484,665841,3,2004-10-18
6484,1998128,3,2003-01-16
6484,1308196,4,2003-02-11
6484,1699788,2,2005-08-11
6484,2382844,5,2003-03-29
6484,655385,5,2005-09-06
6484,773046,5,2003-07-01
6484,2032785,3,2005-01-10
6484,2542439,5,2003-08-13
6484,962763,3,2003-09-22
6484,302172,4,2004-05-12
6484,2211440,5,2004-09-28
6484,750624,4,2005-12-22
6484,2555614,5,2004-05-31
6484,1525483,1,2004-08-19
6484,2375228,4,2003-12-19
6484,1440062,4,2005-10-31
6484,1510766,3,2005-11-21
6484,71594,3,2003-08-07
6484,831968,5,2005-07-18
6484,2487779,4,2003-01-16
6484,2595864,5,2004-02-24
6484,994791,4,2004-01-28
6484,142492,3,2003-09-03
6484,2562845,5,2003-08-25
6484,2447407,4,2005-12-11
6484,139473,5,2005-07-19
6484,1869897,4,2003-04-28
6484,369718,4,2003-03-06
6484,1663717,4,2004-04-19
6484,1367060,4,2005-04-01
6484,953586,4,2005-12-30
6484,370641,4,2004-03-01
6484,336245,4,2004-01-20
6484,1122030,4,2004-08-13
6484,10044,4,2004-09-23
6484,329013,5,2004-11-05
6484,1440329,3,2004-06-19
6484,672451,5,2003-01-16
6484,662156,4,2004-07-12
6484,1314824,2,2003-03-03
6484,366832,3,2003-04-03
6484,531125,1,2004-07-20
6484,2234279,4,2004-11-14
6484,511923,4,2004-12-17
6484,2318337,4,2004-06-02
6484,1238184,3,2003-04-21
6484,1631017,5,2004-07-12
6484,1378848,5,2004-08-10
6484,2223839,5,2005-03-01
6484,598548,4,2004-09-03
6484,2438925,5,2005-08-13
6484,718564,4,2005-08-16
6484,2518168,4,2003-11-28
6484,861675,5,2003-11-20
6484,26896,4,2003-12-09
6484,2187642,3,2004-12-27
6484,1681088,5,2005-01-02
6484,2493236,5,2003-07-05
6484,2604501,5,2003-08-26
6484,2010597,5,2004-11-18
6484,1257469,5,2004-12-28
6484,2167399,5,2005-04-05
6484,1090155,5,2005-10-03
6484,383642,5,2003-07-24
6484,2212232,5,2004-09-02
6484,438340,5,2004-03-03
6484,2385925,3,2004-09-17
6484,396440,3,2004-11-19
6484,123564,4,2005-12-14
6484,491531,3,2004-06-02
6484,2342127,5,2003-09-26
6484,976336,4,2004-02-03
6484,2285053,4,2004-01-15
6484,891877,5,2004-08-01
6484,1641866,4,2004-10-10
6484,214501,4,2004-06-02
6484,2352251,4,2003-12-15
6484,574834,4,2004-08-10
6484,811254,4,2004-01-13
6484,2285649,5,2003-12-02
6484,1056930,4,2004-10-04
6484,2426320,4,2004-12-07
6484,357726,4,2005-01-11
6484,2309712,3,2005-01-26
6484,2384063,5,2005-03-21
6484,1851346,3,2003-01-21
6484,1828331,4,2004-05-03
6484,1434691,5,2004-01-14
6484,1146000,3,2003-03-29
6484,565070,5,2003-08-07
6484,2635263,4,2004-01-26
6484,1147677,5,2003-09-07
6484,2473791,5,2005-08-22
6484,1600319,4,2004-09-13
6484,402774,5,2004-05-13
6484,2614232,5,2004-07-07
6484,1534893,5,2004-12-14
6484,887873,3,2005-10-18
6484,1853186,5,2005-10-25
6484,1360750,5,2005-12-16
6484,570063,5,2003-03-26
6484,749593,5,2004-08-19
6484,1199611,4,2003-10-28
6484,1100421,4,2003-06-17
6484,1038731,5,2004-03-23
6484,707095,4,2004-03-23
6484,166033,5,2004-08-17
6484,1123930,5,2004-11-22
6484,1481098,5,2005-01-19
6484,647979,4,2005-04-16
6484,175453,4,2005-04-23
6484,431326,2,2003-04-14
6484,2104056,4,2003-07-02
6484,295220,5,2004-05-27
6484,690698,3,2005-02-03
6484,404170,4,2004-01-12
6484,652081,3,2005-08-14
6484,2410614,4,2003-05-07
6484,2593145,5,2003-11-18
6484,2011746,4,2005-04-02
6484,746217,4,2005-09-23
6484,1532716,5,2005-10-02
6484,789014,1,2002-12-24
6484,798296,2,2003-02-13
6484,292563,4,2003-11-05
6484,633054,4,2004-06-30
6484,1569992,4,2005-02-07
6484,2619313,5,2005-12-25
6484,2144766,3,2005-12-28
6484,16272,3,2003-02-13
6484,2376413,4,2004-01-19
6484,1339156,5,2003-11-26
6484,1976615,4,2004-09-21
6484,1705097,4,2004-09-28
6484,1020840,4,2003-06-09
6484,1516130,4,2004-03-16
6484,2501778,5,2004-01-15
6484,480157,4,2004-08-19
6484,1328847,5,2004-12-11
6484,2116776,4,2005-01-02
6484,1281611,3,2005-01-24
6484,2106683,5,2005-02-18
6484,933872,5,2005-04-11
6484,2204404,5,2003-01-22
6484,1481692,3,2005-08-29
6484,1353243,5,2005-01-13
6484,1545552,4,2003-10-24
6484,393945,5,2003-02-11
6484,1377941,4,2003-04-21
6484,1172584,1,2003-04-03
6484,589736,4,2004-02-10
6484,1494683,3,2004-03-02
6484,1405119,3,2004-10-13
6484,1827513,5,2004-12-21
6484,1060375,3,2005-12-05
6484,742373,3,2005-01-19
6484,1592266,4,2005-02-27
6484,2219648,4,2004-01-12
6484,1610272,4,2003-04-05
6484,1105663,4,2004-03-30
6484,48646,5,2004-03-11
6484,151153,5,2004-06-06
6484,2588872,5,2004-07-05
6484,1176127,3,2004-04-10
6484,34413,4,2004-04-22
6484,1627955,5,2004-05-07
6484,2145422,5,2005-06-11
6484,383353,4,2003-05-27
6484,2577221,5,2004-08-07
6484,2605347,5,2004-07-24
6484,1453137,5,2004-12-06
6484,117687,4,2005-06-17
6484,305344,3,2003-03-17
6484,28924,5,2003-08-11
6484,1107549,3,2004-06-22
6484,2597470,5,2004-04-28
6484,101246,5,2005-10-06
6484,2452881,4,2004-06-14
6484,1825420,2,2003-05-20
6484,2103628,3,2004-03-03
6484,1725226,5,2004-10-26
6484,947574,4,2004-12-23
6484,2637500,4,2005-04-20
6484,2357500,3,2003-07-10
6484,1978089,5,2005-03-16
6484,840469,3,2005-10-23
6484,1381243,4,2003-03-03
6484,366233,1,2004-01-31
6484,327874,4,2004-07-09
6484,2411860,2,2004-10-09
6484,1238869,3,2004-12-22
6484,2428160,4,2005-01-19
6484,786459,4,2004-01-22
6484,554015,5,2003-12-12
6484,1260164,5,2004-12-08
6484,1512290,3,2005-01-02
6484,882963,4,2005-12-23
6484,1513273,3,2003-04-15
6484,2310042,3,2003-11-11
6484,2386859,5,2004-03-20
6484,35224,5,2004-07-26
6484,611692,5,2004-12-26
6484,2494556,4,2005-01-21
6484,715407,3,2005-12-20
6484,757896,5,2005-01-25
6484,810860,5,2005-02-21
6484,2349218,3,2005-07-20
6484,749453,4,2003-10-25
6484,288575,5,2004-02-05
6484,1583323,3,2004-04-27
6484,1474206,4,2003-11-25
6484,2584606,5,2004-08-21
6484,311852,4,2004-02-04
6484,1327840,5,2004-05-30
6484,620010,3,2004-07-26
6484,298087,3,2004-11-25
6484,1769515,4,2004-12-25
6484,15479,3,2004-06-09
6484,1410573,5,2004-05-01
6484,1697148,4,2004-07-28
6484,812398,5,2004-09-29
6484,2031597,4,2003-12-18
6484,990639,4,2003-02-17
6484,2276279,4,2003-01-25
6484,1069677,3,2004-02-25
6484,338723,5,2004-07-06
6484,584352,2,2003-06-21
6484,706343,5,2003-11-10
6484,2200648,4,2004-05-25
6484,2156499,5,2004-09-20
6484,1428059,4,2004-11-28
6484,1133671,4,2005-09-06
6484,1381920,4,2003-07-12
6484,742107,3,2004-01-21
6484,1551858,4,2004-02-18
6484,385042,3,2004-02-16
6484,2074612,5,2005-10-09
6484,32389,5,2005-12-15
6484,6984,3,2005-12-19
6484,831464,4,2004-08-20
6484,360264,3,2004-03-12
6484,573077,3,2003-06-20
6484,2640109,4,2004-04-19
6484,2060310,5,2004-06-30
6484,1042456,5,2004-09-17
6484,2551352,4,2005-01-06
6484,481238,4,2005-06-14
6484,785311,4,2005-10-17
6484,2644945,1,2005-08-13
6484,370489,1,2003-12-30
6484,759028,3,2003-03-26
6484,2084778,3,2003-07-14
6484,1876416,3,2003-09-02
6484,2496938,5,2004-09-16
6484,33396,3,2004-01-15
6484,589901,5,2004-02-09
6484,795510,4,2004-03-15
6484,902603,3,2004-12-28
6484,1584473,5,2005-01-03
6484,1620175,5,2005-12-28
6484,1833039,5,2004-10-26
6484,1772538,4,2004-06-27
6484,452873,5,2004-06-07
6484,342718,4,2004-01-13
6484,513982,4,2004-05-25
6484,901294,2,2005-04-29
6484,1608049,4,2005-06-27
6484,1934002,4,2005-12-19
6484,2134965,5,2003-08-17
6484,715172,4,2004-06-17
6484,94463,4,2004-11-29
6484,1452807,2,2004-12-23
6484,2093915,3,2005-01-09
6484,1448222,3,2005-02-03
6484,16833,4,2005-11-17
6484,220568,4,2003-07-13
6484,2614949,5,2004-11-11
6484,1488032,5,2004-07-28
6484,482097,4,2003-05-06
6484,1676937,1,2003-02-18
6484,257331,4,2004-12-04
6484,1991225,3,2004-08-26
6484,2484834,3,2004-06-10
6484,522468,4,2005-02-14
6484,302160,4,2005-06-23
6484,195515,3,2003-12-23
6484,2574107,3,2004-03-08
6484,760484,5,2004-06-25
6484,1107588,4,2004-01-09
6484,129310,4,2004-10-24
6484,1122663,2,2004-10-31
6484,175025,4,2005-01-01
6484,1920298,5,2004-07-26
6484,298126,3,2003-02-15
6484,573858,3,2003-02-20
6484,63388,3,2003-12-17
6484,1799394,4,2003-08-24
6484,735074,4,2004-07-07
6484,1836907,4,2004-02-22
6484,279112,5,2005-01-04
6484,1301239,5,2005-11-29
6484,1753554,5,2003-11-07
6484,1914282,5,2003-09-02
6484,91176,3,2003-04-01
6484,1492614,5,2004-06-30
6484,685488,5,2005-08-17
6484,57541,5,2004-01-16
6484,204139,4,2004-05-06
6484,863644,3,2004-12-21
6484,2362765,5,2005-12-16
6484,1769638,4,2004-06-29
6484,1051473,4,2003-06-16
6484,2534070,4,2004-06-23
6484,2526533,3,2004-07-18
6484,1084669,5,2004-05-14
6484,354581,4,2004-04-29
6484,194688,5,2004-11-04
6484,2196548,4,2003-01-24
6484,1764201,5,2003-07-09
6484,1736437,5,2004-06-01
6484,478715,4,2003-10-16
6484,1396820,4,2005-08-17
6484,1588371,3,2004-12-21
6484,2414873,4,2003-08-25
6484,2406724,3,2003-09-30
6484,2545709,5,2003-10-21
6484,22096,5,2004-06-09
6484,522740,5,2005-07-03
6484,296232,2,2004-08-03
6484,1562696,4,2004-12-18
6484,2153306,4,2005-01-03
6484,1429956,5,2005-06-01
6484,431725,4,2003-06-04
6484,1359607,5,2003-06-30
6484,2121793,5,2004-01-25
6484,2481073,4,2005-01-06
6484,1645497,4,2005-08-20
6484,990602,4,2004-04-24
6484,1189131,4,2004-10-25
6484,2585154,4,2005-01-19
6484,1054516,5,2004-01-25
6484,2491249,5,2004-01-05
6484,1923690,4,2004-08-24
6484,71743,4,2004-12-14
6484,29665,4,2005-12-14
6484,1782721,3,2004-05-27
6484,813072,5,2004-12-26
6484,1265998,5,2005-12-10
6484,671997,4,2004-03-28
6484,1425596,5,2003-04-19
6484,419667,3,2003-08-05
6484,2331293,4,2004-07-03
6484,378342,4,2004-02-27
6484,993907,3,2004-09-16
6484,1209334,5,2004-05-08
6484,522056,4,2003-03-24
6484,567956,4,2003-06-26
6484,2526076,4,2004-01-12
6484,1425055,3,2004-06-25
6484,1077025,3,2004-07-01
6484,190641,5,2005-01-09
6484,2187764,1,2004-04-16
6484,387418,1,2003-08-14
6484,1537395,5,2003-12-07
6484,58834,4,2005-12-21
6484,1107303,5,2004-07-13
6484,271041,3,2003-03-18
6484,783767,5,2004-05-06
6484,160786,4,2004-10-31
6484,301141,4,2004-12-15
6484,1930976,3,2005-11-23
6484,180799,4,2005-12-13
6484,2192258,3,2003-12-15
6484,1804010,3,2003-08-27
6484,107909,5,2004-07-04
6484,823651,4,2004-09-25
6484,612107,4,2005-12-27
6484,2631203,5,2003-12-14
6484,2397110,3,2004-04-20
6484,1281276,4,2004-03-22
6484,752668,4,2004-09-20
6484,307806,5,2004-11-30
6484,1212479,3,2004-12-21
6484,470200,5,2005-01-07
6484,1306863,5,2005-02-07
6484,1876574,4,2003-05-25
6484,1670645,5,2004-04-25
6484,236121,5,2004-08-20
6484,673871,5,2003-07-15
6484,1492085,5,2004-06-06
6484,1484284,5,2004-08-24
6484,96794,5,2004-09-27
6484,2003072,4,2005-04-11
6484,291135,4,2004-01-13
6484,766336,5,2004-04-10
6484,785992,3,2003-05-15
6484,1173399,4,2003-02-12
6484,181124,4,2003-10-07
6484,1139404,1,2003-04-07
6484,1104514,5,2005-09-01
6484,1932594,1,2004-06-08
6484,1837705,5,2005-10-30
6484,1298036,4,2004-05-13
6484,895819,4,2003-03-11
6484,356615,1,2003-08-04
6484,2311048,4,2005-06-03
6484,1493504,5,2005-12-30
6484,1119267,3,2004-07-21
6484,2469021,4,2003-05-28
6484,1892484,5,2004-05-18
6484,1514745,5,2004-11-03
6484,2636825,5,2004-12-21
6484,1676067,5,2005-02-16
6484,1831664,4,2005-07-02
6484,1856085,4,2004-09-02
6484,2096620,2,2003-05-24
6484,2103116,3,2004-06-13
6484,408645,4,2004-07-02
6484,1663694,1,2004-01-31
6484,1663888,3,2004-02-22
6484,387819,4,2004-02-27
6484,2450477,4,2004-12-23
6484,31689,3,2004-12-27
6484,1873191,3,2005-01-12
6484,801300,3,2005-02-08
6484,1485686,5,2005-07-15
6484,1808617,5,2005-07-21
6484,1461435,1,2003-04-13
6484,871927,5,2003-01-13
6484,330275,3,2003-09-09
6484,531010,3,2004-07-13
6484,364238,4,2004-08-31
6484,2116105,3,2004-09-03
6484,1517054,5,2005-03-14
6484,657275,4,2005-05-25
6484,137898,4,2005-12-19
6484,2270384,5,2004-03-30
6484,100400,4,2004-06-19
6484,2572081,4,2003-10-12
6484,2056554,5,2003-06-09
6484,2279579,5,2003-03-25
6484,182203,1,2003-07-20
6484,348301,4,2004-02-26
6484,206566,5,2004-12-27
6484,2485869,4,2004-12-30
6484,1714743,4,2003-04-15
6484,1573257,4,2004-07-02
6484,463032,5,2005-01-03
6484,325413,4,2005-12-11
6484,490041,4,2005-08-01
6484,2086825,5,2004-08-17
6484,756655,4,2004-06-23
6484,15027,5,2004-06-20
6484,1084299,4,2004-12-02
6484,1945893,3,2005-04-03
6484,1639792,1,2002-12-11
6484,422380,3,2003-02-13
6484,1127081,4,2003-03-12
6484,1472221,4,2004-06-24
6484,1258237,4,2004-01-12
6484,1394719,5,2004-08-22
6484,1281882,3,2004-07-13
6484,1113673,5,2005-06-30
6484,57633,4,2003-06-13
6484,833454,3,2004-01-02
6484,267780,3,2005-08-04
6484,1897405,4,2004-02-07
6484,1448295,5,2004-07-20
6484,1569103,4,2003-03-11
6484,1296322,3,2003-01-22
6484,2571270,4,2004-05-15
6484,998236,5,2004-06-23
6484,1886037,4,2005-02-12
6484,140491,5,2005-08-01
6484,1376211,4,2003-09-10
6484,2436452,4,2003-11-19
6484,88012,4,2004-06-08
6484,2108626,5,2005-09-06
6484,48607,2,2003-07-10
6484,2195004,5,2004-04-25
6484,2298148,5,2004-06-23
6484,1739147,3,2004-12-26
6484,412042,3,2005-01-04
6484,2600711,3,2005-01-28
6484,1219378,4,2005-03-02
6484,281184,4,2003-05-28
6484,1501503,3,2004-07-27
6484,2215224,5,2004-09-09
6484,75327,4,2004-10-05
6484,2611670,3,2003-03-28
6484,1553929,1,2003-02-24
6484,1648992,4,2004-01-23
6484,2591298,5,2005-01-06
6484,1809137,4,2003-12-06
6484,1576465,5,2004-04-08
6484,1906240,4,2004-01-27
6484,1440251,1,2004-08-23
6484,2125956,5,2004-07-29
6484,2283211,5,2004-05-26
6484,2238060,5,2004-08-16
6484,663118,5,2005-12-04
6484,1834230,5,2004-06-30
6484,263016,3,2004-11-12
6484,645888,4,2004-12-20
6484,30288,4,2004-02-13
6484,451677,4,2003-07-23
6484,1417296,5,2003-08-27
6484,1541053,5,2005-08-16
6484,134591,4,2004-01-08
6484,612094,5,2004-02-16
6484,791733,2,2004-02-29
6484,221644,4,2004-04-23
6484,1634338,4,2004-12-22
6484,274364,4,2005-01-09
6484,2435544,4,2005-01-28
6484,316155,3,2003-02-13
6484,1119665,2,2003-12-02
6484,775020,5,2004-05-26
6484,629389,3,2004-07-01
6484,2630571,3,2004-03-17
6484,367089,4,2004-12-22
6484,1888230,4,2004-12-23
6484,805373,4,2005-06-15
6484,455380,1,2004-01-15
6484,1345972,5,2003-04-23
6484,1139853,5,2004-08-27
6484,643035,3,2004-04-19
6484,646031,1,2004-08-26
6484,789278,4,2004-12-14
6484,1698817,3,2005-01-05
6484,1396655,4,2003-05-20
6484,2010898,3,2004-04-29
6484,2367880,5,2004-03-23
6484,1264026,4,2005-01-11
6484,1951593,5,2003-03-18
6484,2246956,5,2003-08-06
6484,1354827,3,2004-08-05
6484,1566816,5,2004-08-15
6484,2078225,4,2004-12-09
6484,1764962,5,2004-05-22
6484,1397993,4,2003-07-08
6484,489702,1,2005-08-30
6484,622093,4,2004-03-10
6484,50400,5,2004-06-06
6484,1558588,4,2005-01-06
6484,1165010,5,2005-04-26
6484,1326341,4,2003-04-12
6484,998014,3,2003-07-11
6484,1778424,3,2004-02-27
6484,834423,4,2004-11-16
6484,123111,5,2004-12-11
6484,93740,4,2004-12-27
6484,1847606,4,2004-08-06
6484,1968967,5,2003-07-16
6484,1219483,4,2004-01-15
6484,1113590,5,2004-05-08
6484,1103801,4,2004-12-01
6484,2170453,3,2005-01-07
6484,712096,5,2005-03-28
6484,216934,4,2003-09-17
6484,502007,3,2004-08-12
6484,220213,5,2004-03-25
6484,1924957,2,2004-06-08
6484,2516701,2,2005-12-21
6484,1470700,5,2003-11-21
6484,245811,4,2003-04-02
6484,1868667,4,2003-06-06
6484,2051123,5,2004-07-10
6484,823628,5,2004-02-26
6484,448137,5,2004-08-02
6484,401696,4,2004-12-03
