9698,1945809,2,2002-08-10
9698,1907667,3,2005-09-22
9698,1977959,3,2002-06-03
9698,101035,1,2001-08-09
9698,1701487,2,2002-04-04
9698,481168,5,2004-05-15
9698,628351,3,2005-11-15
9698,2406150,2,2004-09-04
9698,435009,2,2004-09-22
9698,1001129,2,2004-10-29
9698,2064041,5,2005-06-18
9698,778615,2,2004-01-22
9698,2411610,3,2002-04-06
9698,2439493,1,2003-02-26
9698,2415589,2,2005-04-05
9698,2015927,1,2002-11-06
9698,1459262,2,2003-07-22
9698,89761,2,2003-06-30
9698,1527279,5,2005-03-09
9698,1840269,1,2003-03-04
9698,566430,1,2002-10-29
9698,575029,1,2002-06-10
9698,1876165,4,2001-02-11
9698,1739230,2,2002-01-12
9698,1717184,2,2002-05-25
9698,72607,3,2002-03-05
9698,1664010,3,2005-10-17
9698,1218201,1,2002-07-06
9698,491739,3,2002-03-23
9698,1421357,2,2003-06-17
9698,984439,1,2002-02-11
9698,1463387,2,2004-03-15
9698,1984995,3,2004-02-24
9698,1662883,2,2002-04-27
9698,629774,2,2002-03-20
9698,1424040,3,2002-03-02
9698,2238629,1,2003-02-23
9698,1110549,2,2003-04-10
9698,408457,2,2002-08-06
9698,497986,2,2003-04-17
9698,929407,2,2003-05-05
9698,2085265,5,2000-02-27
9698,798296,1,2002-10-07
9698,682739,2,2002-03-30
9698,16272,2,2003-05-22
9698,305344,3,2003-03-03
9698,2030141,1,2004-03-12
9698,1988735,2,2004-11-01
9698,587206,2,2005-08-04
9698,1245176,2,2004-12-17
9698,2693,2,2003-08-04
9698,752642,2,2001-03-09
9698,16603,3,2002-08-07
9698,2237907,2,2001-06-11
9698,121182,3,2003-03-25
9698,567705,2,2005-09-12
9698,2118461,3,2005-12-22
9698,2061495,3,2005-04-06
9698,387418,2,2003-10-10
9698,446160,2,2003-06-16
9698,429260,2,2002-10-23
9698,1114324,3,2005-03-09
9698,1932594,2,2005-02-14
9698,958687,2,2002-01-29
9698,252051,3,2005-12-17
9698,1461435,1,2002-02-03
9698,1785209,2,2002-07-01
9698,1317086,3,2002-08-19
9698,1639792,1,2002-04-10
9698,1136085,1,2002-06-16
9698,1774409,2,2002-04-18
9698,2555684,1,2004-09-20
9698,1707198,3,2004-07-07
9698,1293893,1,2002-01-04
9698,1380947,2,2003-11-17
9698,244644,5,2000-09-16
9698,1300759,3,2004-10-12
