9773,1765193,3,2004-10-23
9773,1205593,1,2005-05-13
9773,2609870,1,2005-10-18
9773,2012897,1,2000-08-16
9773,275869,5,2005-08-09
9773,194021,5,2004-07-24
9773,513501,4,2004-01-22
9773,1928230,2,2003-08-26
9773,31764,4,2001-05-13
9773,719014,3,2004-07-10
9773,1045725,3,2001-03-19
9773,1027819,3,2003-12-20
9773,1303151,4,2004-04-19
9773,1466320,3,2004-02-18
9773,472012,3,2005-09-15
9773,2119007,4,2005-12-06
9773,883884,3,2004-03-30
9773,2287919,3,2005-09-08
9773,1784150,1,2005-05-13
9773,2442016,4,2000-10-12
9773,2406150,2,2005-07-29
9773,380354,1,2005-05-13
9773,1462959,3,2003-12-09
9773,2640550,3,2003-01-03
9773,2129436,3,2004-10-23
9773,862305,4,2005-05-30
9773,1088457,1,2001-08-18
9773,210174,2,2002-04-08
9773,1314869,2,2005-05-05
9773,1668349,3,2004-09-02
9773,1867481,3,2004-07-20
9773,1809637,1,2000-03-29
9773,1394924,4,2001-05-15
9773,827347,3,2003-11-10
9773,2344304,3,2005-02-01
9773,1819462,1,2005-04-15
9773,346520,3,2004-01-20
9773,2439493,1,2003-12-11
9773,1046567,3,2005-05-15
9773,1612973,3,2001-12-28
9773,679631,4,2004-11-29
9773,2170968,5,2005-04-06
9773,1473980,3,2005-09-04
9773,2037136,5,2005-06-04
9773,1963179,4,2003-06-02
9773,318504,3,2003-04-18
9773,680991,5,2003-12-04
9773,1846045,5,2004-11-08
9773,2442023,3,2005-03-02
9773,238650,3,2005-11-18
9773,814040,1,2004-07-19
9773,1689644,1,2005-05-13
9773,875561,4,2001-03-03
9773,817464,3,2005-05-13
9773,1803243,3,2005-07-11
9773,1217641,5,2004-01-05
9773,236815,4,2005-03-05
9773,2007063,2,2004-05-20
9773,2011258,5,2005-03-19
9773,1696594,2,2002-08-04
9773,1964735,3,2004-08-19
9773,346418,2,2005-05-16
9773,2195549,3,2004-05-10
9773,370169,3,2005-11-05
9773,2147714,2,2004-04-22
9773,2375231,3,2005-07-24
9773,2124505,2,2004-11-22
9773,495542,1,2004-01-01
9773,2045365,4,2005-06-26
9773,2083367,4,2002-10-29
9773,581952,4,2005-12-12
9773,2272343,4,2005-01-20
9773,2533417,4,2004-06-26
9773,2244406,2,2004-08-17
9773,325503,3,2004-07-07
9773,157667,5,2004-09-01
9773,1688374,4,2004-03-09
9773,2118885,3,2004-11-02
9773,1995099,4,2005-01-11
9773,1664010,4,2005-10-12
9773,66451,3,2004-05-22
9773,1567807,5,2004-08-25
9773,1763790,5,2003-07-14
9773,314418,3,2001-05-15
9773,366608,3,2005-06-29
9773,2613727,2,2004-10-20
9773,862596,1,2005-09-18
9773,462171,3,2002-08-05
9773,2263041,3,2003-12-09
9773,1474064,3,2004-05-17
9773,228194,3,2004-10-23
9773,5945,1,2005-05-13
9773,975592,3,2000-04-13
9773,1704332,2,2001-01-02
9773,1102887,3,2005-01-27
9773,2099073,3,2005-09-27
9773,979644,2,2004-02-10
9773,642088,5,2005-04-13
9773,993550,4,2002-03-09
9773,736767,5,2004-07-19
9773,1298511,1,2003-07-09
9773,2518677,3,2002-09-19
9773,608475,4,2003-07-04
9773,2395915,4,2004-04-04
9773,956623,5,2003-07-24
9773,2517727,5,2005-07-04
9773,2555614,5,2004-06-02
9773,71594,2,2000-06-30
9773,2049319,4,2003-01-02
9773,1690257,5,2005-10-23
9773,1490538,4,2005-07-09
9773,736264,3,2000-08-07
9773,2487632,3,2005-03-01
9773,1800459,4,2005-09-18
9773,1574597,3,2005-02-06
9773,41580,1,2005-07-07
9773,1576849,2,2004-04-08
9773,1438031,3,2005-03-20
9773,2606799,3,2005-05-13
9773,1557557,3,2005-05-13
9773,938161,4,2005-10-08
9773,1333494,3,2005-08-18
9773,1924348,3,2004-07-13
9773,1053827,3,2003-05-13
9773,83963,4,2004-08-19
9773,798296,1,2002-10-19
9773,577780,5,2004-02-09
9773,16272,2,2002-08-20
9773,504620,1,2005-09-01
9773,2067117,4,2004-08-03
9773,1107671,4,2004-07-09
9773,1376273,3,2000-04-30
9773,1775597,2,2005-09-25
9773,265257,3,2004-05-05
9773,100712,2,2002-08-04
9773,1575939,4,2004-08-21
9773,595503,3,2005-03-24
9773,707367,4,2005-04-01
9773,305344,1,2003-07-12
9773,498505,5,2005-05-07
9773,1485947,3,2005-06-23
9773,1197493,1,2005-05-12
9773,2183529,2,2000-04-24
9773,1916955,3,2001-02-14
9773,2226510,3,2004-12-06
9773,1393871,1,2005-06-08
9773,1710658,3,2005-12-20
9773,1898170,4,2001-03-11
9773,1301608,4,2004-08-05
9773,53694,2,2004-03-09
9773,2204671,1,2001-05-17
9773,2036838,3,2005-07-07
9773,2352332,5,2001-02-12
9773,1710643,3,2001-02-14
9773,1674251,3,2005-04-11
9773,961144,3,2004-05-07
9773,1956470,2,2004-07-12
9773,260273,3,2003-05-26
9773,87674,3,2005-11-11
9773,1045879,1,2004-05-24
9773,1722231,4,2005-11-24
9773,2568493,4,2005-07-28
9773,718251,3,2004-04-05
9773,555528,4,2004-12-21
9773,2051938,4,2005-10-04
9773,1134936,3,2004-05-30
9773,2487802,4,2004-05-26
9773,2056022,2,2003-07-26
9773,1300054,4,2001-04-04
9773,817916,1,2003-06-15
9773,384932,1,2004-02-02
9773,791692,1,2005-05-13
9773,2638601,1,2005-05-13
9773,783570,3,2004-01-03
9773,1221408,3,2004-11-03
9773,89770,4,2005-11-01
9773,2483122,1,2004-01-14
9773,2371665,3,2004-08-30
9773,2118461,4,2005-12-17
9773,2011822,5,2004-02-17
9773,1761256,4,2005-09-26
9773,2061495,3,2005-03-28
9773,387418,3,2003-08-13
9773,1809696,2,2005-08-25
9773,1736179,2,2004-01-08
9773,1366860,1,2004-01-07
9773,2452430,4,2004-10-06
9773,1856829,4,2004-08-04
9773,2520804,2,2003-06-26
9773,1266214,4,2003-06-19
9773,337252,3,2005-07-13
9773,623885,1,2004-04-20
9773,794999,5,2004-05-28
9773,1061195,3,2003-12-30
9773,243592,3,2004-03-12
9773,2171187,3,2005-04-07
9773,2244204,3,2005-09-14
9773,1461435,1,2002-02-17
9773,1261966,5,2004-07-12
9773,672092,3,2003-07-10
9773,1602153,2,2005-08-23
9773,474493,4,2004-06-15
9773,1779909,2,2005-06-20
9773,67134,2,2001-12-27
9773,539850,3,2002-03-13
9773,1639792,1,2002-05-31
9773,426070,3,2003-01-23
9773,1636320,3,2005-06-03
9773,2012678,4,2004-06-19
9773,1306084,3,2005-07-08
9773,2238060,5,2004-08-17
9773,1852040,2,2004-02-10
9773,1631065,2,2004-01-13
9773,1293893,4,2000-03-20
9773,1217874,2,2001-05-24
9773,1632068,4,2002-11-08
9773,376277,3,2003-08-15
9773,2468891,3,2005-01-07
9773,834423,3,2005-01-09
9773,1313126,1,2005-02-03
9773,2218246,2,2000-01-08
9773,2635612,3,2003-04-18
9773,2648853,3,2001-12-11
9773,2634967,1,2005-01-10
9773,559886,2,2003-01-04
9773,1602924,3,2003-03-25
