17116,610608,4,2004-02-03
17116,904391,2,2004-08-05
17116,154819,1,2004-11-01
17116,281851,3,2005-03-24
17116,1052867,4,2004-07-13
17116,939674,3,2004-10-30
17116,455628,2,2005-05-09
17116,962445,4,2005-10-02
17116,1771082,3,2005-10-04
17116,1512574,3,2004-10-13
17116,1733650,3,2004-10-24
17116,2230701,2,2004-03-30
17116,1774984,2,2005-02-24
17116,751329,4,2005-10-03
17116,2631038,5,2005-01-13
17116,2136556,4,2005-11-06
17116,295928,3,2004-10-07
17116,861482,4,2005-09-28
17116,1001129,2,2005-01-02
17116,1308379,5,2005-08-21
17116,2099037,3,2005-10-12
17116,578168,3,2005-11-07
17116,1018379,3,2005-07-20
17116,162925,3,2004-02-08
17116,35036,3,2005-08-15
17116,1562670,3,2004-02-02
17116,2622077,3,2005-01-29
17116,1792741,2,2005-06-13
17116,1412068,3,2005-05-27
17116,1654268,4,2004-12-29
17116,1027559,4,2005-03-09
17116,507499,4,2004-03-07
17116,1650363,4,2005-08-31
17116,2495566,1,2004-06-15
17116,2439493,1,2004-01-23
17116,1724456,3,2004-06-19
17116,456933,2,2004-10-31
17116,1615259,5,2004-02-20
17116,605717,2,2005-10-18
17116,2234801,3,2004-12-30
17116,1540380,3,2004-02-02
17116,2207520,4,2004-02-27
17116,2585670,2,2005-01-04
17116,2218947,3,2005-10-07
17116,1159247,3,2005-06-10
17116,2241185,4,2005-09-10
17116,1903324,1,2004-02-05
17116,189653,3,2005-06-26
17116,687573,3,2004-06-01
17116,1042014,3,2004-04-20
17116,1545512,3,2004-09-11
17116,690086,3,2005-08-02
17116,1462537,4,2004-08-29
17116,950178,3,2005-11-22
17116,1940477,2,2004-07-06
17116,1262446,2,2004-03-02
17116,2494428,1,2004-04-20
17116,546933,5,2004-07-06
17116,1763979,4,2005-07-06
17116,1717184,4,2004-04-14
17116,2499020,3,2004-09-03
17116,706897,3,2004-02-04
17116,1707916,1,2004-09-13
17116,440407,4,2005-08-28
17116,704850,3,2005-08-17
17116,2373473,1,2004-09-25
17116,1371544,1,2005-09-13
17116,557625,3,2005-10-06
17116,481798,3,2005-10-07
17116,2223273,3,2004-07-06
17116,1906709,5,2004-06-10
17116,2374286,4,2004-06-02
17116,893878,3,2005-05-20
17116,1006156,1,2005-08-27
17116,2337114,3,2004-02-18
17116,2216552,3,2004-09-13
17116,1688864,4,2005-04-20
17116,2529187,4,2004-03-18
17116,50214,3,2004-04-16
17116,1018629,4,2004-03-26
17116,267378,3,2005-01-01
17116,928566,1,2005-08-01
17116,1775974,4,2005-05-24
17116,491531,2,2005-07-24
17116,1557557,3,2005-04-07
17116,924930,5,2005-09-25
17116,745163,4,2005-05-23
17116,272798,3,2004-11-08
17116,2403270,1,2004-10-14
17116,62480,4,2004-11-29
17116,2594084,3,2004-03-16
17116,2089379,2,2004-02-02
17116,305344,1,2004-01-16
17116,958634,3,2004-11-20
17116,415448,3,2005-08-19
17116,1839500,2,2004-11-14
17116,202440,4,2004-03-12
17116,1104196,2,2005-09-08
17116,708465,3,2005-10-03
17116,556191,5,2004-04-12
17116,2646133,4,2004-08-03
17116,2338262,4,2004-10-08
17116,2005146,3,2004-07-01
17116,159159,1,2004-01-27
17116,2104348,4,2005-11-03
17116,2376783,5,2004-08-09
17116,738430,4,2005-11-01
17116,933690,4,2004-06-02
17116,188163,2,2004-10-13
17116,1240597,3,2005-04-08
17116,486188,1,2005-10-12
17116,1632196,2,2004-11-30
17116,597219,3,2004-12-12
17116,2604462,5,2004-07-10
17116,121182,3,2005-04-01
17116,400372,3,2004-05-22
17116,1528346,5,2004-08-02
17116,1002471,3,2005-08-16
17116,720737,2,2005-03-31
17116,904803,3,2005-06-10
17116,1795110,3,2005-10-06
17116,571704,5,2005-10-18
17116,2384118,2,2004-09-14
17116,1413367,4,2005-01-07
17116,500802,1,2004-02-05
17116,155233,4,2004-03-08
17116,2061495,3,2005-04-01
17116,387418,1,2004-01-18
17116,1988633,5,2004-03-12
17116,1543847,2,2004-06-23
17116,2262884,4,2005-04-25
17116,319529,4,2004-12-19
17116,899934,4,2004-02-10
17116,636724,5,2004-08-29
17116,1932594,3,2004-08-28
17116,510180,3,2005-01-04
17116,1078397,4,2005-02-05
17116,543879,4,2005-05-01
17116,1884816,3,2004-10-20
17116,1303581,1,2004-06-17
17116,837299,3,2004-05-03
17116,2251933,1,2005-09-05
17116,1294972,3,2004-03-09
17116,669549,4,2004-09-28
17116,1960344,4,2004-04-30
17116,263213,3,2005-07-10
17116,1143963,3,2004-05-20
17116,433368,2,2004-02-18
17116,615869,1,2005-01-19
17116,2580672,1,2005-08-13
17116,832649,4,2005-09-17
17116,524408,3,2004-02-02
17116,2279778,5,2004-12-13
17116,2223249,4,2005-07-13
17116,1162805,3,2005-06-03
17116,1534085,1,2004-02-02
17116,1668458,3,2004-03-23
17116,616917,3,2004-06-21
