5398,2625420,2,2004-11-03
5398,751812,4,2004-11-30
5398,204280,4,2005-07-18
5398,166043,1,2004-11-18
5398,1156627,2,2005-10-13
5398,905858,2,2004-12-13
5398,999844,4,2005-06-27
5398,1203136,2,2004-12-02
5398,2073205,2,2005-11-26
5398,864748,5,2005-10-31
5398,356731,3,2005-09-14
5398,2432078,3,2005-10-04
5398,1225326,1,2005-08-12
5398,2197411,1,2005-02-15
5398,1286667,3,2005-06-01
5398,1057265,3,2005-10-24
5398,1253156,3,2005-01-07
5398,56531,3,2005-06-22
5398,1959662,3,2005-10-28
5398,979157,3,2005-06-20
5398,1313457,2,2005-01-19
5398,1945428,2,2005-02-28
5398,1757863,3,2005-09-05
5398,2224662,3,2005-09-15
5398,961378,2,2005-09-27
5398,594672,2,2004-11-09
5398,1175474,1,2005-07-14
5398,475820,3,2005-08-28
5398,1277216,3,2004-12-02
5398,2030862,2,2005-04-13
5398,826333,1,2004-11-06
5398,1038395,3,2005-12-14
5398,2016834,2,2005-08-04
5398,533129,4,2005-08-10
5398,2040859,1,2004-11-23
5398,1314655,4,2005-02-23
5398,1690769,3,2005-10-07
5398,539955,3,2004-12-08
5398,1284203,3,2005-01-10
5398,2520868,4,2004-12-13
5398,1940651,4,2005-10-18
5398,858870,2,2005-07-08
5398,1030812,4,2005-03-22
5398,481721,3,2005-07-22
5398,99847,2,2004-11-18
5398,2198397,3,2005-03-08
5398,926561,2,2005-03-29
5398,1942495,3,2005-04-03
5398,236481,3,2004-11-20
5398,2371971,2,2005-03-05
5398,1960339,3,2005-09-20
5398,185283,2,2005-03-25
5398,1843166,3,2005-03-14
5398,1616157,1,2005-09-23
5398,1664010,3,2005-10-15
5398,572481,3,2004-11-16
5398,830900,3,2004-12-21
5398,2167863,2,2005-09-18
5398,1995585,4,2005-04-05
5398,1450672,2,2005-01-05
5398,1953257,3,2005-02-14
5398,1609246,3,2004-12-03
5398,633905,4,2004-12-06
5398,1904070,4,2005-01-08
5398,1349090,1,2005-03-05
5398,86253,3,2004-12-28
5398,773643,3,2005-05-06
5398,2503369,1,2004-11-23
5398,1802028,5,2005-08-25
5398,175528,1,2004-11-16
5398,1222606,3,2005-04-06
5398,818982,3,2004-12-29
5398,712852,2,2005-10-06
5398,1976149,1,2004-12-08
5398,1046501,3,2005-04-19
5398,1772665,4,2005-04-06
5398,414976,3,2005-11-10
5398,491448,4,2005-07-06
5398,602103,3,2005-11-04
5398,89792,2,2005-06-22
5398,2431428,3,2005-08-23
5398,2002721,3,2005-11-20
5398,305344,1,2004-10-21
5398,1305133,3,2005-12-21
5398,2154626,3,2005-08-23
5398,2411860,2,2005-06-08
5398,75640,2,2005-09-09
5398,2369887,2,2005-03-07
5398,536910,2,2004-11-22
5398,912114,2,2004-12-09
5398,1381920,3,2005-07-16
5398,2058438,3,2005-03-04
5398,1876416,3,2005-08-24
5398,552382,2,2005-09-26
5398,1973975,2,2005-10-11
5398,2067200,1,2005-11-10
5398,689309,3,2004-12-07
5398,2264455,1,2004-12-21
5398,1315185,3,2005-02-08
5398,1717241,3,2004-12-14
5398,36661,2,2005-03-10
5398,1225936,2,2005-07-20
5398,296232,1,2004-11-10
5398,1223178,2,2005-08-16
5398,1048338,3,2005-08-19
5398,1047221,2,2005-02-08
5398,387418,1,2004-11-15
5398,2122936,2,2005-02-04
5398,1179302,3,2005-04-26
5398,52755,2,2005-05-21
5398,1932594,1,2005-02-02
5398,1343181,2,2005-09-22
5398,1010920,4,2005-03-07
5398,806353,3,2005-08-21
5398,1591733,2,2005-06-30
5398,1029218,1,2005-02-01
5398,1733305,4,2005-05-04
5398,4277,2,2005-01-19
5398,1174544,2,2005-03-01
5398,1913506,5,2004-11-12
5398,1596742,4,2005-03-12
