3432,1778851,3,2003-07-24
3432,566764,4,2004-10-30
3432,1056998,5,2005-06-22
3432,1666400,3,2003-08-05
3432,984992,5,2004-09-06
3432,2535052,3,2003-08-05
3432,1539341,3,2003-02-14
3432,2353323,3,2003-07-05
3432,1965800,3,2004-07-19
3432,193052,3,2003-03-28
3432,2648502,4,2003-05-05
3432,1419398,4,2003-02-18
3432,2625420,2,2004-12-07
3432,1260345,3,2005-02-22
3432,2161899,3,2005-03-28
3432,894202,3,2005-06-27
3432,2551764,3,2005-10-17
3432,2026560,4,2005-07-05
3432,1113772,4,2004-05-13
3432,687379,3,2003-07-05
3432,1828353,3,2004-01-05
3432,281396,3,2004-01-22
3432,1582714,4,2004-11-13
3432,2319220,3,2005-02-09
3432,853591,2,2005-02-13
3432,2593573,3,2005-06-11
3432,2568401,4,2003-02-24
3432,975702,3,2003-05-19
3432,1656188,1,2003-10-01
3432,2469215,4,2005-03-27
3432,2570542,5,2005-05-05
3432,1736826,3,2005-05-26
3432,1873215,4,2005-09-08
3432,1673323,3,2003-07-24
3432,683427,3,2004-02-10
3432,2343360,1,2004-01-10
3432,1023280,5,2005-02-03
3432,322178,1,2005-03-17
3432,1277391,2,2005-06-15
3432,2526274,3,2005-09-19
3432,561733,5,2004-11-30
3432,1836112,3,2005-03-15
3432,734508,3,2003-02-12
3432,2644873,2,2003-10-03
3432,2165853,4,2003-10-13
3432,1173459,3,2004-10-29
3432,2600558,3,2005-02-25
3432,303948,3,2005-06-27
3432,2421777,3,2005-07-28
3432,2388344,4,2004-09-01
3432,1165915,3,2004-01-05
3432,527059,5,2005-09-15
3432,1673185,3,2003-07-30
3432,2500745,5,2004-05-19
3432,304902,3,2004-02-19
3432,1630675,2,2005-08-30
3432,2457984,2,2003-12-15
3432,334088,1,2004-09-26
3432,601955,5,2004-11-15
3432,1710440,5,2004-11-17
3432,1799495,4,2005-04-06
3432,1499518,5,2005-07-05
3432,1800996,3,2003-08-29
3432,770513,2,2004-02-13
3432,1027819,3,2003-08-06
3432,2503953,3,2004-09-12
3432,1039248,3,2004-10-06
3432,2580717,3,2004-12-20
3432,1187949,3,2005-03-20
3432,1942263,4,2004-09-18
3432,2433425,3,2004-10-20
3432,2123560,3,2004-11-11
3432,1496705,3,2005-01-26
3432,1831283,3,2005-06-03
3432,2093058,2,2004-05-23
3432,1466320,3,2003-08-18
3432,2038141,4,2003-09-23
3432,85550,4,2004-07-19
3432,2302745,4,2004-06-15
3432,1942723,3,2004-09-28
3432,1179117,2,2005-01-20
3432,1928445,3,2005-06-09
3432,840653,4,2005-09-26
3432,2502038,3,2005-07-13
3432,558957,3,2003-09-06
3432,525356,1,2003-02-21
3432,2119007,3,2005-08-20
3432,1933327,2,2004-01-06
3432,2131676,2,2004-02-02
3432,311641,4,2004-08-30
3432,2109681,3,2005-03-01
3432,2204068,3,2003-04-03
3432,776076,2,2004-01-14
3432,1637761,3,2005-06-28
3432,2501391,3,2005-07-20
3432,2077545,5,2003-08-09
3432,1078245,5,2003-05-29
3432,319463,2,2005-04-03
3432,274106,3,2003-08-19
3432,689758,4,2004-08-03
3432,979937,3,2004-09-27
3432,1938727,4,2005-11-26
3432,2242128,3,2003-02-13
3432,2119337,4,2005-08-13
3432,767537,5,2003-07-19
3432,772283,5,2005-05-17
3432,1061353,3,2005-06-27
3432,1731106,3,2003-06-10
3432,1621920,4,2004-03-31
3432,82103,3,2004-11-23
3432,1551276,3,2003-06-25
3432,819103,3,2003-06-17
3432,1508003,3,2005-08-04
3432,2382937,3,2003-10-18
3432,1298304,3,2004-09-19
3432,1001129,3,2004-11-24
3432,380354,5,2005-02-24
3432,1859573,3,2005-04-27
3432,1801389,3,2003-12-25
3432,818025,3,2004-09-12
3432,104821,3,2005-12-04
3432,1361396,2,2004-04-22
3432,2138757,5,2004-08-19
3432,397608,4,2004-12-21
3432,1070629,2,2005-07-11
3432,202667,4,2003-05-10
3432,14266,3,2003-12-11
3432,962868,4,2005-03-12
3432,1102968,4,2005-09-17
3432,2542073,4,2004-10-12
3432,2256132,2,2004-12-07
3432,388195,5,2005-05-08
3432,754329,4,2005-06-14
3432,1389451,3,2005-09-20
3432,49585,3,2003-04-21
3432,487949,4,2003-07-24
3432,521825,4,2005-09-01
3432,924728,2,2004-11-15
3432,564658,5,2004-11-21
3432,2064128,3,2005-03-29
3432,1796072,2,2003-04-25
3432,1709921,3,2003-02-13
3432,1932270,4,2004-08-28
3432,808411,5,2004-11-13
3432,739759,3,2005-11-05
3432,299896,4,2005-07-07
3432,671503,3,2003-04-08
3432,1782381,1,2003-06-11
3432,499482,4,2004-05-26
3432,709755,4,2005-01-19
3432,1097721,4,2004-10-24
3432,240084,2,2005-03-18
3432,2493397,4,2004-08-23
3432,64741,4,2004-12-02
3432,798731,4,2005-10-17
3432,1792741,3,2004-08-18
3432,1314869,1,2005-04-20
3432,1235184,3,2005-09-13
3432,141936,3,2003-04-17
3432,190479,3,2003-04-08
3432,1317589,2,2004-07-15
3432,1311189,3,2003-11-13
3432,451892,3,2004-06-06
3432,770469,3,2004-11-30
3432,966695,2,2005-01-19
3432,396132,4,2005-09-27
3432,1123671,3,2005-10-12
3432,1817215,1,2004-04-03
3432,28829,4,2005-01-19
3432,1353367,2,2005-03-01
3432,1906420,3,2005-03-17
3432,1820891,4,2003-09-18
3432,1669533,3,2003-08-02
3432,2075524,2,2003-09-08
3432,1754223,2,2003-06-06
3432,1166912,2,2003-05-16
3432,226010,3,2005-01-23
3432,2089791,4,2005-11-13
3432,1177875,4,2003-01-27
3432,2024858,4,2005-08-19
3432,2062350,3,2004-12-10
3432,1605122,3,2003-05-21
3432,1787103,2,2005-07-19
3432,2187741,2,2005-08-25
3432,1741931,3,2004-06-10
3432,1819462,3,2005-04-23
3432,443271,3,2005-06-05
3432,2439493,1,2003-01-14
3432,530789,4,2004-03-03
3432,547130,5,2004-06-20
3432,1024965,4,2004-05-08
3432,589633,5,2005-04-07
3432,2089577,2,2003-10-10
3432,1233470,4,2003-08-01
3432,2216316,4,2004-06-21
3432,596550,3,2005-10-17
3432,1874187,2,2005-02-17
3432,630242,3,2005-05-01
3432,576588,4,2005-06-01
3432,2300588,3,2005-09-22
3432,1125733,3,2003-07-24
3432,325734,4,2004-09-20
3432,345811,3,2005-03-21
3432,2110738,5,2005-04-17
3432,638046,3,2005-06-11
3432,765640,5,2003-06-30
3432,2244499,1,2003-03-12
3432,85701,3,2004-06-03
3432,1339784,3,2004-10-13
3432,1929202,3,2005-04-11
3432,2549238,3,2005-07-13
3432,1410683,3,2003-05-25
3432,1885459,3,2004-07-07
3432,2122527,2,2004-08-10
3432,238740,3,2004-08-29
3432,2432893,4,2005-08-07
3432,1574503,4,2003-07-17
3432,1430108,2,2005-03-16
3432,1452454,5,2003-07-07
3432,284399,3,2005-07-21
3432,1301420,3,2003-09-02
3432,2605418,3,2004-09-14
3432,632193,4,2003-04-23
3432,933416,3,2003-04-22
3432,2200842,4,2005-08-06
3432,566273,4,2004-07-06
3432,687967,4,2004-12-23
3432,315423,5,2005-09-10
3432,793537,3,2003-03-28
3432,2216968,3,2004-05-07
3432,684876,3,2004-08-10
3432,2207611,4,2004-10-01
3432,937335,5,2005-04-15
3432,1440301,1,2003-04-28
3432,730112,2,2003-09-23
3432,2069308,5,2004-04-12
3432,759648,4,2005-06-15
3432,917311,4,2005-04-18
3432,2579306,3,2003-11-04
3432,963705,2,2003-05-28
3432,1798655,3,2003-06-29
3432,1436431,2,2003-04-17
3432,74282,3,2004-02-19
3432,2035595,3,2005-06-06
3432,1388445,2,2005-09-23
3432,2054331,4,2003-06-16
3432,1123488,1,2004-03-25
3432,716468,4,2004-04-05
3432,486957,4,2004-11-22
3432,1266474,2,2005-01-20
3432,1211730,4,2005-01-19
3432,1092521,3,2005-02-12
3432,373186,4,2005-07-24
3432,2454190,4,2003-06-20
3432,1087416,4,2004-10-27
3432,1725716,3,2005-02-08
3432,984474,3,2005-04-30
3432,817464,3,2005-05-13
3432,140399,5,2003-01-25
3432,524040,2,2005-08-03
3432,515463,3,2004-04-25
3432,613550,4,2005-08-19
3432,2576676,3,2004-07-29
3432,2000429,5,2004-09-23
3432,2332009,5,2005-02-05
3432,1552829,5,2005-04-08
3432,428653,5,2003-07-12
3432,276272,4,2004-08-04
3432,538730,3,2005-02-07
3432,1999176,2,2005-05-05
3432,1598072,4,2005-10-23
3432,1901665,4,2003-08-01
3432,1752432,5,2005-08-08
3432,2452906,4,2003-06-01
3432,566017,4,2004-03-10
3432,2491791,4,2004-12-24
3432,2084626,5,2005-06-20
3432,105454,4,2005-08-12
3432,2274579,3,2003-08-14
3432,2403703,3,2004-04-29
3432,1828945,3,2004-08-10
3432,633598,3,2004-10-19
3432,705665,2,2005-05-24
3432,1809161,4,2003-10-02
3432,1936110,2,2003-03-29
3432,186079,5,2005-02-01
3432,1374216,1,2005-05-03
3432,595778,3,2003-05-15
3432,1848539,3,2003-10-29
3432,82700,4,2005-03-10
3432,1611056,3,2005-04-02
3432,1763459,3,2004-02-03
3432,1221318,3,2004-07-16
3432,835265,1,2004-08-16
3432,2398923,1,2004-09-23
3432,656775,2,2004-10-25
3432,2490243,5,2004-11-21
3432,2012829,3,2005-03-27
3432,1880009,2,2005-09-08
3432,2205594,2,2003-03-03
3432,1230191,4,2003-05-21
3432,2253959,3,2004-01-28
3432,2613474,3,2003-07-23
3432,994993,1,2004-10-17
3432,517370,3,2005-04-24
3432,1291263,4,2005-05-03
3432,2195549,3,2005-08-16
3432,93908,5,2005-03-21
3432,2529214,1,2005-07-14
3432,29185,3,2003-10-09
3432,1721479,5,2004-01-30
3432,814455,4,2004-10-26
3432,2283320,3,2005-12-25
3432,1583631,3,2004-10-08
3432,559922,2,2004-08-13
3432,1772647,3,2004-11-29
3432,2397061,3,2005-09-21
3432,1197689,4,2003-08-28
3432,2531429,3,2004-12-05
3432,2046151,3,2005-09-26
3432,687648,3,2005-06-07
3432,1371078,2,2005-08-26
3432,2261989,3,2005-04-04
3432,2487903,4,2005-06-19
3432,1037660,5,2003-12-12
3432,341649,2,2003-01-11
3432,2379395,3,2003-09-16
3432,1331332,2,2003-07-17
3432,2133626,4,2004-09-09
3432,797951,3,2004-07-20
3432,2437288,4,2005-01-04
3432,379605,3,2005-04-12
3432,2370852,4,2005-06-13
3432,135432,2,2005-01-05
3432,1852784,3,2005-01-19
3432,866133,1,2004-03-21
3432,1042784,4,2005-08-17
3432,1818059,4,2003-09-11
3432,851676,4,2004-07-21
3432,1429452,5,2004-07-03
3432,1993553,3,2004-10-19
3432,2354740,2,2005-06-01
3432,731592,4,2003-02-24
3432,1860408,3,2003-10-22
3432,2287957,5,2003-12-27
3432,1135903,4,2004-06-15
3432,1800375,5,2005-05-27
3432,1746378,5,2005-10-27
3432,2345884,3,2003-06-02
3432,1478875,3,2003-12-09
3432,557143,4,2004-02-26
3432,961346,4,2004-12-13
3432,409425,2,2003-05-27
3432,9557,3,2004-03-01
3432,414790,3,2004-09-28
3432,2457647,3,2003-08-15
3432,385522,4,2003-03-25
3432,1604236,3,2004-01-27
3432,2239881,3,2003-06-09
3432,2139894,2,2003-10-16
3432,641055,5,2005-05-20
3432,1482393,3,2005-09-19
3432,1664010,5,2005-10-14
3432,1712704,1,2003-03-21
3432,1278147,4,2005-07-27
3432,2475644,4,2005-08-08
3432,619672,4,2003-05-29
3432,2535354,3,2003-07-10
3432,2327743,2,2004-01-17
3432,1560136,3,2004-12-24
3432,2493804,2,2005-03-27
3432,1622852,4,2003-08-28
3432,1921015,2,2004-01-21
3432,1309493,5,2003-07-16
3432,119510,4,2004-10-25
3432,747892,2,2004-12-15
3432,2550425,3,2005-10-27
3432,2527366,4,2003-05-29
3432,80354,4,2003-09-03
3432,1127519,2,2005-02-09
3432,2635011,5,2005-03-17
3432,504243,3,2003-08-21
3432,138232,4,2003-05-07
3432,58409,3,2003-03-26
3432,1869926,1,2004-09-29
3432,2040195,2,2004-12-14
3432,1622150,3,2005-04-28
3432,1989428,2,2005-06-08
3432,462171,3,2003-01-25
3432,1524556,4,2003-04-07
3432,2297136,1,2005-09-24
3432,1505182,4,2003-10-13
3432,474482,1,2003-09-02
3432,946380,3,2005-03-06
3432,146194,3,2003-03-05
3432,1564379,4,2003-10-18
3432,346102,3,2004-08-13
3432,2533746,3,2004-08-28
3432,2287886,3,2004-10-19
3432,873713,1,2004-10-25
3432,245369,5,2005-02-20
3432,919160,2,2003-11-13
3432,1564607,2,2005-07-26
3432,493683,4,2003-06-10
3432,1040475,3,2004-05-30
3432,1920911,3,2004-01-21
3432,2099073,4,2005-09-20
3432,1795450,3,2003-03-12
3432,315099,3,2003-10-01
3432,183724,4,2004-08-03
3432,1822377,3,2005-02-09
3432,1503477,5,2004-11-21
3432,862040,3,2003-01-13
3432,1679994,3,2003-02-14
3432,122197,4,2005-01-28
3432,1144887,2,2005-06-07
3432,890148,5,2005-09-09
3432,87817,4,2003-09-25
3432,1298511,1,2003-07-06
3432,1535722,5,2004-11-22
3432,1703544,4,2005-04-26
3432,2489068,3,2003-07-08
3432,2635943,5,2004-05-23
3432,1519384,3,2004-11-12
3432,907730,3,2005-04-05
3432,833785,2,2005-06-13
3432,517441,5,2005-07-16
3432,357226,5,2005-07-19
3432,1086481,1,2005-01-19
3432,1428452,3,2005-02-12
3432,1963623,3,2005-11-09
3432,1906681,4,2005-12-23
3432,1961026,4,2003-08-01
3432,2093971,3,2005-11-19
3432,1847531,2,2003-11-12
3432,2608144,3,2003-09-12
3432,2555614,5,2003-11-02
3432,221776,2,2004-01-05
3432,1279413,3,2004-11-16
3432,515737,5,2005-09-15
3432,1227216,5,2003-05-30
3432,693162,4,2004-07-03
3432,827161,3,2004-09-10
3432,1951207,2,2005-01-04
3432,1389725,3,2005-04-28
3432,1359827,3,2005-10-19
3432,1521960,5,2003-03-06
3432,835134,4,2003-07-31
3432,655375,4,2004-01-04
3432,2049319,5,2003-01-04
3432,722591,4,2004-01-20
3432,2593752,3,2005-06-02
3432,2567110,5,2005-09-24
3432,2391116,3,2004-03-11
3432,1112779,4,2004-03-02
3432,134845,3,2004-11-26
3432,1421436,2,2003-07-25
3432,1349717,4,2005-06-16
3432,890023,4,2003-06-18
3432,1539184,4,2004-06-30
3432,642349,2,2004-11-08
3432,1326360,3,2005-01-21
3432,1450334,2,2005-11-29
3432,1048629,3,2003-02-13
3432,1490538,4,2005-01-08
3432,621811,4,2005-04-07
3432,467596,5,2005-04-21
3432,95146,1,2003-10-14
3432,136818,5,2005-07-31
3432,2449001,2,2005-08-26
3432,2385925,3,2003-07-23
3432,438340,3,2004-03-15
3432,1556831,3,2005-02-03
3432,1857889,2,2005-10-24
3432,1146284,3,2003-01-08
3432,1406473,3,2003-06-25
3432,1934193,4,2004-04-20
3432,903139,2,2004-12-31
3432,1175727,4,2005-02-03
3432,164995,4,2005-06-23
3432,760062,4,2005-09-29
3432,2145288,5,2005-11-06
3432,2607155,2,2003-11-22
3432,2306184,4,2004-06-20
3432,1217608,2,2005-11-08
3432,2231178,4,2005-12-15
3432,978800,4,2003-11-18
3432,1801164,3,2003-07-16
3432,320856,3,2004-08-28
3432,546008,4,2005-07-05
3432,2499476,3,2003-07-25
3432,2309712,3,2004-04-28
3432,2028268,2,2004-10-06
3432,45392,5,2005-05-03
3432,2606799,2,2005-05-03
3432,2426320,2,2005-05-10
3432,1557557,3,2005-05-12
3432,2282997,4,2003-02-27
3432,313481,3,2005-08-17
3432,330482,4,2004-08-05
3432,567527,2,2005-03-07
3432,1396361,3,2005-05-13
3432,1183452,3,2005-06-13
3432,901269,3,2003-08-22
3432,2559537,1,2005-03-21
3432,2002369,5,2005-09-19
3432,647979,2,2004-02-22
3432,21003,3,2004-07-26
3432,2256485,2,2004-11-09
3432,597100,2,2005-09-19
3432,497753,3,2005-11-27
3432,33754,2,2004-01-03
3432,1744939,3,2005-07-25
3432,716173,5,2005-08-23
3432,1857378,4,2004-09-13
3432,2410591,3,2004-10-16
3432,2607912,3,2005-06-28
3432,1198828,2,2005-07-04
3432,790305,5,2005-09-08
3432,1013939,3,2003-05-30
3432,1119020,2,2003-11-05
3432,1299887,3,2005-03-03
3432,24801,3,2003-04-28
3432,789014,2,2003-02-11
3432,798296,2,2003-01-16
3432,641825,5,2004-05-10
3432,2017145,4,2004-08-21
3432,633054,4,2004-10-06
3432,425472,3,2004-11-22
3432,504620,2,2005-07-17
3432,16272,3,2003-01-08
3432,1584847,2,2003-01-26
3432,1076500,2,2004-07-22
3432,1339156,3,2005-06-12
3432,1370564,2,2003-06-03
3432,1895796,3,2005-07-19
3432,1482814,3,2003-12-15
3432,1350196,2,2003-10-13
3432,1516130,3,2004-08-03
3432,573995,3,2004-09-04
3432,2062136,4,2005-02-18
3432,45787,3,2005-03-01
3432,417746,5,2005-08-16
3432,1122427,2,2005-08-18
3432,368414,4,2005-08-30
3432,1019345,5,2004-07-15
3432,1271816,3,2005-04-02
3432,566359,5,2005-04-25
3432,1992205,4,2005-05-14
3432,2067117,2,2005-06-13
3432,1097099,3,2003-08-25
3432,2387463,5,2003-12-12
3432,319058,1,2004-12-10
3432,2378212,3,2004-01-06
3432,2376113,3,2004-03-22
3432,1245539,2,2004-08-12
3432,1587792,3,2005-06-21
3432,774693,5,2005-07-29
3432,2172897,4,2005-08-09
3432,2230358,4,2005-07-01
3432,1453137,4,2003-09-23
3432,2128506,5,2003-02-12
3432,1978752,4,2004-04-13
3432,1725661,2,2004-05-18
3432,555069,3,2004-11-14
3432,707367,3,2005-03-19
3432,387309,3,2005-11-07
3432,1829748,4,2003-08-17
3432,729844,4,2003-03-12
3432,305344,2,2003-03-03
3432,2430356,5,2004-08-24
3432,2075711,3,2004-08-10
3432,2166180,1,2005-04-27
3432,1109,2,2005-05-20
3432,1763499,3,2005-08-30
3432,910384,5,2005-02-11
3432,1728528,4,2005-02-12
3432,1118079,5,2005-06-08
3432,2226510,3,2003-05-14
3432,1123141,2,2005-08-23
3432,1584892,3,2003-12-03
3432,822554,3,2003-04-16
3432,1435637,2,2004-01-09
3432,1814310,2,2005-02-22
3432,2215076,4,2005-08-02
3432,950398,4,2003-06-08
3432,1065779,4,2004-01-13
3432,811110,5,2004-07-27
3432,290182,3,2004-11-30
3432,60839,3,2004-12-06
3432,283994,3,2005-02-23
3432,76023,4,2005-07-06
3432,1569859,2,2003-05-26
3432,224564,3,2004-05-14
3432,575152,2,2003-08-06
3432,2241299,4,2003-08-08
3432,1326892,4,2005-08-25
3432,1333748,3,2005-06-22
3432,1489629,5,2005-10-07
3432,261509,4,2003-08-13
3432,1326474,3,2003-08-12
3432,318321,4,2004-10-01
3432,1501056,3,2004-11-24
3432,168729,3,2005-04-22
3432,2177340,3,2003-09-06
3432,1988735,3,2003-01-21
3432,1098639,5,2004-03-07
3432,1466382,4,2004-07-06
3432,2113888,3,2003-04-29
3432,2079894,3,2004-02-23
3432,1926192,5,2004-08-09
3432,1879686,4,2004-10-25
3432,314180,2,2005-02-03
3432,1536328,3,2005-02-10
3432,2053511,3,2005-07-12
3432,2513372,5,2005-08-05
3432,120229,3,2005-08-12
3432,2276279,3,2003-08-25
3432,1069677,3,2004-04-12
3432,1151002,3,2004-01-06
3432,7877,4,2005-02-02
3432,510641,4,2005-10-05
3432,2479267,3,2003-02-21
3432,1086236,4,2004-02-13
3432,2556321,5,2005-01-19
3432,43209,4,2005-09-02
3432,1396680,5,2005-09-15
3432,362008,3,2005-07-21
3432,803964,4,2003-06-01
3432,1743613,3,2004-03-28
3432,1517327,3,2004-09-24
3432,1123618,2,2004-10-11
3432,2086650,3,2004-10-30
3432,2315012,5,2005-02-16
3432,1685238,3,2005-09-14
3432,1627613,4,2003-11-11
3432,1940797,3,2003-06-16
3432,1858243,3,2005-07-19
3432,2551352,3,2003-07-14
3432,573077,3,2003-06-06
3432,717991,2,2004-11-03
3432,1638280,5,2005-09-06
3432,2276002,3,2005-02-25
3432,1353255,2,2004-02-25
3432,2359487,3,2005-08-20
3432,1628656,2,2004-01-15
3432,1110164,3,2003-10-25
3432,1601486,4,2004-09-08
3432,2581445,5,2005-03-11
3432,428189,4,2005-06-24
3432,2597760,2,2005-07-26
3432,1329904,3,2003-03-28
3432,287408,3,2004-10-16
3432,2265986,2,2005-01-31
3432,2127615,2,2005-03-11
3432,368014,4,2005-05-01
3432,752642,3,2003-01-08
3432,1731512,3,2005-07-18
3432,2023759,2,2003-08-07
3432,15356,2,2003-12-03
3432,296746,3,2003-11-26
3432,2622866,5,2004-12-10
3432,1977978,3,2005-06-20
3432,1491751,4,2005-09-10
3432,1546401,4,2005-09-19
3432,1829484,1,2004-01-09
3432,1279037,1,2004-08-22
3432,895641,5,2003-11-28
3432,1029864,1,2005-03-07
3432,834004,5,2005-03-15
3432,888125,4,2004-07-10
3432,1068705,4,2004-10-04
3432,1460301,5,2004-10-13
3432,895538,5,2005-02-21
3432,2611783,4,2005-07-03
3432,952004,3,2003-09-28
3432,323101,5,2004-08-11
3432,2186750,3,2004-11-16
3432,1264320,5,2005-03-05
3432,10679,5,2005-04-26
3432,1530480,2,2005-04-28
3432,1907556,2,2005-09-01
3432,816435,3,2005-07-31
3432,1178805,4,2004-01-15
3432,2056022,2,2004-11-23
3432,833214,4,2004-12-14
3432,863644,3,2005-01-25
3432,2238663,4,2005-11-04
3432,1722054,5,2003-08-26
3432,2081045,4,2003-07-03
3432,2072858,2,2003-07-11
3432,1178277,3,2004-09-13
3432,1411048,5,2004-11-29
3432,1256045,4,2005-03-24
3432,2499884,1,2005-09-22
3432,294510,5,2005-10-09
3432,1764201,4,2003-07-21
3432,567705,4,2005-08-23
3432,1208152,4,2004-10-18
3432,1007295,2,2004-12-15
3432,395420,4,2005-01-28
3432,1119239,4,2004-04-08
3432,254539,2,2005-08-23
3432,1771241,4,2004-11-24
3432,2638601,1,2005-05-04
3432,1479342,2,2003-08-25
3432,813594,4,2004-01-08
3432,783570,2,2003-08-17
3432,1501983,2,2004-11-30
3432,1875549,3,2005-02-17
3432,1322665,5,2005-10-17
3432,992256,2,2003-04-21
3432,1173160,3,2003-06-29
3432,1160772,1,2004-06-25
3432,22718,5,2005-04-04
3432,828344,2,2003-12-19
3432,1336172,3,2004-04-19
3432,1929673,5,2004-08-20
3432,1777958,4,2005-02-13
3432,12537,2,2005-03-14
3432,660945,3,2005-06-14
3432,532817,2,2005-11-25
3432,386842,4,2005-11-28
3432,2210921,5,2004-01-28
3432,994554,3,2005-01-19
3432,964302,4,2004-09-04
3432,1005185,3,2004-07-18
3432,1865997,4,2004-11-19
3432,802549,3,2004-12-13
3432,2334757,3,2005-06-08
3432,2398373,4,2005-06-19
3432,2118461,5,2005-11-05
3432,2592591,4,2005-12-30
3432,2554311,4,2004-08-30
3432,2458372,5,2005-04-21
3432,1518665,3,2005-09-12
3432,743734,3,2005-10-23
3432,1985490,3,2005-04-25
3432,392651,3,2005-05-28
3432,387418,3,2003-08-14
3432,384971,3,2005-08-09
3432,1217630,2,2003-06-26
3432,1580437,4,2003-07-11
3432,505220,3,2003-05-01
3432,66299,2,2003-10-29
3432,977703,4,2004-07-26
3432,783337,3,2004-02-25
3432,1290718,5,2003-10-16
3432,2054877,5,2004-03-15
3432,2416775,3,2004-06-19
3432,2452430,4,2004-10-11
3432,617717,3,2005-05-04
3432,1232016,3,2005-06-14
3432,950248,5,2005-06-20
3432,963663,5,2005-06-22
3432,429260,3,2003-03-25
3432,1643488,5,2005-06-18
3432,671319,3,2005-09-27
3432,2120912,4,2004-06-22
3432,1981621,3,2004-08-01
3432,1400992,4,2004-06-27
3432,2487127,1,2004-09-26
3432,1812904,2,2004-04-26
3432,933895,4,2004-12-06
3432,1379657,3,2005-03-13
3432,160092,4,2003-01-27
3432,16789,3,2005-08-22
3432,508480,3,2005-03-11
3432,379261,4,2005-04-19
3432,34081,4,2005-05-22
3432,2153721,2,2003-11-14
3432,1478117,3,2004-01-10
3432,1977209,4,2003-05-29
3432,1566168,4,2004-03-25
3432,533018,3,2005-03-23
3432,405572,3,2005-05-31
3432,243592,4,2003-08-19
3432,182875,2,2005-08-01
3432,1765047,4,2004-03-06
3432,702521,3,2005-12-06
3432,1663888,3,2003-12-13
3432,1257336,1,2004-11-30
3432,632642,3,2005-01-19
3432,1650673,5,2005-03-27
3432,1291718,3,2005-10-08
3432,1461435,1,2003-02-12
3432,2455561,2,2003-06-04
3432,1559741,3,2004-05-24
3432,27061,5,2004-10-14
3432,1737974,4,2005-04-21
3432,1076056,4,2005-06-25
3432,2252191,5,2005-09-13
3432,409260,1,2005-07-06
3432,1602153,4,2005-07-11
3432,805115,5,2005-09-03
3432,2124339,3,2004-03-02
3432,1058773,3,2004-12-07
3432,1630191,1,2005-11-09
3432,685113,5,2005-08-11
3432,919582,2,2003-07-18
3432,1258802,3,2005-08-29
3432,1059451,3,2004-04-10
3432,849533,4,2004-09-15
3432,2291170,4,2003-05-14
3432,2262963,3,2005-08-26
3432,480499,5,2004-04-29
3432,190089,3,2005-04-26
3432,1506477,4,2005-10-24
3432,2325652,5,2005-08-26
3432,1820144,4,2003-08-05
3432,2588222,3,2005-05-24
3432,115682,2,2004-04-22
3432,1639792,1,2003-02-12
3432,1279360,4,2004-06-01
3432,2428743,1,2004-10-23
3432,2460538,4,2005-05-27
3432,57633,2,2003-01-09
3432,2354764,3,2003-09-05
3432,1654594,3,2004-01-12
3432,1925838,4,2004-04-13
3432,1743049,5,2004-04-09
3432,696400,4,2005-02-21
3432,2347651,2,2005-04-06
3432,371701,2,2005-03-31
3432,2373636,4,2005-12-26
3432,106574,4,2005-07-21
3432,998236,3,2004-08-10
3432,1789648,5,2004-11-08
3432,543526,2,2004-11-15
3432,2143500,3,2004-12-14
3432,747872,2,2005-02-19
3432,2065810,4,2005-09-21
3432,988217,3,2004-10-24
3432,759729,3,2003-03-31
3432,794738,4,2005-02-01
3432,2229994,2,2005-05-23
3432,1981972,1,2005-06-10
3432,974878,4,2003-12-15
3432,1491809,4,2004-11-29
3432,590624,3,2003-05-14
3432,124652,3,2004-03-07
3432,2238060,2,2004-08-17
3432,2509255,3,2005-05-17
3432,2132239,3,2004-09-09
3432,82019,2,2003-02-14
3432,1605124,3,2004-12-11
3432,2619870,3,2005-03-01
3432,1944008,3,2005-07-31
3432,1168921,3,2003-08-06
3432,1340633,4,2003-10-21
3432,1318286,4,2005-10-31
3432,1640132,3,2003-11-14
3432,23086,2,2004-02-03
3432,2045881,4,2004-05-19
3432,1119665,3,2005-01-25
3432,1891868,4,2004-07-15
3432,1468468,3,2003-01-23
3432,2612306,4,2005-03-07
3432,1933961,5,2004-10-18
3432,319647,3,2005-01-24
3432,2281754,3,2005-09-25
3432,187848,3,2005-11-08
3432,2422572,3,2005-06-30
3432,1922435,5,2005-08-16
3432,237263,1,2005-04-21
3432,1662445,4,2005-04-27
3432,1045087,3,2004-01-06
3432,583086,3,2003-07-21
3432,1217120,3,2004-03-14
3432,517188,3,2004-10-18
3432,50400,4,2004-11-07
3432,2423634,3,2003-03-20
3432,1714427,3,2003-06-02
3432,43931,4,2003-09-19
3432,1074237,3,2005-05-22
3432,2202158,3,2005-09-26
3432,2410330,3,2004-02-03
3432,1968967,5,2003-05-14
3432,2289480,4,2003-02-12
3432,610780,2,2004-11-02
3432,320177,3,2004-11-15
3432,1259374,2,2004-09-08
3432,1555081,4,2004-12-12
3432,1112879,4,2005-02-26
3432,2448856,3,2005-04-15
3432,1669420,4,2005-05-20
3432,1040254,3,2005-05-26
3432,453549,3,2005-06-08
3432,1398420,3,2003-07-16
3432,2332186,5,2003-08-18
3432,1922916,3,2005-08-10
3432,315769,4,2004-07-29
3432,73079,3,2004-09-25
3432,2150869,3,2005-02-27
