14160,1945809,1,2002-02-24
14160,613501,3,2002-02-18
14160,577397,4,2004-09-13
14160,1256263,1,2002-03-15
14160,1276913,4,2003-08-05
14160,1258460,5,2004-01-27
14160,1907667,4,2005-08-27
14160,1765193,4,2004-10-07
14160,442739,4,2005-02-20
14160,1017542,4,2005-02-21
14160,754082,3,2005-05-04
14160,1056998,4,2005-06-22
14160,14690,3,2003-12-29
14160,1646405,5,2005-07-23
14160,931626,2,2003-09-24
14160,1351304,4,2003-12-19
14160,436529,4,2002-08-22
14160,284918,3,2003-10-17
14160,2315451,4,2004-05-10
14160,1903812,5,2004-10-18
14160,1544677,4,2005-06-09
14160,1862650,4,2005-12-08
14160,76196,2,2002-02-02
14160,92056,3,2005-08-04
14160,232549,3,2004-03-19
14160,1859725,3,2004-10-11
14160,1512547,4,2005-01-10
14160,1782010,4,2005-09-28
14160,2551764,3,2005-09-30
14160,827478,1,2004-02-07
14160,772278,4,2004-07-16
14160,2026560,5,2004-03-03
14160,22001,3,2004-10-08
14160,949186,4,2005-02-02
14160,2524741,2,2005-03-05
14160,1001935,4,2005-05-07
14160,1712923,3,2005-07-03
14160,954231,5,2005-11-22
14160,2309963,3,2005-12-09
14160,1778153,4,2005-07-17
14160,1712417,4,2003-07-22
14160,18517,3,2004-07-17
14160,1096734,2,2004-11-11
14160,2048785,5,2004-12-12
14160,975702,4,2005-02-10
14160,259713,4,2005-04-11
14160,1984086,5,2005-06-25
14160,1953537,2,2005-11-21
14160,2533515,5,2005-07-15
14160,2217731,3,2005-03-06
14160,322178,1,2005-03-17
14160,1624795,5,2005-10-12
14160,940492,4,2005-11-27
14160,2325270,4,2005-07-07
14160,1163123,3,2004-02-24
14160,2069123,4,2005-08-05
14160,177968,4,2004-09-04
14160,821329,5,2004-10-09
14160,1946921,4,2004-11-28
14160,2417642,3,2005-01-24
14160,2322688,3,2005-01-31
14160,561733,4,2005-03-10
14160,1534686,3,2005-04-11
14160,1236105,3,2005-05-23
14160,2631222,5,2005-10-21
14160,416556,3,2002-08-19
14160,2030523,5,2005-08-28
14160,1630930,3,2004-02-19
14160,513501,4,2004-03-12
14160,2088489,3,2004-09-05
14160,963962,5,2004-06-16
14160,2600558,5,2004-11-04
14160,1224299,4,2005-03-18
14160,639524,2,2005-11-01
14160,235232,5,2005-07-27
14160,534237,5,2005-08-07
14160,639194,5,2003-07-16
14160,627968,4,2004-08-17
14160,1652831,2,2003-12-23
14160,122065,5,2004-06-04
14160,176553,3,2004-02-27
14160,1282967,4,2004-08-09
14160,1439097,5,2004-07-16
14160,1267286,4,2005-03-10
14160,491331,5,2005-04-12
14160,1415619,3,2005-04-19
14160,823331,4,2005-05-19
14160,235253,4,2005-07-01
14160,245808,4,2005-09-28
14160,1970125,3,2004-06-23
14160,1673185,3,2002-07-28
14160,2602249,3,2004-06-28
14160,427928,5,2004-03-08
14160,1216585,4,2004-02-03
14160,1215491,5,2004-08-16
14160,996771,5,2004-07-08
14160,2559642,1,2004-04-09
14160,212295,4,2005-01-09
14160,808102,4,2005-05-06
14160,538214,3,2005-10-16
14160,1204543,5,2005-11-21
14160,1491583,3,2002-04-23
14160,1614266,3,2004-03-24
14160,2262490,5,2003-12-13
14160,1358681,4,2003-11-26
14160,1400056,5,2005-08-22
14160,1027819,2,2003-08-05
14160,2229308,5,2003-10-20
14160,2082951,3,2004-07-06
14160,654334,2,2005-03-11
14160,1119278,1,2005-12-11
14160,512295,3,2005-12-12
14160,2298830,5,2005-08-04
14160,2351327,3,2004-07-06
14160,2123560,3,2004-03-01
14160,1367807,4,2005-08-24
14160,680897,5,2004-09-12
14160,2537822,4,2004-03-20
14160,1733188,3,2005-02-01
14160,1197233,1,2005-02-17
14160,559369,4,2005-05-05
14160,985932,3,2005-09-17
14160,1080872,5,2005-11-14
14160,816549,1,2001-12-25
14160,184129,5,2005-08-10
14160,1398918,3,2003-07-25
14160,2252423,1,2003-10-22
14160,1440664,3,2004-09-16
14160,1179117,2,2005-01-20
14160,1466320,4,2005-04-25
14160,407290,4,2005-05-08
14160,1321396,5,2005-07-27
14160,2102030,4,2003-11-06
14160,1614636,4,2005-08-19
14160,370013,1,2004-03-02
14160,396400,3,2004-09-08
14160,2080644,4,2005-03-06
14160,1947730,5,2005-06-30
14160,117802,3,2005-09-15
14160,1161725,3,2005-10-19
14160,1019347,4,2005-07-09
14160,1751426,3,2004-05-27
14160,524315,1,2004-07-27
14160,2204068,3,2003-06-27
14160,1732859,4,2004-07-03
14160,776076,4,2003-09-18
14160,2209786,5,2004-11-19
14160,2557544,5,2004-12-13
14160,1897497,4,2004-12-22
14160,2640818,3,2005-03-15
14160,1637761,2,2005-04-12
14160,468908,5,2005-04-27
14160,401047,1,2005-06-01
14160,2470194,3,2005-06-17
14160,2544332,5,2005-09-25
14160,1941091,5,2005-11-18
14160,1087516,2,2005-07-11
14160,1025141,2,2002-04-26
14160,420350,4,2002-03-06
14160,1237674,1,2002-09-22
14160,1090734,4,2002-10-02
14160,325794,4,2004-07-16
14160,1139196,3,2004-07-12
14160,2495094,3,2004-09-06
14160,1929949,4,2005-05-26
14160,424851,4,2005-06-29
14160,130406,5,2005-11-18
14160,178860,5,2005-07-26
14160,2216056,3,2005-07-28
14160,2495584,3,2005-08-06
14160,2407582,3,2005-09-05
14160,923889,1,2004-04-11
14160,689758,5,2004-05-02
14160,2042561,5,2005-03-31
14160,183754,3,2005-07-03
14160,1892529,5,2005-09-28
14160,1630967,4,2005-10-13
14160,907525,3,2005-10-25
14160,2595747,3,2003-06-30
14160,767537,3,2003-12-29
14160,2301698,3,2004-02-28
14160,2321370,4,2004-06-22
14160,2042189,2,2004-10-28
14160,146650,3,2005-07-06
14160,1259696,3,2002-10-20
14160,1233464,4,2002-05-23
14160,2406150,4,2004-07-23
14160,1296969,3,2003-12-29
14160,199974,5,2003-10-24
14160,1789485,3,2005-10-12
14160,23421,3,2005-12-31
14160,1551276,2,2002-08-02
14160,2568773,4,2005-07-22
14160,1508003,3,2005-07-31
14160,620719,3,2002-11-12
14160,2299217,5,2003-08-07
14160,813811,3,2004-09-12
14160,1046782,4,2004-06-20
14160,1298304,4,2004-09-19
14160,1613882,4,2004-11-01
14160,493082,3,2004-12-14
14160,2465236,3,2005-01-07
14160,1041817,1,2005-03-19
14160,962384,1,2005-09-21
14160,1450629,5,2005-11-15
14160,1810074,4,2005-11-18
14160,745695,4,2005-12-28
14160,1344349,4,2002-05-21
14160,955706,4,2003-07-16
14160,604949,3,2004-09-19
14160,1079602,4,2004-12-15
14160,1225327,4,2005-01-03
14160,663412,5,2005-04-03
14160,2253337,4,2005-06-12
14160,1957216,4,2005-09-27
14160,2233782,3,2005-10-06
14160,2266138,3,2002-07-29
14160,2138757,3,2003-12-14
14160,1410885,5,2005-02-18
14160,2462343,4,2005-05-26
14160,1925885,2,2005-09-11
14160,185438,3,2005-09-12
14160,1083971,3,2004-03-21
14160,16029,4,2005-07-22
14160,1423249,4,2005-07-25
14160,435850,3,2004-01-08
14160,2640550,5,2004-06-14
14160,2502454,1,2004-02-17
14160,2147640,1,2004-09-20
14160,668921,3,2004-11-09
14160,1321296,4,2004-12-01
14160,1982265,2,2004-12-21
14160,654338,4,2005-05-02
14160,1347949,5,2005-05-03
14160,852657,5,2005-05-17
14160,1182004,4,2005-10-31
14160,917647,3,2004-04-13
14160,1833866,3,2005-08-04
14160,1332983,1,2004-02-14
14160,145490,2,2005-01-30
14160,2414176,5,2005-03-13
14160,1718511,3,2005-04-24
14160,1251388,3,2005-12-08
14160,2569992,4,2004-09-02
14160,2064041,5,2003-11-05
14160,609084,4,2004-05-14
14160,2024166,2,2004-10-02
14160,2491948,3,2004-11-05
14160,473452,4,2004-11-08
14160,976936,5,2004-11-26
14160,727242,1,2005-01-04
14160,1182454,3,2005-05-01
14160,883478,2,2005-10-10
14160,1755552,4,2005-10-15
14160,401707,3,2002-02-05
14160,884944,3,2002-10-24
14160,205890,2,2002-08-30
14160,2294328,4,2003-12-01
14160,2043148,2,2004-05-19
14160,2443784,4,2003-08-04
14160,1932270,2,2004-03-26
14160,1925969,3,2004-10-25
14160,235789,4,2004-10-27
14160,512303,3,2004-12-28
14160,1315654,4,2005-01-10
14160,2327309,3,2005-01-19
14160,551974,5,2005-02-07
14160,2002998,3,2005-10-06
14160,1725009,3,2005-10-19
14160,420703,4,2004-05-03
14160,1088457,3,2004-09-14
14160,190286,3,2003-07-26
14160,1531065,4,2004-03-28
14160,459940,5,2003-10-11
14160,996411,2,2004-05-07
14160,1638551,4,2004-07-05
14160,1490218,3,2004-09-27
14160,2315038,4,2005-01-03
14160,1163345,3,2005-07-18
14160,1272379,1,2002-01-16
14160,2037390,5,2005-07-19
14160,358765,4,2004-02-19
14160,482276,2,2004-08-05
14160,830370,3,2004-11-22
14160,767976,4,2004-12-13
14160,1944765,4,2005-09-24
14160,1579616,5,2005-11-30
14160,1581429,5,2005-07-18
14160,2035299,3,2005-07-24
14160,2090384,3,2003-05-23
14160,1042614,3,2004-02-20
14160,1501287,3,2003-11-11
14160,519965,3,2004-09-05
14160,20392,5,2004-09-09
14160,1320209,4,2004-01-12
14160,977533,3,2004-03-20
14160,2329026,3,2004-05-06
14160,2308912,3,2004-10-29
14160,2318597,3,2005-04-23
14160,1357688,4,2005-10-12
14160,1140054,3,2005-10-12
14160,612729,3,2004-02-08
14160,1679745,2,2004-03-25
14160,564002,1,2005-01-28
14160,1309088,1,2005-01-31
14160,991671,5,2005-03-14
14160,1874777,5,2005-03-17
14160,2466815,2,2005-04-03
14160,2100574,5,2005-11-01
14160,2227804,3,2005-11-29
14160,757907,5,2005-11-30
14160,1775398,5,2005-12-20
14160,1928617,4,2003-06-30
14160,2417957,4,2005-08-30
14160,1311189,2,2003-10-30
14160,2648734,3,2004-03-12
14160,887047,2,2004-04-13
14160,1719610,4,2004-07-17
14160,770469,3,2004-10-21
14160,2220106,5,2005-01-12
14160,2584591,5,2005-06-22
14160,1317589,3,2005-09-09
14160,396132,3,2005-09-10
14160,686197,2,2005-09-21
14160,1761340,4,2005-11-01
14160,1687310,5,2002-07-03
14160,636262,3,2005-08-22
14160,129409,1,2004-02-16
14160,1305391,2,2004-04-11
14160,2538668,1,2004-08-31
14160,1015321,3,2004-11-02
14160,1561764,1,2005-01-19
14160,2008455,5,2005-04-27
14160,1408341,4,2005-06-27
14160,811661,4,2005-09-14
14160,1557743,5,2005-09-20
14160,474539,4,2005-10-14
14160,62108,5,2005-12-14
14160,491293,5,2005-07-14
14160,504211,4,2002-02-24
14160,1474804,4,2003-06-14
14160,1674407,3,2004-09-07
14160,302479,4,2003-07-16
14160,1727342,4,2003-12-17
14160,1713284,4,2003-11-03
14160,1954943,5,2005-01-10
14160,974823,3,2005-01-19
14160,2257291,4,2005-01-19
14160,622370,4,2005-06-23
14160,2483842,4,2005-10-01
14160,1564978,4,2002-01-06
14160,524672,3,2003-08-02
14160,2593882,1,2003-07-17
14160,1760220,3,2004-01-14
14160,2062350,4,2004-12-10
14160,72095,5,2005-03-09
14160,1089687,2,2005-05-25
14160,572975,5,2005-06-08
14160,2193613,5,2005-06-16
14160,582118,3,2005-09-24
14160,124728,5,2005-10-22
14160,786434,5,2005-10-23
14160,1605122,3,2002-03-10
14160,161144,4,2005-07-11
14160,2379951,5,2002-11-29
14160,2139645,1,2002-07-29
14160,834724,5,2004-02-09
14160,923310,4,2003-02-13
14160,1741931,5,2004-06-17
14160,345793,5,2004-09-30
14160,2187741,3,2004-11-18
14160,2077168,5,2005-01-24
14160,555955,4,2005-03-08
14160,1819462,1,2005-04-27
14160,2319473,5,2005-04-30
14160,1739615,3,2005-06-29
14160,2630337,5,2005-12-28
14160,530789,5,2005-07-22
14160,2439493,1,2003-05-24
14160,2495043,5,2005-08-31
14160,1163091,5,2003-11-21
14160,710385,4,2004-10-07
14160,1221986,4,2004-07-22
14160,315701,3,2004-11-09
14160,621815,3,2005-06-17
14160,2121338,5,2005-10-21
14160,1778866,1,2005-11-09
14160,676587,4,2005-08-04
14160,1017698,3,2005-08-16
14160,787558,3,2005-08-24
14160,1509078,3,2004-02-13
14160,1724936,4,2004-04-01
14160,146462,5,2004-04-14
14160,1520549,3,2004-09-12
14160,971994,4,2005-04-03
14160,2101854,5,2005-04-15
14160,147386,4,2005-06-26
14160,1201382,1,2002-03-21
14160,869373,4,2002-02-24
14160,1253619,3,2005-08-21
14160,1070389,4,2005-08-26
14160,1339784,5,2004-04-19
14160,2185614,5,2004-09-17
14160,620643,3,2004-10-06
14160,1549684,3,2004-12-27
14160,612653,3,2005-06-24
14160,775798,4,2005-06-25
14160,164668,2,2005-09-21
14160,239875,4,2005-07-24
14160,1437150,5,2004-04-19
14160,124699,3,2003-05-27
14160,1141718,3,2005-08-29
14160,1885459,5,2004-02-07
14160,72541,3,2004-05-10
14160,1995124,5,2004-10-01
14160,238740,3,2004-10-27
14160,83366,5,2004-11-01
14160,234250,4,2004-11-15
14160,1046567,4,2005-03-08
14160,1083181,5,2005-03-21
14160,1806991,2,2005-05-02
14160,504288,5,2005-06-10
14160,176377,5,2005-09-19
14160,671440,3,2005-10-10
14160,523416,4,2005-10-15
14160,2072280,5,2005-11-01
14160,1120476,5,2005-11-22
14160,1762761,2,2004-06-25
14160,735636,5,2004-02-18
14160,2543844,3,2005-08-12
14160,290700,3,2005-03-09
14160,1959185,3,2005-08-10
14160,754884,4,2005-08-18
14160,1278643,5,2004-02-08
14160,355966,2,2004-01-06
14160,2605418,2,2004-04-19
14160,817339,4,2004-09-09
14160,1183174,3,2004-12-16
14160,2407889,2,2004-12-18
14160,927786,4,2005-02-08
14160,1939431,3,2005-03-05
14160,1638241,3,2005-03-09
14160,1597885,3,2005-04-27
14160,2409746,4,2005-05-26
14160,2505894,4,2005-09-29
14160,2286536,4,2005-11-29
14160,2335153,4,2002-01-16
14160,933416,5,2002-02-09
14160,1918704,4,2004-03-15
14160,1824432,4,2003-12-04
14160,46929,3,2003-12-23
14160,2063888,4,2004-05-03
14160,1862727,1,2004-09-11
14160,1639014,5,2004-11-01
14160,1964980,3,2005-01-30
14160,1913414,5,2005-04-17
14160,1509725,3,2005-06-07
14160,1570292,3,2005-09-23
14160,1644628,4,2005-10-10
14160,2243690,1,2005-12-29
14160,2204276,2,2002-03-20
14160,2128440,4,2004-06-09
14160,211166,2,2004-06-13
14160,1738869,5,2005-01-04
14160,2266350,1,2005-03-17
14160,1851320,3,2005-04-06
14160,1928290,3,2005-04-12
14160,263291,3,2005-05-22
14160,1759783,3,2005-06-25
14160,1410169,4,2005-06-27
14160,2401475,2,2005-09-14
14160,99400,5,2005-09-16
14160,684876,5,2005-10-19
14160,1548625,5,2002-01-27
14160,1291034,4,2005-07-21
14160,2589277,2,2004-02-06
14160,1473980,3,2005-08-30
14160,2488357,5,2004-06-11
14160,724560,2,2004-09-04
14160,342343,4,2004-02-21
14160,2523426,3,2004-06-23
14160,1869082,3,2004-11-12
14160,282640,5,2004-12-31
14160,1507017,3,2005-02-28
14160,1729265,4,2005-03-28
14160,2258349,3,2005-04-15
14160,680148,4,2005-05-09
14160,1964931,3,2005-10-07
14160,302344,4,2005-11-13
14160,87360,5,2004-03-31
14160,2289956,4,2004-04-29
14160,1090820,4,2005-08-15
14160,2588510,5,2003-09-16
14160,2056360,3,2004-03-21
14160,936108,3,2004-08-23
14160,1567207,5,2004-08-19
14160,2040859,1,2004-11-23
14160,917311,4,2005-01-20
14160,728679,5,2005-04-16
14160,1555693,4,2005-09-21
14160,117567,2,2005-07-19
14160,304579,2,2002-06-25
14160,2482190,3,2003-08-05
14160,1939974,4,2003-10-27
14160,15880,3,2004-07-07
14160,216312,3,2004-09-07
14160,1275277,4,2004-10-05
14160,2323671,4,2005-02-16
14160,1531029,1,2005-02-21
14160,644453,3,2005-04-22
14160,1906808,3,2005-12-12
14160,2631054,2,2003-10-22
14160,2128115,5,2002-03-07
14160,305765,4,2004-04-24
14160,659029,2,2004-12-08
14160,1072851,5,2004-12-18
14160,2417804,4,2004-12-21
14160,201663,4,2005-02-01
14160,1262679,4,2005-02-06
14160,1990616,3,2005-02-08
14160,959443,5,2005-03-04
14160,1335295,2,2005-03-11
14160,1754852,3,2005-07-20
14160,1993440,3,2004-03-13
14160,53992,4,2004-06-12
14160,2566842,3,2004-05-15
14160,2262169,4,2004-09-07
14160,1116129,3,2004-11-26
14160,536826,3,2005-01-25
14160,348332,5,2005-07-20
14160,2254307,5,2004-05-23
14160,524163,3,2004-06-01
14160,127581,4,2005-01-24
14160,2177165,4,2005-03-15
14160,291198,3,2005-04-19
14160,2315439,4,2005-06-23
14160,619676,3,2005-09-20
14160,1725399,5,2005-10-22
14160,841247,5,2005-11-03
14160,2222083,5,2005-12-08
14160,149042,5,2005-07-15
14160,1810670,4,2003-09-08
14160,1947754,5,2004-04-27
14160,952156,3,2004-03-21
14160,407037,5,2004-11-10
14160,1314740,3,2005-01-05
14160,2465337,2,2005-03-13
14160,1438147,5,2005-05-19
14160,444229,3,2005-09-27
14160,1433547,2,2003-08-05
14160,943915,5,2004-09-07
14160,1846965,3,2002-08-17
14160,1777406,1,2002-10-23
14160,2169106,5,2005-08-22
14160,1036594,2,2004-04-05
14160,1485312,3,2004-03-16
14160,1838682,4,2004-05-13
14160,852389,4,2004-09-29
14160,1088976,3,2004-11-13
14160,159681,4,2004-11-27
14160,1903324,1,2004-12-08
14160,1527279,5,2005-05-13
14160,676718,3,2005-05-28
14160,1901089,5,2005-10-23
14160,847232,1,2002-10-23
14160,1141334,3,2003-08-03
14160,988972,5,2004-10-17
14160,1149473,4,2005-01-22
14160,2332009,4,2005-02-05
14160,759495,1,2005-03-10
14160,2424683,4,2005-03-28
14160,254490,4,2005-06-14
14160,1396036,4,2005-06-18
14160,156848,3,2005-09-14
14160,1552829,4,2005-12-20
14160,1825276,4,2005-12-30
14160,1837128,5,2005-07-07
14160,1517590,2,2003-09-25
14160,473884,4,2001-12-18
14160,998165,4,2005-07-31
14160,1919401,5,2004-07-16
14160,638651,5,2003-11-29
14160,965104,3,2004-06-22
14160,128389,4,2004-04-21
14160,276272,3,2005-03-27
14160,212023,3,2005-02-03
14160,52000,4,2005-03-02
14160,1135025,4,2005-05-18
14160,1899162,2,2004-05-06
14160,1443417,5,2003-02-18
14160,1362612,3,2004-05-04
14160,2512128,4,2004-05-06
14160,1556993,5,2004-07-12
14160,2197982,4,2004-08-19
14160,2638532,3,2004-10-16
14160,1060057,3,2005-01-05
14160,676123,4,2005-06-09
14160,2574924,4,2005-09-12
14160,972914,5,2005-07-13
14160,73989,4,2003-11-25
14160,2129837,4,2004-09-01
14160,1430258,4,2005-08-23
14160,388514,5,2004-02-04
14160,1563196,3,2004-03-29
14160,454528,5,2004-09-30
14160,2186639,5,2004-10-19
14160,353844,5,2005-06-15
14160,617031,4,2005-12-12
14160,1946601,2,2002-06-11
14160,1876520,1,2002-05-03
14160,401748,5,2004-04-13
14160,2070851,5,2005-08-30
14160,1160950,4,2004-05-19
14160,1809912,4,2004-04-15
14160,514036,3,2005-04-12
14160,1933832,3,2002-04-18
14160,865657,4,2005-08-05
14160,942007,2,2005-08-15
14160,1909219,2,2003-07-30
14160,881355,3,2003-08-09
14160,218391,5,2005-09-04
14160,1281114,4,2004-03-16
14160,493441,3,2003-11-04
14160,713582,1,2004-06-09
14160,2587440,4,2004-06-26
14160,2172797,4,2004-10-11
14160,236815,3,2004-10-25
14160,377071,5,2004-11-10
14160,2352305,3,2005-01-20
14160,530664,3,2005-03-02
14160,1460326,4,2005-03-16
14160,1611056,2,2005-04-16
14160,1504705,3,2005-07-03
14160,1163442,5,2005-09-28
14160,790870,3,2005-10-13
14160,1889330,3,2005-10-21
14160,1705743,4,2005-07-18
14160,922332,4,2002-06-17
14160,1149181,5,2005-08-03
14160,2376951,5,2005-08-09
14160,1030682,5,2004-08-22
14160,842628,4,2004-02-24
14160,2334642,3,2004-10-22
14160,1476432,4,2004-11-29
14160,1816177,4,2005-03-06
14160,1352422,3,2005-05-07
14160,844335,4,2005-05-12
14160,835265,4,2005-11-24
14160,1769674,3,2005-11-26
14160,2299951,4,2002-01-19
14160,2427474,4,2004-09-08
14160,596918,5,2004-06-28
14160,537601,3,2005-04-05
14160,1396837,2,2005-05-20
14160,1816890,5,2005-05-25
14160,1453878,2,2005-09-24
14160,2401052,3,2005-07-18
14160,682970,3,2002-01-13
14160,2613474,3,2003-07-16
14160,1964735,5,2004-05-03
14160,639602,5,2004-02-07
14160,1897621,3,2004-11-10
14160,1688274,4,2005-01-05
14160,217747,4,2005-02-22
14160,1711346,5,2005-04-17
14160,166897,4,2005-09-12
14160,842574,2,2002-06-13
14160,2648178,4,2004-08-23
14160,2092609,4,2004-10-04
14160,1123324,4,2004-11-11
14160,810432,3,2005-05-24
14160,414994,5,2005-09-06
14160,777619,3,2005-10-04
14160,1375660,5,2005-10-21
14160,556247,5,2005-10-28
14160,546397,3,2004-04-03
14160,1305946,5,2002-02-14
14160,775171,1,2002-11-15
14160,2294531,4,2003-06-29
14160,1171248,3,2004-09-27
14160,952582,4,2004-10-26
14160,385974,4,2004-11-23
14160,1997685,3,2004-11-26
14160,330282,3,2005-06-21
14160,2331318,4,2005-07-02
14160,2529214,4,2005-12-07
14160,1928961,5,2002-12-03
14160,1570952,4,2002-10-03
14160,771467,3,2004-06-11
14160,1628357,5,2004-09-16
14160,977494,4,2004-03-25
14160,2595479,2,2004-09-08
14160,1805737,2,2004-07-12
14160,479146,3,2004-12-30
14160,330340,5,2005-10-05
14160,1261247,4,2005-10-09
14160,1144950,5,2002-01-13
14160,1691189,3,2002-04-04
14160,842785,5,2003-07-22
14160,2029979,1,2004-04-23
14160,184705,3,2004-11-18
14160,998104,4,2005-04-16
14160,1229558,3,2005-06-26
14160,1699114,4,2005-10-22
14160,1332107,4,2005-08-01
14160,1169583,5,2005-02-19
14160,1378633,4,2004-02-23
14160,155335,5,2004-03-05
14160,2165418,1,2004-06-30
14160,355195,4,2004-03-13
14160,374380,5,2004-09-10
14160,2531429,4,2004-11-12
14160,2217321,3,2005-01-03
14160,1035775,4,2005-01-11
14160,507603,1,2005-03-23
14160,154009,4,2005-04-26
14160,1763979,2,2005-07-05
14160,1943141,4,2002-02-11
14160,183845,4,2003-09-06
14160,2641668,4,2002-06-30
14160,824281,4,2004-05-05
14160,687648,2,2004-05-10
14160,1371764,4,2004-09-16
14160,1119453,4,2004-02-16
14160,1620322,4,2004-09-03
14160,2568245,4,2004-09-29
14160,2347003,3,2004-12-28
14160,2261989,3,2005-04-04
14160,2487903,4,2005-06-19
14160,342274,3,2005-06-20
14160,1609424,5,2005-10-23
14160,134707,5,2005-10-28
14160,1322587,4,2005-12-16
14160,57691,3,2002-07-02
14160,341649,3,2004-01-04
14160,681056,4,2003-07-28
14160,1508976,2,2003-07-24
14160,1744446,5,2004-08-26
14160,1511096,3,2004-09-28
14160,2220082,4,2004-10-26
14160,1540369,5,2004-12-12
14160,1327129,4,2005-04-06
14160,1819879,5,2005-07-08
14160,416443,3,2003-11-13
14160,495542,1,2004-01-01
14160,129796,5,2004-07-05
14160,74175,5,2004-12-17
14160,680736,3,2005-04-06
14160,936093,4,2005-06-06
14160,1044742,5,2005-11-15
14160,1703885,4,2005-11-27
14160,756359,4,2005-07-13
14160,690331,5,2002-01-07
14160,368756,1,2003-06-27
14160,1979488,3,2002-04-24
14160,2453282,2,2004-04-27
14160,2444087,4,2004-09-21
14160,972986,5,2005-01-31
14160,463397,1,2005-03-15
14160,2461682,4,2005-04-06
14160,1308269,3,2005-09-19
14160,664790,3,2005-10-29
14160,2468448,1,2005-12-26
14160,292051,1,2005-12-29
14160,847550,3,2005-07-17
14160,2083367,4,2002-11-13
14160,437371,4,2002-08-13
14160,2260832,1,2002-10-12
14160,517530,5,2005-08-26
14160,1432909,4,2003-06-23
14160,1777133,3,2004-08-09
14160,2067972,4,2004-09-06
14160,1707099,3,2004-11-23
14160,1029026,5,2005-01-19
14160,1856979,3,2005-03-02
14160,211969,4,2005-04-18
14160,1744520,5,2005-06-19
14160,1243562,4,2005-09-07
14160,1816197,5,2005-10-10
14160,1207104,5,2005-11-22
14160,2212241,5,2005-12-09
14160,1536949,5,2004-05-03
14160,544925,4,2004-09-14
14160,925365,2,2005-02-04
14160,1762140,5,2005-02-24
14160,175902,5,2005-04-29
14160,1435077,4,2005-09-13
14160,1181013,3,2003-06-21
14160,1590568,1,2003-07-11
14160,1294790,4,2002-03-30
14160,731592,3,2004-01-01
14160,308422,4,2004-04-12
14160,1521774,4,2004-03-29
14160,743598,3,2004-06-14
14160,491650,5,2004-07-27
14160,1538160,3,2004-10-21
14160,2311755,5,2004-10-28
14160,390312,4,2005-06-20
14160,1914173,4,2005-09-25
14160,1746378,3,2005-10-27
14160,520283,3,2005-07-11
14160,481079,3,2002-03-13
14160,2601526,5,2004-06-14
14160,1835142,2,2003-08-06
14160,377937,1,2004-03-01
14160,157667,4,2005-03-26
14160,1586221,4,2004-09-22
14160,423000,5,2004-10-26
14160,406090,4,2005-01-22
14160,2175999,3,2005-02-10
14160,1614728,4,2005-04-20
14160,2118571,5,2005-04-26
14160,1734,3,2005-04-30
14160,2369194,5,2005-06-16
14160,557143,3,2005-09-21
14160,2371791,3,2002-04-30
14160,734544,4,2003-09-17
14160,1795626,5,2005-08-13
14160,1371541,3,2003-08-10
14160,2478523,3,2004-02-24
14160,1309414,1,2004-06-09
14160,432532,3,2004-10-05
14160,1995099,5,2004-12-08
14160,1138131,3,2005-02-08
14160,2087499,3,2005-11-19
14160,2104457,4,2005-12-07
14160,705605,3,2004-04-26
14160,926643,3,2002-05-14
14160,425179,1,2002-03-13
14160,772534,4,2005-07-24
14160,1072312,4,2004-07-17
14160,928500,4,2005-05-11
14160,367730,4,2005-06-11
14160,1438622,2,2005-06-16
14160,1365015,4,2005-09-15
14160,2372856,4,2005-10-07
14160,1664010,5,2005-10-12
14160,1663724,5,2005-10-23
14160,1948786,1,2005-07-10
14160,1128144,3,2003-06-17
14160,953043,3,2005-08-12
14160,240888,5,2003-12-17
14160,1229119,5,2004-12-30
14160,1919580,3,2005-04-05
14160,684098,4,2005-04-10
14160,2493804,3,2005-05-04
14160,2526544,3,2005-10-04
14160,57816,5,2002-10-31
14160,1028857,4,2004-05-03
14160,1808648,4,2004-03-21
14160,2185396,2,2003-08-25
14160,973335,3,2003-09-08
14160,196208,5,2004-11-19
14160,285975,4,2005-02-12
14160,27373,5,2005-04-12
14160,1126555,5,2005-06-12
14160,1334791,5,2005-10-10
14160,225729,3,2005-11-05
14160,1935981,4,2005-12-28
14160,116104,4,2002-10-23
14160,183678,4,2005-08-16
14160,507094,3,2004-09-05
14160,1765771,4,2004-10-06
14160,1662098,3,2005-01-09
14160,1075807,4,2005-01-30
14160,2040183,5,2005-05-18
14160,2205125,5,2005-10-11
14160,1640546,3,2002-01-24
14160,2546721,5,2002-10-04
14160,406841,3,2003-03-26
14160,1938686,3,2005-09-04
14160,1508444,4,2004-06-29
14160,1830559,3,2004-07-24
14160,309842,1,2005-05-14
14160,1818447,3,2005-06-14
14160,2029403,5,2005-06-26
14160,1469949,5,2005-09-15
14160,345953,5,2005-11-17
14160,519761,1,2001-12-19
14160,1269330,4,2002-08-30
14160,2182331,3,2002-07-10
14160,2269480,3,2005-08-06
14160,848496,4,2004-02-09
14160,616881,1,2004-04-05
14160,42773,1,2004-08-31
14160,373905,5,2004-01-04
14160,2241810,2,2005-08-27
14160,909744,4,2003-11-12
14160,1033461,1,2004-05-24
14160,1622150,3,2004-05-02
14160,455024,4,2004-06-04
14160,809354,5,2005-05-19
14160,2324813,4,2005-06-21
14160,862596,1,2005-09-17
14160,2119135,4,2002-02-13
14160,190282,4,2004-09-07
14160,1353162,4,2003-12-05
14160,2545316,4,2002-12-04
14160,2250305,3,2005-08-05
14160,1091276,4,2004-01-15
14160,444934,5,2004-08-13
14160,2415423,3,2005-08-10
14160,219746,5,2004-01-02
14160,1942192,5,2004-09-13
14160,1268751,5,2004-09-12
14160,1057056,5,2005-10-04
14160,2158839,4,2002-02-02
14160,1587710,4,2002-08-15
14160,374120,5,2005-08-02
14160,1610234,3,2005-08-17
14160,2268553,4,2004-05-22
14160,2623235,5,2004-03-22
14160,2342836,4,2004-10-17
14160,2418454,3,2004-10-25
14160,2527322,1,2004-12-03
14160,1841056,3,2005-03-06
14160,1328628,4,2005-03-09
14160,674346,4,2005-04-04
14160,1425274,5,2005-05-03
14160,734172,4,2005-09-15
14160,269340,5,2005-09-17
14160,2101921,4,2005-11-01
14160,1312635,2,2002-04-25
14160,1190091,3,2002-06-21
14160,1865788,4,2003-10-27
14160,1510806,4,2004-05-31
14160,1763879,1,2004-01-22
14160,1393450,4,2004-03-16
14160,493863,3,2004-08-30
14160,2467784,2,2005-03-05
14160,2548441,4,2005-03-14
14160,2094269,5,2005-03-22
14160,649060,3,2005-05-12
14160,1167060,4,2005-07-01
14160,1053165,3,2005-10-15
14160,280261,3,2005-10-19
14160,1677588,1,2002-01-29
14160,1374952,4,2004-03-15
14160,1691554,2,2003-12-28
14160,2294923,4,2005-08-16
14160,960869,4,2004-10-05
14160,1102887,3,2004-12-07
14160,1534898,1,2005-03-23
14160,2072545,5,2005-06-03
14160,477254,1,2005-12-21
14160,1097058,4,2005-12-29
14160,674050,3,2002-03-15
14160,1276267,3,2004-12-04
14160,1967707,3,2005-08-10
14160,1784723,4,2004-09-03
14160,361215,4,2005-08-25
14160,166345,4,2004-02-05
14160,732571,5,2004-08-19
14160,160449,3,2005-01-07
14160,2447746,4,2005-03-21
14160,2300028,3,2005-06-01
14160,682914,5,2005-10-27
14160,2246248,4,2005-07-10
14160,1351714,5,2005-07-10
14160,1895929,4,2002-05-21
14160,1458266,4,2004-12-04
14160,949206,4,2002-01-23
14160,993550,4,2002-03-05
14160,1851429,3,2002-05-04
14160,1026933,5,2004-09-12
14160,1014626,4,2005-08-07
14160,2105437,3,2004-07-29
14160,1076126,3,2003-12-09
14160,2278159,2,2004-07-08
14160,1178846,3,2004-09-17
14160,551984,3,2005-03-12
14160,1015570,3,2005-06-03
14160,560960,4,2005-10-17
14160,496440,2,2005-10-18
14160,1691893,3,2005-10-24
14160,2239537,4,2005-11-30
14160,862040,4,2002-02-28
14160,2333383,4,2004-02-04
14160,1619830,1,2002-01-29
14160,1301764,5,2004-02-09
14160,2005941,5,2003-07-22
14160,705166,3,2004-03-24
14160,1236683,5,2004-02-06
14160,2085147,5,2004-12-26
14160,1737088,3,2005-03-10
14160,2360090,5,2005-03-22
14160,1094767,3,2005-11-14
14160,1352074,4,2005-11-17
14160,972267,2,2005-12-20
14160,1535722,4,2004-08-20
14160,2017089,4,2004-02-09
14160,230866,5,2004-05-03
14160,1452061,4,2003-11-06
14160,943357,2,2003-08-25
14160,1366996,5,2004-06-09
14160,1688707,4,2004-09-08
14160,2504353,3,2004-10-25
14160,1772215,4,2005-02-01
14160,2286756,4,2005-04-17
14160,400162,5,2005-05-11
14160,1389207,4,2005-09-12
14160,2132950,4,2005-09-14
14160,2555100,1,2004-01-10
14160,1816622,4,2005-08-16
14160,1660605,5,2003-04-28
14160,1896561,4,2004-05-29
14160,1236929,3,2005-01-31
14160,2470428,1,2004-11-11
14160,2495164,4,2005-05-13
14160,2564142,5,2005-06-04
14160,367840,3,2005-09-26
14160,2118083,3,2005-10-05
14160,256265,5,2005-12-24
14160,336239,2,2002-01-31
14160,282810,1,2003-04-11
14160,1924639,5,2002-07-07
14160,956623,5,2002-08-19
14160,1444057,3,2004-03-25
14160,1821474,2,2003-09-09
14160,684531,3,2003-11-25
14160,750677,4,2004-04-19
14160,423715,5,2004-01-05
14160,2527129,1,2004-03-18
14160,1342363,3,2004-11-09
14160,224795,2,2004-11-20
14160,1316555,4,2004-12-28
14160,655433,5,2005-10-08
14160,268405,5,2005-11-24
14160,1315344,2,2003-08-05
14160,1691088,3,2002-02-26
14160,465497,3,2004-01-02
14160,809974,3,2004-03-14
14160,1802874,3,2004-04-01
14160,1525399,3,2004-10-17
14160,2132474,1,2004-10-29
14160,273251,5,2005-01-20
14160,896713,5,2005-02-24
14160,1935793,1,2005-03-23
14160,30751,4,2005-04-08
14160,350415,5,2005-06-08
14160,1189060,3,2005-09-21
14160,665252,3,2005-10-23
14160,1370013,3,2005-07-20
14160,2555614,5,2004-04-28
14160,762525,3,2004-08-09
14160,2002676,3,2004-04-29
14160,1132203,3,2004-11-27
14160,829075,3,2004-12-28
14160,2037986,4,2005-02-03
14160,1296744,2,2005-02-09
14160,1976115,4,2005-04-29
14160,970306,4,2005-06-01
14160,1607163,3,2005-06-22
14160,71594,3,2002-01-24
14160,2583078,1,2005-07-21
14160,177004,4,2003-10-05
14160,1816884,3,2004-06-15
14160,28277,4,2004-03-21
14160,707012,2,2004-06-05
14160,1773234,3,2004-08-11
14160,2252611,3,2004-03-22
14160,1370805,4,2004-10-23
14160,299601,4,2005-01-26
14160,55760,5,2005-10-25
14160,2647661,3,2002-04-21
14160,1831001,4,2002-06-08
14160,1231864,4,2003-11-20
14160,1792356,3,2004-10-05
14160,2455393,4,2005-02-01
14160,1651650,4,2005-04-11
14160,2481257,5,2005-05-19
14160,2519583,5,2005-07-03
14160,2542901,3,2005-11-04
14160,795714,4,2002-08-19
14160,1038389,5,2004-04-02
14160,1705822,5,2004-03-08
14160,2049319,5,2003-05-28
14160,2593752,4,2004-07-07
14160,936567,4,2005-08-19
14160,523543,5,2004-07-18
14160,2291306,1,2004-02-19
14160,391294,2,2004-09-05
14160,1689683,2,2005-05-04
14160,2033774,4,2005-05-26
14160,1074135,2,2005-11-01
14160,588392,1,2005-11-28
14160,225691,5,2005-07-11
14160,786982,5,2004-09-02
14160,2356782,3,2005-04-06
14160,719401,5,2005-01-20
14160,2234279,3,2005-02-06
14160,1893662,4,2005-04-13
14160,1502394,3,2005-09-26
14160,1676373,5,2005-11-30
14160,304079,3,2005-12-08
14160,1690257,4,2005-07-11
14160,1238184,1,2002-03-19
14160,792085,4,2004-07-02
14160,1745045,4,2004-01-23
14160,542775,1,2004-09-29
14160,2225743,1,2005-03-28
14160,1569028,4,2005-05-18
14160,1054188,5,2005-11-04
14160,1418917,3,2005-07-26
14160,877320,3,2005-08-27
14160,274070,4,2004-08-27
14160,593222,5,2005-02-27
14160,695138,2,2005-11-29
14160,1048629,5,2004-02-05
14160,2570992,2,2004-02-20
14160,1424177,3,2005-02-11
14160,230112,1,2004-07-03
14160,1522923,5,2004-04-23
14160,510589,4,2004-09-07
14160,1727443,4,2004-10-31
14160,2020353,4,2004-11-25
14160,467596,5,2004-11-29
14160,1490538,4,2005-02-09
14160,606827,5,2005-06-10
14160,2167091,5,2005-06-22
14160,2453341,5,2005-06-28
14160,2209788,4,2005-09-17
14160,1995860,3,2002-01-15
14160,136818,4,2005-07-31
14160,2534061,2,2003-05-28
14160,1705149,2,2005-08-18
14160,2184041,2,2004-03-29
14160,271921,3,2005-09-10
14160,2428998,3,2003-10-15
14160,2328511,3,2005-01-05
14160,2471478,4,2005-01-10
14160,148571,3,2005-01-26
14160,1556831,3,2005-02-03
14160,2223968,5,2005-03-17
14160,2207407,4,2005-11-14
14160,1741271,1,2005-07-18
14160,554587,3,2002-04-13
14160,2266522,4,2003-07-14
14160,451096,4,2005-08-18
14160,2455375,3,2005-08-20
14160,364399,4,2004-03-26
14160,651541,3,2004-07-07
14160,311711,3,2004-09-06
14160,1778077,3,2004-09-17
14160,1717964,3,2004-09-19
14160,866795,3,2004-11-06
14160,491531,5,2004-12-10
14160,652389,4,2005-05-03
14160,91120,3,2005-07-03
14160,284707,4,2005-11-23
14160,672409,1,2005-12-01
14160,710621,2,2002-10-21
14160,29867,4,2003-08-26
14160,586249,4,2003-08-05
14160,2387526,4,2003-12-31
14160,554171,4,2004-08-23
14160,2008011,4,2004-10-13
14160,2140245,3,2005-06-21
14160,1156475,4,2005-10-15
14160,1075151,5,2005-10-25
14160,2490545,4,2002-02-26
14160,2536427,5,2004-02-08
14160,2462050,4,2003-03-25
14160,1605736,5,2005-01-26
14160,253275,5,2005-02-04
14160,2187237,2,2005-04-10
14160,1348368,4,2005-04-21
14160,309922,3,2005-10-05
14160,1036845,4,2005-11-02
14160,796698,3,2005-11-07
14160,2431930,4,2003-11-10
14160,2126168,3,2002-10-23
14160,1930123,5,2003-04-23
14160,324235,4,2005-08-24
14160,1865249,3,2004-06-12
14160,1528604,3,2004-06-27
14160,1636164,4,2004-12-27
14160,2024862,5,2005-04-02
14160,1373118,4,2005-04-09
14160,2472693,3,2005-04-11
14160,2392328,4,2005-09-27
14160,2226134,4,2005-10-22
14160,1448459,1,2005-11-28
14160,1145845,1,2003-07-11
14160,761476,1,2003-08-09
14160,271346,5,2003-08-13
14160,1847932,4,2002-10-24
14160,1995008,1,2004-02-12
14160,761998,4,2004-09-03
14160,2497679,3,2004-09-23
14160,1262851,2,2005-01-25
14160,1385429,2,2005-04-11
14160,175405,4,2005-04-13
14160,2299661,3,2005-10-01
14160,1476102,4,2004-04-01
14160,82210,1,2003-01-19
14160,1146000,1,2002-01-17
14160,1174079,4,2003-11-24
14160,1775996,3,2004-02-24
14160,1024189,3,2005-08-13
14160,2638390,1,2003-12-28
14160,1215796,4,2004-01-03
14160,870716,4,2004-09-04
14160,2175634,4,2005-05-16
14160,2010114,4,2005-10-23
14160,2019578,4,2002-09-03
14160,1370476,5,2005-05-23
14160,2570336,3,2004-11-23
14160,2256485,2,2004-11-30
14160,1416034,4,2005-06-14
14160,2102846,3,2005-09-18
14160,597100,3,2005-10-02
14160,729691,1,2002-03-13
14160,759737,2,2005-08-01
14160,1823645,4,2004-01-04
14160,2172492,5,2003-05-26
14160,882006,4,2004-09-07
14160,1021080,5,2003-10-10
14160,716173,4,2004-12-30
14160,265129,3,2005-01-11
14160,1744939,4,2005-02-15
14160,599301,4,2005-02-28
14160,2243977,3,2005-03-07
14160,51817,1,2005-05-29
14160,1836392,3,2005-06-14
14160,1151626,5,2005-06-16
14160,1972788,3,2005-09-02
14160,1300036,3,2004-05-18
14160,206857,5,2004-07-25
14160,1823592,1,2004-06-24
14160,1823245,3,2004-10-26
14160,1299887,5,2005-02-18
14160,2204299,4,2005-06-06
14160,1170236,1,2002-01-23
14160,1246893,3,2002-08-29
14160,1078290,4,2005-08-06
14160,2096947,5,2004-08-25
14160,1578078,3,2004-03-31
14160,91234,5,2004-11-30
14160,1567970,3,2005-01-04
14160,1578801,4,2005-03-05
14160,1725453,3,2005-03-23
14160,682963,3,2005-06-21
14160,2294324,5,2004-07-19
14160,718423,1,2003-10-10
14160,504620,5,2005-08-16
14160,1117934,4,2004-04-17
14160,399971,4,2004-10-02
14160,276275,3,2004-10-18
14160,2025791,2,2005-11-16
14160,1599850,2,2003-11-30
14160,821438,4,2002-01-13
14160,2444240,3,2005-08-09
14160,2569680,3,2005-08-29
14160,2611386,5,2004-02-17
14160,1027941,2,2003-08-12
14160,1670875,5,2004-06-26
14160,146164,3,2004-06-17
14160,1923083,3,2005-02-16
14160,1326441,4,2005-03-18
14160,154770,3,2005-06-27
14160,2418086,4,2005-09-30
14160,2198358,4,2005-10-12
14160,1517290,1,2005-10-27
14160,1622226,3,2005-11-18
14160,1935358,5,2005-12-06
14160,2263991,5,2005-08-04
14160,1057247,4,2004-06-15
14160,417746,5,2005-08-16
14160,1019345,4,2004-04-12
14160,397612,3,2004-04-23
14160,1271816,4,2005-04-02
14160,861882,3,2005-11-05
14160,466937,3,2002-05-01
14160,1097099,2,2002-01-13
14160,2182671,4,2005-07-21
14160,980299,5,2005-07-26
14160,2387463,5,2003-12-09
14160,382773,2,2003-12-08
14160,949121,3,2004-02-20
14160,133177,1,2004-07-30
14160,319058,1,2004-11-18
14160,2352307,3,2004-12-31
14160,691229,3,2005-04-18
14160,1685199,1,2005-04-23
14160,1425453,1,2005-06-02
14160,120548,4,2005-06-23
14160,334643,3,2002-08-15
14160,2255920,1,2002-09-06
14160,1978815,4,2002-08-09
14160,996182,3,2003-10-30
14160,2517588,5,2004-02-26
14160,1640519,4,2004-07-15
14160,999482,4,2004-09-29
14160,2548409,5,2005-02-13
14160,2029182,5,2005-05-22
14160,2221099,3,2005-05-30
14160,703675,5,2005-06-01
14160,388784,4,2004-11-27
14160,2103314,3,2002-04-25
14160,416017,4,2002-03-14
14160,2560488,3,2002-07-09
14160,2542163,4,2003-11-10
14160,100712,3,2004-05-03
14160,1344615,5,2004-09-09
14160,151153,4,2004-02-20
14160,1387099,3,2004-10-07
14160,264047,4,2005-01-19
14160,467182,4,2005-02-01
14160,1121736,4,2005-03-11
14160,1842369,4,2005-04-04
14160,2544293,3,2005-06-22
14160,486644,2,2005-12-01
14160,2019921,4,2005-07-17
14160,864192,4,2004-06-30
14160,2361184,3,2004-02-28
14160,664443,3,2003-11-03
14160,1120190,5,2004-07-06
14160,2284035,5,2005-08-27
14160,1950336,2,2004-09-10
14160,532879,4,2005-01-31
14160,964436,5,2005-10-12
14160,1963758,5,2005-10-13
14160,251510,5,2005-10-23
14160,1835727,1,2005-12-31
14160,1180482,3,2005-07-10
14160,2007424,3,2002-04-06
14160,1462717,4,2005-07-30
14160,305344,4,2003-05-23
14160,1662695,4,2004-04-21
14160,2027759,3,2004-01-08
14160,90436,3,2005-01-29
14160,203576,5,2005-04-19
14160,827057,5,2005-05-01
14160,266453,4,2005-06-14
14160,1492307,4,2005-12-12
14160,946231,3,2005-07-09
14160,1204323,4,2003-11-21
14160,1986551,1,2004-09-14
14160,1725226,5,2004-03-27
14160,1944947,5,2003-12-17
14160,2051579,5,2003-12-17
14160,797401,4,2004-01-08
14160,1197493,2,2004-04-20
14160,2647882,4,2005-03-19
14160,1519239,3,2005-06-13
14160,2021854,3,2005-10-10
14160,135545,4,2005-10-17
14160,1956276,5,2004-03-04
14160,99092,1,2003-10-15
14160,833551,3,2003-08-25
14160,109230,2,2003-09-28
14160,1113773,5,2004-11-04
14160,2515904,4,2005-01-19
14160,2009344,5,2005-02-05
14160,2497156,5,2005-06-28
14160,449686,2,2005-10-15
14160,1242585,4,2002-02-22
14160,2006074,5,2003-04-02
14160,861035,4,2004-02-23
14160,2135802,4,2004-10-04
14160,405351,5,2005-04-21
14160,2244258,4,2004-12-26
14160,2392320,3,2005-01-20
14160,1224637,5,2005-01-23
14160,942758,4,2005-02-18
14160,1534041,4,2005-04-06
14160,933642,4,2005-05-11
14160,1830031,3,2005-06-15
14160,2328825,2,2005-06-25
14160,1158779,4,2005-09-28
14160,655213,2,2005-10-23
14160,1503661,4,2005-11-28
14160,2001533,4,2003-05-08
14160,2215076,5,2005-08-02
14160,1218000,3,2003-05-25
14160,2351670,4,2005-08-09
14160,2248627,3,2003-05-06
14160,1065779,3,2003-12-12
14160,196301,5,2003-10-01
14160,1898872,4,2004-08-01
14160,170551,1,2004-03-15
14160,1522956,5,2004-05-04
14160,290182,4,2004-12-29
14160,1204427,2,2005-01-27
14160,1533989,3,2005-10-03
14160,2288889,5,2005-10-23
14160,1231570,5,2005-10-24
14160,757712,4,2005-12-02
14160,2147527,4,2005-12-09
14160,1719780,3,2005-12-28
14160,2522300,5,2002-09-15
14160,832928,3,2004-02-08
14160,1389180,3,2004-06-30
14160,216164,4,2004-04-12
14160,2438832,4,2004-09-02
14160,2494556,5,2004-09-21
14160,1058783,2,2004-09-24
14160,1693128,3,2004-10-04
14160,423754,5,2005-01-09
14160,494075,4,2005-02-05
14160,2012012,1,2005-03-11
14160,76023,1,2005-09-13
14160,1176776,1,2005-10-21
14160,2254874,3,2005-10-25
14160,2517408,5,2004-09-12
14160,2356322,3,2005-07-31
14160,2254385,5,2004-04-30
14160,1326474,5,2003-11-25
14160,1547977,4,2004-07-06
14160,1275980,5,2003-12-20
14160,2387329,3,2004-02-24
14160,2634610,5,2004-03-27
14160,1119431,3,2004-11-30
14160,662530,5,2005-01-06
14160,17227,3,2005-04-01
14160,768876,4,2005-04-09
14160,465870,5,2005-09-16
14160,1949010,3,2005-10-30
14160,447759,5,2005-11-08
14160,981199,1,2005-11-13
14160,1149153,5,2002-04-25
14160,541831,4,2002-02-06
14160,1505976,3,2004-02-26
14160,1818305,4,2004-09-14
14160,2442028,3,2004-06-08
14160,1568124,3,2005-03-07
14160,595848,5,2005-10-28
14160,802403,5,2005-11-01
14160,2118659,3,2005-11-11
14160,1653637,4,2005-11-23
14160,829296,4,2002-02-14
14160,23392,3,2005-08-05
14160,1926192,5,2004-09-19
14160,72290,5,2004-10-28
14160,986378,4,2004-12-06
14160,2446249,3,2005-01-19
14160,137131,4,2005-02-12
14160,825831,3,2005-06-07
14160,557578,2,2004-06-16
14160,2206123,2,2003-08-05
14160,2513372,4,2005-08-05
14160,1971069,5,2004-02-16
14160,777347,2,2004-03-26
14160,2239812,3,2004-09-25
14160,21722,4,2004-12-20
14160,510641,4,2005-11-18
14160,495581,5,2002-03-14
14160,2119555,5,2005-08-02
14160,857454,3,2004-08-31
14160,2018534,5,2004-11-30
14160,1035000,3,2005-01-30
14160,2522649,3,2005-05-06
14160,1478155,3,2005-03-28
14160,1086236,5,2005-04-10
14160,961144,4,2005-10-17
14160,523445,4,2005-12-30
14160,791914,4,2003-01-18
14160,2039415,3,2004-06-07
14160,1223912,4,2004-01-08
14160,2098086,5,2002-04-20
14160,509643,3,2004-05-16
14160,149359,3,2004-05-20
14160,1123618,2,2004-10-10
14160,1099977,4,2004-11-22
14160,1031880,4,2004-12-31
14160,2275834,3,2005-01-06
14160,1734572,3,2005-02-28
14160,1953881,4,2005-06-22
14160,2182050,3,2005-07-08
14160,2092934,5,2003-09-08
14160,2319365,3,2002-02-13
14160,2549763,4,2002-08-21
14160,1901084,5,2005-08-05
14160,360264,3,2004-03-01
14160,659395,3,2005-01-03
14160,1142985,5,2005-01-09
14160,1549712,1,2005-02-08
14160,1071272,5,2005-05-17
14160,2035462,3,2005-05-23
14160,36478,3,2005-11-08
14160,914728,5,2004-01-08
14160,1484825,1,2004-08-19
14160,1638252,3,2002-08-17
14160,454959,3,2005-08-11
14160,1611034,4,2003-06-22
14160,181741,3,2005-08-16
14160,1083414,4,2005-08-31
14160,1693032,5,2004-05-02
14160,449784,4,2004-09-08
14160,1519934,1,2004-10-19
14160,2599377,2,2005-01-31
14160,948365,3,2005-03-14
14160,1858243,3,2005-03-14
14160,1590775,5,2005-06-29
14160,1661344,4,2003-05-28
14160,50967,5,2004-09-07
14160,2571181,4,2004-04-04
14160,717991,5,2004-09-06
14160,649547,4,2004-10-04
14160,2153296,4,2005-02-15
14160,2003094,4,2005-02-17
14160,1732315,4,2005-09-25
14160,1491763,3,2005-10-19
14160,765527,1,2005-11-10
14160,456920,4,2005-07-07
14160,712361,4,2003-05-17
14160,1042055,3,2005-07-27
14160,1339955,5,2005-08-03
14160,1176763,4,2004-05-10
14160,2276002,2,2004-08-24
14160,1316977,4,2004-09-08
14160,1893433,4,2005-02-21
14160,724024,3,2005-04-13
14160,2097537,3,2003-04-30
14160,2536424,4,2005-07-23
14160,417046,3,2002-02-22
14160,1020214,3,2003-08-06
14160,550666,4,2005-08-20
14160,609236,5,2003-12-31
14160,1110164,3,2003-11-28
14160,2563395,2,2005-01-10
14160,1601486,4,2004-09-08
14160,1138585,3,2004-11-02
14160,1644608,5,2004-12-18
14160,869281,2,2005-02-09
14160,2581445,5,2005-03-11
14160,1759015,4,2005-09-23
14160,690313,5,2005-10-24
14160,1480343,5,2005-11-29
14160,575399,4,2002-03-04
14160,2158747,2,2002-09-21
14160,1769444,5,2005-09-01
14160,12812,3,2005-02-03
14160,2127615,4,2005-03-11
14160,2498939,3,2005-04-23
14160,2057165,4,2005-09-02
14160,698813,3,2005-10-21
14160,1111879,5,2005-12-28
14160,922812,2,2005-07-20
14160,1419357,5,2005-08-31
14160,1191648,2,2005-09-08
14160,2635483,4,2004-04-08
14160,948046,1,2004-12-20
14160,2070540,4,2005-01-11
14160,2273335,5,2005-01-30
14160,2500539,3,2005-03-11
14160,2199854,1,2005-04-10
14160,220568,4,2005-06-28
14160,555528,5,2001-12-29
14160,2464375,3,2002-04-24
14160,555383,3,2004-02-17
14160,742589,5,2004-06-24
14160,286760,1,2004-07-13
14160,2511464,4,2004-10-20
14160,768938,4,2004-10-22
14160,2076962,3,2004-10-25
14160,23018,4,2005-05-27
14160,2346812,3,2005-10-12
14160,2481504,3,2005-07-13
14160,2325730,4,2002-07-30
14160,2450203,2,2003-02-24
14160,1879600,5,2005-09-02
14160,2016046,3,2004-03-06
14160,1835375,3,2004-10-13
14160,387102,5,2004-11-16
14160,1362770,3,2004-12-29
14160,235558,4,2005-03-14
14160,1359863,4,2005-11-28
14160,650202,5,2005-08-07
14160,2157854,4,2004-03-01
14160,1935445,4,2004-05-10
14160,1387197,3,2004-10-04
14160,2284110,3,2004-12-14
14160,110521,4,2004-12-29
14160,1983441,4,2005-07-01
14160,10679,5,2005-07-10
14160,833998,1,2005-07-20
14160,2237101,4,2003-08-08
14160,217910,5,2004-09-21
14160,714693,4,2004-10-07
14160,801120,4,2004-11-21
14160,293925,3,2004-11-24
14160,1181468,3,2004-12-20
14160,1561960,1,2005-01-20
14160,332120,5,2005-10-07
14160,867311,5,2005-07-08
14160,555136,3,2005-07-16
14160,816435,5,2002-04-12
14160,789894,3,2003-07-17
14160,2139288,4,2003-11-24
14160,811704,5,2004-08-21
14160,2513832,3,2004-09-13
14160,1961161,4,2004-10-11
14160,326356,1,2005-01-25
14160,2602433,5,2005-02-15
14160,2495176,4,2005-05-03
14160,863644,3,2005-05-10
14160,2238663,4,2005-06-23
14160,794480,3,2005-09-15
14160,477414,1,2005-07-12
14160,983467,2,2004-06-17
14160,497541,4,2004-03-31
14160,1565303,2,2005-01-06
14160,2256870,5,2005-09-14
14160,2499884,1,2005-09-22
14160,72668,3,2005-11-10
14160,1963686,5,2004-02-27
14160,16558,4,2002-07-24
14160,1389968,5,2004-07-07
14160,1368314,4,2005-04-04
14160,1088325,4,2005-09-14
14160,2075165,3,2005-10-22
14160,1530610,1,2004-03-18
14160,1543370,1,2004-05-22
14160,1784946,5,2003-07-21
14160,2556700,2,2002-07-15
14160,1432790,1,2005-08-07
14160,562770,4,2003-04-02
14160,46003,5,2005-09-03
14160,1002453,5,2005-10-22
14160,445450,3,2004-10-01
14160,2335991,5,2005-01-24
14160,679390,4,2005-02-07
14160,837133,5,2005-05-12
14160,453501,5,2005-07-07
14160,2976,5,2004-09-10
14160,1225521,5,2004-09-06
14160,1132784,4,2004-05-24
14160,1096568,3,2004-06-05
14160,324090,3,2004-11-04
14160,1113515,4,2005-06-16
14160,302223,3,2005-08-01
14160,2556238,4,2002-10-24
14160,2577467,5,2005-08-27
14160,1727989,4,2005-01-10
14160,2441503,3,2004-06-25
14160,2373208,4,2004-06-11
14160,2161930,5,2004-12-30
14160,1429956,4,2005-02-14
14160,1047037,4,2005-09-23
14160,2443047,2,2005-08-20
14160,670488,5,2003-09-17
14160,1438768,3,2003-08-07
14160,1129871,3,2005-03-15
14160,1873779,3,2005-05-21
14160,2039861,5,2005-05-25
14160,1365170,3,2005-06-12
14160,521518,3,2002-02-17
14160,2412372,4,2002-02-06
14160,682501,3,2005-08-03
14160,905334,2,2003-12-09
14160,1905715,3,2004-07-14
14160,1643857,3,2004-08-08
14160,1516350,3,2004-06-06
14160,200713,3,2004-10-11
14160,2191583,2,2004-11-17
14160,946014,4,2004-12-23
14160,2569144,4,2005-01-24
14160,1138544,3,2005-02-12
14160,1229628,4,2005-04-08
14160,2190805,4,2005-04-17
14160,1653107,5,2005-06-16
14160,742407,4,2005-09-29
14160,2080059,1,2005-11-09
14160,1098907,1,2005-08-01
14160,2394666,4,2005-08-26
14160,1810658,5,2004-04-04
14160,440960,4,2004-08-20
14160,1761208,3,2004-02-23
14160,499878,4,2004-04-07
14160,1109711,2,2004-10-06
14160,1190829,2,2004-10-07
14160,1500196,4,2004-11-04
14160,994554,4,2005-01-19
14160,836050,4,2005-01-24
14160,1324399,2,2005-02-03
14160,1682916,4,2005-06-26
14160,1873205,2,2005-09-15
14160,1427824,5,2005-10-12
14160,1365783,4,2005-11-02
14160,2296586,4,2005-07-18
14160,1806515,2,2005-08-12
14160,2024111,2,2004-06-12
14160,813072,5,2004-07-02
14160,2584779,3,2004-07-21
14160,1806118,5,2004-09-02
14160,709106,4,2005-04-08
14160,2118461,5,2005-10-20
14160,2592591,4,2005-11-15
14160,1379440,4,2005-07-27
14160,850611,3,2004-09-08
14160,1681124,3,2004-10-10
14160,2255810,4,2004-11-12
14160,2157060,1,2004-11-21
14160,644111,3,2004-12-27
14160,676013,1,2005-01-19
14160,923575,5,2005-02-08
14160,98300,3,2005-09-14
14160,743734,4,2005-12-17
14160,2477159,3,2005-12-26
14160,1538953,2,2004-08-17
14160,614373,3,2004-10-24
14160,2463441,5,2004-12-30
14160,1105686,3,2005-03-17
14160,392651,3,2005-06-04
14160,2320997,4,2005-11-25
14160,152128,4,2005-12-18
14160,1537983,4,2002-12-10
14160,387418,1,2003-07-31
14160,2177022,3,2004-07-22
14160,2401168,3,2003-06-20
14160,784208,3,2004-02-17
14160,364236,4,2005-08-27
14160,1172510,4,2004-05-29
14160,977703,4,2004-06-03
14160,1947121,4,2004-08-23
14160,1421249,3,2004-12-29
14160,2630793,5,2005-01-19
14160,801759,3,2005-03-01
14160,1086684,4,2005-03-01
14160,1428015,2,2005-05-04
14160,754161,4,2005-06-21
14160,2617537,4,2005-11-29
14160,1384810,5,2002-02-09
14160,2007166,4,2002-02-28
14160,539631,4,2004-06-14
14160,2058716,3,2003-10-14
14160,557147,4,2004-07-24
14160,1600966,5,2004-09-10
14160,2452430,4,2004-09-28
14160,691808,4,2005-02-08
14160,452658,4,2005-03-02
14160,1208420,1,2005-03-21
14160,6056,4,2005-03-22
14160,1381890,4,2005-04-14
14160,2297532,3,2005-06-14
14160,1250802,4,2005-10-26
14160,1900076,4,2004-11-26
14160,2154943,5,2004-01-15
14160,1387485,4,2004-06-17
14160,671319,3,2005-09-06
14160,348960,2,2005-09-09
14160,2463569,4,2005-05-12
14160,2384119,5,2005-06-29
14160,2233293,3,2005-10-11
14160,2225256,5,2005-11-18
14160,2120912,3,2004-02-22
14160,97289,4,2004-01-27
14160,2188897,5,2004-09-08
14160,2347632,3,2004-03-25
14160,19080,5,2004-09-01
14160,2263466,1,2004-07-03
14160,1789450,3,2004-12-29
14160,2519440,4,2005-04-18
14160,2560026,3,2005-06-26
14160,1972316,2,2005-06-27
14160,1906611,4,2002-04-19
14160,921800,3,2005-07-14
14160,1268606,2,2002-12-10
14160,1114493,4,2002-01-19
14160,933895,4,2004-04-07
14160,1772511,2,2004-09-27
14160,1159537,4,2004-12-09
14160,2471735,4,2005-03-18
14160,1810363,1,2005-06-16
14160,101448,4,2005-10-04
14160,344250,3,2005-10-05
14160,2242513,2,2005-12-14
14160,1105191,5,2002-03-30
14160,2628396,5,2002-01-11
14160,1157338,4,2002-04-28
14160,2073903,5,2005-08-17
14160,508480,4,2003-08-04
14160,772337,4,2004-09-10
14160,1783085,2,2004-06-28
14160,1114342,4,2004-06-11
14160,794999,5,2004-05-28
14160,1454575,4,2004-12-08
14160,144478,2,2004-12-08
14160,14403,4,2005-02-01
14160,1932594,4,2005-03-08
14160,9399,5,2005-03-15
14160,2210009,4,2005-05-08
14160,1126986,5,2005-09-18
14160,225090,4,2005-10-11
14160,2357551,5,2005-10-31
14160,958687,4,2001-12-05
14160,2597107,3,2005-07-18
14160,629075,5,2005-07-20
14160,1298036,4,2002-02-14
14160,356615,2,2002-08-20
14160,739769,5,2005-07-26
14160,2586810,5,2005-08-01
14160,2281872,4,2005-08-10
14160,2197629,1,2004-02-02
14160,1674787,5,2004-09-29
14160,405572,3,2004-09-29
14160,2062595,4,2005-04-04
14160,375894,3,2005-05-16
14160,1245383,5,2005-10-07
14160,1893836,2,2005-11-14
14160,790913,3,2005-12-14
14160,1317124,5,2005-12-25
14160,1128780,4,2003-07-28
14160,291830,5,2003-11-07
14160,275600,3,2005-08-21
14160,696131,4,2004-05-20
14160,327517,1,2004-02-03
14160,2229831,5,2004-11-19
14160,497121,3,2004-11-30
14160,650647,3,2005-02-13
14160,2490794,5,2005-05-13
14160,2298237,3,2005-05-27
14160,2126686,1,2005-06-01
14160,1459584,4,2005-06-06
14160,940253,4,2005-06-10
14160,1778710,2,2005-12-13
14160,355834,3,2002-11-04
14160,387819,3,2003-11-19
14160,970044,5,2004-11-18
14160,2563667,2,2004-12-27
14160,1444383,1,2005-01-24
14160,956357,4,2005-05-18
14160,1508279,3,2005-05-25
14160,2250039,5,2005-06-28
14160,202018,3,2005-09-08
14160,1461435,1,2002-01-21
14160,1267805,4,2002-03-06
14160,676564,5,2004-06-18
14160,804335,4,2005-08-09
14160,1945243,5,2003-05-15
14160,2430463,2,2003-04-09
14160,8388,5,2005-08-15
14160,1104620,3,2005-09-08
14160,2540263,4,2004-06-28
14160,2001935,1,2004-07-29
14160,1681428,3,2004-12-14
14160,2516085,1,2005-02-24
14160,646765,4,2005-05-03
14160,2400754,4,2005-09-16
14160,2252191,5,2005-11-15
14160,178013,5,2005-12-17
14160,208509,3,2005-07-05
14160,1455811,2,2003-08-04
14160,1716274,5,2002-08-04
14160,1079115,5,2004-03-18
14160,2449803,5,2004-10-28
14160,248801,5,2005-05-11
14160,1480571,3,2005-09-11
14160,2395020,5,2005-10-27
14160,1238786,5,2005-11-16
14160,771105,4,2005-11-20
14160,904909,1,2002-10-29
14160,147156,4,2002-05-09
14160,685113,5,2003-09-19
14160,1921038,4,2003-07-16
14160,2294543,5,2003-12-18
14160,919582,3,2004-09-28
14160,1037245,5,2005-09-23
14160,2569807,2,2005-07-20
14160,2291170,5,2003-12-12
14160,133129,4,2003-12-08
14160,2450032,5,2004-09-16
14160,1388122,3,2004-06-12
14160,1563394,4,2004-10-15
14160,1747818,3,2005-03-23
14160,2316085,2,2002-02-27
14160,2279048,5,2004-05-19
14160,596250,5,2004-09-26
14160,525897,3,2004-12-17
14160,505275,3,2005-04-17
14160,1466573,1,2005-10-16
14160,67134,2,2002-01-31
14160,534673,1,2003-08-10
14160,1226921,5,2005-07-26
14160,1336792,3,2005-08-07
14160,359960,1,2004-09-23
14160,860166,4,2004-12-22
14160,1515355,4,2005-02-08
14160,1094132,3,2005-05-03
14160,2146536,3,2005-05-24
14160,189443,3,2005-06-04
14160,2568994,5,2005-10-29
14160,2347651,3,2003-08-27
14160,732567,4,2005-08-17
14160,1631730,1,2003-11-20
14160,2093105,3,2004-06-17
14160,135215,4,2004-04-29
14160,371701,2,2005-03-31
14160,1905342,4,2002-06-28
14160,1834394,4,2002-01-23
14160,750578,5,2004-06-23
14160,1274863,4,2005-07-24
14160,918546,3,2004-04-29
14160,886671,5,2003-12-04
14160,108330,5,2005-06-08
14160,250433,4,2005-09-26
14160,2198123,2,2004-01-02
14160,1173630,2,2003-11-25
14160,1216880,4,2004-09-14
14160,2526414,4,2004-03-23
14160,1996717,4,2004-10-20
14160,656851,5,2005-01-23
14160,911122,5,2005-02-26
14160,948022,4,2005-05-31
14160,501584,5,2005-09-10
14160,1818424,3,2005-10-14
14160,2460347,1,2005-12-19
14160,322912,5,2003-03-20
14160,2239360,3,2004-04-10
14160,2087093,2,2004-02-24
14160,2516772,3,2004-03-31
14160,169288,5,2005-09-13
14160,946909,2,2005-09-17
14160,1875320,2,2005-10-18
14160,2005509,1,2005-11-06
14160,2306415,5,2005-07-16
14160,2363627,4,2002-11-13
14160,296319,5,2003-11-05
14160,1321093,3,2004-02-23
14160,79194,2,2004-03-27
14160,2106228,1,2005-04-14
14160,820600,5,2005-09-15
14160,1097917,3,2003-11-19
14160,1467689,4,2004-05-04
14160,2238060,5,2004-08-18
14160,20774,3,2004-11-24
14160,673750,3,2005-05-02
14160,1059961,4,2005-10-09
14160,237784,3,2005-10-15
14160,462635,5,2005-10-18
14160,828455,2,2005-11-06
14160,2294667,5,2005-12-26
14160,569309,2,2002-02-06
14160,1058930,4,2005-07-27
14160,2232563,3,2004-02-11
14160,1084524,4,2004-04-30
14160,1112365,1,2004-11-11
14160,1605124,4,2004-12-11
14160,1940831,5,2004-12-15
14160,2494887,3,2005-01-19
14160,761026,2,2005-05-04
14160,1162568,4,2005-06-10
14160,1931531,4,2005-10-04
14160,1433870,1,2002-05-23
14160,2606295,5,2004-06-23
14160,1114519,3,2004-07-13
14160,2203897,5,2005-08-28
14160,1612901,2,2005-10-16
14160,1168921,4,2003-08-06
14160,1254683,4,2004-02-19
14160,13856,3,2004-12-18
14160,106721,4,2005-02-14
14160,1486956,3,2005-03-26
14160,1939221,5,2005-09-12
14160,1871599,5,2005-10-15
14160,2235166,3,2002-01-18
14160,1039555,3,2002-02-03
14160,300134,3,2003-08-06
14160,1132431,3,2004-03-15
14160,2412063,4,2004-07-08
14160,685513,3,2004-06-21
14160,1401974,3,2005-01-19
14160,2151212,3,2005-01-25
14160,178388,5,2005-02-23
14160,540648,3,2005-04-26
14160,148546,3,2005-06-28
14160,32754,2,2005-10-20
14160,688413,4,2005-10-23
14160,856875,4,2004-02-22
14160,100093,5,2003-11-20
14160,78787,4,2004-10-24
14160,796472,4,2004-10-29
14160,643565,2,2004-11-12
14160,1044360,2,2004-11-29
14160,625420,5,2004-12-08
14160,123913,1,2005-01-23
14160,1596301,5,2005-02-08
14160,1951598,5,2005-02-13
14160,553115,3,2005-06-08
14160,1629801,3,2005-09-10
14160,1646639,4,2005-07-08
14160,2274807,3,2005-07-13
14160,1377391,3,2003-11-01
14160,345238,4,2005-08-28
14160,2320706,4,2003-11-17
14160,707290,5,2004-02-09
14160,825554,4,2004-02-04
14160,1169809,5,2004-02-06
14160,978104,4,2005-06-01
14160,317890,5,2005-10-02
14160,435680,4,2005-10-18
14160,1878354,4,2005-11-14
14160,2069625,3,2005-12-02
14160,1922435,3,2005-07-11
14160,2348784,3,2002-08-01
14160,428688,3,2002-04-24
14160,985864,3,2002-09-21
14160,1086360,1,2003-10-29
14160,415813,3,2005-08-11
14160,238253,2,2005-01-27
14160,206893,2,2005-02-01
14160,1188122,4,2005-09-19
14160,1753873,3,2005-11-08
14160,1541127,5,2005-11-17
14160,2078225,2,2005-11-21
14160,1045087,4,2004-03-19
14160,800217,5,2002-02-05
14160,489702,1,2005-08-05
14160,1041949,4,2003-07-10
14160,98676,3,2004-05-11
14160,145523,3,2004-10-21
14160,766707,5,2005-02-27
14160,796372,4,2005-04-11
14160,1728677,2,2005-06-26
14160,1172398,3,2005-09-19
14160,265690,4,2005-09-23
14160,834423,5,2003-07-21
14160,2018231,3,2005-07-22
14160,2269603,3,2005-07-28
14160,1714427,4,2003-06-02
14160,233818,2,2003-09-16
14160,1594520,4,2004-07-07
14160,1431311,4,2004-08-31
14160,2229940,3,2005-03-18
14160,262410,3,2005-04-17
14160,402825,3,2005-05-24
14160,1933317,1,2005-06-28
14160,2018713,5,2004-01-01
14160,921587,3,2004-07-01
14160,2129389,3,2005-07-17
14160,2563440,2,2003-03-20
14160,25354,2,2003-11-17
14160,1049259,5,2002-08-22
14160,833041,4,2005-08-07
14160,785517,5,2004-04-19
14160,2182658,5,2003-11-30
14160,1645377,4,2004-02-09
14160,610780,3,2004-10-19
14160,1533313,4,2004-12-20
14160,189168,4,2005-04-16
14160,1184836,4,2005-05-17
14160,1149964,2,2005-06-24
14160,382138,3,2005-10-11
14160,1789545,3,2002-01-21
14160,227903,5,2002-07-20
14160,1555081,5,2002-10-28
14160,529783,3,2004-12-10
14160,807592,3,2005-02-20
14160,1112879,4,2005-02-26
14160,582114,4,2005-05-18
14160,860645,4,2005-06-16
14160,1245447,4,2005-09-23
14160,405658,5,2005-11-17
14160,1055824,5,2005-11-24
14160,2522549,3,2005-07-20
14160,1072829,4,2004-08-04
14160,901548,5,2003-07-26
14160,454122,1,2004-07-17
14160,385450,4,2004-06-18
14160,1847661,3,2004-09-19
14160,483107,3,2004-11-06
14160,1635449,3,2005-01-10
14160,15737,3,2005-05-31
14160,997236,5,2005-11-22
