13316,1917746,4,2005-10-27
13316,1254097,3,2005-08-03
13316,353906,3,2005-08-21
13316,2172799,4,2005-08-25
13316,2262171,5,2005-09-16
13316,2569726,4,2005-08-19
13316,1227322,1,2005-09-09
13316,2256180,5,2005-08-24
13316,660175,3,2005-10-14
13316,61064,2,2005-10-17
13316,858113,5,2005-11-23
13316,663808,3,2005-08-05
13316,1201719,1,2005-09-04
13316,2621263,4,2005-09-27
13316,1247986,5,2005-12-08
13316,1233885,3,2005-09-15
13316,688463,3,2005-10-25
13316,2439493,1,2005-09-25
13316,491876,5,2005-10-18
13316,276182,3,2005-07-28
13316,1288745,4,2005-08-05
13316,56309,2,2005-09-25
13316,1675367,5,2005-11-16
13316,22603,3,2005-12-12
13316,2264426,2,2005-12-22
13316,1218927,5,2005-11-11
13316,2333850,3,2005-09-01
13316,931733,3,2005-09-13
13316,1810110,4,2005-11-20
13316,2383799,3,2005-09-06
13316,1905883,3,2005-09-11
13316,1664859,5,2005-08-01
13316,1558751,4,2005-09-07
13316,2634980,3,2005-10-17
13316,1106241,1,2005-08-04
13316,324281,2,2005-10-03
13316,893789,4,2005-09-06
13316,493920,5,2005-08-09
13316,884391,1,2005-09-30
13316,1198766,5,2005-08-11
13316,983042,4,2005-08-30
13316,387222,5,2005-08-30
13316,1655708,4,2005-11-05
13316,1792757,4,2005-11-29
13316,1664010,3,2005-10-15
13316,1096430,3,2005-07-30
13316,1642347,5,2005-09-13
13316,650450,4,2005-11-10
13316,755340,3,2005-10-09
13316,2236835,5,2005-11-03
13316,1805219,5,2005-07-30
13316,367518,4,2005-08-03
13316,1203959,3,2005-07-31
13316,2186702,4,2005-10-19
13316,1012207,5,2005-10-21
13316,2561982,2,2005-09-20
13316,1618823,2,2005-12-20
13316,1611581,5,2005-08-23
13316,2454801,5,2005-09-24
13316,2606799,2,2005-08-18
13316,896636,3,2005-09-24
13316,798296,4,2005-11-19
13316,1826924,4,2005-09-14
13316,2109662,1,2005-11-04
13316,692018,4,2005-09-09
13316,1913743,2,2005-12-30
13316,305344,1,2005-07-27
13316,1474508,1,2005-10-04
13316,606012,2,2005-09-12
13316,1282134,2,2005-08-19
13316,2438621,3,2005-07-28
13316,1448790,1,2005-12-06
13316,1243446,4,2005-08-10
13316,1195287,3,2005-08-31
13316,1673564,3,2005-08-26
13316,982331,3,2005-08-26
13316,2115420,4,2005-11-08
13316,230265,3,2005-09-06
13316,457724,3,2005-08-09
13316,1261789,3,2005-12-28
13316,657664,4,2005-10-07
13316,2118461,3,2005-12-19
13316,326049,2,2005-12-25
13316,1945684,3,2005-08-19
13316,387418,1,2005-11-12
13316,2432781,2,2005-09-12
13316,1398892,1,2005-12-05
13316,1791064,3,2005-11-09
13316,1355425,4,2005-07-29
13316,2106673,3,2005-08-16
13316,368124,3,2005-11-11
13316,1663888,3,2005-10-04
13316,560909,2,2005-08-14
13316,261835,5,2005-10-19
13316,1597697,5,2005-11-11
13316,1051696,4,2005-08-04
13316,349743,3,2005-10-01
13316,1033224,5,2005-10-02
13316,100213,4,2005-12-05
13316,2549935,1,2005-08-11
