9868,91320,4,2005-07-15
9868,1205593,1,2005-05-13
9868,1451361,3,2005-10-05
9868,2094546,4,2005-11-18
9868,1394510,5,2005-11-28
9868,2091010,3,2005-03-08
9868,2609870,1,2005-10-18
9868,1436640,5,2005-11-17
9868,2625420,2,2004-10-13
9868,1248029,4,2004-10-21
9868,1260345,4,2005-01-11
9868,2343417,4,2005-05-16
9868,92056,3,2005-10-01
9868,1800117,3,2005-11-06
9868,12876,5,2005-11-15
9868,1339049,4,2005-07-15
9868,957447,3,2005-08-16
9868,2155186,4,2005-03-24
9868,796509,5,2004-11-05
9868,387963,4,2005-02-24
9868,275869,3,2005-08-03
9868,435266,4,2004-11-02
9868,804919,4,2005-09-25
9868,293151,3,2004-12-04
9868,1693902,4,2005-03-31
9868,2206698,4,2005-04-04
9868,1771818,4,2005-04-19
9868,746627,4,2005-05-31
9868,1644680,4,2005-08-02
9868,810595,5,2005-10-08
9868,112320,5,2005-10-17
9868,427928,3,2004-10-10
9868,2455604,5,2005-02-02
9868,2448382,5,2005-10-24
9868,2328297,4,2005-11-06
9868,2126189,4,2005-08-29
9868,376231,3,2005-04-22
9868,1035203,5,2005-09-07
9868,1332388,3,2005-08-05
9868,897692,4,2005-01-02
9868,1372014,5,2005-04-07
9868,1080872,5,2005-06-29
9868,2583467,4,2005-04-25
9868,1079210,4,2005-10-21
9868,691295,4,2005-07-16
9868,113222,5,2005-08-11
9868,817868,3,2005-08-30
9868,2572113,4,2004-11-28
9868,274359,5,2005-02-28
9868,375810,4,2005-04-15
9868,1242044,3,2005-05-11
9868,2266083,5,2005-06-22
9868,865790,5,2005-11-24
9868,1520166,4,2005-07-11
9868,1840435,4,2005-04-11
9868,1317009,5,2004-11-06
9868,172760,3,2004-11-19
9868,2358145,5,2005-05-14
9868,1509395,4,2005-06-26
9868,1741099,3,2005-09-23
9868,119986,5,2005-09-30
9868,301456,5,2005-10-23
9868,2634386,5,2005-08-25
9868,1698750,4,2005-02-22
9868,2437479,4,2005-10-12
9868,803426,5,2005-03-24
9868,318199,3,2005-05-10
9868,1117217,3,2005-07-01
9868,2467814,4,2005-09-24
9868,686393,5,2005-07-17
9868,1077336,4,2005-11-02
9868,298054,3,2005-07-30
9868,919422,5,2005-08-11
9868,2277922,5,2005-08-17
9868,2517390,3,2005-08-26
9868,1001129,3,2004-11-24
9868,1450364,4,2005-03-07
9868,410396,5,2005-04-04
9868,2132105,4,2005-04-12
9868,2272721,3,2005-03-05
9868,789969,3,2005-03-28
9868,1012011,5,2005-06-16
9868,1790092,5,2005-06-28
9868,2046352,4,2005-10-12
9868,1678698,4,2005-07-22
9868,1842668,5,2005-05-21
9868,651485,5,2004-10-28
9868,303625,3,2004-12-10
9868,2376624,5,2005-06-30
9868,1638181,4,2005-05-15
9868,1018379,4,2005-06-22
9868,1176207,5,2005-10-27
9868,2393246,5,2004-11-15
9868,423551,4,2004-11-23
9868,2308223,4,2005-02-02
9868,2491702,5,2005-06-26
9868,2608805,3,2005-10-16
9868,312299,1,2005-07-05
9868,2408838,4,2005-07-11
9868,2395520,2,2004-11-17
9868,1574043,4,2005-02-22
9868,1567202,4,2005-04-10
9868,2067896,5,2005-05-04
9868,1373143,4,2005-06-09
9868,1011961,5,2005-10-27
9868,627515,5,2005-11-25
9868,190730,4,2005-01-11
9868,98179,4,2005-05-22
9868,672129,4,2005-06-30
9868,2098046,5,2005-12-21
9868,1791653,4,2005-07-22
9868,830370,4,2004-11-22
9868,2023810,5,2004-11-24
9868,1733838,5,2005-01-28
9868,1757505,4,2005-06-14
9868,102480,4,2005-06-23
9868,1176462,4,2005-07-18
9868,1314869,2,2004-09-20
9868,1591799,5,2005-03-10
9868,1813197,3,2005-07-25
9868,1255703,5,2004-11-08
9868,1311189,5,2005-06-23
9868,2646515,4,2005-09-23
9868,639559,4,2005-06-13
9868,636262,5,2005-06-22
9868,2015956,4,2005-10-14
9868,1837668,4,2005-09-04
9868,518347,4,2005-03-22
9868,1606561,1,2005-07-08
9868,2250367,4,2005-08-21
9868,2062350,5,2004-12-07
9868,2647162,3,2005-01-26
9868,2093677,4,2005-05-19
9868,1196789,4,2005-07-18
9868,1269699,4,2004-10-19
9868,1665054,4,2005-07-04
9868,373140,3,2005-07-08
9868,1545464,4,2005-09-02
9868,2439493,3,2005-06-13
9868,613799,5,2005-12-11
9868,637350,4,2005-08-10
9868,346365,1,2005-04-01
9868,2450621,4,2005-10-05
9868,2041234,5,2005-12-10
9868,147386,4,2005-07-16
9868,2423494,4,2005-08-19
9868,1134379,5,2005-05-24
9868,701351,3,2005-05-27
9868,391325,5,2005-07-01
9868,1650205,4,2005-10-11
9868,2445049,4,2005-11-06
9868,518418,4,2005-07-27
9868,787298,5,2005-09-30
9868,1998777,4,2004-11-09
9868,1685900,4,2005-01-27
9868,964329,4,2005-04-26
9868,1951202,5,2005-10-07
9868,1160795,4,2005-10-24
9868,806691,4,2005-11-22
9868,1799009,3,2005-11-23
9868,231100,3,2005-10-20
9868,1600906,5,2005-12-14
9868,1829400,3,2005-12-30
9868,284399,4,2005-07-21
9868,1059719,4,2005-07-31
9868,1498452,4,2005-02-04
9868,825125,5,2005-03-05
9868,30716,5,2005-10-13
9868,2598562,4,2005-07-19
9868,826147,3,2004-10-05
9868,1140679,4,2004-12-13
9868,48222,5,2005-05-12
9868,1074718,5,2005-10-19
9868,2367510,5,2005-11-02
9868,1479697,3,2004-10-27
9868,1753420,5,2005-02-07
9868,1316423,5,2005-03-24
9868,165247,5,2005-04-05
9868,2147249,4,2005-12-05
9868,1507017,4,2005-07-06
9868,570055,4,2005-07-30
9868,2075661,5,2005-04-01
9868,993395,4,2005-05-11
9868,2040859,1,2004-11-23
9868,1666729,3,2005-11-12
9868,1434856,4,2005-08-27
9868,1261095,5,2004-09-26
9868,2097947,3,2005-06-22
9868,1134085,4,2004-12-22
9868,1329779,4,2005-04-06
9868,359569,4,2005-10-08
9868,1028463,5,2004-12-14
9868,466453,4,2004-12-14
9868,1317059,4,2005-03-09
9868,1299754,5,2005-11-28
9868,170162,4,2005-08-05
9868,585461,4,2005-08-19
9868,1416857,3,2005-04-01
9868,509577,3,2005-10-14
9868,1167144,4,2005-11-03
9868,22312,5,2005-07-06
9868,2147782,4,2005-04-21
9868,595440,5,2005-05-14
9868,622731,4,2005-09-19
9868,2462348,4,2005-12-19
9868,2009923,3,2004-12-20
9868,2316263,5,2005-04-27
9868,1689644,1,2005-05-13
9868,395384,5,2005-09-12
9868,1419344,5,2005-07-20
9868,35547,5,2005-01-27
9868,593799,4,2004-11-17
9868,2214096,4,2005-02-11
9868,1465336,4,2005-02-01
9868,1999176,2,2005-05-05
9868,384188,5,2005-10-04
9868,1807143,4,2005-10-10
9868,1701231,4,2005-10-13
9868,1093038,3,2005-09-24
9868,1688630,1,2005-09-25
9868,2457095,1,2004-11-01
9868,344546,4,2005-02-15
9868,1919269,5,2005-02-25
9868,384710,4,2005-03-23
9868,106116,5,2005-03-28
9868,1393584,4,2005-10-18
9868,1450905,5,2005-11-09
9868,16388,3,2005-11-17
9868,2329945,2,2005-08-15
9868,1508220,3,2005-03-14
9868,24807,5,2005-03-20
9868,1757328,1,2005-10-24
9868,1024768,5,2004-10-19
9868,2541385,5,2005-05-02
9868,2428834,3,2005-06-29
9868,332241,5,2005-06-29
9868,1889330,5,2005-11-14
9868,499867,4,2005-12-14
9868,2011258,4,2005-02-12
9868,727646,4,2005-04-22
9868,2432155,5,2005-06-18
9868,1800652,4,2005-08-16
9868,2550506,3,2005-03-22
9868,1890809,5,2005-06-29
9868,1576111,3,2005-10-13
9868,1362105,4,2005-10-16
9868,1223263,5,2005-10-30
9868,2155089,5,2005-07-18
9868,1576491,3,2005-10-22
9868,558678,4,2005-11-07
9868,1964735,5,2005-11-20
9868,1643318,3,2005-06-22
9868,357661,3,2005-09-13
9868,2051538,5,2005-10-28
9868,2469315,3,2005-06-16
9868,2446373,3,2005-10-18
9868,1774245,3,2005-07-23
9868,550563,3,2005-10-04
9868,1268483,4,2005-11-05
9868,361107,4,2005-12-22
9868,2037542,3,2005-01-25
9868,378986,2,2005-03-22
9868,413612,3,2005-09-17
9868,88574,4,2005-08-09
9868,1021157,4,2005-03-09
9868,2302121,5,2005-03-14
9868,1604238,3,2005-05-27
9868,2643375,1,2005-10-22
9868,1531691,5,2005-12-30
9868,2235803,5,2004-11-23
9868,341649,3,2004-10-13
9868,2608542,4,2005-12-28
9868,2207308,4,2005-08-22
9868,1093362,4,2005-01-27
9868,368142,4,2005-07-19
9868,1568234,3,2005-03-01
9868,1941022,3,2005-03-13
9868,1547725,4,2005-06-19
9868,41068,3,2005-01-30
9868,1798338,3,2005-04-20
9868,320314,3,2005-05-11
9868,1858305,1,2005-09-18
9868,1429452,4,2005-07-10
9868,925365,4,2005-07-19
9868,1735109,4,2004-12-14
9868,1303306,4,2005-01-08
9868,347789,4,2004-10-26
9868,183370,5,2005-09-29
9868,2337014,3,2005-11-14
9868,157667,4,2004-09-17
9868,2309509,4,2005-01-19
9868,1877483,4,2005-02-11
9868,777430,5,2005-02-22
9868,1507535,3,2005-05-20
9868,460419,2,2005-10-17
9868,1383762,3,2005-06-27
9868,1995099,3,2005-12-22
9868,1883670,2,2005-08-30
9868,2473448,3,2004-09-24
9868,1664010,5,2005-10-12
9868,594738,4,2005-11-08
9868,1919580,3,2005-05-11
9868,1567807,5,2005-12-23
9868,1351799,4,2005-08-21
9868,114738,5,2005-05-02
9868,2343720,4,2005-06-03
9868,1019650,4,2005-06-14
9868,2649267,3,2005-10-11
9868,1217625,3,2005-08-31
9868,1071434,5,2005-04-03
9868,1951591,1,2004-12-19
9868,1798940,3,2005-03-02
9868,2080795,4,2005-04-28
9868,499257,1,2005-05-23
9868,2637780,2,2005-12-12
9868,2616948,5,2005-12-28
9868,1665034,4,2005-08-21
9868,1959784,5,2004-10-12
9868,630590,4,2004-11-06
9868,1774367,4,2005-02-04
9868,862596,1,2005-09-15
9868,1975681,5,2005-10-26
9868,2022974,5,2005-07-18
9868,255867,4,2005-08-14
9868,586760,3,2005-02-11
9868,546370,5,2005-03-07
9868,2353380,4,2005-08-04
9868,520881,1,2005-05-02
9868,1179932,4,2005-06-09
9868,390552,1,2005-12-09
9868,1347796,2,2005-08-08
9868,428318,4,2005-01-11
9868,2085720,5,2005-11-28
9868,622382,5,2005-07-05
9868,2509048,5,2005-03-06
9868,2086311,1,2005-06-17
9868,319499,3,2005-08-02
9868,1195717,5,2005-08-29
9868,2545795,1,2005-10-26
9868,865926,3,2005-11-04
9868,957295,4,2005-07-18
9868,688419,4,2004-11-22
9868,751107,5,2005-03-18
9868,1351714,4,2005-06-16
9868,2246248,5,2005-06-18
9868,2412383,5,2005-10-25
9868,432061,3,2005-07-23
9868,1390057,1,2005-08-24
9868,695175,3,2004-11-08
9868,2379264,4,2004-11-20
9868,805725,3,2005-02-24
9868,762562,4,2005-04-18
9868,2209554,5,2005-04-14
9868,2219213,5,2005-04-29
9868,277970,4,2005-05-07
9868,1009967,5,2005-11-16
9868,1867639,3,2005-01-08
9868,260580,4,2005-06-30
9868,972509,5,2005-09-21
9868,942513,4,2005-08-25
9868,2514202,3,2005-07-29
9868,715542,5,2005-07-20
9868,448894,4,2005-08-10
9868,652715,5,2005-08-16
9868,795128,4,2004-12-15
9868,2564560,5,2005-12-05
9868,773432,5,2005-08-15
9868,691949,4,2005-08-29
9868,107105,4,2004-10-17
9868,2350651,4,2005-04-06
9868,2595864,4,2005-11-25
9868,722591,5,2004-12-16
9868,1364283,3,2005-02-21
9868,2068167,4,2005-06-01
9868,2242973,4,2005-11-05
9868,1076753,3,2005-12-05
9868,610080,5,2005-08-01
9868,685565,5,2005-01-08
9868,3321,1,2005-09-27
9868,280126,4,2005-10-22
9868,428488,1,2004-11-29
9868,1058172,5,2005-02-01
9868,1616870,4,2005-06-05
9868,1349717,4,2005-06-16
9868,545519,5,2005-10-09
9868,74533,5,2005-11-05
9868,794050,3,2005-12-01
9868,330179,3,2005-07-26
9868,34907,4,2005-08-17
9868,2415539,5,2004-12-19
9868,786950,3,2005-11-16
9868,506125,4,2005-11-30
9868,1255214,3,2005-07-27
9868,2386443,1,2005-01-20
9868,123609,4,2005-11-08
9868,1490538,3,2005-12-03
9868,2269029,3,2005-12-27
9868,2227962,5,2005-08-01
9868,1125806,4,2005-08-14
9868,1479054,5,2005-08-22
9868,2412334,5,2005-10-21
9868,404845,5,2004-11-01
9868,1051926,3,2005-12-31
9868,494636,4,2004-10-21
9868,451220,4,2004-12-29
9868,86779,4,2005-04-11
9868,126749,3,2005-01-27
9868,2111185,4,2005-02-14
9868,872221,5,2005-10-20
9868,1110506,4,2005-11-30
9868,41580,1,2005-07-07
9868,2606799,2,2005-05-03
9868,574234,5,2005-08-30
9868,1690855,4,2005-09-03
9868,233730,4,2005-06-23
9868,1878268,4,2005-10-29
9868,513120,4,2005-11-28
9868,400876,3,2005-04-25
9868,736911,5,2005-12-02
9868,1707569,4,2005-06-10
9868,897732,3,2005-10-27
9868,239484,4,2005-03-23
9868,716173,4,2005-06-23
9868,896415,2,2005-10-12
9868,1452702,5,2005-10-24
9868,2150002,4,2005-04-03
9868,1051512,5,2005-02-05
9868,1430572,5,2005-10-09
9868,504620,1,2005-08-05
9868,1461818,5,2005-08-18
9868,1167774,4,2005-08-18
9868,1646795,3,2004-12-28
9868,395007,5,2005-03-21
9868,1939552,4,2005-10-03
9868,37990,4,2005-02-07
9868,1421855,3,2005-07-25
9868,822087,5,2005-07-27
9868,417746,4,2005-07-31
9868,2165875,3,2005-08-04
9868,833951,3,2005-08-24
9868,1658566,4,2005-01-31
9868,2422147,4,2005-03-11
9868,705246,3,2005-04-22
9868,319058,2,2004-09-24
9868,295097,4,2005-02-01
9868,1781658,4,2005-11-29
9868,2255069,4,2005-08-29
9868,210601,4,2005-05-08
9868,1734467,5,2005-06-19
9868,1290688,4,2005-09-19
9868,2475866,3,2005-03-18
9868,677031,5,2005-10-06
9868,1897730,4,2005-11-02
9868,2164117,5,2004-11-04
9868,1802297,4,2004-11-29
9868,998633,3,2004-11-29
9868,805468,5,2004-12-19
9868,1357981,3,2005-03-15
9868,683973,5,2005-06-05
9868,2399740,2,2005-10-18
9868,1821408,4,2005-10-23
9868,305344,1,2004-09-17
9868,442267,3,2005-05-15
9868,932092,4,2005-06-20
9868,471790,4,2004-11-25
9868,916526,4,2005-01-04
9868,2248947,5,2005-02-13
9868,1694331,4,2005-02-21
9868,1469116,4,2005-05-25
9868,467033,5,2005-10-04
9868,575139,4,2005-07-05
9868,2042985,1,2005-07-20
9868,1746736,4,2005-07-27
9868,2138944,4,2005-08-05
9868,942390,4,2005-08-19
9868,305938,4,2005-02-24
9868,2432801,5,2005-04-18
9868,2099446,4,2005-07-01
9868,1710658,3,2005-12-05
9868,1839895,5,2004-12-06
9868,522401,4,2005-03-02
9868,697825,4,2005-03-14
9868,1243097,3,2005-07-22
9868,554015,4,2004-11-16
9868,2072409,4,2005-01-24
9868,69669,4,2005-11-01
9868,761741,1,2005-11-02
9868,1493326,5,2005-12-06
9868,671302,4,2005-08-21
9868,1065620,3,2005-08-22
9868,2254385,3,2005-07-26
9868,1185602,5,2005-07-30
9868,1901805,3,2005-02-08
9868,2316324,5,2005-04-21
9868,2421389,5,2005-05-14
9868,2203299,4,2005-05-17
9868,1126082,4,2005-07-02
9868,532302,4,2004-10-14
9868,1475702,4,2005-03-11
9868,699306,2,2005-09-26
9868,918552,4,2005-07-13
9868,2195568,4,2005-07-25
9868,1548866,4,2004-10-21
9868,1431130,3,2004-11-05
9868,436052,4,2005-01-06
9868,1674251,3,2005-04-11
9868,1803019,4,2005-05-24
9868,1776455,3,2005-10-30
9868,2162095,5,2005-12-06
9868,1762167,5,2005-06-17
9868,2627567,3,2005-10-15
9868,1035000,3,2005-07-26
9868,1987988,4,2004-09-08
9868,1758404,4,2005-04-11
9868,2239213,4,2005-08-24
9868,2529364,5,2004-10-17
9868,1646515,4,2005-02-06
9868,1891564,3,2005-02-21
9868,1818345,4,2005-02-25
9868,1653314,5,2005-09-22
9868,1144537,4,2004-12-01
9868,1151427,4,2005-02-22
9868,2255513,4,2005-05-06
9868,475102,5,2005-06-23
9868,970684,5,2005-09-29
9868,1452669,3,2005-10-02
9868,757948,4,2005-02-20
9868,326359,3,2005-03-01
9868,2256319,5,2005-04-26
9868,1000954,4,2005-05-03
9868,1805524,3,2005-11-28
9868,1214189,4,2005-07-05
9868,1561905,4,2005-07-21
9868,2146254,5,2005-08-01
9868,1480821,3,2005-08-18
9868,1123449,3,2004-10-06
9868,703961,4,2004-11-19
9868,2496938,4,2005-11-27
9868,951697,4,2005-07-14
9868,2596032,5,2005-07-24
9868,2247893,5,2005-08-09
9868,1604707,4,2005-11-28
9868,2630797,5,2005-12-09
9868,1934002,2,2005-12-19
9868,1739601,4,2005-01-09
9868,2020538,5,2005-03-21
9868,749009,4,2005-11-11
9868,1934089,5,2005-07-15
9868,389872,5,2004-11-05
9868,2199854,5,2005-04-10
9868,795446,1,2005-06-18
9868,922812,5,2005-10-05
9868,1434427,4,2004-10-14
9868,555528,3,2005-04-20
9868,2018894,4,2005-10-05
9868,1497830,5,2005-08-18
9868,788617,3,2005-06-08
9868,811150,4,2005-07-05
9868,1558587,5,2005-07-06
9868,10679,3,2005-07-10
9868,501494,4,2004-11-15
9868,1427830,3,2005-01-09
9868,1401742,3,2005-02-25
9868,1316868,4,2005-06-01
9868,1994031,5,2005-07-13
9868,2514559,2,2005-08-16
9868,1882225,5,2004-12-24
9868,2255037,5,2005-01-11
9868,2056022,2,2005-04-21
9868,2238663,5,2005-05-18
9868,79380,1,2005-10-11
9868,2103047,5,2005-11-03
9868,1483781,3,2004-10-25
9868,957535,3,2005-01-29
9868,1946318,4,2005-09-27
9868,579707,5,2005-10-24
9868,2270644,5,2005-12-08
9868,257501,4,2005-09-01
9868,791692,1,2005-05-13
9868,1710487,3,2005-07-23
9868,887697,4,2005-09-04
9868,748146,4,2004-11-15
9868,2176465,2,2005-03-12
9868,1735898,5,2005-05-24
9868,320226,3,2005-12-23
9868,113466,5,2005-08-18
9868,115656,4,2005-05-29
9868,56144,5,2005-06-15
9868,2577467,4,2005-11-30
9868,1160772,5,2004-12-12
9868,1993836,1,2005-05-12
9868,1129368,5,2005-11-19
9868,2626818,5,2005-08-09
9868,1711351,4,2005-04-27
9868,12537,4,2005-10-04
9868,580675,3,2005-12-27
9868,224252,4,2005-12-06
9868,836050,5,2005-02-21
9868,638314,4,2005-05-24
9868,943465,5,2005-09-12
9868,2118461,5,2005-10-24
9868,1854443,4,2005-08-03
9868,2331293,4,2005-04-17
9868,641138,4,2005-10-09
9868,284628,4,2005-12-27
9868,1278488,4,2005-01-05
9868,1548363,3,2005-06-27
9868,2316743,4,2005-10-15
9868,359048,5,2005-10-30
9868,387418,1,2005-10-13
9868,409446,4,2004-12-23
9868,1275963,4,2005-04-10
9868,686930,4,2005-08-11
9868,2177085,2,2005-09-08
9868,1766030,4,2004-10-05
9868,625957,3,2005-07-26
9868,1100885,4,2005-08-16
9868,1828027,2,2004-12-08
9868,2496188,5,2005-05-29
9868,763898,5,2005-10-29
9868,1906611,4,2004-10-30
9868,873478,4,2005-04-22
9868,1940443,3,2005-09-26
9868,2616035,3,2004-12-28
9868,2210009,3,2005-02-08
9868,1114342,5,2005-05-07
9868,1583539,5,2005-10-26
9868,1708356,5,2005-06-03
9868,861047,4,2005-08-01
9868,1087392,4,2004-12-07
9868,2064449,4,2005-02-06
9868,1148740,3,2005-02-18
9868,2153438,4,2005-10-27
9868,1718274,3,2005-12-27
9868,1927251,5,2005-07-27
9868,2303820,1,2004-12-27
9868,23293,4,2005-07-13
9868,2622415,5,2005-07-21
9868,1453928,4,2005-09-08
9868,1362344,3,2004-11-15
9868,268191,3,2005-01-26
9868,1407007,3,2005-02-01
9868,1461435,1,2005-04-04
9868,2198129,3,2005-09-18
9868,2181088,4,2005-12-14
9868,1256120,4,2005-07-27
9868,292691,4,2005-09-15
9868,1155332,1,2004-10-16
9868,120714,5,2005-05-16
9868,2502417,5,2005-10-27
9868,1783866,4,2005-07-25
9868,2208746,4,2005-07-27
9868,2428028,5,2005-09-10
9868,1188248,3,2005-10-24
9868,1515355,4,2005-04-24
9868,776014,5,2005-08-17
9868,2496432,2,2004-12-15
9868,203757,5,2005-08-03
9868,1301993,3,2005-07-04
9868,567157,5,2005-11-23
9868,642551,5,2005-12-14
9868,2398669,4,2005-07-09
9868,526954,3,2005-05-05
9868,2460347,1,2005-12-19
9868,17872,5,2005-12-19
9868,936677,5,2005-06-16
9868,2282041,4,2005-06-22
9868,578538,4,2005-01-03
9868,1025080,4,2005-02-23
9868,1306084,3,2005-07-02
9868,99725,4,2005-10-31
9868,403738,5,2005-08-19
9868,1300343,4,2004-11-09
9868,673750,5,2005-04-08
9868,2185238,5,2005-08-10
9868,1184037,3,2005-03-25
9868,1984443,5,2005-04-12
9868,2111262,5,2005-06-16
9868,1705215,3,2005-10-17
9868,879550,4,2005-11-11
9868,287566,5,2005-06-29
9868,6435,3,2005-03-02
9868,396245,5,2005-04-16
9868,1674536,5,2005-06-27
9868,66081,5,2005-12-04
9868,2281754,3,2005-07-27
9868,1941256,5,2005-08-14
9868,2114727,5,2004-11-15
9868,2640301,4,2005-04-06
9868,1550718,3,2005-04-21
9868,363290,4,2005-08-27
9868,2230355,4,2004-10-12
9868,2034373,4,2004-11-17
9868,1378904,5,2005-01-25
9868,730649,2,2005-05-22
9868,2167574,5,2004-11-21
9868,54884,5,2005-01-24
9868,2373173,4,2005-06-06
9868,2078225,4,2005-10-20
9868,2227384,5,2005-08-15
9868,2279990,4,2005-06-08
9868,640425,3,2005-01-30
9868,1313126,5,2005-02-03
9868,2124537,4,2005-12-06
9868,744698,1,2004-09-25
9868,656449,4,2005-02-04
9868,245254,4,2005-11-11
9868,822391,1,2005-08-09
9868,2482502,5,2005-08-11
9868,2634967,1,2005-01-10
9868,939582,3,2005-10-01
9868,2270619,5,2005-11-24
9868,1385356,3,2005-09-23
9868,347778,4,2005-01-25
9868,1956947,4,2005-02-23
9868,1121781,5,2005-06-27
9868,1272199,5,2005-12-08
