1697,1907667,4,2004-05-19
1697,2433426,3,2004-07-11
1697,395100,4,2004-06-07
1697,6228,4,2004-12-07
1697,2540855,5,2005-04-20
1697,1145353,4,2004-09-08
1697,2625420,2,2004-12-06
1697,1117215,5,2005-05-26
1697,2324407,2,2004-02-29
1697,2312349,4,2004-08-23
1697,1723799,3,2004-08-10
1697,1867400,4,2004-04-16
1697,2134686,5,2005-02-15
1697,2259898,4,2005-03-01
1697,2430016,4,2005-06-11
1697,2242958,3,2004-02-10
1697,1030986,4,2004-09-08
1697,2213535,5,2004-02-09
1697,1510598,4,2005-01-25
1697,395732,4,2005-03-09
1697,398016,4,2005-03-28
1697,2415876,3,2004-05-13
1697,598993,4,2004-12-08
1697,269808,4,2005-05-03
1697,224358,5,2004-03-20
1697,1586084,4,2004-08-15
1697,200255,5,2005-10-04
1697,1791540,4,2004-07-26
1697,1734105,4,2005-05-19
1697,2593317,4,2004-05-03
1697,1335063,4,2004-02-26
1697,29113,5,2004-01-27
1697,427561,3,2004-04-30
1697,903779,4,2005-05-04
1697,2418104,4,2005-05-17
1697,859072,2,2005-06-01
1697,1196728,3,2004-07-12
1697,1372672,4,2004-11-09
1697,1731838,4,2005-04-05
1697,7353,4,2005-05-26
1697,1372014,4,2005-08-05
1697,1724783,5,2004-08-02
1697,786312,4,2004-11-15
1697,699662,4,2004-12-29
1697,1197233,1,2005-02-07
1697,960023,4,2004-05-02
1697,2333723,5,2004-09-01
1697,2487045,2,2004-09-20
1697,2576924,3,2004-12-06
1697,1473445,1,2005-01-12
1697,1731733,5,2005-01-13
1697,1940025,4,2005-02-22
1697,894149,4,2005-03-02
1697,458459,2,2005-03-09
1697,66109,4,2004-03-31
1697,2559803,4,2003-12-02
1697,611041,4,2004-09-01
1697,829825,5,2004-06-27
1697,352878,5,2004-09-24
1697,1814570,4,2004-09-30
1697,2102030,4,2005-02-22
1697,178588,3,2005-03-11
1697,311641,1,2005-03-14
1697,306199,3,2005-04-07
1697,889660,4,2005-01-03
1697,642090,4,2005-01-28
1697,635955,3,2005-03-22
1697,1500479,5,2004-04-18
1697,1434636,2,2004-05-01
1697,814390,4,2004-08-13
1697,2045508,5,2004-09-28
1697,1421718,5,2004-11-04
1697,621082,4,2004-11-09
1697,1324023,3,2004-12-14
1697,1984028,4,2005-02-18
1697,478079,4,2005-03-13
1697,1754150,3,2005-03-26
1697,2242949,4,2005-05-19
1697,2456727,5,2004-08-02
1697,1892529,5,2004-10-04
1697,1672148,4,2005-02-09
1697,1537854,3,2005-04-29
1697,1003967,3,2005-05-29
1697,1575223,5,2004-04-07
1697,229969,5,2004-06-08
1697,2141387,5,2004-02-23
1697,921499,5,2005-03-10
1697,824766,1,2005-04-18
1697,2366646,4,2004-05-28
1697,1790670,5,2004-01-11
1697,1001129,3,2004-10-08
1697,2347700,3,2005-04-25
1697,2250113,5,2004-03-05
1697,2223740,4,2004-04-07
1697,392918,4,2004-03-29
1697,2395343,4,2005-03-22
1697,2648260,2,2005-04-11
1697,2128254,4,2004-07-14
1697,2281353,1,2004-01-28
1697,1927580,4,2004-11-10
1697,46519,3,2004-12-01
1697,1436987,5,2005-02-23
1697,963500,4,2005-05-09
1697,664105,2,2005-01-20
1697,389622,3,2004-08-17
1697,58493,5,2004-03-20
1697,1170871,5,2004-08-13
1697,1802979,4,2004-10-19
1697,2036346,5,2005-03-28
1697,2095263,4,2004-02-18
1697,34810,5,2005-01-02
1697,1353561,5,2005-03-13
1697,602077,4,2005-05-14
1697,572122,3,2005-05-19
1697,2024983,3,2004-07-12
1697,2569992,2,2004-04-26
1697,1433690,4,2005-02-07
1697,1216158,5,2005-02-24
1697,1369550,4,2004-08-18
1697,369761,2,2004-10-26
1697,2294328,5,2004-11-22
1697,478176,4,2004-12-06
1697,1030857,1,2005-02-21
1697,1567202,3,2005-04-07
1697,1722939,4,2005-04-22
1697,1568641,2,2005-05-11
1697,760570,5,2005-06-12
1697,427369,4,2004-07-29
1697,2034398,2,2005-03-14
1697,652143,4,2005-03-23
1697,460117,5,2005-10-16
1697,1117757,3,2004-07-09
1697,1551312,5,2004-06-05
1697,1805961,5,2004-08-14
1697,1082588,4,2004-09-18
1697,2222482,5,2004-11-15
1697,1272379,1,2005-01-19
1697,199195,4,2005-05-03
1697,993168,4,2004-06-12
1697,772923,4,2004-08-27
1697,1445423,3,2004-05-10
1697,1743025,4,2004-05-13
1697,486255,2,2005-03-17
1697,2052038,5,2005-03-23
1697,1851603,5,2004-09-17
1697,415672,5,2004-11-12
1697,1309088,1,2005-02-02
1697,1941368,5,2005-07-28
1697,1589582,2,2004-02-03
1697,550901,3,2004-07-17
1697,390165,3,2004-05-07
1697,2878,5,2004-10-30
1697,1490207,4,2004-06-11
1697,756979,4,2004-03-16
1697,639559,4,2004-12-02
1697,814421,4,2005-04-08
1697,1412898,2,2004-12-14
1697,752402,5,2003-12-23
1697,1526354,4,2005-09-10
1697,2172183,1,2004-10-25
1697,1591355,5,2005-02-08
1697,2391686,1,2004-09-12
1697,2460018,4,2005-02-14
1697,1819462,1,2005-03-09
1697,2439493,1,2003-11-21
1697,1979787,5,2004-09-27
1697,1047830,4,2004-09-27
1697,1539146,4,2004-11-29
1697,1356923,3,2005-04-22
1697,446060,5,2004-06-28
1697,317972,5,2004-06-19
1697,1952860,5,2004-07-16
1697,71210,4,2005-01-05
1697,600363,3,2005-06-08
1697,1274786,4,2005-05-27
1697,71039,3,2005-06-19
1697,2341161,4,2004-07-12
1697,200493,4,2004-02-23
1697,668487,4,2004-04-27
1697,2202265,4,2004-10-16
1697,1917946,1,2005-03-08
1697,1990179,5,2005-06-25
1697,130123,4,2004-11-30
1697,592069,3,2005-01-05
1697,286401,3,2005-03-01
1697,741965,4,2004-03-20
1697,2432893,5,2004-05-12
1697,2302285,4,2004-09-19
1697,1860809,5,2004-09-21
1697,1857762,3,2004-10-17
1697,370583,4,2005-04-08
1697,1822811,2,2005-04-21
1697,1770331,5,2004-04-10
1697,1438167,5,2004-06-30
1697,2308991,4,2004-03-23
1697,1945838,5,2005-04-10
1697,588918,4,2004-05-03
1697,2608765,2,2004-05-10
1697,1506336,4,2004-11-12
1697,1173784,3,2005-04-19
1697,2497996,4,2005-06-03
1697,235553,3,2004-03-06
1697,1540380,4,2004-03-22
1697,584980,5,2004-04-08
1697,1024854,4,2005-10-02
1697,2622042,2,2004-08-23
1697,355998,5,2004-06-09
1697,2040859,1,2004-11-23
1697,1051581,5,2005-01-04
1697,792534,3,2003-12-22
1697,2602339,5,2004-05-04
1697,1561116,3,2005-06-01
1697,480288,5,2004-04-24
1697,1521559,4,2004-11-22
1697,659029,2,2004-12-08
1697,1644621,3,2005-05-24
1697,121832,5,2004-02-10
1697,1814901,5,2004-05-24
1697,1954386,3,2004-04-14
1697,509365,4,2004-03-23
1697,2555683,4,2004-10-01
1697,2195071,3,2004-01-28
1697,2381849,3,2004-07-12
1697,1558352,4,2004-05-18
1697,2232946,5,2004-12-02
1697,1092521,4,2005-02-12
1697,1535913,5,2004-01-21
1697,198915,4,2004-04-19
1697,2410243,4,2004-01-24
1697,1903324,1,2004-12-08
1697,1290262,5,2004-06-07
1697,2380197,1,2004-02-14
1697,1528902,4,2004-05-24
1697,818752,3,2004-07-30
1697,1694916,3,2004-09-22
1697,98586,5,2004-12-08
1697,1452809,4,2005-03-17
1697,2600868,3,2004-07-14
1697,192519,4,2004-07-19
1697,1509050,3,2004-07-20
1697,125406,4,2004-08-24
1697,1925463,3,2004-10-11
1697,1431160,3,2005-03-21
1697,898493,5,2004-08-17
1697,2512128,4,2004-06-10
1697,557980,5,2004-10-07
1697,2457095,1,2004-11-12
1697,780579,4,2004-11-19
1697,2043637,4,2005-01-06
1697,538059,4,2005-01-20
1697,1716984,4,2005-05-06
1697,1475609,3,2005-12-31
1697,1809161,5,2004-01-18
1697,838617,3,2004-10-01
1697,2592095,4,2005-07-10
1697,1848539,3,2004-12-15
1697,1982434,5,2004-04-01
1697,1148318,5,2004-03-29
1697,1152574,5,2005-03-09
1697,105221,3,2004-01-14
1697,2004994,4,2004-09-28
1697,1225455,5,2004-07-15
1697,2174083,3,2004-05-15
1697,475712,2,2005-02-20
1697,1482775,3,2004-06-13
1697,1476635,3,2004-11-23
1697,2643785,5,2004-12-17
1697,2388645,5,2004-11-30
1697,222544,4,2004-03-02
1697,279521,5,2005-01-19
1697,2461567,4,2005-04-20
1697,2618367,5,2005-04-24
1697,2496050,4,2004-05-01
1697,1502901,3,2005-03-03
1697,27815,5,2005-05-10
1697,2386418,3,2004-07-17
1697,1009089,5,2004-06-30
1697,184705,1,2004-11-16
1697,117934,5,2004-12-26
1697,1508263,5,2005-03-26
1697,2624597,5,2005-03-20
1697,2404300,4,2004-05-26
1697,1276060,3,2004-08-02
1697,956561,4,2004-06-30
1697,269327,5,2004-06-20
1697,1834549,4,2005-02-09
1697,1368954,5,2005-03-07
1697,1306304,3,2004-04-13
1697,529958,4,2004-06-15
1697,1751977,4,2004-11-29
1697,57691,4,2004-03-30
1697,2194425,5,2004-03-03
1697,986687,3,2004-04-02
1697,2705,3,2004-07-31
1697,2186641,5,2004-07-07
1697,2158681,4,2004-06-18
1697,1021760,5,2004-02-20
1697,1033825,4,2004-06-30
1697,584437,4,2004-10-06
1697,1414981,5,2004-10-19
1697,174107,4,2005-04-25
1697,1584159,5,2004-07-24
1697,517416,4,2004-05-29
1697,1825375,3,2004-12-08
1697,785207,2,2005-02-15
1697,606319,5,2005-03-28
1697,1178747,4,2005-05-22
1697,1651987,4,2004-01-27
1697,706897,4,2004-12-28
1697,2552319,3,2005-04-03
1697,569658,3,2004-05-06
1697,2053416,5,2004-11-30
1697,1818059,5,2004-12-06
1697,2598723,4,2004-09-17
1697,72577,3,2004-12-31
1697,1974882,2,2005-05-18
1697,1685663,5,2005-03-24
1697,253659,4,2005-03-05
1697,960983,5,2005-03-28
1697,1701081,3,2004-08-08
1697,524631,3,2004-03-08
1697,765680,4,2003-12-16
1697,1867135,5,2004-02-11
1697,916162,3,2004-11-05
1697,342312,1,2005-02-28
1697,910339,4,2005-05-01
1697,2586598,4,2004-02-04
1697,2012258,4,2004-04-08
1697,788698,4,2004-06-13
1697,1006181,4,2004-05-17
1697,1576577,5,2004-04-23
1697,84843,4,2004-10-28
1697,2224178,5,2005-01-25
1697,2431289,5,2005-05-17
1697,2313015,4,2005-07-10
1697,2278178,3,2003-12-29
1697,557372,4,2004-08-29
1697,978309,5,2005-02-04
1697,1148103,5,2004-07-16
1697,871312,5,2004-04-12
1697,943538,3,2004-05-24
1697,2120556,4,2004-05-03
1697,1129085,5,2004-10-31
1697,396661,4,2004-12-29
1697,1295669,5,2004-04-09
1697,787658,3,2004-01-01
1697,2253854,4,2004-06-02
1697,2572636,2,2004-07-29
1697,1181609,5,2004-09-26
1697,1273513,4,2005-05-16
1697,1419286,4,2004-02-15
1697,329958,1,2004-02-08
1697,2180265,3,2004-12-06
1697,826948,4,2005-05-08
1697,2210163,5,2004-02-12
1697,2271973,4,2004-03-03
1697,2324813,5,2004-06-23
1697,2226380,3,2005-03-29
1697,1711445,3,2004-09-16
1697,779585,4,2004-05-26
1697,1717754,4,2005-04-24
1697,49866,3,2005-05-22
1697,702950,4,2005-02-26
1697,1158194,2,2005-03-17
1697,830680,5,2004-04-13
1697,2012492,4,2004-11-05
1697,977681,4,2004-04-12
1697,2324645,4,2005-12-10
1697,2004105,4,2004-07-12
1697,884794,5,2004-12-29
1697,2078484,4,2004-05-10
1697,2141172,2,2004-03-04
1697,2362884,5,2004-04-23
1697,2062092,4,2004-05-27
1697,453020,3,2005-02-22
1697,2507467,4,2005-04-09
1697,694620,5,2004-03-05
1697,1479036,5,2004-03-12
1697,153363,3,2004-08-23
1697,498063,4,2004-09-29
1697,230252,4,2004-10-19
1697,1862705,5,2004-12-01
1697,2078996,5,2004-07-14
1697,247005,5,2004-07-04
1697,134145,4,2004-04-12
1697,1280602,5,2005-03-21
1697,1538341,3,2005-04-13
1697,122057,5,2005-12-06
1697,2099583,4,2004-09-14
1697,465638,4,2004-07-02
1697,1253309,4,2004-12-20
1697,1428452,3,2005-02-06
1697,887619,5,2004-01-19
1697,2531588,2,2004-05-28
1697,1217463,5,2004-08-20
1697,1976969,5,2004-03-26
1697,366683,5,2004-11-08
1697,771414,4,2005-02-08
1697,2574827,4,2005-03-28
1697,1240892,3,2004-07-24
1697,1993930,5,2005-05-13
1697,1649017,4,2004-12-22
1697,1458408,4,2004-07-11
1697,1192969,4,2005-01-31
1697,475487,4,2005-03-28
1697,964571,5,2005-04-26
1697,65481,2,2005-12-30
1697,1217852,4,2004-05-05
1697,115530,1,2004-01-14
1697,2148475,4,2004-11-21
1697,1122030,5,2005-01-09
1697,1324636,4,2005-01-11
1697,797889,5,2005-02-13
1697,1344482,3,2005-02-21
1697,662156,4,2004-03-27
1697,531125,1,2004-07-20
1697,1684613,3,2004-09-30
1697,1858104,4,2004-12-23
1697,2234279,4,2005-05-18
1697,134790,1,2003-11-18
1697,808435,4,2004-04-16
1697,1597754,4,2004-09-10
1697,1720225,4,2004-05-13
1697,1623543,4,2004-11-08
1697,2223839,5,2005-01-12
1697,871417,4,2005-04-26
1697,1600684,4,2004-09-03
1697,261694,5,2004-06-08
1697,2518168,5,2004-12-29
1697,26896,5,2005-03-08
1697,1576182,3,2005-04-04
1697,1377693,4,2004-03-15
1697,2507082,3,2004-09-28
1697,2212895,5,2005-02-03
1697,2118155,5,2005-03-04
1697,541569,3,2004-06-08
1697,983523,4,2004-05-04
1697,432694,3,2004-05-07
1697,1232800,1,2003-12-30
1697,1811259,5,2005-03-28
1697,824577,4,2004-08-05
1697,1795848,4,2004-10-30
1697,1041130,2,2004-12-11
1697,451096,4,2005-01-24
1697,2446506,4,2005-04-06
1697,1398326,4,2004-11-05
1697,214501,5,2004-02-01
1697,2352251,5,2004-08-08
1697,986364,4,2004-07-06
1697,920065,1,2004-12-22
1697,320856,3,2005-01-11
1697,1437192,3,2005-04-02
1697,1644709,4,2004-11-05
1697,1147583,4,2005-02-08
1697,255879,4,2005-03-28
1697,1654139,4,2005-05-10
1697,757756,5,2004-04-06
1697,1311642,4,2004-01-12
1697,1231956,5,2004-08-19
1697,2379072,4,2004-09-29
1697,2507614,3,2004-12-20
1697,1851346,4,2005-02-08
1697,2117006,5,2005-03-21
1697,1837447,5,2005-04-22
1697,492008,4,2005-06-07
1697,887873,5,2004-04-19
1697,1273659,4,2004-02-01
1697,1606211,4,2004-04-26
1697,1198276,2,2004-08-09
1697,2256485,1,2004-11-18
1697,1945922,4,2005-02-02
1697,2127108,5,2004-03-28
1697,2333066,4,2004-09-26
1697,295220,5,2004-09-27
1697,2545075,3,2005-01-03
1697,2141931,4,2005-01-13
1697,1244125,5,2004-06-06
1697,961317,2,2004-02-15
1697,2328168,2,2005-02-22
1697,1929235,4,2005-03-07
1697,1189104,2,2005-03-11
1697,1569046,5,2005-04-11
1697,2039272,5,2005-10-24
1697,633054,5,2004-05-11
1697,2324997,3,2004-07-25
1697,2626197,3,2004-05-04
1697,2229399,5,2004-12-17
1697,1489880,3,2004-09-15
1697,722753,4,2004-11-24
1697,104749,3,2004-12-28
1697,138012,5,2005-04-20
1697,1570536,5,2004-07-20
1697,1405119,3,2004-09-08
1697,2412149,5,2005-01-19
1697,624753,4,2005-04-06
1697,600900,5,2005-06-02
1697,2579163,5,2004-08-04
1697,127816,5,2004-06-07
1697,1858759,5,2004-09-10
1697,2279797,4,2005-01-27
1697,656660,5,2005-01-28
1697,167484,4,2005-03-10
1697,2389533,4,2005-04-05
1697,715516,5,2004-02-09
1697,297461,4,2004-11-09
1697,742738,3,2004-11-18
1697,1072699,3,2004-12-12
1697,1829748,4,2004-01-19
1697,305344,1,2003-11-08
1697,842431,3,2004-04-19
1697,209834,1,2004-12-06
1697,627405,5,2004-12-28
1697,1315245,4,2004-08-29
1697,1237939,4,2004-03-04
1697,1334516,4,2004-09-13
1697,1484863,4,2004-12-21
1697,2504568,5,2005-04-29
1697,844028,5,2004-01-12
1697,2516973,4,2004-02-24
1697,2638967,4,2004-03-29
1697,1803372,3,2004-04-14
1697,2367268,3,2004-11-03
1697,86467,4,2005-04-06
1697,1835080,4,2005-10-17
1697,1264970,4,2004-05-28
1697,1505280,3,2004-03-17
1697,1523710,5,2004-02-13
1697,2111228,1,2005-02-18
1697,1403217,2,2005-04-06
1697,1930881,5,2004-02-18
1697,1260164,4,2004-05-03
1697,2217027,5,2004-10-21
1697,1965052,3,2005-02-01
1697,1993577,4,2004-07-20
1697,1428930,1,2004-12-29
1697,2209196,4,2005-03-12
1697,1395781,3,2004-09-07
1697,92978,5,2004-05-03
1697,44481,4,2004-05-25
1697,2375058,4,2004-04-18
1697,116398,3,2004-12-30
1697,476695,4,2005-10-16
1697,1336554,3,2004-06-28
1697,293627,4,2004-09-02
1697,2260738,4,2004-06-23
1697,1538334,4,2004-05-27
1697,1634654,4,2004-05-12
1697,2593645,4,2004-04-28
1697,2642052,4,2004-06-03
1697,1808201,4,2004-09-30
1697,2099003,5,2005-05-05
1697,1701271,3,2004-08-12
1697,2498349,5,2004-06-03
1697,1509988,3,2004-05-10
1697,1336329,4,2005-01-29
1697,2125032,3,2005-02-02
1697,455923,4,2005-02-12
1697,1577997,4,2005-05-03
1697,1345871,4,2005-06-14
1697,562540,3,2003-11-17
1697,841633,3,2005-03-21
1697,1814580,3,2004-02-23
1697,2541048,1,2004-07-29
1697,1476323,4,2004-04-22
1697,2348261,4,2004-12-24
1697,2222815,5,2005-04-19
1697,1800382,5,2004-04-24
1697,2102886,5,2005-07-31
1697,686587,4,2004-04-21
1697,2218900,4,2004-09-26
1697,2100834,1,2004-12-16
1697,1276567,4,2005-04-12
1697,2332114,1,2004-07-18
1697,1419739,5,2004-02-06
1697,1182942,2,2004-04-19
1697,2214257,5,2004-12-20
1697,1187000,4,2005-05-31
1697,848875,4,2004-06-22
1697,1833039,5,2004-09-14
1697,842359,5,2004-05-14
1697,2289940,4,2004-10-05
1697,1553129,4,2005-01-24
1697,1953270,5,2005-03-01
1697,1092280,5,2005-05-29
1697,85594,5,2005-06-13
1697,1114818,4,2004-03-12
1697,2598647,4,2004-06-17
1697,672919,4,2004-05-11
1697,945893,5,2004-05-24
1697,2573432,1,2005-02-28
1697,533344,3,2004-12-31
1697,763240,5,2004-03-02
1697,2549548,4,2004-03-31
1697,1348202,4,2004-07-27
1697,1263634,4,2005-05-19
1697,1252608,3,2004-01-20
1697,129310,3,2004-05-29
1697,769674,5,2004-06-23
1697,111054,3,2004-07-12
1697,507873,1,2005-01-27
1697,590970,2,2004-03-02
1697,1492914,4,2004-06-21
1697,826696,3,2004-12-24
1697,1644134,3,2005-06-15
1697,1545274,5,2005-01-10
1697,1561960,1,2005-01-20
1697,1229977,3,2005-03-17
1697,550694,4,2005-04-09
1697,121182,4,2004-04-19
1697,2522394,4,2004-05-20
1697,2578257,4,2004-09-28
1697,1753554,5,2004-11-23
1697,22813,4,2005-02-13
1697,2171553,3,2005-04-06
1697,2064167,5,2005-04-06
1697,1200016,4,2005-09-18
1697,1049579,3,2004-05-13
1697,1029872,3,2005-06-01
1697,2064995,4,2004-04-05
1697,1743240,4,2004-09-08
1697,2425339,5,2004-09-12
1697,1938323,4,2004-10-05
1697,707509,4,2004-11-07
1697,824856,5,2005-05-11
1697,2077036,5,2005-07-24
1697,2518822,5,2004-12-05
1697,1754240,4,2004-05-19
1697,427210,3,2005-01-04
1697,1368404,3,2004-04-09
1697,2545709,3,2004-06-28
1697,1119879,5,2004-10-05
1697,158676,3,2004-11-16
1697,2036576,2,2003-12-16
1697,2450534,5,2004-02-26
1697,1222480,5,2004-10-21
1697,2322349,4,2004-11-06
1697,2153306,4,2005-02-02
1697,149019,4,2005-02-14
1697,171855,2,2005-03-24
1697,961675,3,2005-02-23
1697,839510,4,2005-03-12
1697,1071153,5,2003-12-18
1697,1042848,3,2005-04-16
1697,1923690,4,2004-03-29
1697,71743,4,2004-07-12
1697,509683,4,2004-07-07
1697,1166323,4,2004-08-12
1697,1810658,5,2004-04-04
1697,1814032,5,2004-04-13
1697,2296586,4,2004-04-02
1697,288282,4,2004-08-15
1697,2115663,4,2004-09-23
1697,391604,5,2004-10-07
1697,1497096,4,2004-11-23
1697,283941,5,2005-04-07
1697,164825,5,2005-04-12
1697,765476,4,2005-05-31
1697,364974,4,2004-09-07
1697,468027,4,2004-10-05
1697,1638460,4,2004-10-29
1697,1551461,4,2005-04-18
1697,2383288,4,2004-03-03
1697,1612795,4,2004-05-09
1697,1702414,3,2004-04-15
1697,2301118,3,2004-11-17
1697,727241,5,2004-12-10
1697,2061495,3,2005-02-28
1697,824545,3,2005-04-28
1697,387418,2,2003-11-05
1697,841869,4,2004-10-28
1697,800983,1,2004-11-14
1697,2485803,4,2004-12-23
1697,1063147,5,2004-01-27
1697,154698,2,2004-05-11
1697,1651924,4,2004-06-29
1697,1095284,5,2004-05-12
1697,1247574,4,2004-06-04
1697,2426367,5,2004-09-04
1697,2571420,4,2005-05-09
1697,1029163,3,2004-04-13
1697,2192258,3,2004-04-22
1697,2402162,4,2003-12-22
1697,107909,3,2004-10-31
1697,945771,5,2004-09-06
1697,1391510,5,2004-03-07
1697,379401,4,2005-04-06
1697,1981621,4,2005-04-10
1697,92533,3,2005-05-06
1697,1115264,4,2004-12-04
1697,236121,5,2004-08-28
1697,2045481,4,2004-06-08
1697,873478,4,2004-07-13
1697,802459,4,2004-05-13
1697,1564191,1,2005-01-25
1697,1266214,5,2005-04-30
1697,785992,4,2004-02-23
1697,2630107,4,2004-08-27
1697,2550058,4,2005-03-13
1697,1482177,5,2005-05-12
1697,756162,4,2004-03-19
1697,1061195,1,2003-11-17
1697,651849,5,2004-08-09
1697,458052,3,2004-07-25
1697,1098655,1,2004-06-17
1697,1498772,3,2004-04-22
1697,2540506,5,2004-10-07
1697,2562398,2,2005-03-26
1697,2096620,1,2004-06-18
1697,2599060,4,2004-07-25
1697,1031328,4,2004-04-08
1697,1257336,1,2004-11-30
1697,424,1,2004-12-21
1697,1034537,5,2005-01-31
1697,531010,5,2004-07-13
1697,1673775,4,2004-06-07
1697,1283406,4,2004-12-31
1697,1001928,5,2005-12-17
1697,2572081,5,2004-05-25
1697,2567960,4,2004-02-20
1697,1868321,5,2004-08-06
1697,2093947,4,2004-09-14
1697,2548958,4,2004-05-17
1697,732742,5,2004-10-29
1697,1094943,4,2005-01-13
1697,1386193,5,2005-01-19
1697,1816306,4,2004-06-03
1697,979847,5,2004-05-15
1697,348301,4,2004-03-24
1697,1596876,5,2004-01-27
1697,133129,4,2004-03-31
1697,2217454,4,2004-06-09
1697,1877070,4,2004-05-19
1697,358034,4,2004-12-13
1697,1699045,4,2004-05-11
1697,162834,5,2004-07-21
1697,1362152,4,2004-06-03
1697,2394623,5,2004-11-05
1697,2586070,5,2004-11-24
1697,2095429,5,2004-11-28
1697,596494,5,2005-01-01
1697,1186925,4,2004-04-07
1697,1117474,5,2004-06-30
1697,456765,5,2004-10-20
1697,1236090,4,2005-01-29
1697,57633,2,2005-02-06
1697,696400,5,2005-02-14
1697,2492118,5,2005-05-04
1697,2050120,3,2004-05-24
1697,1879975,5,2004-03-25
1697,78129,4,2004-04-01
1697,356403,4,2004-08-30
1697,2605179,4,2004-09-09
1697,113983,4,2004-03-08
1697,2150689,5,2005-04-12
1697,2111611,4,2004-07-22
1697,75327,4,2004-05-18
1697,1322878,5,2004-02-18
1697,1980246,5,2004-12-22
1697,126058,4,2005-05-13
1697,1036636,4,2005-05-26
1697,219481,4,2004-04-20
1697,702686,5,2004-11-20
1697,766553,5,2005-01-31
1697,1361614,4,2005-02-02
1697,2091384,4,2005-02-16
1697,146587,3,2005-05-31
1697,2219092,4,2004-08-06
1697,2577168,4,2005-04-17
1697,2424587,4,2005-10-24
1697,1153750,3,2004-05-20
1697,395290,5,2004-08-02
1697,2263150,5,2004-07-22
1697,2232563,4,2005-01-24
1697,627902,5,2005-05-16
1697,827933,5,2004-04-08
1697,791733,4,2004-02-29
1697,1601267,5,2005-06-04
1697,316155,5,2004-09-09
1697,451871,4,2004-01-31
1697,399823,4,2005-08-17
1697,373284,3,2004-03-31
1697,1999218,5,2004-12-07
1697,1171523,5,2005-02-21
1697,1929020,4,2005-03-28
1697,1508067,5,2004-05-14
1697,2375240,5,2004-12-20
1697,2286377,4,2004-12-28
1697,238974,5,2005-02-14
1697,774386,5,2004-08-08
1697,1410435,3,2004-10-22
1697,1184388,4,2005-05-02
1697,358578,5,2004-02-20
1697,206893,5,2004-07-06
1697,1884840,4,2005-04-25
1697,428688,4,2005-05-12
1697,1764962,5,2004-03-27
1697,755112,5,2004-06-11
1697,1716938,3,2004-10-13
1697,1114063,3,2004-11-23
1697,2368629,3,2005-04-04
1697,1455309,5,2004-02-04
1697,4460,3,2004-07-19
1697,1847606,4,2004-10-11
1697,2489783,4,2005-01-03
1697,1541953,1,2005-05-14
1697,2293751,3,2005-05-31
1697,1340530,4,2004-02-13
1697,1300759,4,2004-04-13
1697,1385181,4,2004-09-21
1697,2097603,4,2004-10-06
1697,1981099,4,2005-04-28
1697,1058556,4,2004-09-15
1697,1635449,1,2005-01-10
1697,2051123,5,2005-02-09
1697,2549935,4,2005-04-13
