8829,914918,3,2004-10-11
8829,2502462,2,2005-03-25
8829,573364,5,2005-05-24
8829,876388,4,2005-12-12
8829,1696725,4,2004-01-06
8829,67315,1,2003-07-28
8829,663560,5,2005-08-25
8829,1162007,3,2004-04-03
8829,1033971,4,2004-01-18
8829,105833,1,2004-11-17
8829,603277,3,2003-12-27
8829,1501288,3,2003-10-24
8829,2256992,2,2004-05-10
8829,964440,4,2003-11-10
8829,2625420,2,2004-06-03
8829,607969,3,2004-09-05
8829,2088663,3,2004-09-13
8829,1337685,3,2004-02-23
8829,126998,4,2004-08-26
8829,1021701,3,2004-10-06
8829,1935501,4,2004-10-24
8829,2472537,1,2004-10-24
8829,1709606,5,2004-11-05
8829,1917657,4,2005-10-16
8829,1582317,4,2005-08-10
8829,1327944,4,2005-08-17
8829,1053191,3,2004-02-26
8829,12451,1,2005-04-27
8829,575830,2,2005-05-02
8829,1316043,3,2005-12-08
8829,2242958,4,2004-06-14
8829,47411,5,2004-11-29
8829,1495348,2,2005-02-16
8829,923230,1,2005-02-25
8829,2537041,4,2003-11-28
8829,1918085,4,2005-03-11
8829,786415,5,2005-03-15
8829,970936,4,2005-10-28
8829,1478381,4,2005-08-11
8829,1405345,5,2005-08-26
8829,563123,2,2003-12-07
8829,2618381,5,2004-06-15
8829,1517471,5,2003-12-30
8829,499718,3,2004-06-01
8829,301811,5,2004-10-15
8829,26648,4,2005-11-15
8829,1518964,2,2004-12-30
8829,940556,4,2005-01-19
8829,1460439,4,2005-03-22
8829,1733733,3,2005-12-29
8829,262411,4,2003-10-28
8829,870496,2,2003-06-24
8829,2180588,2,2004-04-20
8829,1355423,1,2005-02-22
8829,623351,3,2005-11-28
8829,303948,3,2005-11-28
8829,1335063,4,2004-02-10
8829,2293026,2,2004-01-07
8829,1808930,4,2004-10-12
8829,1095930,2,2004-10-27
8829,1253718,4,2004-11-22
8829,1181550,1,2005-07-13
8829,2091752,3,2004-04-21
8829,2502315,5,2002-11-21
8829,2260281,5,2004-11-20
8829,237235,5,2005-06-02
8829,446309,4,2005-08-03
8829,179664,5,2004-09-15
8829,2526278,3,2004-12-02
8829,1846368,4,2005-04-10
8829,1152671,3,2005-05-06
8829,1860412,3,2005-06-03
8829,1974656,4,2005-09-16
8829,66871,5,2005-12-08
8829,2307923,4,2004-03-02
8829,2546016,1,2005-08-29
8829,786312,3,2004-11-06
8829,1197296,4,2004-12-19
8829,1318831,5,2005-02-01
8829,373450,4,2005-05-12
8829,2610349,3,2005-07-06
8829,164210,4,2005-07-29
8829,1189269,5,2005-05-16
8829,2094679,4,2005-02-15
8829,1696335,3,2004-02-26
8829,66109,2,2003-01-23
8829,2256180,5,2005-08-26
8829,98044,3,2005-06-14
8829,1226073,2,2005-10-24
8829,2399595,5,2004-01-19
8829,1292217,3,2004-05-08
8829,1424487,3,2004-10-08
8829,2327422,4,2004-11-16
8829,701150,2,2005-11-25
8829,661407,3,2005-12-10
8829,1665694,4,2005-08-09
8829,2104131,4,2004-08-27
8829,2647626,2,2004-05-19
8829,44266,4,2005-02-16
8829,430109,1,2005-06-18
8829,366279,4,2005-10-01
8829,473462,3,2005-10-16
8829,1346269,4,2005-07-08
8829,1045221,3,2004-01-26
8829,297901,4,2004-02-25
8829,942668,4,2004-11-07
8829,831988,4,2005-04-10
8829,1664495,3,2005-09-07
8829,1432375,5,2005-12-02
8829,2259769,3,2005-07-23
8829,1589677,4,2002-09-17
8829,1815385,5,2003-10-20
8829,1330760,3,2005-08-22
8829,2281268,4,2004-02-17
8829,485977,3,2004-07-23
8829,1737894,5,2004-10-18
8829,2280656,2,2004-10-22
8829,2582791,3,2003-03-24
8829,2201939,4,2005-08-09
8829,270694,4,2005-08-10
8829,2308722,2,2004-07-06
8829,2166896,2,2004-12-27
8829,1252011,1,2005-06-14
8829,30978,4,2005-07-03
8829,1779459,3,2005-10-03
8829,1913518,3,2005-11-29
8829,840901,5,2004-07-27
8829,2135038,3,2003-03-12
8829,1524885,3,2005-07-18
8829,1515897,5,2002-03-16
8829,566123,4,2004-08-31
8829,2435788,1,2004-03-31
8829,1822240,5,2004-02-16
8829,566604,5,2004-05-04
8829,229617,3,2004-08-13
8829,1275592,4,2004-04-29
8829,1553591,3,2005-06-05
8829,113867,2,2005-06-21
8829,1035499,5,2005-06-30
8829,2511626,4,2005-10-02
8829,2128254,3,2003-06-18
8829,1927580,4,2004-01-14
8829,2304204,5,2005-01-26
8829,1924012,3,2005-02-10
8829,2524282,3,2005-06-16
8829,1938819,3,2005-11-10
8829,2433461,3,2004-02-14
8829,819068,4,2001-07-11
8829,1046291,5,2005-08-19
8829,20936,2,2004-05-30
8829,2241623,4,2004-12-14
8829,1846627,5,2005-04-06
8829,1434464,3,2005-09-21
8829,2526173,5,2005-07-20
8829,215406,4,2004-10-18
8829,2256132,2,2004-12-13
8829,879340,3,2005-01-19
8829,1718511,2,2005-04-24
8829,1236512,4,2005-07-03
8829,765521,3,2001-06-14
8829,1134816,5,2002-10-22
8829,1676820,3,2005-09-06
8829,2505123,3,2005-02-22
8829,771081,5,2005-07-11
8829,1863224,3,2005-07-11
8829,2474274,5,2003-03-26
8829,2621263,5,2005-08-23
8829,1556089,5,2004-03-05
8829,478176,5,2004-05-28
8829,2105067,4,2005-06-18
8829,987647,3,2003-11-10
8829,851702,4,2005-08-24
8829,1663779,3,2004-10-07
8829,1997436,5,2004-10-18
8829,532649,4,2005-05-29
8829,97406,3,2005-11-01
8829,73403,3,2005-11-13
8829,1788346,2,2003-05-13
8829,1257081,5,2004-09-12
8829,2352563,3,2004-11-30
8829,1120712,4,2004-12-31
8829,1206516,3,2005-01-05
8829,1967806,1,2005-01-19
8829,1881989,2,2005-03-09
8829,2170930,1,2005-06-16
8829,109124,4,2004-11-12
8829,1244175,1,2005-01-23
8829,1494162,3,2005-09-14
8829,1343309,2,2003-12-08
8829,1314869,4,2005-01-12
8829,336400,2,2005-02-22
8829,134378,4,2005-10-09
8829,1662120,3,2004-05-23
8829,1359759,3,2004-09-14
8829,566288,2,2004-07-19
8829,2613185,5,2004-06-29
8829,1377620,5,2005-08-24
8829,2065106,4,2003-10-11
8829,1240130,5,2003-12-05
8829,236574,5,2004-06-03
8829,2178480,3,2005-01-23
8829,1436314,4,2005-03-01
8829,2576384,3,2005-10-10
8829,1513514,4,2005-11-13
8829,2048858,5,2005-11-24
8829,1685089,4,2000-11-26
8829,1304280,3,2004-02-04
8829,2237185,4,2003-09-11
8829,2088599,2,2003-03-05
8829,2405658,3,2004-01-09
8829,974823,3,2004-07-13
8829,2555019,4,2004-10-26
8829,782611,3,2003-05-01
8829,707298,4,2000-12-21
8829,220427,5,2004-03-13
8829,1928592,5,2004-04-10
8829,770344,4,2004-10-26
8829,1173493,4,2005-01-24
8829,731133,3,2005-03-15
8829,460747,5,2005-09-22
8829,2125436,4,2002-04-29
8829,52794,3,2003-06-18
8829,534721,4,2005-05-24
8829,1146548,4,2005-06-29
8829,1389360,3,2005-11-12
8829,288133,4,2003-09-04
8829,1131926,4,2003-12-30
8829,2439493,1,2003-06-13
8829,1823275,5,2002-11-14
8829,423757,3,2004-03-08
8829,985688,5,2004-10-25
8829,1012546,4,2004-11-23
8829,127040,3,2004-12-16
8829,180670,4,2005-03-14
8829,2467154,4,2005-05-14
8829,596405,5,2004-12-04
8829,2400569,2,2004-07-28
8829,1307743,4,2004-11-05
8829,1866424,4,2004-12-18
8829,885939,5,2001-01-28
8829,1147370,5,2004-05-17
8829,1060432,3,2005-08-05
8829,1306528,3,2004-07-12
8829,394622,3,2005-01-06
8829,1980139,4,2005-04-13
8829,320708,5,2003-03-14
8829,1615548,3,2004-04-19
8829,342803,1,2003-06-23
8829,1493484,3,2004-02-06
8829,2526250,4,2004-03-12
8829,766180,4,2004-07-11
8829,321898,2,2004-08-14
8829,187834,2,2004-11-03
8829,892786,4,2005-01-12
8829,525842,4,2005-01-20
8829,2576759,5,2005-01-22
8829,394784,5,2005-02-10
8829,243240,2,2005-03-22
8829,1235033,3,2005-10-01
8829,794991,4,2005-10-10
8829,1459781,4,2005-12-23
8829,48375,5,2005-07-05
8829,722142,2,2003-11-07
8829,1073450,2,2004-08-08
8829,2481333,3,2003-10-29
8829,1797243,3,2005-09-08
8829,764343,4,2004-06-28
8829,238740,4,2004-09-07
8829,511641,5,2004-10-15
8829,2397626,3,2004-11-01
8829,251987,3,2004-11-22
8829,2314148,4,2005-06-16
8829,768309,2,2005-10-28
8829,1459630,3,2002-10-01
8829,1182116,1,2003-05-23
8829,2463942,4,2005-04-15
8829,844558,3,2005-05-22
8829,890310,1,2005-06-02
8829,343877,3,2005-10-06
8829,1570077,5,2002-01-28
8829,608271,3,2004-02-24
8829,1566617,1,2004-01-07
8829,492714,5,2004-10-01
8829,322058,5,2004-10-24
8829,713435,4,2004-11-08
8829,678022,4,2004-11-29
8829,146879,1,2004-12-01
8829,841861,3,2005-01-28
8829,2461289,5,2005-03-20
8829,656811,3,2004-03-16
8829,1933927,5,2004-10-24
8829,122121,2,2005-01-23
8829,2524965,5,2005-10-17
8829,1024854,1,2001-05-01
8829,1321284,5,2002-07-15
8829,2630254,3,2003-11-14
8829,683881,5,2004-09-07
8829,1621300,4,2004-05-05
8829,2193464,3,2004-06-12
8829,760837,5,2004-10-18
8829,123384,4,2005-02-09
8829,1130061,4,2005-05-09
8829,562320,1,2005-12-04
8829,907760,1,2005-03-18
8829,1624548,4,2005-05-02
8829,1915462,5,2005-05-19
8829,538221,5,2005-06-03
8829,1092028,2,2005-06-08
8829,1440305,1,2005-12-17
8829,2537719,5,2004-02-07
8829,2149561,4,2004-10-07
8829,2588510,3,2004-10-17
8829,2440681,2,2004-12-14
8829,219710,3,2005-04-24
8829,1903582,4,2002-07-18
8829,1230380,5,2004-03-30
8829,1218927,3,2004-02-11
8829,792534,3,2003-11-07
8829,1517387,3,2004-08-27
8829,2138332,3,2004-09-17
8829,1313714,4,2004-11-07
8829,666837,2,2004-11-29
8829,1134085,3,2005-02-03
8829,2631526,2,2005-03-11
8829,1784430,4,2005-06-07
8829,374078,3,2005-10-17
8829,1309536,5,2005-11-01
8829,641719,2,2004-04-27
8829,1110156,4,2003-04-24
8829,588573,3,2004-10-25
8829,2157162,3,2005-03-03
8829,2497159,5,2005-03-15
8829,470306,3,2005-07-26
8829,62471,4,2004-07-13
8829,2494000,4,2004-04-20
8829,1812227,5,2004-11-16
8829,2215508,5,2005-06-02
8829,1762837,4,2005-10-02
8829,2252851,4,2005-10-27
8829,1370022,3,2005-11-27
8829,1114362,3,2003-08-04
8829,1008097,2,2004-07-21
8829,2332413,3,2004-08-25
8829,1449358,2,2004-07-25
8829,1226877,5,2005-10-30
8829,455707,3,2004-11-02
8829,851178,3,2004-12-06
8829,1076668,3,2005-02-28
8829,1092189,2,2005-09-28
8829,2331429,3,2005-11-21
8829,203502,5,2005-12-21
8829,2569181,3,2004-07-13
8829,497579,4,2004-03-19
8829,41924,5,2004-03-03
8829,652154,4,2004-11-07
8829,1178902,2,2005-06-17
8829,1960751,3,2005-06-27
8829,572523,5,2005-12-04
8829,1163050,3,2001-06-26
8829,428750,3,2004-05-13
8829,2383799,3,2004-06-09
8829,1252322,3,2004-09-20
8829,771710,3,2004-10-11
8829,941086,4,2004-12-02
8829,94462,3,2005-01-05
8829,31630,3,2005-06-02
8829,1270144,4,2005-09-18
8829,865920,4,2005-11-08
8829,1407355,2,2002-03-28
8829,1147641,1,2002-07-08
8829,2067192,4,2004-05-23
8829,2407389,2,2004-09-15
8829,350686,3,2004-07-09
8829,243864,4,2004-04-28
8829,818752,2,2004-09-08
8829,1692840,4,2004-07-08
8829,642882,2,2004-08-11
8829,454943,1,2004-11-05
8829,765489,4,2004-12-25
8829,292453,3,2005-05-03
8829,637708,3,2005-05-21
8829,1517590,4,2004-08-11
8829,428653,5,2003-05-13
8829,2629459,5,2004-04-25
8829,232047,2,2004-04-03
8829,2122041,4,2005-02-07
8829,1827859,3,2003-08-24
8829,1547655,4,2002-04-09
8829,2512128,3,2004-07-01
8829,1571988,4,2004-12-22
8829,696709,2,2005-10-26
8829,1625555,2,2003-01-19
8829,1380222,3,2004-03-03
8829,914958,5,2003-09-11
8829,921540,4,2005-08-31
8829,2032791,4,2004-10-21
8829,1433478,4,2005-02-28
8829,641141,5,2005-05-18
8829,1675511,4,2005-10-04
8829,2336079,4,2003-11-07
8829,2596745,4,2004-10-23
8829,2282637,4,2004-10-29
8829,1621674,4,2004-11-05
8829,1440892,5,2004-11-08
8829,1617342,4,2004-12-08
8829,101068,3,2004-12-16
8829,1828803,4,2005-09-20
8829,1644280,5,2005-10-19
8829,1048062,4,2004-04-05
8829,2494707,4,2004-05-12
8829,66885,4,2004-12-09
8829,615066,3,2005-01-20
8829,1105029,3,2005-01-28
8829,2012582,4,2005-07-02
8829,775439,1,2005-10-03
8829,1533425,4,2002-09-23
8829,2188435,4,2002-07-18
8829,2167214,5,2004-03-19
8829,432620,2,2004-03-08
8829,2538387,3,2004-04-27
8829,901997,5,2004-10-29
8829,2551686,4,2004-11-06
8829,2579646,3,2004-12-06
8829,750008,4,2005-01-10
8829,2136927,4,2005-09-10
8829,1839843,4,2005-02-20
8829,975062,4,2005-08-06
8829,2372200,4,2005-08-21
8829,107776,4,2005-03-23
8829,2532249,4,2005-01-12
8829,108673,5,2005-03-21
8829,1380173,3,2005-05-29
8829,2557990,4,2005-10-18
8829,1871337,4,2005-11-21
8829,767998,5,2002-03-05
8829,506612,4,2002-12-26
8829,2356088,3,2003-06-02
8829,627335,5,2003-08-12
8829,1760343,5,2004-06-22
8829,681587,2,2004-10-26
8829,890937,2,2004-11-09
8829,1881655,3,2005-02-26
8829,1855973,4,2005-04-08
8829,2247427,2,2005-10-31
8829,1790918,5,2004-07-11
8829,960862,5,2004-09-09
8829,1250749,1,2005-08-12
8829,2283366,3,2004-04-20
8829,2648178,4,2004-04-23
8829,767958,4,2002-12-10
8829,1245317,2,2004-05-12
8829,1500112,4,2005-12-17
8829,1221346,4,2005-12-17
8829,1448959,4,2001-07-19
8829,2315073,5,2002-09-07
8829,771467,4,2004-01-28
8829,1163530,3,2004-10-19
8829,1069240,3,2005-01-25
8829,1815197,3,2005-03-23
8829,2092198,5,2005-06-29
8829,1150896,3,2005-12-21
8829,599333,4,2002-06-24
8829,998219,1,2004-02-05
8829,219897,3,2004-01-28
8829,260999,3,2004-12-06
8829,2266753,5,2004-12-08
8829,2023451,3,2005-05-02
8829,2181309,4,2005-05-20
8829,2197467,4,2004-05-27
8829,1971555,5,2004-07-23
8829,940806,3,2004-11-04
8829,1684341,4,2004-11-30
8829,1920663,5,2005-10-14
8829,2030106,3,2005-12-11
8829,2585864,4,2005-09-01
8829,1341214,1,2004-07-28
8829,1774674,4,2004-04-22
8829,851669,3,2004-12-21
8829,2270658,5,2005-01-11
8829,487631,4,2005-01-20
8829,599529,4,2003-09-08
8829,1900619,5,2003-12-01
8829,182291,5,2004-10-22
8829,1645492,2,2005-02-23
8829,2637755,3,2005-04-06
8829,135141,4,2005-04-10
8829,868874,4,2005-06-04
8829,67584,4,2005-12-06
8829,1106844,3,2005-07-10
8829,2166018,5,2004-04-29
8829,1456883,3,2004-10-15
8829,2452503,2,2005-02-01
8829,2504469,5,2002-03-23
8829,1538868,2,2004-11-01
8829,1003988,3,2004-12-08
8829,718211,3,2005-03-19
8829,2377222,5,2005-11-12
8829,574658,2,2005-07-21
8829,2083367,3,2002-07-09
8829,729527,5,2002-12-21
8829,304887,4,2004-04-19
8829,940043,3,2005-06-16
8829,2501634,3,2005-12-23
8829,149511,4,2005-07-21
8829,2085889,2,2004-12-07
8829,602628,4,2005-02-18
8829,2215542,4,2005-04-23
8829,1885347,4,2005-06-14
8829,235782,4,2005-06-29
8829,2209212,5,2005-10-12
8829,1086084,5,2003-01-09
8829,1379956,4,2004-09-19
8829,2095898,1,2005-08-20
8829,546996,5,2004-09-07
8829,265955,2,2004-10-12
8829,1650580,5,2005-02-01
8829,1990362,5,2005-05-19
8829,1525051,4,2005-06-05
8829,481403,1,2005-09-23
8829,2322868,3,2005-10-12
8829,1399793,4,2005-10-25
8829,106461,3,2004-02-26
8829,2106825,2,2004-01-16
8829,216834,4,2004-07-23
8829,373103,4,2004-07-30
8829,1467206,4,2004-12-18
8829,756209,3,2005-02-15
8829,536262,5,2005-12-16
8829,481849,1,2004-07-02
8829,2442218,4,2003-10-04
8829,213486,3,2004-07-25
8829,2090477,3,2004-04-10
8829,1167214,2,2004-07-24
8829,256817,4,2004-05-22
8829,1950710,4,2005-01-31
8829,1684416,5,2005-04-26
8829,1636416,4,2005-04-30
8829,602165,3,2005-10-10
8829,1664010,5,2005-10-15
8829,1902838,2,2000-10-13
8829,1451139,4,2005-07-16
8829,829101,3,2004-01-12
8829,1819300,3,2004-07-30
8829,1051322,4,2004-02-24
8829,1077806,3,2005-03-24
8829,1769608,4,2005-05-19
8829,1288459,3,2005-11-02
8829,1148103,4,2004-09-14
8829,2374782,5,2004-06-15
8829,559019,3,2004-03-30
8829,2549264,4,2004-04-19
8829,35349,4,2004-09-16
8829,504690,4,2004-10-04
8829,2135073,3,2004-10-25
8829,1785327,5,2004-12-27
8829,2114383,5,2005-01-08
8829,99546,3,2005-11-19
8829,887930,5,2005-08-02
8829,1146077,1,2004-06-17
8829,1252307,2,2004-03-10
8829,257396,4,2004-07-20
8829,2598367,3,2004-11-24
8829,1985312,4,2005-03-09
8829,2472771,3,2005-04-08
8829,754422,3,2005-05-24
8829,365223,4,2005-10-27
8829,488487,2,2005-12-13
8829,2007573,5,2003-07-13
8829,1793246,2,2003-11-24
8829,1380722,3,2004-12-09
8829,1155277,4,2005-01-06
8829,332300,1,2005-05-09
8829,100922,2,2005-05-17
8829,1566364,4,2005-10-10
8829,948159,3,2004-01-16
8829,2181794,4,2003-12-11
8829,63452,5,2004-10-05
8829,2414326,4,2004-10-26
8829,1446124,1,2005-11-16
8829,1434330,5,2002-10-10
8829,770088,4,2005-08-13
8829,1699301,4,2004-01-31
8829,2078202,3,2004-09-27
8829,2090117,3,2005-12-26
8829,1199280,3,2005-07-13
8829,905537,2,2002-09-26
8829,208162,3,2002-11-26
8829,877394,2,2003-10-28
8829,1883502,3,2004-11-13
8829,461453,5,2004-11-18
8829,2007221,5,2004-12-03
8829,1804211,4,2005-03-26
8829,1093654,1,2005-05-10
8829,2429342,2,2005-10-10
8829,1815083,5,2005-10-28
8829,1094850,2,2003-04-23
8829,2041577,2,2003-05-19
8829,738885,4,2003-10-29
8829,926746,3,2004-05-10
8829,1511466,4,2005-09-28
8829,273441,4,2005-11-13
8829,1616726,3,2005-11-28
8829,541135,4,2004-08-22
8829,305604,5,2004-11-22
8829,94170,5,2005-10-16
8829,1373846,2,2002-12-01
8829,1663963,2,2003-07-30
8829,755340,4,2005-09-07
8829,767267,4,2004-08-24
8829,1280149,3,2001-02-13
8829,507140,2,2003-08-28
8829,1232733,3,2004-07-10
8829,261524,4,2004-03-21
8829,1013772,5,2004-11-10
8829,1878460,5,2005-01-19
8829,1245306,2,2005-04-11
8829,1180559,4,2005-12-08
8829,1627242,4,2003-04-21
8829,729177,5,2003-10-26
8829,2613069,5,2004-06-03
8829,2114250,3,2005-05-22
8829,1839301,3,2005-07-01
8829,2048985,4,2005-10-04
8829,2212303,3,2004-01-12
8829,1813139,3,2002-09-13
8829,1527392,4,2005-08-02
8829,795380,3,2004-06-30
8829,220945,2,2004-04-07
8829,274062,4,2005-01-19
8829,683124,2,2005-03-03
8829,332751,5,2005-03-29
8829,1190391,4,2005-05-20
8829,546050,4,2005-09-29
8829,2541517,5,2005-12-08
8829,2067027,4,2005-12-21
8829,405075,5,2005-12-30
8829,318409,5,2004-06-19
8829,616548,5,2004-08-29
8829,2318762,4,2004-07-15
8829,1506062,5,2004-10-23
8829,608987,5,2005-02-24
8829,2306494,4,2001-07-04
8829,1901384,4,2004-02-08
8829,1994475,3,2004-08-23
8829,2044807,4,2004-07-23
8829,2223033,4,2004-11-12
8829,2320828,2,2004-12-15
8829,1473799,2,2005-01-23
8829,202114,3,2005-07-20
8829,1699588,3,2005-02-08
8829,1771108,4,2005-06-16
8829,1691325,4,2005-10-01
8829,71594,2,2000-10-07
8829,916101,3,2004-10-21
8829,1972798,4,2005-01-19
8829,2290732,4,2005-05-16
8829,241019,4,2005-10-25
8829,2139885,3,2005-11-16
8829,1431663,4,2003-08-11
8829,73944,4,2004-03-16
8829,861023,4,2005-08-19
8829,971361,4,2004-04-15
8829,1415546,4,2004-06-02
8829,1611511,5,2004-11-11
8829,1011106,4,2005-05-04
8829,2170392,4,2005-11-30
8829,649837,3,2001-11-29
8829,1245472,4,2003-12-10
8829,122851,1,2005-08-21
8829,2291306,2,2004-03-15
8829,627811,4,2005-02-10
8829,2301767,2,2005-10-10
8829,316755,5,2001-11-26
8829,1322896,5,2004-03-06
8829,300962,3,2004-05-16
8829,1006340,4,2004-05-24
8829,12947,2,2004-11-18
8829,457411,4,2004-12-08
8829,2248924,3,2005-01-09
8829,2136856,4,2005-10-02
8829,1201843,4,2005-11-30
8829,2010849,4,2005-08-11
8829,825819,3,2004-06-18
8829,112349,4,2004-12-03
8829,1616870,2,2005-05-04
8829,1168016,2,2004-07-07
8829,1560962,4,2005-01-19
8829,1753900,5,2005-02-08
8829,2305082,4,2005-02-09
8829,1630194,2,2005-09-30
8829,213428,2,2002-12-11
8829,1009635,2,2004-03-09
8829,806314,3,2005-08-31
8829,419722,4,2004-11-09
8829,2048239,4,2005-10-08
8829,167005,4,2001-03-03
8829,1194911,4,2004-03-06
8829,65190,2,2002-07-04
8829,513285,4,2003-11-19
8829,943967,3,2004-04-08
8829,1425731,3,2004-06-28
8829,645934,4,2005-04-07
8829,430983,4,2005-04-20
8829,2018385,4,2005-11-03
8829,402743,2,2005-07-25
8829,344940,3,2004-01-26
8829,2585141,1,2004-07-10
8829,1849528,4,2004-07-15
8829,2161410,2,2004-11-10
8829,1031589,5,2005-02-17
8829,840623,3,2005-03-29
8829,491531,3,2005-04-06
8829,1792137,5,2005-04-21
8829,539019,5,2004-04-20
8829,1264021,2,2003-12-09
8829,66540,3,2004-06-26
8829,1591925,4,2004-09-27
8829,1729432,3,2005-01-02
8829,2136204,4,2005-12-31
8829,1684617,4,2004-10-12
8829,1443099,5,2004-11-07
8829,1712525,3,2005-01-02
8829,778395,1,2005-07-26
8829,1181795,3,2005-08-24
8829,1102923,2,2004-04-25
8829,2339332,2,2004-10-18
8829,2051520,3,2005-01-29
8829,1509675,4,2005-02-28
8829,1058865,2,2005-03-10
8829,521381,4,2003-12-29
8829,1072939,4,2004-07-26
8829,2043136,1,2004-09-10
8829,1954061,4,2004-10-04
8829,1299243,4,2005-01-07
8829,517168,3,2005-01-27
8829,523957,5,2005-03-29
8829,511883,3,2004-04-13
8829,2076776,4,2004-01-23
8829,2503230,4,2004-11-26
8829,2529976,4,2005-03-31
8829,2370594,3,2004-04-29
8829,2256485,1,2004-07-21
8829,647979,4,2004-10-18
8829,2061499,3,2005-02-28
8829,2030533,4,2005-03-02
8829,1601558,5,2005-11-24
8829,73573,3,2005-07-23
8829,230044,4,2003-12-03
8829,768710,3,2005-08-17
8829,1646846,3,2004-06-10
8829,699705,4,2005-02-07
8829,541393,1,2005-06-13
8829,2467017,5,2005-11-04
8829,475881,3,2001-02-12
8829,870526,5,2003-09-11
8829,2506955,4,2005-08-24
8829,65971,3,2004-08-28
8829,1299887,3,2005-03-07
8829,1900351,1,2005-06-08
8829,535886,4,2005-10-01
8829,39591,4,2005-11-01
8829,2519816,2,2005-12-05
8829,1611412,5,2005-07-13
8829,345725,4,2005-07-26
8829,2123219,5,2003-06-26
8829,106504,2,2002-07-23
8829,1788335,4,2004-07-03
8829,571869,3,2005-09-07
8829,1799770,4,2004-05-18
8829,1170006,4,2004-09-17
8829,1622990,1,2005-07-12
8829,526596,2,2003-12-27
8829,2423552,5,2002-09-25
8829,132697,3,2003-10-28
8829,1664529,4,2004-08-23
8829,1280708,2,2003-09-30
8829,2372939,3,2005-04-10
8829,197183,1,2004-10-05
8829,2091116,5,2005-07-26
8829,524002,5,2004-05-23
8829,1088988,4,2004-02-08
8829,2177834,3,2003-10-15
8829,179455,4,2004-09-06
8829,1333123,2,2005-03-01
8829,1244739,2,2005-04-14
8829,1122427,1,2005-07-11
8829,170548,3,2003-10-08
8829,1992205,5,2004-05-14
8829,173260,5,2004-09-22
8829,2196599,4,2004-09-30
8829,1091467,4,2005-01-19
8829,2391281,4,2005-03-03
8829,1299781,2,2004-01-18
8829,78319,4,2003-12-12
8829,2385435,5,2004-04-02
8829,301092,4,2004-03-30
8829,44151,1,2004-04-12
8829,1750447,3,2004-09-17
8829,1949968,3,2004-11-04
8829,1948238,5,2005-03-17
8829,1250260,4,2005-03-26
8829,1539288,3,2005-06-07
8829,2369601,4,2004-08-27
8829,8212,4,2004-10-25
8829,929732,4,2005-12-19
8829,2603174,4,2002-02-20
8829,1618998,3,2004-07-05
8829,1136594,5,2003-09-21
8829,34413,4,2004-06-23
8829,2090369,4,2005-03-05
8829,467182,3,2005-03-11
8829,866079,4,2005-10-05
8829,1711618,2,2005-10-28
8829,638564,2,2002-01-19
8829,466257,5,2004-05-04
8829,2509631,4,2003-08-29
8829,2045624,3,2004-04-02
8829,2302135,4,2004-06-08
8829,2091140,4,2004-09-23
8829,49037,4,2005-03-11
8829,88334,1,2005-04-07
8829,2076250,4,2005-05-01
8829,2296929,3,2005-05-31
8829,1774623,4,2004-01-09
8829,305344,4,2003-05-19
8829,203576,5,2005-05-09
8829,1095497,4,2005-09-20
8829,532414,2,2002-05-03
8829,2561682,2,2001-12-23
8829,2050247,5,2002-10-30
8829,211010,4,2003-12-10
8829,164399,3,2005-08-15
8829,1470113,3,2004-03-14
8829,1089793,5,2004-10-06
8829,1029283,4,2004-10-16
8829,1260100,5,2004-10-18
8829,2040894,2,2004-12-15
8829,2342016,3,2005-04-21
8829,2048620,4,2000-11-23
8829,1462597,4,2003-10-15
8829,1211161,2,2005-09-02
8829,968162,4,2005-09-06
8829,1779346,4,2004-06-14
8829,1159683,5,2004-10-22
8829,1945863,3,2005-03-21
8829,2001512,2,2005-10-23
8829,2088458,2,2005-07-17
8829,2069594,3,2004-03-30
8829,1537383,3,2003-10-26
8829,1111752,5,2005-12-08
8829,1258363,5,2004-12-14
8829,621748,5,2005-01-27
8829,2585235,3,2005-06-04
8829,484101,3,2005-06-20
8829,2640087,1,2005-09-06
8829,2012286,4,2004-12-16
8829,2147527,3,2005-11-20
8829,2548832,5,2004-03-08
8829,2626036,3,2004-05-26
8829,1839976,1,2004-12-20
8829,1179388,4,2005-04-01
8829,172102,4,2005-04-20
8829,1081980,4,2005-09-11
8829,388425,2,2005-12-12
8829,1640458,4,2003-08-12
8829,974697,5,2004-03-09
8829,2059696,4,2003-10-27
8829,2172379,4,2005-02-07
8829,2370628,4,2005-02-08
8829,447759,5,2005-10-11
8829,575757,4,2005-03-04
8829,116563,4,2005-03-09
8829,1610230,4,2005-06-23
8829,13427,4,2005-10-26
8829,2435613,3,2004-08-10
8829,1014815,5,2004-05-20
8829,2614562,3,2005-01-02
8829,1865701,2,2005-01-25
8829,269827,5,2002-06-24
8829,1067761,1,2004-02-10
8829,1661271,5,2004-02-11
8829,1845249,4,2004-02-03
8829,1442887,3,2005-03-07
8829,1444287,3,2004-08-10
8829,2546326,5,2005-08-27
8829,371074,3,2004-05-27
8829,2609453,1,2004-10-06
8829,1244949,4,2005-02-23
8829,1676798,3,2005-10-24
8829,142279,4,2005-11-26
8829,1354998,1,2001-02-17
8829,1353240,3,2003-01-11
8829,26090,3,2004-08-04
8829,2507519,4,2005-01-20
8829,1003874,5,2005-10-10
8829,1979820,3,2005-10-27
8829,2085051,4,2003-07-07
8829,868463,5,2004-06-02
8829,1623047,3,2004-05-14
8829,850829,3,2004-11-01
8829,1384814,5,2004-11-01
8829,2321963,3,2003-07-24
8829,759443,3,2004-01-29
8829,564562,2,2004-06-07
8829,2230377,1,2005-01-24
8829,73693,3,2005-02-11
8829,2012618,5,2005-02-21
8829,168318,4,2005-10-26
8829,1619678,5,2005-12-06
8829,1551015,4,2004-10-02
8829,2511359,4,2005-02-06
8829,1946584,3,2005-02-27
8829,2170797,3,2004-11-23
8829,1182942,2,2004-12-06
8829,1969813,4,2005-01-26
8829,2191815,4,2005-02-12
8829,600724,5,2005-06-14
8829,2464491,4,2005-09-24
8829,2222044,5,2003-09-12
8829,1703555,3,2004-04-16
8829,2582783,5,2004-06-01
8829,237063,2,2005-02-07
8829,1431356,4,2005-02-26
8829,1294335,3,2005-03-07
8829,1934002,4,2005-12-10
8829,1172689,4,2003-09-11
8829,1698289,2,2002-09-13
8829,1505864,5,2003-08-14
8829,2110669,2,2003-10-19
8829,2052289,3,2003-11-10
8829,124612,4,2004-10-03
8829,1386537,4,2005-02-16
8829,776353,3,2005-12-14
8829,1133750,4,2005-12-15
8829,2625805,5,2003-11-01
8829,1590926,3,2004-08-17
8829,905570,4,2004-10-19
8829,591561,3,2004-11-22
8829,1336925,3,2005-02-08
8829,527491,4,2005-02-10
8829,529849,5,2001-03-05
8829,459458,4,2005-07-20
8829,1658149,2,2005-05-09
8829,2305400,1,2005-09-19
8829,1944937,3,2004-08-19
8829,805207,3,2002-11-17
8829,1607389,3,2005-07-09
8829,915968,3,2005-08-15
8829,1343340,5,2005-01-30
8829,847941,4,2005-02-14
8829,888630,3,2005-03-03
8829,188190,4,2003-11-29
8829,190037,3,2004-05-13
8829,2117073,3,2004-05-20
8829,1279181,4,2004-06-30
8829,1029027,5,2005-02-08
8829,425469,2,2004-06-13
8829,2010428,2,2003-12-06
8829,924765,5,2004-01-26
8829,1754183,3,2005-02-01
8829,247177,3,2005-03-05
8829,589280,2,2005-04-16
8829,397001,2,2005-05-19
8829,745471,4,2005-06-14
8829,1806811,4,2005-06-16
8829,2268420,3,2005-10-03
8829,121182,1,2004-02-02
8829,2249568,5,2002-04-26
8829,1625050,3,2002-09-17
8829,2394320,3,2004-07-04
8829,610930,4,2004-10-04
8829,1625982,4,2004-11-12
8829,1256237,4,2004-11-22
8829,399772,5,2005-06-23
8829,520723,2,2004-01-13
8829,862386,2,2003-09-16
8829,471654,5,2004-05-17
8829,1182024,4,2004-10-04
8829,1676845,3,2004-11-18
8829,846477,2,2005-01-25
8829,2219709,5,2005-03-13
8829,164361,3,2005-04-02
8829,1833771,5,2005-09-12
8829,283438,2,2005-10-21
8829,1550195,3,2005-10-29
8829,1670876,5,2005-11-02
8829,247356,4,2003-11-14
8829,2064995,3,2002-09-16
8829,1198142,4,2004-06-20
8829,325073,3,2005-08-29
8829,599898,3,2004-09-09
8829,1748432,3,2004-10-12
8829,2091414,4,2005-06-04
8829,416384,2,2004-05-25
8829,2322708,3,2003-09-02
8829,1901849,5,2004-09-13
8829,1474260,3,2004-10-24
8829,2264638,3,2005-04-25
8829,64413,5,2005-10-09
8829,1182342,4,2002-12-27
8829,450490,4,2005-08-18
8829,158676,4,2004-10-24
8829,1096568,4,2005-01-10
8829,60785,3,2005-04-27
8829,1178382,5,2005-05-06
8829,1044050,4,2005-09-14
8829,543850,1,2005-12-17
8829,1717116,4,2005-07-09
8829,2254502,3,2004-01-27
8829,2012348,2,2003-10-30
8829,315561,3,2004-07-30
8829,1969154,5,2004-09-14
8829,1829428,1,2004-11-25
8829,134771,3,2005-06-15
8829,2566101,3,2004-09-28
8829,1140242,2,2004-09-29
8829,230265,4,2005-02-22
8829,122072,3,2005-07-18
8829,438688,2,2005-07-27
8829,323134,4,2004-02-08
8829,1516350,4,2004-06-14
8829,1805711,4,2004-12-28
8829,2234465,1,2005-02-17
8829,1994798,4,2005-04-22
8829,1866323,3,2005-05-24
8829,2049766,5,2005-09-08
8829,1261789,4,2001-01-28
8829,1054484,5,2005-08-14
8829,776513,4,2004-11-06
8829,648596,5,2005-01-25
8829,282301,3,2005-02-01
8829,1005512,3,2005-03-06
8829,775089,3,2005-06-12
8829,2204903,5,2005-07-09
8829,1298173,5,2004-04-30
8829,47300,3,2004-04-06
8829,2608958,3,2003-12-18
8829,881457,1,2004-07-30
8829,1141793,3,2005-02-03
8829,223488,2,2005-04-11
8829,247378,5,2005-05-20
8829,2118461,5,2005-12-19
8829,1148655,5,2004-04-28
8829,1922670,4,2003-12-29
8829,2537083,4,2004-06-07
8829,2050772,5,2004-03-08
8829,1527530,5,2004-05-04
8829,995646,3,2004-05-27
8829,1508499,3,2004-11-24
8829,1238200,3,2004-12-13
8829,1448505,4,2005-01-19
8829,239686,5,2005-04-02
8829,2422835,5,2005-07-13
8829,2591636,4,2003-12-08
8829,2301118,2,2005-08-15
8829,2520261,4,2004-04-16
8829,739559,3,2004-05-24
8829,1116110,5,2004-11-04
8829,1102433,4,2005-03-12
8829,687110,5,2005-03-24
8829,1641670,3,2005-04-27
8829,1300467,2,2005-10-24
8829,1235068,4,2005-11-03
8829,872408,4,2005-09-22
8829,387418,3,2003-09-13
8829,375177,4,2004-08-27
8829,1701859,4,2004-04-25
8829,318324,4,2005-04-27
8829,1222337,5,2002-04-26
8829,360287,3,2005-08-16
8829,1725928,3,2004-08-04
8829,129374,3,2004-12-06
8829,1916371,4,2005-04-18
8829,2315220,4,2005-09-12
8829,2140471,2,2005-10-11
8829,380154,2,2005-11-18
8829,397212,4,2005-02-20
8829,2630756,4,2004-06-12
8829,1114324,1,2005-07-24
8829,477502,4,2004-04-18
8829,567403,5,2003-08-20
8829,690487,5,2004-07-27
8829,1537566,4,2005-05-02
8829,2300041,4,2005-06-11
8829,2220134,3,2005-11-07
8829,2215170,4,2005-07-20
8829,1292344,4,2005-02-20
8829,872215,2,2004-02-02
8829,2220472,1,2004-07-08
8829,1221607,5,2005-01-04
8829,762651,5,2005-01-24
8829,1926723,4,2001-06-28
8829,1738116,5,2004-09-21
8829,1665641,2,2004-09-29
8829,319529,4,2005-01-11
8829,1122498,5,2005-02-05
8829,597686,5,2005-07-18
8829,610101,2,2003-12-21
8829,2215788,5,2005-09-06
8829,172599,4,2004-06-02
8829,1932594,2,2004-07-19
8829,1868949,3,2005-02-24
8829,394440,4,2005-04-25
8829,367727,4,2005-10-15
8829,2012412,3,2002-07-03
8829,610995,2,2003-11-26
8829,2234813,4,2004-05-22
8829,1061195,5,2004-10-31
8829,1425899,4,2004-12-12
8829,1449718,5,2004-12-13
8829,2084769,4,2003-05-15
8829,1119267,1,2004-02-09
8829,181815,3,2005-08-24
8829,60346,5,2005-01-05
8829,273741,5,2005-10-14
8829,1663888,3,2004-05-27
8829,1444028,4,2004-08-23
8829,1966687,4,2004-03-17
8829,1256500,3,2004-08-17
8829,1719820,5,2004-05-06
8829,1982279,5,2004-10-08
8829,499822,3,2004-11-14
8829,1754426,3,2005-02-24
8829,2238594,4,2005-03-27
8829,296345,5,2005-04-26
8829,488604,4,2005-09-28
8829,1211944,4,2004-08-09
8829,1461435,1,2002-03-07
8829,680004,4,2003-11-29
8829,2126810,5,2005-09-07
8829,364238,4,2004-07-04
8829,2490714,5,2004-12-02
8829,2069436,3,2003-01-24
8829,2473383,4,2003-12-08
8829,1877557,4,2004-07-15
8829,1283630,3,2005-04-05
8829,29564,2,2005-10-01
8829,1198975,4,2005-11-19
8829,1057992,3,2002-12-21
8829,1037245,3,2005-12-23
8829,268291,3,2005-07-18
8829,184287,4,2003-03-21
8829,372743,4,2005-08-31
8829,373779,3,2004-07-17
8829,2489039,4,2004-11-02
8829,1150431,5,2004-11-04
8829,2233389,3,2004-11-30
8829,379000,3,2004-12-15
8829,1719756,3,2005-02-02
8829,1399249,3,2005-03-22
8829,2095155,4,2005-05-31
8829,2573325,2,2005-10-27
8829,1962300,5,2001-06-06
8829,1823941,3,2004-04-27
8829,2504733,2,2004-05-18
8829,333843,4,2004-07-27
8829,1163386,5,2004-06-01
8829,1089026,5,2004-12-12
8829,169066,3,2005-03-19
8829,2111055,3,2004-03-09
8829,1639792,1,2002-04-16
8829,189443,4,2004-03-20
8829,1279360,3,2004-04-03
8829,1879665,5,2004-09-13
8829,955135,2,2004-12-06
8829,1311587,2,2005-03-28
8829,795291,3,2004-05-30
8829,1600381,4,2004-12-28
8829,645446,4,2005-06-24
8829,2055388,3,2005-11-15
8829,490031,3,2001-07-18
8829,790471,4,2003-10-01
8829,1713211,4,2004-11-22
8829,2143500,3,2004-12-31
8829,1488908,4,2005-06-06
8829,516686,4,2005-09-22
8829,2547723,4,2005-09-04
8829,535008,4,2004-01-27
8829,2150689,4,2004-08-10
8829,2512448,2,2005-02-16
8829,609209,5,2005-04-18
8829,2081789,3,2005-11-28
8829,157806,4,2005-07-12
8829,1964334,3,2004-09-11
8829,1963140,4,2004-07-01
8829,864085,4,2004-05-31
8829,1644900,3,2005-02-18
8829,2142558,3,2005-05-25
8829,2198951,4,2005-10-20
8829,2062177,3,2004-05-10
8829,417929,3,2004-11-26
8829,749353,3,2004-08-14
8829,2403480,3,2004-11-24
8829,1927227,2,2005-04-19
8829,1334851,3,2005-06-17
8829,2499400,4,2005-12-26
8829,340244,3,2005-08-23
8829,627954,3,2004-07-20
8829,1366038,4,2004-07-23
8829,2255608,5,2004-12-23
8829,760943,4,2005-01-04
8829,1869132,3,2005-01-11
8829,1616631,4,2005-02-09
8829,223153,4,2005-02-25
8829,1663664,2,2005-09-08
8829,316031,3,2005-11-11
8829,1870025,2,2002-10-02
8829,2640707,4,2003-06-25
8829,553189,5,2004-01-21
8829,1852040,2,2004-04-06
8829,2063639,5,2004-02-08
8829,2205942,4,2005-01-10
8829,187872,5,2005-06-10
8829,2372914,5,2005-09-03
8829,1786788,3,2005-11-20
8829,1707198,2,2005-12-06
8829,2128740,4,2003-08-23
8829,1630127,3,2005-08-16
8829,891591,2,2004-07-23
8829,680550,3,2004-11-09
8829,791523,4,2005-03-23
8829,210595,4,2005-04-01
8829,803287,1,2005-06-15
8829,1543132,4,2005-09-02
8829,1610490,5,2004-06-12
8829,1712385,5,2004-12-16
8829,105982,4,2005-05-21
8829,548572,4,2005-12-09
8829,1366326,1,2003-07-22
8829,224933,4,2004-06-22
8829,1823915,4,2005-02-16
8829,387846,2,2005-12-23
8829,1857639,4,2002-12-06
8829,1532926,4,2004-11-10
8829,690827,4,2005-10-27
8829,2219643,4,2004-07-12
8829,654591,4,2004-12-04
8829,2604057,4,2003-12-23
8829,723448,4,2004-10-07
8829,2530076,4,2004-11-30
8829,247521,3,2004-07-27
8829,1154902,4,2004-05-12
8829,391862,4,2004-06-04
8829,50400,5,2004-10-07
8829,1988541,4,2004-12-25
8829,1630669,4,2005-02-03
8829,1115650,4,2005-03-23
8829,665124,4,2005-12-07
8829,1211567,4,2002-07-18
8829,1494385,5,2002-10-27
8829,981658,5,2004-05-03
8829,965387,3,2004-08-31
8829,2168324,5,2004-03-16
8829,1116187,3,2005-04-05
8829,240015,4,2004-11-16
8829,1441735,3,2003-09-17
8829,1578122,4,2003-06-19
8829,834323,2,2004-03-23
8829,54348,2,2005-05-01
8829,1213178,4,2005-10-28
8829,946102,4,2004-08-29
8829,1981099,4,2004-12-07
8829,1992341,5,2005-06-04
8829,1400108,4,2005-06-27
8829,1955337,4,2002-11-16
8829,1822783,5,2004-09-27
8829,255970,2,2004-09-29
