431,41412,4,2004-09-07
431,1294892,3,2003-11-18
431,68321,5,2004-02-02
431,1629193,3,2004-03-10
431,1944014,4,2004-04-07
431,2031561,4,2003-11-11
431,457142,5,2004-01-05
431,2581970,3,2004-10-05
431,229944,5,2004-11-30
431,1651307,1,2005-01-19
431,1777904,2,2005-03-20
431,951709,3,2005-03-29
431,850803,3,2005-03-31
431,1033508,3,2005-05-23
431,379558,3,2005-10-11
431,1491331,3,2003-11-27
431,175376,3,2003-12-10
431,1351304,5,2004-05-09
431,2217738,4,2004-07-27
431,840543,1,2005-08-20
431,497196,4,2004-03-12
431,1355110,4,2004-05-01
431,1422597,5,2004-06-12
431,289706,4,2004-05-26
431,2477414,4,2004-08-09
431,44268,5,2004-08-27
431,1041552,4,2004-11-01
431,1529009,3,2004-11-15
431,904379,4,2004-12-20
431,192061,4,2005-01-10
431,874115,4,2005-01-26
431,247794,3,2005-02-11
431,622194,4,2005-03-08
431,910164,4,2005-03-12
431,235838,4,2005-10-06
431,623221,4,2004-05-17
431,2114550,5,2003-11-03
431,1859725,4,2003-11-18
431,2418634,3,2003-12-03
431,2256992,3,2004-04-27
431,1673307,4,2004-03-28
431,2625420,2,2004-05-13
431,2648502,5,2004-04-03
431,296171,1,2003-11-14
431,724592,2,2004-02-26
431,1688444,1,2004-04-28
431,2455528,4,2004-08-11
431,166100,4,2004-10-13
431,126998,4,2004-10-16
431,652121,5,2004-12-06
431,1085873,2,2005-04-30
431,607969,2,2005-05-23
431,1650301,2,2005-05-27
431,1745608,4,2005-10-29
431,834184,3,2004-02-12
431,619705,3,2005-07-28
431,1316043,4,2003-12-23
431,1780429,5,2003-12-21
431,904484,1,2003-11-05
431,2155186,2,2004-07-07
431,2434172,5,2005-08-29
431,1796878,4,2003-11-05
431,624070,4,2004-02-25
431,206735,2,2004-05-12
431,502355,5,2004-05-18
431,566733,2,2004-05-18
431,96322,4,2004-03-04
431,575830,5,2004-08-10
431,2432549,2,2004-07-26
431,2007071,1,2004-11-02
431,1212608,3,2004-12-21
431,932397,4,2005-02-01
431,733849,5,2005-02-01
431,1327944,4,2005-03-25
431,982771,3,2005-05-16
431,387189,5,2005-05-23
431,2295138,2,2005-06-13
431,1030520,4,2005-11-01
431,791157,4,2005-11-27
431,2242958,2,2004-01-07
431,1584066,4,2005-08-09
431,47411,5,2004-05-14
431,1774637,4,2003-11-10
431,1013930,3,2004-03-19
431,1843756,3,2004-08-31
431,602149,4,2004-03-12
431,958382,4,2004-07-09
431,1571675,4,2004-10-13
431,2004525,5,2004-10-19
431,1757190,5,2005-02-03
431,318920,5,2005-02-27
431,662622,3,2005-03-21
431,2360767,4,2005-05-21
431,294993,5,2005-05-31
431,1286051,3,2005-09-16
431,1267394,3,2004-01-08
431,1029270,3,2005-02-05
431,191558,4,2003-11-19
431,439978,3,2004-04-14
431,2039628,5,2004-02-17
431,2043200,5,2004-01-31
431,1640558,4,2004-06-06
431,2624555,3,2004-07-15
431,1591997,5,2004-10-24
431,2627752,4,2004-11-30
431,2001383,4,2004-12-17
431,317108,3,2005-02-18
431,533598,2,2005-03-29
431,2534148,3,2005-04-05
431,1573572,3,2005-05-18
431,1792108,4,2003-12-16
431,97000,3,2004-08-14
431,870391,4,2004-06-17
431,1529397,3,2004-03-06
431,986098,3,2003-11-21
431,1647196,5,2003-12-11
431,888619,3,2005-03-04
431,940556,3,2004-01-05
431,2226053,2,2005-01-21
431,563123,4,2004-01-31
431,2618381,2,2004-04-04
431,1796394,4,2004-03-27
431,2162641,4,2004-07-29
431,2541025,3,2005-01-29
431,1362880,3,2005-02-22
431,709342,2,2005-11-21
431,2102036,2,2004-04-08
431,904898,2,2003-11-02
431,1701514,3,2005-08-09
431,1010289,5,2004-04-03
431,702137,3,2003-12-06
431,1339738,3,2004-05-13
431,68149,4,2004-03-26
431,2200645,4,2005-11-28
431,303948,3,2004-07-23
431,109667,5,2004-12-21
431,366215,3,2005-03-23
431,2479336,4,2005-05-05
431,492118,5,2005-05-11
431,1197338,2,2003-11-04
431,1817815,2,2003-11-13
431,1953281,4,2003-12-19
431,2048279,5,2005-08-05
431,639194,4,2003-12-04
431,1335063,4,2003-11-10
431,2491630,2,2003-12-09
431,1128457,3,2004-04-13
431,2421051,3,2003-11-13
431,965764,5,2005-08-31
431,638240,3,2003-11-25
431,85885,4,2004-04-20
431,2040189,5,2004-01-23
431,1992717,2,2004-03-02
431,85856,4,2004-04-27
431,327691,4,2005-01-03
431,1155253,3,2005-03-28
431,2418575,3,2005-04-11
431,1724200,5,2005-05-11
431,1672077,3,2005-05-19
431,104544,3,2005-09-25
431,2549255,3,2005-11-09
431,1353760,5,2005-12-30
431,913746,4,2005-07-06
431,2554745,5,2004-07-09
431,2355791,4,2004-02-23
431,2169283,4,2003-12-25
431,2231981,3,2003-11-20
431,2440723,3,2004-06-03
431,2137072,3,2003-11-14
431,310799,4,2003-11-20
431,2457984,2,2003-12-15
431,1489623,4,2004-05-21
431,606701,1,2004-08-04
431,1066446,2,2004-09-23
431,804004,4,2004-10-11
431,2260281,5,2005-01-26
431,954973,2,2005-02-02
431,1888322,3,2005-03-16
431,466322,1,2005-05-23
431,460608,3,2005-05-26
431,2387904,2,2005-06-28
431,1856677,4,2005-09-22
431,2412685,3,2005-10-29
431,2591198,3,2004-03-31
431,1954335,5,2003-11-30
431,1059489,4,2005-07-27
431,2604824,4,2003-10-20
431,404652,4,2003-12-08
431,2571693,5,2004-08-04
431,2595345,2,2003-10-30
431,1921559,3,2004-07-16
431,2265270,4,2003-12-02
431,1768010,5,2004-02-22
431,2346787,3,2004-08-23
431,2246609,4,2004-01-20
431,2203244,5,2004-01-09
431,16355,3,2004-02-10
431,1078112,4,2004-09-01
431,2278436,3,2004-09-19
431,1972563,1,2004-10-26
431,639827,3,2004-11-30
431,1918489,4,2005-03-04
431,2076592,2,2005-04-06
431,512295,3,2005-06-13
431,74764,3,2005-06-22
431,287006,5,2005-09-05
431,793582,3,2004-01-22
431,485072,4,2005-08-04
431,1232667,4,2004-03-29
431,2581477,3,2004-05-17
431,350559,5,2005-08-28
431,515166,3,2004-03-12
431,1037424,3,2004-05-02
431,534508,2,2004-08-03
431,1130826,4,2004-05-09
431,1164728,3,2004-05-28
431,642060,4,2004-12-07
431,776081,4,2005-01-24
431,2285353,3,2005-02-28
431,1269520,4,2005-03-22
431,418629,1,2005-06-09
431,313872,3,2005-10-24
431,2463077,4,2005-10-27
431,681472,4,2005-10-29
431,1841066,5,2005-07-14
431,802326,3,2004-02-19
431,663526,5,2005-08-02
431,342330,4,2004-05-18
431,2056324,3,2004-04-10
431,347583,2,2005-02-02
431,2354054,4,2004-05-05
431,2153774,4,2004-02-03
431,920882,4,2004-03-24
431,1988873,4,2003-11-06
431,1322839,3,2003-11-17
431,2524312,5,2004-03-29
431,953585,5,2004-04-17
431,1335939,3,2004-09-07
431,257416,4,2004-07-31
431,253684,3,2004-11-08
431,2102346,5,2004-12-10
431,665803,3,2005-01-22
431,963684,3,2005-04-17
431,1369809,4,2005-11-19
431,525356,4,2003-11-28
431,1282044,3,2003-11-05
431,2428636,2,2004-01-08
431,1430248,4,2004-02-16
431,1983493,4,2005-08-18
431,2251391,4,2005-09-08
431,1148444,3,2004-01-13
431,311641,1,2004-11-27
431,554520,2,2004-05-06
431,1559165,4,2004-11-09
431,1714354,3,2004-12-19
431,1780271,2,2004-12-27
431,425547,4,2005-02-25
431,21157,2,2005-03-04
431,2462324,4,2005-03-14
431,1889266,4,2005-04-20
431,108306,3,2005-06-05
431,408454,3,2005-09-26
431,2140810,5,2005-10-15
431,1229795,4,2005-11-26
431,200076,2,2004-09-03
431,1902828,1,2003-11-10
431,232955,3,2005-08-14
431,807603,2,2003-11-02
431,2327422,3,2004-06-09
431,2640818,3,2004-01-29
431,2440141,5,2004-03-11
431,1592359,4,2004-06-14
431,1733258,3,2004-06-08
431,1751266,4,2004-09-10
431,2239344,2,2004-09-22
431,44340,5,2005-01-09
431,2582726,4,2005-02-02
431,2251698,3,2005-03-11
431,1155997,3,2005-05-11
431,711031,3,2005-10-20
431,762369,2,2005-07-18
431,183215,3,2005-07-27
431,2491774,4,2004-01-08
431,2052297,3,2003-11-25
431,2542596,3,2004-05-22
431,875093,5,2005-08-27
431,353467,5,2004-06-24
431,2240355,5,2004-03-18
431,756163,3,2004-02-27
431,1319449,4,2004-04-10
431,1818967,5,2004-04-12
431,1244392,3,2004-05-08
431,617046,2,2005-01-10
431,126592,5,2005-01-19
431,44266,4,2005-03-13
431,2206704,3,2005-05-30
431,921732,5,2004-04-05
431,2581132,1,2005-07-14
431,944778,4,2005-07-19
431,61064,1,2004-02-13
431,1346269,4,2005-08-08
431,299153,2,2003-11-17
431,1439700,3,2004-12-05
431,542361,2,2004-05-11
431,1628934,3,2003-11-02
431,1857997,5,2004-07-09
431,1155639,5,2004-11-19
431,1471460,4,2004-11-20
431,2067083,4,2005-02-27
431,2042561,1,2005-03-21
431,2267570,3,2005-05-27
431,2085613,4,2003-11-03
431,563757,4,2003-12-26
431,536085,4,2003-11-28
431,2027895,3,2003-11-19
431,2504747,3,2004-08-06
431,139975,4,2004-03-03
431,2280656,2,2004-10-22
431,2042189,5,2004-10-29
431,78104,4,2004-12-23
431,2565504,3,2005-06-22
431,2614433,3,2005-10-22
431,427442,5,2005-07-20
431,2533024,4,2005-07-28
431,1107636,4,2003-11-21
431,1272843,3,2005-08-08
431,1646693,4,2004-08-28
431,2534218,3,2003-11-25
431,2324574,5,2004-08-02
431,1264935,4,2004-03-27
431,90072,5,2004-02-16
431,2425452,5,2004-06-03
431,1254193,5,2003-10-21
431,188570,3,2004-10-06
431,1277045,4,2004-11-24
431,1077430,5,2005-05-28
431,1520426,3,2005-06-23
431,840901,5,2003-11-14
431,1953910,5,2003-11-11
431,469021,4,2003-12-08
431,131974,3,2004-07-17
431,656810,2,2005-08-01
431,1288554,3,2004-04-13
431,1640436,2,2003-11-13
431,2085837,4,2003-11-05
431,1810453,5,2003-11-11
431,239493,4,2005-01-09
431,928701,2,2004-03-01
431,1018942,5,2004-01-13
431,243994,1,2005-09-01
431,515850,3,2003-12-13
431,2404756,3,2004-03-23
431,1088015,4,2004-02-23
431,1571920,4,2004-02-07
431,1799458,3,2004-09-08
431,2421217,2,2004-07-28
431,238525,3,2005-01-11
431,170624,4,2005-02-21
431,1816789,3,2005-04-29
431,1960529,3,2005-05-31
431,2030008,4,2005-06-28
431,1869333,5,2005-10-23
431,2222001,4,2005-11-19
431,2191611,5,2004-01-28
431,2143454,2,2004-01-18
431,150963,2,2004-02-25
431,1993107,4,2004-04-21
431,1817216,4,2004-01-08
431,786117,4,2005-08-18
431,1788287,3,2004-01-16
431,2171257,4,2003-12-17
431,315605,4,2004-09-25
431,2072347,5,2005-03-11
431,1529338,3,2005-04-04
431,116761,4,2005-06-23
431,1355877,1,2005-09-28
431,2247683,4,2005-07-20
431,313046,3,2003-11-26
431,1597177,1,2004-04-24
431,1466332,4,2003-12-12
431,991465,1,2004-04-14
431,1822325,4,2004-02-18
431,2515712,2,2004-03-26
431,1407746,3,2004-07-30
431,872323,3,2005-01-28
431,2485566,5,2005-01-30
431,2262115,3,2005-03-09
431,2584740,3,2005-04-21
431,774477,3,2005-05-02
431,2353991,4,2005-05-09
431,122709,5,2005-09-30
431,2196366,3,2003-12-02
431,2433461,3,2004-06-10
431,2428751,3,2005-07-14
431,1324454,5,2005-07-14
431,811466,5,2004-12-05
431,1752270,3,2004-02-13
431,1417304,4,2003-12-05
431,664105,2,2004-12-12
431,581732,5,2004-01-09
431,1735517,2,2005-08-11
431,1150912,4,2005-08-13
431,2529266,2,2004-01-13
431,1657093,5,2004-05-26
431,1211998,5,2005-08-30
431,788660,5,2003-11-20
431,156324,3,2004-08-28
431,2252061,4,2004-06-23
431,293766,4,2004-04-28
431,1902431,1,2004-07-07
431,1398685,4,2004-07-03
431,651485,4,2004-09-30
431,1127887,3,2004-10-11
431,296608,4,2004-10-11
431,457099,3,2004-10-22
431,239108,5,2004-11-09
431,2429449,5,2004-11-16
431,186506,3,2005-02-11
431,1150238,3,2005-03-04
431,666583,3,2005-04-04
431,1330878,4,2005-05-15
431,1352618,4,2005-06-22
431,1351082,4,2005-09-26
431,1284294,4,2005-10-19
431,2623960,4,2005-10-24
431,735346,4,2004-07-27
431,1502195,4,2003-12-07
431,199769,4,2003-11-29
431,326615,5,2004-02-10
431,1846074,3,2005-08-16
431,1494017,2,2004-07-05
431,721541,1,2004-02-23
431,22663,3,2004-02-02
431,1458794,2,2004-05-24
431,879340,3,2004-09-22
431,673728,5,2004-10-05
431,1629943,5,2004-10-24
431,1721179,3,2004-11-01
431,1130625,3,2005-04-30
431,830282,4,2005-04-30
431,1173671,5,2005-10-05
431,1473666,4,2003-12-07
431,1862392,3,2003-11-12
431,727242,1,2004-01-26
431,1465736,4,2005-08-03
431,293486,4,2003-11-19
431,541721,3,2004-08-16
431,912580,3,2005-01-19
431,187544,1,2003-11-19
431,2491948,4,2004-03-24
431,1346990,5,2004-05-04
431,1024769,5,2004-03-07
431,1725053,3,2004-09-22
431,2606655,5,2004-11-20
431,502829,2,2004-12-22
431,2388917,4,2005-04-24
431,1983634,3,2005-06-15
431,2613380,5,2005-12-01
431,1030857,1,2004-05-26
431,627312,5,2003-11-17
431,1635708,5,2005-08-08
431,744557,4,2004-08-14
431,1402114,3,2003-11-11
431,750591,3,2004-06-21
431,1741275,2,2003-10-30
431,1972040,2,2003-10-30
431,2536667,3,2003-11-22
431,1020990,4,2004-07-14
431,1308492,3,2004-05-21
431,2101662,5,2004-02-23
431,1554860,5,2004-07-20
431,545432,2,2004-10-23
431,1211787,5,2004-12-15
431,1905595,1,2005-02-22
431,2021756,5,2005-06-06
431,1068138,4,2005-10-12
431,1262488,5,2005-11-01
431,944542,3,2005-07-23
431,671503,3,2004-04-28
431,2291614,3,2005-08-29
431,31423,5,2004-08-07
431,1842959,2,2004-04-06
431,2119093,4,2004-05-10
431,1521266,3,2004-07-13
431,681054,3,2004-10-26
431,1505867,4,2004-11-10
431,1549799,2,2004-11-10
431,2214961,5,2004-12-06
431,2174151,5,2005-01-08
431,2340591,5,2005-02-16
431,666404,4,2005-02-23
431,1997537,5,2005-05-23
431,2062976,5,2005-06-30
431,1096396,4,2005-11-07
431,73403,4,2005-11-08
431,2404124,3,2003-12-04
431,1876156,3,2005-07-24
431,67770,4,2004-06-28
431,1120712,4,2004-05-05
431,1665776,4,2004-03-30
431,803128,3,2003-11-07
431,1169855,2,2005-08-15
431,2073211,3,2005-08-29
431,2170930,1,2005-09-02
431,2489923,3,2003-11-03
431,190474,4,2004-06-16
431,111211,4,2004-01-22
431,167236,5,2004-03-06
431,28588,5,2004-07-29
431,2540698,3,2004-11-02
431,1918957,3,2004-12-08
431,410857,4,2005-01-07
431,76963,3,2005-01-19
431,998374,1,2005-07-01
431,1975372,2,2005-09-19
431,827025,3,2005-11-09
431,2068263,3,2004-06-27
431,1194542,4,2004-03-06
431,1902728,5,2005-08-14
431,1274188,4,2005-08-18
431,1728556,3,2003-11-03
431,98955,2,2004-01-15
431,541454,2,2004-02-02
431,586905,2,2003-11-10
431,1591584,5,2004-05-27
431,2414559,1,2004-04-16
431,294330,4,2004-05-27
431,687401,3,2004-05-22
431,2478364,3,2004-05-22
431,38052,4,2004-05-18
431,2262925,4,2004-11-07
431,1477265,4,2004-11-15
431,706856,1,2004-12-26
431,516722,2,2005-01-25
431,832523,1,2005-02-12
431,1793225,4,2005-07-06
431,1659398,4,2005-07-21
431,170001,3,2005-08-02
431,2616142,4,2003-11-19
431,544109,3,2003-12-03
431,918750,3,2004-03-17
431,24373,4,2003-11-03
431,2418704,4,2003-12-08
431,1187365,5,2004-03-01
431,597500,3,2004-08-04
431,211782,4,2004-07-13
431,488116,2,2004-11-17
431,2466815,4,2005-03-20
431,1314869,5,2005-09-18
431,521985,4,2004-02-22
431,1377848,4,2005-07-19
431,482067,3,2004-05-10
431,460446,5,2004-01-28
431,1921868,5,2004-03-09
431,2032944,2,2003-11-12
431,2537179,4,2005-08-23
431,2497773,1,2003-12-22
431,1234055,4,2003-11-04
431,401422,3,2004-09-07
431,1311189,5,2004-08-17
431,445926,3,2004-06-14
431,1892842,3,2004-07-08
431,858589,4,2004-06-06
431,770469,3,2004-08-30
431,1566134,5,2004-10-29
431,2051379,3,2004-11-29
431,1071589,3,2005-01-13
431,1107448,5,2005-04-20
431,1676997,5,2005-04-28
431,58371,3,2005-05-02
431,2295660,4,2005-05-03
431,1572992,2,2005-06-05
431,659935,3,2005-06-21
431,2006617,1,2005-06-22
431,923350,4,2005-12-12
431,1359575,2,2004-09-12
431,2550324,3,2003-11-03
431,1570455,5,2005-07-11
431,1219013,4,2003-10-31
431,2613185,4,2004-06-22
431,1979841,3,2004-01-01
431,1263404,5,2003-11-19
431,637533,3,2004-07-27
431,1701801,4,2004-03-01
431,2403793,5,2004-09-10
431,2178480,4,2004-12-14
431,2380716,5,2005-05-01
431,2469594,5,2005-06-21
431,154842,3,2005-10-07
431,875445,2,2005-10-22
431,513351,5,2005-12-06
431,1705196,5,2005-07-07
431,2237185,4,2004-01-19
431,968808,3,2003-11-10
431,1044179,4,2005-07-25
431,1980654,5,2003-12-29
431,2103199,3,2005-08-02
431,441277,4,2004-06-16
431,1742749,5,2004-02-05
431,1896128,3,2005-08-25
431,718893,5,2004-07-26
431,1713284,5,2003-12-03
431,1210325,4,2004-09-07
431,689026,1,2004-01-22
431,646398,5,2004-03-25
431,2555019,3,2004-06-02
431,1374884,4,2004-07-31
431,1418679,4,2005-02-10
431,2064397,4,2005-03-17
431,788419,4,2005-03-25
431,1428314,3,2005-04-06
431,1779844,5,2005-04-08
431,1819002,3,2005-05-04
431,11568,4,2003-11-11
431,2227160,5,2003-11-22
431,786695,5,2003-11-05
431,639320,4,2005-07-18
431,37351,3,2004-07-20
431,1386545,5,2005-08-05
431,1647226,5,2005-02-19
431,2045741,3,2004-02-14
431,1200137,4,2005-09-08
431,1457694,2,2003-11-15
431,997332,3,2004-09-12
431,220427,5,2004-05-09
431,1011918,4,2004-09-13
431,2593882,1,2005-01-11
431,217082,4,2005-04-05
431,881120,4,2005-04-26
431,78831,5,2005-05-26
431,1566937,5,2005-09-24
431,2125436,3,2003-11-21
431,2032181,2,2004-08-27
431,197315,4,2004-04-10
431,2077168,3,2004-03-01
431,2170714,4,2004-07-22
431,1897822,3,2004-07-11
431,1918520,3,2004-09-26
431,651705,3,2005-01-04
431,1561432,3,2005-03-04
431,1819462,1,2005-03-17
431,216555,3,2005-06-21
431,428831,1,2005-06-25
431,814518,3,2005-10-05
431,1242275,3,2005-10-09
431,661075,5,2005-10-20
431,1844046,3,2004-08-22
431,2395230,5,2004-01-27
431,418653,4,2005-07-29
431,2439493,1,2003-11-22
431,1330814,4,2005-08-04
431,1576023,2,2004-01-20
431,25342,4,2005-08-14
431,2291127,2,2003-11-03
431,809956,4,2004-02-28
431,1991791,2,2003-11-11
431,1591895,2,2003-10-30
431,1093011,4,2004-01-27
431,1283739,5,2004-02-10
431,824027,4,2004-06-12
431,116231,2,2004-05-22
431,2137112,4,2003-11-10
431,910386,5,2004-06-28
431,1022657,4,2004-08-22
431,1539146,3,2004-09-20
431,1447768,5,2005-01-01
431,2102534,1,2005-03-25
431,485930,4,2005-04-18
431,223285,4,2005-06-27
431,1728535,5,2005-06-30
431,2097928,3,2005-09-13
431,37634,4,2005-09-25
431,475394,3,2005-11-29
431,1482288,2,2003-11-16
431,45207,5,2005-08-05
431,1386457,4,2004-03-02
431,1429854,4,2005-02-21
431,10547,4,2004-03-15
431,1637756,3,2004-09-09
431,233045,2,2004-03-26
431,1397020,5,2004-06-14
431,7363,4,2004-11-01
431,411859,4,2004-11-02
431,1893381,4,2005-01-31
431,1424172,5,2005-04-15
431,257939,3,2005-06-15
431,1886082,5,2005-10-19
431,2400569,2,2005-11-04
431,33763,3,2005-11-06
431,867295,3,2004-03-09
431,1669018,4,2003-12-09
431,2277811,4,2005-07-21
431,311240,3,2004-04-15
431,1877935,4,2005-07-26
431,609742,4,2004-06-21
431,1594108,3,2003-11-15
431,1455055,2,2003-12-17
431,391325,5,2004-01-26
431,2225971,3,2004-08-02
431,1664585,2,2004-03-19
431,2551483,3,2004-11-26
431,1572042,5,2004-04-22
431,740226,3,2004-12-19
431,1236175,3,2005-03-16
431,1996703,3,2005-04-01
431,676684,4,2005-04-04
431,1969463,3,2005-04-07
431,1928368,5,2005-05-06
431,2002597,5,2005-05-07
431,765460,4,2005-09-26
431,2283428,5,2005-12-25
431,505544,5,2004-02-21
431,1863734,5,2005-07-13
431,320708,4,2004-04-21
431,509860,3,2004-04-29
431,187834,3,2003-11-19
431,399133,5,2004-04-03
431,1493484,4,2003-11-17
431,291546,5,2004-03-10
431,2041667,4,2003-11-12
431,2325297,1,2003-11-07
431,556756,4,2003-12-04
431,2161185,4,2004-07-07
431,394784,5,2004-06-07
431,283559,1,2004-08-20
431,347453,4,2004-02-22
431,31121,5,2004-08-04
431,1213872,3,2004-10-14
431,2428867,4,2004-11-22
431,794991,4,2004-12-22
431,735948,4,2005-02-02
431,45393,5,2005-03-28
431,2199267,5,2005-05-18
431,1100765,4,2005-05-24
431,630637,5,2005-05-30
431,991452,1,2005-06-01
431,762111,3,2005-06-09
431,1459781,2,2005-06-29
431,1433743,3,2005-07-01
431,860349,3,2005-10-20
431,720804,4,2005-11-07
431,1470890,3,2004-06-16
431,722142,5,2003-12-12
431,2404693,4,2003-12-10
431,2037687,4,2005-08-05
431,487211,5,2003-11-20
431,1446312,4,2003-11-12
431,496118,1,2003-11-10
431,347785,4,2003-11-06
431,2162426,4,2004-01-05
431,1503836,4,2003-11-07
431,1867262,3,2004-03-29
431,1386030,3,2004-07-26
431,2161461,5,2004-04-25
431,1797243,5,2004-11-15
431,1418455,3,2005-04-26
431,261891,5,2005-05-04
431,1456830,4,2005-05-15
431,1287267,2,2005-05-21
431,191666,5,2005-06-10
431,1205537,3,2005-10-31
431,775907,4,2004-03-30
431,2517394,2,2003-11-28
431,1209343,4,2003-12-01
431,1563935,1,2005-08-05
431,544493,3,2004-01-13
431,1349890,1,2003-11-20
431,1476404,3,2004-06-09
431,1965304,3,2003-11-11
431,1523793,4,2005-08-28
431,2087189,2,2004-07-19
431,2372197,4,2004-06-11
431,22709,4,2004-03-09
431,1832641,3,2004-04-17
431,1712514,5,2004-10-20
431,1442803,4,2004-10-26
431,2129315,2,2004-11-23
431,2291427,4,2004-12-29
431,1099682,4,2005-01-13
431,1974983,4,2005-01-27
431,890310,3,2005-02-23
431,516179,4,2005-02-28
431,1430108,3,2005-03-16
431,464029,3,2005-05-14
431,1139461,3,2005-10-23
431,101395,5,2004-04-11
431,43177,1,2004-01-19
431,1770331,4,2005-02-20
431,1468324,3,2005-07-22
431,630630,4,2005-07-22
431,1419875,2,2003-11-02
431,215948,3,2005-08-24
431,2540808,4,2005-08-24
431,1243621,1,2004-02-27
431,146879,3,2004-09-14
431,418307,3,2004-05-04
431,1928953,4,2004-08-25
431,92833,4,2004-05-28
431,678022,5,2005-05-11
431,218963,4,2005-06-17
431,1329870,5,2005-09-18
431,1631532,4,2005-10-29
431,1727296,1,2005-10-31
431,2049638,3,2003-11-21
431,2369086,3,2004-09-06
431,1731825,3,2004-02-24
431,196846,3,2004-01-10
431,1286739,3,2004-03-15
431,588918,3,2003-11-11
431,2431916,4,2004-01-14
431,1742019,5,2003-11-13
431,342727,4,2005-08-29
431,2071343,5,2003-11-19
431,1139937,4,2004-05-24
431,1539739,3,2005-01-19
431,1288745,3,2005-02-10
431,1321505,3,2005-02-21
431,524295,4,2005-02-21
431,948783,4,2005-06-12
431,2175611,4,2005-06-20
431,1520104,4,2005-07-01
431,1340936,5,2005-10-03
431,863117,5,2005-11-07
431,1847393,4,2004-04-21
431,151416,4,2004-06-08
431,2424907,4,2003-11-12
431,2500255,3,2004-02-02
431,1679094,4,2005-07-25
431,888564,2,2004-06-01
431,2398061,4,2004-03-24
431,2393834,3,2005-08-22
431,1658172,4,2004-02-07
431,245765,4,2005-08-25
431,1211496,5,2003-11-02
431,1881483,3,2004-05-28
431,1307048,1,2004-04-23
431,2169359,4,2004-03-26
431,2067823,4,2004-05-17
431,810389,4,2004-11-27
431,1163079,5,2004-12-12
431,1452487,3,2005-02-03
431,1672993,4,2005-02-09
431,1026664,4,2005-05-01
431,1995482,5,2005-03-28
431,952109,2,2005-06-13
431,1140762,5,2005-09-11
431,567687,2,2005-07-14
431,1082737,5,2005-07-18
431,2188378,5,2004-06-23
431,1933010,3,2003-11-28
431,1449421,3,2003-11-10
431,2340654,3,2003-12-07
431,1995531,2,2004-02-18
431,1819758,5,2003-11-21
431,1464304,5,2003-11-20
431,1007717,1,2003-11-10
431,331447,2,2004-02-20
431,2203248,5,2004-06-26
431,1414182,2,2005-03-14
431,1206293,5,2005-06-04
431,1201402,5,2005-09-17
431,1470619,2,2005-09-22
431,706638,3,2005-10-17
431,1064067,4,2004-01-09
431,1204986,4,2005-07-26
431,1374354,3,2003-11-21
431,1777623,2,2003-12-15
431,138768,5,2003-11-19
431,550309,3,2004-04-12
431,1555693,4,2005-09-02
431,2432542,4,2004-06-16
431,1171194,4,2004-04-19
431,1295471,4,2004-09-18
431,637270,3,2004-10-31
431,1368107,4,2004-11-03
431,2032423,4,2004-11-15
431,2289956,3,2004-11-16
431,1946893,3,2004-12-12
431,1622694,3,2005-01-04
431,735678,4,2005-06-01
431,493578,4,2005-06-21
431,2524475,3,2005-11-02
431,399933,3,2005-12-06
431,1903582,5,2004-04-01
431,709542,2,2005-08-01
431,1801243,3,2003-11-19
431,433126,5,2004-02-19
431,155231,2,2004-09-02
431,616947,4,2003-11-05
431,251497,5,2004-04-08
431,2091164,4,2004-09-09
431,410078,3,2004-01-23
431,1024775,5,2004-09-24
431,228833,3,2004-10-22
431,1199337,2,2004-10-24
431,247932,4,2004-10-27
431,1239396,5,2005-04-28
431,989093,3,2005-10-05
431,2412187,5,2005-10-12
431,1871090,5,2005-12-27
431,532697,2,2005-12-30
431,147093,4,2005-07-17
431,327796,4,2003-12-02
431,1759887,2,2004-05-06
431,1110156,3,2003-10-30
431,2494919,5,2003-11-11
431,205036,5,2004-05-09
431,1351843,2,2003-11-07
431,1862998,3,2004-03-23
431,2385738,2,2004-04-26
431,1099676,4,2005-02-03
431,2497159,4,2005-03-15
431,2391325,4,2005-07-04
431,1654167,3,2004-04-22
431,1990957,3,2004-02-26
431,353663,3,2005-07-13
431,186732,3,2004-08-01
431,2495607,5,2004-07-06
431,126083,4,2004-05-23
431,1847935,4,2004-06-22
431,62471,3,2004-07-10
431,835380,1,2003-12-25
431,1085786,3,2005-02-19
431,2470402,5,2004-04-11
431,170162,5,2003-11-13
431,1058761,2,2004-04-21
431,1023753,3,2004-06-08
431,1268509,2,2004-08-05
431,579352,3,2004-10-24
431,1389683,5,2004-11-14
431,258373,3,2005-01-04
431,470306,2,2005-01-31
431,163205,3,2005-02-26
431,279957,4,2005-05-31
431,2235635,4,2005-06-08
431,1561703,2,2003-10-30
431,1250817,4,2004-01-28
431,39533,5,2004-03-23
431,1890546,3,2004-12-04
431,1036262,2,2003-12-02
431,599111,4,2005-07-28
431,1677522,3,2004-02-24
431,1846045,2,2004-03-10
431,391353,5,2004-04-14
431,1941375,4,2004-09-13
431,376881,4,2003-11-06
431,1135208,5,2003-11-28
431,217481,4,2004-04-20
431,1381691,2,2003-11-24
431,682169,3,2004-05-10
431,2236432,2,2004-08-18
431,1417474,2,2004-03-30
431,544365,2,2004-02-27
431,2347958,1,2005-06-09
431,876424,1,2005-09-08
431,297375,4,2005-09-12
431,2516245,4,2005-09-21
431,226422,3,2003-11-04
431,798669,3,2005-07-09
431,2555373,1,2005-07-10
431,1697201,5,2005-07-28
431,2277171,3,2003-10-30
431,1146198,3,2004-09-09
431,144099,4,2005-08-18
431,388469,3,2005-08-28
431,500449,5,2004-01-09
431,452465,3,2004-04-16
431,807074,3,2004-06-04
431,1830523,3,2004-07-12
431,73335,4,2005-01-19
431,1595451,3,2005-02-06
431,601155,3,2005-02-18
431,1394456,1,2005-03-07
431,403504,4,2005-03-29
431,1710104,2,2005-05-02
431,2489743,5,2005-09-10
431,2083863,5,2005-11-10
431,340431,4,2005-02-20
431,1600392,4,2004-01-29
431,1846965,5,2003-12-02
431,1903324,1,2004-01-30
431,1924206,4,2004-02-10
431,1117189,4,2003-12-10
431,1897433,3,2003-11-17
431,2333055,4,2004-01-15
431,2158590,3,2004-05-11
431,2265995,4,2004-04-16
431,489383,5,2004-09-27
431,168516,5,2005-02-03
431,379019,4,2005-02-28
431,1914257,5,2005-03-06
431,914165,2,2005-04-18
431,1615438,4,2005-05-08
431,431779,5,2005-06-23
431,2074189,4,2005-09-15
431,893548,5,2005-12-10
431,988972,3,2003-11-18
431,1658961,2,2003-12-10
431,1670076,4,2005-08-02
431,1042137,4,2004-04-06
431,1743858,4,2005-08-26
431,1270517,4,2004-02-29
431,765489,5,2004-01-05
431,1219148,3,2004-06-29
431,2209328,4,2004-05-24
431,2596999,4,2005-02-06
431,2283873,2,2005-02-08
431,2444627,4,2005-05-20
431,1173164,4,2005-09-24
431,1841210,1,2005-10-27
431,2395817,2,2004-07-01
431,1318262,2,2004-01-04
431,1348967,2,2004-06-21
431,1416480,4,2004-02-19
431,1129831,2,2005-07-30
431,115743,4,2005-08-15
431,734458,2,2004-03-07
431,409574,3,2003-11-03
431,465287,1,2005-09-06
431,2213131,5,2004-01-06
431,283738,4,2004-08-30
431,163134,5,2004-04-10
431,868404,3,2004-04-28
431,888371,4,2004-06-19
431,787779,5,2005-05-07
431,1471999,2,2005-01-25
431,187450,5,2005-01-31
431,1485833,5,2005-02-15
431,2397314,2,2005-03-07
431,1440281,4,2005-04-06
431,1575060,3,2005-09-20
431,2327363,5,2005-09-25
431,745235,4,2004-02-10
431,1658698,3,2004-06-02
431,501823,5,2005-07-17
431,1439340,1,2004-06-08
431,1423977,3,2005-11-27
431,943867,4,2004-03-15
431,879907,5,2005-09-07
431,406405,4,2004-03-31
431,554515,4,2003-11-23
431,1446369,3,2004-08-15
431,1137985,3,2004-07-04
431,2050279,4,2004-06-07
431,639377,3,2004-03-09
431,1966678,5,2004-09-04
431,2512128,5,2004-06-28
431,1688256,4,2004-04-09
431,2163702,4,2004-07-20
431,866323,4,2004-07-20
431,1312336,3,2004-10-05
431,989539,3,2005-01-19
431,2256705,4,2005-03-14
431,1060057,1,2005-03-16
431,1325958,4,2005-03-23
431,2611332,5,2005-04-05
431,2221629,4,2005-05-25
431,151571,4,2005-05-29
431,1659896,2,2005-07-11
431,782937,4,2004-06-03
431,1791461,5,2003-12-17
431,1380222,3,2004-07-07
431,1599816,2,2004-07-13
431,787428,4,2004-06-23
431,2615444,1,2003-12-17
431,202891,2,2003-11-27
431,95714,5,2003-11-10
431,2364155,4,2004-01-13
431,2457095,2,2004-03-12
431,585968,2,2004-10-10
431,2287442,2,2004-10-11
431,181389,5,2004-12-02
431,1421208,4,2004-12-03
431,1433478,5,2005-02-12
431,2296902,5,2005-04-21
431,661168,2,2005-05-10
431,688132,5,2005-05-10
431,534881,3,2005-09-12
431,10867,5,2005-09-13
431,2403703,3,2005-09-16
431,1657429,5,2005-09-19
431,1265652,5,2005-11-12
431,618546,4,2005-11-30
431,642642,5,2004-04-02
431,2247658,4,2003-11-20
431,2496561,2,2004-07-11
431,296959,2,2003-12-01
431,1188228,4,2004-01-16
431,1264355,2,2003-11-05
431,1974488,3,2004-05-31
431,1731876,3,2004-10-12
431,2347551,3,2005-04-22
431,1909216,5,2005-05-19
431,1021898,4,2005-05-25
431,509070,5,2005-06-06
431,2070851,2,2005-09-10
431,484559,4,2005-10-05
431,1414501,3,2005-10-17
431,201431,4,2005-10-22
431,1174634,4,2005-10-27
431,66885,4,2003-11-10
431,650419,3,2003-11-18
431,2129065,1,2004-08-05
431,1658796,3,2003-11-10
431,2012582,3,2003-10-29
431,2457338,5,2004-06-23
431,1044004,5,2004-06-25
431,1950120,5,2004-03-30
431,2103203,4,2004-03-16
431,1105029,3,2004-12-30
431,1347822,4,2005-02-03
431,1995284,3,2005-02-17
431,89209,4,2005-03-26
431,1201634,3,2005-04-19
431,1100798,4,2003-10-29
431,34166,5,2005-07-18
431,2293134,2,2004-03-25
431,1796166,1,2003-11-21
431,2167214,4,2003-11-14
431,101277,2,2003-12-02
431,1821087,3,2004-01-29
431,431958,3,2003-11-13
431,1842351,2,2004-04-22
431,1139933,5,2005-08-30
431,1777750,4,2003-11-20
431,2544655,1,2004-07-25
431,2551686,4,2004-03-21
431,892151,2,2004-09-09
431,2357729,4,2004-06-22
431,1311570,4,2004-11-04
431,2398923,1,2004-12-01
431,655083,4,2005-03-11
431,204177,5,2005-03-14
431,1759396,3,2005-03-23
431,1609999,4,2005-03-23
431,2163623,5,2005-04-26
431,1286735,4,2005-04-05
431,1539496,5,2005-10-10
431,2622098,4,2005-11-02
431,683719,3,2004-03-26
431,1683615,5,2003-11-24
431,248206,3,2003-11-19
431,1439770,4,2003-11-05
431,1088332,2,2004-07-14
431,302336,4,2005-08-05
431,342008,5,2004-01-25
431,1800652,3,2005-08-16
431,1978549,1,2004-02-05
431,1795529,4,2004-02-21
431,1964968,2,2003-11-05
431,687574,4,2004-04-12
431,1135017,4,2004-07-31
431,2360796,5,2004-03-24
431,1935230,3,2004-10-05
431,1166601,5,2005-03-12
431,107776,3,2005-03-21
431,1380173,3,2005-03-27
431,2138917,5,2005-10-03
431,170988,5,2005-10-07
431,628118,3,2004-08-16
431,110049,2,2004-02-20
431,2144649,3,2003-11-03
431,2429207,4,2003-11-04
431,32816,3,2005-07-25
431,2356088,1,2003-11-17
431,2551589,4,2004-08-05
431,600361,3,2005-09-01
431,2633152,4,2003-12-28
431,1537958,3,2004-03-01
431,856858,4,2004-04-21
431,1855973,4,2004-06-11
431,120762,5,2004-10-09
431,1429691,3,2004-10-26
431,1824315,2,2005-02-11
431,2334180,3,2004-06-06
431,2193332,3,2003-12-02
431,78867,3,2004-02-23
431,986444,3,2004-02-18
431,1070197,2,2004-01-07
431,1759632,4,2004-04-07
431,2201561,2,2004-02-03
431,220183,5,2004-03-26
431,1905560,3,2005-02-23
431,635503,4,2005-01-26
431,738390,4,2005-02-09
431,2310135,3,2005-04-03
431,1703802,4,2005-04-14
431,745741,4,2005-10-25
431,2524276,5,2005-07-09
431,2445968,4,2005-07-12
431,952582,4,2004-04-29
431,1947520,4,2003-11-05
431,1024289,4,2005-07-22
431,969175,4,2003-11-07
431,1486230,5,2004-03-28
431,1996687,5,2005-08-09
431,1238709,5,2003-12-08
431,2052142,3,2004-05-19
431,120931,4,2004-02-09
431,513960,3,2003-11-03
431,1171248,4,2004-03-24
431,1076614,4,2004-04-01
431,1043024,5,2004-06-05
431,2185534,4,2004-10-13
431,2086739,3,2005-01-10
431,686241,4,2005-03-10
431,1386881,5,2005-04-23
431,756620,5,2005-04-29
431,1221346,3,2005-05-01
431,1840953,5,2005-05-17
431,151821,4,2005-06-13
431,275079,5,2005-06-29
431,1342918,5,2005-07-02
431,608018,3,2005-09-14
431,712963,5,2005-09-28
431,1723583,3,2005-10-23
431,2446563,5,2004-04-12
431,635675,5,2005-07-09
431,670204,1,2004-04-09
431,2299051,4,2003-11-14
431,1331713,4,2003-12-27
431,1078630,3,2003-11-19
431,2626578,2,2003-12-19
431,559084,4,2005-08-08
431,154465,5,2005-09-04
431,2141139,1,2003-12-18
431,771467,4,2004-01-16
431,2595479,3,2004-07-15
431,1594001,3,2005-02-24
431,2445481,4,2005-03-13
431,1913104,4,2005-05-02
431,661071,5,2005-06-29
431,1754146,4,2005-09-14
431,175338,3,2005-10-28
431,2511993,5,2004-04-06
431,2378649,2,2004-02-13
431,29431,3,2005-08-09
431,2316651,4,2003-10-22
431,1657303,5,2004-08-01
431,1531490,4,2004-10-13
431,1843519,3,2005-01-07
431,1590026,4,2005-01-19
431,1753736,3,2005-09-27
431,1708541,4,2005-12-01
431,1315778,3,2005-12-18
431,1005422,4,2004-09-06
431,1892504,3,2004-05-10
431,747695,4,2004-11-26
431,1907060,3,2004-02-02
431,787391,3,2003-11-11
431,373900,5,2005-07-23
431,507603,1,2005-07-23
431,1768736,2,2004-02-22
431,1745404,4,2004-08-11
431,1656284,5,2004-03-15
431,468194,3,2004-02-07
431,1808298,4,2004-05-04
431,1740987,5,2004-08-10
431,1726882,3,2004-10-11
431,1741344,5,2004-12-06
431,2115996,4,2004-12-24
431,232655,4,2005-05-11
431,335030,5,2005-06-29
431,2192954,3,2005-11-08
431,1669035,3,2005-11-17
431,1123175,2,2005-11-20
431,1943141,5,2003-12-01
431,1095165,3,2005-07-12
431,313158,3,2004-04-22
431,1077166,2,2003-12-01
431,2641668,3,2003-11-04
431,935898,1,2004-05-26
431,2120882,1,2004-03-03
431,471814,1,2004-04-06
431,2330864,3,2005-09-01
431,504296,4,2004-01-21
431,86298,5,2004-03-10
431,2420494,5,2004-04-08
431,846310,5,2004-06-16
431,844391,5,2004-08-29
431,1080008,3,2004-11-29
431,148441,4,2004-12-13
431,749157,5,2005-06-24
431,204978,4,2005-07-01
431,2194079,5,2005-10-13
431,2430477,5,2005-07-17
431,1331224,5,2004-02-19
431,1997079,5,2003-10-31
431,599529,4,2004-05-27
431,1330032,4,2004-05-25
431,1767072,5,2003-11-29
431,40841,4,2003-12-12
431,2402896,4,2005-08-11
431,1272917,2,2003-11-19
431,765292,4,2004-03-24
431,467392,5,2004-07-22
431,1397213,1,2003-11-04
431,2140827,5,2004-02-03
431,2364887,3,2004-08-21
431,2112461,4,2005-01-24
431,1576440,4,2005-02-01
431,2637755,4,2005-04-02
431,1075759,4,2005-05-03
431,1068266,4,2005-09-13
431,1106844,4,2005-07-10
431,595486,3,2004-01-12
431,2525107,4,2005-07-25
431,2524668,3,2004-07-12
431,2027,3,2005-07-31
431,2180593,3,2003-11-06
431,948234,3,2004-05-13
431,661770,4,2003-11-27
431,2159753,3,2003-11-18
431,1722588,3,2004-06-02
431,508137,3,2004-03-03
431,2339399,1,2004-04-21
431,2335640,1,2004-06-06
431,2286500,2,2004-11-08
431,1767778,5,2004-11-23
431,2232677,3,2004-12-28
431,1888107,1,2005-01-05
431,61841,4,2005-04-11
431,1141198,4,2005-05-20
431,380765,4,2005-05-23
431,1515790,4,2005-09-19
431,2202365,3,2005-09-22
431,2452503,3,2005-10-13
431,183052,4,2004-05-21
431,2578830,1,2003-12-09
431,2209307,4,2005-07-28
431,840537,3,2004-01-08
431,1513698,3,2004-06-13
431,87637,5,2004-05-10
431,2013826,2,2003-10-31
431,1655656,2,2005-01-29
431,1441297,4,2004-05-04
431,1420623,4,2004-09-04
431,179372,4,2005-01-10
431,933259,5,2005-02-10
431,2136441,4,2005-03-27
431,669523,5,2005-06-06
431,62328,4,2005-10-22
431,1551018,4,2003-12-06
431,1830000,5,2005-07-21
431,1282741,4,2004-05-10
431,26210,4,2004-04-12
431,433877,4,2005-08-18
431,772090,5,2003-11-08
431,322009,3,2004-06-29
431,1572525,3,2005-09-10
431,248305,1,2004-02-27
431,2521051,5,2004-04-27
431,56428,3,2004-06-07
431,1009323,4,2004-08-02
431,105029,5,2004-09-04
431,1982118,3,2004-09-27
431,2083367,3,2005-02-11
431,623281,3,2005-02-17
431,1738403,4,2005-02-18
431,2060480,4,2005-03-12
431,1557548,5,2005-04-19
431,723214,4,2005-04-20
431,1706444,4,2005-06-08
431,1831796,5,2005-06-13
431,2334738,4,2003-11-07
431,1303306,3,2004-02-13
431,1776533,2,2003-12-31
431,86275,4,2004-11-27
431,2016486,5,2004-01-30
431,330436,4,2004-07-23
431,1500744,3,2005-08-09
431,469195,3,2005-08-19
431,2209212,4,2005-08-20
431,2159303,3,2003-12-02
431,1919183,5,2003-11-11
431,2388135,1,2004-02-05
431,2580679,4,2004-07-26
431,1678779,5,2004-04-20
431,1511815,3,2004-07-03
431,1178715,5,2004-11-19
431,2485452,3,2004-12-09
431,1292792,5,2005-01-01
431,1053090,3,2005-03-19
431,2602321,4,2005-03-24
431,281452,4,2005-04-13
431,18525,5,2005-04-29
431,2186676,5,2005-05-10
431,2010367,2,2005-05-26
431,513728,4,2004-08-30
431,724296,5,2003-11-18
431,1680854,4,2003-11-10
431,1714897,3,2005-07-27
431,2678,2,2004-01-22
431,725557,3,2004-01-17
431,2238759,4,2003-12-05
431,1086084,5,2005-08-18
431,47344,4,2003-12-10
431,2595535,5,2003-12-11
431,1995221,5,2004-05-30
431,92249,4,2004-11-15
431,1379956,5,2005-02-10
431,1760658,4,2005-03-12
431,1137575,3,2005-04-03
431,1302673,4,2005-04-07
431,1011721,5,2005-05-12
431,1453687,3,2005-06-03
431,247252,3,2005-10-25
431,1886161,5,2005-10-28
431,1920234,4,2005-12-10
431,1220079,3,2004-01-19
431,1650580,5,2005-02-26
431,2454784,4,2003-12-03
431,129104,4,2004-01-09
431,376461,3,2004-05-09
431,529275,4,2003-11-25
431,2245965,2,2003-12-08
431,1767741,4,2004-04-09
431,480487,4,2004-03-16
431,1630235,4,2004-05-07
431,108592,4,2004-06-18
431,2528146,4,2004-08-26
431,795477,5,2005-03-20
431,398754,5,2005-04-02
431,1652779,3,2005-04-14
431,1596032,3,2005-06-08
431,2256813,4,2005-06-22
431,1399793,3,2005-09-03
431,1032165,3,2003-11-28
431,1681664,3,2003-11-13
431,1168424,4,2003-11-17
431,1334192,2,2004-01-11
431,903316,2,2003-11-06
431,2282475,5,2004-03-12
431,1405132,5,2004-10-12
431,1064977,4,2005-02-14
431,2129511,4,2005-04-17
431,818416,5,2005-06-03
431,1643021,3,2005-06-07
431,553969,3,2005-07-07
431,626246,5,2003-12-16
431,1728806,3,2005-07-21
431,758661,4,2004-01-13
431,1765211,4,2005-08-03
431,1396834,5,2005-08-03
431,881431,4,2003-11-04
431,290716,5,2004-02-26
431,2079530,4,2003-11-21
431,2380667,4,2004-06-10
431,742720,3,2003-11-17
431,2442218,5,2005-08-26
431,1732795,2,2004-06-02
431,1628403,3,2004-11-12
431,2354195,5,2004-11-29
431,835473,5,2004-12-16
431,1547377,5,2005-02-09
431,811068,3,2005-02-14
431,1857456,3,2005-03-09
431,803489,3,2005-05-07
431,1418801,4,2005-06-11
431,931055,3,2005-07-02
431,1482393,3,2005-09-17
431,1664010,5,2005-10-12
431,2297336,3,2005-12-05
431,1769608,3,2003-11-15
431,2444463,4,2004-03-23
431,1077806,3,2004-01-12
431,1765879,4,2005-10-01
431,764945,3,2003-11-06
431,658721,4,2003-11-04
431,2296108,2,2005-04-26
431,1819300,3,2003-10-31
431,34822,3,2004-04-27
431,1039453,5,2003-11-11
431,1657840,3,2004-03-02
431,1569446,3,2004-05-31
431,1434651,1,2003-11-26
431,2146336,4,2004-03-10
431,2507225,1,2004-08-23
431,1732620,3,2004-01-12
431,827431,4,2004-05-12
431,2226634,3,2004-06-11
431,1714218,3,2004-02-27
431,663488,2,2005-02-07
431,332443,4,2005-10-19
431,1392109,4,2005-11-16
431,1973114,4,2004-01-09
431,1936446,4,2004-03-26
431,1406800,4,2004-09-02
431,744631,5,2003-12-17
431,1652069,4,2004-03-26
431,2374782,5,2004-07-25
431,2157492,4,2005-10-08
431,559019,5,2004-03-30
431,2549264,5,2004-04-20
431,1794853,3,2004-11-10
431,740199,3,2004-11-12
431,1605485,3,2005-01-27
431,784914,4,2005-02-03
431,760262,5,2005-04-16
431,1166831,5,2005-05-22
431,1367460,4,2005-06-07
431,1891521,3,2005-09-12
431,1321732,1,2005-10-17
431,980834,5,2005-11-19
431,109541,4,2003-11-08
431,2427540,2,2005-07-20
431,1071305,5,2003-11-14
431,2122152,3,2003-11-14
431,1661702,4,2004-06-04
431,2386483,5,2004-05-12
431,309934,4,2005-08-01
431,1703462,4,2005-08-07
431,913594,4,2003-12-20
431,1148602,5,2004-01-19
431,2441439,1,2004-02-26
431,2510042,5,2004-04-06
431,1295898,2,2004-01-12
431,1890513,3,2005-09-06
431,543019,5,2004-09-08
431,1830336,2,2003-11-13
431,1252307,4,2004-01-13
431,61404,4,2004-04-05
431,314718,3,2004-06-22
431,1701654,4,2004-09-26
431,172258,5,2004-12-12
431,805117,3,2004-12-13
431,11374,4,2005-05-19
431,1995052,4,2005-06-02
431,242171,3,2005-06-21
431,1811627,5,2005-07-06
431,485063,4,2004-07-13
431,2595544,1,2005-07-14
431,2496715,3,2004-07-29
431,933091,3,2004-03-02
431,1817838,3,2003-12-09
431,1809452,5,2003-11-02
431,803610,5,2003-10-21
431,2327416,5,2005-08-29
431,2594727,1,2004-02-04
431,2439115,4,2004-05-11
431,44620,4,2004-01-14
431,1380722,3,2004-07-26
431,1952500,5,2004-07-08
431,1552423,5,2004-08-21
431,2240015,4,2004-07-07
431,2453949,2,2004-11-02
431,688997,1,2004-11-11
431,1175158,4,2005-01-01
431,1709076,5,2005-03-21
431,1155277,5,2005-09-10
431,2271535,3,2005-11-15
431,519761,4,2003-11-19
431,2066105,1,2005-07-12
431,198955,4,2003-11-05
431,1421905,3,2003-11-10
431,753107,1,2005-09-07
431,1562656,3,2004-11-23
431,83650,4,2004-01-07
431,1573438,5,2004-01-23
431,2211241,5,2004-07-25
431,2148658,4,2005-01-30
431,1726565,3,2005-02-02
431,200189,5,2005-04-12
431,406091,2,2005-05-04
431,338656,5,2005-06-02
431,2091407,2,2005-06-20
431,862596,1,2005-09-17
431,1368476,4,2005-09-18
431,1612554,4,2005-09-27
431,1367945,5,2005-10-12
431,480206,3,2005-10-19
431,115361,5,2005-11-08
431,462171,2,2003-10-31
431,630964,2,2004-01-14
431,2222535,3,2004-08-11
431,1171408,5,2003-11-16
431,1167175,3,2004-03-01
431,106829,1,2004-05-23
431,1733877,2,2004-03-01
431,2586697,4,2005-02-04
431,2012575,4,2004-03-18
431,1751600,3,2004-02-17
431,1669040,5,2005-08-22
431,762194,5,2005-08-26
431,886513,5,2003-12-10
431,76470,3,2004-12-15
431,469220,4,2005-10-06
431,460980,1,2005-10-29
431,592154,3,2005-11-25
431,1816495,3,2004-01-16
431,1826902,2,2003-11-05
431,437934,2,2003-11-06
431,2262888,3,2005-07-25
431,905537,3,2003-12-16
431,1505182,4,2003-12-30
431,222767,4,2004-05-23
431,2437464,4,2004-02-23
431,314441,5,2004-08-21
431,2350917,1,2003-11-11
431,132278,3,2004-04-16
431,1809248,4,2004-06-23
431,1870452,5,2004-04-11
431,1111390,4,2004-10-04
431,1883502,4,2004-11-02
431,1304156,3,2004-12-01
431,1060699,4,2004-12-11
431,2506228,5,2004-12-19
431,854412,4,2005-03-03
431,1996307,5,2005-03-28
431,822525,3,2005-10-25
431,400916,1,2005-10-28
431,2342880,3,2005-07-07
431,2631602,3,2004-07-21
431,614407,3,2004-02-03
431,1701303,5,2004-06-24
431,2241438,4,2004-06-02
431,2353709,4,2003-11-13
431,1419705,3,2003-12-31
431,1838542,2,2003-11-19
431,98627,1,2003-12-26
431,738885,5,2003-11-18
431,243865,5,2004-02-02
431,200949,4,2004-02-25
431,1095243,2,2004-01-13
431,1955660,3,2004-04-19
431,493863,4,2004-08-06
431,1729472,5,2004-09-24
431,1961836,1,2004-11-08
431,1011235,3,2005-01-12
431,1937732,3,2005-06-20
431,2488511,4,2005-09-27
431,1181168,3,2005-10-11
431,2512098,4,2005-12-05
431,1107263,4,2003-10-31
431,314357,1,2004-02-19
431,681121,3,2003-11-17
431,330713,3,2004-02-16
431,152155,5,2005-07-29
431,915268,2,2004-02-18
431,642898,3,2004-01-09
431,1099813,3,2003-11-25
431,564441,3,2003-10-30
431,946904,3,2003-12-05
431,2562137,4,2003-11-04
431,970269,5,2003-12-22
431,1794922,3,2003-11-17
431,864446,3,2005-09-06
431,2404164,4,2004-03-31
431,2070911,4,2004-02-10
431,2509048,4,2004-03-14
431,2542703,5,2004-08-01
431,1725751,4,2004-10-21
431,900077,2,2005-01-27
431,1098510,5,2005-03-23
431,553323,4,2005-04-07
431,2151701,3,2005-05-08
431,1139477,4,2005-05-14
431,456987,5,2005-11-11
431,2311304,4,2005-07-17
431,2644448,4,2005-08-07
431,1534211,4,2005-08-18
431,2154920,3,2004-03-07
431,505171,4,2004-01-13
431,1071088,3,2004-03-12
431,979644,1,2004-06-16
431,2565803,3,2004-03-01
431,1970257,4,2004-06-11
431,1701982,3,2004-10-22
431,1440602,2,2004-10-24
431,1527,3,2004-12-03
431,2349160,3,2004-12-15
431,950498,4,2005-03-03
431,1375824,3,2005-03-17
431,1169289,4,2005-03-26
431,742283,4,2005-05-11
431,2430907,3,2005-09-16
431,2483993,4,2005-10-28
431,2086206,5,2004-06-18
431,2082100,2,2003-11-12
431,2122520,4,2003-11-05
431,1362720,1,2003-12-12
431,507426,4,2004-03-08
431,1690112,3,2004-05-10
431,901931,4,2004-08-25
431,1232733,2,2004-10-26
431,932358,4,2005-03-07
431,1851429,4,2005-04-25
431,2330618,5,2005-09-17
431,949206,5,2005-10-02
431,262404,3,2005-11-04
431,798909,4,2005-12-30
431,533160,2,2003-11-02
431,1627242,3,2003-10-30
431,999661,3,2004-01-08
431,155112,4,2003-11-26
431,2616187,3,2003-11-30
431,675111,3,2004-06-27
431,2228239,4,2004-10-18
431,949003,3,2005-01-03
431,2026818,5,2005-01-10
431,1377933,5,2005-02-24
431,90051,5,2005-03-11
431,482394,3,2005-03-26
431,2181595,3,2005-04-16
431,843736,4,2005-06-22
431,632446,4,2005-10-02
431,2212303,4,2003-11-06
431,1865770,3,2004-05-02
431,2592934,5,2004-06-21
431,823984,4,2003-12-02
431,897881,3,2003-11-20
431,1467440,3,2004-04-30
431,422496,5,2004-06-05
431,1257649,4,2003-11-07
431,2283154,5,2003-11-03
431,1105058,2,2004-02-11
431,1804937,3,2004-01-23
431,1676671,4,2004-06-11
431,2346294,4,2004-05-03
431,1404865,4,2004-09-28
431,274062,3,2005-01-19
431,1894043,5,2005-02-15
431,2221031,3,2005-02-23
431,2133771,3,2005-03-06
431,1587376,4,2005-05-05
431,1460308,3,2005-06-01
431,1546074,4,2005-06-05
431,2565467,3,2005-10-24
431,2513362,3,2005-07-12
431,1312448,1,2003-12-16
431,1091773,4,2003-12-08
431,284950,2,2003-11-03
431,1207567,3,2004-05-17
431,2377192,3,2003-11-19
431,1895096,2,2003-12-05
431,168582,3,2004-06-02
431,2545952,3,2004-05-06
431,2318762,4,2004-07-15
431,318409,1,2004-09-19
431,533713,3,2004-09-28
431,664606,4,2005-01-13
431,872655,3,2005-04-22
431,616548,3,2005-05-07
431,1629440,5,2005-05-27
431,1179516,3,2005-09-09
431,1944986,5,2005-07-06
431,1296570,1,2004-01-27
431,344110,5,2005-07-25
431,2006011,4,2003-11-05
431,1371204,4,2003-11-04
431,932030,3,2004-02-19
431,943272,4,2003-11-14
431,1157165,1,2004-08-18
431,750677,2,2004-07-10
431,1550857,5,2004-07-19
431,148350,4,2004-02-28
431,507468,4,2004-08-27
431,2373330,4,2004-09-24
431,2596310,5,2005-01-25
431,869468,3,2005-01-20
431,2065586,4,2005-03-11
431,1579673,4,2005-03-11
431,670869,4,2005-04-19
431,757582,4,2005-10-02
431,2605778,5,2005-11-07
431,2071899,4,2003-11-10
431,365602,4,2005-07-28
431,197101,4,2003-11-03
431,407797,2,2004-02-13
431,56222,4,2005-08-14
431,1326003,4,2005-08-15
431,382146,2,2004-09-02
431,1576394,2,2004-08-20
431,651315,3,2004-05-24
431,2223033,3,2004-12-07
431,1127876,4,2004-12-28
431,267349,3,2005-01-25
431,922321,4,2005-02-11
431,2237481,2,2005-02-15
431,1137883,3,2005-02-26
431,2107858,1,2005-04-11
431,2270564,3,2005-05-14
431,1039413,5,2005-05-13
431,2517727,5,2005-06-30
431,573216,5,2005-10-04
431,1428163,3,2005-10-17
431,1400057,3,2005-07-06
431,2297776,3,2004-05-03
431,2640760,3,2003-11-18
431,389006,3,2005-08-05
431,431484,4,2004-03-29
431,1455698,5,2003-12-08
431,1562378,4,2003-11-12
431,2128788,3,2004-01-28
431,1878713,1,2003-12-22
431,358549,2,2004-02-07
431,2105402,4,2004-01-06
431,1513481,3,2004-06-16
431,616839,2,2004-05-26
431,2614394,4,2004-10-19
431,1344527,4,2004-11-13
431,474659,4,2005-02-05
431,207956,5,2005-04-18
431,2564560,5,2005-05-06
431,1865396,4,2004-04-09
431,922551,2,2004-07-21
431,2290732,3,2004-06-01
431,1627581,5,2003-11-02
431,412171,3,2003-11-03
431,2277395,4,2004-02-19
431,266034,4,2004-08-20
431,1458094,3,2003-12-03
431,1747111,2,2004-02-24
431,1940324,4,2004-01-13
431,2439270,4,2003-11-25
431,1118931,5,2004-08-03
431,2290963,3,2005-01-02
431,2487809,4,2005-03-27
431,665291,4,2005-11-01
431,1220618,1,2003-11-25
431,87113,2,2005-07-07
431,960801,2,2003-11-04
431,1080014,3,2004-01-13
431,1539122,3,2003-11-24
431,1167521,3,2003-11-28
431,2601377,3,2003-11-21
431,2046572,3,2003-11-11
431,242425,1,2005-08-05
431,984118,5,2005-08-07
431,1011106,4,2003-11-15
431,1138686,4,2004-02-02
431,612116,1,2003-11-03
431,644154,3,2003-11-19
431,1690745,4,2005-09-07
431,1385029,3,2004-02-10
431,863787,5,2004-02-29
431,1415546,4,2004-05-07
431,1497131,2,2004-04-19
431,890462,1,2004-05-25
431,1349930,2,2004-11-10
431,376024,5,2004-12-15
431,334429,4,2005-02-09
431,2456608,4,2005-02-04
431,1789503,5,2005-02-27
431,1425295,2,2005-03-29
431,667911,1,2005-04-22
431,1281377,5,2005-06-02
431,233949,3,2005-06-16
431,1433785,3,2005-10-29
431,262681,2,2005-11-18
431,1027887,4,2003-11-05
431,2001123,5,2003-11-11
431,1548807,4,2004-06-03
431,104462,3,2003-11-17
431,245322,3,2005-08-13
431,526238,3,2004-09-03
431,2479992,4,2005-08-29
431,1888128,4,2005-08-31
431,1177474,3,2005-09-08
431,2291306,1,2004-02-25
431,830300,5,2004-05-05
431,1255404,4,2005-03-01
431,2397327,4,2005-04-30
431,925877,1,2005-06-03
431,920326,4,2005-10-03
431,1523169,4,2004-02-02
431,824980,3,2005-07-31
431,940146,4,2004-02-24
431,624266,3,2004-03-16
431,1491102,4,2005-11-11
431,435310,1,2004-01-16
431,2628869,5,2004-03-03
431,932642,5,2004-10-24
431,1457134,2,2004-10-26
431,661672,3,2005-04-18
431,2470242,3,2005-05-28
431,1322896,4,2005-05-29
431,366740,3,2005-07-02
431,122564,5,2005-07-09
431,507498,5,2003-12-10
431,2339053,5,2003-11-19
431,1411392,3,2003-12-07
431,1911583,1,2003-11-13
431,2153837,4,2004-04-27
431,1133401,4,2005-08-07
431,2446208,2,2003-11-11
431,1006635,5,2004-05-07
431,932166,2,2003-11-24
431,1424232,4,2004-03-15
431,1601254,4,2003-12-17
431,1772901,3,2004-02-20
431,965876,5,2005-08-30
431,2269419,3,2004-07-10
431,2314300,3,2004-06-09
431,9911,4,2004-04-05
431,936828,3,2004-07-29
431,2057462,3,2004-09-16
431,1378848,2,2004-08-10
431,714207,3,2004-09-27
431,592466,3,2004-10-22
431,1154184,4,2004-12-16
431,450105,4,2004-12-20
431,2170384,3,2004-12-21
431,322994,5,2005-01-04
431,24248,3,2005-09-20
431,411573,5,2005-09-23
431,1510130,4,2005-10-24
431,1309403,3,2005-11-08
431,673040,3,2005-12-26
431,371346,4,2005-12-27
431,2244580,3,2005-07-06
431,351395,3,2004-08-18
431,2077006,4,2003-12-09
431,2356911,4,2003-11-04
431,202286,3,2004-02-23
431,473552,3,2003-11-12
431,1835914,3,2003-12-16
431,777752,4,2003-12-01
431,1730533,4,2004-03-17
431,112636,2,2004-04-05
431,807237,3,2005-04-14
431,1528345,3,2005-04-19
431,2588102,4,2005-06-01
431,884118,4,2005-11-22
431,2530813,3,2005-12-20
431,263937,1,2005-08-03
431,1009635,4,2004-06-01
431,1381552,4,2003-12-16
431,2087627,4,2004-08-15
431,230112,1,2004-07-03
431,1116511,5,2004-07-13
431,2266650,3,2004-12-06
431,364479,3,2005-01-19
431,514515,1,2005-01-26
431,246732,4,2005-10-17
431,762718,5,2004-07-01
431,1895781,3,2004-02-16
431,1894544,4,2005-07-28
431,1641457,2,2004-06-16
431,1518875,3,2004-05-22
431,1526199,3,2004-01-29
431,1741126,4,2005-09-09
431,1063490,3,2004-05-16
431,101198,5,2004-02-12
431,1275526,3,2004-08-31
431,1964970,5,2004-05-27
431,1625548,4,2004-09-21
431,1988009,5,2004-11-23
431,373998,5,2005-02-17
431,2030036,2,2005-03-26
431,2591912,5,2005-09-18
431,846266,4,2005-10-04
431,2476707,5,2005-07-20
431,491531,1,2004-06-02
431,290614,4,2003-11-10
431,1838932,4,2004-06-24
431,903186,2,2004-09-14
431,1665630,5,2004-07-01
431,216534,3,2004-05-18
431,1181722,3,2004-09-03
431,1042089,3,2004-12-20
431,656268,3,2005-06-13
431,1528597,5,2005-06-13
431,372650,3,2005-09-24
431,1907559,2,2003-11-06
431,2554035,2,2003-12-05
431,2479785,2,2004-06-10
431,558674,3,2004-01-05
431,89915,5,2005-08-09
431,384821,3,2003-11-18
431,1591925,3,2004-09-03
431,1091637,3,2004-09-01
431,494636,4,2004-05-10
431,4421,2,2004-06-20
431,462145,4,2005-02-03
431,2179353,3,2005-05-11
431,2528497,3,2005-06-21
431,428645,4,2005-09-14
431,2400013,4,2005-10-03
431,2212172,3,2005-12-09
431,2634260,3,2004-05-15
431,904285,3,2005-05-11
431,726434,3,2004-02-03
431,700688,4,2003-12-02
431,1348368,4,2005-09-04
431,2096810,3,2003-12-22
431,803761,5,2004-06-20
431,2089599,1,2004-01-14
431,1082336,5,2004-09-21
431,2346150,3,2004-11-28
431,40049,4,2005-01-04
431,2367141,5,2005-02-11
431,292681,5,2005-04-04
431,1206357,4,2005-04-07
431,2216182,5,2005-04-20
431,2586249,5,2005-05-10
431,480305,3,2004-03-18
431,1167852,3,2003-11-06
431,529356,4,2003-12-02
431,2446344,3,2004-03-19
431,1576849,4,2004-08-11
431,1288336,3,2004-04-28
431,557269,3,2005-08-17
431,1851761,2,2003-11-04
431,1387113,5,2004-05-24
431,1091318,3,2005-08-25
431,106870,4,2003-12-29
431,1171694,5,2004-06-17
431,42863,2,2004-03-25
431,587439,4,2004-07-14
431,1053828,3,2004-05-29
431,2122085,4,2004-09-13
431,1528604,2,2004-06-28
431,1320583,4,2004-09-14
431,331486,1,2004-10-21
431,2606799,5,2004-11-16
431,1076515,4,2005-01-02
431,1238676,4,2005-01-23
431,2540496,5,2005-01-28
431,1133268,5,2005-02-24
431,614754,5,2005-05-24
431,770133,4,2005-06-26
431,1557557,4,2005-07-01
431,2455938,3,2005-09-30
431,2288845,3,2005-10-24
431,144934,4,2005-11-26
431,555716,3,2005-12-10
431,1167439,4,2003-11-10
431,2277873,2,2005-07-20
431,367933,4,2004-03-28
431,1586924,3,2003-11-12
431,2618819,1,2003-12-01
431,2481839,4,2004-03-07
431,2403579,3,2004-05-04
431,2251818,4,2004-07-01
431,1396361,4,2005-01-25
431,1084108,4,2005-04-17
431,2517743,4,2005-06-09
431,407150,5,2005-09-10
431,1681228,4,2005-10-16
431,2512235,5,2004-05-09
431,1737549,3,2004-02-24
431,1814561,2,2004-07-22
431,277099,4,2005-08-08
431,1483249,3,2004-04-26
431,929407,3,2003-12-24
431,1282904,4,2003-11-22
431,2644423,4,2005-08-30
431,1591646,4,2005-08-31
431,779389,4,2004-03-08
431,1833553,5,2005-01-11
431,1445832,5,2005-01-22
431,243393,2,2005-02-14
431,2503230,3,2005-03-10
431,1427001,5,2005-03-23
431,766518,5,2005-04-22
431,2319768,5,2005-06-30
431,954656,4,2005-12-01
431,1993756,3,2003-10-29
431,749593,5,2005-07-09
431,917018,3,2003-11-12
431,1561705,1,2005-07-21
431,1069906,5,2005-08-02
431,613002,5,2003-12-19
431,1026569,2,2004-06-14
431,880157,2,2004-01-30
431,34691,4,2003-11-01
431,2029286,3,2004-02-03
431,362622,2,2004-03-01
431,1125967,4,2004-03-25
431,53134,3,2004-09-27
431,1236627,3,2004-10-04
431,469253,3,2004-11-29
431,269004,4,2005-03-08
431,324925,1,2005-05-18
431,2258714,3,2005-06-13
431,252476,3,2003-12-30
431,2574484,2,2003-11-21
431,933082,1,2004-03-13
431,2462113,2,2004-08-25
431,2204191,5,2004-07-09
431,807033,3,2003-11-17
431,1069048,5,2005-08-24
431,2258141,3,2004-05-31
431,1882384,2,2004-05-06
431,1403525,3,2004-03-02
431,2118838,4,2004-04-08
431,1988375,5,2004-04-21
431,1646846,3,2004-11-09
431,968647,5,2005-01-05
431,172118,3,2005-10-07
431,1741646,3,2005-04-17
431,1972788,4,2005-09-02
431,459838,3,2004-03-21
431,237647,3,2003-12-03
431,1416601,4,2003-12-04
431,870526,4,2003-11-07
431,138106,2,2003-11-11
431,234507,4,2003-11-05
431,1189104,4,2004-02-23
431,2334289,5,2004-04-24
431,2441514,4,2004-02-09
431,773266,5,2004-04-09
431,1144387,2,2004-06-18
431,1604656,1,2004-12-29
431,160896,4,2005-02-18
431,1299887,5,2005-02-22
431,1734035,3,2005-03-03
431,2096373,4,2004-06-21
431,480868,3,2003-11-29
431,798296,3,2003-11-19
431,2232465,2,2004-08-23
431,103174,4,2004-05-12
431,1895061,5,2004-12-05
431,1613086,5,2003-12-29
431,1943680,2,2004-03-24
431,683156,5,2004-07-13
431,544491,3,2004-11-18
431,546708,5,2005-01-31
431,120263,4,2005-05-09
431,1763653,3,2005-06-03
431,1578801,4,2005-06-24
431,16272,2,2003-12-08
431,2021943,1,2004-03-22
431,2006192,3,2003-12-10
431,1664529,4,2003-12-03
431,993165,2,2004-04-23
431,797503,3,2004-05-08
431,2614237,2,2004-07-23
431,1396071,2,2004-07-19
431,1857958,4,2005-03-24
431,1714066,4,2005-09-13
431,1731009,4,2004-04-05
431,2134412,3,2004-04-20
431,2453089,5,2004-01-06
431,2456958,5,2005-08-25
431,1185379,4,2004-09-12
431,2527740,4,2004-01-22
431,1946113,5,2004-03-12
431,439926,2,2004-04-25
431,369912,3,2005-05-03
431,2593352,2,2004-08-06
431,2414895,4,2004-09-25
431,1186790,4,2004-10-13
431,50888,5,2004-12-10
431,2065658,4,2005-03-02
431,2636268,3,2005-03-20
431,1506872,3,2005-04-09
431,1619179,3,2003-12-22
431,1448838,3,2004-01-19
431,1140747,5,2003-11-11
431,855281,2,2004-05-29
431,65003,4,2003-10-30
431,531368,5,2004-02-08
431,1930872,4,2004-01-21
431,1889913,3,2004-08-17
431,1057247,1,2003-11-12
431,2196599,3,2003-12-10
431,2434851,3,2003-12-09
431,1118825,5,2003-11-06
431,1562968,3,2004-08-23
431,35186,4,2004-02-18
431,902762,5,2004-06-06
431,1992205,5,2004-10-27
431,1251550,3,2004-03-23
431,939765,4,2004-08-05
431,879546,4,2005-01-07
431,1730470,3,2005-01-19
431,398594,3,2005-04-17
431,2205104,3,2004-07-27
431,308749,3,2003-11-03
431,384031,4,2004-08-23
431,1224237,3,2004-05-12
431,1425453,1,2005-06-02
431,970199,5,2005-10-20
431,838652,3,2003-10-31
431,1298475,4,2004-05-06
431,544956,3,2003-11-25
431,2399670,3,2003-11-10
431,1472020,3,2004-03-22
431,2517588,5,2004-02-19
431,2394024,4,2004-08-10
431,2441126,4,2004-08-11
431,1033915,5,2004-07-20
431,1252117,3,2004-10-08
431,1969354,5,2005-01-03
431,1514856,4,2005-02-23
431,2078048,4,2005-04-11
431,1397632,3,2005-05-12
431,1666268,4,2005-05-23
431,739772,5,2005-05-28
431,117834,3,2005-09-29
431,2174723,4,2004-02-01
431,1770644,3,2003-11-10
431,2043149,2,2003-11-12
431,206024,2,2004-02-24
431,699566,3,2005-08-19
431,736097,5,2004-03-15
431,1805205,3,2004-05-05
431,692018,4,2004-06-24
431,1672832,5,2004-03-07
431,1627955,2,2004-05-12
431,2316689,3,2004-10-14
431,171011,4,2005-09-12
431,1338171,4,2005-09-17
431,2411478,4,2005-09-28
431,2039269,5,2005-07-20
431,2138723,5,2004-05-07
431,1453137,4,2004-05-21
431,1496580,4,2004-06-09
431,2446411,5,2003-11-05
431,189389,1,2004-02-02
431,215185,2,2004-02-25
431,88334,4,2004-11-02
431,102410,2,2004-06-03
431,2622491,4,2003-11-18
431,2595084,5,2004-08-09
431,1637403,4,2004-11-26
431,872882,4,2005-06-08
431,2089379,3,2005-10-09
431,351442,3,2003-11-04
431,1078087,5,2005-07-27
431,1611338,3,2003-11-13
431,305344,1,2003-11-10
431,1546159,3,2003-11-06
431,2089112,4,2003-11-11
431,2123058,3,2004-09-14
431,1410785,4,2005-01-12
431,1138344,3,2004-01-26
431,988115,4,2004-05-26
431,1290320,4,2005-01-09
431,1492517,3,2005-01-25
431,526181,4,2005-02-24
431,1015085,3,2005-03-12
431,1494390,5,2005-03-24
431,746463,3,2005-04-27
431,219613,3,2005-10-04
431,730007,4,2003-12-30
431,2500769,4,2005-07-14
431,2203382,3,2004-01-30
431,584158,3,2004-06-03
431,1263306,5,2004-09-10
431,469947,5,2004-08-09
431,913155,3,2003-11-05
431,775416,4,2004-05-17
431,2032437,4,2005-08-12
431,968918,5,2004-08-08
431,715017,4,2004-03-17
431,418420,3,2005-09-09
431,155316,2,2003-11-02
431,102389,5,2003-12-29
431,2347800,3,2004-03-26
431,2399657,5,2003-12-05
431,832014,5,2004-02-10
431,1312373,3,2005-01-13
431,395853,3,2004-03-16
431,1561588,3,2004-09-27
431,93917,1,2004-11-17
431,2040894,3,2004-12-22
431,2345122,4,2005-03-02
431,2377643,4,2005-03-07
431,2342016,4,2005-03-09
431,1641159,5,2005-03-09
431,1963773,4,2005-03-22
431,869884,4,2005-11-22
431,2234623,3,2005-10-04
431,1584227,2,2004-03-09
431,2048620,3,2003-11-12
431,1462597,3,2004-01-20
431,1548841,5,2005-07-24
431,2060858,4,2005-08-01
431,1083282,3,2003-11-12
431,106275,3,2003-12-01
431,1140336,4,2005-09-05
431,1381997,4,2004-09-14
431,1990078,5,2004-08-08
431,2160464,5,2004-11-06
431,1106391,5,2004-11-28
431,1710658,4,2005-12-01
431,1664025,5,2004-07-10
431,1251481,3,2004-07-31
431,876171,2,2004-04-08
431,1419750,3,2003-11-07
431,1866859,1,2003-11-19
431,2069594,4,2003-11-26
431,1773858,3,2003-11-07
431,1320227,1,2004-03-02
431,1583579,5,2004-05-03
431,63670,5,2004-07-02
431,596562,1,2004-09-20
431,2151351,4,2004-09-21
431,416560,3,2004-09-24
431,1391279,3,2005-01-28
431,2111228,4,2005-02-18
431,7257,3,2005-06-09
431,1399546,3,2005-06-14
431,1667132,4,2005-09-28
431,251059,4,2005-10-16
431,786459,4,2003-11-03
431,639533,2,2004-01-26
431,2313035,4,2004-06-22
431,2037693,1,2004-01-04
431,2136286,1,2003-12-15
431,2248627,2,2004-02-11
431,69710,3,2004-07-16
431,1561354,3,2004-01-21
431,502342,3,2004-09-05
431,356830,5,2003-12-28
431,950716,4,2004-10-11
431,1704823,2,2005-06-16
431,2012286,3,2005-06-23
431,1875456,2,2005-09-11
431,1473694,4,2005-10-06
431,1980693,1,2005-10-10
431,1763740,2,2003-11-11
431,1450484,2,2003-12-12
431,2439696,4,2003-11-18
431,1399738,3,2003-11-11
431,2613957,4,2004-01-14
431,2548832,4,2004-08-25
431,1897352,1,2005-02-19
431,676515,3,2004-04-03
431,1334435,5,2003-11-06
431,458177,3,2003-11-30
431,1937592,4,2004-12-05
431,2491732,1,2004-05-03
431,731025,3,2004-07-19
431,2298238,4,2004-09-20
431,899796,2,2004-10-22
431,2559013,4,2005-01-25
431,336705,2,2005-03-13
431,955539,3,2005-06-03
431,1261043,4,2005-06-20
431,358546,5,2005-10-14
431,28656,4,2005-07-28
431,2119994,4,2004-01-26
431,380767,3,2003-11-04
431,1879189,2,2003-12-27
431,1039536,2,2003-11-13
431,1602754,2,2005-08-01
431,5948,5,2005-08-07
431,1501056,3,2004-02-23
431,810860,3,2003-11-11
431,869845,3,2003-11-29
431,1852606,3,2004-07-31
431,1828986,5,2005-08-27
431,1794725,4,2005-09-07
431,1326474,3,2004-02-17
431,807001,1,2003-12-02
431,524227,3,2004-02-22
431,2296190,3,2004-09-07
431,1339855,4,2004-08-16
431,1595895,1,2004-11-22
431,2468774,4,2005-01-19
431,697745,3,2005-01-31
431,1222913,2,2005-04-01
431,2160657,5,2005-09-21
431,341418,5,2005-10-15
431,2129633,5,2005-11-05
431,2181854,3,2003-11-24
431,2503033,5,2004-03-05
431,641022,2,2004-01-27
431,176804,3,2004-04-07
431,1437766,4,2003-11-25
431,653716,4,2003-12-30
431,1600254,4,2004-07-27
431,1992319,2,2003-11-03
431,785674,4,2004-01-14
431,2378998,4,2003-11-22
431,1305506,3,2003-11-23
431,2603460,3,2004-02-23
431,947801,4,2004-01-17
431,2139114,5,2004-12-11
431,1547656,5,2005-01-08
431,2057489,4,2005-09-18
431,711905,4,2005-07-13
431,1694669,3,2003-11-20
431,771377,3,2003-10-30
431,741014,4,2005-08-26
431,868826,3,2004-03-18
431,1494268,4,2005-09-03
431,502633,3,2004-07-23
431,1666611,5,2004-04-01
431,2032263,3,2003-11-03
431,1817513,5,2004-03-30
431,1685055,3,2004-06-25
431,512694,1,2004-04-18
431,1244162,5,2004-10-29
431,1814991,3,2004-11-22
431,1712511,3,2005-02-25
431,1222524,4,2005-03-02
431,2621088,4,2005-03-04
431,2446249,4,2005-04-19
431,1305582,3,2005-06-15
431,551367,3,2005-10-12
431,6015,5,2005-10-28
431,405997,5,2005-07-06
431,2504976,2,2004-01-06
431,2111453,4,2005-07-18
431,1487691,4,2005-07-20
431,428414,2,2003-11-03
431,342578,4,2005-07-28
431,269827,4,2003-12-11
431,343719,4,2004-03-15
431,715005,3,2005-08-15
431,1837730,5,2004-01-22
431,2238464,4,2004-11-01
431,1774948,3,2004-12-06
431,1045400,2,2004-12-29
431,1642259,4,2005-02-09
431,1025578,5,2005-04-19
431,1089800,4,2005-11-30
431,1444062,3,2003-11-07
431,1292631,4,2004-03-03
431,2625405,3,2004-01-16
431,516749,4,2003-11-29
431,1616083,5,2004-08-11
431,1574069,4,2004-02-11
431,188003,5,2004-07-23
431,1730732,5,2004-01-05
431,2108034,5,2004-05-10
431,2040942,4,2004-08-05
431,1256465,4,2004-10-26
431,1588201,4,2004-11-11
431,371074,4,2004-11-17
431,2357266,4,2005-01-11
431,419620,4,2005-01-19
431,2008460,5,2005-01-31
431,75839,2,2005-04-19
431,2587646,4,2005-04-25
431,132998,2,2005-06-01
431,1540457,4,2005-06-13
431,1678171,3,2005-11-03
431,1764595,5,2005-11-23
431,1353240,2,2005-07-10
431,2610742,3,2004-06-09
431,2103201,3,2005-07-28
431,1178104,4,2004-01-10
431,1035298,4,2005-08-01
431,1725021,3,2005-08-11
431,1404556,4,2004-01-19
431,2455940,4,2004-02-10
431,847349,3,2003-11-02
431,353335,3,2003-12-29
431,1823734,3,2004-09-06
431,427186,4,2004-06-09
431,2551271,2,2004-09-23
431,1812992,3,2003-11-10
431,134414,4,2003-11-04
431,1242322,1,2004-03-24
431,932047,3,2003-11-06
431,316208,3,2003-11-19
431,1417705,4,2004-03-16
431,542650,2,2004-03-30
431,542743,4,2004-07-16
431,1535121,3,2004-06-07
431,1502407,5,2004-06-14
431,2386085,5,2004-07-07
431,1802860,1,2005-01-04
431,1888838,3,2005-06-01
431,1664870,4,2005-12-05
431,643498,4,2005-07-11
431,2160839,3,2004-12-05
431,1794202,5,2004-02-09
431,596895,5,2004-03-11
431,70147,4,2004-01-13
431,2531380,3,2004-02-04
431,1287332,5,2004-01-04
431,759443,5,2003-12-09
431,236772,3,2003-11-12
431,2230377,2,2003-12-10
431,2575786,4,2004-03-03
431,912856,4,2005-03-22
431,806417,4,2004-10-07
431,1413686,3,2004-10-08
431,308412,5,2005-01-19
431,1206119,5,2005-02-15
431,26363,4,2005-10-27
431,697231,4,2005-11-10
431,2435006,4,2004-02-18
431,2260008,3,2005-07-13
431,2517870,2,2005-07-14
431,2309376,4,2004-12-09
431,2265799,3,2004-06-27
431,1946584,4,2005-02-19
431,1745577,5,2004-12-04
431,2091589,3,2003-11-09
431,1876416,3,2003-12-02
431,2249192,2,2004-04-19
431,1487832,2,2004-04-06
431,2504134,4,2004-05-10
431,2379329,3,2005-04-17
431,1934619,5,2004-03-22
431,854575,2,2004-08-10
431,660871,4,2005-01-05
431,305,5,2005-01-19
431,1942777,4,2005-02-07
431,2395237,4,2005-03-01
431,227568,5,2005-03-27
431,636273,3,2005-04-05
431,1902400,5,2005-06-25
431,639952,3,2005-06-29
431,1330738,5,2005-07-05
431,1248265,4,2005-09-27
431,218926,4,2005-10-17
431,1591100,4,2005-07-06
431,42275,3,2003-11-29
431,1403018,2,2004-02-27
431,1187000,4,2004-06-11
431,1538611,5,2004-05-05
431,1964441,5,2003-11-19
431,208913,5,2005-08-17
431,714757,3,2003-11-04
431,839623,3,2004-06-07
431,989027,4,2004-03-18
431,1465917,5,2005-09-01
431,821832,1,2004-05-29
431,795510,4,2004-07-19
431,1197646,3,2004-09-20
431,2005241,5,2004-12-09
431,1565175,2,2005-01-29
431,1638280,3,2005-02-25
431,1282701,4,2005-03-11
431,1285852,5,2005-04-30
431,939845,4,2005-06-23
431,895561,5,2003-11-19
431,210622,3,2005-08-15
431,342268,2,2005-08-08
431,2262640,5,2005-08-15
431,1490800,5,2005-08-15
431,1892872,5,2004-01-30
431,489171,4,2003-12-03
431,205950,3,2004-04-19
431,788999,4,2004-07-15
431,1969823,5,2004-12-09
431,1532058,5,2004-12-23
431,1601486,1,2005-01-10
431,1431356,4,2005-02-26
431,1647928,4,2005-05-27
431,1683667,4,2005-09-15
431,1315540,2,2005-09-29
431,1934002,1,2005-12-10
431,2474661,3,2004-05-25
431,1459201,4,2003-12-19
431,1623676,2,2004-08-09
431,851778,2,2003-12-23
431,1369104,4,2004-02-05
431,1783225,4,2004-07-21
431,1532212,3,2004-04-04
431,2457404,1,2005-08-20
431,2110669,4,2003-12-15
431,987447,2,2004-06-28
431,2001297,5,2004-02-10
431,461955,2,2003-11-06
431,1386537,4,2004-11-24
431,384941,5,2004-08-10
431,2012184,4,2004-10-03
431,2150598,3,2005-01-19
431,2274015,2,2005-02-23
431,727715,3,2005-05-19
431,534018,4,2005-09-30
431,374259,2,2004-05-23
431,1202962,3,2004-07-22
431,1235706,3,2003-11-20
431,2023759,3,2003-11-30
431,1449064,5,2003-11-07
431,2279934,3,2005-08-16
431,182159,1,2004-03-23
431,1075444,3,2003-12-16
431,1590926,2,2004-12-04
431,130969,1,2003-11-09
431,1620760,5,2005-09-08
431,1913894,4,2004-01-16
431,2354122,5,2004-05-02
431,2564013,3,2004-06-13
431,892081,4,2004-11-08
431,470779,3,2005-01-05
431,1231945,4,2005-02-11
431,920751,4,2005-03-11
431,2079496,4,2005-05-18
431,673034,4,2005-10-22
431,1228183,5,2005-11-20
431,1066345,5,2005-07-06
431,529849,4,2004-06-29
431,2154271,4,2005-08-22
431,926250,4,2003-11-10
431,289533,1,2003-10-31
431,441648,3,2004-08-26
431,2517791,5,2004-02-17
431,2601967,3,2004-08-06
431,1545458,4,2004-10-11
431,2245465,3,2004-12-22
431,432225,1,2005-01-29
431,2212260,4,2005-04-12
431,1100983,4,2005-05-22
431,459458,4,2005-06-03
431,679083,3,2005-10-16
431,2559498,5,2005-10-23
431,666743,5,2005-11-01
431,2492511,3,2004-08-16
431,312527,4,2004-07-14
431,2483294,5,2005-07-25
431,2152273,3,2003-11-10
431,1816577,3,2003-11-18
431,569365,3,2004-01-02
431,1282081,4,2004-08-26
431,2539966,3,2005-12-18
431,900573,4,2004-01-29
431,1724582,4,2004-07-27
431,1762434,1,2004-07-09
431,1133763,3,2004-12-06
431,1864088,3,2005-02-13
431,954043,4,2005-03-26
431,2271755,3,2005-05-24
431,105802,2,2005-06-27
431,1329642,3,2005-10-20
431,1525206,4,2005-10-21
431,769719,4,2005-11-27
431,596790,3,2005-12-08
431,973801,5,2004-02-25
431,603271,3,2004-04-21
431,494674,4,2003-11-07
431,875443,4,2004-03-02
431,1041540,2,2003-12-16
431,2250854,1,2004-02-05
431,66898,4,2004-06-02
431,2117073,4,2004-03-22
431,2162495,3,2004-07-20
431,1175430,5,2004-10-24
431,783732,5,2005-03-03
431,125687,4,2005-03-29
431,1013006,2,2005-05-01
431,238857,4,2005-09-17
431,752583,4,2005-09-26
431,1258292,5,2005-10-12
431,1882992,5,2004-05-01
431,2404366,4,2004-02-09
431,462857,3,2003-10-29
431,272025,4,2005-08-02
431,1539441,4,2004-03-10
431,2242365,4,2004-07-17
431,2086655,3,2004-05-12
431,2156169,3,2003-11-17
431,1327422,5,2003-11-24
431,1692024,3,2004-01-08
431,1229977,2,2003-11-21
431,2568582,5,2004-05-06
431,1270641,4,2005-01-06
431,17864,4,2005-01-19
431,1994111,4,2005-01-23
431,202618,2,2005-02-22
431,753130,4,2005-03-24
431,1904554,4,2005-04-22
431,1880258,2,2005-05-22
431,424241,5,2005-05-23
431,123846,4,2005-10-10
431,64220,1,2003-11-14
431,1958917,5,2003-11-11
431,2089352,2,2003-11-07
431,1551180,4,2003-11-18
431,2449603,2,2003-11-15
431,823827,4,2005-08-24
431,208779,3,2003-12-02
431,2514559,4,2005-09-01
431,1263924,5,2005-09-06
431,164651,3,2004-06-22
431,1578409,3,2004-03-02
431,1613801,5,2004-01-19
431,285164,5,2004-04-06
431,1160371,3,2004-11-13
431,1679257,5,2005-02-01
431,2086592,3,2005-02-28
431,794480,4,2005-05-02
431,828201,4,2005-07-12
431,2444174,5,2003-11-08
431,1402030,4,2003-11-10
431,1673564,4,2003-11-05
431,2072858,5,2003-11-04
431,58061,4,2004-01-13
431,751618,5,2004-04-22
431,1553446,3,2005-03-21
431,1991699,3,2004-10-16
431,471654,5,2005-03-01
431,646392,2,2005-05-30
431,130414,2,2004-09-01
431,2280342,3,2003-11-03
431,291205,4,2004-04-06
431,2075270,2,2004-01-29
431,1442211,4,2004-02-06
431,2500623,2,2004-07-02
431,1352761,3,2004-05-24
431,1080891,5,2004-04-30
431,599898,4,2004-07-14
431,1553968,5,2005-02-18
431,1436780,3,2005-03-18
431,2220721,4,2005-06-14
431,478715,2,2005-11-09
431,1636332,4,2005-12-21
431,1476304,4,2005-07-14
431,2349242,5,2004-03-10
431,1026790,5,2005-07-27
431,729187,3,2004-05-10
431,1745463,2,2003-11-11
431,1177672,3,2003-11-03
431,1191317,5,2003-11-20
431,1802619,4,2003-11-19
431,276544,4,2005-08-19
431,2064245,2,2003-11-17
431,650973,4,2003-11-15
431,982331,3,2004-03-26
431,2108623,3,2004-03-09
431,1807136,2,2004-08-26
431,1765021,3,2004-06-28
431,2533242,4,2005-04-08
431,1805732,3,2005-11-26
431,747712,3,2005-09-14
431,1791534,2,2003-11-24
431,165650,2,2004-04-26
431,961541,5,2004-02-23
431,507911,5,2004-03-10
431,2537666,1,2004-12-23
431,392442,3,2005-01-12
431,2176465,1,2005-02-22
431,1233560,3,2005-02-27
431,1609295,3,2004-04-16
431,408328,2,2003-11-11
431,412896,3,2003-11-17
431,1207333,4,2005-08-05
431,441344,5,2003-11-10
431,41172,1,2003-12-08
431,303002,1,2005-08-27
431,79319,3,2003-11-04
431,2349571,4,2004-03-15
431,2622392,5,2004-07-13
431,523744,5,2004-11-30
431,1374899,3,2005-01-19
431,1523958,3,2005-01-19
431,2594424,5,2005-02-03
431,2054610,5,2005-02-28
431,545606,2,2005-04-05
431,858719,4,2003-12-01
431,2599431,4,2005-07-18
431,2638144,1,2004-04-25
431,1046529,1,2005-08-09
431,1828983,1,2003-12-08
431,1160772,5,2005-09-04
431,1000095,3,2004-05-12
431,1463595,4,2004-06-30
431,1718032,4,2004-09-20
431,1594410,4,2005-02-18
431,122675,4,2005-05-03
431,2050233,3,2005-05-05
431,2545730,4,2005-05-31
431,609754,4,2005-10-23
431,1556728,3,2005-11-03
431,1271795,5,2005-12-17
431,2260684,3,2003-11-03
431,168038,1,2004-01-17
431,77225,3,2005-08-18
431,675585,5,2003-11-08
431,2527932,5,2005-08-24
431,7576,5,2004-07-12
431,1866323,4,2004-08-24
431,1807774,3,2004-07-26
431,55363,5,2004-08-09
431,518668,4,2004-06-16
431,1141260,3,2004-12-01
431,2473291,4,2005-01-22
431,2158239,3,2005-01-21
431,2447884,3,2005-04-09
431,1278941,1,2005-04-23
431,2013030,4,2005-05-19
431,1847570,3,2005-09-30
431,1379801,2,2005-10-19
431,797757,3,2005-11-29
431,130624,4,2005-12-06
431,1650625,4,2005-07-15
431,1251416,4,2004-03-09
431,1549491,2,2003-11-12
431,1564643,4,2003-11-17
431,2508722,2,2004-06-15
431,962945,4,2003-11-12
431,1320504,4,2004-07-18
431,875595,4,2004-04-02
431,1525434,4,2004-01-14
431,1451054,4,2005-09-01
431,1524021,4,2003-12-22
431,2060126,4,2004-04-04
431,26655,5,2003-12-09
431,2443731,3,2004-04-11
431,943030,5,2004-05-03
431,1362331,4,2004-05-19
431,357758,4,2004-03-17
431,776513,5,2004-09-16
431,2508727,4,2004-10-03
431,29622,5,2004-12-26
431,1217108,3,2005-01-19
431,1876100,4,2005-01-19
431,2318588,5,2005-03-21
431,1846327,2,2005-05-12
431,200098,4,2005-09-11
431,2050588,1,2005-12-19
431,885168,5,2005-12-20
431,106553,3,2005-12-28
431,495814,5,2005-07-06
431,461358,3,2005-07-08
431,2552268,5,2004-03-03
431,1722192,5,2004-07-13
431,1380424,3,2004-01-06
431,734010,4,2004-05-05
431,1849686,4,2004-12-31
431,2033214,4,2005-01-06
431,2204903,5,2005-01-25
431,1227545,2,2005-03-24
431,11426,4,2005-05-03
431,1298173,5,2005-05-21
431,568496,1,2005-09-23
431,2057611,4,2005-10-23
431,2118461,5,2005-10-27
431,963830,2,2005-10-31
431,1043497,4,2003-12-09
431,1597288,4,2003-12-11
431,1680367,1,2004-07-22
431,1172213,3,2003-11-13
431,1527530,5,2003-11-13
431,1425596,4,2003-12-09
431,195432,3,2004-05-04
431,1869044,5,2003-10-30
431,2148192,4,2003-11-11
431,879967,5,2004-06-01
431,1151430,4,2004-07-26
431,528748,5,2004-09-18
431,37931,5,2004-11-25
431,1736187,5,2005-03-07
431,798262,3,2005-03-08
431,39043,2,2005-03-10
431,1823665,3,2005-10-05
431,1786708,5,2005-07-14
431,1092252,4,2005-07-19
431,1779542,4,2003-11-18
431,940109,4,2004-02-03
431,1002166,4,2004-08-18
431,2272187,5,2004-01-07
431,2621367,1,2004-09-17
431,2487331,2,2004-09-28
431,2217232,3,2005-01-29
431,800998,4,2005-02-08
431,1728832,4,2005-02-21
431,1106149,5,2005-04-06
431,2448740,4,2005-04-23
431,1100373,3,2005-04-26
431,1099256,3,2005-05-16
431,862852,4,2005-06-13
431,1604188,3,2005-06-21
431,741248,5,2005-11-04
431,742873,4,2004-05-17
431,2093048,5,2005-07-18
431,387418,2,2003-10-21
431,1024568,3,2003-11-15
431,1636024,2,2003-11-11
431,1217630,3,2004-03-22
431,1459120,4,2004-01-06
431,1093225,3,2004-01-29
431,1835611,4,2004-06-21
431,384214,4,2004-02-29
431,349239,5,2004-08-29
431,1607539,4,2004-07-05
431,930627,4,2005-04-22
431,2149357,4,2005-05-11
431,754813,5,2005-06-15
431,1782923,5,2005-06-15
431,154772,2,2005-09-09
431,563266,3,2005-10-11
431,315494,4,2005-10-12
431,761831,4,2005-12-20
431,981953,4,2004-05-14
431,2253953,3,2004-01-21
431,1368400,3,2005-07-17
431,196706,3,2004-02-02
431,2257454,3,2003-10-31
431,1402285,5,2004-02-13
431,232984,4,2003-12-23
431,1182052,4,2004-01-15
431,1946244,4,2004-01-29
431,49556,1,2004-03-29
431,1247574,1,2004-01-06
431,270702,4,2004-07-17
431,2101985,4,2004-07-25
431,1283516,5,2004-08-25
431,1651524,4,2005-01-19
431,1705361,5,2005-09-29
431,204154,2,2003-11-05
431,1614092,5,2004-01-07
431,438430,3,2004-03-08
431,428788,4,2005-08-16
431,1578365,5,2003-11-11
431,1547165,5,2005-08-31
431,1286371,4,2005-09-10
431,2439391,3,2004-03-19
431,560801,5,2004-08-06
431,1715346,5,2004-06-27
431,2520933,2,2004-08-27
431,1860246,4,2005-02-24
431,1750697,4,2005-02-26
431,977346,4,2005-06-27
431,1464866,4,2005-11-30
431,2387435,3,2005-07-12
431,1009839,2,2004-01-15
431,1876612,4,2004-03-10
431,862155,3,2004-01-13
431,872215,2,2003-12-12
431,2075855,1,2004-02-16
431,1221607,5,2004-01-12
431,794052,5,2004-07-23
431,1738839,4,2004-08-16
431,2068785,4,2004-05-12
431,1424096,3,2004-10-06
431,931654,1,2004-12-26
431,2215764,4,2005-02-18
431,379401,5,2005-05-16
431,771454,3,2005-06-20
431,1214535,3,2005-06-29
431,2308114,3,2005-09-20
431,1498947,3,2005-10-12
431,1861095,2,2003-11-13
431,1262628,3,2004-03-14
431,745317,4,2004-05-17
431,1383850,1,2003-11-14
431,27362,2,2004-03-09
431,1087159,3,2003-11-13
431,575456,5,2005-09-04
431,2179730,4,2004-08-05
431,805853,5,2005-02-18
431,1907694,3,2004-05-17
431,1760487,3,2004-03-08
431,2452550,3,2004-09-23
431,1987580,3,2004-12-15
431,319529,5,2004-12-19
431,681067,3,2005-02-02
431,195032,3,2005-02-09
431,1797553,4,2005-02-27
431,1236964,5,2005-11-05
431,2440833,3,2005-12-30
431,757828,3,2005-07-23
431,1013077,1,2003-11-08
431,1674225,2,2004-06-03
431,2195237,4,2004-06-21
431,847863,1,2003-11-04
431,2553646,5,2004-04-20
431,1932594,2,2004-05-18
431,309717,3,2004-04-12
431,794999,5,2004-05-28
431,1645098,5,2004-06-28
431,349837,5,2005-02-15
431,1111957,3,2005-05-17
431,103867,3,2005-06-04
431,1290916,5,2005-07-01
431,367727,3,2005-10-13
431,2173327,3,2005-10-15
431,611593,4,2003-11-24
431,1174107,1,2003-11-21
431,1298036,3,2003-12-08
431,303630,5,2004-03-31
431,1860352,4,2004-05-29
431,472587,4,2005-08-12
431,978886,2,2003-11-14
431,32902,4,2003-12-15
431,1696358,5,2003-11-03
431,1555752,4,2004-03-02
431,2020316,3,2004-06-23
431,1144713,5,2004-05-12
431,1116065,1,2005-05-02
431,1447897,4,2005-05-04
431,994667,3,2005-06-03
431,2239067,4,2005-10-07
431,1762695,4,2005-10-26
431,958687,4,2005-12-03
431,2360721,4,2003-11-11
431,1160597,5,2003-11-23
431,2447465,4,2004-07-29
431,1609700,2,2004-01-05
431,824157,3,2003-11-12
431,174530,4,2004-07-29
431,145772,1,2003-12-22
431,816755,4,2003-12-10
431,629969,1,2004-06-02
431,1827898,4,2003-11-11
431,366810,3,2005-08-22
431,1650252,2,2005-08-29
431,987574,5,2003-12-28
431,414941,4,2004-01-10
431,2049377,4,2004-08-31
431,1620158,3,2004-03-11
431,412686,4,2004-04-12
431,1772807,4,2004-05-12
431,2179081,4,2005-01-26
431,128741,4,2005-03-09
431,998059,2,2005-04-18
431,959885,4,2005-06-14
431,235077,1,2005-06-20
431,399318,5,2005-10-04
431,966478,5,2005-10-09
431,33051,3,2005-10-27
431,2192609,5,2005-11-18
431,638186,5,2005-11-21
431,1908247,4,2005-07-08
431,229507,3,2003-11-17
431,993729,3,2004-06-10
431,1663694,2,2004-04-21
431,1663888,3,2004-03-11
431,1396557,4,2004-05-14
431,2509782,2,2004-03-19
431,812512,3,2005-08-31
431,1957174,3,2003-11-05
431,1254243,3,2004-06-02
431,1228929,2,2004-06-30
431,2609571,5,2004-01-30
431,993520,3,2005-10-01
431,1170060,4,2004-11-01
431,1982279,5,2004-11-21
431,387819,4,2005-01-06
431,2426898,5,2005-04-17
431,1391837,4,2005-05-12
431,224180,4,2005-09-08
431,1730570,4,2005-07-06
431,2374978,3,2003-12-10
431,1654269,4,2005-07-08
431,2504007,3,2004-05-26
431,2414074,4,2005-07-20
431,680004,3,2003-11-18
431,2239936,3,2004-03-02
431,2069106,5,2005-08-09
431,611072,5,2004-02-27
431,461028,5,2004-01-15
431,731295,4,2004-03-04
431,1093313,5,2005-02-18
431,1782687,4,2005-04-08
431,1461435,1,2005-04-15
431,712996,2,2005-06-15
431,1740048,4,2005-09-27
431,1011386,4,2005-09-29
431,872845,4,2005-10-05
431,2540263,1,2005-10-15
431,1249735,2,2003-11-11
431,1015567,4,2004-01-24
431,718894,3,2005-07-20
431,268550,2,2003-11-26
431,409260,2,2003-11-03
431,363515,5,2003-11-19
431,482421,1,2004-01-05
431,2193570,4,2004-11-16
431,398394,5,2005-01-05
431,1777964,1,2005-01-20
431,1892600,4,2005-01-24
431,303893,4,2005-03-01
431,253006,5,2005-03-26
431,232845,5,2005-07-09
431,2357186,5,2004-01-03
431,2027108,4,2004-07-27
431,659096,3,2003-12-03
431,1826552,1,2003-11-03
431,2446318,4,2003-12-01
431,2380866,4,2003-11-10
431,1596876,5,2003-10-21
431,2506001,4,2004-09-10
431,2295369,4,2005-01-27
431,350209,4,2005-04-14
431,1210305,4,2005-05-16
431,761063,4,2005-09-16
431,293640,3,2005-10-23
431,448460,3,2004-02-04
431,485601,4,2003-11-26
431,2489377,5,2005-07-23
431,814526,3,2004-01-13
431,2326945,4,2003-11-13
431,2618537,5,2004-08-09
431,680162,3,2003-11-13
431,836289,1,2005-08-25
431,2406705,2,2005-09-06
431,378543,2,2003-11-28
431,955885,3,2004-02-25
431,392229,5,2003-11-24
431,1194381,2,2004-03-24
431,642384,5,2004-05-11
431,1872980,3,2004-05-24
431,1590625,4,2004-09-18
431,1875369,3,2004-10-08
431,1528081,5,2004-11-02
431,1150431,5,2004-11-08
431,379780,3,2005-02-13
431,53688,5,2005-04-21
431,908324,5,2005-04-28
431,2166814,5,2005-05-02
431,1968132,5,2005-06-17
431,652008,5,2005-06-23
431,1825720,5,2005-10-02
431,242103,5,2005-10-04
431,2204244,3,2004-06-07
431,1095305,5,2003-11-04
431,598918,2,2003-11-15
431,371358,5,2005-08-22
431,1080262,5,2004-01-08
431,877617,4,2004-02-23
431,157549,4,2004-09-02
431,223893,3,2004-07-23
431,2223918,5,2004-08-02
431,1861617,2,2004-11-03
431,855609,5,2005-01-28
431,41838,3,2005-02-22
431,1301887,4,2005-06-23
431,1109364,4,2005-06-23
431,59663,3,2004-01-06
431,1639792,1,2004-02-16
431,136682,3,2003-11-18
431,1515355,5,2003-11-04
431,2191570,3,2004-06-30
431,1058579,2,2003-11-15
431,1312760,4,2003-11-05
431,2593634,3,2004-03-29
431,466669,4,2004-02-29
431,1829523,4,2004-07-27
431,2109170,3,2004-05-17
431,1843710,3,2004-07-01
431,1416169,4,2004-09-08
431,314018,5,2004-09-30
431,2544449,5,2004-11-19
431,1934527,3,2005-01-23
431,1316754,5,2005-01-23
431,447521,4,2005-04-06
431,1068902,5,2005-04-23
431,2560922,2,2005-11-15
431,2197108,4,2004-06-22
431,2398117,4,2004-01-25
431,277151,5,2005-07-24
431,2027131,4,2003-11-03
431,2063771,3,2004-08-29
431,2304547,5,2005-08-23
431,1648320,2,2003-11-24
431,1247279,4,2004-05-11
431,400493,5,2004-07-31
431,1721952,4,2004-10-03
431,254372,3,2005-01-30
431,292595,1,2005-02-09
431,2496251,2,2005-02-24
431,2339135,5,2005-03-24
431,1765595,4,2005-03-27
431,1480922,5,2005-06-05
431,1689153,5,2005-06-08
431,1119551,1,2003-11-11
431,1130261,4,2004-06-08
431,496005,5,2004-01-08
431,2341268,4,2003-11-18
431,1724482,5,2004-07-06
431,705275,5,2004-06-26
431,889642,5,2004-07-07
431,311031,4,2005-01-22
431,1775364,4,2005-02-23
431,125040,4,2005-04-12
431,1329805,5,2005-10-20
431,886158,4,2005-07-11
431,2304992,4,2004-05-12
431,2460347,1,2004-01-25
431,755424,4,2004-07-02
431,583555,1,2003-11-03
431,1932708,3,2005-08-15
431,1877143,2,2003-11-18
431,1674931,3,2004-01-14
431,942686,4,2004-01-04
431,17890,4,2004-09-07
431,1158284,4,2004-06-30
431,535008,4,2004-02-07
431,1625671,1,2004-07-01
431,1379708,4,2004-04-28
431,1134222,4,2004-10-12
431,2391866,5,2004-10-27
431,518137,4,2005-02-11
431,1914987,3,2005-03-16
431,1067900,3,2005-09-10
431,2021271,3,2005-09-15
431,1970183,2,2004-02-05
431,2426498,2,2003-11-11
431,2238010,4,2004-04-16
431,2060107,4,2003-11-03
431,1611302,4,2003-11-10
431,1394430,4,2003-12-02
431,2258090,3,2005-08-11
431,644918,3,2004-07-14
431,204049,4,2003-11-16
431,1964334,3,2004-02-14
431,920617,3,2003-11-03
431,2198951,4,2004-03-11
431,936677,5,2004-01-22
431,1084728,4,2003-12-08
431,1065289,5,2004-12-15
431,2277405,4,2005-02-05
431,459468,5,2005-05-17
431,2005761,3,2005-10-03
431,2213194,4,2005-11-09
431,752441,4,2004-03-13
431,354896,4,2004-03-05
431,749538,5,2005-08-04
431,623238,3,2004-02-11
431,2384355,4,2003-11-12
431,474569,1,2003-12-02
431,749353,2,2004-08-07
431,839532,3,2004-05-12
431,2403480,3,2004-03-13
431,218541,4,2004-02-20
431,1405707,5,2004-03-08
431,2609314,5,2004-03-16
431,2336141,4,2004-05-14
431,1637882,4,2004-08-07
431,1100077,2,2005-05-09
431,312766,4,2005-11-10
431,978771,2,2004-02-15
431,2226905,3,2005-07-22
431,173581,3,2005-07-26
431,2526741,3,2005-08-03
431,35024,4,2005-08-04
431,2639487,3,2004-02-26
431,777367,3,2003-11-20
431,1175692,5,2005-08-23
431,2232581,4,2003-11-07
431,1944505,1,2003-11-25
431,1899325,4,2004-06-09
431,2061098,3,2004-09-10
431,2255608,5,2004-10-29
431,2354057,5,2004-12-31
431,2438708,3,2005-02-01
431,2636012,1,2005-02-26
431,2057604,5,2005-03-16
431,2283211,5,2005-04-06
431,1166189,5,2005-07-03
431,627954,4,2005-09-14
431,1128513,5,2005-10-06
431,78703,5,2005-10-08
431,1576465,4,2005-12-01
431,512278,5,2004-05-24
431,1546243,3,2003-12-17
431,563469,3,2004-02-10
431,395290,3,2004-07-09
431,2132239,4,2004-01-12
431,535436,2,2003-11-07
431,1878780,4,2005-07-27
431,1744065,3,2003-11-03
431,413126,4,2003-11-04
431,720350,4,2005-08-22
431,1497039,3,2005-08-27
431,2029858,4,2004-03-06
431,672532,4,2004-03-29
431,102226,4,2003-11-26
431,585953,3,2004-10-12
431,1878798,2,2004-10-18
431,2292265,1,2004-11-13
431,296061,4,2004-12-30
431,494618,5,2005-01-09
431,2575394,3,2005-01-19
431,1786788,4,2005-02-09
431,349722,3,2004-03-04
431,705323,1,2003-11-04
431,1939221,4,2003-10-29
431,2019384,3,2004-12-05
431,1672756,1,2004-02-24
431,325427,4,2005-08-19
431,1733625,3,2003-11-03
431,13507,3,2004-02-23
431,1573483,5,2003-11-03
431,1126571,3,2004-02-22
431,1062414,3,2004-04-27
431,1580097,5,2004-04-01
431,1408483,5,2004-04-20
431,571199,3,2004-07-01
431,1892187,4,2004-10-19
431,158928,4,2005-10-24
431,561959,4,2004-09-10
431,257710,1,2003-11-18
431,1086900,5,2003-11-15
431,592646,5,2003-11-10
431,168958,2,2004-07-18
431,1714973,2,2003-11-30
431,538855,4,2003-11-13
431,1896766,3,2005-08-24
431,1541347,2,2004-01-09
431,515436,1,2004-05-08
431,347466,2,2004-06-26
431,712215,2,2004-03-04
431,1634219,4,2004-08-02
431,29706,4,2004-02-10
431,160534,1,2004-07-06
431,2019773,4,2004-10-11
431,1027423,4,2004-12-13
431,94787,4,2005-01-23
431,131865,5,2005-02-05
431,790835,5,2005-02-05
431,2617760,4,2005-02-26
431,1688892,5,2005-03-21
431,693845,2,2005-03-24
431,822701,4,2005-12-04
431,2060087,5,2005-07-25
431,478688,1,2004-07-20
431,2252978,3,2005-10-14
431,2414859,5,2005-08-25
431,273693,4,2003-11-06
431,518093,3,2005-08-06
431,314043,5,2004-06-28
431,629062,2,2004-09-13
431,1088910,4,2003-12-05
431,272371,5,2004-04-08
431,1753560,3,2003-11-10
431,1245560,3,2004-01-23
431,2021278,4,2003-11-16
431,188630,2,2004-05-23
431,2043973,4,2004-06-08
431,2197603,5,2004-05-06
431,1176683,1,2004-06-27
431,2101395,5,2004-07-06
431,2317249,3,2004-11-02
431,620558,5,2005-02-16
431,1823915,5,2005-03-09
431,1131398,3,2005-05-16
431,2000256,4,2005-06-16
431,1877934,3,2005-06-20
431,486152,3,2005-09-11
431,890734,5,2005-10-08
431,416768,4,2005-11-10
431,1171136,5,2005-11-15
431,1089944,4,2005-11-29
431,1193260,3,2004-08-16
431,2425260,5,2003-11-06
431,1659679,5,2003-11-12
431,1723037,5,2003-11-11
431,435285,2,2003-11-04
431,383952,4,2004-06-14
431,532153,4,2004-02-09
431,824691,3,2003-11-10
431,992670,5,2004-08-10
431,1618538,5,2004-02-02
431,1965474,5,2004-02-06
431,730016,4,2004-11-13
431,255868,4,2004-07-08
431,58315,4,2004-11-20
431,443447,5,2004-11-30
431,2129407,5,2004-12-31
431,1174447,5,2005-02-05
431,1018535,3,2005-02-21
431,1369623,4,2005-03-08
431,1892684,4,2005-05-14
431,1290587,5,2004-07-06
431,2110538,4,2005-07-15
431,402789,3,2003-11-25
431,696672,4,2003-11-03
431,1722278,3,2004-09-12
431,735015,2,2004-01-02
431,44057,5,2004-03-08
431,753596,2,2004-05-01
431,786239,5,2004-03-16
431,2352183,5,2004-04-04
431,2151490,2,2004-05-13
431,805343,4,2004-12-06
431,1143504,4,2005-03-14
431,2018061,5,2005-04-27
431,1177636,4,2003-11-03
431,188613,4,2004-04-18
431,21823,4,2003-11-17
431,2641975,2,2004-04-20
431,828095,3,2003-12-01
431,1175472,4,2003-12-16
431,252926,5,2005-01-28
431,2513188,4,2004-03-16
431,416536,4,2005-08-24
431,237193,3,2004-01-12
431,463426,4,2005-08-28
431,1217120,5,2004-04-29
431,148456,4,2004-08-01
431,1237895,3,2004-10-05
431,2207031,3,2004-11-15
431,71485,5,2004-11-25
431,1402001,5,2005-01-27
431,1824180,2,2005-02-04
431,1502762,4,2005-04-06
431,1222284,4,2005-07-11
431,2321224,5,2004-02-23
431,847817,2,2003-12-30
431,1672939,4,2003-11-13
431,992363,4,2004-01-12
431,798142,3,2004-08-30
431,1476603,4,2003-12-06
431,271143,2,2004-04-12
431,1466194,3,2004-07-30
431,385882,1,2004-01-09
431,385041,5,2004-06-21
431,413512,5,2005-01-26
431,522221,3,2005-03-14
431,361617,2,2005-03-16
431,1496274,4,2005-04-20
431,2119091,4,2005-06-13
431,1313126,1,2005-09-17
431,1116187,3,2005-10-23
431,2435266,5,2005-11-24
431,433009,5,2004-01-28
431,1176663,5,2005-08-08
431,1827107,5,2004-01-28
431,2245392,2,2004-02-02
431,594201,4,2003-11-12
431,441723,5,2003-12-26
431,1016510,4,2004-08-12
431,964439,4,2004-05-25
431,2279525,4,2004-06-25
431,2191698,4,2004-05-14
431,160648,3,2005-01-25
431,823284,5,2005-02-21
431,586264,3,2005-04-21
431,260437,5,2005-04-26
431,1125075,3,2005-05-09
431,2602754,5,2005-06-21
431,290535,5,2005-11-14
431,2021849,5,2004-07-07
431,365996,5,2003-11-26
431,2448838,4,2004-02-23
431,1116868,4,2005-08-11
431,521295,2,2004-04-28
431,1407099,4,2003-11-26
431,2634967,1,2004-01-12
431,1567745,4,2004-04-08
431,963009,3,2004-10-10
431,2395372,1,2005-02-24
431,1515156,3,2005-03-04
431,1693629,3,2005-03-28
431,695671,3,2005-04-11
431,2275755,5,2005-04-29
431,2270619,5,2005-05-06
431,1961675,4,2004-04-20
431,880813,3,2005-07-14
431,2570936,4,2003-11-17
431,1349433,1,2004-06-17
431,208724,3,2003-11-05
431,1065852,3,2004-01-01
431,1868667,3,2003-12-28
431,901548,3,2005-04-29
431,617970,5,2004-05-10
431,2642974,4,2004-02-15
431,496716,3,2004-03-28
431,340492,1,2004-09-09
431,2179833,4,2004-10-07
431,1203467,1,2004-11-18
431,678236,5,2005-03-20
431,1967445,3,2005-06-02
431,2136406,3,2005-06-26
431,2119729,3,2005-10-06
