4202,249052,3,2004-09-30
4202,998862,1,2005-05-21
4202,2382916,1,2004-08-23
4202,1329182,1,2005-05-23
4202,670658,1,2004-08-25
4202,209979,1,2004-08-11
4202,2220209,1,2004-08-30
4202,592951,1,2005-02-01
4202,1170248,1,2004-09-20
4202,572585,1,2004-08-12
4202,2168169,2,2004-12-06
4202,1799458,1,2004-08-09
4202,973336,1,2004-09-30
4202,804902,1,2004-10-22
4202,1341505,2,2005-04-30
4202,1607940,2,2004-12-01
4202,221008,1,2004-08-10
4202,1314869,3,2005-02-23
4202,2439493,1,2004-08-02
4202,2583311,1,2004-08-09
4202,1034714,1,2004-08-24
4202,2104268,1,2004-10-26
4202,732221,3,2004-08-17
4202,1910730,2,2005-01-07
4202,2371595,1,2004-08-12
4202,628431,1,2004-10-03
4202,1775861,1,2005-08-11
4202,713240,3,2004-08-29
4202,1110156,1,2004-08-13
4202,1530087,1,2005-01-10
4202,1368434,1,2004-11-05
4202,13875,2,2004-08-12
4202,2269379,1,2004-08-18
4202,1592339,1,2005-03-02
4202,1310486,1,2004-10-22
4202,2224061,1,2004-10-08
4202,1951157,3,2004-09-21
4202,2638895,3,2005-01-19
4202,1117356,3,2005-06-10
4202,1534100,3,2004-11-16
4202,1997156,1,2005-10-12
4202,1768590,1,2005-01-29
4202,1341214,1,2004-11-23
4202,981159,1,2005-06-26
4202,2623929,1,2004-09-05
4202,1017160,1,2004-08-10
4202,1664010,2,2005-10-16
4202,2098335,3,2005-01-29
4202,332300,1,2004-11-03
4202,1627297,3,2004-08-28
4202,1828822,1,2004-09-02
4202,1192771,2,2004-09-07
4202,1736217,1,2004-09-02
4202,1003540,1,2004-08-04
4202,2454575,2,2004-09-30
4202,795341,1,2005-02-02
4202,112008,1,2004-08-15
4202,594177,1,2004-10-07
4202,1513038,1,2004-09-07
4202,2080549,2,2004-08-10
4202,169566,1,2004-11-20
4202,1151881,1,2004-11-26
4202,2399502,1,2004-10-03
4202,1697914,1,2005-03-10
4202,10374,1,2005-02-19
4202,1457134,1,2004-09-05
4202,825819,1,2004-09-11
4202,1595050,1,2004-11-06
4202,1531130,1,2005-04-12
4202,491531,1,2005-04-06
4202,2066600,1,2005-05-17
4202,1335488,1,2005-06-16
4202,335501,1,2004-08-31
4202,2126942,2,2004-09-13
4202,319058,2,2004-08-12
4202,1151483,1,2004-08-29
4202,305344,1,2004-07-23
4202,2294263,2,2004-11-02
4202,919381,1,2004-11-24
4202,665852,2,2005-05-31
4202,897040,2,2005-01-05
4202,2246428,1,2005-06-23
4202,168261,1,2004-11-02
4202,401315,1,2004-10-05
4202,1301227,2,2005-04-05
4202,1565175,4,2004-08-25
4202,1075444,2,2004-08-12
4202,15865,2,2004-10-15
4202,2028737,2,2005-06-16
4202,2056022,2,2004-09-09
4202,770517,1,2004-10-27
4202,389985,3,2005-12-29
4202,1057021,1,2005-05-27
4202,1729518,1,2004-11-08
4202,1231593,1,2004-11-26
4202,426942,1,2005-01-19
4202,387418,1,2004-07-23
4202,1046882,1,2004-08-12
4202,2423563,1,2004-08-13
4202,1008749,1,2004-12-12
4202,1804364,5,2004-12-16
4202,1977069,1,2004-08-30
4202,1932594,2,2004-07-26
4202,2124284,1,2004-10-20
4202,2396757,2,2005-08-11
4202,642384,5,2004-07-26
4202,1084999,1,2004-08-06
4202,804300,1,2004-08-05
4202,2111936,2,2004-09-24
4202,1679161,1,2004-09-14
4202,1811373,1,2004-08-16
4202,855388,1,2004-08-09
4202,890183,2,2004-08-27
4202,1852040,2,2004-08-26
4202,2414865,2,2004-08-09
4202,1464401,1,2004-10-25
4202,101842,1,2005-01-02
4202,1073184,1,2005-04-28
4202,1696775,1,2005-04-04
