13133,1744889,1,2005-09-16
13133,2298339,3,2005-09-29
13133,1840062,3,2005-02-15
13133,1609639,4,2005-04-11
13133,951366,3,2005-08-17
13133,1340285,2,2004-11-26
13133,643778,2,2005-07-12
13133,2489752,2,2005-01-01
13133,1559022,3,2004-11-20
13133,131683,3,2005-09-10
13133,841830,3,2005-10-12
13133,2040416,3,2005-04-14
13133,859226,4,2005-03-11
13133,2503992,3,2004-08-15
13133,1926750,3,2004-09-16
13133,610533,3,2005-08-15
13133,2439493,1,2004-05-25
13133,996306,4,2005-01-28
13133,1812977,3,2005-10-13
13133,2376367,5,2005-06-11
13133,514172,3,2004-11-22
13133,2141163,5,2005-10-31
13133,2000750,4,2004-10-13
13133,1739970,2,2005-05-10
13133,818752,3,2004-07-23
13133,1380915,3,2004-05-08
13133,1611056,2,2005-03-26
13133,1774943,3,2005-07-25
13133,554137,3,2005-03-28
13133,2190222,3,2004-12-04
13133,637266,2,2004-11-27
13133,1198949,3,2004-11-15
13133,2513450,2,2005-01-31
13133,1204433,2,2005-06-07
13133,2055810,1,2005-10-09
13133,1495111,3,2005-07-16
13133,1664010,3,2005-10-13
13133,1918525,3,2004-09-11
13133,1691656,3,2004-09-21
13133,1026933,2,2005-08-12
13133,122197,3,2005-07-27
13133,1293986,2,2004-10-19
13133,2215028,3,2005-07-12
13133,1199639,3,2004-11-22
13133,1344086,3,2004-12-04
13133,1542003,5,2005-11-03
13133,1565141,1,2005-01-27
13133,491531,1,2004-06-02
13133,2004864,2,2005-10-15
13133,1280144,1,2005-03-29
13133,1975399,3,2005-02-01
13133,2463599,3,2005-06-22
13133,1875056,4,2005-07-05
13133,45365,5,2005-05-02
13133,305344,3,2004-05-16
13133,949240,3,2004-07-19
13133,1438606,3,2004-06-07
13133,766546,1,2005-04-26
13133,2188684,5,2005-11-18
13133,624637,2,2004-11-06
13133,561592,3,2005-01-29
13133,306569,2,2005-06-26
13133,516427,1,2004-10-07
13133,887729,2,2005-07-19
13133,138108,4,2005-01-30
13133,1575731,2,2005-03-15
13133,853185,2,2004-09-29
13133,1958056,5,2005-04-01
13133,158703,2,2005-12-29
13133,2056022,2,2005-10-25
13133,2176465,3,2005-08-01
13133,953329,2,2004-09-12
13133,2326980,3,2004-11-29
13133,1498881,1,2005-07-01
13133,1519378,3,2004-09-12
13133,2118461,3,2005-12-18
13133,1184498,3,2005-08-09
13133,2184647,3,2005-06-21
13133,387418,1,2004-05-23
13133,2627243,3,2005-12-11
13133,1883697,1,2005-01-31
13133,1114324,3,2005-04-27
13133,873478,1,2004-06-15
13133,612870,2,2005-09-13
13133,558955,2,2005-11-21
13133,731295,3,2005-04-03
13133,62694,3,2005-06-12
13133,2494183,4,2004-10-23
13133,1309323,1,2004-11-30
13133,2076090,4,2004-11-02
13133,174899,4,2005-09-01
13133,244644,3,2005-04-02
