10628,1672477,5,2004-10-19
10628,1931241,2,2005-01-06
10628,1918101,3,2005-02-13
10628,2222337,5,2005-03-26
10628,2061241,2,2005-05-14
10628,2207774,5,2005-02-03
10628,2096652,4,2005-10-03
10628,1102055,2,2004-12-20
10628,2219206,2,2005-12-26
10628,300074,1,2005-07-10
10628,1810944,2,2005-11-03
10628,1227322,1,2005-05-13
10628,1854153,3,2005-02-23
10628,2380338,1,2004-09-28
10628,372874,1,2004-11-08
10628,2203834,2,2004-01-04
10628,1135143,1,2004-02-07
10628,734541,4,2004-03-24
10628,1689389,4,2004-06-02
10628,1117938,4,2004-08-02
10628,363397,3,2004-07-07
10628,1002367,2,2004-06-09
10628,2489752,4,2004-10-04
10628,2080644,3,2005-03-06
10628,2506218,3,2004-07-16
10628,1962947,2,2004-02-16
10628,1434636,3,2004-05-01
10628,1181880,2,2004-05-31
10628,1196613,5,2004-01-08
10628,945327,2,2004-07-17
10628,1262753,2,2004-10-10
10628,2149655,5,2005-12-17
10628,794829,4,2005-01-12
10628,2043555,2,2005-09-14
10628,2058431,2,2005-11-21
10628,669006,5,2005-12-03
10628,1001129,2,2004-09-04
10628,2060180,5,2005-11-20
10628,603357,1,2005-04-19
10628,2289197,3,2005-07-31
10628,356457,3,2004-03-09
10628,51523,1,2005-03-27
10628,17240,2,2005-07-11
10628,2248489,2,2005-05-31
10628,2163163,4,2005-05-06
10628,1567202,1,2005-11-29
10628,1840368,2,2004-04-13
10628,1710794,4,2004-02-09
10628,1018000,2,2005-09-27
10628,2293122,2,2004-03-04
10628,199530,1,2004-10-18
10628,1366955,2,2005-11-06
10628,1184020,3,2005-12-05
10628,554840,2,2005-09-13
10628,2288234,2,2004-05-12
10628,2284214,4,2004-09-22
10628,1833542,1,2005-05-31
10628,2116989,3,2005-11-26
10628,1813197,3,2005-07-13
10628,654564,2,2005-08-18
10628,1307784,2,2004-03-03
10628,1647591,1,2005-06-09
10628,2439493,1,2004-02-04
10628,1573980,2,2004-03-05
10628,1687459,3,2004-11-18
10628,2280493,2,2004-11-19
10628,2295080,2,2005-05-01
10628,2018015,5,2005-09-30
10628,586636,2,2004-01-28
10628,2084330,5,2004-12-21
10628,2494435,4,2005-05-30
10628,1520549,3,2004-12-30
10628,241634,4,2004-09-23
10628,361375,2,2005-03-02
10628,1120476,3,2005-11-25
10628,92068,2,2005-08-15
10628,698377,2,2004-02-09
10628,1789243,5,2005-06-19
10628,1419521,4,2005-10-04
10628,2089804,2,2004-02-08
10628,2361462,4,2005-09-02
10628,1117919,2,2005-10-22
10628,2488357,4,2004-06-28
10628,2362591,3,2004-07-14
10628,2040859,1,2004-11-23
10628,1483526,2,2004-06-11
10628,2400449,3,2005-09-08
10628,941294,3,2004-07-15
10628,1696279,2,2004-11-01
10628,2147403,3,2005-05-06
10628,681668,3,2005-11-21
10628,2474887,1,2004-08-03
10628,1717675,3,2004-08-25
10628,291024,2,2004-08-20
10628,1903324,1,2004-02-05
10628,817464,3,2005-05-16
10628,1943605,4,2005-04-26
10628,1196131,4,2004-04-12
10628,2648845,4,2005-09-10
10628,1419103,1,2005-03-01
10628,1031758,5,2004-05-07
10628,1105029,1,2005-04-03
10628,1142961,2,2004-06-04
10628,605299,1,2004-11-03
10628,1385788,1,2005-02-03
10628,957170,4,2004-07-24
10628,958919,2,2005-02-07
10628,1167549,3,2005-06-16
10628,890937,1,2004-02-24
10628,1454112,5,2005-03-23
10628,440463,1,2005-12-12
10628,2038495,3,2004-07-19
10628,2092609,3,2004-10-04
10628,990851,3,2005-05-08
10628,330282,3,2005-08-03
10628,151821,2,2005-08-03
10628,670204,2,2004-06-21
10628,194639,5,2005-09-05
10628,378122,1,2004-12-08
10628,1171086,3,2004-07-08
10628,2068508,1,2004-11-23
10628,507603,1,2005-08-27
10628,940806,1,2005-05-21
10628,1711536,3,2004-03-29
10628,1913770,3,2005-03-03
10628,1561857,3,2005-06-21
10628,2519822,3,2005-01-10
10628,158931,4,2005-11-02
10628,1830000,3,2005-07-21
10628,1338076,3,2005-08-08
10628,1647674,4,2005-05-12
10628,675283,3,2004-06-14
10628,1267384,1,2004-07-27
10628,544925,4,2005-06-01
10628,2259557,4,2004-03-12
10628,2086265,1,2004-02-02
10628,1008194,2,2004-07-07
10628,157667,1,2004-09-01
10628,382906,3,2005-09-04
10628,369225,3,2004-11-02
10628,701443,3,2004-11-05
10628,1072312,5,2004-10-06
10628,2481477,4,2005-08-15
10628,329958,1,2004-02-08
10628,1805142,2,2004-03-10
10628,34155,1,2004-10-25
10628,420623,3,2005-02-02
10628,1991658,5,2004-02-02
10628,2021988,2,2004-11-29
10628,74427,2,2004-08-21
10628,1193538,3,2004-06-19
10628,1370007,2,2005-10-26
10628,2086396,4,2005-08-02
10628,2099073,2,2005-12-12
10628,1943060,5,2004-10-24
10628,1516320,3,2004-02-10
10628,1832628,3,2005-02-25
10628,2146586,2,2005-03-03
10628,2559608,1,2005-09-20
10628,1703083,3,2005-09-02
10628,953276,3,2005-08-10
10628,691271,5,2004-09-09
10628,1059660,5,2004-10-01
10628,961513,3,2005-10-11
10628,2215028,4,2005-03-21
10628,2346736,4,2005-06-05
10628,1055832,2,2004-06-16
10628,1668710,1,2005-09-07
10628,526238,1,2004-06-22
10628,2422058,1,2004-05-26
10628,450310,1,2005-05-13
10628,2167957,1,2005-10-12
10628,980485,3,2005-01-28
10628,935158,1,2004-04-18
10628,1084313,1,2005-02-13
10628,452974,5,2005-04-28
10628,1386529,2,2005-07-01
10628,2620170,1,2004-03-11
10628,2048038,2,2004-02-06
10628,1915669,3,2005-11-14
10628,670416,4,2004-02-28
10628,1271080,1,2004-12-29
10628,1528604,2,2005-04-08
10628,2332390,2,2004-08-27
10628,935249,2,2004-10-31
10628,531816,5,2004-05-10
10628,708601,2,2005-02-27
10628,339546,4,2005-02-02
10628,110703,5,2005-05-11
10628,1895489,4,2005-08-04
10628,2334289,3,2004-08-13
10628,1820843,4,2004-04-04
10628,2044501,2,2005-04-13
10628,1832324,5,2004-06-07
10628,504620,1,2005-08-21
10628,1837105,2,2005-05-11
10628,2466682,3,2004-08-02
10628,1200503,3,2004-08-22
10628,978927,5,2005-09-23
10628,2513522,5,2004-05-23
10628,841225,1,2004-09-17
10628,1118663,4,2005-01-10
10628,2280859,2,2005-04-15
10628,825353,1,2005-11-25
10628,2441751,4,2005-08-30
10628,2604999,2,2004-11-15
10628,1627955,1,2004-05-07
10628,748530,4,2005-09-04
10628,2263526,2,2004-08-15
10628,1608476,5,2004-09-26
10628,305344,2,2004-01-17
10628,31625,1,2004-08-16
10628,2144655,2,2005-08-06
10628,1197493,1,2004-04-20
10628,761135,4,2004-07-13
10628,167551,3,2004-10-01
10628,473853,2,2004-11-23
10628,2147527,1,2005-11-18
10628,2536711,1,2004-08-29
10628,2152805,3,2005-02-11
10628,651230,1,2005-05-26
10628,76023,2,2005-05-31
10628,6629,3,2004-04-24
10628,2511427,5,2004-08-29
10628,2150746,2,2005-04-04
10628,2025624,3,2005-08-10
10628,1911337,2,2004-05-28
10628,1012651,5,2004-09-16
10628,8382,5,2004-04-04
10628,137602,1,2004-10-16
10628,1352367,2,2005-03-23
10628,1937862,1,2005-05-06
10628,2398168,4,2005-04-23
10628,2160866,2,2005-09-24
10628,110521,2,2004-10-12
10628,967535,3,2005-11-16
10628,850859,1,2004-02-12
10628,2056022,2,2004-04-22
10628,1109533,3,2005-08-17
10628,2103047,5,2005-06-27
10628,816435,4,2005-11-18
10628,1992636,3,2005-12-21
10628,1119242,5,2004-04-01
10628,709292,5,2005-03-14
10628,2181115,2,2005-11-19
10628,1708629,1,2005-05-17
10628,1760492,1,2005-07-10
10628,1543370,1,2004-05-09
10628,1518104,4,2005-03-24
10628,1356962,5,2004-12-17
10628,732056,1,2004-11-07
10628,1265606,3,2004-05-25
10628,133075,1,2004-07-26
10628,278489,1,2005-06-01
10628,118244,1,2004-07-19
10628,2374608,3,2004-03-26
10628,1014236,5,2005-08-26
10628,1519378,2,2005-09-26
10628,1806515,1,2005-09-11
10628,876553,3,2005-10-31
10628,2118461,4,2005-12-14
10628,321819,4,2005-01-09
10628,1184498,3,2005-03-11
10628,1287591,3,2004-12-20
10628,387418,1,2004-02-05
10628,1006547,1,2004-03-17
10628,1877676,4,2004-02-20
10628,200427,5,2004-08-10
10628,2251050,5,2005-08-20
10628,675386,2,2005-01-31
10628,1812834,2,2004-06-24
10628,172663,2,2005-07-26
10628,873478,2,2004-02-02
10628,1972114,1,2004-03-16
10628,2470021,2,2005-02-24
10628,893014,1,2005-06-19
10628,2495333,1,2005-07-16
10628,772337,5,2004-03-09
10628,1114342,3,2004-06-11
10628,794999,5,2004-06-22
10628,1039105,2,2004-11-10
10628,2186938,1,2005-08-07
10628,1151120,2,2004-02-03
10628,1929124,5,2004-11-27
10628,442906,2,2004-11-19
10628,1518446,3,2005-02-03
10628,1001928,2,2005-08-20
10628,2154901,1,2004-02-18
10628,1404607,5,2005-07-20
10628,642384,5,2004-07-07
10628,1106942,4,2005-08-15
10628,473783,2,2004-09-29
10628,566067,4,2004-10-12
10628,170248,1,2005-03-22
10628,1420020,1,2005-06-30
10628,1054061,5,2005-12-19
10628,2636305,2,2005-07-13
10628,384027,4,2004-02-04
10628,1816185,1,2005-08-30
10628,2294501,2,2004-04-05
10628,1542002,3,2004-10-13
10628,591207,2,2004-02-28
10628,583070,3,2004-09-01
10628,1908051,5,2004-03-15
10628,1491809,4,2005-01-06
10628,1152891,4,2005-09-11
10628,1691255,5,2004-03-10
10628,2636318,5,2004-11-23
10628,846786,3,2005-03-14
10628,236108,4,2005-05-21
10628,515436,1,2004-05-08
10628,1221563,2,2005-09-13
10628,1379975,4,2005-05-05
10628,1420080,3,2004-07-31
10628,1753770,1,2004-07-26
10628,2209110,1,2005-05-28
10628,673245,5,2005-09-14
10628,2151490,2,2005-07-25
10628,1556093,1,2005-12-15
10628,489702,1,2005-08-05
10628,931444,2,2005-02-28
10628,684648,4,2005-06-13
10628,1563698,1,2004-08-01
10628,2335528,2,2004-08-03
10628,245404,2,2005-07-19
10628,1423566,5,2004-01-08
10628,632306,1,2005-03-09
10628,1924871,5,2005-09-26
10628,902400,2,2005-07-22
10628,1191240,3,2004-04-07
10628,1270559,4,2005-11-30
