10484,1663216,1,2002-07-07
10484,899232,4,2003-03-21
10484,76196,4,2002-01-29
10484,2625420,2,2004-06-03
10484,2245030,5,2005-01-27
10484,1604567,3,2005-05-03
10484,1517471,4,2004-02-12
10484,499718,3,2005-10-10
10484,2554745,2,2000-08-19
10484,2425147,5,2003-04-18
10484,155342,1,2003-01-21
10484,2266166,1,2002-06-30
10484,551623,4,2005-12-06
10484,794439,3,2000-02-01
10484,1696118,4,2003-01-27
10484,2494602,5,2003-02-12
10484,1134816,5,2003-04-23
10484,49585,1,2003-01-08
10484,273939,5,2004-08-22
10484,1272379,1,2002-03-28
10484,504316,2,2003-01-16
10484,1314869,2,2005-10-19
10484,2100574,1,2005-12-03
10484,2237185,4,2003-06-16
10484,2439493,1,2003-05-26
10484,1476006,3,2003-06-10
10484,1274786,4,2002-04-02
10484,818752,2,2004-07-30
10484,1876520,1,2002-05-13
10484,346873,2,2004-08-23
10484,994993,2,2002-08-06
10484,496436,1,2002-07-17
10484,2456277,5,2003-04-14
10484,447180,3,2005-10-31
10484,1047039,4,2004-07-23
10484,1684341,3,2000-04-18
10484,1818224,3,2003-12-05
10484,424273,3,2004-06-30
10484,529735,3,2004-06-11
10484,2083367,4,2002-10-24
10484,1587846,3,2005-08-10
10484,1312155,2,2005-01-13
10484,2454668,3,2005-11-10
10484,324887,3,2003-06-29
10484,1664010,3,2005-10-12
10484,2444463,2,2002-05-17
10484,242171,4,2002-04-24
10484,147581,5,2004-07-31
10484,25049,3,2004-04-19
10484,349060,4,2004-11-07
10484,332751,2,2004-11-23
10484,712700,3,2005-09-23
10484,364022,1,2005-01-19
10484,731685,2,2004-04-13
10484,2320657,4,2004-03-09
10484,789014,1,2003-01-19
10484,1955132,2,2003-10-02
10484,2091140,3,2003-01-18
10484,1703631,1,2004-08-07
10484,305344,4,2003-04-02
10484,2048620,4,2002-09-20
10484,1241165,3,2004-06-07
10484,1200479,3,2005-02-10
10484,2119994,4,2005-06-21
10484,927696,3,2004-03-10
10484,1332126,2,2002-08-31
10484,665195,3,2005-10-21
10484,416884,4,2002-01-30
10484,1853344,3,2004-12-30
10484,429701,3,2004-08-09
10484,4597,3,2005-04-12
10484,2205547,2,2004-01-27
10484,619939,4,2005-11-24
10484,1182342,4,2002-10-07
10484,296232,5,2004-07-18
10484,2231162,2,2004-03-02
10484,828344,3,2003-12-30
10484,2118461,3,2005-12-18
10484,387418,1,2003-08-01
10484,1268417,5,2004-08-04
10484,1114324,2,2005-04-21
10484,749247,3,2004-01-21
10484,356615,1,2002-05-17
10484,1061195,1,2003-12-30
10484,1663888,4,2003-11-09
10484,927293,3,2003-05-18
10484,1966687,3,2004-10-05
10484,1461435,1,2003-02-12
10484,1278105,3,2000-01-28
10484,1233877,4,2004-01-02
10484,1670329,3,2000-01-27
10484,2165012,4,2002-08-05
10484,1639792,1,2002-04-03
10484,1879665,1,2004-09-21
10484,2143500,3,2005-01-26
10484,2023200,3,2002-08-29
10484,2638218,3,2004-07-28
10484,1616243,2,2003-01-06
10484,206893,2,2005-12-31
10484,2447365,3,2001-04-28
10484,2306662,3,2000-01-28
10484,1546617,4,2003-01-11
10484,87843,3,2002-03-09
10484,900899,3,2003-01-08
