17481,1392773,3,2001-12-15
17481,1987434,1,2005-07-15
17481,2615678,4,2003-10-29
17481,1276913,4,2003-11-22
17481,1744889,1,2004-03-03
17481,400164,4,2004-09-06
17481,1565388,1,2004-03-07
17481,1330766,4,2004-03-14
17481,971962,4,2003-11-30
17481,1623549,5,2005-08-30
17481,1357960,3,2004-01-25
17481,39956,5,2003-11-22
17481,2360117,3,2003-10-23
17481,2502462,1,2003-11-29
17481,1294425,4,2004-03-18
17481,1583311,1,2004-03-11
17481,1765193,3,2004-10-23
17481,488477,3,2005-02-24
17481,923325,3,2005-03-29
17481,566764,3,2005-05-07
17481,1245332,4,2005-10-18
17481,68845,2,2002-10-30
17481,180151,3,2004-03-26
17481,894256,5,2004-05-28
17481,1501783,5,2005-08-11
17481,838130,3,2004-02-27
17481,632028,1,2003-10-14
17481,560142,4,2004-03-26
17481,1110906,2,2004-04-11
17481,2468443,3,2004-04-06
17481,2323694,4,2004-04-05
17481,2443212,4,2005-06-14
17481,954927,2,2005-06-17
17481,2621862,2,2005-09-27
17481,1355247,3,2005-10-21
17481,1129423,3,2003-03-29
17481,2625420,1,2004-03-15
17481,984874,2,2003-06-10
17481,209200,4,2003-05-28
17481,2551764,2,2005-09-06
17481,724592,3,2004-02-26
17481,2395214,3,2005-11-25
17481,2542255,5,2005-12-13
17481,2259898,1,2004-03-20
17481,1888163,4,2003-09-17
17481,1216387,1,2004-03-01
17481,2260788,2,2003-04-07
17481,839182,3,2003-05-02
17481,2403601,2,2005-08-17
17481,1160001,3,2004-12-05
17481,306094,5,2004-04-26
17481,1025642,2,2004-05-23
17481,2212890,2,2004-07-01
17481,506018,4,2005-04-20
17481,281396,3,2005-05-13
17481,1148490,5,2005-06-01
17481,1222245,5,2005-12-19
17481,1712417,3,2003-07-29
17481,1549174,2,2004-03-03
17481,1417435,3,2004-01-24
17481,2563204,2,2004-04-02
17481,978567,1,2004-02-19
17481,1910767,5,2004-04-01
17481,15316,3,2004-11-01
17481,1454357,2,2005-01-19
17481,2235414,3,2005-09-08
17481,806013,2,2004-06-14
17481,1094786,1,2004-03-14
17481,1498198,3,2004-05-07
17481,1409989,3,2004-05-10
17481,2458187,3,2005-01-08
17481,328386,3,2005-01-24
17481,2217731,2,2005-03-06
17481,2374395,3,2005-03-14
17481,2170890,5,2005-06-02
17481,1204092,4,2005-11-28
17481,2402990,3,2003-12-25
17481,709342,2,2004-05-04
17481,1062267,1,2003-07-07
17481,1236105,1,2004-03-10
17481,318291,2,2004-06-08
17481,1924821,3,2004-09-21
17481,1518964,3,2005-01-04
17481,1080361,4,2005-03-19
17481,2315741,3,2005-04-12
17481,561733,5,2005-05-08
17481,549534,2,2002-10-22
17481,1525381,3,2004-03-05
17481,1988068,3,2005-07-20
17481,2035994,4,2003-09-22
17481,470762,3,2004-01-24
17481,335572,3,2003-05-19
17481,1492487,4,2004-07-14
17481,1871978,4,2005-08-30
17481,513501,4,2004-01-21
17481,2088489,3,2004-04-17
17481,152583,1,2004-04-13
17481,1701514,4,2004-07-08
17481,1793171,4,2004-07-08
17481,2600558,5,2004-11-04
17481,1581837,3,2005-01-08
17481,1224299,5,2005-03-18
17481,303948,4,2005-03-29
17481,2407193,4,2005-09-15
17481,941624,4,2005-09-26
17481,152980,4,2005-10-12
17481,2047888,2,2005-11-07
17481,830363,5,2001-09-23
17481,2259279,3,2005-07-28
17481,112320,5,2005-09-09
17481,1107099,4,2004-02-16
17481,1579709,4,2004-04-29
17481,2293026,3,2004-11-18
17481,1439097,5,2004-12-31
17481,1000461,3,2005-01-11
17481,1356352,2,2005-03-22
17481,2050389,5,2005-06-29
17481,2385364,3,2005-09-19
17481,245808,4,2005-09-28
17481,2417423,4,2005-10-11
17481,421794,2,2005-10-23
17481,1645535,3,2005-11-05
17481,294771,2,2001-09-26
17481,1813114,4,2003-10-29
17481,53521,4,2002-01-01
17481,1273429,3,2005-08-02
17481,2602249,3,2004-08-29
17481,1181550,3,2004-01-20
17481,1227322,1,2003-09-11
17481,2511049,1,2003-08-17
17481,466322,1,2004-02-28
17481,75214,2,2004-03-23
17481,67737,3,2004-06-29
17481,53380,5,2005-02-21
17481,538214,3,2005-10-16
17481,2354829,4,2005-07-10
17481,2116614,1,2004-07-12
17481,1704130,2,2004-02-15
17481,404652,2,2003-12-03
17481,798524,3,2004-03-29
17481,371300,3,2003-05-11
17481,1314491,5,2004-08-30
17481,738657,3,2004-03-09
17481,1314890,3,2004-02-26
17481,43530,2,2004-03-21
17481,1295115,2,2004-03-20
17481,1898186,3,2004-04-12
17481,1180412,5,2004-10-25
17481,1681133,3,2005-04-10
17481,1597861,4,2004-01-07
17481,1716677,4,2003-01-03
17481,1325876,2,2003-08-23
17481,316857,4,2004-02-12
17481,2366006,1,2004-03-24
17481,642060,1,2004-02-06
17481,1154813,3,2004-04-30
17481,1375808,3,2005-04-02
17481,2388205,2,2005-06-20
17481,890498,3,2005-10-21
17481,1080872,3,2005-12-09
17481,2544413,5,2004-02-25
17481,260074,3,2004-05-05
17481,1942723,2,2003-09-09
17481,85550,3,2003-12-26
17481,1398918,2,2003-12-10
17481,435541,3,2004-06-07
17481,1223001,3,2004-07-08
17481,1826941,4,2004-03-29
17481,1444878,4,2005-01-06
17481,1161725,5,2001-12-12
17481,1294583,5,2004-02-08
17481,2102030,3,2004-02-27
17481,649969,3,2004-01-29
17481,2018176,4,2003-10-20
17481,2266083,3,2005-08-07
17481,1321396,3,2005-08-08
17481,255552,3,2004-04-18
17481,1416310,2,2004-03-22
17481,617918,2,2004-04-14
17481,21157,3,2004-04-22
17481,1319926,4,2005-03-21
17481,676736,1,2005-07-06
17481,1903123,3,2003-06-03
17481,1663295,2,2003-04-17
17481,2566515,3,2004-01-25
17481,1840435,3,2004-04-15
17481,296153,3,2003-04-17
17481,816732,4,2005-08-22
17481,2353162,5,2004-04-20
17481,375506,2,2004-10-17
17481,2389578,5,2005-05-19
17481,963464,2,2005-09-28
17481,2046091,2,2003-11-21
17481,420350,4,2002-11-27
17481,2107198,3,2003-11-17
17481,1078245,5,2004-04-19
17481,1784150,3,2005-08-14
17481,2041252,2,2003-10-29
17481,1375880,3,2003-12-11
17481,1560186,2,2004-04-20
17481,1489566,1,2004-02-23
17481,1962947,3,2004-04-07
17481,2023435,3,2004-02-22
17481,286106,4,2005-01-12
17481,288443,5,2005-04-04
17481,1242803,5,2005-05-25
17481,1841531,3,2005-06-14
17481,1133761,3,2005-07-18
17481,344861,1,2002-12-24
17481,192450,5,2004-07-23
17481,2508819,3,2003-02-28
17481,140351,3,2004-01-07
17481,1176800,1,2004-04-06
17481,863778,1,2004-03-06
17481,1286550,1,2004-02-24
17481,1503647,2,2004-02-02
17481,923889,2,2004-04-22
17481,1814136,1,2004-02-18
17481,1714902,2,2004-02-09
17481,178860,3,2005-01-24
17481,331581,5,2005-06-20
17481,1630967,5,2005-10-13
17481,319258,4,2005-12-07
17481,318199,3,2003-05-09
17481,1564649,5,2004-03-29
17481,1872113,1,2004-04-15
17481,1780039,3,2004-04-05
17481,202215,4,2005-05-16
17481,2043555,3,2005-10-27
17481,1259696,2,2002-10-22
17481,2084925,3,2004-04-27
17481,653399,2,2003-12-15
17481,901520,3,2003-10-06
17481,1731106,2,2003-06-10
17481,1226844,3,2003-04-10
17481,642526,3,2003-10-16
17481,2133016,3,2003-09-24
17481,1749425,4,2005-09-28
17481,2401585,4,2004-03-07
17481,1358962,2,2004-05-05
17481,919422,5,2005-08-27
17481,1872861,2,2004-01-15
17481,2296095,2,2004-03-10
17481,550771,2,2004-03-22
17481,1874905,1,2004-03-08
17481,502783,4,2004-06-13
17481,2465236,5,2005-01-07
17481,2172013,3,2005-02-10
17481,1001129,3,2005-05-22
17481,380354,5,2005-06-08
17481,190136,3,2005-06-15
17481,1932777,3,2005-09-27
17481,285031,4,2005-11-16
17481,2348609,4,2004-03-02
17481,1708281,3,2004-01-26
17481,47312,3,2005-08-15
17481,2239241,3,2003-10-20
17481,33387,3,2004-05-01
17481,1106127,4,2004-07-18
17481,2522681,2,2004-04-14
17481,1996226,5,2004-11-10
17481,1441263,2,2005-01-23
17481,1044851,3,2005-01-26
17481,2647197,3,2005-01-29
17481,74722,5,2005-04-23
17481,2233782,3,2005-04-29
17481,257294,3,2005-11-29
17481,503779,5,2005-07-26
17481,1045352,4,2004-06-08
17481,610622,4,2004-04-14
17481,1103969,4,2003-11-03
17481,1084538,3,2004-05-08
17481,652237,3,2004-07-13
17481,716874,3,2005-05-13
17481,303821,3,2005-05-15
17481,356536,3,2003-10-14
17481,2257122,4,2005-08-02
17481,2341967,2,2004-08-06
17481,1462959,1,2003-11-09
17481,2640550,4,2002-11-27
17481,1600039,3,2004-02-25
17481,1546549,3,2004-03-30
17481,732363,2,2004-03-08
17481,831055,2,2004-03-19
17481,1573300,3,2004-06-01
17481,1347949,5,2005-04-01
17481,804100,4,2005-09-28
17481,108871,3,2004-03-05
17481,1018379,3,2005-07-20
17481,1000192,2,2004-03-02
17481,1687847,4,2003-11-21
17481,912093,3,2003-10-02
17481,2479320,1,2003-10-13
17481,1332983,1,2004-02-17
17481,836051,3,2004-02-15
17481,712297,1,2004-03-10
17481,466269,3,2004-06-02
17481,528522,5,2005-09-12
17481,349572,3,2005-12-17
17481,1862392,4,2002-12-30
17481,83637,3,2002-11-12
17481,1852461,5,2002-10-03
17481,1713587,4,2002-09-23
17481,1742740,2,2004-03-02
17481,2146527,1,2004-03-19
17481,21705,1,2003-12-12
17481,1153777,3,2004-02-26
17481,1242806,1,2003-12-04
17481,798407,4,2004-11-29
17481,1242266,3,2005-01-08
17481,1712089,4,2005-01-31
17481,1356239,3,2005-02-20
17481,1200930,5,2005-05-09
17481,1488177,3,2005-06-01
17481,2424362,2,2005-11-05
17481,512303,3,2004-02-25
17481,1911219,3,2004-04-10
17481,1030857,1,2004-03-17
17481,1997103,2,2004-02-05
17481,474700,1,2003-09-11
17481,1434502,2,2003-04-14
17481,1693122,1,2004-03-28
17481,1662714,3,2004-03-09
17481,2474053,2,2004-03-15
17481,235789,4,2004-12-28
17481,2460896,4,2005-04-06
17481,2146809,4,2005-04-09
17481,656455,3,2005-04-23
17481,2446626,2,2005-06-23
17481,1239654,3,2005-09-20
17481,2413934,5,2005-12-19
17481,979877,2,2001-12-11
17481,2025135,3,2003-09-02
17481,1931394,4,2003-06-09
17481,699578,2,2003-04-21
17481,412280,3,2004-03-13
17481,169316,2,2003-11-21
17481,1690697,2,2004-02-09
17481,1337532,4,2004-07-08
17481,2399505,1,2004-04-16
17481,1352219,4,2004-12-22
17481,1371422,3,2005-06-09
17481,1172818,4,2005-11-28
17481,1202256,5,2005-12-16
17481,614672,2,2004-02-29
17481,2598128,4,2002-04-24
17481,2550838,3,2002-12-07
17481,199257,3,2005-07-30
17481,772415,1,2003-03-19
17481,830370,3,2004-02-13
17481,2221050,2,2004-03-20
17481,1749429,3,2004-04-13
17481,864061,2,2004-02-17
17481,1935338,3,2003-12-08
17481,2230223,2,2004-02-18
17481,1140076,2,2004-03-08
17481,542657,5,2004-03-26
17481,1365396,1,2004-03-06
17481,1776625,4,2004-10-03
17481,213750,3,2005-04-04
17481,1144870,2,2005-10-12
17481,1013936,5,2005-10-28
17481,1774785,4,2004-04-23
17481,1955464,3,2003-11-30
17481,670238,4,2002-11-24
17481,831103,3,2004-03-03
17481,800569,5,2004-04-11
17481,1991674,2,2004-04-18
17481,400909,4,2004-05-12
17481,294330,1,2004-02-16
17481,1079323,5,2004-07-22
17481,291446,3,2004-04-24
17481,1010743,2,2005-06-04
17481,1792741,2,2003-09-05
17481,67769,2,2004-06-12
17481,2129144,1,2005-07-28
17481,1575462,4,2004-02-18
17481,918750,2,2004-03-27
17481,1546749,3,2004-02-15
17481,117193,3,2004-01-30
17481,1176462,3,2004-08-01
17481,1883721,1,2004-02-19
17481,2341594,3,2004-04-17
17481,1314869,3,2004-04-11
17481,1919643,5,2004-07-16
17481,670126,3,2004-11-22
17481,2414164,1,2005-05-01
17481,976301,5,2005-10-03
17481,2169183,3,2005-10-11
17481,2612957,4,2005-10-20
17481,1255703,3,2004-04-21
17481,460446,2,2002-02-27
17481,1585794,3,2002-03-29
17481,2032944,3,2004-04-20
17481,1130133,3,2003-09-20
17481,2417957,5,2004-03-20
17481,1852037,4,2004-03-30
17481,1813197,5,2004-02-17
17481,1311189,1,2003-11-05
17481,1666140,3,2003-12-02
17481,26674,3,2003-12-26
17481,1427330,1,2004-01-20
17481,2648734,3,2004-03-12
17481,555509,1,2004-03-03
17481,1719610,2,2004-02-29
17481,5916,4,2004-07-02
17481,2649100,3,2004-08-08
17481,1341919,5,2004-11-28
17481,1111656,4,2005-02-02
17481,300016,2,2005-03-21
17481,958440,5,2005-04-01
17481,2466950,2,2005-05-31
17481,2243365,5,2004-04-12
17481,895172,1,2002-08-23
17481,2536362,1,2003-12-31
17481,1926431,3,2003-11-25
17481,636262,3,2005-08-23
17481,2429396,2,2003-09-23
17481,1083252,2,2004-01-08
17481,343194,4,2003-10-11
17481,547341,3,2004-04-18
17481,1095536,5,2005-12-06
17481,2160085,1,2005-12-08
17481,1075042,3,2005-07-29
17481,974588,2,2004-03-02
17481,1166912,1,2003-05-09
17481,1694966,3,2003-10-30
17481,1310748,3,2004-01-07
17481,1527527,3,2004-07-01
17481,689026,3,2004-04-12
17481,2119724,4,2004-03-03
17481,1076545,5,2005-10-27
17481,1449331,3,2004-04-08
17481,1360538,3,2004-08-02
17481,1018296,2,2003-09-23
17481,2508065,4,2003-05-22
17481,2484944,2,2004-03-04
17481,1996989,4,2003-09-12
17481,2229221,3,2004-03-20
17481,1562593,3,2004-11-02
17481,2062350,1,2004-12-07
17481,610533,3,2005-03-16
17481,2069524,5,2005-04-18
17481,881120,3,2005-04-20
17481,527631,2,2005-05-03
17481,1089687,3,2005-05-08
17481,1776111,3,2005-05-24
17481,853491,2,2005-06-02
17481,158854,5,2005-06-12
17481,2339981,3,2003-09-11
17481,1706814,5,2005-08-01
17481,1953981,1,2003-12-17
17481,1940836,4,2004-02-21
17481,1597463,3,2004-06-19
17481,2416772,3,2004-10-03
17481,294826,3,2005-03-21
17481,380219,5,2005-04-14
17481,1108432,5,2005-04-17
17481,2454160,2,2005-04-18
17481,465713,5,2005-05-30
17481,710385,3,2005-07-17
17481,2439493,5,2002-11-30
17481,442485,4,2003-05-07
17481,1739296,4,2004-03-02
17481,2530263,5,2004-02-25
17481,530789,3,2004-03-03
17481,2534306,1,2004-04-30
17481,1230248,3,2004-04-21
17481,1956846,5,2004-06-15
17481,2071416,4,2004-12-06
17481,14728,3,2005-04-21
17481,538972,5,2005-05-20
17481,286470,3,2005-06-02
17481,2161543,4,2002-12-30
17481,1319195,2,2004-08-16
17481,1198604,3,2003-03-04
17481,2250951,4,2003-04-15
17481,1424172,3,2004-07-06
17481,1517408,3,2004-04-14
17481,2323957,3,2004-04-02
17481,526568,2,2004-04-03
17481,165374,2,2004-04-30
17481,38499,4,2004-05-04
17481,1835357,5,2004-09-17
17481,1661485,2,2004-11-08
17481,1732566,4,2005-02-23
17481,2128825,4,2005-05-17
17481,1298147,3,2005-05-18
17481,1637804,2,2005-09-08
17481,1989364,4,2005-09-30
17481,1866912,4,2005-10-31
17481,2080109,5,2005-07-15
17481,1684232,3,2004-03-11
17481,1125733,4,2003-12-06
17481,527428,4,2005-08-04
17481,929776,1,2005-08-31
17481,1363477,4,2004-04-25
17481,1536419,1,2004-03-29
17481,2065686,2,2004-04-13
17481,1255211,4,2004-10-17
17481,740226,4,2005-03-25
17481,1301013,1,2005-05-05
17481,1134379,4,2005-05-24
17481,1259082,3,2005-06-01
17481,563382,1,2005-11-07
17481,1317871,2,2004-05-11
17481,2020448,2,2004-04-01
17481,1253619,3,2005-08-21
17481,667102,2,2004-03-28
17481,612653,5,2005-08-21
17481,2567237,3,2003-11-04
17481,2185614,3,2004-04-03
17481,2135123,3,2004-09-16
17481,1771909,2,2005-05-02
17481,2538677,5,2005-09-15
17481,2038778,2,2004-03-23
17481,1116080,3,2005-08-08
17481,1046567,4,2004-03-30
17481,2609677,3,2004-03-05
17481,62279,1,2003-10-19
17481,1857615,3,2004-01-22
17481,241634,1,2003-10-29
17481,2456542,3,2004-02-11
17481,72541,3,2004-05-10
17481,94874,3,2004-04-15
17481,222690,4,2005-03-21
17481,1951202,5,2005-05-03
17481,735636,4,2004-01-24
17481,2361804,1,2004-03-10
17481,2578839,4,2005-08-28
17481,322191,3,2004-03-27
17481,2432893,2,2004-03-21
17481,2290263,3,2004-01-08
17481,991783,2,2003-11-24
17481,2618891,5,2004-02-24
17481,928057,3,2004-05-05
17481,1491312,3,2004-04-14
17481,22709,5,2004-02-24
17481,2324873,3,2004-04-19
17481,2451588,2,2005-03-03
17481,2385871,4,2005-05-21
17481,1641213,4,2005-10-09
17481,1319012,4,2005-11-20
17481,2188985,2,2004-03-21
17481,57186,2,2001-09-25
17481,1643961,3,2004-03-29
17481,924960,4,2003-10-02
17481,1059719,2,2003-09-29
17481,1371082,1,2003-05-27
17481,1476383,2,2004-03-09
17481,1278643,1,2003-05-09
17481,355966,3,2004-06-22
17481,1318951,1,2004-03-01
17481,2601274,2,2004-04-02
17481,162380,1,2004-02-22
17481,1930649,3,2004-04-11
17481,2234801,4,2004-12-27
17481,1986952,3,2005-04-02
17481,980393,2,2005-05-28
17481,755939,1,2005-06-08
17481,2615029,4,2005-11-06
17481,1613383,3,2005-12-02
17481,933416,3,2002-06-22
17481,318457,2,2004-02-05
17481,880471,3,2003-11-08
17481,74670,2,2003-06-15
17481,1475897,3,2004-01-03
17481,1074677,4,2004-06-17
17481,687967,4,2004-12-23
17481,554096,2,2005-03-07
17481,1913414,5,2005-04-15
17481,2281848,3,2005-04-16
17481,1125226,4,2005-05-10
17481,638525,5,2005-10-06
17481,2389367,2,2004-06-07
17481,2083213,5,2003-05-12
17481,2398061,5,2003-05-12
17481,2564160,3,2003-02-27
17481,2607224,1,2003-09-26
17481,838868,2,2003-09-15
17481,684876,3,2004-04-08
17481,1555910,4,2004-06-14
17481,211166,3,2004-06-23
17481,165247,4,2005-02-25
17481,74320,5,2005-05-27
17481,2495253,3,2005-05-31
17481,575969,2,2005-09-13
17481,651050,5,2005-11-07
17481,2460969,1,2005-12-27
17481,328212,3,2004-08-27
17481,808178,1,2003-04-24
17481,1165121,3,2005-07-28
17481,1720654,4,2004-04-10
17481,1379015,2,2004-02-22
17481,2589277,2,2004-02-06
17481,1409687,3,2004-05-28
17481,95186,3,2004-03-06
17481,1939384,2,2004-04-07
17481,1178023,3,2005-09-20
17481,1493532,3,2005-11-08
17481,1526066,4,2005-07-06
17481,2219541,3,2001-11-03
17481,923423,4,2002-11-28
17481,87360,3,2004-03-31
17481,814304,3,2004-01-02
17481,753231,3,2004-03-16
17481,1156578,3,2002-10-23
17481,1403658,3,2004-04-30
17481,2135164,3,2003-11-13
17481,633570,2,2004-04-22
17481,1115567,3,2004-03-29
17481,1524964,2,2004-07-14
17481,165369,2,2004-10-21
17481,651625,3,2004-12-01
17481,2037136,5,2005-06-04
17481,884354,1,2005-10-06
17481,1006158,2,2003-04-16
17481,2482831,3,2004-03-24
17481,514829,2,2002-10-19
17481,1951367,1,2003-10-10
17481,2216044,3,2004-02-19
17481,2429310,4,2004-03-22
17481,1313714,3,2004-04-11
17481,152958,5,2004-07-20
17481,452501,1,2005-01-12
17481,2638856,2,2005-01-19
17481,732907,1,2005-04-05
17481,2491645,3,2005-06-02
17481,2323671,4,2005-06-15
17481,2250025,2,2004-02-02
17481,864232,3,2003-12-25
17481,1110156,2,2003-04-30
17481,2206910,4,2004-06-14
17481,1952829,1,2004-03-01
17481,2629599,5,2004-03-27
17481,893742,3,2004-05-12
17481,2615916,4,2004-06-21
17481,959443,4,2004-08-27
17481,1412189,1,2005-02-06
17481,461075,2,2005-02-28
17481,152807,3,2005-04-05
17481,1129737,5,2005-11-24
17481,1415739,4,2004-05-03
17481,706440,1,2003-10-22
17481,869426,3,2004-08-13
17481,1058761,2,2004-01-25
17481,1657886,3,2004-04-19
17481,1378448,3,2004-07-26
17481,821625,5,2005-12-27
17481,706832,3,2003-09-10
17481,2236214,3,2003-09-16
17481,452229,3,2005-08-05
17481,781610,4,2004-07-23
17481,2468305,1,2004-02-13
17481,684220,3,2004-04-15
17481,1974371,1,2004-02-02
17481,486661,3,2004-04-11
17481,595440,5,2004-11-14
17481,743633,5,2005-01-07
17481,926900,1,2005-04-14
17481,2042159,3,2005-10-09
17481,1725399,5,2005-10-22
17481,1784309,3,2005-11-10
17481,2222083,3,2005-11-29
17481,1381955,4,2004-08-09
17481,1358598,1,2003-11-11
17481,2275916,3,2004-03-16
17481,2111656,1,2004-02-21
17481,2292140,3,2004-07-29
17481,2351488,4,2004-12-02
17481,2277171,5,2004-12-06
17481,1172958,3,2005-11-17
17481,1438147,5,2005-05-19
17481,186478,3,2005-09-07
17481,1583953,3,2005-12-05
17481,1470697,3,2005-12-21
17481,70483,3,2003-10-16
17481,1846965,4,2003-05-13
17481,1903324,4,2004-04-27
17481,1414878,2,2004-02-20
17481,2487812,3,2004-03-17
17481,904882,1,2004-04-13
17481,1113128,4,2004-03-13
17481,514787,4,2004-03-12
17481,597873,2,2004-04-12
17481,2193995,2,2004-03-08
17481,423677,5,2004-03-16
17481,2237318,4,2004-04-08
17481,168516,1,2004-05-10
17481,2540236,3,2004-08-20
17481,817464,2,2005-06-17
17481,447836,3,2005-09-08
17481,2333055,4,2005-11-04
17481,943915,3,2005-12-30
17481,1357786,1,2001-09-23
17481,442689,3,2002-06-02
17481,1616135,3,2004-03-03
17481,1359770,4,2005-08-06
17481,846740,2,2004-04-06
17481,1467697,3,2004-08-10
17481,350686,1,2003-12-18
17481,1621666,2,2004-02-22
17481,2181504,2,2004-06-08
17481,2633545,1,2004-03-28
17481,818752,4,2004-03-23
17481,1219148,2,2004-04-09
17481,1225163,3,2004-09-03
17481,2424683,3,2004-10-25
17481,2450433,2,2004-12-20
17481,2332009,4,2005-02-28
17481,1552829,3,2005-04-24
17481,1396036,4,2005-06-18
17481,612111,4,2003-05-13
17481,879760,3,2003-10-15
17481,1986034,3,2003-06-10
17481,988917,2,2004-03-04
17481,507810,2,2004-06-14
17481,456349,4,2005-02-16
17481,1803243,3,2005-04-28
17481,1592339,1,2005-09-11
17481,965104,3,2005-10-17
17481,2269031,4,2005-12-14
17481,745235,2,2004-03-16
17481,1277678,2,2003-09-27
17481,1537578,3,2005-08-01
17481,685382,1,2004-03-25
17481,1930601,4,2004-03-10
17481,1262471,1,2004-02-23
17481,2512128,2,2004-03-31
17481,1330662,3,2005-02-21
17481,2001363,5,2005-04-07
17481,833947,5,2005-04-27
17481,1155493,4,2005-08-20
17481,1919269,3,2003-12-02
17481,1293027,2,2003-11-09
17481,1805932,2,2004-03-23
17481,273035,3,2004-08-13
17481,2457095,2,2004-03-11
17481,384710,4,2005-01-23
17481,1310486,3,2005-02-01
17481,1393584,3,2005-10-18
17481,525788,5,2005-10-25
17481,2905,4,2002-10-23
17481,507301,3,2005-08-12
17481,532207,3,2004-06-16
17481,669502,4,2004-03-09
17481,2339841,3,2004-04-25
17481,1200461,4,2004-09-27
17481,1017110,4,2004-11-04
17481,2374631,2,2005-02-01
17481,1824459,3,2005-02-18
17481,1218004,3,2005-05-20
17481,2458652,5,2005-05-22
17481,1757328,3,2005-10-24
17481,1629053,3,2005-10-25
17481,910493,5,2005-11-04
17481,2438440,4,2004-02-18
17481,2541385,4,2001-12-20
17481,2356870,3,2003-10-09
17481,595778,1,2004-08-15
17481,1523671,1,2002-11-28
17481,1075624,2,2003-05-31
17481,790183,1,2004-04-16
17481,1146893,4,2004-07-12
17481,226548,2,2005-08-05
17481,1957329,5,2004-04-14
17481,1698900,3,2005-08-16
17481,1832121,2,2004-01-21
17481,1693002,4,2004-04-30
17481,433647,2,2004-01-11
17481,1489224,2,2004-02-11
17481,593453,3,2004-02-25
17481,15732,4,2004-05-04
17481,1024768,5,2004-10-19
17481,2013958,2,2005-02-03
17481,1601820,3,2005-03-10
17481,2038311,3,2005-04-14
17481,555859,5,2005-09-27
17481,2011258,5,2003-01-04
17481,2533726,4,2002-10-19
17481,78271,3,2003-04-30
17481,2256691,4,2004-06-06
17481,2216024,4,2004-04-19
17481,404342,4,2004-04-13
17481,2519094,5,2003-10-13
17481,1845334,2,2004-03-23
17481,1122036,3,2004-03-22
17481,1423063,3,2004-03-01
17481,1614455,3,2004-06-07
17481,1087521,3,2005-03-31
17481,858899,2,2005-04-13
17481,2432155,5,2005-05-01
17481,423074,3,2004-07-24
17481,1573228,1,2001-12-08
17481,2241385,5,2005-07-22
17481,1621089,5,2004-02-26
17481,931316,2,2004-04-17
17481,1376266,3,2004-03-14
17481,679846,1,2004-03-29
17481,1355843,4,2004-03-09
17481,2360796,1,2004-03-25
17481,863016,2,2004-10-06
17481,1057722,2,2004-11-08
17481,475278,4,2005-03-05
17481,1705486,5,2005-05-03
17481,1036350,3,2005-06-18
17481,1890809,4,2005-09-10
17481,1576111,5,2005-10-13
17481,2189159,3,2005-10-19
17481,273056,4,2005-10-30
17481,395104,4,2004-06-21
17481,2253829,2,2002-11-18
17481,171232,3,2004-01-21
17481,783585,3,2003-04-10
17481,1107860,2,2003-10-02
17481,2587314,4,2004-03-10
17481,2299152,4,2003-05-11
17481,1681193,4,2004-06-11
17481,1964735,5,2004-05-03
17481,88255,3,2004-05-06
17481,177889,5,2004-12-15
17481,440463,3,2005-12-12
17481,217747,2,2005-12-28
17481,1257450,3,2003-04-13
17481,397596,2,2005-08-01
17481,2209153,1,2004-03-30
17481,2127429,3,2003-05-15
17481,2391409,3,2003-10-05
17481,1758808,2,2004-02-06
17481,467255,2,2004-03-16
17481,1036305,3,2004-08-16
17481,812796,3,2005-04-05
17481,374462,2,2005-04-06
17481,1098805,4,2005-04-07
17481,1652323,3,2005-12-01
17481,2439590,2,2004-03-16
17481,775171,3,2002-10-26
17481,634945,2,2003-04-08
17481,359681,4,2004-04-04
17481,203738,2,2003-09-13
17481,2062488,1,2004-01-03
17481,1174678,2,2004-01-06
17481,1135480,3,2004-02-01
17481,602861,1,2004-04-12
17481,2096942,1,2004-05-04
17481,1013603,5,2004-08-11
17481,2202373,2,2004-10-12
17481,1025851,3,2005-04-27
17481,947722,2,2005-05-20
17481,1106241,1,2005-12-09
17481,2461227,3,2001-12-11
17481,1928961,3,2004-03-19
17481,2315073,1,2004-04-07
17481,396029,5,2004-04-07
17481,1999342,4,2003-11-14
17481,2053238,5,2005-09-03
17481,2197402,3,2004-04-03
17481,2538608,3,2004-03-18
17481,2595479,4,2004-07-15
17481,1932106,3,2004-04-06
17481,1583631,3,2004-10-08
17481,473621,3,2004-11-13
17481,811476,4,2005-01-27
17481,2141139,3,2005-03-06
17481,2404923,3,2005-04-06
17481,1255157,3,2005-04-19
17481,81981,3,2005-09-22
17481,954537,3,2005-11-21
17481,677407,5,2005-12-02
17481,2190687,2,2004-03-17
17481,187941,3,2004-07-19
17481,378986,1,2004-09-09
17481,939816,3,2004-04-09
17481,2084213,2,2004-03-21
17481,1206282,4,2004-07-16
17481,743723,5,2005-04-15
17481,1568056,2,2005-09-15
17481,2397061,2,2005-09-29
17481,601775,5,2005-11-14
17481,1798513,2,2004-04-04
17481,403915,2,2004-02-19
17481,1401895,3,2003-11-10
17481,1604238,4,2005-07-27
17481,1169583,5,2005-02-19
17481,1531691,3,2003-10-01
17481,100082,3,2003-02-24
17481,953170,2,2003-12-03
17481,887136,5,2004-07-29
17481,940806,1,2004-04-17
17481,2190222,3,2004-06-07
17481,990036,2,2004-06-10
17481,1384931,2,2004-06-20
17481,2217321,4,2005-01-03
17481,2302121,5,2005-03-14
17481,77309,3,2005-04-01
17481,284180,5,2005-10-02
17481,1767486,1,2002-11-16
17481,1111693,4,2005-08-17
17481,2482588,5,2004-04-08
17481,2194079,4,2004-06-18
17481,2354880,3,2004-05-10
17481,1478543,2,2003-12-05
17481,1839424,5,2004-07-28
17481,2235803,4,2004-11-23
17481,1467079,3,2005-05-14
17481,801884,3,2005-06-09
17481,1765963,5,2005-06-13
17481,1999825,5,2005-06-19
17481,599529,3,2003-11-30
17481,1469206,5,2005-08-02
17481,341649,1,2002-10-24
17481,1180716,2,2004-03-16
17481,587278,5,2005-09-05
17481,1761577,4,2004-06-18
17481,2582552,4,2004-04-09
17481,333267,1,2004-05-15
17481,1207251,4,2004-03-13
17481,2456613,3,2004-03-29
17481,1979083,4,2004-06-09
17481,2040853,3,2004-12-01
17481,920962,3,2005-11-08
17481,1874432,1,2001-12-05
17481,2018137,3,2004-04-19
17481,2202365,3,2003-04-21
17481,1718042,3,2003-11-22
17481,2277758,4,2003-11-10
17481,2647287,1,2004-01-01
17481,495542,1,2004-07-27
17481,1477627,2,2004-01-12
17481,1174264,5,2004-01-05
17481,1186778,2,2004-08-10
17481,674678,3,2004-04-20
17481,968001,4,2004-03-16
17481,1134655,3,2004-04-20
17481,2563239,2,2004-04-16
17481,2518947,2,2004-05-27
17481,1418058,4,2005-04-13
17481,2131165,3,2005-04-21
17481,74175,5,2005-05-27
17481,505317,1,2003-04-08
17481,2167210,4,2002-12-31
17481,17038,3,2004-05-29
17481,1469669,3,2004-03-04
17481,2368081,4,2005-09-07
17481,184035,2,2003-11-01
17481,2175546,4,2004-03-19
17481,1487733,3,2004-10-19
17481,1941022,3,2004-12-08
17481,2578830,2,2005-05-28
17481,712021,3,2004-03-22
17481,2520838,3,2003-08-17
17481,2140939,2,2005-07-24
17481,2083367,4,2002-10-25
17481,2339734,2,2003-09-15
17481,2250323,2,2003-09-16
17481,2302084,2,2004-03-23
17481,1109675,3,2004-01-02
17481,1276884,3,2004-01-07
17481,2450186,2,2004-02-20
17481,1388257,1,2004-02-12
17481,1141621,2,2004-04-15
17481,1640001,4,2004-03-27
17481,2379220,3,2004-04-12
17481,1937280,2,2005-02-22
17481,1814824,5,2005-03-18
17481,361886,2,2005-04-23
17481,1585829,3,2005-04-26
17481,1992942,3,2005-10-14
17481,1846387,3,2005-10-22
17481,1825866,1,2005-11-14
17481,1594913,3,2005-12-25
17481,2557316,2,2002-03-24
17481,2536028,3,2005-07-25
17481,257630,2,2004-06-23
17481,1966750,3,2004-02-25
17481,2530108,5,2004-02-06
17481,2197681,1,2004-03-01
17481,599480,2,2004-03-18
17481,2018010,4,2004-05-13
17481,1421761,2,2004-11-08
17481,1358358,3,2005-04-03
17481,1969536,2,2005-04-26
17481,2164131,4,2004-04-10
17481,879858,3,2003-04-13
17481,1470123,3,2004-01-27
17481,701650,4,2003-09-20
17481,2032486,4,2004-03-30
17481,914928,5,2004-04-09
17481,979865,1,2004-02-16
17481,1316922,3,2004-06-06
17481,2337014,4,2004-03-22
17481,743598,4,2004-05-10
17481,623496,3,2004-09-08
17481,1312661,3,2004-09-06
17481,20634,3,2004-09-21
17481,1242475,3,2004-11-30
17481,163372,2,2005-01-01
17481,858492,5,2005-03-06
17481,2451143,4,2005-06-16
17481,1746378,3,2005-10-26
17481,132648,1,2005-11-01
17481,505816,4,2005-12-19
17481,3998,5,2004-03-29
17481,1957786,3,2004-07-17
17481,1486502,5,2005-07-25
17481,979155,1,2004-05-01
17481,2417531,2,2003-10-16
17481,2632868,1,2004-02-29
17481,377937,1,2004-03-01
17481,774398,3,2004-04-01
17481,157667,2,2004-09-01
17481,2299517,3,2004-12-13
17481,701443,2,2004-01-03
17481,1317345,3,2004-03-15
17481,2302435,3,2004-06-03
17481,202607,1,2004-02-21
17481,297453,2,2004-06-09
17481,2478523,4,2004-02-24
17481,9557,2,2004-03-01
17481,263743,2,2004-05-01
17481,2118885,4,2004-10-04
17481,1995099,3,2005-01-11
17481,2075891,4,2005-01-19
17481,107389,4,2005-06-30
17481,2640009,4,2003-12-23
17481,385522,3,2003-10-01
17481,425179,4,2001-12-06
17481,2562786,4,2004-03-04
17481,1950710,2,2004-04-13
17481,888773,3,2004-03-14
17481,881431,5,2003-01-09
17481,1993796,2,2004-03-13
17481,58802,3,2005-08-10
17481,2510089,5,2003-02-21
17481,1167214,1,2004-04-21
17481,1942375,3,2004-06-23
17481,695091,2,2004-08-21
17481,362791,1,2004-05-26
17481,1202396,3,2004-06-22
17481,1413451,3,2005-01-09
17481,1272895,1,2005-01-13
17481,1072312,4,2005-05-23
17481,1664010,5,2005-10-12
17481,317774,3,2003-12-05
17481,2261313,4,2002-12-23
17481,2278178,3,2004-05-06
17481,1849454,3,2003-04-20
17481,780412,4,2004-04-24
17481,2327743,3,2004-02-05
17481,2368045,3,2004-01-25
17481,1591572,1,2004-03-26
17481,2550158,2,2004-04-03
17481,1839258,2,2004-04-23
17481,1567807,4,2004-08-10
17481,2258984,2,2005-01-12
17481,1725374,3,2005-01-19
17481,1976745,3,2005-04-11
17481,1822422,3,2005-10-28
17481,1467715,3,2005-11-20
17481,760262,4,2005-07-19
17481,1243051,1,2002-11-27
17481,134703,2,2004-01-26
17481,681577,2,2004-03-31
17481,1049817,3,2003-10-06
17481,451011,2,2004-03-18
17481,49890,4,2003-12-26
17481,564016,2,2004-02-29
17481,595847,1,2004-03-16
17481,782890,3,2004-03-11
17481,561531,3,2004-03-30
17481,607735,1,2004-11-13
17481,1522015,3,2004-12-29
17481,1725003,3,2005-03-05
17481,1831550,4,2005-03-22
17481,96139,4,2001-10-16
17481,613878,1,2002-10-23
17481,1995052,5,2003-05-29
17481,2073960,5,2003-06-06
17481,116104,3,2002-11-15
17481,1713267,2,2003-01-24
17481,26940,3,2005-08-19
17481,1361124,2,2003-05-01
17481,815238,1,2004-01-02
17481,103862,3,2004-03-24
17481,576990,1,2004-02-09
17481,2393933,3,2004-03-10
17481,2123401,1,2004-03-23
17481,2360851,5,2004-11-24
17481,212895,2,2005-01-10
17481,1616634,2,2005-06-08
17481,2223273,2,2003-12-01
17481,2635011,5,2005-07-27
17481,681642,4,2002-08-06
17481,733891,3,2004-03-12
17481,406841,1,2005-08-16
17481,1894755,4,2003-02-12
17481,2404142,5,2004-04-13
17481,612384,3,2004-06-23
17481,1521272,3,2004-03-06
17481,329958,1,2004-02-18
17481,366608,3,2004-09-01
17481,2311331,3,2004-04-15
17481,1520801,2,2004-02-14
17481,1218848,3,2004-03-30
17481,679084,3,2004-06-07
17481,440626,4,2005-03-10
17481,577662,3,2005-09-12
17481,1717171,2,2005-10-28
17481,1430398,3,2005-12-21
17481,446645,3,2005-07-11
17481,651629,4,2003-04-22
17481,1269877,3,2004-06-09
17481,2026855,5,2003-01-09
17481,826465,3,2004-01-06
17481,95100,2,2003-10-19
17481,483608,2,2004-04-08
17481,909744,3,2003-09-06
17481,1622150,2,2004-04-27
17481,1739082,1,2004-03-04
17481,2524708,1,2004-04-18
17481,883159,4,2004-04-29
17481,455024,3,2004-06-04
17481,1201693,5,2005-01-30
17481,674469,3,2005-05-22
17481,610618,4,2005-06-13
17481,1959784,4,2005-06-15
17481,1811832,1,2005-09-19
17481,101807,3,2004-01-28
17481,462171,2,2002-11-05
17481,1421498,2,2003-10-24
17481,20646,4,2004-01-04
17481,856563,3,2004-07-03
17481,1984604,2,2002-11-07
17481,526149,4,2004-07-15
17481,1181785,5,2004-03-06
17481,489743,2,2004-04-19
17481,2222806,1,2004-04-05
17481,1268751,3,2004-04-08
17481,2263041,3,2004-10-05
17481,193362,5,2005-04-11
17481,2297136,4,2005-05-23
17481,379701,1,2005-09-26
17481,1167175,5,2005-12-23
17481,74427,5,2001-07-31
17481,1698085,2,2001-10-28
17481,17451,5,2005-07-22
17481,2158839,3,2004-05-06
17481,905537,3,2003-09-15
17481,2429098,4,2003-12-15
17481,1610234,4,2005-08-17
17481,594196,2,2004-03-19
17481,2268553,2,2004-01-28
17481,1903095,2,2004-01-15
17481,1950023,1,2003-11-29
17481,146734,3,2005-02-27
17481,1383897,2,2005-05-27
17481,1189210,5,2002-10-26
17481,330424,3,2004-07-07
17481,761595,3,2004-04-19
17481,2367823,3,2003-12-09
17481,14164,3,2004-04-30
17481,1510806,3,2004-03-12
17481,1224275,5,2003-11-28
17481,2467784,2,2004-01-25
17481,2059197,2,2004-09-23
17481,1693814,3,2005-04-11
17481,2252844,4,2005-05-01
17481,406717,5,2005-06-01
17481,1361167,4,2005-06-11
17481,1241893,5,2005-06-20
17481,778665,4,2005-07-08
17481,92523,3,2002-11-06
17481,642898,4,2004-03-19
17481,675930,2,2003-11-11
17481,1558286,2,2004-01-26
17481,622382,3,2005-08-24
17481,68979,1,2004-03-27
17481,2070911,2,2004-04-02
17481,1040475,2,2004-05-30
17481,2509048,1,2004-04-11
17481,2542703,1,2004-06-25
17481,1505732,5,2004-11-30
17481,1255348,4,2004-12-11
17481,2357868,4,2004-12-20
17481,349724,3,2005-01-22
17481,1568103,4,2005-02-02
17481,1949028,3,2005-02-27
17481,1021822,2,2005-04-29
17481,1095852,3,2005-10-30
17481,1601152,4,2005-07-21
17481,2560328,1,2004-02-29
17481,183724,2,2004-03-24
17481,2514777,4,2003-11-04
17481,2333226,4,2004-02-07
17481,379787,3,2004-05-26
17481,2648885,3,2004-03-17
17481,1706831,3,2005-02-14
17481,146070,2,2005-02-22
17481,2438256,5,2005-09-25
17481,865926,4,2005-11-04
17481,992021,3,2005-12-25
17481,527898,2,2004-03-31
17481,993550,2,2003-04-12
17481,205438,4,2004-02-01
17481,1854658,4,2005-08-29
17481,352140,2,2004-04-19
17481,621092,3,2004-04-03
17481,2000,1,2004-05-06
17481,1553153,3,2005-03-15
17481,646073,4,2005-09-29
17481,2405629,4,2005-10-12
17481,862040,2,2003-10-08
17481,62285,3,2004-03-18
17481,1588002,4,2003-04-26
17481,1006803,4,2005-08-10
17481,1301764,5,2003-11-15
17481,1542754,4,2003-05-20
17481,641518,3,2003-03-25
17481,2318166,3,2004-01-04
17481,705166,4,2004-03-24
17481,1236683,3,2004-03-17
17481,1392465,1,2004-09-27
17481,1439261,3,2005-03-16
17481,1885042,3,2005-04-19
17481,611535,3,2005-10-16
17481,382817,4,2005-10-17
17481,2544488,1,2005-12-22
17481,1675183,3,2002-10-19
17481,510942,2,2004-01-22
17481,795380,3,2004-04-16
17481,2283154,5,2004-02-01
17481,1282217,2,2004-03-16
17481,979363,2,2004-03-16
17481,943920,2,2004-03-30
17481,1142246,1,2004-04-21
17481,1935592,4,2005-03-02
17481,1517756,2,2005-03-17
17481,405075,4,2005-04-06
17481,202039,4,2005-05-19
17481,1190391,1,2005-05-27
17481,1120064,1,2002-06-28
17481,801293,3,2002-04-03
17481,1917204,3,2003-12-18
17481,1403046,1,2004-06-15
17481,31259,3,2005-08-19
17481,1941703,2,2004-04-21
17481,2207893,2,2003-11-30
17481,1351211,3,2003-09-06
17481,525071,3,2004-02-27
17481,1859404,2,2004-04-14
17481,1218115,1,2004-02-13
17481,1734670,4,2004-02-13
17481,1896561,3,2004-07-06
17481,1115110,3,2004-04-06
17481,1758460,4,2004-11-15
17481,200734,3,2005-05-07
17481,807551,3,2005-05-27
17481,2156560,4,2005-10-31
17481,2468476,3,2004-02-22
17481,1824009,1,2001-09-21
17481,1821474,2,2003-05-08
17481,59270,3,2004-02-20
17481,2006011,3,2004-02-15
17481,517441,5,2004-03-30
17481,684531,3,2004-03-26
17481,1776262,5,2005-08-23
17481,2083596,3,2004-02-29
17481,1262363,3,2003-10-13
17481,2149829,1,2004-07-26
17481,2454811,2,2004-02-11
17481,981753,2,2004-01-13
17481,2455567,3,2004-03-22
17481,1612442,2,2004-01-22
17481,2508906,5,2005-09-14
17481,1468603,3,2005-07-14
17481,352373,3,2003-09-25
17481,1106040,5,2003-12-29
17481,197101,4,2003-05-20
17481,246047,1,2003-08-14
17481,690106,1,2003-05-12
17481,1851867,4,2003-11-01
17481,1704223,2,2004-01-16
17481,1493030,3,2004-01-27
17481,809974,2,2004-03-15
17481,2587811,4,2004-07-03
17481,892694,5,2005-02-22
17481,27318,5,2005-03-09
17481,1594723,3,2005-03-13
17481,350415,5,2005-06-07
17481,1571213,3,2005-11-03
17481,1037924,4,2003-01-02
17481,1297347,1,2004-01-15
17481,2019240,3,2005-07-30
17481,2442925,2,2004-04-01
17481,1807876,2,2003-07-23
17481,2071210,2,2004-05-11
17481,2296144,2,2004-01-20
17481,15538,3,2004-11-01
17481,730816,3,2005-02-13
17481,2555614,5,2005-04-08
17481,71594,2,2001-09-20
17481,1233457,2,2001-10-02
17481,2420528,3,2001-08-30
17481,2626336,2,2004-04-19
17481,437586,2,2003-10-30
17481,773432,3,2005-08-18
17481,1604357,3,2005-08-22
17481,111850,4,2003-09-30
17481,2307995,1,2004-03-04
17481,2487809,2,2004-04-10
17481,596267,2,2004-03-26
17481,1658101,3,2004-08-17
17481,1686647,3,2004-08-03
17481,2633487,3,2005-04-26
17481,2213277,3,2001-10-16
17481,1349128,2,2005-08-08
17481,1429789,3,2004-01-13
17481,2558448,3,2004-03-17
17481,952063,3,2004-04-02
17481,1059977,2,2004-01-28
17481,2437021,3,2004-01-17
17481,2170392,3,2004-04-10
17481,2432708,4,2004-09-07
17481,2292398,4,2005-04-24
17481,3604,4,2005-05-10
17481,928112,3,2005-11-17
17481,2049319,4,2003-01-02
17481,255112,1,2004-02-16
17481,2283114,3,2003-09-24
17481,2160091,2,2005-08-30
17481,722591,3,2003-11-26
17481,2213903,4,2004-03-30
17481,2291306,1,2004-02-19
17481,1371687,1,2004-06-26
17481,1689683,3,2005-05-08
17481,2372342,5,2005-10-31
17481,1132494,3,2003-02-17
17481,573802,3,2005-07-29
17481,2469190,2,2003-12-19
17481,698818,1,2004-07-16
17481,2136856,1,2004-01-07
17481,1354252,2,2004-03-16
17481,502918,2,2004-05-11
17481,1538343,3,2004-11-21
17481,685565,5,2004-11-29
17481,1534945,1,2005-05-11
17481,567875,1,2005-05-29
17481,3321,2,2005-09-27
17481,1385666,2,2004-01-15
17481,1238184,1,2003-01-11
17481,838679,2,2005-08-18
17481,2459354,4,2003-10-16
17481,1970957,2,2004-06-25
17481,1541244,4,2004-08-30
17481,2005344,2,2004-02-24
17481,2344958,5,2004-03-31
17481,2223250,3,2004-11-04
17481,2343748,2,2004-12-03
17481,1063041,2,2005-03-02
17481,637928,3,2005-05-17
17481,1616870,4,2005-06-01
17481,1309403,2,2005-10-07
17481,2406094,4,2003-01-07
17481,867068,2,2001-09-21
17481,1203835,2,2001-11-12
17481,948439,3,2004-03-04
17481,387106,3,2003-10-15
17481,108965,2,2002-11-21
17481,2193909,2,2004-06-09
17481,2314733,4,2004-03-14
17481,2483467,2,2004-01-08
17481,1397424,5,2004-02-15
17481,2580072,3,2004-02-29
17481,2120968,4,2004-03-28
17481,1763905,3,2004-03-26
17481,535156,3,2004-04-26
17481,35960,2,2005-01-24
17481,1614345,3,2005-03-21
17481,2107839,3,2005-05-17
17481,812814,4,2005-10-14
17481,1285621,5,2005-11-14
17481,1817590,5,2005-11-30
17481,2585997,2,2003-09-18
17481,708285,4,2002-04-21
17481,1339740,3,2001-10-18
17481,2172303,3,2005-07-21
17481,1623525,3,2004-01-23
17481,2238070,4,2005-08-05
17481,513930,2,2003-12-30
17481,1381552,2,2003-12-16
17481,580572,3,2004-05-02
17481,2214803,3,2004-04-13
17481,2020353,4,2004-11-25
17481,939176,5,2004-12-15
17481,1490538,5,2005-01-06
17481,2431861,3,2005-02-18
17481,1093671,3,2005-02-24
17481,948541,3,2005-04-12
17481,2567407,5,2005-05-30
17481,418321,1,2005-12-13
17481,2433610,3,2003-12-23
17481,2534061,2,2003-04-10
17481,467366,2,2002-11-30
17481,413855,3,2004-03-01
17481,341109,1,2003-12-11
17481,848036,2,2003-10-27
17481,1275526,3,2004-05-29
17481,438340,1,2004-04-09
17481,1197880,4,2004-02-09
17481,1101540,3,2004-11-18
17481,2223706,1,2004-12-09
17481,2328511,2,2005-01-05
17481,523914,3,2005-11-02
17481,2602874,3,2005-11-03
17481,1042089,2,2004-03-29
17481,888450,1,2004-01-02
17481,826270,2,2004-01-01
17481,2571563,3,2004-03-06
17481,554587,3,2003-04-08
17481,1900445,3,2002-10-20
17481,1652623,1,2004-03-25
17481,1972974,2,2004-09-02
17481,372650,3,2005-08-08
17481,2315051,3,2003-03-25
17481,651541,2,2004-03-30
17481,1844527,4,2004-01-10
17481,1800459,4,2004-03-29
17481,2519299,3,2004-03-10
17481,1993464,3,2004-04-18
17481,2441759,3,2004-05-26
17481,491531,4,2004-12-14
17481,342510,3,2005-04-17
17481,2147765,4,2005-04-19
17481,1223427,4,2005-05-26
17481,631843,4,2005-06-26
17481,2558357,4,2005-10-06
17481,59697,5,2005-10-18
17481,2145288,5,2005-11-06
17481,2264714,3,2005-11-16
17481,1133611,1,2004-04-25
17481,802404,4,2003-09-13
17481,2607155,1,2004-02-17
17481,687235,2,2004-05-08
17481,480416,3,2003-12-30
17481,2225288,5,2004-03-09
17481,21251,3,2003-11-08
17481,2568360,1,2004-01-16
17481,2387526,2,2003-12-31
17481,1446054,3,2004-06-14
17481,2360158,2,2004-04-20
17481,1902609,1,2004-03-10
17481,2589121,2,2004-05-28
17481,554171,4,2004-11-01
17481,58399,4,2005-02-08
17481,8117,3,2005-11-15
17481,1950613,2,2002-11-11
17481,22226,2,2003-05-04
17481,2616671,4,2005-08-30
17481,1147908,4,2004-04-16
17481,1371337,4,2004-04-21
17481,2147223,4,2004-03-31
17481,2089599,4,2004-11-21
17481,1348368,3,2005-04-21
17481,872221,5,2005-09-10
17481,2340978,2,2005-12-23
17481,546008,3,2004-05-05
17481,1333390,1,2003-09-08
17481,1993442,2,2003-10-04
17481,1357072,3,2003-05-13
17481,2532100,2,2004-02-01
17481,1848548,1,2003-12-28
17481,832163,4,2003-09-28
17481,306658,1,2004-03-30
17481,1636164,2,2004-08-08
17481,1691081,3,2004-10-19
17481,1557557,3,2004-10-28
17481,2606799,5,2005-02-27
17481,2342834,3,2005-03-15
17481,1438031,4,2005-03-20
17481,2428180,4,2005-04-20
17481,1978379,4,2005-04-29
17481,730683,4,2005-06-26
17481,116858,3,2005-09-13
17481,938161,3,2005-10-12
17481,489454,3,2005-12-30
17481,564625,3,2001-11-21
17481,271346,2,2002-11-06
17481,408457,2,2002-10-16
17481,1851346,2,2002-12-28
17481,2008228,4,2003-12-10
17481,2184768,4,2003-04-22
17481,2269486,1,2004-04-09
17481,282427,2,2004-01-07
17481,910979,1,2004-02-13
17481,2131283,4,2004-04-02
17481,123616,3,2004-02-17
17481,1567783,1,2004-03-25
17481,1760008,4,2004-04-04
17481,2025704,4,2004-04-22
17481,2453812,4,2004-08-02
17481,951823,4,2005-04-25
17481,917863,4,2003-08-06
17481,213985,2,2004-04-03
17481,1663846,3,2003-09-19
17481,1244360,3,2004-01-12
17481,2366524,2,2004-07-12
17481,1056017,1,2004-07-02
17481,1511008,4,2005-03-25
17481,505984,5,2005-05-25
17481,1019827,3,2005-06-21
17481,1513550,1,2002-05-23
17481,884249,2,2005-07-20
17481,260442,3,2002-01-31
17481,2245932,5,2003-04-21
17481,1924348,5,2003-11-14
17481,647979,2,2004-02-24
17481,2363228,3,2004-03-16
17481,829575,3,2004-03-23
17481,2527066,5,2004-06-25
17481,2256485,3,2004-08-16
17481,766158,1,2005-02-27
17481,622742,4,2005-05-11
17481,1446048,5,2005-05-15
17481,1601275,4,2005-09-29
17481,897732,4,2005-10-30
17481,1601558,4,2005-12-06
17481,729691,3,2003-01-05
17481,795934,3,2004-02-29
17481,431326,4,2003-05-19
17481,2133849,3,2003-10-04
17481,392597,3,2004-01-02
17481,1766206,5,2004-06-30
17481,1057251,4,2004-03-12
17481,2385469,2,2004-03-17
17481,200565,3,2004-09-28
17481,716173,5,2004-12-30
17481,2490348,2,2005-04-17
17481,358855,2,2001-12-27
17481,205825,4,2002-12-08
17481,138106,2,2002-12-07
17481,1546186,4,2003-12-09
17481,621779,5,2004-03-04
17481,2163229,4,2004-03-03
17481,1019937,4,2004-06-07
17481,2521003,4,2005-01-03
17481,1510483,1,2005-01-31
17481,1040787,4,2005-04-14
17481,1892654,4,2005-04-17
17481,1178938,3,2005-06-04
17481,1407227,1,2005-09-25
17481,798296,1,2002-11-11
17481,1669107,2,2004-04-30
17481,1829685,1,2004-01-28
17481,1246893,2,2003-09-28
17481,1983891,4,2004-02-07
17481,1648342,1,2003-11-09
17481,1368388,3,2005-08-29
17481,1763653,2,2004-03-12
17481,2253013,1,2004-04-03
17481,1227739,1,2004-09-21
17481,1567970,2,2004-11-11
17481,2020743,3,2004-12-29
17481,1860673,5,2005-04-27
17481,1140801,4,2005-05-11
17481,1507709,3,2005-05-27
17481,1663055,4,2005-11-07
17481,2097637,2,2005-12-27
17481,1060003,4,2005-07-23
17481,819418,5,2004-02-14
17481,16272,3,2002-10-16
17481,504620,5,2005-08-03
17481,960137,2,2004-05-13
17481,2006192,1,2004-03-29
17481,1167774,4,2005-08-18
17481,2487916,4,2004-03-27
17481,2318311,1,2004-05-06
17481,2116843,4,2004-01-07
17481,2267322,2,2004-03-05
17481,1073345,2,2004-04-12
17481,1733289,3,2004-09-27
17481,1398961,2,2004-10-13
17481,2146666,5,2004-12-13
17481,569423,2,2005-01-30
17481,1073729,4,2005-06-04
17481,2201507,3,2005-11-29
17481,1370564,3,2004-05-11
17481,1599850,1,2004-04-06
17481,2286741,3,2004-05-05
17481,2519397,2,2003-05-22
17481,1088988,2,2004-01-31
17481,2336549,4,2003-09-28
17481,359322,2,2004-01-09
17481,2581426,4,2004-02-26
17481,1371451,3,2004-01-09
17481,2432433,5,2004-11-12
17481,1153562,3,2005-02-16
17481,1301130,3,2005-11-21
17481,1915732,3,2001-12-11
17481,1116290,2,2003-12-28
17481,2327365,4,2004-03-14
17481,1057247,1,2004-03-05
17481,923149,3,2004-03-22
17481,934835,2,2004-04-16
17481,2263991,3,2005-08-22
17481,2128272,1,2003-07-08
17481,11325,2,2004-03-26
17481,1167477,2,2004-03-04
17481,204994,4,2004-04-26
17481,561921,3,2004-02-16
17481,2067117,3,2004-02-25
17481,939110,2,2004-02-26
17481,2202841,2,2004-03-09
17481,2376801,2,2004-07-10
17481,262155,5,2005-05-16
17481,822087,2,2005-09-17
17481,165524,5,2005-11-13
17481,563264,3,2005-07-21
17481,2387463,2,2003-10-29
17481,677371,3,2004-04-09
17481,939473,2,2003-10-12
17481,2007189,4,2003-08-04
17481,1362439,3,2004-04-01
17481,2097976,3,2004-02-29
17481,551459,3,2004-10-22
17481,2385435,2,2003-12-22
17481,1111611,3,2004-06-01
17481,319058,3,2004-07-13
17481,271019,4,2004-08-29
17481,321679,4,2004-10-25
17481,1255336,2,2005-03-14
17481,1425453,2,2005-10-12
17481,1151483,3,2005-07-30
17481,1736425,4,2004-02-25
17481,1511076,3,2004-06-11
17481,996182,2,2003-10-07
17481,910594,3,2003-09-19
17481,1412213,3,2004-02-23
17481,208972,4,2004-03-20
17481,203441,3,2004-10-17
17481,11043,3,2004-11-11
17481,250059,2,2005-09-11
17481,258764,4,2005-09-14
17481,870097,5,2005-10-31
17481,1683844,5,2005-11-02
17481,205577,3,2005-11-07
17481,1087903,5,2003-08-29
17481,1458814,3,2004-05-07
17481,151153,5,2004-03-06
17481,1387099,4,2003-12-18
17481,2444599,2,2004-04-15
17481,42630,4,2003-12-31
17481,652618,4,2004-01-09
17481,2028283,3,2004-06-28
17481,831790,2,2004-03-19
17481,1672832,3,2004-03-22
17481,1627955,2,2004-05-03
17481,264047,3,2005-01-19
17481,467182,4,2005-01-26
17481,1229341,3,2005-11-04
17481,1607079,4,2005-12-30
17481,2138723,2,2005-07-15
17481,406948,5,2005-08-01
17481,1729739,5,2003-05-13
17481,664443,4,2003-10-08
17481,2373185,4,2004-07-11
17481,2278535,1,2003-12-29
17481,1215076,2,2004-01-10
17481,961723,5,2004-02-23
17481,1299727,1,2004-03-09
17481,709182,2,2004-03-23
17481,2595084,4,2004-08-09
17481,1637403,4,2004-12-18
17481,1715824,3,2005-03-16
17481,1722474,5,2005-09-13
17481,1147657,3,2005-09-23
17481,1779014,3,2005-07-20
17481,2115145,2,2004-02-28
17481,1181558,4,2003-10-16
17481,305344,3,2003-05-11
17481,498716,4,2004-05-31
17481,1490839,3,2004-03-11
17481,1706645,3,2004-04-13
17481,2075711,2,2004-02-04
17481,2200358,2,2004-06-30
17481,169054,2,2005-03-21
17481,1336096,3,2005-03-28
17481,1840146,2,2005-09-02
17481,831556,3,2005-09-13
17481,459524,2,2005-10-28
17481,245382,3,2005-11-25
17481,2501054,5,2004-01-10
17481,863929,2,2003-04-17
17481,1204323,3,2003-11-21
17481,1073608,2,2003-12-03
17481,1453242,2,2004-03-25
17481,210185,1,2004-04-05
17481,2102366,2,2004-01-10
17481,414841,5,2005-08-19
17481,2167703,1,2004-01-15
17481,1044681,5,2004-02-03
17481,790477,1,2003-06-09
17481,2051579,5,2003-12-17
17481,1197493,3,2004-03-11
17481,345588,3,2004-07-07
17481,1725204,2,2004-10-20
17481,2144655,3,2004-12-09
17481,2490379,3,2005-10-19
17481,1956276,4,2003-02-12
17481,1937517,3,2004-06-01
17481,2628462,5,2001-11-13
17481,844028,5,2003-09-07
17481,2099446,3,2005-07-26
17481,2617574,1,2003-09-30
17481,2468830,3,2004-01-22
17481,2412874,3,2003-01-06
17481,1714874,1,2003-04-17
17481,433941,3,2004-04-08
17481,2187316,2,2005-08-31
17481,1909214,2,2003-11-12
17481,234733,3,2003-09-23
17481,117655,3,2004-03-26
17481,1863119,1,2004-04-14
17481,633156,3,2004-06-11
17481,1480607,3,2004-04-14
17481,161313,3,2004-04-07
17481,126551,4,2004-05-03
17481,2187272,3,2004-10-30
17481,2226510,3,2004-12-06
17481,111086,2,2005-03-04
17481,1109446,3,2005-05-23
17481,1710658,2,2005-12-14
17481,2629127,4,2005-07-20
17481,1392952,3,2002-01-02
17481,711637,4,2004-04-09
17481,1773858,3,2004-02-13
17481,1604927,3,2004-04-03
17481,366233,2,2004-01-23
17481,639533,1,2001-09-20
17481,2037693,2,2004-03-17
17481,131184,4,2004-04-09
17481,376576,2,2002-12-27
17481,2397454,3,2005-08-22
17481,376774,5,2004-08-11
17481,170551,1,2004-03-17
17481,1079334,2,2004-04-03
17481,8815,5,2005-04-07
17481,2204671,4,2003-10-30
17481,1450484,5,2002-11-15
17481,1468142,5,2005-02-19
17481,1660176,4,2003-10-15
17481,1065407,2,2004-01-08
17481,1712758,4,2005-08-17
17481,799300,4,2004-01-30
17481,2267735,2,2004-02-20
17481,1065598,3,2004-07-22
17481,618778,3,2004-06-10
17481,704279,2,2004-06-23
17481,423754,2,2005-01-09
17481,2594732,3,2005-02-02
17481,1596469,3,2005-04-08
17481,1712181,4,2005-12-11
17481,1746173,3,2003-12-05
17481,611049,2,2005-07-19
17481,1501056,3,2004-02-23
17481,2396089,1,2004-03-24
17481,2242527,1,2003-10-27
17481,1438606,3,2004-03-21
17481,133670,3,2004-02-21
17481,1516290,3,2004-11-22
17481,157803,5,2005-01-08
17481,137237,3,2005-05-20
17481,768876,4,2005-06-13
17481,541831,3,2002-11-18
17481,1988735,2,2002-08-12
17481,860643,5,2005-08-25
17481,2199728,3,2004-02-20
17481,1526756,5,2004-02-19
17481,2301570,1,2004-03-11
17481,1587628,2,2004-06-11
17481,1207363,3,2004-11-05
17481,1653637,3,2004-12-27
17481,1486688,3,2005-03-14
17481,1438459,3,2005-03-15
17481,1548866,3,2003-09-22
17481,1305582,3,2002-12-21
17481,1862805,3,2003-10-29
17481,510535,3,2003-12-27
17481,1529911,3,2004-03-14
17481,670382,4,2004-07-23
17481,1122711,2,2004-07-05
17481,701747,5,2004-12-30
17481,1645186,4,2005-09-22
17481,1939988,2,2005-10-05
17481,1294814,3,2005-11-29
17481,2162095,4,2005-12-06
17481,2097064,4,2005-12-23
17481,1522335,3,2005-07-08
17481,288420,1,2001-11-21
17481,780768,4,2002-12-06
17481,829490,3,2004-03-04
17481,618897,2,2004-04-14
17481,2640278,3,2003-10-15
17481,2600313,2,2004-03-01
17481,1739170,4,2004-02-17
17481,1916105,5,2004-03-16
17481,65300,2,2004-04-17
17481,195132,3,2005-04-18
17481,2627567,3,2005-10-15
17481,680334,4,2005-12-05
17481,1080188,3,2001-11-17
17481,2013504,4,2005-08-04
17481,1604881,4,2004-01-27
17481,358984,3,2004-05-18
17481,1588201,4,2004-10-13
17481,1054466,4,2005-01-25
17481,1026814,3,2005-04-06
17481,1088005,2,2005-10-23
17481,1656050,1,2005-10-30
17481,175138,3,2005-07-20
17481,390912,4,2004-01-19
17481,428558,3,2004-01-24
17481,353335,5,2003-12-04
17481,139006,2,2004-01-05
17481,2396388,3,2004-03-10
17481,616819,5,2004-03-13
17481,2121765,2,2004-02-23
17481,902050,4,2004-03-16
17481,1429459,2,2005-04-01
17481,1155628,3,2005-06-15
17481,2137795,2,2005-06-21
17481,1627613,2,2004-01-11
17481,1778011,5,2002-12-08
17481,773251,3,2004-03-21
17481,1384753,1,2004-03-18
17481,702044,3,2004-05-28
17481,1535121,1,2004-03-27
17481,108936,5,2004-05-09
17481,1169480,3,2005-02-02
17481,2122285,5,2005-02-21
17481,1073903,5,2005-11-03
17481,1392820,5,2005-11-19
17481,1377808,3,2005-12-28
17481,2569757,2,2004-01-15
17481,466502,2,2004-04-01
17481,801632,1,2003-09-26
17481,2162892,3,2004-03-24
17481,1348088,1,2004-07-11
17481,1892334,5,2004-10-15
17481,1420308,4,2004-11-04
17481,1119859,5,2005-03-15
17481,2128656,3,2005-04-28
17481,653323,3,2005-07-21
17481,496579,5,2004-01-28
17481,2110107,3,2003-12-26
17481,934387,2,2004-02-28
17481,2644945,3,2004-05-03
17481,646757,2,2004-06-08
17481,971434,5,2004-06-14
17481,1285431,2,2005-01-09
17481,1504248,4,2005-03-13
17481,920088,2,2005-03-17
17481,589571,5,2005-04-14
17481,1920635,2,2005-05-30
17481,2402585,3,2005-06-07
17481,2302692,4,2005-06-07
17481,808550,4,2005-12-20
17481,1704311,2,2003-10-16
17481,1456657,4,2004-03-13
17481,2383221,5,2004-07-26
17481,1615957,3,2004-08-26
17481,2005241,3,2004-12-16
17481,444582,1,2005-02-17
17481,1268643,3,2005-05-16
17481,2012395,4,2005-10-22
17481,1284515,3,2005-12-09
17481,1848938,3,2004-03-11
17481,193925,1,2001-11-06
17481,315833,4,2003-10-13
17481,2250261,2,2004-06-22
17481,1778239,3,2004-02-28
17481,297100,2,2004-06-29
17481,2033589,2,2004-04-21
17481,137866,3,2004-06-07
17481,2593690,4,2004-06-25
17481,1431356,3,2005-03-04
17481,1442089,2,2005-05-20
17481,1864553,4,2005-06-29
17481,823101,4,2005-10-14
17481,946200,3,2005-11-25
17481,74122,3,2004-03-08
17481,337793,1,2005-07-24
17481,1329904,3,2002-11-09
17481,1558180,2,2004-03-15
17481,324162,4,2004-03-02
17481,1783225,2,2004-03-29
17481,928636,2,2004-02-29
17481,2494242,4,2004-04-03
17481,1475526,3,2004-06-28
17481,1935856,3,2005-03-18
17481,2472331,3,2005-05-18
17481,156821,3,2005-09-21
17481,825002,4,2005-09-21
17481,2340639,3,2005-10-13
17481,1965634,2,2003-12-31
17481,1275094,2,2003-12-23
17481,752642,1,2002-10-23
17481,488551,5,2005-07-26
17481,1121663,2,2004-05-11
17481,300609,4,2005-08-10
17481,1679822,2,2004-02-19
17481,1788627,2,2004-04-06
17481,2386069,2,2003-10-11
17481,892081,2,2003-10-16
17481,1214543,2,2004-03-24
17481,2199854,1,2005-04-17
17481,1533550,4,2005-11-02
17481,544690,3,2003-02-18
17481,555528,4,2001-09-28
17481,408037,4,2003-10-26
17481,1677833,4,2003-10-01
17481,1555531,3,2003-04-11
17481,742589,2,2004-02-03
17481,668939,1,2004-02-09
17481,37641,5,2004-07-20
17481,1690559,3,2004-07-24
17481,1029864,3,2004-08-12
17481,464172,5,2004-11-15
17481,2265055,1,2005-02-27
17481,1810844,2,2005-04-16
17481,2636781,4,2005-06-05
17481,813791,3,2005-09-27
17481,2152273,3,2003-12-20
17481,674526,4,2004-05-03
17481,2485642,3,2005-08-24
17481,1746438,5,2005-08-27
17481,2614156,2,2003-12-19
17481,2065772,1,2005-09-01
17481,382006,1,2004-03-06
17481,546751,5,2004-11-21
17481,2539966,3,2005-01-13
17481,646984,2,2005-03-13
17481,813679,4,2005-03-16
17481,1046765,3,2005-06-01
17481,1075030,2,2005-06-08
17481,1750779,5,2005-09-12
17481,2402225,3,2005-10-02
17481,1706218,4,2002-01-12
17481,2466899,3,2001-09-05
17481,844459,3,2003-04-08
17481,1221034,5,2004-01-22
17481,2255880,1,2004-03-23
17481,609231,2,2004-04-16
17481,1796532,4,2002-12-05
17481,2528157,5,2003-05-08
17481,2343970,1,2004-03-02
17481,188190,3,2003-10-21
17481,1556715,3,2004-02-28
17481,2332377,3,2004-04-11
17481,984273,5,2004-05-09
17481,1395935,2,2004-10-24
17481,1589963,3,2004-12-06
17481,2067874,4,2004-12-21
17481,190542,1,2003-09-28
17481,654401,5,2005-07-19
17481,10679,4,2005-08-19
17481,1154027,3,2003-11-04
17481,1692024,3,2003-09-30
17481,2548965,2,2004-02-18
17481,1719421,3,2003-10-19
17481,924765,2,2004-01-05
17481,2528590,3,2004-03-14
17481,534933,3,2004-02-15
17481,2502816,4,2004-03-17
17481,1017647,2,2004-06-05
17481,2057915,2,2004-09-11
17481,1986937,3,2001-11-02
17481,1961161,3,2004-06-25
17481,1502506,5,2003-12-29
17481,2056022,3,2003-04-18
17481,823015,3,2004-04-13
17481,677804,2,2003-03-26
17481,2238663,4,2005-08-23
17481,2086592,2,2004-03-27
17481,592277,2,2004-02-01
17481,1477783,3,2004-04-01
17481,400440,1,2004-02-26
17481,1914991,2,2004-02-16
17481,1323717,1,2004-02-20
17481,576620,3,2004-07-30
17481,1236333,3,2004-03-16
17481,285164,1,2004-03-26
17481,863644,3,2004-12-08
17481,404384,4,2005-09-15
17481,766489,5,2005-10-01
17481,1277779,4,2004-06-06
17481,273054,3,2003-02-20
17481,1547747,2,2003-04-17
17481,2182532,3,2004-06-29
17481,1279143,3,2005-08-22
17481,1991699,2,2003-10-15
17481,1191408,1,2003-11-24
17481,2000237,4,2004-04-06
17481,1119242,3,2004-04-10
17481,890444,2,2004-06-01
17481,288727,2,2005-03-28
17481,2401137,5,2005-04-02
17481,1666229,1,2002-03-17
17481,2610660,3,2004-04-26
17481,855548,1,2004-02-20
17481,307427,3,2004-03-09
17481,41908,2,2004-03-29
17481,971176,2,2005-02-21
17481,1728935,5,2005-04-18
17481,567705,3,2005-05-09
17481,1520377,3,2005-07-01
17481,578191,3,2004-01-26
17481,1929765,3,2003-05-25
17481,2329113,1,2004-02-01
17481,1745463,3,2004-01-19
17481,1432790,3,2005-08-07
17481,2117432,2,2004-02-28
17481,1070896,1,2004-03-31
17481,982331,3,2004-02-18
17481,506346,2,2004-03-10
17481,2511987,2,2004-04-20
17481,1262782,4,2004-08-19
17481,1553150,3,2004-09-28
17481,500774,2,2005-02-13
17481,2316429,2,2005-04-13
17481,1140115,3,2005-06-08
17481,1611086,5,2005-06-10
17481,1239283,1,2004-04-06
17481,1950659,2,2003-07-09
17481,563942,3,2003-04-15
17481,1803687,3,2004-01-02
17481,1439882,3,2003-09-07
17481,310887,4,2005-08-28
17481,782261,5,2003-12-23
17481,79553,2,2004-04-14
17481,269474,3,2004-04-01
17481,1899399,2,2004-05-03
17481,2305823,4,2005-04-12
17481,639582,3,2005-04-17
17481,2176465,3,2005-09-26
17481,1532646,2,2005-11-09
17481,1933539,3,2003-10-05
17481,39551,4,2003-10-28
17481,84398,2,2003-06-05
17481,1979447,3,2004-05-04
17481,813594,2,2004-01-24
17481,1163485,3,2002-10-26
17481,1354717,2,2003-12-02
17481,783570,3,2003-09-25
17481,1959845,3,2005-08-24
17481,2349571,3,2004-06-14
17481,2252217,4,2004-09-02
17481,1188639,1,2004-03-28
17481,697889,1,2004-05-13
17481,1027719,4,2004-12-08
17481,843098,4,2005-04-11
17481,752342,3,2005-11-20
17481,2310225,3,2002-01-29
17481,801989,2,2005-08-08
17481,670488,5,2004-04-30
17481,708396,5,2004-05-09
17481,133075,3,2004-01-24
17481,1160772,1,2004-06-25
17481,1036641,3,2004-10-02
17481,336578,5,2005-01-03
17481,702403,4,2005-03-20
17481,1223907,3,2005-06-20
17481,640174,5,2005-11-14
17481,1365170,3,2005-12-04
17481,2412372,2,2002-10-17
17481,953110,5,2005-08-21
17481,301726,3,2004-01-04
17481,622453,1,2003-10-25
17481,2220732,2,2003-12-29
17481,1516350,2,2004-05-09
17481,1182345,2,2005-03-16
17481,2192840,2,2005-05-17
17481,1860023,4,2005-06-16
17481,2152465,5,2005-11-23
17481,625067,4,2001-12-21
17481,234639,2,2002-11-10
17481,1413657,3,2004-04-05
17481,1555969,3,2004-02-21
17481,2426964,3,2005-08-18
17481,45837,2,2003-09-24
17481,440960,1,2004-03-23
17481,357758,4,2004-03-27
17481,1441017,2,2004-04-27
17481,606832,2,2004-04-15
17481,759469,5,2004-11-06
17481,836050,2,2005-03-16
17481,707496,3,2005-04-18
17481,1806515,3,2005-07-22
17481,222414,2,2003-12-02
17481,2635599,1,2004-03-31
17481,1048389,3,2005-09-06
17481,1539389,1,2004-06-18
17481,2024111,2,2003-09-08
17481,2435314,3,2004-03-12
17481,2371665,3,2004-08-30
17481,2639831,4,2005-03-12
17481,678908,4,2005-03-24
17481,976124,5,2005-04-10
17481,1922827,4,2005-09-19
17481,2118461,5,2005-10-24
17481,2592591,3,2005-11-15
17481,1962936,3,2005-07-07
17481,703585,3,2005-07-28
17481,2352094,1,2004-03-15
17481,1628484,2,2004-01-08
17481,124806,2,2004-02-13
17481,2476470,2,2004-06-22
17481,2070875,5,2004-05-25
17481,1063436,2,2004-11-23
17481,798262,2,2005-03-04
17481,1184498,2,2005-03-11
17481,1516936,4,2005-04-16
17481,1401726,4,2005-04-19
17481,2636145,2,2005-10-23
17481,53936,4,2005-11-11
17481,1878548,5,2001-12-21
17481,874411,2,2003-09-12
17481,2340925,3,2004-03-10
17481,542848,4,2004-03-26
17481,2061495,3,2004-06-21
17481,2063492,3,2004-03-09
17481,2178203,5,2004-03-04
17481,1538953,3,2004-04-17
17481,2195086,3,2005-08-29
17481,609617,2,2004-02-18
17481,252119,2,2004-03-05
17481,202623,3,2004-06-21
17481,2463441,4,2004-10-23
17481,1105686,4,2005-03-17
17481,364658,5,2005-05-15
17481,359048,4,2005-09-24
17481,878048,2,2004-01-20
17481,387418,3,2003-09-07
17481,2177022,2,2004-07-08
17481,2584254,1,2004-03-12
17481,2025463,1,2002-12-27
17481,1281575,3,2004-02-21
17481,872408,2,2004-05-11
17481,2017438,2,2004-03-08
17481,2086085,1,2004-06-08
17481,1383836,2,2004-04-02
17481,977703,4,2004-04-01
17481,384214,2,2004-07-28
17481,2188443,4,2004-04-10
17481,1361282,3,2005-05-21
17481,500512,5,2005-10-01
17481,290588,2,2004-03-09
17481,2405421,5,2004-04-24
17481,2039557,5,2005-08-21
17481,1208420,3,2004-03-02
17481,1366860,3,2004-01-29
17481,150950,1,2004-04-25
17481,1247574,1,2004-01-16
17481,200427,2,2004-02-13
17481,1853510,3,2004-04-25
17481,2058716,3,2004-10-11
17481,2625824,4,2004-11-26
17481,1329126,4,2005-03-23
17481,1981970,2,2005-05-08
17481,2302294,5,2005-06-23
17481,834412,3,2005-09-06
17481,2177085,5,2005-10-18
17481,966158,3,2005-10-20
17481,1291709,4,2005-11-15
17481,1825371,1,2004-03-07
17481,844637,1,2004-03-29
17481,742296,4,2004-03-10
17481,295520,3,2004-07-07
17481,397212,1,2004-04-15
17481,90821,2,2004-05-08
17481,1114324,4,2005-03-03
17481,2500968,5,2005-02-21
17481,679166,5,2005-02-22
17481,966662,3,2005-03-08
17481,943523,4,2005-11-07
17481,2449919,3,2005-11-21
17481,2120912,4,2004-06-22
17481,2006959,3,2003-07-03
17481,1611206,2,2004-01-20
17481,770410,3,2004-02-04
17481,1441067,5,2004-03-16
17481,1417275,1,2004-03-09
17481,1939561,3,2004-10-25
17481,835353,4,2004-11-24
17481,625957,4,2005-05-10
17481,2304126,5,2005-11-21
17481,1331954,1,2004-03-28
17481,761806,3,2001-12-31
17481,2115299,2,2004-07-06
17481,332487,5,2003-10-13
17481,1194594,4,2003-04-19
17481,1565425,3,2004-03-08
17481,1425656,2,2004-05-05
17481,2040484,1,2004-05-03
17481,1442949,1,2004-06-08
17481,1296835,4,2004-07-19
17481,1068435,4,2005-03-16
17481,329653,5,2005-06-01
17481,2186779,1,2005-10-07
17481,555388,4,2005-10-21
17481,1414278,3,2005-07-11
17481,2592540,2,2002-05-12
17481,1013077,1,2003-06-02
17481,2258579,2,2004-01-22
17481,1500568,4,2003-05-23
17481,785992,3,2004-05-11
17481,492291,2,2005-08-16
17481,112449,2,2003-02-11
17481,1881326,1,2004-02-02
17481,874301,5,2005-09-05
17481,44946,4,2003-07-13
17481,2027590,2,2004-04-07
17481,1932594,2,2004-04-19
17481,2619337,3,2004-01-24
17481,757828,3,2004-06-29
17481,1928698,3,2004-05-10
17481,2550058,2,2004-03-13
17481,1829704,5,2005-01-13
17481,585766,3,2005-01-19
17481,550802,5,2005-02-11
17481,14403,3,2005-04-12
17481,337252,4,2005-05-30
17481,255723,3,2005-05-30
17481,937361,3,2005-09-28
17481,645202,3,2005-10-06
17481,1207345,3,2005-11-30
17481,958687,3,2001-09-04
17481,2012412,2,2003-02-12
17481,2584689,2,2002-04-05
17481,489259,3,2004-03-16
17481,134182,3,2004-03-25
17481,356615,5,2004-03-24
17481,2283257,3,2003-10-13
17481,355911,2,2004-08-03
17481,1977209,2,2003-11-30
17481,32902,1,2004-04-10
17481,1061195,4,2003-10-31
17481,1729096,3,2003-12-26
17481,20658,2,2004-03-09
17481,345083,3,2004-04-19
17481,487920,1,2005-05-09
17481,516240,4,2005-05-18
17481,670984,5,2005-12-18
17481,824157,3,2003-12-14
17481,1060658,3,2005-08-11
17481,2171187,2,2003-02-13
17481,2366677,4,2005-08-27
17481,1177404,2,2003-11-12
17481,1377212,3,2003-11-04
17481,752619,1,2004-03-30
17481,1620158,3,2004-03-11
17481,412686,2,2004-05-05
17481,1929285,2,2004-04-13
17481,283468,3,2004-06-03
17481,1619065,5,2005-10-04
17481,776931,4,2005-10-09
17481,1398256,2,2001-10-18
17481,218199,2,2001-11-22
17481,408645,3,2004-07-02
17481,1534243,5,2005-08-19
17481,128425,4,2004-07-04
17481,505109,2,2004-03-13
17481,1369362,4,2004-04-17
17481,1228929,3,2004-05-04
17481,609895,3,2004-04-06
17481,445409,3,2004-03-15
17481,387633,1,2004-02-18
17481,1674529,3,2004-03-27
17481,307426,3,2004-06-01
17481,801300,2,2005-02-23
17481,2632429,4,2005-04-18
17481,2402136,4,2005-09-17
17481,1870560,4,2005-10-29
17481,808523,4,2005-11-12
17481,1410988,3,2005-12-16
17481,646765,3,2001-09-20
17481,292269,1,2003-11-28
17481,1076056,5,2003-05-06
17481,1519692,3,2003-11-16
17481,1351373,3,2004-04-13
17481,2484471,1,2004-03-22
17481,1461435,1,2005-05-02
17481,1576227,4,2005-06-03
17481,576751,3,2003-02-13
17481,921585,1,2003-04-07
17481,1256120,5,2005-07-27
17481,1433393,1,2003-11-04
17481,1848039,3,2003-12-11
17481,1079115,2,2004-06-23
17481,329475,2,2004-07-03
17481,253434,3,2004-03-31
17481,2193570,2,2004-03-22
17481,1707646,4,2005-05-28
17481,715343,3,2005-09-15
17481,2388704,3,2005-10-03
17481,2449803,3,2005-11-28
17481,1785209,2,2004-03-20
17481,124440,3,2004-02-20
17481,2260023,1,2004-01-22
17481,612634,3,2004-05-02
17481,2580300,3,2004-04-29
17481,1240794,4,2004-01-10
17481,999397,3,2004-04-22
17481,2213311,2,2004-05-04
17481,1048069,3,2004-09-07
17481,1893120,3,2004-09-25
17481,919582,3,2004-10-01
17481,679080,3,2005-01-20
17481,189312,4,2005-03-09
17481,56972,4,2005-04-27
17481,151004,3,2003-11-15
17481,1377236,4,2002-10-23
17481,378732,3,2003-05-13
17481,1884565,4,2004-04-14
17481,1194381,3,2004-02-26
17481,2498115,3,2004-04-13
17481,474493,5,2004-06-02
17481,1794055,2,2004-07-02
17481,2625720,4,2004-07-27
17481,530014,4,2005-03-14
17481,112119,3,2005-04-21
17481,2116966,3,2005-05-26
17481,938438,3,2005-06-10
17481,2415034,3,2003-04-05
17481,1928692,3,2005-02-19
17481,759470,2,2004-03-29
17481,515833,4,2003-08-03
17481,2126068,3,2003-09-07
17481,2388648,3,2004-03-18
17481,1963322,5,2004-03-28
17481,86394,3,2004-05-04
17481,1713608,3,2004-05-01
17481,1754362,1,2004-04-08
17481,934629,3,2005-01-29
17481,2077664,3,2005-09-19
17481,1730369,3,2001-09-06
17481,209494,3,2004-03-04
17481,1639792,1,2002-10-16
17481,931256,3,2002-12-06
17481,1918750,3,2004-02-03
17481,1515355,3,2003-09-07
17481,2568994,5,2004-02-09
17481,1037952,5,2005-01-19
17481,1843626,3,2005-03-22
17481,1265131,3,2003-10-02
17481,618847,5,2003-10-06
17481,426070,4,2003-04-05
17481,1384702,3,2003-03-31
17481,1823065,2,2005-08-26
17481,1273656,1,2004-05-05
17481,1631730,3,2004-04-01
17481,2093105,2,2004-01-04
17481,1953112,3,2004-04-19
17481,2568902,1,2004-03-12
17481,1448295,2,2004-07-20
17481,572087,2,2004-06-25
17481,776014,3,2004-12-21
17481,469068,4,2004-12-28
17481,1690222,1,2005-01-25
17481,196349,3,2005-04-11
17481,197031,3,2005-09-08
17481,159337,3,2005-09-25
17481,521786,4,2005-10-26
17481,919134,3,2005-12-04
17481,1096119,4,2004-02-24
17481,1569103,3,2004-04-13
17481,2413272,4,2005-08-22
17481,886671,4,2004-09-05
17481,1489804,3,2003-10-15
17481,2441895,2,2004-04-29
17481,512966,1,2004-03-22
17481,2469479,4,2005-01-10
17481,2143500,2,2005-02-27
17481,1915014,3,2005-04-15
17481,2646766,4,2005-04-26
17481,1651171,2,2003-10-03
17481,1167767,3,2004-06-28
17481,657985,5,2003-09-10
17481,1344791,3,2004-03-20
17481,1117062,3,2004-01-12
17481,1158284,3,2004-06-16
17481,853256,4,2004-03-24
17481,911122,4,2005-03-24
17481,26421,5,2005-06-27
17481,2110645,1,2003-09-12
17481,779492,3,2004-03-04
17481,2239360,2,2004-04-10
17481,2136526,2,2003-01-18
17481,1195511,3,2002-12-31
17481,204049,2,2004-01-01
17481,1813607,4,2003-11-19
17481,2087093,4,2004-03-30
17481,2014135,3,2004-03-20
17481,2258090,5,2004-03-12
17481,1545694,3,2004-04-07
17481,2215224,5,2004-06-04
17481,2273897,5,2004-09-17
17481,2259064,2,2004-10-19
17481,322199,4,2004-12-10
17481,2425586,2,2004-12-29
17481,1470420,3,2005-05-14
17481,1436645,5,2003-12-02
17481,316131,3,2003-09-30
17481,1180135,4,2004-03-28
17481,1361614,3,2003-11-27
17481,1243797,5,2004-01-29
17481,1648992,2,2003-10-27
17481,1043061,3,2005-08-31
17481,1363781,2,2004-03-16
17481,16786,1,2004-03-25
17481,1737176,2,2004-12-20
17481,1421966,3,2004-12-31
17481,368960,5,2005-01-19
17481,1769144,4,2005-03-17
17481,2402882,3,2005-09-29
17481,2056119,2,2005-12-14
17481,2139083,4,2005-12-22
17481,2315404,4,2002-11-15
17481,663118,1,2002-12-05
17481,1789683,4,2005-08-18
17481,2554548,1,2004-01-21
17481,142610,2,2004-03-03
17481,112549,3,2004-07-30
17481,1097917,3,2004-04-30
17481,1567792,3,2004-06-01
17481,1892218,3,2004-02-17
17481,5399,4,2004-03-11
17481,2200634,5,2004-10-20
17481,88568,5,2005-02-23
17481,1658790,3,2005-06-19
17481,2354317,3,2005-09-21
17481,2091247,2,2004-02-24
17481,1866446,4,2004-06-15
17481,1437519,1,2004-03-31
17481,2203809,5,2004-04-28
17481,2079909,1,2003-04-26
17481,2029858,1,2004-03-21
17481,1707198,2,2004-03-02
17481,178111,5,2004-01-28
17481,1852040,2,2004-02-27
17481,1631065,3,2004-01-06
17481,1317616,2,2004-03-19
17481,1092677,2,2004-03-05
17481,268846,3,2004-04-05
17481,1934603,2,2003-09-25
17481,2050809,3,2004-06-07
17481,246686,3,2004-04-30
17481,22784,1,2003-12-22
17481,1254683,3,2004-02-10
17481,1336130,3,2004-12-13
17481,1178121,5,2005-05-20
17481,2553792,4,2005-06-02
17481,2435487,3,2005-11-21
17481,2235166,2,2005-01-04
17481,2615035,3,2003-04-21
17481,2043215,2,2004-01-22
17481,531434,3,2003-06-13
17481,2056403,3,2004-03-29
17481,1332097,1,2004-04-04
17481,334847,2,2004-04-06
17481,2336596,2,2004-03-01
17481,1231377,3,2004-09-17
17481,239740,4,2004-10-17
17481,1925458,5,2005-04-14
17481,476512,4,2005-06-13
17481,625420,3,2005-07-07
17481,1952407,3,2003-01-07
17481,2520257,4,2004-03-21
17481,1327340,5,2004-04-15
17481,1753560,3,2003-04-23
17481,1664634,3,2004-04-06
17481,2383781,1,2004-04-03
17481,1323301,4,2004-03-10
17481,474143,3,2004-03-28
17481,969495,1,2004-05-13
17481,100093,5,2005-01-04
17481,319647,2,2005-01-26
17481,595076,4,2005-10-06
17481,2209039,3,2005-10-08
17481,2561424,4,2005-12-03
17481,952147,4,2005-12-26
17481,2604980,2,2004-02-23
17481,383132,3,2004-09-10
17481,2389001,4,2004-01-29
17481,200177,3,2004-04-18
17481,1413747,2,2004-02-08
17481,2013147,1,2004-03-31
17481,1493929,1,2004-03-03
17481,2452367,1,2004-04-07
17481,285174,4,2004-04-12
17481,1099002,3,2004-02-23
17481,548296,2,2004-03-19
17481,645838,4,2004-08-08
17481,247774,1,2004-05-25
17481,2064084,3,2005-02-14
17481,1877590,5,2005-12-16
17481,283207,1,2002-03-20
17481,1456579,4,2004-07-31
17481,985864,2,2002-11-05
17481,2115908,3,2002-11-06
17481,415813,2,2005-08-13
17481,786654,3,2003-02-24
17481,1201071,2,2004-01-02
17481,1988192,2,2004-05-10
17481,753596,1,2004-05-04
17481,966588,2,2004-01-15
17481,2287836,3,2004-05-13
17481,1261458,4,2004-11-23
17481,1145387,4,2005-12-27
17481,272840,1,2004-04-22
17481,1604329,3,2004-02-03
17481,583086,3,2004-04-09
17481,1547207,5,2004-09-14
17481,1848593,3,2003-09-27
17481,1556565,4,2004-03-02
17481,98676,2,2003-12-23
17481,306412,3,2004-03-12
17481,1265739,3,2003-11-28
17481,737905,3,2004-03-18
17481,1543479,2,2004-03-24
17481,1521864,1,2004-02-18
17481,451715,4,2004-03-27
17481,1444177,5,2004-10-24
17481,78846,1,2005-05-02
17481,1914178,4,2005-05-24
17481,391862,5,2005-06-30
17481,85169,3,2004-02-01
17481,178266,4,2003-12-26
17481,953604,2,2004-07-12
17481,38879,2,2003-10-24
17481,72398,4,2004-03-17
17481,2408899,2,2004-04-29
17481,555729,4,2004-02-15
17481,1426829,2,2004-03-22
17481,580199,4,2004-05-03
17481,1563360,3,2004-06-11
17481,29989,5,2004-11-02
17481,890315,1,2005-01-05
17481,1933317,5,2005-01-30
17481,20549,3,2005-02-26
17481,1933447,3,2005-04-08
17481,1400085,3,2005-04-16
17481,1313126,1,2005-09-17
17481,1866164,4,2005-10-22
17481,2417983,2,2004-03-09
17481,1563698,1,2004-01-05
17481,176483,2,2003-12-30
17481,1416989,3,2004-02-13
17481,1533313,3,2003-10-10
17481,2182658,2,2003-11-30
17481,1931285,2,2004-03-01
17481,547013,5,2004-07-14
17481,1133648,4,2004-03-22
17481,1979265,5,2004-09-16
17481,2167041,5,2005-02-02
17481,1698316,4,2005-03-09
17481,757495,2,2005-05-17
17481,253704,3,2005-05-31
17481,1947119,5,2005-09-06
17481,382138,1,2005-10-11
17481,609684,4,2005-11-29
17481,2351153,3,2001-09-21
17481,2482502,1,2004-03-01
17481,1023991,3,2003-12-29
17481,951329,3,2004-05-11
17481,2537879,3,2004-03-19
17481,1658491,1,2004-03-25
17481,1400108,1,2005-03-21
17481,2270619,5,2005-05-27
17481,459277,2,2003-12-26
17481,368188,4,2003-01-25
17481,1550207,1,2004-03-01
17481,2480287,1,2004-03-26
17481,352258,2,2004-04-15
17481,1534585,2,2003-11-10
17481,450022,2,2004-03-16
17481,1677862,3,2004-01-20
17481,1525070,3,2004-06-09
17481,1388741,5,2004-04-23
17481,453585,3,2005-03-28
17481,2577726,2,2005-05-22
