11575,926358,4,2005-02-10
11575,2380973,3,2005-12-28
11575,1859725,3,2003-12-09
11575,520465,3,2003-11-11
11575,371965,3,2003-03-03
11575,2503887,5,2004-08-17
11575,2161899,3,2005-03-28
11575,131071,3,2005-04-27
11575,176611,3,2005-06-02
11575,1712923,3,2005-07-17
11575,1951144,3,2004-05-10
11575,2162424,4,2004-08-11
11575,1135846,4,2004-10-21
11575,2027763,2,2003-12-21
11575,85663,1,2004-09-29
11575,33625,4,2004-02-09
11575,360830,4,2004-08-24
11575,1984086,4,2004-08-18
11575,2628763,4,2004-11-30
11575,1721359,3,2003-02-14
11575,971052,4,2003-11-28
11575,1905684,2,2004-10-13
11575,1495055,3,2004-07-20
11575,2417642,3,2004-03-21
11575,1640631,5,2004-08-05
11575,2286538,4,2002-11-19
11575,416556,4,2004-08-26
11575,290142,4,2004-11-01
11575,1224299,3,2005-03-18
11575,933168,4,2002-05-06
11575,1216023,3,2003-05-05
11575,1928230,3,2005-08-04
11575,1063767,4,2003-11-28
11575,1068656,4,2000-03-04
11575,1803428,4,2002-07-18
11575,1673185,3,2002-07-28
11575,945258,4,2004-03-12
11575,2602249,3,2004-07-07
11575,1229372,4,2003-09-11
11575,2623268,5,2004-07-01
11575,1658806,3,2004-04-12
11575,2191129,3,2005-03-17
11575,822173,3,2004-07-15
11575,2041314,2,2004-08-20
11575,1172345,3,2004-09-09
11575,1187565,3,2005-03-28
11575,177147,3,2004-02-18
11575,323614,4,2002-11-18
11575,2213289,5,2003-10-24
11575,786312,3,2004-11-06
11575,303361,3,2000-01-19
11575,66109,3,2003-11-05
11575,722407,3,2005-03-08
11575,1533519,3,2005-06-01
11575,31835,4,2005-11-18
11575,474691,1,2000-10-16
11575,2495094,3,2004-09-06
11575,1416836,3,2005-01-05
11575,828808,4,2005-05-14
11575,1033433,4,2002-02-24
11575,2433847,3,2003-11-11
11575,809979,3,2005-12-04
11575,2426984,1,2005-12-29
11575,605115,3,2001-07-18
11575,2329084,4,2002-12-28
11575,1435554,3,2004-06-08
11575,688590,4,2005-07-22
11575,1840199,5,2005-02-19
11575,738726,3,2003-12-13
11575,613945,4,2004-05-11
11575,2439750,4,2004-08-16
11575,481700,3,2004-06-03
11575,1108304,4,2003-12-08
11575,1288554,4,2004-06-29
11575,493082,4,2004-06-21
11575,1338247,3,2004-09-01
11575,1001129,2,2004-10-29
11575,380354,4,2005-02-28
11575,2299723,2,2005-04-06
11575,1155076,3,2004-08-19
11575,1511677,4,2004-09-14
11575,2002542,3,2004-07-28
11575,1801389,3,2004-01-05
11575,503235,4,2004-08-04
11575,1642319,3,2005-02-27
11575,2267229,3,2004-07-27
11575,1927580,4,2003-12-11
11575,2168689,3,2005-05-12
11575,2250843,4,2004-07-29
11575,956229,3,2003-12-12
11575,1287463,5,2003-12-23
11575,732363,4,2004-02-16
11575,2253160,3,2005-11-01
11575,1000192,3,2002-08-01
11575,2489966,4,2004-04-02
11575,1802239,3,2003-10-16
11575,2240305,4,2004-10-15
11575,321136,2,2005-06-11
11575,1389451,3,2005-09-15
11575,727242,1,2003-12-24
11575,581199,3,2004-01-24
11575,2557155,5,2003-12-05
11575,1916047,3,2000-02-11
11575,1057698,3,2003-01-12
11575,2535601,3,2002-12-10
11575,126681,4,2004-08-08
11575,1918316,3,2004-05-19
11575,1919448,3,2004-06-02
11575,541454,4,2004-03-12
11575,20392,5,2004-09-09
11575,125765,1,2005-03-10
11575,2604453,4,2005-05-19
11575,1792741,3,2003-09-08
11575,1833426,4,2005-07-25
11575,1370323,4,2004-07-29
11575,1391502,4,2004-08-20
11575,2552030,5,2004-08-14
11575,1749925,4,2005-06-14
11575,897024,1,2003-12-12
11575,1336593,4,2005-02-17
11575,1071003,4,2005-01-11
11575,943450,5,2005-05-09
11575,598790,2,2003-12-29
11575,2041199,3,2005-08-15
11575,1240130,3,2003-12-31
11575,2060352,3,2003-11-12
11575,1081292,2,2004-03-06
11575,859734,3,2004-08-12
11575,1166912,2,2003-05-11
11575,1776156,4,2003-08-06
11575,193781,3,2005-02-03
11575,1025522,3,2003-04-17
11575,1207218,5,2002-12-27
11575,2159654,4,2005-09-06
11575,1321624,3,2004-03-19
11575,2011828,4,2004-11-09
11575,1819462,2,2005-04-27
11575,2190709,3,2000-02-04
11575,2439493,1,2003-04-10
11575,1096917,3,2004-06-16
11575,530789,3,2004-08-03
11575,1512603,4,2003-12-23
11575,1068821,4,2005-10-29
11575,1367949,5,2002-10-03
11575,1952860,5,2004-07-19
11575,35754,4,2004-08-24
11575,1684232,3,2003-12-07
11575,2159724,2,2004-01-01
11575,1536419,4,2004-04-06
11575,346445,3,2005-06-07
11575,765640,2,2000-03-08
11575,2068594,3,2003-11-05
11575,2507646,4,2004-01-02
11575,2525109,4,2004-05-28
11575,1990179,5,2004-11-22
11575,278568,4,2005-01-24
11575,2340535,4,2005-06-15
11575,2227850,4,2005-10-09
11575,1522997,3,2005-10-31
11575,1287203,4,2004-05-14
11575,222200,5,2004-08-10
11575,238740,4,2004-09-18
11575,151696,3,2003-06-15
11575,174783,3,2003-04-06
11575,2604415,3,2005-08-29
11575,600289,4,2004-08-15
11575,525610,5,2005-01-20
11575,1945838,3,2003-04-20
11575,219174,4,2004-07-12
11575,1200256,4,2004-07-16
11575,817339,4,2004-08-05
11575,2505894,4,2005-09-29
11575,787554,5,2003-06-27
11575,1818803,2,2002-12-14
11575,318457,3,2004-08-20
11575,589485,4,2003-11-15
11575,2353943,4,2004-12-08
11575,778781,4,2005-06-21
11575,2547219,4,2005-09-16
11575,760837,3,2003-12-29
11575,2389367,3,2004-07-01
11575,2301300,4,2003-05-05
11575,360741,1,2004-07-12
11575,1527206,3,2004-12-12
11575,1928290,3,2005-04-12
11575,2003009,4,2002-11-11
11575,940748,3,2004-06-04
11575,1473980,3,2005-08-29
11575,2523426,3,2004-03-09
11575,302344,4,2004-09-19
11575,1860956,4,2005-11-28
11575,2288688,4,2001-03-08
11575,2143270,3,2002-08-02
11575,1340867,5,2003-01-06
11575,2589503,3,2005-05-09
11575,1277993,4,2005-10-24
11575,651625,5,2005-10-24
11575,1638970,4,2003-04-16
11575,2231960,4,2004-08-21
11575,792534,4,2004-01-06
11575,1898310,4,2004-08-03
11575,1470331,4,2003-07-14
11575,1776654,3,2002-11-20
11575,2149865,2,2005-08-30
11575,2375482,3,2001-08-02
11575,526460,5,2003-09-19
11575,1311346,3,2000-02-05
11575,463801,2,2004-07-15
11575,291198,3,2002-11-13
11575,167227,4,2003-12-01
11575,240869,3,2004-07-17
11575,1788733,4,2004-07-27
11575,1337153,4,2004-08-03
11575,1923652,4,2004-04-16
11575,2031198,4,2003-10-22
11575,795265,5,2004-08-13
11575,952156,4,2004-07-22
11575,2511719,2,2004-11-02
11575,2179700,4,2004-12-03
11575,1499497,3,2005-06-07
11575,2260496,1,2005-11-08
11575,634388,4,2005-07-23
11575,927462,3,2004-08-03
11575,1939029,3,2003-10-27
11575,1570768,3,2004-09-02
11575,2331428,3,2005-02-27
11575,788852,4,2001-01-29
11575,1147641,3,2002-05-07
11575,1374697,3,2005-08-18
11575,818752,5,2004-06-08
11575,1715948,4,2004-09-09
11575,2450433,3,2004-12-21
11575,643505,4,2000-12-13
11575,1883039,4,2001-10-02
11575,2217779,3,2002-06-05
11575,2249634,3,2003-06-09
11575,1036533,5,2004-08-05
11575,965104,3,2004-05-20
11575,769702,4,2005-02-26
11575,1605213,3,2005-07-23
11575,1643995,4,2004-07-13
11575,2638532,3,2004-10-16
11575,965779,3,2005-11-25
11575,585968,3,2002-06-07
11575,557980,1,2003-02-13
11575,792808,4,2005-08-27
11575,693116,4,2004-03-23
11575,2411486,5,2004-08-04
11575,2457095,3,2004-12-27
11575,216277,5,2004-07-09
11575,2300816,1,2004-07-16
11575,1374216,1,2005-05-10
11575,2223111,4,2005-11-12
11575,1611056,3,2005-04-16
11575,2394202,3,2005-09-25
11575,1271763,4,2002-12-08
11575,1546264,3,2004-01-14
11575,835265,2,2004-08-16
11575,1532399,4,2000-02-01
11575,1977742,5,2004-11-30
11575,889036,2,2003-05-02
11575,2551589,3,2004-09-14
11575,760481,3,2004-12-22
11575,183908,4,2004-08-07
11575,310641,4,2005-09-15
11575,1305946,4,2002-07-31
11575,499292,5,2002-10-24
11575,2494753,4,2004-04-08
11575,1933151,1,2004-08-30
11575,2441155,4,2004-11-08
11575,51247,4,2005-10-15
11575,2125279,3,2005-10-18
11575,675616,2,2003-02-26
11575,670204,4,2004-09-14
11575,1831916,5,2003-05-17
11575,1976839,3,2005-08-21
11575,1606036,4,2004-08-03
11575,2036565,4,2004-03-17
11575,1684341,2,2002-08-12
11575,938931,3,2002-10-18
11575,2133877,4,2003-09-30
11575,603084,3,2003-12-19
11575,370913,5,2005-04-28
11575,1172980,5,2005-12-21
11575,2595733,5,2005-07-08
11575,2641668,3,2002-07-30
11575,799442,3,2004-05-04
11575,2194079,4,2003-11-29
11575,2282845,3,2004-08-12
11575,1997079,3,2003-02-24
11575,341649,3,2004-01-12
11575,973136,3,2004-09-20
11575,1385808,3,2004-11-30
11575,559488,4,2005-06-27
11575,1113221,3,2004-08-02
11575,1518289,3,2000-08-20
11575,2295636,5,2003-12-22
11575,2587667,2,2005-01-04
11575,836150,3,2004-08-12
11575,2410475,5,2005-08-12
11575,2327948,5,2004-08-13
11575,88247,4,2004-05-04
11575,1179020,3,2004-09-29
11575,322009,3,2005-06-29
11575,1963076,5,2005-09-19
11575,2159303,4,2003-06-17
11575,2150751,3,2004-07-22
11575,2260405,4,2004-08-20
11575,1443126,5,2004-08-30
11575,578676,3,2004-08-04
11575,106336,4,2004-08-22
11575,763568,5,2005-03-03
11575,306184,3,2003-12-06
11575,157667,1,2004-09-01
11575,1958584,2,2000-08-26
11575,1020193,3,2003-09-07
11575,2063663,4,2004-02-25
11575,2408970,4,2005-01-06
11575,1132764,3,2005-01-06
11575,895914,5,2005-01-29
11575,203206,4,2005-02-22
11575,1128850,4,2000-05-13
11575,1684416,4,2005-07-13
11575,2060183,4,2004-03-10
11575,2158472,4,2003-10-25
11575,683824,4,2004-08-13
11575,1067234,3,2004-06-10
11575,1664010,5,2005-10-14
11575,1902838,2,2002-07-18
11575,2375585,4,2003-06-28
11575,1592109,5,2003-07-29
11575,1099801,4,2004-05-11
11575,609629,4,2004-05-01
11575,1064554,3,2004-06-16
11575,787658,2,2002-05-15
11575,2174801,4,2003-12-19
11575,1314280,1,2005-08-27
11575,1757577,2,2005-07-10
11575,1947134,3,2003-02-21
11575,1207990,4,2004-05-03
11575,2188398,2,2005-12-27
11575,2133037,3,2000-02-22
11575,504243,3,2002-08-04
11575,2182331,5,2002-07-30
11575,1466940,4,2003-11-30
11575,265848,2,2004-07-27
11575,2491918,3,2004-05-29
11575,1869926,2,2004-09-29
11575,2645322,5,2004-12-17
11575,1564022,5,2005-10-04
11575,372018,3,2005-07-17
11575,146656,3,2004-03-06
11575,1045673,5,2004-10-26
11575,1141053,4,2005-04-08
11575,1129696,3,2005-07-03
11575,300097,4,2005-09-20
11575,1068053,3,2004-08-13
11575,946380,3,2005-03-16
11575,1505182,3,2005-05-16
11575,2490049,4,2005-10-22
11575,1791277,1,2005-06-14
11575,336565,1,2000-04-13
11575,2234845,4,2000-08-20
11575,2088300,5,2004-08-16
11575,795341,3,2004-04-23
11575,1485628,3,2004-10-27
11575,1765418,3,2004-11-03
11575,1677588,3,2004-12-01
11575,1138485,3,2005-07-18
11575,1623916,3,2004-01-19
11575,1854226,3,2004-11-07
11575,946058,2,2005-10-29
11575,261849,4,2002-05-14
11575,1712200,4,2002-12-18
11575,2036646,2,2004-07-11
11575,299489,3,2004-08-04
11575,2037342,5,2004-07-27
11575,1153067,1,2005-02-25
11575,577734,3,2005-09-19
11575,1848868,4,2000-05-20
11575,453020,3,2002-12-29
11575,590270,3,2004-07-20
11575,2535994,5,2004-10-31
11575,1820824,5,2002-06-04
11575,2212303,1,2003-11-20
11575,2585863,3,2004-03-21
11575,212794,4,2002-08-01
11575,1222274,5,2005-04-09
11575,719294,4,2003-12-12
11575,1236929,3,2005-09-01
11575,1194467,3,2003-11-30
11575,2177405,3,2004-09-08
11575,1305622,4,2001-11-28
11575,2625471,3,2003-09-25
11575,2605833,2,2003-09-18
11575,1922201,1,2004-07-16
11575,776618,2,2004-02-08
11575,2633982,3,2004-09-12
11575,1935793,1,2005-04-04
11575,607403,3,2004-09-03
11575,2194719,3,2004-03-12
11575,1221317,5,2005-05-23
11575,71594,3,2000-06-21
11575,1623631,3,2000-08-01
11575,2415585,1,2002-11-06
11575,81833,3,2004-09-15
11575,28277,4,2004-03-21
11575,1017663,4,2003-12-13
11575,2350329,3,2000-01-09
11575,626069,5,2005-09-03
11575,1735893,4,2004-10-26
11575,2107824,5,2004-07-25
11575,2378393,4,2005-07-26
11575,2579042,4,2004-01-21
11575,2506950,3,2004-06-29
11575,2412698,5,2005-03-14
11575,2009275,3,2005-11-20
11575,300962,4,2005-11-20
11575,2550711,2,2004-07-16
11575,1317106,4,2004-11-05
11575,561217,5,2005-04-26
11575,2406094,3,2000-02-22
11575,877320,4,2005-08-27
11575,24450,5,2004-01-26
11575,2269731,3,2004-07-30
11575,777074,3,2004-09-28
11575,580572,3,2004-05-02
11575,1715300,4,2003-11-25
11575,230112,2,2004-07-03
11575,2335459,5,2004-08-24
11575,1478491,4,2004-05-27
11575,271921,3,2005-09-10
11575,2358004,4,2004-08-30
11575,293360,5,2005-01-19
11575,989168,2,2005-10-17
11575,1096051,3,2004-06-30
11575,986981,4,2004-06-18
11575,1317671,3,2004-12-28
11575,2610641,5,2005-03-28
11575,1181129,5,2005-04-09
11575,2072811,3,2005-11-09
11575,1378838,3,2003-12-16
11575,395606,3,2003-04-15
11575,325721,5,2004-01-17
11575,2636130,4,2005-10-12
11575,67209,3,2005-11-21
11575,1771283,3,2002-11-06
11575,1418734,5,2003-12-13
11575,2120130,1,2004-04-22
11575,1818507,4,2004-05-17
11575,670416,4,2002-07-30
11575,875221,2,2003-10-01
11575,1777044,3,2004-11-27
11575,715565,3,2005-04-16
11575,2343359,5,2003-01-17
11575,209736,3,2004-09-04
11575,1079165,4,2003-11-21
11575,2463759,3,2003-12-24
11575,761998,4,2004-08-29
11575,1218633,3,2004-09-28
11575,1432211,4,2002-11-20
11575,1146000,3,2002-01-17
11575,1617915,1,2003-09-22
11575,587610,4,2005-10-06
11575,2270217,4,2005-07-15
11575,1641072,2,2004-07-20
11575,1078549,4,2003-04-29
11575,2456884,5,2005-11-19
11575,2237957,3,2000-03-04
11575,1871917,4,2003-12-10
11575,987181,5,2004-06-23
11575,1860251,3,2005-08-03
11575,1823645,3,2003-12-03
11575,635070,3,2004-05-14
11575,812954,3,2004-08-13
11575,928858,2,2004-08-03
11575,917559,4,2005-08-15
11575,1772954,2,2004-07-13
11575,1299887,4,2005-03-08
11575,389704,3,2005-06-21
11575,798296,4,2004-08-25
11575,826730,1,2004-08-25
11575,520507,3,2004-12-29
11575,1578801,5,2005-03-01
11575,682963,4,2005-06-21
11575,16272,3,2002-07-31
11575,1976615,3,2003-12-17
11575,1284267,3,2003-09-27
11575,989160,2,2005-02-04
11575,521074,4,2005-07-22
11575,2444240,3,2005-08-19
11575,2492495,3,2004-05-06
11575,1874761,1,2004-05-20
11575,916421,2,2004-09-07
11575,1511593,4,2004-07-19
11575,1720731,3,2005-10-25
11575,628395,4,2005-12-09
11575,499768,4,2004-08-26
11575,1499785,2,2000-03-11
11575,985995,3,2005-07-04
11575,2594401,4,2000-06-01
11575,334643,4,2002-06-29
11575,1765674,2,2003-12-05
11575,99152,4,2005-09-26
11575,1753576,4,2002-11-15
11575,1318236,5,2005-06-22
11575,1018981,5,2005-10-24
11575,2592818,5,2005-11-14
11575,764898,3,2003-10-03
11575,2626214,5,2004-12-30
11575,1534677,3,2005-01-23
11575,633866,2,2004-01-11
11575,468382,3,2002-08-16
11575,305344,4,2003-08-26
11575,2554977,3,2004-08-26
11575,2538506,2,2005-05-21
11575,2092141,4,2005-11-09
11575,404602,3,2005-12-25
11575,946231,3,2005-07-09
11575,651142,4,2003-06-13
11575,1834021,4,2003-12-08
11575,1974228,4,2004-07-13
11575,434585,4,2004-03-27
11575,2340024,5,2004-11-17
11575,1203347,3,2004-01-22
11575,2029086,4,2004-03-04
11575,1403217,2,2005-08-09
11575,2064122,2,2005-08-16
11575,2083964,4,2004-01-19
11575,2014482,4,2003-06-14
11575,2343759,4,2003-01-02
11575,859068,3,2004-05-28
11575,511847,4,2000-04-29
11575,872809,4,2004-08-04
11575,467321,4,2004-04-22
11575,2129103,4,2004-08-26
11575,2592840,2,2005-02-01
11575,2376301,4,2005-06-05
11575,2602560,3,2004-01-01
11575,2246531,3,2003-05-30
11575,2609857,4,2004-07-26
11575,1248303,4,2004-01-22
11575,620010,1,2004-07-26
11575,1466382,4,2004-12-10
11575,183,4,2005-04-28
11575,2082272,4,2005-11-13
11575,1939988,2,2005-12-14
11575,10268,2,2000-01-09
11575,1885422,3,2000-06-18
11575,155429,4,2001-03-14
11575,1279655,5,2003-06-24
11575,2513372,3,2005-08-05
11575,2333719,5,2004-03-16
11575,990639,1,2004-11-02
11575,651815,3,2005-01-05
11575,1221567,4,2005-02-15
11575,746971,3,2005-05-09
11575,2556321,4,2005-01-19
11575,1293788,4,2005-10-24
11575,876659,5,2000-01-14
11575,1223912,3,2004-08-10
11575,890165,4,2004-06-29
11575,1391586,3,2003-03-03
11575,120382,1,2004-08-16
11575,2407994,4,2005-09-01
11575,990865,2,2003-12-07
11575,830573,4,2004-08-15
11575,869754,5,2004-10-10
11575,2235516,3,2004-11-24
11575,1123618,3,2005-09-12
11575,2287827,4,2000-04-05
11575,1858056,4,2003-08-07
11575,1452925,4,2003-12-03
11575,2281942,4,2005-08-29
11575,436606,4,2004-04-13
11575,728361,3,2004-01-27
11575,45844,5,2004-10-27
11575,2366462,1,2005-06-29
11575,2636940,3,2003-09-19
11575,1562707,4,2005-08-27
11575,310939,4,2004-12-26
11575,2422562,4,2003-03-26
11575,2051135,3,2004-07-01
11575,697751,4,2003-08-15
11575,1060278,3,2004-05-06
11575,1759654,3,2004-08-10
11575,859907,4,2005-01-19
11575,1565268,4,2005-04-21
11575,1477154,2,2004-08-26
11575,1646113,4,2004-09-10
11575,501174,3,2004-07-25
11575,1092280,4,2000-01-11
11575,2582783,4,2004-07-29
11575,1138585,3,2005-03-06
11575,1822638,2,2005-05-02
11575,808294,5,2005-10-22
11575,1746078,2,2003-11-14
11575,88837,3,2003-01-10
11575,2326783,4,2003-11-21
11575,2533141,4,2004-08-11
11575,402266,3,2004-07-08
11575,2611773,4,2004-11-16
11575,133993,2,2005-10-04
11575,2267592,2,2005-11-22
11575,2442973,3,2003-03-25
11575,752642,3,2002-06-05
11575,1075444,3,2004-02-04
11575,2515007,5,2004-12-29
11575,13891,3,2000-10-19
11575,998915,3,2005-08-12
11575,1279037,3,2004-08-22
11575,834395,4,2004-08-26
11575,2450203,3,2003-11-14
11575,330307,5,2002-12-28
11575,1359863,3,2005-11-28
11575,2628415,4,2000-01-29
11575,280824,4,2004-02-24
11575,1224756,1,2003-09-30
11575,213677,2,2003-02-13
11575,5339,4,2005-05-20
11575,293925,5,2003-09-11
11575,107863,5,2004-08-12
11575,1324871,3,2000-09-06
11575,2023416,2,2003-12-28
11575,121182,4,2001-03-20
11575,1489091,4,2003-12-26
11575,2522394,4,2005-01-25
11575,1448239,4,2005-09-20
11575,2332995,5,2005-10-26
11575,2195910,4,2004-08-17
11575,531220,2,2004-08-17
11575,1191408,4,2003-12-05
11575,384169,5,2004-09-13
11575,700799,5,2004-11-08
11575,2271106,4,2005-01-20
11575,117768,4,2000-01-10
11575,837133,5,2005-05-01
11575,2638601,3,2003-05-13
11575,2469766,3,2001-04-26
11575,2545709,4,2004-07-30
11575,556508,4,2003-12-29
11575,911185,3,2004-05-19
11575,1096568,4,2004-07-30
11575,942559,2,2004-11-04
11575,447587,4,2005-10-31
11575,1509285,5,2005-11-15
11575,538005,4,2005-08-24
11575,1755396,3,2003-11-22
11575,1875549,3,2004-07-24
11575,2645984,3,2005-12-05
11575,2310225,4,2001-03-13
11575,670488,3,2003-12-19
11575,2588416,3,2004-08-02
11575,1728944,3,2004-03-09
11575,884525,4,2005-01-25
11575,2133714,5,2005-05-11
11575,520704,5,2004-08-02
11575,1169361,3,2003-04-17
11575,296271,4,2005-11-14
11575,1641705,3,2004-01-21
11575,535565,3,2003-06-26
11575,2583420,1,2005-08-26
11575,2274591,5,2004-07-26
11575,551918,5,2004-12-01
11575,1806515,3,2005-09-23
11575,2118461,4,2005-10-22
11575,1768058,4,2004-07-07
11575,2156404,4,2003-02-18
11575,2179594,5,2003-10-07
11575,576143,4,2004-07-15
11575,1963377,5,2005-03-16
11575,2061495,3,2005-03-28
11575,232326,4,2005-10-26
11575,387418,3,2003-09-09
11575,381346,3,2002-07-30
11575,1166090,3,2004-06-22
11575,1662347,5,2004-08-21
11575,2101603,4,2005-01-12
11575,2058716,3,2005-02-15
11575,2325440,4,2001-02-13
11575,2192258,4,2004-02-10
11575,483182,4,2003-05-19
11575,207647,4,2004-02-09
11575,295520,3,2004-06-30
11575,607897,4,2004-08-02
11575,1190964,1,2005-02-13
11575,487788,2,2005-03-07
11575,2080585,3,2004-05-26
11575,1876612,4,2004-03-16
11575,97289,4,2003-08-26
11575,1392942,4,2004-08-09
11575,1455283,3,2005-05-18
11575,483422,4,2005-06-28
11575,2311296,3,2005-11-30
11575,525945,4,2002-12-10
11575,1474031,4,2002-05-22
11575,1038308,4,2005-07-29
11575,1482417,4,2004-05-25
11575,510180,2,2001-08-02
11575,291135,1,2002-07-13
11575,2124446,4,2005-08-08
11575,461457,4,2004-08-19
11575,1444903,4,2004-05-27
11575,525666,4,2003-12-30
11575,1280677,5,2004-08-09
11575,1235767,4,2005-01-19
11575,885720,3,2005-05-14
11575,744336,3,2005-06-30
11575,2263170,5,2005-12-05
11575,969327,3,2003-12-24
11575,2064290,2,2003-09-16
11575,1061195,3,2004-01-13
11575,2504876,4,2004-07-08
11575,431856,4,2004-08-31
11575,1884816,3,2004-07-25
11575,1270716,2,2005-01-23
11575,1629446,2,2005-04-05
11575,406328,4,2005-09-16
11575,1663888,5,2005-05-07
11575,153083,3,2000-01-10
11575,1163477,4,2002-05-24
11575,2555055,4,2003-01-13
11575,69873,4,2002-08-17
11575,1474447,2,2000-09-14
11575,1210088,4,2004-02-22
11575,1369375,3,2004-08-22
11575,2588046,1,2005-02-17
11575,1238258,4,2003-12-24
11575,590558,2,2003-12-21
11575,1037245,3,2005-12-27
11575,195510,5,2005-07-19
11575,1173289,3,2003-04-22
11575,2514159,3,2005-08-03
11575,75248,5,2003-04-01
11575,2613654,3,2004-09-07
11575,2325487,3,2004-01-26
11575,1399249,3,2004-12-30
11575,2291170,5,2005-11-24
11575,1381645,1,2003-11-18
11575,1881105,4,2003-08-25
11575,1525104,5,2004-08-15
11575,1639792,1,2002-05-22
11575,128300,4,2004-03-30
11575,594972,3,2004-02-02
11575,1281882,4,2004-05-07
11575,2539285,4,2000-04-09
11575,2339135,3,2005-07-15
11575,57633,4,2002-06-04
11575,891397,3,2004-05-05
11575,1855677,5,2004-08-27
11575,1763703,5,2004-10-25
11575,1752955,3,2005-02-10
11575,283907,5,2004-08-04
11575,2143500,3,2004-12-31
11575,2065810,4,2005-05-25
11575,1385895,3,2002-11-16
11575,1338312,3,2004-07-29
11575,2526414,4,2004-03-23
11575,910687,5,2005-01-25
11575,2198123,3,2005-06-13
11575,1545694,4,2005-07-28
11575,1297529,4,2004-08-25
11575,1793853,3,2004-08-13
11575,519453,3,2004-11-23
11575,338012,1,2005-07-09
11575,690591,4,2002-05-31
11575,964562,2,2003-12-29
11575,2497991,3,2004-06-08
11575,2542553,3,2004-12-20
11575,2630854,3,2000-02-07
11575,1576465,5,2005-07-17
11575,2554858,3,2003-06-23
11575,2541673,4,2004-08-15
11575,714349,3,2004-07-14
11575,2238060,2,2004-08-18
11575,2293480,4,2004-10-11
11575,1707198,3,2004-03-09
11575,1852040,3,2004-04-16
11575,1491101,3,2003-12-28
11575,1486956,3,2005-03-26
11575,1326195,3,2005-09-13
11575,2381922,2,2002-07-31
11575,1607021,3,2004-09-02
11575,1940143,4,2004-08-30
11575,775020,3,2004-10-20
11575,1474269,4,2005-11-08
11575,87613,4,2004-05-05
11575,7328,5,2003-01-04
11575,2534508,3,2004-08-02
11575,553115,3,2004-05-18
11575,2155879,4,2004-08-20
11575,317103,4,2005-03-02
11575,735935,3,2005-03-21
11575,2449569,4,2005-04-25
11575,2209880,5,2003-07-23
11575,1271504,2,2004-05-28
11575,508534,1,2004-01-19
11575,237263,2,2005-04-08
11575,206893,3,2005-12-30
11575,800217,4,2004-08-24
11575,2031128,4,2003-11-11
11575,1816909,4,2003-01-10
11575,1992393,4,2004-08-22
11575,217762,3,2004-08-06
11575,1653594,3,2004-08-25
11575,517188,3,2004-10-18
11575,621498,1,2005-07-09
11575,1844850,2,2002-10-03
11575,574318,1,2004-04-20
11575,2312710,4,2004-08-19
11575,1795680,3,2003-11-12
11575,759944,3,2004-08-17
11575,2303836,3,2005-08-19
11575,297559,3,2004-07-22
11575,1113485,1,2005-10-26
11575,2018713,2,2000-09-03
11575,1764408,2,2005-08-26
11575,1899117,4,2005-12-22
11575,313652,4,2004-09-03
11575,2470882,2,2004-07-28
11575,1758612,3,2005-07-29
11575,2051123,4,2004-08-15
11575,1635449,1,2005-01-10
