10091,2003092,4,2003-05-23
10091,879247,2,2004-06-04
10091,247794,2,2003-07-14
10091,497196,3,2003-04-18
10091,1033971,3,2004-02-05
10091,2625420,2,2004-06-03
10091,724592,4,2004-08-16
10091,126998,3,2004-10-01
10091,387189,3,2005-02-07
10091,2266936,4,2005-06-01
10091,2298964,3,2004-03-17
10091,599628,1,2003-12-24
10091,1673185,3,2003-12-08
10091,57228,3,2005-11-03
10091,2581477,3,2003-09-08
10091,766064,1,2004-10-21
10091,1915354,2,2003-03-19
10091,1199825,2,2003-04-04
10091,1292217,3,2004-04-18
10091,1241753,2,2004-07-08
10091,840901,4,2003-07-24
10091,1509881,2,2005-08-15
10091,586835,3,2003-11-06
10091,2291972,1,2004-10-30
10091,1842327,2,2005-12-09
10091,1630577,3,2004-05-19
10091,999901,3,2004-11-06
10091,1282311,2,2004-03-03
10091,1177547,2,2004-03-26
10091,1314869,3,2004-08-10
10091,1200886,2,2003-02-21
10091,521985,2,2003-05-12
10091,689978,2,2003-09-13
10091,1359575,3,2003-08-05
10091,330382,3,2003-03-25
10091,2065106,3,2004-09-27
10091,1596982,3,2003-06-30
10091,2203976,4,2004-04-13
10091,2320264,3,2004-11-14
10091,2439493,1,2003-01-14
10091,1363462,4,2005-03-20
10091,2023630,2,2004-04-11
10091,2478643,2,2003-01-10
10091,2526250,2,2004-06-07
10091,2325297,1,2004-09-24
10091,278568,3,2005-12-30
10091,1376566,4,2004-09-23
10091,2593921,3,2005-11-18
10091,1024854,2,2004-02-10
10091,1728094,2,2003-08-28
10091,1344006,2,2002-10-23
10091,1601971,1,2003-03-27
10091,1119094,4,2003-12-10
10091,13561,2,2004-03-24
10091,1207684,1,2003-06-14
10091,2138332,1,2004-04-08
10091,1091113,3,2004-08-11
10091,1110156,2,2003-05-17
10091,680991,3,2004-05-25
10091,2317395,2,2004-04-29
10091,857975,4,2004-06-28
10091,203502,3,2005-12-21
10091,1739884,2,2004-01-01
10091,1846965,4,2003-01-07
10091,1456474,2,2003-04-14
10091,745235,2,2004-05-23
10091,889760,3,2003-09-16
10091,2515313,3,2004-05-13
10091,733230,2,2004-03-18
10091,1876520,1,2002-07-05
10091,669502,5,2004-09-03
10091,2049806,3,2003-06-24
10091,605299,5,2004-02-20
10091,2517669,4,2005-01-24
10091,168624,4,2005-07-20
10091,767958,1,2004-09-05
10091,2386732,3,2004-12-16
10091,2604320,3,2005-03-25
10091,1031431,3,2004-10-21
10091,446285,3,2004-04-23
10091,1568735,2,2003-03-04
10091,2311464,1,2003-04-08
10091,1106844,2,2003-01-26
10091,2083367,3,2002-11-13
10091,466763,4,2004-11-10
10091,814719,1,2003-12-16
10091,1167151,5,2005-09-19
10091,2140364,3,2003-10-03
10091,603349,4,2004-07-26
10091,1664010,3,2005-10-15
10091,1819300,2,2003-04-08
10091,1221381,3,2004-04-07
10091,2152071,2,2004-03-22
10091,1973114,2,2004-05-20
10091,907023,2,2002-09-28
10091,1306193,1,2003-03-18
10091,576990,4,2004-01-08
10091,887930,5,2005-03-02
10091,715607,1,2002-09-26
10091,2104925,2,2005-08-17
10091,132278,2,2004-05-28
10091,997282,2,2004-04-07
10091,612275,4,2004-04-14
10091,1570744,2,2003-05-19
10091,2364115,3,2004-05-07
10091,359559,1,2005-03-28
10091,2404164,3,2005-01-10
10091,2027849,2,2004-08-21
10091,2212303,4,2003-07-20
10091,1327597,3,2005-07-11
10091,1312448,1,2003-06-03
10091,565378,3,2004-01-22
10091,1498353,3,2004-01-12
10091,1679274,3,2003-01-27
10091,729188,4,2005-06-20
10091,40056,3,2004-03-22
10091,1415546,2,2004-03-19
10091,767818,2,2005-04-16
10091,1663820,4,2004-11-22
10091,2102826,4,2005-03-25
10091,266738,1,2002-09-19
10091,2558018,3,2004-04-13
10091,2300784,3,2003-02-20
10091,1472419,3,2004-11-30
10091,897725,3,2003-03-14
10091,744546,3,2004-12-12
10091,2358429,4,2005-06-01
10091,558674,3,2004-02-18
10091,336595,2,2003-01-25
10091,2163014,2,2003-04-25
10091,2484715,4,2003-07-20
10091,870526,3,2003-07-15
10091,1124559,3,2003-01-03
10091,1655508,1,2003-09-22
10091,1662187,2,2005-12-07
10091,798296,1,2003-02-13
10091,2423552,3,2003-02-24
10091,132697,1,2003-03-21
10091,1314409,1,2004-04-22
10091,2006209,4,2005-09-17
10091,2456958,2,2005-10-14
10091,2196599,4,2004-05-18
10091,2240569,4,2003-03-12
10091,1234660,4,2003-05-20
10091,1837276,2,2005-03-23
10091,2089379,3,2003-03-17
10091,305344,3,2003-03-16
10091,2347800,2,2004-02-03
10091,2048620,3,2003-01-04
10091,1293660,1,2003-09-29
10091,1760132,5,2003-12-22
10091,683751,1,2002-12-24
10091,195924,2,2005-06-16
10091,2037693,2,2004-02-22
10091,1474508,3,2004-09-02
10091,1884449,2,2004-03-12
10091,2147527,1,2005-11-18
10091,2172379,3,2004-01-26
10091,651372,3,2004-01-26
10091,2503033,4,2003-05-31
10091,1954074,4,2005-10-07
10091,1292631,1,2003-02-17
10091,1945220,2,2005-12-18
10091,868463,5,2003-01-11
10091,2321963,3,2002-11-08
10091,2134683,5,2004-02-26
10091,2464491,3,2005-09-24
10091,752642,1,2002-10-11
10091,2625805,4,2004-02-07
10091,2260947,5,2005-08-04
10091,2325061,2,2004-04-12
10091,1318530,3,2004-04-06
10091,998950,2,2003-12-29
10091,2157202,3,2003-02-12
10091,2215203,2,2005-03-07
10091,1722054,5,2003-08-26
10091,1445218,3,2004-05-10
10091,2645984,2,2004-06-12
10091,2070221,4,2003-07-02
10091,1838292,5,2004-04-06
10091,282301,3,2005-03-25
10091,2118461,3,2005-12-19
10091,387418,3,2003-08-21
10091,2612664,3,2004-04-07
10091,2520933,3,2005-01-22
10091,1932594,1,2004-07-19
10091,1098048,5,2005-12-16
10091,1461435,1,2003-07-30
10091,680004,2,2002-07-06
10091,1261966,1,2004-04-28
10091,2057718,2,2005-01-20
10091,2113137,1,2003-06-06
10091,1512462,4,2005-07-01
10091,1639792,1,2002-07-09
10091,1480922,5,2005-10-18
10091,1201442,2,2003-04-26
10091,1351898,4,2004-08-04
10091,2165919,5,2004-04-30
10091,2146779,3,2004-10-14
10091,1217133,4,2004-08-16
10091,1662770,1,2005-01-07
10091,151227,3,2005-07-08
10091,1257454,1,2005-07-27
10091,94787,5,2003-09-24
10091,188613,2,2003-04-12
10091,312506,2,2004-04-23
10091,2634967,1,2004-02-24
