7970,716091,5,2000-01-06
7970,928743,4,2002-01-29
7970,785314,4,2002-02-03
7970,1331887,4,2002-08-27
7970,1663216,3,2003-02-12
7970,592921,4,2005-08-11
7970,1174530,4,2003-01-17
7970,829326,4,2003-12-28
7970,705162,2,2005-09-02
7970,1294425,2,2003-11-11
7970,1575876,4,2004-04-13
7970,1056998,5,2004-12-10
7970,2520143,5,2004-12-13
7970,1242432,4,2005-03-05
7970,1046323,5,2005-03-22
7970,2503691,4,2005-03-23
7970,740327,4,2005-03-27
7970,1401310,4,2005-05-12
7970,188099,3,2005-10-29
7970,14690,4,2002-04-20
7970,247794,4,2001-01-20
7970,436529,4,2004-12-01
7970,433803,4,2005-02-17
7970,1646405,5,2005-06-13
7970,1093403,3,2005-11-16
7970,1569850,2,2005-12-05
7970,603277,3,2001-03-12
7970,743687,3,2001-10-23
7970,2545072,5,2002-02-05
7970,1260345,4,2005-08-05
7970,2204961,4,2003-05-21
7970,2376730,3,2005-08-17
7970,208386,5,2004-03-12
7970,1515871,5,2005-07-02
7970,442572,2,2005-12-12
7970,1192830,4,2000-02-14
7970,1196093,3,2002-03-23
7970,316050,5,2005-08-02
7970,1626546,3,2005-08-08
7970,1143102,5,2004-07-01
7970,2026560,3,2004-03-17
7970,1951144,2,2004-03-25
7970,2400852,3,2005-01-20
7970,1409469,4,2005-05-23
7970,641211,2,2005-06-17
7970,2064672,4,2005-09-17
7970,281396,4,2005-12-17
7970,172474,5,2002-04-17
7970,1977959,3,2002-01-25
7970,2439795,4,2003-02-13
7970,381326,4,2004-08-08
7970,259348,5,2004-04-06
7970,1910767,5,2004-07-01
7970,268148,4,2004-07-30
7970,1984086,5,2004-08-18
7970,2335603,5,2004-10-14
7970,2002276,4,2004-12-19
7970,294948,3,2004-12-30
7970,1920610,5,2005-10-31
7970,864618,3,2005-11-23
7970,126877,5,2005-07-07
7970,834933,3,2001-02-25
7970,1519073,3,2001-04-02
7970,1113647,2,2005-07-18
7970,1828311,4,2003-09-12
7970,1277391,1,2005-08-01
7970,1900854,5,2003-09-22
7970,2205189,4,2005-08-24
7970,683427,3,2003-12-14
7970,1311690,4,2005-01-09
7970,647542,1,2005-01-10
7970,322178,1,2005-01-28
7970,1218030,4,2005-03-02
7970,1825229,3,2005-04-17
7970,1144568,4,2005-07-04
7970,1451137,4,2005-09-29
7970,971052,4,2005-11-06
7970,2043617,4,2005-11-16
7970,1792108,3,2003-03-11
7970,371312,4,2001-02-16
7970,1384102,4,2001-08-02
7970,786033,3,2003-09-15
7970,656460,3,2003-09-14
7970,1701012,5,2004-06-14
7970,2201224,4,2004-11-07
7970,2114851,4,2005-04-11
7970,1741752,1,2005-05-09
7970,899412,2,2005-07-05
7970,800136,4,2001-08-04
7970,2307724,3,2003-08-27
7970,2223218,3,2002-01-25
7970,2035994,4,2002-03-03
7970,1682548,5,2005-09-05
7970,1173459,4,2004-04-11
7970,2397231,5,2004-08-02
7970,734508,3,2004-11-28
7970,1063838,4,2005-01-02
7970,1355423,5,2005-02-22
7970,658759,4,2005-05-20
7970,2030523,5,2005-05-23
7970,2475820,3,2005-05-28
7970,107840,3,2000-01-13
7970,2294883,3,2001-12-31
7970,1599243,4,2004-04-16
7970,343283,3,2002-01-18
7970,1763105,4,2002-09-05
7970,933168,4,2002-01-15
7970,573210,3,2002-01-22
7970,874253,4,2002-05-16
7970,695934,5,2003-05-20
7970,1797686,4,2003-03-04
7970,481710,4,2004-03-27
7970,2442680,5,2004-07-30
7970,114904,4,2004-11-21
7970,534237,5,2005-10-13
7970,1380250,4,2005-12-29
7970,2509588,3,2005-07-06
7970,2554745,2,2001-01-21
7970,1068656,4,2000-03-04
7970,629544,4,2003-06-12
7970,103233,4,2002-04-20
7970,1475143,4,2002-02-11
7970,1673185,3,2002-05-15
7970,1355097,3,2002-08-19
7970,1794933,3,2002-09-15
7970,1036228,3,2002-08-17
7970,1016977,4,2003-02-13
7970,1675105,4,2004-06-25
7970,2602249,2,2004-10-01
7970,1630675,3,2004-11-02
7970,1799495,5,2005-02-04
7970,1400206,3,2005-03-03
7970,1898172,4,2005-03-29
7970,1660478,4,2005-06-15
7970,1799789,4,2002-05-15
7970,290215,3,2004-01-02
7970,191949,4,2002-07-09
7970,1220170,4,2003-03-07
7970,317168,5,2003-06-05
7970,562227,5,2003-10-29
7970,1027819,3,2004-10-18
7970,110384,5,2005-01-20
7970,560944,4,2005-03-27
7970,2582472,3,2005-09-27
7970,488900,4,2005-12-24
7970,1726416,4,2001-07-20
7970,1823259,3,2001-12-09
7970,1582412,3,2002-02-11
7970,929308,4,2003-10-02
7970,63634,5,2004-08-11
7970,328509,4,2004-02-10
7970,1499741,4,2004-07-09
7970,1942263,5,2004-09-27
7970,1854165,3,2004-10-28
7970,631636,3,2004-12-08
7970,559369,4,2005-05-10
7970,2093130,4,2005-12-15
7970,2040464,3,2005-07-12
7970,1323332,4,2004-08-07
7970,43751,4,2004-02-22
7970,2522946,2,2003-02-13
7970,565570,5,2005-08-11
7970,1591568,4,2005-08-21
7970,924839,5,2005-08-28
7970,587812,3,2004-02-04
7970,1268682,3,2004-08-15
7970,1158414,4,2005-03-17
7970,1928445,3,2005-06-30
7970,268372,5,2005-11-29
7970,2289265,4,2004-03-25
7970,1605246,4,2005-07-22
7970,66109,4,2002-04-20
7970,2102030,5,2003-05-31
7970,1933327,5,2004-03-21
7970,898201,5,2004-11-04
7970,396400,5,2004-11-15
7970,1466762,5,2004-11-22
7970,226019,5,2005-09-16
7970,1224077,5,2001-06-05
7970,1665403,3,2002-01-30
7970,2014322,2,2005-08-01
7970,539249,3,2005-08-08
7970,277783,5,2005-08-19
7970,1424487,3,2004-04-02
7970,1732859,3,2005-01-10
7970,1138392,5,2005-02-17
7970,1965267,3,2005-03-01
7970,189230,4,2005-06-20
7970,896902,4,2000-02-09
7970,2501391,4,2005-07-27
7970,1564651,3,2005-07-29
7970,496631,5,2002-08-18
7970,845653,4,2003-02-12
7970,1426178,2,2003-05-28
7970,762569,5,2004-10-26
7970,817609,5,2004-12-15
7970,2242655,3,2005-04-05
7970,1741099,5,2005-10-07
7970,1199523,4,2005-10-21
7970,2576966,4,2005-11-20
7970,2537646,3,2001-10-14
7970,427510,5,2002-01-24
7970,1439700,3,2002-02-22
7970,607470,5,2004-05-13
7970,319258,3,2003-10-24
7970,2442663,4,2004-03-15
7970,1944824,5,2004-02-18
7970,304882,5,2004-03-17
7970,286311,4,2004-06-11
7970,1656992,5,2004-11-26
7970,1312110,5,2005-03-07
7970,1714902,3,2005-03-07
7970,183754,4,2005-10-17
7970,2342060,4,2001-07-24
7970,370828,4,2004-05-13
7970,2528078,3,2003-04-03
7970,505375,3,2004-01-05
7970,1373247,4,2004-12-11
7970,1341649,5,2004-12-11
7970,2636048,2,2004-12-13
7970,1681299,3,2004-12-21
7970,462280,4,2005-01-27
7970,2119165,5,2005-10-27
7970,2079367,4,2001-04-07
7970,1305384,4,2001-09-09
7970,1023101,3,2002-01-05
7970,2025489,4,2002-02-09
7970,281216,4,2005-07-28
7970,2530252,4,2004-02-20
7970,1588754,2,2004-02-18
7970,53243,2,2003-09-24
7970,1731106,3,2003-06-10
7970,688590,3,2004-01-21
7970,274365,3,2005-10-17
7970,23421,4,2005-12-31
7970,1456621,4,2001-06-06
7970,1512369,3,2002-01-18
7970,1613882,4,2004-05-18
7970,1423956,4,2004-08-09
7970,2055178,4,2004-08-12
7970,1338247,3,2004-07-04
7970,2465236,3,2004-12-31
7970,380354,2,2005-03-07
7970,583554,4,2005-05-31
7970,1859573,3,2005-06-20
7970,1810074,5,2005-07-01
7970,189143,3,2005-12-03
7970,1920864,5,2005-07-12
7970,2573288,4,2002-02-26
7970,1220431,3,2002-02-05
7970,2604976,3,2002-02-28
7970,604949,3,2004-10-20
7970,706198,4,2004-12-13
7970,500286,3,2005-03-17
7970,690965,5,2005-03-18
7970,1075450,4,2005-05-21
7970,1957216,4,2005-10-05
7970,728335,3,2000-02-21
7970,230929,2,2001-09-01
7970,2138757,3,2003-12-02
7970,1927580,3,2003-11-24
7970,2344669,3,2005-01-19
7970,476851,5,2005-01-30
7970,801749,5,2005-03-07
7970,2196366,4,2002-01-08
7970,647703,5,2001-01-26
7970,1855958,3,2002-02-08
7970,2448822,5,2003-03-07
7970,2492392,3,2004-01-24
7970,103619,4,2004-03-31
7970,1423249,3,2005-01-30
7970,732363,3,2005-10-30
7970,1122095,5,2005-12-30
7970,108871,3,2000-02-16
7970,1000192,3,2003-03-08
7970,458252,4,2002-01-28
7970,2508652,3,2002-01-31
7970,2064584,4,2002-03-03
7970,1958984,4,2005-08-01
7970,1389451,4,2005-08-10
7970,1249577,3,2004-01-21
7970,59913,5,2004-08-13
7970,917647,3,2005-02-16
7970,349572,4,2005-02-26
7970,1746835,5,2005-03-18
7970,776573,4,2005-03-21
7970,2046079,3,2005-04-03
7970,1371795,4,2005-10-28
7970,2557795,4,2005-11-09
7970,2604264,5,2005-12-28
7970,1099072,4,2004-06-17
7970,257622,3,2001-07-17
7970,724224,4,2005-07-19
7970,900455,4,2002-02-20
7970,1110574,4,2002-02-20
7970,891199,3,2002-02-24
7970,602147,5,2003-02-13
7970,144201,4,2002-01-23
7970,1134816,4,2003-11-23
7970,2569992,3,2004-02-27
7970,49585,1,2003-02-12
7970,2247179,4,2004-04-01
7970,2281077,3,2005-02-17
7970,521825,2,2005-09-11
7970,2610031,3,2000-01-28
7970,2397914,3,2000-02-05
7970,1796072,3,2003-01-09
7970,2616982,5,2002-12-10
7970,2294328,3,2004-07-31
7970,739759,5,2004-02-06
7970,1662714,4,2004-02-17
7970,1847081,1,2004-08-02
7970,478176,4,2004-06-26
7970,1341505,3,2004-08-23
7970,1773066,3,2004-09-28
7970,1315654,3,2004-12-02
7970,2330565,3,2005-01-07
7970,2096888,5,2005-01-08
7970,858641,5,2005-02-11
7970,992118,4,2005-03-01
7970,648013,5,2005-03-11
7970,1802529,2,2005-03-24
7970,1172367,3,2005-10-27
7970,1408237,4,2005-11-04
7970,2278388,4,2005-11-12
7970,746419,4,2005-07-05
7970,420703,3,2002-09-17
7970,488651,5,2002-04-20
7970,1665175,2,2002-04-11
7970,2086566,5,2003-06-25
7970,1618288,3,2004-11-17
7970,2549512,4,2005-09-05
7970,2571165,2,2005-09-05
7970,1600209,5,2005-09-06
7970,1882563,5,2005-11-19
7970,338522,5,2004-04-09
7970,133707,1,2002-04-25
7970,1965893,3,2002-01-09
7970,2600419,2,2002-09-06
7970,2046045,4,2003-05-18
7970,1903952,4,2002-09-07
7970,1013802,3,2005-08-05
7970,11875,5,2005-09-05
7970,133764,4,2004-08-15
7970,1918316,4,2004-12-15
7970,1737972,3,2005-01-03
7970,1711812,4,2005-04-22
7970,732682,5,2005-04-26
7970,1944765,5,2005-09-26
7970,1637405,3,2001-12-29
7970,831103,5,2002-01-17
7970,1121319,3,2002-04-22
7970,1042614,4,2004-03-21
7970,543279,2,2004-01-18
7970,705947,4,2005-08-19
7970,1820550,4,2004-07-13
7970,2329026,4,2004-06-27
7970,2035299,4,2004-06-08
7970,519965,3,2004-10-20
7970,259497,4,2004-11-26
7970,2179830,4,2004-12-10
7970,1848945,4,2005-02-08
7970,1503604,3,2005-03-05
7970,2506723,3,2005-03-15
7970,1784803,4,2005-10-02
7970,562377,5,2005-10-31
7970,1709314,3,2005-12-29
7970,1498401,5,2005-12-31
7970,1792741,3,2005-08-27
7970,1224045,2,2001-12-04
7970,264091,4,2001-12-29
7970,2129672,4,2003-02-27
7970,1575462,4,2004-02-18
7970,1646449,4,2003-11-22
7970,187103,3,2005-08-23
7970,238468,4,2003-10-30
7970,1553715,5,2004-01-31
7970,1883721,1,2004-02-19
7970,2115290,4,2005-10-17
7970,1007230,3,2005-07-08
7970,1970207,3,2005-07-12
7970,632401,3,2002-03-13
7970,1255703,3,2001-12-29
7970,347341,2,2002-01-03
7970,1761229,5,2002-04-17
7970,2004274,3,2003-12-08
7970,864172,4,2003-07-02
7970,1928617,5,2003-05-19
7970,1055117,5,2004-07-17
7970,1355023,5,2005-01-31
7970,1342785,4,2005-02-08
7970,1216755,5,2005-04-26
7970,1624369,4,2005-05-22
7970,1036991,3,2005-05-25
7970,428365,3,2005-06-24
7970,396132,4,2005-09-21
7970,711569,3,2005-12-01
7970,2217988,4,2004-03-15
7970,1605580,5,2001-03-09
7970,769404,5,2002-02-26
7970,701615,5,2002-02-16
7970,1418477,4,2003-05-28
7970,2527611,2,2004-05-26
7970,2371389,4,2003-09-04
7970,1817215,3,2004-04-14
7970,1107220,4,2004-10-27
7970,1896322,4,2005-10-24
7970,2237185,4,2001-03-22
7970,504211,4,2001-12-07
7970,2364788,4,2002-02-06
7970,255032,4,2002-02-03
7970,1081292,2,2003-10-04
7970,1705196,4,2003-04-24
7970,564403,1,2005-08-25
7970,1727342,5,2004-04-21
7970,974823,4,2004-11-16
7970,68078,5,2004-11-17
7970,1713284,4,2005-03-20
7970,1474804,4,2005-04-24
7970,2054829,4,2005-06-12
7970,2459084,1,2005-06-24
7970,230660,3,2005-12-28
7970,764317,4,2002-03-26
7970,1532433,2,2002-01-10
7970,524672,4,2003-07-03
7970,2002671,3,2003-02-14
7970,1124126,3,2005-08-29
7970,1407123,4,2005-03-17
7970,1475790,3,2000-03-05
7970,1139570,3,2000-12-20
7970,2463382,5,2005-07-18
7970,807750,2,2003-08-28
7970,946795,4,2001-12-07
7970,187322,3,2004-07-17
7970,834724,5,2004-01-23
7970,1404888,3,2004-03-24
7970,2077168,4,2003-08-10
7970,1741931,4,2004-06-05
7970,2630337,5,2005-03-10
7970,757417,5,2005-05-09
7970,1827281,3,2005-09-26
7970,2206502,3,2001-10-22
7970,2439493,1,2003-02-12
7970,530789,5,2004-01-24
7970,1142880,3,2004-11-01
7970,2543120,4,2005-01-04
7970,1897107,5,2005-01-10
7970,1678903,4,2005-03-18
7970,640464,3,2005-05-13
7970,1330841,4,2005-05-24
7970,1068821,5,2005-10-27
7970,1133518,5,2005-12-27
7970,868692,3,2001-06-02
7970,868104,3,2005-07-12
7970,2219070,5,2002-01-11
7970,1151461,3,2002-02-06
7970,2601604,3,2002-08-19
7970,2583311,4,2004-08-23
7970,165374,4,2004-04-30
7970,1398350,5,2004-06-11
7970,455352,5,2004-11-25
7970,596550,4,2005-05-22
7970,515589,5,2005-10-16
7970,962593,3,2002-01-12
7970,1046419,5,2002-08-15
7970,734534,3,2002-08-15
7970,147386,4,2005-08-31
7970,146462,5,2004-03-26
7970,215281,4,2004-12-28
7970,887741,4,2005-02-15
7970,356035,1,2005-02-24
7970,1259082,3,2005-06-01
7970,676587,4,2005-06-04
7970,1800320,4,2004-03-30
7970,110562,3,2002-05-05
7970,173424,4,2000-04-05
7970,1170481,4,2003-06-03
7970,1615548,3,2002-02-10
7970,2507646,3,2003-09-23
7970,2197525,4,2003-11-24
7970,2490070,5,2004-02-08
7970,1500625,3,2004-11-23
7970,2442531,3,2005-01-19
7970,1190264,4,2005-03-03
7970,1070389,4,2005-04-28
7970,2059246,3,2005-06-13
7970,1892264,3,2005-06-26
7970,2227850,4,2005-10-09
7970,2269885,5,2005-11-06
7970,1871769,4,2002-09-07
7970,2056570,4,2002-08-17
7970,782308,4,2001-06-10
7970,1545709,3,2001-10-11
7970,173301,4,2001-07-07
7970,1410683,4,2002-01-20
7970,1141718,4,2005-08-07
7970,1885459,5,2004-02-07
7970,1619608,2,2004-09-01
7970,1676941,5,2004-05-20
7970,2275232,3,2004-05-28
7970,238740,4,2004-11-30
7970,258894,4,2005-01-25
7970,2124893,5,2005-03-08
7970,176377,4,2005-06-06
7970,1482758,5,2005-06-13
7970,1376269,2,2000-03-16
7970,543571,3,2001-11-02
7970,2155280,3,2002-01-27
7970,1945889,3,2002-01-12
7970,157943,2,2002-02-04
7970,174783,3,2003-03-07
7970,1622492,3,2003-09-16
7970,832780,3,2004-05-03
7970,2515736,5,2004-02-29
7970,2030676,5,2004-10-01
7970,1768892,4,2005-04-05
7970,1041555,3,2005-04-20
7970,776833,3,2005-05-13
7970,831494,4,2005-10-18
7970,525168,3,2005-11-11
7970,562542,4,2005-11-13
7970,371967,5,2000-03-12
7970,1570077,3,2001-05-13
7970,1612973,3,2001-08-16
7970,2080674,3,2001-10-02
7970,861862,4,2002-08-23
7970,927786,3,2002-01-29
7970,492714,5,2002-08-16
7970,1200256,5,2004-03-24
7970,817339,3,2004-03-18
7970,1939431,4,2005-02-16
7970,1270526,5,2005-03-14
7970,147152,4,2005-09-18
7970,1585895,3,2005-10-28
7970,1613383,3,2005-12-02
7970,1529376,4,2000-04-30
7970,1192459,5,2002-01-29
7970,2335153,4,2002-06-06
7970,780532,3,2002-01-02
7970,1083590,4,2002-01-16
7970,933416,3,2002-05-30
7970,318457,4,2005-03-02
7970,46929,4,2004-01-23
7970,1139937,3,2004-05-17
7970,1862727,4,2004-10-16
7970,469045,4,2005-03-31
7970,1516909,5,2005-06-06
7970,1051993,3,2005-06-07
7970,1632784,5,2005-10-28
7970,1044289,4,2005-12-20
7970,2034970,3,2000-02-17
7970,1534723,3,2000-02-28
7970,2389367,4,2004-05-11
7970,50123,4,2001-10-15
7970,1783640,3,2002-01-08
7970,773045,2,2002-08-26
7970,1609042,5,2003-09-15
7970,1258099,4,2004-05-04
7970,684876,5,2004-03-30
7970,211166,3,2004-06-07
7970,2260739,3,2004-11-30
7970,633722,5,2004-12-06
7970,709357,2,2005-01-09
7970,2155681,5,2005-01-25
7970,1928290,3,2005-04-12
7970,74320,5,2005-05-27
7970,1593156,5,2005-10-25
7970,222518,3,2005-11-03
7970,2549780,3,2000-12-29
7970,1023928,3,2002-02-10
7970,729424,4,2002-02-17
7970,2555461,4,2003-02-15
7970,596865,5,2003-06-03
7970,342343,4,2004-02-21
7970,2523426,4,2004-03-14
7970,1564104,3,2004-07-18
7970,1681922,4,2005-01-03
7970,1507017,5,2005-01-07
7970,1553204,3,2005-02-22
7970,1141131,5,2005-04-26
7970,1523902,3,2002-02-11
7970,827537,5,2002-02-06
7970,96987,2,2001-10-18
7970,2010144,4,2002-01-30
7970,1456837,4,2002-07-20
7970,451825,3,2005-08-02
7970,1771252,3,2002-08-20
7970,1804582,2,2003-06-22
7970,7116,3,2004-02-25
7970,914678,5,2003-11-17
7970,929208,5,2003-05-06
7970,2588510,5,2003-02-13
7970,1504187,4,2003-04-18
7970,2523111,3,2003-05-06
7970,1946893,4,2005-08-25
7970,1903822,1,2004-08-05
7970,1302128,4,2004-09-17
7970,121318,4,2004-10-29
7970,2289956,4,2005-01-22
7970,311027,4,2005-05-02
7970,510719,4,2005-10-09
7970,1123585,4,2005-11-17
7970,40650,4,2005-12-19
7970,1070470,5,2005-07-07
7970,2482831,3,2000-03-18
7970,129487,5,2000-12-20
7970,2029462,4,2002-01-25
7970,1271566,3,2002-01-24
7970,2187281,4,2005-09-01
7970,528356,5,2005-09-07
7970,2579306,3,2003-11-01
7970,2190070,5,2004-05-11
7970,767590,5,2004-10-19
7970,2419433,3,2005-02-03
7970,1531029,3,2005-02-23
7970,183435,4,2005-11-01
7970,2143797,4,2005-11-30
7970,48915,3,2005-12-13
7970,1329779,3,2005-12-29
7970,1580389,3,2005-07-08
7970,2584252,5,2001-04-15
7970,1312116,4,2001-10-07
7970,519744,3,2002-05-14
7970,1209626,3,2002-01-12
7970,1982821,4,2003-12-21
7970,1898310,4,2002-08-18
7970,2035595,4,2004-07-08
7970,1797483,4,2004-11-21
7970,1177340,3,2004-12-07
7970,1421149,4,2005-03-16
7970,1623687,5,2005-09-29
7970,2457160,4,2005-10-21
7970,575167,4,2005-11-06
7970,1397343,3,2001-08-02
7970,567283,5,2005-07-22
7970,126083,4,2002-04-22
7970,151136,3,2005-09-08
7970,1459994,3,2004-07-29
7970,844526,5,2004-04-09
7970,1268699,2,2004-07-05
7970,1730026,3,2005-02-17
7970,913029,5,2005-04-20
7970,1637718,5,2005-09-09
7970,1167144,5,2005-11-03
7970,258164,4,2005-10-17
7970,708683,4,2001-01-15
7970,1463939,3,2002-01-30
7970,291198,4,2002-01-03
7970,1903491,4,2002-04-21
7970,2165811,5,2005-08-09
7970,1188449,3,2003-11-09
7970,2537502,4,2004-03-16
7970,1788733,4,2004-07-27
7970,688455,3,2004-06-03
7970,127581,4,2005-01-29
7970,2218826,2,2005-03-01
7970,228614,5,2005-04-25
7970,1022629,1,2005-10-26
7970,938568,3,2005-07-07
7970,2621150,4,2002-01-23
7970,587587,1,2002-08-21
7970,2194583,2,2002-01-11
7970,1586659,5,2004-04-26
7970,268739,5,2004-07-21
7970,1913339,4,2003-02-14
7970,2221499,5,2004-02-17
7970,952156,3,2004-12-07
7970,1211730,5,2005-01-04
7970,2362208,3,2005-01-19
7970,520803,5,2005-01-24
7970,2010211,5,2005-06-08
7970,407037,4,2005-06-12
7970,2511719,3,2005-09-23
7970,2227629,4,2005-10-26
7970,1111556,3,2005-11-17
7970,2282361,4,2002-09-06
7970,221926,4,2002-09-10
7970,33346,5,2003-06-01
7970,1777406,1,2002-10-23
7970,865351,4,2004-08-06
7970,1699400,2,2003-06-13
7970,1262404,5,2005-08-31
7970,222897,3,2004-06-29
7970,1171596,4,2004-07-27
7970,1214752,3,2004-12-09
7970,1704440,4,2004-12-28
7970,1221645,4,2005-01-31
7970,901167,4,2005-02-06
7970,1411878,4,2005-04-12
7970,2248080,2,2001-05-25
7970,1290262,4,2001-08-12
7970,2138221,3,2004-08-16
7970,454878,4,2004-06-28
7970,850678,4,2005-08-19
7970,98586,4,2004-07-27
7970,818752,4,2004-06-30
7970,1287939,3,2004-06-30
7970,508852,2,2004-10-21
7970,485461,4,2005-01-04
7970,99865,4,2005-02-05
7970,1851011,3,2005-05-24
7970,1502997,5,2005-06-02
7970,2594760,3,2005-12-06
7970,1905224,4,2005-07-07
7970,775794,4,2001-07-28
7970,1883039,4,2001-03-09
7970,235562,3,2001-07-30
7970,2600868,3,2001-10-09
7970,788223,3,2002-08-20
7970,1992646,3,2002-02-02
7970,1523108,4,2002-10-08
7970,2217779,3,2002-04-21
7970,1193242,4,2002-02-27
7970,2249634,4,2002-05-14
7970,218734,4,2002-08-23
7970,1136895,4,2004-01-26
7970,2279052,4,2003-12-01
7970,13407,4,2003-06-01
7970,2001296,2,2004-02-23
7970,638651,4,2003-11-15
7970,128389,5,2004-05-07
7970,276272,4,2004-10-30
7970,769702,3,2005-02-06
7970,1999176,3,2005-04-30
7970,1803243,3,2005-05-08
7970,2096987,3,2005-12-07
7970,566017,5,2005-07-08
7970,2475883,2,2002-02-25
7970,1827859,4,2001-04-19
7970,1527354,3,2002-01-04
7970,2276987,4,2005-09-02
7970,306622,4,2004-01-07
7970,2638532,3,2004-10-19
7970,1107858,4,2004-11-01
7970,1571988,5,2004-12-22
7970,2197982,5,2005-01-06
7970,1767410,5,2005-01-19
7970,62753,4,2005-01-24
7970,1007093,5,2005-09-29
7970,846743,3,2005-12-21
7970,972914,4,2005-07-13
7970,1648620,3,2005-07-15
7970,1227300,3,2002-08-16
7970,787428,4,2003-12-11
7970,1755279,3,2005-08-28
7970,1253534,4,2005-08-30
7970,388514,5,2004-01-21
7970,2339953,3,2004-10-17
7970,829258,3,2005-02-08
7970,1589111,3,2005-03-12
7970,184242,3,2005-06-06
7970,819867,3,2005-12-03
7970,719755,4,2005-12-14
7970,1557249,4,2000-03-09
7970,1445536,3,2000-03-05
7970,1460897,2,2001-12-18
7970,1969216,5,2002-01-30
7970,1466302,5,2002-02-19
7970,1936110,2,2003-03-04
7970,1050678,4,2004-06-16
7970,838617,2,2003-06-21
7970,409104,4,2004-05-30
7970,2413875,5,2004-12-12
7970,804602,4,2005-05-11
7970,550883,3,2005-05-23
7970,1757328,3,2005-09-30
7970,2503356,3,2005-07-06
7970,2541385,3,2001-11-04
7970,471177,2,2002-01-23
7970,336680,3,2002-01-07
7970,543769,4,2005-07-25
7970,515899,4,2002-04-22
7970,1865846,2,2002-10-15
7970,1390282,2,2004-12-14
7970,1585767,4,2005-01-28
7970,1611056,2,2005-04-16
7970,593524,5,2005-10-08
7970,16397,5,2005-10-09
7970,43429,3,2005-10-31
7970,865657,5,2005-12-20
7970,2030198,4,2001-10-29
7970,1705743,4,2005-07-18
7970,300777,3,2002-01-20
7970,721680,5,2002-01-25
7970,1431636,3,2002-04-17
7970,2042132,3,2003-06-11
7970,723675,5,2003-08-05
7970,480290,4,2003-02-27
7970,2538387,4,2004-04-09
7970,139937,3,2004-06-01
7970,2284862,4,2004-12-06
7970,1046910,3,2005-01-04
7970,2537558,4,2005-11-18
7970,2299951,4,2002-02-20
7970,163515,4,2002-05-14
7970,1696594,4,2002-08-31
7970,1497505,4,2004-02-28
7970,239158,3,2004-03-23
7970,596918,4,2004-07-12
7970,679846,2,2005-01-19
7970,227829,3,2005-02-28
7970,1655837,4,2005-04-12
7970,1896861,4,2005-06-05
7970,280542,3,2005-06-05
7970,2356004,5,2005-06-26
7970,2613898,3,2005-11-09
7970,2481992,2,2005-11-10
7970,291217,4,2005-11-10
7970,1668044,3,2002-01-08
7970,1627867,3,2002-02-24
7970,1088357,2,2004-03-18
7970,1271679,1,2004-04-07
7970,1525786,3,2004-10-21
7970,949256,4,2005-02-27
7970,297255,4,2005-03-08
7970,1964735,5,2005-04-16
7970,1844442,5,2005-06-27
7970,1767732,4,2005-10-12
7970,1892388,3,2005-11-21
7970,2251669,4,2005-12-12
7970,1784276,4,2000-04-01
7970,330802,4,2001-08-02
7970,2092609,3,2002-04-17
7970,1788137,4,2003-02-13
7970,1860860,4,2001-12-29
7970,1740492,3,2002-02-08
7970,2215021,2,2002-02-23
7970,2548035,3,2003-02-14
7970,1204995,5,2003-05-05
7970,604345,5,2005-08-24
7970,2019936,4,2003-07-03
7970,515077,4,2004-06-21
7970,1729867,4,2004-11-26
7970,1399852,4,2005-02-15
7970,2195549,4,2005-04-07
7970,310641,4,2005-09-15
7970,1375660,5,2005-10-21
7970,181214,5,2005-11-02
7970,1345374,5,2005-07-06
7970,1139736,2,2005-07-10
7970,781601,5,2003-08-12
7970,1287892,3,2001-04-24
7970,10733,4,2002-02-05
7970,156401,4,2002-03-01
7970,1478444,4,2003-06-30
7970,1076614,4,2005-02-18
7970,2405238,5,2004-08-14
7970,952582,4,2004-10-19
7970,212234,5,2004-12-11
7970,2494753,4,2005-02-08
7970,385974,4,2005-04-06
7970,2331318,3,2005-04-29
7970,2283320,5,2005-12-26
7970,2156641,5,2003-02-14
7970,670204,2,2003-11-09
7970,2276627,2,2002-02-14
7970,2630781,4,2002-02-26
7970,1028737,3,2003-02-13
7970,1431850,2,2004-01-22
7970,419225,4,2005-08-29
7970,386509,3,2004-12-07
7970,1774181,3,2004-12-13
7970,1268483,5,2004-12-18
7970,1763656,5,2005-01-29
7970,1781641,3,2005-05-22
7970,541406,4,2005-06-20
7970,720310,4,2005-06-28
7970,54864,3,2000-04-11
7970,1140109,4,2001-10-18
7970,1506913,5,2002-12-27
7970,215599,4,2002-01-30
7970,1558294,5,2003-11-13
7970,1042060,2,2004-05-10
7970,2189299,4,2004-06-11
7970,1445695,4,2004-09-07
7970,998502,2,2004-11-09
7970,1115502,5,2005-05-03
7970,2313013,4,2005-06-21
7970,2260761,5,2005-10-09
7970,1521104,3,2005-12-12
7970,1961777,4,2005-12-21
7970,1332107,5,2005-07-05
7970,1094362,1,2003-02-20
7970,938931,3,2002-09-06
7970,1035775,5,2005-07-30
7970,1594061,3,2005-07-30
7970,1745404,4,2003-09-30
7970,1642574,5,2004-03-25
7970,2404300,4,2005-02-08
7970,788049,2,2005-03-22
7970,1172980,5,2005-04-18
7970,2523340,3,2005-06-28
7970,923517,3,2005-12-31
7970,1699712,4,2005-07-06
7970,1943141,4,2002-09-16
7970,2194079,4,2005-07-15
7970,1263857,3,2002-02-14
7970,1355675,5,2002-04-18
7970,1616913,4,2004-05-18
7970,2641668,4,2003-02-12
7970,1588314,3,2003-02-12
7970,167956,5,2003-02-13
7970,2487903,4,2005-08-21
7970,195203,5,2005-08-22
7970,2325413,3,2004-02-27
7970,1827608,4,2005-01-09
7970,1753201,4,2005-01-20
7970,1068988,5,2005-01-28
7970,2122573,3,2005-02-02
7970,2144070,5,2005-02-24
7970,1018303,3,2005-03-27
7970,1592922,4,2005-05-24
7970,2261989,4,2005-05-26
7970,559171,4,2005-06-05
7970,707136,4,2005-06-25
7970,1670943,3,2001-11-30
7970,1190953,4,2002-01-22
7970,1763220,2,2002-02-25
7970,763840,5,2002-04-30
7970,1997679,3,2002-08-07
7970,341649,4,2004-07-17
7970,1500543,3,2003-07-27
7970,97893,3,2005-08-24
7970,1915183,3,2003-05-31
7970,1897896,2,2004-09-22
7970,595870,3,2004-12-06
7970,135141,3,2005-06-05
7970,240054,5,2005-06-30
7970,124442,4,2005-12-06
7970,936093,4,2000-03-07
7970,1900382,5,2002-04-17
7970,1734419,2,2005-07-18
7970,1326648,3,2002-02-05
7970,1229707,4,2003-05-01
7970,2417808,4,2003-02-12
7970,2636046,4,2004-08-17
7970,1033825,3,2004-05-12
7970,1797678,4,2004-10-11
7970,852166,4,2005-01-12
7970,129796,5,2005-01-19
7970,2385481,3,2005-01-28
7970,2359204,3,2005-02-11
7970,131226,3,2005-04-14
7970,1333047,4,2005-07-03
7970,2166018,3,2005-10-06
7970,390062,4,2005-10-29
7970,1044742,4,2005-11-15
7970,1935937,4,2005-11-15
7970,1167841,3,2005-11-23
7970,2647076,5,2005-12-07
7970,584201,5,2005-12-10
7970,1518289,3,2001-04-16
7970,2252455,3,2001-07-31
7970,1665423,1,2004-01-01
7970,1738108,5,2004-03-24
7970,577350,4,2004-05-13
7970,198393,4,2005-01-10
7970,1655656,2,2005-01-29
7970,1226040,4,2005-03-27
7970,1148569,5,2005-03-29
7970,1657781,4,2005-04-29
7970,1826554,5,2005-06-28
7970,2167210,4,2005-07-04
7970,2112569,5,2005-11-01
7970,1218493,3,2005-11-23
7970,2501249,3,2001-04-05
7970,129766,4,2004-02-08
7970,633256,3,2002-02-01
7970,994370,1,2002-04-23
7970,1830000,5,2005-07-26
7970,89994,4,2002-08-23
7970,2511392,4,2003-03-09
7970,176300,5,2005-08-11
7970,2532402,5,2005-08-15
7970,2094853,3,2004-05-10
7970,2260832,3,2004-11-07
7970,102038,5,2005-03-23
7970,970335,4,2005-05-10
7970,2250323,3,2005-05-30
7970,322009,3,2005-06-22
7970,1225082,2,2005-09-27
7970,2268744,3,2005-10-15
7970,1587846,5,2005-10-28
7970,348723,3,2005-11-03
7970,2510140,3,2000-02-18
7970,158361,4,2005-07-09
7970,1513841,4,2001-04-03
7970,719725,4,2005-07-14
7970,1087004,3,2001-07-10
7970,131704,5,2002-01-15
7970,2116221,3,2002-02-11
7970,46951,4,2004-02-21
7970,1222167,4,2003-09-16
7970,2615552,5,2005-08-24
7970,1312155,1,2004-10-07
7970,2150751,4,2005-01-25
7970,2585513,3,2005-06-27
7970,1704775,4,2005-10-05
7970,1548219,1,2001-10-24
7970,1443126,5,2002-09-15
7970,1382677,3,2002-09-16
7970,1420808,5,2005-08-09
7970,936183,4,2003-02-14
7970,731592,4,2003-02-27
7970,308422,4,2004-03-11
7970,659526,3,2005-08-29
7970,1099918,3,2005-09-05
7970,2322711,5,2003-12-15
7970,1727273,4,2004-08-19
7970,665905,4,2004-02-26
7970,1538160,3,2004-11-01
7970,1080430,3,2005-01-19
7970,2091075,1,2005-02-27
7970,1239029,4,2005-06-10
7970,2072580,4,2003-06-03
7970,128222,4,2005-07-15
7970,2141105,4,2005-07-15
7970,1685912,3,2002-09-09
7970,444991,2,2003-09-11
7970,2385747,5,2002-09-07
7970,1478875,4,2003-06-13
7970,274191,3,2003-06-19
7970,2241714,2,2004-04-09
7970,893199,1,2003-08-26
7970,2532716,3,2004-06-24
7970,1487204,4,2004-12-08
7970,1734,5,2005-03-13
7970,419691,5,2005-03-27
7970,2086265,4,2005-09-05
7970,2545237,3,2005-11-08
7970,1271964,3,2003-02-12
7970,1183553,3,2002-01-05
7970,2070031,5,2002-10-21
7970,1132764,4,2003-11-30
7970,916162,3,2003-10-02
7970,90332,5,2004-03-12
7970,2478523,5,2004-03-09
7970,1995099,3,2004-12-28
7970,895914,2,2005-02-27
7970,1463219,3,2005-06-16
7970,1500014,3,2005-06-21
7970,778937,4,2005-11-08
7970,425179,2,2001-12-27
7970,18909,3,2003-07-10
7970,2446939,4,2002-04-19
7970,2115386,4,2002-08-22
7970,2246159,5,2003-05-06
7970,1106378,3,2004-02-19
7970,835473,5,2004-05-31
7970,957286,4,2005-02-14
7970,772534,5,2005-03-02
7970,1684416,4,2005-04-25
7970,1664010,5,2005-10-12
7970,1148462,4,2005-10-25
7970,1426031,5,2005-11-05
7970,1315012,3,2005-11-16
7970,1608318,5,2005-12-21
7970,2229650,3,2000-02-03
7970,436424,3,2000-01-21
7970,1902838,3,2000-02-19
7970,2503583,4,2003-11-02
7970,787083,3,2004-06-26
7970,1754192,5,2002-02-02
7970,680052,3,2002-08-29
7970,609629,5,2004-08-14
7970,1018465,4,2004-05-14
7970,376429,4,2005-01-11
7970,953043,4,2005-03-17
7970,2327743,3,2005-05-19
7970,22432,3,2000-01-14
7970,2352824,4,2001-03-26
7970,114873,3,2003-02-21
7970,1171236,3,2001-08-27
7970,1959929,3,2003-02-13
7970,1064554,4,2004-06-16
7970,38147,4,2005-08-20
7970,1885787,3,2003-03-05
7970,564016,4,2004-08-11
7970,313029,4,2004-06-10
7970,2411423,3,2004-09-23
7970,2185396,2,2004-10-22
7970,1171590,3,2005-01-05
7970,2374782,5,2005-04-18
7970,246569,4,2005-06-06
7970,2342550,3,2005-10-11
7970,778465,3,2005-11-07
7970,554225,3,2000-02-10
7970,2180134,5,2001-10-04
7970,188846,3,2001-12-27
7970,1021179,4,2002-01-28
7970,242171,3,2002-01-09
7970,507094,3,2004-10-16
7970,2618128,5,2005-05-16
7970,1981061,1,2005-09-16
7970,52100,5,2005-09-22
7970,1111941,5,2003-06-06
7970,1633863,4,2002-09-17
7970,740515,4,2002-01-31
7970,1640546,3,2002-01-24
7970,2453603,3,2005-08-01
7970,329958,1,2004-07-11
7970,910244,3,2004-10-20
7970,931565,4,2004-11-05
7970,527592,5,2005-06-26
7970,1469949,5,2005-11-01
7970,821222,5,2005-11-11
7970,519761,3,2002-07-29
7970,505260,4,2000-02-04
7970,1821320,3,2001-09-22
7970,1547701,4,2001-12-29
7970,504243,4,2002-05-22
7970,2606971,3,2003-03-05
7970,994563,5,2004-03-23
7970,234531,2,2005-08-30
7970,1745173,4,2005-09-07
7970,1573438,4,2004-04-16
7970,741564,4,2005-02-06
7970,696211,3,2005-02-09
7970,247474,3,2005-02-27
7970,420623,2,2005-02-28
7970,862596,3,2005-10-07
7970,1822396,4,2005-11-04
7970,1225596,4,2005-11-14
7970,1673594,3,2005-11-14
7970,2051756,5,2002-02-08
7970,101807,5,2001-10-17
7970,1494238,1,2003-09-28
7970,641264,4,2002-03-01
7970,1456270,1,2002-02-18
7970,2130988,4,2002-05-13
7970,83858,4,2003-10-09
7970,549011,5,2004-05-22
7970,813659,3,2004-03-22
7970,137309,4,2004-10-18
7970,461931,3,2004-11-03
7970,835351,3,2005-02-12
7970,936354,4,2005-03-06
7970,1137522,5,2005-07-10
7970,1802392,3,2002-01-19
7970,946380,3,2005-08-02
7970,1353566,4,2003-07-10
7970,518325,4,2004-03-30
7970,877302,2,2004-05-04
7970,761782,3,2004-06-09
7970,1454129,3,2004-10-22
7970,2268553,4,2004-11-01
7970,1815083,5,2004-11-24
7970,1409607,5,2004-12-30
7970,1903095,4,2004-12-31
7970,1423668,4,2005-01-07
7970,674346,5,2005-03-21
7970,2576043,3,2005-05-15
7970,1946970,3,2005-06-14
7970,2434169,3,2005-09-10
7970,2200057,5,2005-12-14
7970,10007,5,2005-12-31
7970,2620545,3,2003-03-05
7970,1496851,4,2002-01-01
7970,1189210,4,2002-02-27
7970,612275,3,2002-04-28
7970,910945,5,2004-08-09
7970,2059197,4,2004-10-27
7970,935151,2,2004-12-22
7970,2035166,5,2005-01-27
7970,1971796,3,2005-06-29
7970,1149851,5,2001-01-01
7970,2234845,3,2001-12-29
7970,2384044,5,2004-08-03
7970,890221,5,2001-05-03
7970,2245671,2,2001-06-14
7970,919160,3,2003-06-03
7970,1870679,3,2002-03-14
7970,15613,4,2005-08-27
7970,25049,3,2004-04-21
7970,2509048,3,2004-03-14
7970,166809,5,2004-10-14
7970,813213,4,2005-01-24
7970,2135891,3,2005-05-10
7970,2327143,3,2000-02-04
7970,840763,4,2004-04-11
7970,1207886,4,2002-03-29
7970,927129,5,2003-08-16
7970,127291,5,2005-08-18
7970,1063193,4,2004-08-08
7970,983272,3,2004-11-11
7970,879085,5,2005-03-29
7970,1291859,5,2005-05-17
7970,779811,4,2005-06-15
7970,1286485,5,2005-09-16
7970,992021,3,2005-12-06
7970,1675269,3,2005-12-27
7970,1341267,4,2002-01-14
7970,977733,5,2001-12-28
7970,213297,4,2005-08-31
7970,2037342,5,2004-08-19
7970,2135838,4,2004-12-23
7970,2329672,5,2005-02-25
7970,2246248,4,2005-06-08
7970,1076126,4,2005-06-12
7970,1419816,4,2005-06-17
7970,2400866,3,2001-01-22
7970,862040,4,2001-01-01
7970,1476458,3,2001-02-27
7970,347276,3,2004-01-25
7970,1822091,5,2003-11-07
7970,1036336,5,2004-06-08
7970,705166,3,2004-07-27
7970,2613069,4,2004-05-26
7970,1094767,4,2004-12-27
7970,1826418,4,2005-01-19
7970,75976,5,2005-02-26
7970,1301819,3,2005-03-03
7970,1896880,3,2005-04-05
7970,1049142,4,2005-04-26
7970,2511680,5,2005-06-04
7970,2522284,4,2005-07-01
7970,2372931,2,2005-10-30
7970,972267,5,2005-12-07
7970,2132950,4,2005-07-06
7970,1856091,5,2002-03-12
7970,2541020,4,2002-01-25
7970,1298511,3,2002-02-24
7970,2401372,4,2002-03-03
7970,1725567,5,2002-09-01
7970,2518677,3,2003-12-22
7970,1535722,3,2004-04-15
7970,396140,3,2003-06-03
7970,1201884,3,2005-08-12
7970,1905594,4,2004-06-29
7970,1331155,3,2003-06-06
7970,1954981,5,2004-02-22
7970,1527900,5,2004-06-26
7970,1894043,4,2005-02-18
7970,1772215,4,2005-04-13
7970,2286756,4,2005-06-07
7970,678306,5,2005-06-19
7970,1928583,5,2005-06-28
7970,1675183,1,2005-09-05
7970,2459229,3,2003-06-07
7970,1011240,3,2002-01-03
7970,978624,3,2002-09-17
7970,504440,3,2005-08-12
7970,1941703,4,2003-12-03
7970,805637,5,2005-08-20
7970,1236929,3,2004-10-21
7970,1263224,1,2005-01-19
7970,363047,3,2005-11-07
7970,1400327,3,2002-08-27
7970,1444057,5,2004-03-30
7970,517441,4,2004-06-28
7970,684531,4,2003-05-14
7970,423715,5,2004-03-17
7970,2268022,4,2004-07-04
7970,618011,3,2004-07-20
7970,1428452,4,2004-11-14
7970,2160099,5,2004-11-16
7970,981753,3,2004-11-16
7970,1843785,4,2005-02-07
7970,1717532,5,2005-05-25
7970,402980,4,2005-09-15
7970,1124641,4,2005-10-17
7970,2303590,4,2005-11-15
7970,913371,3,2005-07-05
7970,1686880,3,2000-02-01
7970,390420,3,2002-06-03
7970,2206623,4,2005-07-21
7970,1327342,3,2003-09-15
7970,585132,3,2002-05-31
7970,1975898,2,2003-01-03
7970,504503,3,2003-02-13
7970,323243,2,2005-08-30
7970,2541757,4,2004-08-07
7970,1901490,4,2004-04-26
7970,2515580,3,2004-11-29
7970,1935793,2,2005-01-19
7970,1539909,4,2005-11-28
7970,1287550,3,2000-02-27
7970,202114,3,2002-01-06
7970,2393981,3,2004-09-14
7970,1942786,2,2004-06-23
7970,808020,3,2002-02-25
7970,1512836,4,2002-02-24
7970,1062150,3,2005-09-01
7970,1477153,3,2004-01-30
7970,729654,5,2005-11-02
7970,1341082,5,2005-12-02
7970,1694103,2,2002-01-29
7970,437586,2,2003-02-13
7970,1816884,2,2003-07-03
7970,2210044,3,2003-08-14
7970,707012,5,2004-06-05
7970,596267,4,2004-03-27
7970,662124,5,2004-10-15
7970,663435,5,2004-11-29
7970,1204665,3,2005-01-20
7970,1574148,4,2005-03-24
7970,1625485,3,2005-06-18
7970,1002943,3,2005-09-07
7970,1106280,5,2005-11-11
7970,327821,3,2000-01-23
7970,2601377,3,2002-05-15
7970,514721,4,2005-07-30
7970,1951207,3,2004-08-19
7970,369718,4,2003-09-17
7970,1663717,3,2003-02-27
7970,166041,3,2005-09-07
7970,190547,3,2004-05-19
7970,87113,3,2004-11-05
7970,66120,3,2004-12-25
7970,2455393,5,2005-01-31
7970,1551050,5,2005-04-18
7970,118224,5,2005-05-19
7970,2542901,3,2005-09-27
7970,846687,4,2005-12-08
7970,549901,1,2002-02-03
7970,1545544,4,2003-02-13
7970,1027887,4,2004-07-13
7970,1202209,5,2003-07-04
7970,574452,4,2004-03-02
7970,2033774,4,2004-04-10
7970,25461,3,2004-02-18
7970,2291306,2,2004-03-03
7970,769129,5,2005-05-01
7970,1501585,4,2005-05-04
7970,599851,4,2005-05-15
7970,2622843,4,2005-06-17
7970,951906,4,2005-11-18
7970,2634074,3,2000-05-04
7970,2397637,3,2001-04-12
7970,1893662,3,2005-03-10
7970,939439,3,2002-02-21
7970,593241,4,2002-01-01
7970,378591,4,2002-05-14
7970,2636478,4,2002-09-13
7970,1621501,4,2003-08-12
7970,509213,4,2005-05-31
7970,2226028,4,2005-11-03
7970,331432,4,2005-11-12
7970,504298,4,2005-12-08
7970,1273493,4,2005-12-17
7970,572230,3,2000-06-11
7970,2401693,3,2003-02-13
7970,1339451,2,2001-12-21
7970,808435,2,2002-02-23
7970,1238184,5,2002-03-15
7970,1601857,4,2003-05-28
7970,1631272,5,2005-08-13
7970,74533,5,2005-08-18
7970,2083745,4,2004-11-17
7970,1479374,3,2004-12-01
7970,1850468,5,2005-05-13
7970,619245,3,2000-02-06
7970,233761,4,2002-02-14
7970,598548,4,2002-04-16
7970,799201,3,2002-08-15
7970,2116769,4,2005-08-20
7970,2483467,4,2004-01-08
7970,2166828,2,2004-06-08
7970,1444741,3,2004-12-01
7970,1765315,4,2004-12-06
7970,1256534,4,2005-06-07
7970,1927026,3,2005-06-11
7970,2242180,3,2005-10-04
7970,1148604,4,2005-10-06
7970,2430909,4,2005-11-25
7970,1327885,2,2002-08-31
7970,1048629,3,2002-09-14
7970,1916602,4,2005-08-13
7970,1559743,3,2003-11-19
7970,1638466,5,2004-12-04
7970,1173987,3,2004-07-20
7970,1895259,3,2004-08-13
7970,110039,4,2004-10-22
7970,225285,3,2004-10-24
7970,831151,4,2004-11-03
7970,1961980,3,2004-11-09
7970,467596,5,2005-02-08
7970,2036973,5,2005-02-17
7970,2530987,5,2005-03-15
7970,1586533,3,2005-05-01
7970,1962110,3,2005-05-31
7970,2431562,4,2005-06-30
7970,172264,3,2005-09-17
7970,2015504,5,2005-10-03
7970,2186820,4,2005-10-17
7970,2218827,3,2005-11-07
7970,2449001,5,2001-01-26
7970,386834,1,2002-08-22
7970,1381356,3,2002-02-04
7970,1638238,5,2002-03-28
7970,2639312,4,2002-08-25
7970,2436636,4,2005-08-18
7970,271921,4,2005-09-01
7970,1203442,5,2005-09-01
7970,438340,5,2004-02-23
7970,1885002,5,2004-11-07
7970,1238670,1,2005-02-04
7970,115240,5,2005-05-22
7970,10976,3,2005-06-21
7970,2543694,5,2005-12-13
7970,311144,4,2002-12-31
7970,106250,4,2002-01-29
7970,491531,4,2002-04-23
7970,942554,5,2002-09-10
7970,2072811,3,2005-08-08
7970,1811259,5,2004-06-10
7970,1096051,4,2004-10-29
7970,1863536,5,2005-10-25
7970,2145288,4,2005-11-06
7970,1006456,3,2005-12-17
7970,4421,4,2005-07-05
7970,2066490,3,2001-04-02
7970,786931,2,2000-12-27
7970,2554035,4,2001-01-12
7970,2232703,3,2001-03-23
7970,2140245,4,2005-07-22
7970,2552024,3,2003-02-13
7970,2415041,5,2003-07-17
7970,2387526,3,2004-03-16
7970,2299681,4,2004-07-30
7970,554171,5,2004-11-01
7970,928744,5,2004-11-04
7970,1198704,4,2005-11-16
7970,1260240,5,2005-12-15
7970,2156165,3,2000-02-10
7970,980987,4,2000-04-19
7970,214501,3,2002-01-27
7970,2590402,4,2004-01-30
7970,2086901,5,2004-03-25
7970,2238629,2,2003-02-12
7970,619694,5,2004-06-29
7970,2372744,4,2004-05-11
7970,1801164,4,2003-09-29
7970,2291703,5,2003-07-19
7970,1707309,4,2004-02-17
7970,1219202,4,2004-10-20
7970,320856,1,2005-01-10
7970,1326154,3,2005-02-07
7970,1139925,3,2005-04-22
7970,546008,5,2005-07-05
7970,2309712,3,2005-07-13
7970,786747,5,2002-02-23
7970,1172676,2,2001-10-15
7970,2446344,4,2001-09-26
7970,398643,2,2002-01-24
7970,1039760,3,2002-05-14
7970,1213378,3,2002-04-17
7970,1837393,2,2005-08-03
7970,445423,5,2004-05-04
7970,894055,2,2004-01-06
7970,79527,3,2003-12-02
7970,832163,4,2003-09-28
7970,1865249,3,2004-05-24
7970,2530497,5,2004-11-03
7970,1559083,3,2004-12-15
7970,1975044,5,2005-01-19
7970,1178619,3,2005-03-14
7970,2059705,3,2005-04-27
7970,258507,3,2005-06-29
7970,778395,4,2005-11-13
7970,1557557,3,2005-11-17
7970,2349628,3,2005-12-22
7970,1277268,3,2002-02-09
7970,1690470,4,2002-01-20
7970,1124572,5,2002-05-15
7970,271346,3,2002-05-16
7970,1995008,4,2004-09-07
7970,1875008,3,2004-02-28
7970,1244628,4,2003-02-12
7970,1965498,3,2003-06-10
7970,1586924,4,2003-12-12
7970,1153365,3,2003-12-15
7970,661992,3,2004-10-18
7970,1443495,5,2004-10-19
7970,566016,5,2004-12-21
7970,564895,4,2005-03-09
7970,2299661,4,2005-10-12
7970,2180769,4,2005-10-23
7970,2387637,3,2005-12-13
7970,1581343,3,2001-08-12
7970,511883,4,2000-03-31
7970,1476102,5,2004-01-20
7970,651010,5,2002-02-22
7970,730856,3,2002-02-02
7970,2122699,2,2002-01-08
7970,1146000,3,2002-01-02
7970,1861147,4,2002-05-15
7970,482904,2,2002-08-18
7970,2022945,5,2004-03-26
7970,431947,3,2005-08-11
7970,2510262,2,2003-02-13
7970,1947378,3,2003-11-30
7970,1842511,4,2005-08-24
7970,2443747,3,2005-08-24
7970,1436791,5,2004-06-05
7970,851671,2,2004-09-19
7970,2170822,3,2005-05-18
7970,1206512,3,2005-05-29
7970,1949332,4,2005-06-17
7970,1024189,5,2005-09-07
7970,587610,4,2005-10-07
7970,2010114,5,2005-12-13
7970,182541,4,2005-12-17
7970,245371,4,2002-02-26
7970,2447368,3,2001-07-04
7970,1078549,2,2002-05-15
7970,2375962,4,2005-08-02
7970,2019578,3,2002-09-03
7970,1345636,3,2002-10-27
7970,424470,5,2003-02-12
7970,2082132,4,2003-09-13
7970,1370476,4,2004-09-07
7970,1342357,4,2004-04-12
7970,362622,5,2004-07-28
7970,411770,3,2004-04-07
7970,1840584,5,2004-04-19
7970,2256485,2,2004-07-21
7970,647979,3,2004-10-24
7970,1026860,3,2004-12-24
7970,1641072,3,2005-01-09
7970,2039278,4,2005-01-24
7970,2443283,5,2005-01-25
7970,720142,3,2005-06-02
7970,2102846,3,2005-09-16
7970,2237957,3,2003-02-27
7970,724359,4,2002-02-28
7970,450949,5,2003-04-02
7970,2085981,3,2004-07-30
7970,2303876,4,2004-11-15
7970,454895,5,2004-12-06
7970,716173,5,2005-04-06
7970,2298186,4,2005-06-15
7970,108360,3,2002-01-29
7970,280207,4,2000-02-03
7970,803330,3,2001-06-06
7970,542323,5,2002-02-26
7970,341541,3,2004-04-15
7970,1479308,5,2004-08-13
7970,806188,4,2005-02-01
7970,1299887,3,2005-02-06
7970,165720,4,2005-05-03
7970,2008069,5,2005-06-01
7970,617351,4,2005-07-07
7970,2531111,2,2001-04-17
7970,736825,4,2001-06-26
7970,369357,4,2001-12-11
7970,723110,5,2004-08-11
7970,1581481,4,2002-08-19
7970,798296,3,2003-02-13
7970,591455,2,2002-03-27
7970,1829685,1,2002-08-27
7970,1340473,5,2004-04-15
7970,2430041,3,2003-02-13
7970,321545,3,2005-08-30
7970,520507,3,2004-12-29
7970,1413644,5,2005-03-14
7970,522647,4,2005-03-15
7970,682963,4,2005-06-20
7970,1554725,3,2005-10-30
7970,1665528,4,2003-11-02
7970,1519180,3,2002-04-19
7970,2569369,4,2002-05-14
7970,1582952,3,2002-08-21
7970,16272,2,2002-08-15
7970,1934588,4,2004-02-16
7970,1830198,2,2002-09-09
7970,1130078,5,2003-12-22
7970,1055121,5,2005-09-01
7970,2229399,4,2004-05-30
7970,1417763,3,2004-04-06
7970,1338823,5,2004-12-01
7970,1976615,4,2004-12-06
7970,982098,3,2005-01-28
7970,90833,3,2005-10-03
7970,662781,4,2005-10-17
7970,2008700,4,2005-10-26
7970,804486,5,2005-07-07
7970,2201882,3,2002-02-07
7970,521074,4,2005-12-06
7970,110260,5,2002-02-27
7970,112886,3,2003-02-12
7970,2444240,3,2005-08-08
7970,671876,3,2003-02-13
7970,1328847,3,2004-02-18
7970,912340,4,2005-01-09
7970,2418086,4,2005-06-23
7970,154770,4,2005-06-27
7970,864722,4,2005-12-19
7970,342877,4,2000-03-17
7970,1358463,2,2002-02-18
7970,1617329,4,2001-07-25
7970,417746,4,2005-07-31
7970,904842,3,2004-08-04
7970,937200,5,2005-08-18
7970,679820,4,2003-07-28
7970,1163030,5,2004-04-15
7970,397612,3,2004-02-19
7970,1662118,4,2004-11-22
7970,1271816,4,2005-01-07
7970,21642,1,2005-02-28
7970,2426167,3,2000-02-22
7970,2434632,2,2002-02-11
7970,466937,3,2001-06-06
7970,114612,2,2001-07-07
7970,1818865,2,2001-08-21
7970,1840867,4,2002-02-17
7970,403106,4,2003-05-05
7970,1494683,5,2003-07-04
7970,55018,5,2004-04-22
7970,463201,1,2004-02-26
7970,319058,4,2004-07-30
7970,1742931,3,2005-01-11
7970,1118663,4,2005-02-10
7970,1222037,3,2005-06-28
7970,1035326,4,2005-06-29
7970,2173152,4,2001-01-02
7970,1194269,1,2002-02-24
7970,548484,4,2003-02-16
7970,2123285,5,2003-12-09
7970,2517588,3,2004-02-26
7970,2394024,5,2004-08-02
7970,1409555,4,2004-08-03
7970,1810833,5,2004-10-10
7970,1640519,4,2004-10-16
7970,717980,4,2004-10-27
7970,2552116,5,2005-02-06
7970,2356793,3,2005-04-10
7970,1596145,4,2005-06-15
7970,2277193,5,2005-09-07
7970,2241175,5,2005-09-20
7970,1270098,5,2005-11-01
7970,2584372,3,2000-02-16
7970,416017,4,2000-07-23
7970,1698898,4,2002-01-26
7970,2145422,4,2003-04-18
7970,545639,4,2003-10-02
7970,894232,4,2004-04-04
7970,1105663,4,2005-08-21
7970,85960,3,2004-10-31
7970,699566,5,2004-11-19
7970,1138277,5,2004-11-24
7970,1338171,4,2004-12-01
7970,1923246,5,2004-12-31
7970,2191281,5,2005-01-19
7970,1433378,5,2005-09-21
7970,2491268,3,2005-09-30
7970,858844,5,2005-11-11
7970,2230358,5,2005-11-28
7970,956788,4,2005-11-29
7970,805547,3,2000-04-05
7970,4783,5,2001-05-23
7970,1640271,4,2000-01-25
7970,500066,5,2000-04-09
7970,1617710,4,2000-04-11
7970,969304,3,2004-12-05
7970,1714506,5,2001-04-14
7970,1331370,2,2004-01-23
7970,517790,3,2003-02-13
7970,2646347,4,2004-04-29
7970,1937726,5,2004-07-05
7970,461070,4,2004-04-03
7970,2605347,4,2004-08-02
7970,247446,4,2004-11-10
7970,475322,5,2004-11-16
7970,303428,5,2000-04-08
7970,2115145,3,2002-01-03
7970,1677670,4,2002-01-31
7970,1131204,3,2002-02-02
7970,960409,4,2003-09-11
7970,1774623,4,2003-04-28
7970,305344,1,2003-09-06
7970,1852322,3,2002-09-13
7970,2334574,2,2005-01-06
7970,73331,3,2005-04-23
7970,568033,5,2005-06-12
7970,986015,3,2005-06-29
7970,1669116,5,2005-09-20
7970,232463,5,2005-09-30
7970,2554977,2,2005-10-31
7970,2328783,5,2005-11-06
7970,1062962,4,2005-12-02
7970,1689050,4,2005-07-09
7970,1867373,5,2000-02-11
7970,947574,3,2003-02-13
7970,1393207,3,2002-04-19
7970,638738,2,2002-08-17
7970,345588,5,2004-07-08
7970,1487445,3,2004-12-09
7970,567198,2,2005-01-23
7970,614278,4,2005-02-27
7970,41890,4,2005-10-17
7970,1714630,4,2002-03-02
7970,1746049,4,2002-04-23
7970,253251,5,2004-03-19
7970,1945863,3,2004-11-15
7970,385754,5,2005-01-27
7970,2226510,3,2005-02-10
7970,277633,5,2005-03-01
7970,1771513,5,2005-03-06
7970,325066,4,2005-05-01
7970,128237,4,2005-05-01
7970,449686,4,2005-10-13
7970,1835080,5,2005-10-23
7970,1939632,3,2005-11-07
7970,1710658,4,2005-11-15
7970,330460,3,2005-07-06
7970,163288,5,2002-01-28
7970,10251,4,2002-08-21
7970,2603059,3,2005-07-22
7970,1242585,3,2002-03-11
7970,2591054,3,2002-03-01
7970,1038625,4,2002-02-10
7970,1268171,5,2005-08-11
7970,1383426,4,2005-01-26
7970,1205174,4,2005-02-01
7970,2322264,4,2005-03-16
7970,2328825,4,2005-05-23
7970,324261,4,2005-06-22
7970,888488,3,2005-06-28
7970,2560657,3,2005-09-26
7970,1085967,5,2005-10-06
7970,508894,4,2005-10-22
7970,1752366,4,2005-10-29
7970,1594710,3,2005-11-28
7970,1591307,3,2005-07-06
7970,446163,4,2002-08-16
7970,2458543,5,2002-05-25
7970,1912542,1,2002-09-15
7970,2123456,3,2002-03-13
7970,1819560,4,2002-03-28
7970,2450475,4,2002-09-10
7970,1898872,5,2005-02-18
7970,1370164,3,2003-10-27
7970,1270873,4,2004-09-15
7970,1413087,3,2004-10-19
7970,430575,4,2004-11-06
7970,802316,5,2004-11-23
7970,2563498,5,2004-12-28
7970,1144671,3,2005-02-05
7970,876852,3,2005-03-19
7970,896534,4,2005-06-01
7970,1676752,5,2005-06-13
7970,2147527,2,2005-11-18
7970,2288889,5,2005-10-23
7970,891954,3,2000-01-29
7970,357448,3,2002-04-23
7970,74441,5,2000-12-15
7970,1874176,2,2002-09-06
7970,1346439,3,2002-01-27
7970,99893,3,2002-02-04
7970,2310042,4,2004-07-06
7970,1328352,2,2003-07-01
7970,1978865,5,2005-08-21
7970,1894721,4,2004-04-08
7970,2116838,4,2004-05-21
7970,599831,4,2004-07-12
7970,1491358,4,2005-01-25
7970,2438832,4,2005-03-02
7970,2260460,1,2005-06-17
7970,2343759,3,2005-09-18
7970,1489629,5,2005-10-07
7970,2079983,3,2005-11-02
7970,1183437,2,2005-12-12
7970,1777233,3,2002-02-02
7970,1501056,4,2003-10-03
7970,256278,4,2003-09-16
7970,2556279,4,2005-09-07
7970,2494105,4,2004-10-16
7970,2254385,4,2004-11-22
7970,2380603,4,2004-11-25
7970,1295373,5,2005-01-12
7970,2504803,4,2005-03-15
7970,168729,3,2005-03-18
7970,611082,4,2005-04-21
7970,1861500,3,2005-04-25
7970,2348693,5,2005-10-26
7970,1949010,5,2005-11-14
7970,2039684,4,2005-11-17
7970,890675,2,2005-12-02
7970,2376301,5,2005-12-18
7970,2243149,1,2000-04-20
7970,1896997,3,2004-06-07
7970,2600927,5,2001-03-31
7970,3458,3,2002-01-07
7970,927696,5,2004-03-10
7970,1889832,1,2002-02-01
7970,1562255,2,2002-08-31
7970,1332126,5,2002-08-31
7970,709119,5,2004-04-06
7970,2464081,5,2004-04-09
7970,620010,2,2004-07-29
7970,2285614,5,2005-02-01
7970,387423,4,2005-02-16
7970,1858693,5,2005-03-29
7970,802403,5,2005-05-16
7970,332471,4,2005-05-20
7970,2188684,3,2005-12-17
7970,2257323,3,2000-02-20
7970,2536991,3,2001-08-14
7970,1295902,3,2002-04-23
7970,160114,2,2005-08-16
7970,688051,3,2005-08-19
7970,1524551,1,2003-11-25
7970,1812156,5,2004-11-01
7970,1536328,3,2004-12-30
7970,2446249,4,2005-01-20
7970,2614562,3,2005-02-16
7970,2577654,4,2005-04-06
7970,825831,4,2005-05-30
7970,1494268,3,2005-09-16
7970,1462211,2,2005-10-11
7970,2479307,5,2001-09-05
7970,1659792,4,2004-12-04
7970,2006046,2,2005-07-21
7970,571278,2,2002-05-14
7970,655601,4,2002-08-21
7970,2463409,3,2005-08-08
7970,829490,5,2004-03-12
7970,1916105,5,2004-03-23
7970,2437552,4,2004-10-23
7970,395187,3,2005-01-03
7970,338723,5,2005-02-15
7970,1683813,3,2005-05-17
7970,1643146,4,2005-05-31
7970,2205709,3,2005-06-06
7970,537338,3,2005-11-04
7970,2381313,4,2005-11-08
7970,1204189,3,2005-12-08
7970,584352,3,2001-01-13
7970,2124788,1,2000-12-26
7970,361393,2,2002-07-03
7970,1444287,4,2001-12-20
7970,1284036,5,2003-05-07
7970,2584676,2,2005-08-06
7970,2643627,3,2004-05-26
7970,2556321,4,2005-01-02
7970,780391,3,2005-01-04
7970,801591,5,2005-03-18
7970,942630,3,2005-05-17
7970,1000387,3,2005-06-27
7970,494014,3,2005-11-14
7970,1444062,4,2005-11-25
7970,1539119,3,2002-08-01
7970,1123618,3,2005-07-20
7970,1039782,4,2005-07-23
7970,1223912,3,2002-02-21
7970,669635,3,2002-03-14
7970,1391586,2,2003-02-28
7970,1517327,3,2003-06-04
7970,2010467,5,2004-03-21
7970,1701762,3,2004-08-09
7970,1068114,3,2004-12-31
7970,2407994,2,2005-03-28
7970,2315012,4,2005-05-16
7970,1065445,3,2005-06-10
7970,1376627,4,2005-10-15
7970,1834396,1,2005-11-14
7970,337556,1,2002-02-24
7970,1210026,3,2002-02-05
7970,472933,3,2003-04-19
7970,2185222,3,2004-02-10
7970,1639386,3,2004-07-12
7970,1054783,5,2004-03-22
7970,1335658,5,2004-11-03
7970,644104,5,2004-11-04
7970,161965,3,2005-02-02
7970,360264,3,2005-03-04
7970,2216322,4,2005-04-09
7970,2182050,4,2005-06-30
7970,1763541,4,2005-09-10
7970,2345403,3,2005-09-15
7970,736927,3,2005-10-05
7970,1392820,5,2005-10-19
7970,633086,3,2000-01-06
7970,914728,4,2000-02-12
7970,1484157,5,2000-03-07
7970,2398969,4,2001-08-04
7970,444116,2,2002-01-02
7970,168318,4,2005-02-19
7970,1195638,5,2004-08-11
7970,902413,4,2004-06-15
7970,1562707,4,2004-08-13
7970,630985,5,2004-11-12
7970,1963678,3,2005-03-11
7970,1420308,5,2005-04-06
7970,159159,3,2005-05-25
7970,1898957,5,2005-10-25
7970,1587290,3,2005-11-08
7970,87674,4,2005-12-08
7970,757648,4,2003-12-26
7970,2112235,4,2001-05-05
7970,2155077,5,2002-01-27
7970,1745870,4,2004-06-01
7970,1992121,3,2003-02-12
7970,370489,3,2003-03-05
7970,649547,4,2004-10-18
7970,1392047,3,2005-04-06
7970,654373,5,2005-05-16
7970,1552874,4,2005-06-28
7970,1827612,5,2005-06-28
7970,2545033,5,2005-12-28
7970,14682,4,2004-07-01
7970,1930402,5,2004-05-17
7970,1176763,5,2005-07-24
7970,981307,3,2004-01-11
7970,902603,3,2002-08-29
7970,2571211,4,2003-01-09
7970,2105004,5,2003-02-13
7970,669940,5,2004-08-09
7970,853459,4,2004-08-05
7970,1477154,4,2004-12-13
7970,2276002,3,2005-01-03
7970,2296610,4,2005-02-24
7970,2399274,4,2005-03-17
7970,1810746,5,2005-04-27
7970,1334965,4,2005-07-23
7970,417046,3,2002-01-17
7970,1633784,3,2002-02-27
7970,1961172,3,2004-07-15
7970,1020214,4,2003-09-26
7970,1767931,4,2004-03-15
7970,2564562,4,2005-01-26
7970,2532502,3,2005-02-10
7970,1431356,3,2005-02-13
7970,1449277,4,2000-03-06
7970,1114818,5,2001-06-16
7970,162333,3,2001-04-07
7970,1191821,3,2000-12-18
7970,328651,4,2001-07-06
7970,2029705,1,2001-12-28
7970,646323,4,2004-01-21
7970,813553,2,2003-12-11
7970,402266,3,2004-07-08
7970,2113422,4,2004-11-24
7970,290342,4,2005-01-27
7970,1431104,2,2005-02-01
7970,1984978,3,2005-02-21
7970,2293882,3,2005-02-22
7970,368014,3,2005-03-07
7970,1035969,5,2005-05-19
7970,134829,4,2005-06-07
7970,1008069,3,2005-06-27
7970,1462866,4,2004-03-22
7970,128989,2,2000-02-28
7970,1275094,4,2002-04-21
7970,1731512,4,2005-07-14
7970,752642,3,2001-05-31
7970,128040,5,2003-09-29
7970,1391691,3,2002-02-20
7970,577616,4,2004-06-12
7970,1789736,4,2004-06-22
7970,2273335,5,2004-06-26
7970,1596646,3,2004-10-27
7970,552991,3,2004-12-07
7970,938764,3,2004-12-17
7970,1879475,5,2005-03-17
7970,718288,4,2005-09-15
7970,1438498,3,2000-01-18
7970,1240319,5,2001-01-09
7970,2587909,5,2005-07-21
7970,522468,4,2002-02-10
7970,1488032,4,2004-07-28
7970,1756620,2,2002-08-26
7970,2131287,5,2002-08-28
7970,2261631,5,2004-06-02
7970,2484834,4,2004-06-10
7970,1720038,3,2004-03-23
7970,2212260,5,2004-10-17
7970,1366162,3,2005-01-04
7970,1600592,5,2005-02-11
7970,313269,4,2005-06-09
7970,1908103,4,2001-03-31
7970,1976216,4,2001-03-18
7970,2491477,4,2005-07-17
7970,2445689,3,2001-07-03
7970,2232911,3,2005-07-19
7970,900771,2,2002-04-19
7970,1696141,3,2002-01-08
7970,983702,3,2004-06-10
7970,1537868,5,2004-06-22
7970,1322793,3,2004-09-09
7970,1488719,5,2004-03-23
7970,1289218,4,2005-09-22
7970,1477014,5,2004-08-08
7970,2338855,4,2004-11-28
7970,1511565,2,2005-01-05
7970,1889496,3,2005-02-23
7970,1996016,4,2005-03-08
7970,255467,3,2005-05-19
7970,377907,5,2005-06-24
7970,2166584,3,2005-07-03
7970,1274966,5,2005-12-16
7970,1193144,3,2005-07-18
7970,880773,3,2002-01-15
7970,1599204,3,2002-01-26
7970,970841,4,2004-01-22
7970,1224756,5,2002-08-15
7970,2255880,2,2002-11-21
7970,1611977,4,2005-08-27
7970,872924,3,2004-05-26
7970,323101,3,2004-08-11
7970,1935445,4,2004-10-19
7970,885386,3,2005-02-27
7970,913814,5,2005-03-08
7970,169989,5,2005-06-16
7970,2095153,3,2005-06-23
7970,1779310,5,2005-06-28
7970,565251,5,2001-02-13
7970,2026317,4,2004-12-05
7970,2237101,4,2004-03-22
7970,1979737,4,2002-05-12
7970,1704016,3,2003-11-16
7970,635441,5,2004-08-20
7970,2228763,5,2004-04-02
7970,1526365,4,2004-03-24
7970,2329196,4,2004-11-18
7970,1536977,3,2005-01-09
7970,397001,4,2005-02-25
7970,2103916,4,2005-03-18
7970,10679,4,2005-04-02
7970,1576405,3,2005-09-11
7970,1264320,4,2005-10-22
7970,1421792,4,2005-12-17
7970,2054907,2,2001-02-14
7970,2364062,4,2005-07-14
7970,2134527,3,2001-08-30
7970,635569,3,2002-02-01
7970,1914282,4,2002-01-25
7970,2160851,2,2002-05-15
7970,1745107,3,2005-02-19
7970,894081,4,2003-04-02
7970,1013474,5,2004-08-23
7970,4597,4,2004-10-01
7970,1330588,2,2004-12-14
7970,1124753,4,2004-12-14
7970,2472682,4,2005-01-19
7970,863644,3,2005-01-27
7970,1621754,4,2005-04-17
7970,239706,3,2005-05-16
7970,2360244,4,2005-06-26
7970,867311,5,2005-06-27
7970,2481827,4,2005-09-10
7970,1351411,3,2002-08-17
7970,964576,4,2003-02-14
7970,98601,4,2005-08-10
7970,878148,2,2003-03-04
7970,2195910,4,2004-01-24
7970,1087248,5,2004-06-06
7970,881913,4,2003-10-01
7970,1949320,5,2005-02-15
7970,1958902,3,2005-09-13
7970,684590,3,2005-11-15
7970,325073,3,2001-05-18
7970,1312412,3,2000-02-17
7970,207972,4,2002-05-01
7970,1512579,3,2003-12-28
7970,348567,5,2002-06-16
7970,2598658,4,2003-11-22
7970,1389968,3,2005-08-13
7970,1103178,4,2004-05-10
7970,327575,2,2004-05-17
7970,41908,3,2004-03-29
7970,1606779,4,2005-01-05
7970,1436780,3,2005-02-28
7970,1609449,5,2005-03-10
7970,2093590,3,2005-04-10
7970,826558,5,2005-05-14
7970,896279,4,2005-06-01
7970,117768,4,2000-04-19
7970,1517470,4,2002-05-02
7970,833274,3,2002-02-23
7970,1745463,4,2002-08-27
7970,1221163,3,2004-04-13
7970,2247982,4,2004-07-26
7970,2277041,4,2004-10-18
7970,1553150,3,2005-02-16
7970,1504759,4,2005-03-06
7970,837133,5,2005-04-25
7970,1871,4,2005-05-19
7970,979424,5,2005-09-28
7970,2133885,3,2005-11-08
7970,2596673,4,2002-02-01
7970,667095,4,2001-04-06
7970,2633985,3,2002-02-12
7970,199023,1,2002-03-17
7970,2371038,1,2005-08-09
7970,1469037,3,2003-03-05
7970,1077403,5,2004-03-18
7970,1096568,4,2004-06-10
7970,207793,4,2005-04-13
7970,1702035,4,2005-07-02
7970,1509285,4,2005-11-06
7970,2049659,3,2002-02-01
7970,940066,3,2002-01-25
7970,1933592,5,2002-01-01
7970,1979447,2,2002-08-27
7970,211205,4,2002-09-16
7970,2556238,3,2003-01-15
7970,2113665,5,2005-08-19
7970,171855,4,2004-01-28
7970,1027719,3,2004-12-08
7970,2261444,3,2005-01-02
7970,1933986,4,2005-01-19
7970,2020157,5,2005-02-28
7970,546485,5,2005-06-22
7970,708047,5,2005-07-01
7970,1164175,4,2005-09-05
7970,1181111,3,2005-10-22
7970,2434893,5,2005-10-24
7970,119552,4,2005-11-09
7970,2577467,4,2005-11-30
7970,1772362,4,2000-03-04
7970,1166536,3,2003-11-04
7970,788785,4,2005-08-30
7970,897304,3,2005-09-02
7970,670488,5,2004-03-15
7970,61810,3,2004-08-30
7970,1044034,3,2004-11-20
7970,37974,4,2004-12-27
7970,1558593,4,2005-01-02
7970,297262,4,2005-01-09
7970,426942,4,2005-02-21
7970,230265,3,2005-02-22
7970,2004963,3,2005-06-25
7970,1945079,4,2005-10-03
7970,1438161,4,2005-12-26
7970,2152465,3,2005-07-19
7970,2104033,3,2001-12-19
7970,943314,5,2003-12-01
7970,1336172,3,2005-08-19
7970,828344,3,2004-04-27
7970,908626,5,2004-06-07
7970,1905715,4,2004-03-29
7970,1728944,2,2004-02-27
7970,1884863,3,2004-03-30
7970,472734,4,2005-01-24
7970,1138544,4,2005-03-19
7970,2133714,5,2005-05-11
7970,1973951,5,2005-09-25
7970,800924,5,2005-10-12
7970,2059635,4,2005-11-19
7970,1190829,3,2000-02-03
7970,17462,2,2001-09-05
7970,1810656,3,2001-11-06
7970,2361743,3,2001-11-30
7970,1613281,5,2002-01-13
7970,1413657,4,2003-03-07
7970,1169361,2,2003-02-12
7970,963048,3,2004-12-18
7970,2407957,5,2004-12-22
7970,1427824,5,2005-10-11
7970,2202749,3,2005-12-24
7970,494492,4,2005-07-21
7970,2360817,5,2002-01-13
7970,753444,5,2002-05-17
7970,2305495,5,2005-07-30
7970,1395688,3,2002-07-16
7970,1541916,3,2002-08-24
7970,127959,4,2004-08-10
7970,1005185,5,2004-07-18
7970,624365,2,2004-10-19
7970,2342874,4,2005-01-04
7970,1694370,3,2005-05-23
7970,1419718,5,2005-09-15
7970,2118461,4,2005-09-15
7970,169028,4,2002-01-29
7970,1333065,3,2002-09-13
7970,1108065,3,2003-02-12
7970,237286,3,2002-08-18
7970,1418521,4,2004-06-04
7970,644111,3,2004-12-27
7970,9371,4,2005-03-28
7970,1379440,3,2005-11-26
7970,25209,3,2005-07-10
7970,876910,3,2003-02-14
7970,157796,2,2002-08-15
7970,2538567,3,2005-08-09
7970,2632990,4,2004-12-04
7970,2351402,3,2004-04-02
7970,756299,3,2005-08-26
7970,2384469,4,2005-08-30
7970,1814125,4,2004-09-14
7970,1872329,3,2004-10-25
7970,2241522,3,2005-01-02
7970,1337699,3,2005-05-19
7970,392651,3,2005-06-04
7970,2320997,4,2005-06-24
7970,1690079,3,2005-09-03
7970,152128,4,2005-10-22
7970,1622338,3,2005-11-02
7970,741248,3,2005-11-08
7970,341330,4,2003-02-14
7970,19572,5,2005-04-30
7970,2090850,4,2002-01-10
7970,2483898,5,2005-07-19
7970,950903,4,2005-07-21
7970,165831,3,2002-01-31
7970,2532801,4,2005-07-26
7970,387418,1,2003-09-11
7970,2584254,3,2004-03-12
7970,1580437,4,2003-02-27
7970,1614714,5,2004-03-15
7970,2052520,2,2003-09-11
7970,364236,5,2005-09-03
7970,1172510,5,2004-01-21
7970,977703,5,2004-07-26
7970,392025,4,2005-01-20
7970,1361282,3,2005-04-03
7970,508379,5,2005-06-01
7970,2299744,4,2005-10-02
7970,756117,4,2005-11-03
7970,2336203,5,2005-11-22
7970,423167,3,2000-01-19
7970,2222089,4,2001-04-13
7970,1579537,2,2001-08-26
7970,1675966,3,2002-08-17
7970,1015473,4,2002-08-16
7970,691808,4,2002-08-22
7970,350366,5,2003-10-09
7970,1310425,3,2004-10-30
7970,2452430,4,2004-11-30
7970,572360,5,2005-01-26
7970,292028,3,2005-03-04
7970,2087629,4,2005-03-08
7970,155142,3,2005-06-05
7970,539631,5,2005-06-29
7970,1541048,4,2005-09-11
7970,963663,5,2005-09-30
7970,1250802,4,2005-12-18
7970,766680,5,2004-05-19
7970,2325440,2,2000-02-07
7970,204154,4,2001-04-24
7970,756648,4,2001-04-01
7970,803605,3,2002-09-18
7970,1029163,3,2002-04-18
7970,1993723,5,2005-08-26
7970,676989,4,2004-07-08
7970,1436573,5,2004-08-05
7970,107909,3,2003-11-17
7970,607897,3,2004-02-26
7970,590473,4,2004-10-20
7970,48036,5,2005-06-10
7970,1470396,4,2001-02-09
7970,684596,3,2003-02-13
7970,2120912,4,2004-06-22
7970,1434153,4,2002-02-03
7970,2048294,5,2005-07-23
7970,762651,5,2002-08-16
7970,771844,3,2003-05-21
7970,2411252,5,2005-09-01
7970,2347632,4,2003-09-10
7970,1292344,4,2004-03-27
7970,1672014,1,2004-11-17
7970,815122,5,2005-02-15
7970,1981621,3,2005-06-22
7970,370622,4,2005-06-30
7970,2189707,4,2005-11-03
7970,1876574,5,2004-01-20
7970,1474031,4,2001-07-20
7970,2498592,4,2005-07-21
7970,1114493,5,2002-01-12
7970,1719571,4,2002-03-13
7970,352451,5,2004-05-13
7970,1655583,5,2005-01-04
7970,1836124,4,2005-03-12
7970,1150705,1,2005-09-13
7970,2242513,4,2005-09-15
7970,757796,5,2005-10-14
7970,1654619,5,2005-11-07
7970,785992,4,2003-09-12
7970,28658,3,2003-02-12
7970,181124,1,2004-07-09
7970,2600055,5,2004-04-07
7970,772337,4,2004-07-31
7970,1540290,3,2004-11-23
7970,191776,3,2004-12-06
7970,97608,5,2005-05-02
7970,1000815,4,2005-05-28
7970,958687,5,2000-04-14
7970,1672386,3,2002-01-09
7970,2153721,3,2001-06-29
7970,80652,4,2001-07-11
7970,1298036,3,2001-12-27
7970,1130863,1,2002-01-19
7970,2281872,4,2005-09-01
7970,627235,4,2004-05-21
7970,1566168,4,2004-03-25
7970,2186537,1,2005-01-06
7970,2120289,5,2005-01-09
7970,2320222,5,2005-11-04
7970,2132683,3,2005-12-14
7970,80751,3,2002-02-19
7970,1128780,3,2002-08-21
7970,1566001,3,2003-12-02
7970,2120970,3,2005-08-23
7970,2435399,4,2004-08-30
7970,275600,3,2005-01-30
7970,1152133,1,2005-02-02
7970,2127196,4,2005-06-09
7970,1044523,3,2005-10-13
7970,1886528,3,2005-11-07
7970,2305752,3,2005-07-07
7970,676309,4,2002-04-18
7970,1302981,2,2002-03-06
7970,1966687,3,2005-08-05
7970,1663888,4,2003-11-08
7970,387819,3,2003-10-01
7970,2643193,4,2004-06-21
7970,2350588,5,2004-08-11
7970,2103116,3,2004-11-20
7970,1561964,4,2004-12-19
7970,2516445,4,2005-02-16
7970,202018,5,2005-03-03
7970,806369,5,2005-03-04
7970,1921722,5,2005-04-01
7970,355834,3,2005-04-03
7970,2291010,4,2005-04-04
7970,2156368,4,2005-05-11
7970,1834097,5,2005-09-10
7970,115926,4,2005-11-22
7970,867904,3,2000-01-25
7970,2621354,5,2005-07-16
7970,1267805,3,2002-01-02
7970,1163477,4,2002-01-31
7970,2045142,4,2002-02-05
7970,469141,5,2002-09-10
7970,1450883,4,2003-12-02
7970,8388,3,2005-08-19
7970,1519692,4,2003-09-11
7970,531010,4,2004-05-14
7970,2540263,5,2004-06-18
7970,2400754,3,2005-10-04
7970,2041854,5,2004-12-14
7970,779485,2,2005-02-09
7970,2555055,4,2005-02-26
7970,1356127,3,2005-04-03
7970,2493406,5,2005-11-14
7970,289710,4,2000-02-08
7970,2315108,3,2005-08-09
7970,409260,3,2003-11-24
7970,2347696,1,2004-11-16
7970,1480571,3,2005-09-13
7970,2179492,5,2005-11-21
7970,231249,4,2005-11-25
7970,256057,5,2005-12-29
7970,1785209,4,2001-05-19
7970,1840542,3,2001-08-30
7970,1057992,2,2001-09-27
7970,2083130,2,2002-05-13
7970,685113,5,2004-03-24
7970,111200,4,2005-08-24
7970,935922,5,2004-08-22
7970,2485869,3,2004-10-04
7970,1284569,4,2004-11-01
7970,1460499,4,2004-11-21
7970,105115,5,2005-02-02
7970,2416293,5,2005-04-19
7970,2021160,3,2005-06-28
7970,675407,3,2005-06-28
7970,1037245,4,2005-12-28
7970,1771053,4,2005-07-05
7970,947483,4,2003-02-12
7970,1173289,3,2002-01-10
7970,1399249,3,2002-02-14
7970,2291170,5,2003-03-04
7970,1688316,3,2003-06-01
7970,1204865,2,2005-08-26
7970,642384,5,2004-07-31
7970,2124608,2,2004-02-05
7970,1872980,3,2004-07-20
7970,675558,3,2004-12-13
7970,133129,4,2004-12-25
7970,2151636,5,2005-03-03
7970,2116966,3,2005-05-24
7970,166071,5,2005-11-08
7970,1317086,3,2000-02-21
7970,2548453,5,2005-08-11
7970,1666805,3,2005-08-15
7970,1604783,3,2003-02-28
7970,1210147,4,2003-11-13
7970,144894,4,2004-01-05
7970,1056238,5,2004-04-24
7970,1791019,4,2004-12-13
7970,1779909,3,2005-11-06
7970,1183619,4,2005-11-29
7970,288127,4,2005-07-10
7970,2449832,5,2002-02-17
7970,1478708,3,2002-01-02
7970,2492108,3,2002-04-18
7970,1639792,1,2002-04-16
7970,1233297,3,2004-01-11
7970,25758,3,2005-08-03
7970,1302590,2,2002-09-17
7970,1279360,4,2004-05-15
7970,1949183,4,2004-05-10
7970,907253,4,2004-07-26
7970,2382912,4,2004-12-18
7970,744155,4,2005-01-19
7970,2087606,3,2005-02-11
7970,1336792,4,2005-05-01
7970,147379,4,2005-09-27
7970,599407,4,2005-10-06
7970,1437925,2,2005-10-09
7970,232301,4,2005-11-22
7970,722983,5,2002-02-20
7970,1576504,2,2001-07-09
7970,1665566,4,2001-09-06
7970,57633,5,2001-12-16
7970,1119026,4,2001-12-31
7970,525904,5,2003-11-30
7970,1654594,4,2003-04-29
7970,1265131,4,2003-10-02
7970,138833,4,2003-06-06
7970,972852,3,2003-03-04
7970,135215,4,2004-02-28
7970,805988,5,2004-11-12
7970,814013,2,2004-12-17
7970,1521628,4,2005-01-05
7970,70125,5,2005-04-01
7970,148395,3,2005-05-10
7970,409327,5,2005-06-08
7970,1763703,3,2005-10-10
7970,143250,4,2005-10-24
7970,2373636,5,2005-11-29
7970,1000489,4,2004-05-12
7970,202472,5,2005-07-24
7970,256676,4,2002-02-06
7970,1507727,1,2002-08-16
7970,2398330,4,2002-10-28
7970,1569103,4,2003-11-12
7970,998236,3,2004-07-30
7970,2143500,4,2004-12-08
7970,1607558,3,2005-06-26
7970,1871973,3,2005-09-21
7970,1385895,4,2002-01-18
7970,306153,3,2003-07-31
7970,470977,1,2003-03-20
7970,1797765,3,2005-07-17
7970,2194555,4,2001-10-30
7970,2460347,1,2004-03-25
7970,1807199,3,2002-09-09
7970,1014151,3,2002-09-08
7970,629623,3,2004-07-20
7970,2436452,5,2003-11-09
7970,2386274,3,2003-12-09
7970,1674931,3,2004-02-23
7970,1033930,4,2004-04-04
7970,1216880,3,2004-07-08
7970,2526414,3,2004-03-23
7970,2621229,5,2005-05-04
7970,1364103,3,2005-05-07
7970,2198123,2,2005-06-13
7970,394501,5,2005-09-12
7970,518137,3,2005-10-05
7970,1370787,3,2005-11-21
7970,1698540,3,2005-12-14
7970,1545694,3,2005-07-28
7970,797134,3,2005-08-07
7970,557502,5,2004-05-12
7970,1199688,2,2004-10-25
7970,2332943,3,2005-03-07
7970,86051,4,2005-03-14
7970,1846943,3,2005-05-31
7970,1351898,3,2005-09-17
7970,2346240,4,2002-02-07
7970,962147,4,2002-01-09
7970,1817069,3,2002-01-15
7970,3363,3,2002-08-24
7970,1069243,1,2002-08-22
7970,2378370,5,2005-08-09
7970,2293530,4,2005-08-12
7970,1937874,5,2005-08-18
7970,450423,5,2004-02-27
7970,1006655,4,2004-06-11
7970,219481,4,2005-09-11
7970,2269230,4,2005-12-29
7970,1451703,3,2003-02-14
7970,2349702,3,2001-12-26
7970,2023200,4,2002-04-23
7970,683254,3,2002-02-18
7970,2396324,3,2002-08-15
7970,193093,5,2004-05-16
7970,2259816,3,2004-02-26
7970,1906240,4,2004-01-19
7970,118753,5,2004-04-29
7970,2283211,4,2004-05-26
7970,2238060,5,2004-08-16
7970,1556216,4,2004-12-29
7970,1608439,2,2005-06-24
7970,1059961,3,2005-10-09
7970,1959417,5,2005-11-03
7970,901993,5,2001-03-11
7970,1676166,3,2002-01-27
7970,1480807,4,2002-01-24
7970,1316286,3,2003-02-13
7970,1622144,5,2005-08-05
7970,1504146,3,2003-03-09
7970,2512997,4,2003-06-26
7970,24357,5,2003-06-04
7970,830855,3,2004-02-07
7970,1852040,3,2004-03-31
7970,716649,5,2004-03-22
7970,1084524,4,2004-08-06
7970,815414,4,2004-07-11
7970,2203809,3,2004-11-10
7970,1310,3,2004-11-23
7970,1605124,3,2004-12-11
7970,337001,3,2005-01-01
7970,2551538,3,2005-01-10
7970,1350230,4,2005-01-19
7970,2268019,3,2005-02-09
7970,976626,3,2005-04-12
7970,2633723,3,2005-04-18
7970,1116653,5,2005-05-14
7970,770945,4,2005-06-02
7970,1356461,5,2005-06-07
7970,30288,3,2003-05-30
7970,2187231,2,2002-08-19
7970,391708,4,2003-06-08
7970,935396,3,2004-02-26
7970,1658458,3,2004-08-04
7970,2606295,4,2004-10-04
7970,2535617,3,2004-10-20
7970,2378461,3,2005-05-26
7970,440983,2,2005-10-22
7970,178448,4,2002-01-30
7970,1039555,4,2001-12-30
7970,983534,4,2004-10-27
7970,2304517,3,2002-01-21
7970,2485319,3,2003-06-07
7970,630175,4,2005-08-03
7970,775020,5,2003-11-07
7970,340751,2,2003-09-23
7970,872140,4,2003-12-21
7970,1634219,3,2004-08-06
7970,105982,5,2005-01-11
7970,729029,4,2005-01-19
7970,1363203,3,2005-01-25
7970,2575417,3,2005-01-26
7970,55448,4,2005-06-14
7970,568045,3,2005-09-12
7970,1526385,5,2005-12-05
7970,1891868,4,2002-09-09
7970,159730,4,2005-07-09
7970,391521,3,2004-07-29
7970,1629801,5,2005-08-03
7970,1288242,3,2004-03-28
7970,2553138,5,2003-12-05
7970,2229105,4,2003-02-13
7970,210401,3,2004-04-12
7970,1940262,2,2005-04-13
7970,1044403,4,2005-10-10
7970,751762,5,2005-07-10
7970,561636,5,2000-08-07
7970,102442,4,2001-12-28
7970,1276983,4,2002-08-16
7970,2320706,5,2003-11-17
7970,1225456,4,2003-12-04
7970,1646639,3,2005-05-12
7970,1016180,4,2005-06-07
7970,323796,5,2005-06-18
7970,1750982,4,2005-09-12
7970,237263,3,2001-06-19
7970,1165469,3,2003-10-10
7970,499856,3,2005-08-17
7970,841432,5,2005-08-18
7970,1967891,4,2004-02-23
7970,206893,3,2004-11-29
7970,749876,3,2004-12-23
7970,1396332,5,2005-02-13
7970,1911845,4,2005-02-20
7970,1635381,4,2005-11-04
7970,1027550,4,2005-11-09
7970,1451923,2,2001-06-01
7970,1834263,3,2001-10-06
7970,948109,3,2002-08-16
7970,2469405,4,2004-04-13
7970,2546283,4,2004-06-23
7970,2597108,5,2005-01-09
7970,1951711,2,2005-03-21
7970,2534166,1,2005-04-08
7970,1827080,3,2005-06-06
7970,1647899,3,2005-06-29
7970,376614,3,2002-02-08
7970,178266,4,2003-10-04
7970,1326341,5,2002-02-11
7970,510438,4,2002-01-30
7970,1134341,3,2002-02-03
7970,2166491,1,2002-02-23
7970,262410,3,2005-08-18
7970,1760851,3,2005-08-27
7970,402825,5,2004-03-16
7970,756812,3,2004-12-17
7970,929375,3,2005-02-14
7970,1426424,3,2005-03-05
7970,892495,2,2005-05-12
7970,1933317,3,2005-05-15
7970,1996682,3,2005-06-13
7970,1518164,5,2005-06-14
7970,454329,4,2005-09-11
7970,10897,3,2005-12-23
7970,2410330,1,2001-12-28
7970,112790,4,2001-08-21
7970,268334,3,2002-01-22
7970,767041,4,2002-01-11
7970,1049259,4,2002-08-16
7970,1968967,4,2004-06-22
7970,1774874,5,2005-08-16
7970,1511548,4,2003-11-19
7970,1455309,4,2004-05-21
7970,1645377,5,2004-02-18
7970,320177,4,2004-11-15
7970,1967868,4,2004-11-15
7970,2385741,3,2005-01-30
7970,452299,2,2005-03-08
7970,767597,1,2005-05-02
7970,1220181,4,2005-09-12
7970,2250944,4,2005-12-30
7970,2339023,3,2004-06-16
7970,2593384,4,2001-04-26
7970,1300759,4,2004-10-01
7970,900899,3,2004-12-09
7970,1259374,4,2005-04-03
7970,1397841,3,2005-04-10
7970,1669420,3,2005-06-23
7970,2572942,5,2005-09-26
7970,2611555,4,2005-12-19
7970,1603751,4,2001-02-11
7970,688944,4,2003-03-05
7970,2082452,1,2001-12-27
7970,695804,4,2005-07-25
7970,1097111,3,2002-02-12
7970,1649981,3,2002-05-16
7970,1921572,3,2003-09-06
7970,1956737,4,2005-08-11
7970,1933708,5,2003-11-05
7970,255278,4,2003-11-15
7970,1386367,5,2004-02-26
7970,483107,4,2004-08-15
7970,340492,4,2004-08-13
7970,2522465,3,2004-10-19
7970,1434507,5,2005-05-29
7970,2050056,4,2005-09-24
7970,1447274,5,2005-11-15
7970,2180413,4,2005-12-02
