10250,1612388,3,2005-04-23
10250,2317555,2,2005-10-31
10250,2013892,3,2005-05-16
10250,244045,5,2005-08-08
10250,1295028,4,2005-06-02
10250,2287764,3,2005-08-12
10250,738414,2,2005-04-12
10250,322178,3,2005-10-06
10250,1567435,4,2005-10-31
10250,1612493,4,2005-11-28
10250,367288,3,2005-10-23
10250,1189269,5,2005-05-21
10250,254168,4,2005-05-25
10250,1842245,3,2005-08-10
10250,1532336,2,2005-07-15
10250,1001129,2,2005-04-02
10250,1337089,2,2005-07-10
10250,1072897,5,2005-06-29
10250,2253160,3,2005-11-01
10250,1538750,3,2005-12-23
10250,321673,3,2005-10-31
10250,1148233,3,2005-08-04
10250,1023102,2,2005-04-18
10250,2171071,2,2005-04-12
10250,2439493,1,2005-05-04
10250,661979,3,2005-08-13
10250,240906,1,2005-05-26
10250,1600669,4,2005-12-24
10250,1728094,3,2005-04-07
10250,2607957,3,2005-05-17
10250,357006,4,2005-08-11
10250,1273635,5,2005-08-29
10250,2255585,3,2005-06-03
10250,1155638,2,2005-11-23
10250,2595572,4,2005-12-11
10250,1917077,4,2005-07-06
10250,2223111,3,2005-07-26
10250,1373374,2,2005-07-18
10250,1573916,4,2005-06-10
10250,2475611,4,2005-09-18
10250,243151,4,2005-05-01
10250,15676,3,2005-07-05
10250,1765963,5,2005-06-10
10250,1780005,2,2005-08-28
10250,1270218,2,2005-06-10
10250,246117,3,2005-06-17
10250,2526370,5,2005-06-21
10250,1664010,3,2005-10-13
10250,1430641,4,2005-07-08
10250,1225076,4,2005-06-01
10250,501801,3,2005-05-23
10250,456110,5,2005-05-05
10250,798316,3,2005-06-30
10250,2014371,3,2005-04-20
10250,642898,5,2005-11-07
10250,714682,3,2005-12-31
10250,241036,3,2005-11-30
10250,708612,1,2005-04-09
10250,293628,3,2005-04-26
10250,1660036,4,2005-10-03
10250,2410941,5,2005-10-03
10250,528851,4,2005-07-27
10250,2227962,5,2005-07-11
10250,19360,4,2005-04-18
10250,1216299,2,2005-05-12
10250,338115,2,2005-07-08
10250,974904,3,2005-06-06
10250,439247,2,2005-06-25
10250,2477149,3,2005-12-15
10250,682963,4,2005-06-30
10250,2372420,4,2005-08-31
10250,1419139,1,2005-04-09
10250,472342,4,2005-06-05
10250,2566492,3,2005-05-02
10250,305344,1,2005-03-18
10250,1987835,1,2005-10-30
10250,1403217,3,2005-08-11
10250,2347,4,2005-06-04
10250,219756,5,2005-05-07
10250,2078186,4,2005-06-20
10250,1561216,3,2005-05-19
10250,2324905,3,2005-11-02
10250,1835663,2,2005-04-18
10250,423990,2,2005-07-12
10250,2513524,3,2005-06-16
10250,236699,4,2005-06-28
10250,1934002,2,2005-12-23
10250,1623676,3,2005-08-24
10250,133993,2,2005-10-04
10250,234252,2,2005-12-19
10250,527491,2,2005-07-28
10250,1051142,2,2005-11-09
10250,975988,5,2005-06-09
10250,2615629,4,2005-08-15
10250,961541,2,2005-07-22
10250,1193599,2,2005-04-04
10250,184476,5,2005-06-21
10250,1070819,5,2005-08-02
10250,1806515,3,2005-09-29
10250,2118461,4,2005-12-31
10250,387418,1,2005-04-05
10250,1428225,3,2005-04-08
10250,1114324,2,2005-05-29
10250,2312285,4,2005-05-14
10250,1956197,4,2005-04-25
10250,2234167,5,2005-05-02
10250,2484060,5,2005-10-05
10250,2625607,4,2005-07-06
10250,2394073,4,2005-11-13
10250,810777,3,2005-10-26
10250,609158,5,2005-12-30
10250,1904886,4,2005-06-23
10250,682858,4,2005-06-27
10250,848764,2,2005-06-11
10250,2460347,1,2005-12-19
10250,1802984,4,2005-07-15
10250,101702,2,2005-06-08
10250,1298126,3,2005-04-08
10250,357058,4,2005-05-27
10250,861227,5,2005-10-03
10250,644233,5,2005-08-08
10250,272689,4,2005-06-30
10250,521163,2,2005-06-07
10250,1979465,3,2005-06-09
10250,2364687,4,2005-05-09
10250,1176919,2,2005-04-18
10250,640328,2,2005-04-24
