15188,1656837,2,2005-10-24
15188,471879,1,2005-10-25
15188,574283,2,2005-10-25
15188,2492819,2,2005-10-19
15188,1695795,1,2005-10-29
15188,1968282,3,2005-11-22
15188,2053064,3,2005-10-19
15188,1984086,2,2005-10-30
15188,1567240,1,2005-10-11
15188,1615997,3,2005-10-21
15188,303948,3,2005-10-08
15188,591671,2,2005-10-24
15188,1227322,1,2005-10-06
15188,686752,2,2005-10-19
15188,1896557,3,2005-11-22
15188,790439,2,2005-11-07
15188,2006711,3,2005-11-08
15188,2190169,4,2005-10-18
15188,2191340,3,2005-09-19
15188,1097970,2,2005-10-26
15188,31835,3,2005-11-27
15188,48614,2,2005-10-13
15188,415244,3,2005-11-13
15188,196915,1,2005-10-13
15188,1511683,1,2005-10-10
15188,699783,3,2005-10-30
15188,841830,4,2005-10-16
15188,1326461,2,2005-09-20
15188,1744265,2,2005-10-19
15188,727242,1,2005-11-22
15188,112165,1,2005-11-22
15188,1119579,4,2005-10-16
15188,388767,2,2005-10-25
15188,375159,3,2005-10-27
15188,2561043,3,2005-10-21
15188,534043,2,2005-11-21
15188,2457053,3,2005-10-23
15188,2439493,1,2005-10-07
15188,1764451,1,2005-11-30
15188,2426754,3,2005-09-18
15188,874065,2,2005-11-15
15188,2497465,3,2005-11-23
15188,1185494,3,2005-12-08
15188,1479860,3,2005-10-17
15188,1343731,3,2005-10-17
15188,1176497,4,2005-10-28
15188,4247,2,2005-11-29
15188,2149059,1,2005-09-28
15188,2523426,3,2005-10-09
15188,1465869,2,2005-11-03
15188,1598429,3,2005-10-24
15188,2075092,3,2005-10-18
15188,48915,3,2005-12-01
15188,2212633,4,2005-10-22
15188,1621533,4,2005-12-21
15188,896702,4,2005-10-10
15188,2365581,3,2005-10-25
15188,139991,3,2005-11-01
15188,172000,2,2005-11-16
15188,551783,3,2005-09-19
15188,686761,2,2005-11-10
15188,1241395,2,2005-10-06
15188,1788268,2,2005-10-12
15188,2521941,1,2005-10-20
15188,1771330,3,2005-10-25
15188,562803,2,2005-11-08
15188,2440793,1,2005-10-14
15188,596255,1,2005-10-10
15188,1757328,2,2005-10-24
15188,1021691,1,2005-09-20
15188,2409097,2,2005-11-20
15188,1228066,3,2005-12-20
15188,364749,2,2005-10-10
15188,2195832,2,2005-10-19
15188,2252502,5,2005-11-06
15188,1338999,3,2005-11-16
15188,1500112,3,2005-09-14
15188,359681,4,2005-10-09
15188,2494753,2,2005-11-21
15188,1973962,2,2005-10-10
15188,2250528,3,2005-10-26
15188,1549725,2,2005-11-14
15188,628911,3,2005-10-18
15188,2617405,2,2005-09-19
15188,1356107,2,2005-10-10
15188,1622041,5,2005-11-30
15188,1830000,2,2005-09-18
15188,983042,2,2005-09-19
15188,1714672,2,2005-10-23
15188,2260832,1,2005-11-01
15188,213442,3,2005-11-29
15188,566222,3,2005-11-08
15188,569984,2,2005-11-15
15188,28338,2,2005-11-18
15188,971853,3,2005-12-15
15188,1664010,3,2005-10-13
15188,2404723,1,2005-10-02
15188,1180828,3,2005-11-03
15188,684098,3,2005-12-11
15188,572481,1,2005-10-06
15188,1874322,3,2005-11-14
15188,1428341,3,2005-09-21
15188,2297136,1,2005-11-18
15188,2344621,3,2005-11-18
15188,1117152,3,2005-10-17
15188,2090925,2,2005-12-02
15188,1750534,2,2005-12-18
15188,1943866,3,2005-11-03
15188,1419731,2,2005-12-27
15188,2392770,1,2005-11-19
15188,1603080,1,2005-10-04
15188,2537894,4,2005-11-28
15188,1194467,2,2005-12-05
15188,2359505,2,2005-11-15
15188,2054870,2,2005-10-19
15188,743184,2,2005-10-29
15188,1339429,1,2005-10-17
15188,2568496,2,2005-10-17
15188,1765372,2,2005-10-21
15188,202526,3,2005-10-31
15188,2437475,2,2005-11-03
15188,1277662,2,2005-12-04
15188,71982,2,2005-10-05
15188,2538325,3,2005-10-16
15188,2204673,2,2005-10-18
15188,2385309,1,2005-11-09
15188,1777614,3,2005-10-06
15188,1229261,3,2005-12-14
15188,1224615,2,2005-12-05
15188,2606799,1,2005-12-09
15188,882293,2,2005-10-14
15188,1171232,2,2005-10-21
15188,1013186,3,2005-10-14
15188,717546,2,2005-10-18
15188,1403378,2,2005-10-13
15188,2316081,3,2005-09-24
15188,1582952,1,2005-10-18
15188,504620,1,2005-10-27
15188,2368266,2,2005-12-20
15188,1971367,2,2005-12-17
15188,1258191,3,2005-10-23
15188,1670268,3,2005-11-08
15188,1654132,2,2005-10-12
15188,890573,2,2005-12-09
15188,1938420,2,2005-10-09
15188,1010572,2,2005-11-02
15188,305344,1,2005-07-29
15188,2503760,3,2005-11-19
15188,1403217,2,2005-11-03
15188,160929,3,2005-10-25
15188,1668447,2,2005-10-30
15188,1737723,3,2005-12-08
15188,447759,5,2005-10-27
15188,1359724,3,2005-10-10
15188,1767089,3,2005-10-17
15188,1452396,2,2005-10-24
15188,1288346,1,2005-11-07
15188,1308034,2,2005-12-12
15188,224292,3,2005-11-30
15188,2263343,2,2005-10-26
15188,437683,2,2005-10-18
15188,2110341,3,2005-11-21
15188,1920832,3,2005-12-08
15188,2103785,2,2005-12-30
15188,2338569,3,2005-09-26
15188,315833,3,2005-10-25
15188,889754,3,2005-10-06
15188,1461667,2,2005-10-12
15188,895146,3,2005-10-17
15188,624178,2,2005-10-24
15188,1592816,2,2005-11-28
15188,377109,1,2005-12-28
15188,615047,2,2005-10-10
15188,763240,4,2005-09-27
15188,1985225,1,2005-11-01
15188,296231,3,2005-11-15
15188,2491746,2,2005-12-28
15188,2272860,3,2005-10-13
15188,1920565,2,2005-11-07
15188,1706218,1,2005-11-27
15188,549080,3,2005-11-29
15188,1547773,3,2005-10-12
15188,460586,3,2005-12-13
15188,2056022,3,2005-09-30
15188,229012,1,2005-10-25
15188,473748,2,2005-10-12
15188,1076653,1,2005-10-13
15188,1320587,3,2005-09-19
15188,1454496,3,2005-10-14
15188,2326980,3,2005-09-21
15188,1788763,2,2005-10-20
15188,1510728,2,2005-10-24
15188,2588416,3,2005-10-30
15188,2588043,3,2005-11-27
15188,1806515,3,2005-10-09
15188,2329128,1,2005-10-12
15188,2118461,3,2005-11-05
15188,398200,1,2005-12-02
15188,421901,1,2005-10-10
15188,437081,5,2005-10-22
15188,387418,1,2005-10-15
15188,98428,2,2005-11-03
15188,665268,1,2005-11-20
15188,1130923,2,2005-12-10
15188,1114324,1,2005-10-10
15188,469137,2,2005-10-20
15188,2389553,2,2005-12-11
15188,68408,3,2005-10-25
15188,1992053,1,2005-11-14
15188,2572690,4,2005-09-18
15188,1663888,3,2005-09-30
15188,119279,1,2005-10-07
15188,863734,2,2005-10-11
15188,829708,2,2005-10-11
15188,1001928,5,2005-10-18
15188,1058309,2,2005-10-10
15188,728508,2,2005-10-21
15188,453043,3,2005-12-12
15188,1957149,3,2005-10-12
15188,823356,2,2005-11-04
15188,1823065,4,2005-10-08
15188,982661,3,2005-10-12
15188,1924750,1,2005-10-16
15188,692235,3,2005-10-24
15188,290385,2,2005-11-18
15188,774535,4,2005-10-17
15188,751779,3,2005-11-08
15188,1117062,1,2005-11-08
15188,568349,2,2005-10-14
15188,804300,1,2005-10-18
15188,1983701,2,2005-10-18
15188,159566,3,2005-10-24
15188,1658790,3,2005-10-25
15188,1852040,1,2005-11-19
15188,2095348,2,2005-09-28
15188,105982,1,2005-10-16
15188,316155,2,2005-10-17
15188,1986483,2,2005-10-23
15188,2268901,2,2005-12-09
15188,2365226,3,2005-10-10
15188,1190335,2,2005-10-16
15188,395298,3,2005-11-11
15188,551126,1,2005-12-26
15188,1545312,3,2005-11-19
15188,442222,2,2005-10-18
