15391,1160698,3,2002-12-31
15391,721751,1,2002-07-04
15391,2502315,1,2002-08-06
15391,2468136,2,2003-03-25
15391,155342,1,2003-01-16
15391,2266166,1,2002-06-30
15391,1456621,3,2003-04-02
15391,431490,2,2004-08-24
15391,1001129,2,2004-10-29
15391,789969,3,2005-04-04
15391,202667,1,2004-05-04
15391,1100006,1,2002-08-03
15391,1438599,4,2002-09-19
15391,1813076,1,2003-07-01
15391,1519583,3,2003-01-23
15391,2054631,3,2002-07-31
15391,2439493,1,2003-01-16
15391,707711,2,2005-05-03
15391,1198837,2,2002-07-11
15391,730230,4,2004-09-06
15391,906871,2,2002-10-31
15391,535761,5,2003-07-24
15391,831157,3,2003-05-03
15391,221926,2,2002-12-25
15391,1828803,3,2002-08-07
15391,2161399,2,2004-02-23
15391,1691063,2,2002-07-18
15391,1418739,3,2003-03-05
15391,2386732,2,2003-07-15
15391,1289293,4,2003-06-17
15391,1982057,2,2003-04-15
15391,1153057,1,2003-05-27
15391,1072312,2,2004-12-11
15391,1664010,3,2005-10-13
15391,2340466,5,2003-01-01
15391,1248680,2,2005-05-01
15391,1265823,3,2002-06-25
15391,706005,1,2002-04-12
15391,2212303,4,2003-03-03
15391,1535722,1,2004-01-19
15391,1331155,2,2004-01-15
15391,2571785,2,2005-06-04
15391,2179021,2,2005-08-04
15391,1132958,3,2002-07-13
15391,2356911,4,2002-10-29
15391,1662883,1,2002-10-05
15391,1232574,4,2002-07-17
15391,491531,1,2002-08-04
15391,1323788,1,2003-03-18
15391,1570868,3,2003-07-11
15391,1882248,2,2003-07-31
15391,2456207,1,2002-09-19
15391,1128645,2,2005-08-31
15391,1017068,3,2004-07-09
15391,798394,1,2003-12-10
15391,759902,4,2002-07-18
15391,747825,3,2003-05-23
15391,789014,1,2003-02-12
15391,798296,1,2002-10-07
15391,2423210,1,2003-04-28
15391,2108460,1,2004-09-28
15391,2263064,2,2002-08-18
15391,305344,2,2003-05-05
15391,327401,1,2003-09-27
15391,416560,1,2003-08-25
15391,670781,2,2002-07-27
15391,1710643,3,2002-09-04
15391,1376404,1,2004-03-24
15391,1367792,2,2003-07-09
15391,2366462,1,2002-09-11
15391,752642,1,2003-01-08
15391,2218735,2,2003-12-02
15391,654401,4,2002-08-25
15391,2056022,2,2005-01-13
15391,2597326,2,2002-06-27
15391,1997394,3,2002-09-12
15391,1930954,1,2002-10-09
15391,2118461,3,2005-12-18
15391,387418,2,2003-09-07
15391,160160,1,2003-05-20
15391,2565300,3,2003-06-14
15391,1461435,1,2002-02-07
15391,1639792,1,2002-03-30
15391,2370421,4,2005-02-14
15391,1873084,1,2003-03-25
15391,816668,1,2002-03-24
15391,1380947,1,2004-04-20
15391,1097111,3,2002-03-07
