11407,844736,3,2004-06-24
11407,817251,3,2005-02-21
11407,210666,4,2004-01-18
11407,860991,3,2005-03-10
11407,2250613,4,2005-03-17
11407,333939,3,2005-11-16
11407,2198778,2,2004-04-14
11407,952561,2,2004-11-09
11407,703434,3,2004-01-17
11407,2595888,2,2005-11-07
11407,1803550,2,2004-03-03
11407,641016,1,2005-01-10
11407,2040209,5,2005-02-10
11407,1653869,1,2003-12-29
11407,1400056,3,2004-12-05
11407,2273643,2,2005-02-09
11407,1704175,3,2005-06-14
11407,1602054,3,2004-03-10
11407,420783,4,2005-05-19
11407,235225,5,2004-06-10
11407,1679793,3,2004-05-07
11407,1462701,4,2005-03-01
11407,1104703,1,2003-11-02
11407,2528088,1,2005-09-01
11407,1416836,1,2005-01-03
11407,118860,3,2005-10-05
11407,2254664,1,2004-07-05
11407,474656,3,2004-05-19
11407,1559022,4,2004-02-20
11407,1367096,2,2004-11-20
11407,1987327,3,2003-12-24
11407,1511683,1,2005-07-05
11407,1672380,5,2005-08-12
11407,1621227,1,2003-10-28
11407,1446510,2,2003-11-03
11407,1363135,1,2004-06-12
11407,1675299,2,2004-05-04
11407,802083,2,2005-03-16
11407,293284,1,2005-03-20
11407,513210,5,2005-04-05
11407,1597177,1,2005-10-07
11407,413373,1,2004-01-06
11407,219903,5,2004-09-09
11407,572122,2,2004-06-29
11407,496699,4,2005-08-13
11407,1768779,2,2004-11-24
11407,1327753,3,2005-06-08
11407,263906,2,2004-09-04
11407,1498767,3,2004-05-24
11407,709755,1,2004-02-20
11407,2643892,2,2004-10-12
11407,1995942,2,2004-12-21
11407,1731492,2,2005-08-31
11407,266172,2,2004-05-14
11407,1296392,5,2004-11-16
11407,1104869,4,2003-11-11
11407,2094538,3,2005-09-04
11407,1071145,3,2003-11-05
11407,982829,3,2004-12-26
11407,1844669,5,2005-10-27
11407,1912002,3,2005-12-13
11407,2439493,1,2003-11-21
11407,1233831,3,2005-09-22
11407,176377,2,2004-01-30
11407,2548691,2,2004-03-15
11407,2636654,2,2003-11-13
11407,2316014,2,2004-06-01
11407,2491645,4,2004-01-08
11407,501977,2,2004-08-19
11407,2204684,2,2003-11-16
11407,243452,4,2005-06-03
11407,1241060,3,2005-05-07
11407,72978,2,2003-10-31
11407,1369032,2,2004-10-20
11407,2034459,5,2004-02-25
11407,1992646,3,2003-11-03
11407,200043,4,2005-01-07
11407,1825016,4,2005-07-29
11407,605299,5,2005-02-01
11407,1526334,3,2004-04-07
11407,596918,1,2005-02-13
11407,1885939,4,2005-03-02
11407,2171111,4,2004-05-13
11407,2580611,4,2005-07-24
11407,430291,4,2004-12-24
11407,735278,3,2004-03-30
11407,2568738,3,2003-12-27
11407,386509,2,2004-05-21
11407,1034489,5,2004-10-15
11407,1207950,2,2004-08-10
11407,479424,3,2005-01-02
11407,2409708,4,2004-07-13
11407,471814,2,2003-10-29
11407,140503,3,2004-11-08
11407,2230286,2,2005-06-25
11407,2101646,3,2003-11-21
11407,638361,3,2005-07-30
11407,1335272,5,2005-05-19
11407,329790,3,2004-07-14
11407,2188959,3,2005-03-29
11407,957716,1,2004-05-24
11407,193454,1,2004-05-14
11407,106031,4,2004-08-27
11407,862644,5,2004-08-27
11407,2417531,2,2004-10-01
11407,1163868,2,2005-10-28
11407,2478523,5,2005-02-28
11407,1252184,1,2005-06-11
11407,876133,3,2005-12-07
11407,2460372,2,2005-03-22
11407,1664010,4,2005-10-13
11407,2461307,2,2005-11-12
11407,1096430,3,2004-10-04
11407,2114383,2,2005-01-23
11407,931263,2,2005-06-18
11407,1755455,2,2005-07-06
11407,2330260,3,2005-08-31
11407,228381,5,2005-11-07
11407,1848148,5,2004-08-06
11407,2369705,3,2005-10-31
11407,105416,3,2005-03-24
11407,1740122,2,2004-09-20
11407,293716,3,2004-08-13
11407,1176322,3,2004-12-28
11407,2152856,2,2005-04-28
11407,1219733,2,2004-08-13
11407,1856651,1,2004-05-25
11407,400785,2,2004-06-17
11407,2514733,4,2005-12-30
11407,1242359,3,2005-11-08
11407,1382328,2,2003-11-03
11407,176977,2,2004-01-12
11407,1510380,4,2004-09-07
11407,291390,3,2004-01-15
11407,20119,2,2004-12-28
11407,325552,4,2004-07-15
11407,2374756,3,2004-04-12
11407,2253748,3,2005-04-23
11407,385191,4,2004-12-21
11407,373319,2,2005-10-22
11407,1008008,1,2005-08-29
11407,1428005,5,2004-01-13
11407,867068,3,2004-05-17
11407,1848117,2,2004-10-15
11407,1184029,3,2005-07-27
11407,1916602,4,2004-07-14
11407,1960115,4,2004-05-08
11407,491531,1,2005-07-24
11407,1096051,2,2005-08-04
11407,744546,1,2004-05-26
11407,1312075,3,2003-11-11
11407,1124113,5,2004-01-02
11407,1712481,3,2004-10-28
11407,825493,3,2005-09-26
11407,2606799,2,2005-07-10
11407,2552866,4,2005-08-06
11407,2314377,1,2005-02-13
11407,1824299,1,2004-02-23
11407,8200,4,2004-12-21
11407,849654,4,2005-07-18
11407,2544967,3,2004-05-20
11407,2624542,2,2004-01-06
11407,798296,2,2004-08-25
11407,1685083,4,2005-04-05
11407,1314409,2,2005-02-10
11407,998681,4,2004-07-08
11407,917470,4,2004-01-26
11407,927798,3,2004-09-28
11407,939473,3,2004-03-24
11407,747827,5,2004-02-16
11407,586704,2,2005-07-10
11407,305344,1,2003-10-16
11407,1522518,4,2005-08-24
11407,1099321,3,2004-03-07
11407,1377297,4,2004-11-26
11407,1878087,1,2005-10-07
11407,844028,5,2004-02-18
11407,440555,1,2004-08-15
11407,1927930,4,2004-01-15
11407,2473473,1,2004-02-10
11407,1733325,3,2004-03-22
11407,636692,3,2005-02-25
11407,1265352,5,2004-05-26
11407,1182475,3,2003-12-01
11407,2059696,3,2003-10-31
11407,1716566,2,2005-11-30
11407,2427686,2,2004-12-04
11407,1626925,5,2004-10-26
11407,2448201,1,2005-01-13
11407,5980,5,2005-03-15
11407,2615152,3,2004-09-30
11407,309133,5,2005-11-11
11407,490384,5,2004-01-31
11407,1267235,3,2004-01-27
11407,2234079,4,2004-10-07
11407,1876866,4,2004-02-01
11407,2305642,2,2003-11-11
11407,1527361,1,2004-04-20
11407,1910484,4,2004-11-17
11407,1471388,4,2004-09-14
11407,226305,5,2004-02-22
11407,924765,4,2004-01-05
11407,1687890,5,2003-11-20
11407,2106044,2,2003-11-13
11407,2237467,3,2005-01-19
11407,1354129,1,2004-02-03
11407,1550359,3,2003-12-23
11407,1445218,3,2004-03-22
11407,2305164,2,2004-09-13
11407,474933,3,2004-12-20
11407,2272539,3,2005-04-07
11407,47653,3,2004-10-27
11407,2166735,4,2005-03-14
11407,2359563,5,2005-01-25
11407,1857159,1,2004-01-15
11407,480870,1,2003-12-04
11407,552404,3,2005-02-17
11407,627156,1,2003-10-28
11407,2118461,3,2005-10-22
11407,2297386,2,2004-06-14
11407,2242731,3,2005-12-20
11407,446674,3,2005-07-09
11407,2079888,3,2004-03-22
11407,2517361,4,2005-06-02
11407,387418,2,2003-10-16
11407,631247,1,2003-12-09
11407,35881,3,2005-11-16
11407,2076055,3,2004-09-09
11407,1226193,2,2004-01-14
11407,1114324,2,2005-04-24
11407,650861,3,2004-11-15
11407,492513,3,2005-07-28
11407,873478,1,2003-11-23
11407,352451,2,2004-12-07
11407,2358472,3,2004-06-29
11407,794999,5,2004-06-22
11407,2556600,4,2004-12-16
11407,1932594,1,2005-04-04
11407,3694,3,2004-02-05
11407,2526291,1,2004-07-24
11407,1946094,4,2005-11-02
11407,493471,3,2005-06-15
11407,1732553,1,2005-11-12
11407,620714,3,2003-12-30
11407,902995,3,2004-03-01
11407,609895,5,2004-03-30
11407,1663694,5,2004-12-20
11407,1663888,3,2005-04-20
11407,1630289,3,2005-11-29
11407,2598129,2,2004-11-09
11407,1461435,1,2005-04-23
11407,1249735,3,2004-04-26
11407,1882178,2,2004-03-15
11407,1386193,1,2004-08-31
11407,1453265,3,2005-06-03
11407,642384,5,2004-02-23
11407,2416189,4,2004-12-01
11407,1287078,3,2005-02-08
11407,2098301,1,2005-08-25
11407,1257970,5,2004-08-15
11407,446094,2,2004-04-09
11407,2433978,1,2005-03-02
11407,1891693,1,2005-01-19
11407,1201442,1,2004-01-18
11407,425865,4,2004-12-20
11407,474569,1,2004-03-15
11407,820600,4,2005-05-21
11407,663118,2,2004-03-01
11407,242681,1,2003-11-06
11407,2544360,1,2004-01-15
11407,906020,2,2004-03-01
11407,2585665,3,2005-06-29
11407,104724,2,2004-03-04
11407,1602117,1,2005-08-30
11407,1864358,2,2003-12-08
11407,1350519,5,2004-02-03
11407,2306815,1,2004-01-01
11407,984482,3,2004-03-14
11407,2566451,2,2004-01-13
11407,2634401,5,2004-05-17
11407,1712388,2,2004-03-09
11407,678157,3,2004-09-24
11407,2612713,5,2005-01-20
11407,1303236,1,2005-03-04
11407,269231,3,2004-02-06
