4713,1464366,4,2005-09-07
4713,1126635,2,2004-04-23
4713,2315451,4,2004-05-21
4713,2609870,1,2005-10-18
4713,2105990,5,2005-02-02
4713,776067,3,2004-03-12
4713,281396,3,2004-03-12
4713,2173816,2,2003-12-11
4713,2181148,1,2005-01-19
4713,1496187,3,2004-03-02
4713,2217731,4,2005-04-03
4713,1245640,5,2005-09-03
4713,1110030,4,2004-02-09
4713,15760,3,2005-01-03
4713,1658752,2,2004-06-22
4713,513501,4,2004-01-22
4713,303948,3,2004-07-28
4713,487950,4,2004-08-20
4713,2200645,3,2004-09-21
4713,1224299,4,2005-03-18
4713,812433,3,2005-08-27
4713,821646,2,2005-05-30
4713,2385364,3,2005-09-19
4713,719014,3,2004-07-10
4713,1319320,4,2005-05-01
4713,1027819,3,2003-12-20
4713,1433344,1,2005-02-24
4713,477983,2,2005-04-08
4713,324403,3,2005-05-29
4713,98362,3,2005-11-12
4713,814989,3,2005-01-29
4713,804627,4,2004-04-19
4713,1667283,3,2004-06-29
4713,2559803,3,2004-11-08
4713,2119007,5,2005-10-28
4713,2631605,3,2004-08-30
4713,883884,1,2004-10-31
4713,1932377,3,2004-12-03
4713,2327422,2,2005-04-29
4713,126592,1,2003-12-04
4713,622673,2,2004-02-02
4713,147042,3,2005-10-15
4713,1716910,5,2005-11-17
4713,1809343,3,2004-09-14
4713,1714428,3,2005-03-10
4713,1159695,3,2005-02-22
4713,1066680,5,2005-04-15
4713,2043555,4,2005-09-14
4713,2523436,3,2005-12-15
4713,30978,1,2004-11-03
4713,1460659,3,2005-11-21
4713,1107636,3,2005-12-04
4713,2089761,3,2004-03-13
4713,716650,2,2005-10-31
4713,1801389,2,2004-02-08
4713,789969,3,2005-03-28
4713,2425195,5,2005-05-21
4713,116761,2,2005-10-04
4713,1678698,2,2004-03-25
4713,1735441,3,2004-05-18
4713,2067967,2,2005-04-29
4713,732363,3,2005-04-04
4713,2479320,4,2004-01-10
4713,1392518,4,2004-05-15
4713,841816,3,2004-06-18
4713,2489437,2,2004-04-18
4713,992118,2,2005-07-27
4713,205890,3,2004-03-23
4713,2648287,2,2005-10-29
4713,1381841,4,2004-09-09
4713,520922,1,2004-04-19
4713,1144870,5,2005-10-12
4713,2451835,4,2004-10-28
4713,1792741,3,2004-01-27
4713,572570,2,2004-04-29
4713,211782,3,2004-08-12
4713,1904321,1,2005-03-05
4713,1314869,2,2005-04-24
4713,1255703,5,2004-12-08
4713,590984,1,2005-07-15
4713,875124,1,2004-11-03
4713,2400635,3,2004-06-28
4713,170233,1,2004-02-09
4713,1412898,2,2004-12-14
4713,920932,3,2005-04-09
4713,2062350,4,2004-12-07
4713,2014606,1,2004-12-22
4713,1760220,1,2005-06-02
4713,397684,5,2005-08-07
4713,1933255,2,2004-04-02
4713,1819462,4,2005-03-25
4713,52002,3,2005-04-06
4713,2439493,1,2003-11-23
4713,1444353,4,2004-02-25
4713,120016,2,2004-07-27
4713,1142880,3,2004-11-01
4713,1258026,4,2005-05-18
4713,146017,3,2005-03-05
4713,1866912,5,2005-10-31
4713,1536419,4,2004-04-06
4713,2185614,1,2005-02-05
4713,1116080,3,2005-08-08
4713,1826163,3,2004-05-30
4713,1901876,3,2004-09-28
4713,35714,4,2005-04-22
4713,1893897,4,2005-08-16
4713,2546942,3,2005-05-12
4713,1192404,1,2004-03-12
4713,1187749,3,2004-01-27
4713,139407,1,2004-09-07
4713,831869,4,2004-12-23
4713,1929564,5,2005-10-18
4713,642036,4,2005-11-08
4713,2264426,3,2005-12-03
4713,322451,1,2005-01-05
4713,316752,2,2005-02-13
4713,1646777,3,2004-01-28
4713,1436357,3,2004-08-22
4713,1003084,1,2005-09-14
4713,125498,3,2005-11-30
4713,1194698,5,2003-11-27
4713,407037,1,2004-02-24
4713,111033,4,2004-11-06
4713,403504,4,2005-02-01
4713,1438147,3,2005-05-19
4713,1087416,5,2004-07-21
4713,943915,4,2004-10-11
4713,1140387,5,2004-12-31
4713,676718,3,2005-05-28
4713,814764,2,2004-03-12
4713,2363499,2,2004-05-19
4713,927567,5,2005-11-20
4713,769702,1,2005-02-06
4713,2256705,4,2005-02-19
4713,488494,3,2004-03-30
4713,847496,2,2004-05-17
4713,1189275,2,2004-11-29
4713,403536,3,2005-01-19
4713,2574932,3,2005-05-09
4713,1430258,5,2004-05-21
4713,1919269,5,2004-08-27
4713,1156589,4,2004-04-27
4713,2457095,3,2004-12-27
4713,2329945,2,2005-09-04
4713,1376327,1,2004-11-21
4713,1374216,1,2005-05-11
4713,247170,4,2005-11-18
4713,1382304,2,2005-02-03
4713,569989,3,2005-02-20
4713,236815,3,2005-03-05
4713,2293134,4,2004-03-26
4713,2374345,3,2004-08-09
4713,2483851,5,2004-08-16
4713,1816177,3,2005-02-23
4713,2136927,3,2005-03-23
4713,2308456,2,2005-10-02
4713,835265,3,2005-11-26
4713,2195832,3,2003-11-25
4713,1621089,4,2004-11-14
4713,412824,3,2005-01-09
4713,537601,3,2005-04-05
4713,171232,4,2004-01-13
4713,443572,3,2005-08-17
4713,1259454,4,2005-03-14
4713,2633152,4,2005-05-11
4713,440463,3,2005-12-12
4713,1449115,5,2004-08-13
4713,2031767,3,2005-11-08
4713,1583631,3,2004-10-08
4713,2520941,4,2005-03-22
4713,180060,2,2004-06-30
4713,1853670,4,2005-02-18
4713,998104,3,2005-07-01
4713,1059661,2,2005-08-20
4713,374380,4,2004-08-31
4713,1071438,2,2004-11-01
4713,2217321,3,2005-01-03
4713,813592,3,2005-03-01
4713,2147714,3,2004-02-25
4713,1646495,1,2004-03-29
4713,341649,3,2004-01-06
4713,1498637,3,2004-09-07
4713,363988,3,2004-04-20
4713,1371031,4,2004-07-04
4713,74175,1,2005-05-27
4713,2404435,2,2005-01-19
4713,2620316,4,2005-09-20
4713,580231,4,2004-03-20
4713,2260832,2,2004-06-14
4713,2552319,3,2005-04-03
4713,1714672,4,2005-05-23
4713,1421761,3,2004-10-15
4713,2413322,1,2005-09-12
4713,2209212,4,2005-09-14
4713,459912,3,2005-10-25
4713,92249,1,2005-02-07
4713,979155,2,2004-07-15
4713,934684,2,2004-06-17
4713,422485,3,2004-04-18
4713,157667,2,2004-09-01
4713,930538,3,2004-11-06
4713,99993,2,2004-11-29
4713,136030,4,2005-02-16
4713,2118885,3,2004-11-02
4713,382633,4,2005-06-13
4713,962199,3,2005-02-14
4713,1828866,3,2005-04-29
4713,1664010,4,2005-10-12
4713,493144,3,2004-07-07
4713,552517,3,2004-08-12
4713,2002493,3,2005-05-06
4713,2374782,5,2004-11-15
4713,919823,3,2005-02-10
4713,2491226,2,2005-12-27
4713,309934,4,2005-08-28
4713,103862,5,2004-05-03
4713,1957385,4,2005-07-02
4713,2295478,5,2005-09-19
4713,257913,5,2005-10-24
4713,2240015,3,2004-07-06
4713,1739082,2,2004-03-04
4713,219746,2,2004-09-01
4713,541707,1,2004-07-17
4713,905511,1,2004-12-01
4713,2297136,1,2005-06-10
4713,2358990,3,2003-12-16
4713,1124568,1,2005-11-08
4713,2568756,5,2005-12-05
4713,873713,1,2004-10-25
4713,1662735,4,2005-06-09
4713,2509048,4,2004-04-11
4713,2489526,4,2004-04-07
4713,1176322,3,2004-09-24
4713,1963576,4,2005-02-13
4713,1706831,3,2005-02-14
4713,1464011,1,2004-11-22
4713,205438,4,2005-01-31
4713,228464,3,2005-10-26
4713,1554951,1,2005-12-05
4713,1885042,4,2005-04-19
4713,1931427,5,2004-07-29
4713,2182851,3,2005-09-15
4713,641364,4,2004-01-30
4713,2635943,5,2004-05-30
4713,225972,3,2004-08-02
4713,2423713,1,2005-09-12
4713,59270,4,2004-02-20
4713,839328,4,2005-01-24
4713,2198341,3,2005-10-09
4713,1935793,1,2005-04-04
4713,715542,3,2004-08-02
4713,2071210,5,2004-10-02
4713,1623349,3,2004-11-25
4713,1567322,5,2005-01-27
4713,2491719,3,2005-01-30
4713,1038389,5,2004-04-02
4713,722591,4,2003-12-30
4713,2301767,3,2004-05-28
4713,2291306,4,2004-02-19
4713,2049319,3,2005-11-28
4713,2363106,5,2004-10-05
4713,769889,1,2005-06-09
4713,3321,1,2005-09-27
4713,714207,2,2004-07-12
4713,717131,2,2005-03-06
4713,32963,5,2005-11-05
4713,948439,5,2004-02-25
4713,2423233,5,2005-08-29
4713,2518168,2,2004-02-03
4713,759346,3,2004-11-06
4713,1054137,4,2005-07-02
4713,2386443,1,2005-01-20
4713,2132706,3,2005-08-22
4713,2209351,4,2005-09-07
4713,241330,3,2004-03-19
4713,398073,2,2004-10-12
4713,2147765,3,2005-04-24
4713,554587,3,2005-12-07
4713,1706987,1,2004-02-18
4713,1857672,3,2004-01-24
4713,2424358,5,2005-10-17
4713,2063807,3,2005-11-03
4713,147510,3,2005-12-16
4713,1102923,3,2004-06-10
4713,1114321,3,2004-12-21
4713,1438031,1,2005-03-20
4713,2606799,1,2005-05-16
4713,2446344,3,2005-05-29
4713,1557557,3,2005-06-10
4713,2312973,3,2005-01-31
4713,502305,4,2004-07-06
4713,637061,3,2005-04-01
4713,976385,5,2005-10-22
4713,1034595,2,2005-08-23
4713,2256485,2,2004-11-30
4713,2175450,3,2005-07-15
4713,716173,3,2005-04-06
4713,2536260,1,2005-09-23
4713,2490348,4,2005-09-30
4713,2035456,3,2005-11-28
4713,373013,4,2004-06-29
4713,1299887,3,2005-03-12
4713,1567970,3,2005-01-04
4713,1157185,1,2004-06-21
4713,1480900,3,2003-11-23
4713,504620,2,2005-08-24
4713,443835,3,2004-02-16
4713,1937311,1,2005-01-07
4713,396801,1,2005-12-28
4713,863045,3,2004-02-21
4713,962214,4,2005-12-29
4713,2635339,3,2004-04-21
4713,755275,3,2004-10-11
4713,810003,5,2004-03-10
4713,319058,3,2005-01-11
4713,230798,3,2005-07-30
4713,904950,3,2004-08-10
4713,271105,1,2004-10-28
4713,467182,3,2005-01-20
4713,305344,1,2003-11-11
4713,2209655,3,2004-06-07
4713,1837122,3,2004-09-30
4713,404726,3,2005-06-08
4713,724455,3,2005-06-27
4713,420668,1,2004-03-15
4713,1197493,1,2004-04-20
4713,2226510,3,2004-01-05
4713,1500397,4,2004-01-06
4713,2311110,1,2004-08-22
4713,1710658,3,2005-12-06
4713,861035,5,2004-02-23
4713,1403217,2,2005-09-26
4713,1793492,2,2005-07-15
4713,827240,3,2004-12-30
4713,1771096,1,2004-09-08
4713,2458001,4,2004-12-06
4713,1022452,4,2005-03-01
4713,470328,1,2005-03-16
4713,2014482,4,2005-04-30
4713,280167,4,2005-05-23
4713,908547,5,2004-04-13
4713,2396089,4,2004-10-28
4713,1981151,4,2004-12-31
4713,1861500,1,2005-06-28
4713,178954,2,2005-07-01
4713,713414,2,2005-07-02
4713,447759,5,2005-12-06
4713,272904,3,2005-08-07
4713,1769515,4,2004-05-02
4713,759095,5,2004-07-19
4713,588280,3,2005-06-27
4713,1466382,3,2005-09-07
4713,1862405,5,2005-10-18
4713,829296,2,2004-03-03
4713,701747,3,2004-05-24
4713,436052,3,2004-09-17
4713,1164575,4,2004-12-15
4713,7877,4,2005-02-02
4713,510641,4,2005-10-10
4713,1656050,1,2004-07-12
4713,1123618,2,2004-10-11
4713,721960,5,2005-05-19
4713,1155628,3,2005-06-15
4713,1220451,2,2005-03-21
4713,740142,3,2004-03-28
4713,2613283,2,2004-04-18
4713,2626975,3,2005-02-13
4713,1413737,2,2005-03-15
4713,2545618,3,2004-09-29
4713,2470964,3,2005-05-13
4713,1460874,4,2005-06-08
4713,2273947,2,2005-01-21
4713,402266,5,2004-10-16
4713,2199854,4,2005-04-21
4713,1741802,5,2004-05-10
4713,1690559,2,2004-07-24
4713,555528,2,2005-03-02
4713,168455,5,2005-11-17
4713,2482819,3,2004-06-22
4713,1107588,2,2004-01-09
4713,788617,2,2005-06-08
4713,863644,3,2005-01-09
4713,2056022,3,2005-05-02
4713,1280910,4,2005-12-04
4713,816435,3,2005-12-04
4713,826195,2,2004-04-29
4713,1279143,5,2005-09-23
4713,192390,3,2004-12-10
4713,997164,1,2005-02-17
4713,1547173,3,2004-03-17
4713,1530610,3,2004-12-22
4713,1664,2,2005-03-14
4713,830808,2,2004-08-31
4713,2176465,3,2005-02-18
4713,957717,1,2005-01-20
4713,2638601,1,2005-05-06
4713,211704,3,2005-06-09
4713,1532646,5,2005-11-09
4713,1163485,1,2004-01-23
4713,1959845,3,2005-08-24
4713,296232,4,2004-08-03
4713,354541,1,2004-09-29
4713,752342,4,2005-11-20
4713,1815129,4,2004-04-28
4713,566113,4,2004-10-13
4713,1182345,4,2005-03-16
4713,1860023,1,2005-06-17
4713,580675,4,2005-12-27
4713,326049,3,2004-07-16
4713,1806118,2,2004-09-02
4713,2118461,4,2005-12-17
4713,2592591,4,2005-12-30
4713,2316845,3,2005-01-19
4713,9371,2,2005-02-03
4713,1184498,4,2005-03-11
4713,2061495,3,2005-03-21
4713,1105686,4,2005-05-07
4713,857686,2,2005-11-14
4713,387418,2,2003-11-12
4713,1056786,4,2005-12-20
4713,1985540,1,2004-10-26
4713,1208353,5,2005-05-02
4713,2452430,3,2005-05-26
4713,2177085,5,2005-10-18
4713,1871626,1,2004-01-12
4713,770076,3,2004-04-02
4713,1114324,3,2004-12-15
4713,1266206,3,2004-05-19
4713,1611206,2,2004-01-20
4713,835353,3,2004-06-26
4713,1876574,3,2004-07-05
4713,2186779,3,2004-04-02
4713,1150705,1,2005-11-28
4713,822041,1,2004-02-11
4713,2215788,2,2004-11-03
4713,1414278,3,2005-11-26
4713,1674787,3,2004-04-12
4713,2070952,3,2005-06-22
4713,1317124,5,2005-12-26
4713,276676,4,2004-06-02
4713,1443203,3,2004-11-30
4713,2231633,2,2004-08-16
4713,1663888,3,2004-01-11
4713,2303820,3,2004-07-21
4713,1371339,5,2004-12-20
4713,1649826,2,2004-04-05
4713,11796,3,2003-12-23
4713,2495108,3,2004-09-27
4713,27061,5,2004-10-07
4713,409170,3,2005-01-07
4713,1461435,1,2005-04-17
4713,575464,5,2004-03-08
4713,2549690,5,2005-03-24
4713,2606457,3,2005-09-29
4713,587590,3,2005-12-03
4713,1481308,4,2005-04-26
4713,463032,2,2005-12-28
4713,1515974,2,2004-01-05
4713,2614328,1,2004-08-05
4713,2394623,3,2004-09-20
4713,1515355,3,2003-11-20
4713,1353208,1,2004-09-01
4713,128311,1,2004-01-25
4713,2055508,3,2005-06-14
4713,267780,2,2004-11-12
4713,816320,5,2005-06-18
4713,2413272,3,2005-08-22
4713,1559922,1,2004-02-10
4713,1974420,2,2004-05-07
4713,1114889,3,2004-09-25
4713,2316252,3,2005-04-06
4713,2436452,2,2004-11-12
4713,1758289,5,2004-12-20
4713,2239360,3,2004-03-29
4713,1737176,2,2004-12-20
4713,75652,1,2005-04-02
4713,2371227,1,2004-09-10
4713,2451020,3,2004-08-16
4713,2232563,3,2004-04-01
4713,1852040,1,2004-01-24
4713,185347,3,2004-04-30
4713,1878780,4,2004-04-23
4713,1205988,3,2005-04-11
4713,89247,2,2005-07-26
4713,633444,5,2004-06-06
4713,832536,2,2004-10-16
4713,326512,3,2004-05-24
4713,1811676,2,2004-05-24
4713,1462587,2,2004-10-18
4713,1687263,2,2004-10-03
4713,953667,4,2004-08-24
4713,289656,2,2004-02-09
4713,1570281,5,2005-04-14
4713,1599252,2,2004-12-23
4713,1313126,1,2005-02-03
4713,2521955,4,2005-06-24
4713,2446246,3,2005-09-14
4713,1563698,4,2004-01-05
4713,610780,4,2004-10-19
4713,2019369,5,2004-01-25
4713,1740238,4,2004-12-06
4713,900899,4,2004-12-13
4713,1300759,3,2005-12-06
