6130,1794216,1,2005-04-25
6130,2542255,5,2005-07-28
6130,2472537,4,2004-12-01
6130,2441066,5,2005-10-23
6130,2012897,1,2000-10-18
6130,47411,2,2005-01-19
6130,2360767,4,2005-05-21
6130,1920758,2,2005-07-16
6130,1532735,2,2003-10-26
6130,1705134,1,2004-03-05
6130,1498198,4,2004-05-07
6130,605237,3,2003-06-14
6130,324026,5,2004-03-27
6130,200255,4,2004-10-04
6130,1488926,2,2003-10-19
6130,1684328,1,2004-08-14
6130,1645535,3,2005-07-16
6130,1808930,1,2004-10-12
6130,809943,3,2005-06-21
6130,1989649,3,2005-10-27
6130,1809272,3,2002-01-30
6130,1181550,3,2003-10-07
6130,290916,4,2003-07-29
6130,2354829,3,2005-07-12
6130,552875,1,2004-01-02
6130,1580481,3,2005-05-30
6130,1181717,1,2003-05-21
6130,1189269,3,2004-12-05
6130,1203779,4,2004-07-26
6130,2548139,3,2004-01-13
6130,1321396,4,2005-08-14
6130,2364099,5,2005-08-20
6130,1285033,2,2004-04-14
6130,1319926,3,2005-03-15
6130,2119007,2,2005-10-21
6130,642621,3,2005-01-30
6130,2360401,2,2005-05-08
6130,314110,3,2005-10-29
6130,2495584,4,2005-07-31
6130,1176800,1,2003-10-28
6130,680132,3,2005-01-29
6130,695907,1,2004-01-10
6130,1696308,3,2005-09-29
6130,1823382,3,2004-10-27
6130,294908,3,2005-10-02
6130,1001129,2,2004-10-18
6130,257294,3,2005-05-25
6130,1574264,3,2005-06-12
6130,937784,3,2005-10-23
6130,2257122,3,2005-08-02
6130,640098,2,2003-03-30
6130,2492392,3,2004-01-04
6130,393655,3,2004-09-25
6130,2479320,1,2003-10-13
6130,883478,3,2004-02-17
6130,1539697,2,2003-11-17
6130,1200930,5,2005-05-02
6130,235789,4,2004-10-27
6130,625166,3,2005-01-03
6130,241772,3,2005-11-02
6130,1471004,2,2005-11-03
6130,2421296,3,2003-11-06
6130,2171718,5,2005-12-17
6130,2507290,3,2004-10-07
6130,294330,2,2004-12-07
6130,1314869,4,2004-07-18
6130,936998,2,2004-08-04
6130,1813197,2,2005-07-25
6130,177558,2,2004-09-11
6130,1952112,3,2004-10-23
6130,130489,5,2005-04-29
6130,473435,3,2005-05-28
6130,897831,2,2001-06-09
6130,1166912,2,2003-05-21
6130,1664282,2,2003-10-24
6130,688753,3,2005-10-29
6130,1696137,4,2005-02-28
6130,1389360,5,2005-11-12
6130,2206502,3,2004-04-30
6130,2439493,1,2003-05-21
6130,1180009,3,2005-05-02
6130,991497,3,2004-01-28
6130,1928368,5,2005-03-12
6130,1134379,2,2005-05-30
6130,1232615,3,2005-09-09
6130,871350,4,2004-08-15
6130,2185614,2,2004-04-03
6130,2552459,4,2005-11-12
6130,648308,5,2005-09-05
6130,361375,3,2004-04-04
6130,1624701,4,2004-08-27
6130,72541,2,2004-05-10
6130,1796768,3,2004-02-22
6130,1229969,1,2005-06-27
6130,1641213,3,2005-10-08
6130,1128131,4,2003-04-20
6130,2536712,3,2005-06-26
6130,386900,2,2005-10-08
6130,522520,2,2004-05-01
6130,74670,3,2004-12-19
6130,2576843,2,2005-04-29
6130,1964838,4,2005-06-06
6130,1923216,4,2005-09-19
6130,360737,4,2005-09-20
6130,1300687,3,2005-07-05
6130,2492756,1,2004-03-25
6130,2636378,5,2004-08-01
6130,11215,5,2004-11-19
6130,1410903,4,2004-12-01
6130,2171089,1,2004-05-25
6130,1473980,3,2005-08-30
6130,686204,1,2004-07-17
6130,828444,3,2004-09-17
6130,200805,3,2005-07-31
6130,2212136,1,2005-09-30
6130,1110156,2,2003-12-18
6130,2635382,3,2004-11-22
6130,1784645,2,2005-10-19
6130,2525160,2,2005-12-01
6130,1001164,4,2005-12-16
6130,757456,3,2003-10-19
6130,349407,3,2004-02-14
6130,2012563,4,2004-10-17
6130,186478,2,2005-03-12
6130,1119113,3,2005-08-11
6130,2124555,5,2004-07-29
6130,291503,5,2005-02-05
6130,447836,3,2005-06-12
6130,2062214,2,2004-07-17
6130,2398655,1,2004-03-01
6130,2196916,1,2005-10-18
6130,1151752,1,2005-11-29
6130,638020,1,2003-11-26
6130,879760,2,2003-05-30
6130,428653,5,2003-05-08
6130,1815588,1,2004-12-29
6130,960776,3,2003-07-28
6130,511613,1,2003-12-28
6130,403536,3,2005-01-19
6130,1919269,3,2003-06-08
6130,342381,4,2005-07-04
6130,1750102,2,2004-02-08
6130,1693002,4,2004-10-11
6130,2217698,4,2004-11-14
6130,61884,3,2005-03-15
6130,2329786,3,2005-11-16
6130,1498526,3,2005-11-21
6130,735560,5,2001-01-27
6130,2051278,5,2005-07-25
6130,738390,3,2005-09-13
6130,2137371,1,2003-12-23
6130,1298008,1,2004-05-31
6130,1583631,2,2004-10-10
6130,799895,5,2005-01-20
6130,1768590,4,2005-02-08
6130,184705,3,2004-11-18
6130,2029979,3,2004-12-19
6130,1015048,3,2005-01-04
6130,1568056,5,2005-09-15
6130,940806,3,2003-12-23
6130,2217321,3,2005-01-03
6130,799442,3,2004-08-08
6130,1341214,1,2004-08-13
6130,2202057,3,2005-08-22
6130,2456613,3,2004-03-31
6130,1561857,4,2005-12-30
6130,1314105,4,2005-07-15
6130,495542,1,2004-01-13
6130,1825316,2,2003-04-02
6130,639089,4,2004-07-13
6130,742428,2,2004-06-05
6130,729527,3,2005-02-08
6130,1495111,2,2005-07-13
6130,175902,4,2005-11-02
6130,2038939,4,2004-08-15
6130,157667,5,2005-02-06
6130,1131164,5,2005-06-21
6130,2159883,5,2005-10-26
6130,1992980,2,2005-11-09
6130,1072072,2,2003-11-22
6130,202607,3,2004-02-21
6130,2372153,3,2004-06-14
6130,1500014,3,2004-08-09
6130,510834,4,2005-05-29
6130,1343436,2,2005-12-28
6130,1072312,4,2005-04-20
6130,1664010,5,2005-10-16
6130,1902838,3,2000-03-03
6130,259715,2,2004-02-25
6130,2258984,4,2004-09-23
6130,1725374,2,2005-01-23
6130,1617721,3,2005-12-29
6130,1865214,3,2004-06-23
6130,2135073,1,2004-04-02
6130,1365750,2,2005-09-12
6130,2259174,3,2005-09-04
6130,1481825,2,2004-10-08
6130,1496172,3,2004-10-13
6130,1383450,4,2005-12-21
6130,1521272,1,2003-08-07
6130,1473192,3,2005-01-05
6130,2188398,3,2005-10-06
6130,1811688,3,2004-03-28
6130,1709910,2,2000-05-19
6130,462171,3,2003-06-16
6130,205569,2,2004-02-12
6130,2263041,3,2003-11-09
6130,947657,5,2004-12-28
6130,873713,5,2004-10-25
6130,2152856,2,2005-06-30
6130,1765896,3,2003-11-13
6130,977681,2,2004-09-04
6130,256033,3,2005-10-09
6130,2299294,3,2003-03-25
6130,1273960,4,2005-06-02
6130,2601212,3,2005-06-20
6130,1012086,3,2004-09-20
6130,2016667,4,2003-06-16
6130,683124,5,2004-01-04
6130,153363,2,2004-06-14
6130,2080549,4,2004-11-02
6130,2078996,4,2001-12-30
6130,1629440,4,2004-09-25
6130,225972,1,2005-11-04
6130,504865,2,2005-09-04
6130,655385,3,2005-09-06
6130,1575866,2,2004-04-10
6130,2418528,1,2005-01-22
6130,1704223,2,2003-11-18
6130,2011043,3,2004-09-21
6130,1553270,3,2005-08-05
6130,2100306,5,2003-12-28
6130,2019240,2,2004-04-21
6130,2316963,5,2005-09-17
6130,1283242,3,2005-10-14
6130,2607300,3,2005-11-29
6130,71594,2,2000-06-29
6130,2290732,3,2004-07-01
6130,1399457,4,2005-07-24
6130,2485957,5,2005-10-13
6130,1002943,4,2005-11-01
6130,1254945,5,2004-12-12
6130,898592,4,2005-02-10
6130,574055,4,2005-10-13
6130,10374,3,2004-09-06
6130,2106579,1,2004-01-13
6130,1457134,3,2004-01-02
6130,3321,1,2005-07-25
6130,2021144,3,2004-05-07
6130,1778955,5,2005-03-12
6130,685565,5,2005-03-28
6130,825819,4,2004-04-23
6130,1616870,4,2005-06-14
6130,2036973,3,2004-09-17
6130,2186820,3,2005-10-27
6130,491531,1,2005-04-06
6130,683997,2,2005-04-24
6130,574834,2,2004-07-20
6130,1329474,4,2005-12-26
6130,1730910,2,2004-09-09
6130,1954061,3,2005-05-09
6130,864628,2,2004-01-15
6130,950518,1,2004-03-30
6130,1595257,5,2005-10-05
6130,977606,2,2001-03-03
6130,42378,3,2005-09-23
6130,986794,2,2004-02-23
6130,1299887,3,2005-04-06
6130,1473381,5,2005-04-28
6130,1567970,3,2005-01-06
6130,135932,3,2005-10-09
6130,504620,1,2005-08-21
6130,274652,4,2005-06-01
6130,2487916,4,2005-10-25
6130,1599850,2,2004-01-16
6130,1153562,3,2005-07-25
6130,607188,2,2004-12-10
6130,1508313,2,2004-08-08
6130,804044,4,2004-03-27
6130,1833576,5,2004-10-05
6130,342877,3,2004-03-21
6130,2387463,2,2003-12-08
6130,319058,2,2004-08-04
6130,106647,3,2005-10-27
6130,2323142,3,2003-09-22
6130,1087903,4,2004-02-26
6130,305344,1,2003-07-25
6130,1760883,2,2003-07-16
6130,2538506,1,2004-01-01
6130,1675194,3,2005-10-03
6130,1560099,5,2005-12-05
6130,2226525,2,2004-06-09
6130,2621560,4,2005-06-12
6130,2099446,3,2005-07-05
6130,1710658,3,2005-12-06
6130,1403217,2,2005-08-25
6130,2371144,5,2005-03-22
6130,8815,5,2004-09-14
6130,1374832,3,2005-05-21
6130,2419814,2,2004-07-11
6130,1522766,1,2005-08-07
6130,37577,5,2005-04-07
6130,2472066,2,2004-12-29
6130,1096082,4,2005-02-08
6130,447759,5,2005-10-11
6130,885009,2,2005-07-22
6130,1391194,2,2005-08-02
6130,707683,4,2005-12-02
6130,320187,2,2003-10-09
6130,2640278,2,2004-10-27
6130,2595310,5,2005-09-11
6130,1838526,3,2005-09-16
6130,2013504,1,2005-08-03
6130,2430267,5,2002-10-09
6130,2396388,3,2004-02-25
6130,864647,4,2004-12-19
6130,202002,1,2004-03-23
6130,805847,3,2004-04-21
6130,1906963,3,2004-10-02
6130,1565175,4,2004-12-28
6130,2005241,4,2005-07-01
6130,214457,3,2004-11-13
6130,596979,2,2005-03-17
6130,2054115,5,2005-06-19
6130,1621033,5,2005-10-06
6130,752642,1,2003-11-03
6130,922812,2,2005-06-14
6130,1985225,2,2003-11-06
6130,2090917,3,2005-01-01
6130,816328,2,2005-04-26
6130,2305400,1,2005-09-19
6130,2152273,3,2003-02-18
6130,2485642,3,2005-08-16
6130,1068705,3,2004-09-28
6130,753480,2,2005-09-17
6130,2332377,3,2004-04-11
6130,2329541,5,2005-02-02
6130,2028737,4,2005-06-13
6130,1553699,3,2005-07-27
6130,111645,3,2005-10-18
6130,879028,4,2005-03-21
6130,2258417,2,2005-03-24
6130,2502112,1,2004-12-25
6130,567705,3,2005-05-06
6130,2456113,1,2005-10-31
6130,2140372,3,2005-11-02
6130,1955551,2,2004-05-03
6130,578191,3,2005-10-14
6130,437955,3,2001-01-21
6130,1846827,3,2005-05-03
6130,2420384,5,2005-10-31
6130,1315515,3,2000-04-07
6130,170778,2,2004-04-23
6130,2075634,2,2004-10-26
6130,2445581,1,2005-01-26
6130,1860308,4,2005-10-22
6130,953110,5,2005-08-21
6130,538178,2,2003-11-04
6130,1711351,2,2005-01-03
6130,6766,5,2005-01-21
6130,1413367,2,2005-01-24
6130,394528,1,2004-06-23
6130,619524,2,2005-07-25
6130,1179691,4,2004-10-28
6130,1018033,5,2004-11-28
6130,288282,3,2005-04-09
6130,2118461,5,2005-10-27
6130,1935388,1,2002-05-24
6130,1628484,3,2004-01-08
6130,1692220,2,2004-07-26
6130,619477,3,2005-03-23
6130,53936,3,2005-11-05
6130,2555666,4,2005-11-28
6130,2197074,1,2005-08-21
6130,2125852,5,2005-09-12
6130,387418,2,2003-10-10
6130,2598757,3,2004-08-10
6130,1923886,3,2004-03-19
6130,1068370,3,2004-05-17
6130,144836,3,2005-07-22
6130,836945,3,2005-06-13
6130,878576,3,2005-08-27
6130,1114324,3,2004-12-06
6130,964622,4,2004-04-05
6130,1068435,2,2005-08-10
6130,1633365,5,2005-09-11
6130,915926,3,2004-02-09
6130,2610420,3,2004-11-11
6130,958687,2,2000-10-17
6130,1061195,3,2003-11-27
6130,1645904,2,2004-02-28
6130,1223949,3,2005-02-13
6130,1619065,5,2005-10-04
6130,2103116,3,2004-09-01
6130,983097,2,2004-11-22
6130,2198129,3,2005-09-18
6130,2140945,2,2005-07-27
6130,1447599,5,2004-05-01
6130,329475,4,2004-11-05
6130,2544984,4,2004-12-28
6130,1037245,3,2005-12-28
6130,78573,2,2005-03-13
6130,191869,1,2001-05-01
6130,106204,2,2004-03-15
6130,442963,2,2004-01-22
6130,976454,3,2004-09-16
6130,117969,2,2004-01-28
6130,592776,4,2004-07-28
6130,295181,1,2005-07-15
6130,2017068,2,2004-12-27
6130,1551313,2,2003-03-06
6130,239137,1,2004-03-25
6130,326502,4,2004-07-24
6130,2111936,5,2004-06-18
6130,1711564,3,2004-01-12
6130,1951577,4,2005-01-30
6130,1412033,2,2004-02-17
6130,2403480,1,2004-03-06
6130,1363781,1,2004-03-22
6130,505967,3,2005-07-02
6130,1707198,2,2004-01-05
6130,1852040,3,2004-04-06
6130,104724,1,2004-07-31
6130,115613,1,2003-05-05
6130,1031692,4,2005-06-16
6130,1612901,1,2005-10-25
6130,629389,3,2004-03-01
6130,1349619,3,2005-05-16
6130,988885,3,2004-03-17
6130,674866,4,2005-10-14
6130,471831,5,2004-10-02
6130,953667,3,2005-03-31
6130,188613,1,2004-11-26
6130,504401,2,2003-04-16
6130,953604,2,2003-10-08
6130,374741,3,2003-10-08
6130,1283745,2,2005-05-10
6130,2169776,3,2005-08-06
6130,617654,2,2003-11-10
6130,1125075,3,2005-09-20
6130,301019,5,2005-09-22
6130,2492695,2,2005-11-19
6130,2636875,4,2004-03-26
6130,453585,2,2005-03-14
6130,2284248,3,2005-09-15
