8470,2422606,3,2003-08-17
8470,1565388,1,2004-02-21
8470,1351377,4,2005-08-10
8470,2360117,3,2003-10-22
8470,1437190,3,2004-04-06
8470,1174530,2,2004-11-23
8470,923325,4,2005-03-29
8470,1179646,2,2005-05-14
8470,921064,3,2005-06-01
8470,2193455,4,2005-06-01
8470,466862,2,2005-06-04
8470,1276913,5,2005-07-03
8470,1744889,1,2005-09-19
8470,1488844,3,2005-09-20
8470,2263006,2,2005-09-23
8470,946314,2,2005-10-09
8470,1435849,3,2005-10-19
8470,1778851,4,2005-11-04
8470,2156241,4,2005-11-05
8470,1421919,1,2005-11-10
8470,249052,4,2005-12-31
8470,513841,3,2003-06-12
8470,327122,3,2005-08-08
8470,105833,3,2004-10-27
8470,1041552,1,2004-11-05
8470,2198355,4,2005-02-18
8470,441324,1,2005-03-15
8470,471879,3,2005-04-23
8470,1954460,2,2005-09-30
8470,954927,3,2005-10-04
8470,382651,5,2005-10-10
8470,2540855,5,2005-10-13
8470,2459251,3,2005-11-06
8470,1000991,4,2005-11-06
8470,1120091,5,2005-11-12
8470,295983,3,2005-12-05
8470,1685449,3,2003-08-27
8470,827380,2,2004-02-26
8470,2648502,2,2003-06-23
8470,1606064,2,2004-03-09
8470,46036,2,2003-07-05
8470,1991127,3,2004-06-24
8470,1688444,4,2004-05-14
8470,2179335,2,2004-04-22
8470,1917657,2,2004-10-18
8470,2472537,2,2004-12-01
8470,1774684,2,2005-01-08
8470,1116987,4,2005-02-09
8470,844049,3,2005-05-03
8470,643091,3,2005-05-09
8470,2080855,3,2005-06-16
8470,1134700,3,2005-07-01
8470,484109,4,2005-09-14
8470,2441066,5,2005-11-03
8470,1317314,5,2005-12-22
8470,1981733,2,2003-10-05
8470,2260788,4,2004-04-23
8470,2330735,1,2005-08-05
8470,2303220,3,2005-08-13
8470,2403601,2,2004-06-01
8470,528423,3,2003-12-29
8470,403531,5,2003-11-16
8470,227469,3,2004-07-08
8470,1863499,3,2003-11-27
8470,71148,4,2004-05-06
8470,2551143,2,2004-10-21
8470,2551641,2,2004-12-28
8470,353820,3,2005-05-12
8470,1087605,3,2005-06-20
8470,1213587,3,2005-11-05
8470,443034,5,2005-11-06
8470,936290,4,2005-11-10
8470,858700,3,2005-12-07
8470,1840690,4,2005-12-18
8470,2459774,2,2005-12-28
8470,1977959,3,2003-07-18
8470,541295,3,2003-10-06
8470,26049,1,2005-09-02
8470,1030363,1,2003-09-09
8470,580366,5,2004-08-08
8470,537732,3,2004-12-07
8470,2185906,2,2004-12-28
8470,918897,4,2005-03-21
8470,2645579,2,2005-03-24
8470,2438169,3,2005-04-27
8470,2360767,4,2005-05-21
8470,1603214,4,2005-09-18
8470,250927,3,2005-10-21
8470,196574,2,2005-10-23
8470,1910699,4,2005-10-24
8470,117386,1,2005-10-31
8470,2063030,2,2003-12-08
8470,1532735,3,2004-01-08
8470,806013,3,2004-01-12
8470,922922,2,2003-07-15
8470,439978,4,2003-09-22
8470,2412160,2,2005-01-07
8470,52540,5,2005-02-02
8470,2217731,2,2005-03-06
8470,1128484,3,2005-05-12
8470,1110296,3,2005-05-17
8470,699732,3,2005-07-01
8470,2586076,5,2005-09-21
8470,589364,2,2005-11-08
8470,1059927,4,2005-11-12
8470,2043617,3,2005-11-16
8470,2541531,3,2005-11-21
8470,2320377,1,2005-11-22
8470,1484710,5,2005-11-29
8470,365933,4,2005-08-03
8470,200255,3,2004-03-24
8470,883576,5,2004-03-22
8470,1495252,2,2004-07-08
8470,1080361,5,2004-06-14
8470,879131,2,2003-12-30
8470,1926450,2,2004-03-30
8470,1572950,4,2004-11-23
8470,253214,5,2005-03-21
8470,2617555,5,2005-03-21
8470,1150513,3,2005-04-18
8470,1229269,3,2005-04-19
8470,1712165,5,2005-06-03
8470,1197928,4,2005-09-13
8470,1657951,2,2005-10-03
8470,2491366,3,2005-10-10
8470,1052042,2,2005-10-24
8470,230952,5,2005-11-04
8470,549534,1,2003-06-05
8470,941624,4,2005-07-25
8470,185495,3,2004-04-24
8470,262411,3,2003-10-28
8470,1488926,3,2003-10-19
8470,335572,3,2004-04-29
8470,1684328,3,2004-10-15
8470,359340,3,2004-01-08
8470,2600558,1,2004-11-04
8470,1224299,3,2005-03-18
8470,609437,4,2005-04-01
8470,1644680,3,2005-04-06
8470,303948,4,2005-04-11
8470,2637948,3,2005-04-19
8470,2191844,5,2005-04-21
8470,392255,5,2005-05-04
8470,2243703,4,2005-05-16
8470,1231117,3,2005-06-06
8470,763779,3,2005-06-27
8470,2030523,1,2005-09-14
8470,681050,5,2005-09-30
8470,1952746,3,2005-10-10
8470,369451,5,2005-10-27
8470,1359097,4,2005-11-07
8470,1809046,1,2005-11-17
8470,511340,4,2005-07-09
8470,1599243,1,2004-05-23
8470,1594650,2,2005-08-08
8470,141745,2,2003-06-10
8470,2263829,2,2004-06-12
8470,1906507,2,2005-09-03
8470,1520584,4,2004-08-22
8470,351559,3,2004-10-07
8470,251043,3,2005-02-01
8470,1176077,3,2005-02-11
8470,134485,3,2005-03-04
8470,1896957,2,2005-05-25
8470,360412,4,2005-06-16
8470,112320,5,2005-09-13
8470,1155253,5,2005-10-08
8470,1320185,3,2005-10-17
8470,1989649,3,2005-10-27
8470,2472845,4,2005-10-31
8470,1645535,4,2005-11-05
8470,185509,5,2005-12-07
8470,809943,5,2005-12-17
8470,35511,1,2005-07-15
8470,1673185,2,2003-07-30
8470,2081310,5,2004-04-02
8470,869097,4,2005-08-06
8470,1227322,1,2003-06-20
8470,2119072,5,2004-09-25
8470,986633,5,2004-10-12
8470,2602249,3,2005-03-05
8470,1629407,3,2005-03-14
8470,1279939,5,2005-03-24
8470,245884,2,2005-04-06
8470,550655,2,2005-05-08
8470,2023030,2,2005-05-17
8470,2491620,3,2005-06-07
8470,417997,2,2005-06-20
8470,2048686,1,2005-06-29
8470,2596383,1,2005-10-07
8470,538214,1,2005-10-16
8470,241441,5,2005-11-16
8470,400744,5,2005-12-06
8470,1883641,4,2005-12-15
8470,1480898,5,2005-07-20
8470,2240828,2,2003-06-06
8470,148550,2,2003-07-13
8470,1654627,1,2003-10-13
8470,962445,4,2003-10-29
8470,43530,3,2004-06-04
8470,1245869,3,2004-09-27
8470,290215,1,2004-10-20
8470,1062160,1,2004-12-13
8470,654334,2,2005-03-11
8470,618931,3,2005-04-22
8470,1704130,3,2005-05-05
8470,390445,5,2005-05-07
8470,317789,3,2005-05-19
8470,1580481,3,2005-05-22
8470,1991616,4,2005-06-22
8470,289920,3,2005-11-07
8470,981098,1,2004-07-11
8470,642060,1,2004-02-06
8470,2559157,4,2004-10-14
8470,1740093,3,2005-03-18
8470,1332388,3,2005-03-22
8470,1143589,3,2005-06-05
8470,1509566,3,2005-06-11
8470,972213,3,2005-06-27
8470,483018,4,2005-09-14
8470,225876,4,2005-10-03
8470,1080872,3,2005-12-09
8470,324403,3,2005-12-27
8470,2488790,4,2005-07-17
8470,2042531,5,2005-09-03
8470,220956,5,2004-03-01
8470,1942723,3,2004-10-26
8470,1189269,3,2004-11-08
8470,1015558,2,2004-12-10
8470,2215056,3,2005-04-06
8470,9489,3,2005-04-09
8470,1203779,5,2005-04-15
8470,1928445,3,2005-04-27
8470,2541939,1,2005-05-23
8470,650323,3,2005-06-29
8470,2589398,4,2005-09-29
8470,1602489,4,2005-10-11
8470,354838,3,2005-10-22
8470,389017,2,2005-11-23
8470,1666890,4,2005-12-20
8470,525356,1,2004-06-18
8470,2266083,4,2005-07-26
8470,2018176,2,2005-07-28
8470,843387,3,2003-07-29
8470,649969,3,2003-06-10
8470,570929,3,2003-05-25
8470,794717,3,2004-09-07
8470,1679741,2,2003-08-01
8470,935413,3,2003-11-26
8470,1612558,2,2004-06-04
8470,83150,2,2004-06-11
8470,2100684,4,2005-06-24
8470,2187108,3,2005-02-03
8470,2109681,2,2005-05-02
8470,561700,3,2005-09-29
8470,662875,1,2005-10-05
8470,2119007,4,2005-10-06
8470,1787989,5,2005-12-10
8470,1402224,2,2005-07-11
8470,2110677,3,2005-07-23
8470,2566515,1,2003-07-16
8470,1637761,1,2005-08-01
8470,874550,2,2005-08-16
8470,1896991,4,2004-06-17
8470,1886633,5,2004-11-11
8470,1341028,4,2005-03-18
8470,2120652,4,2005-04-09
8470,1624926,4,2005-05-03
8470,401047,2,2005-06-03
8470,1520166,1,2005-06-12
8470,2131681,3,2005-10-17
8470,2328967,4,2005-10-17
8470,326567,4,2005-07-05
8470,1553047,3,2005-07-09
8470,902249,5,2005-07-17
8470,1784150,4,2005-07-20
8470,2546915,3,2004-06-29
8470,380505,2,2003-08-21
8470,423540,4,2004-01-18
8470,1390264,1,2003-06-13
8470,530675,1,2003-06-08
8470,1456997,2,2004-02-19
8470,2360401,3,2005-04-26
8470,1049975,4,2005-04-26
8470,2448612,3,2005-05-11
8470,273945,2,2005-05-27
8470,1841531,3,2005-06-12
8470,1716910,3,2005-06-15
8470,1300489,5,2005-06-30
8470,2101803,4,2005-09-20
8470,1741099,5,2005-09-23
8470,1078245,5,2005-09-27
8470,314110,4,2005-10-29
8470,1185067,4,2005-12-01
8470,2364018,1,2005-12-04
8470,797657,4,2005-12-29
8470,1342568,5,2005-07-11
8470,2495584,3,2005-07-22
8470,155342,1,2003-11-15
8470,277135,4,2005-07-27
8470,319258,5,2004-02-12
8470,1203859,2,2003-06-07
8470,2207643,1,2003-09-16
8470,1457139,4,2004-02-10
8470,1286550,2,2003-10-17
8470,680132,4,2004-04-27
8470,178860,2,2004-11-04
8470,1493758,3,2004-12-10
8470,2633886,4,2004-12-19
8470,361832,5,2005-03-10
8470,1714428,3,2005-03-10
8470,1309838,5,2005-04-20
8470,1573811,1,2005-04-23
8470,2145441,4,2005-05-04
8470,2302430,3,2005-05-26
8470,1208146,4,2005-11-04
8470,83879,4,2005-11-07
8470,1066926,1,2005-12-04
8470,2634386,2,2005-12-11
8470,1623070,3,2005-07-21
8470,158197,2,2003-06-13
8470,1224848,4,2004-03-12
8470,602053,2,2004-01-27
8470,1481158,2,2004-09-26
8470,1828587,2,2004-11-23
8470,1749238,3,2005-03-04
8470,1636268,3,2005-04-16
8470,1520201,5,2005-05-23
8470,513509,4,2005-07-04
8470,1696308,4,2005-07-04
8470,2467814,4,2005-10-01
8470,344216,2,2005-10-08
8470,2402945,4,2005-10-10
8470,1919770,3,2005-12-13
8470,1898907,2,2005-12-27
8470,1018901,2,2003-08-19
8470,1478507,3,2005-07-27
8470,643058,1,2003-08-03
8470,2548982,1,2004-06-08
8470,1226844,3,2003-09-15
8470,199974,3,2005-08-22
8470,921658,3,2004-01-27
8470,2215923,5,2004-07-18
8470,2246845,4,2004-05-11
8470,1048053,3,2004-10-20
8470,1746455,1,2004-11-10
8470,717542,2,2004-11-17
8470,1115285,4,2004-12-30
8470,765336,1,2005-01-11
8470,818816,2,2005-03-28
8470,2643418,5,2005-04-26
8470,2307943,3,2005-05-03
8470,1259696,3,2005-06-20
8470,356285,3,2005-06-26
8470,556776,5,2005-09-14
8470,2130321,3,2005-09-15
8470,1218532,3,2005-10-30
8470,1237096,3,2005-11-11
8470,1489065,4,2005-11-16
8470,1056819,1,2005-07-18
8470,758932,3,2004-01-08
8470,1289074,2,2003-07-22
8470,2597964,2,2004-02-04
8470,1859573,2,2005-02-03
8470,2465236,1,2005-02-08
8470,2524481,4,2005-04-22
8470,753663,3,2005-05-09
8470,1808539,3,2005-05-12
8470,2291972,2,2005-05-31
8470,1820960,2,2005-06-01
8470,190136,3,2005-06-15
8470,440752,2,2005-10-13
8470,380354,3,2005-11-01
8470,2473907,3,2005-12-13
8470,19585,2,2005-12-19
8470,662412,3,2004-02-10
8470,139964,2,2004-03-03
8470,717073,2,2005-08-04
8470,940434,2,2003-06-11
8470,2169446,1,2003-06-23
8470,706198,1,2003-12-01
8470,631747,3,2004-04-17
8470,565589,4,2004-07-16
8470,2561713,2,2004-10-12
8470,7548,3,2004-10-12
8470,753836,2,2004-10-19
8470,1045528,1,2004-10-19
8470,1801709,3,2004-12-02
8470,1011307,4,2004-12-02
8470,2178153,3,2004-12-27
8470,951446,1,2005-02-17
8470,2159577,3,2005-03-18
8470,789969,2,2005-04-11
8470,633253,4,2005-05-19
8470,2224205,2,2005-06-27
8470,2598028,4,2005-09-26
8470,47312,4,2005-10-03
8470,2142119,4,2005-10-11
8470,77457,3,2005-12-01
8470,1372129,4,2005-12-31
8470,779877,3,2004-01-03
8470,1283744,2,2004-03-05
8470,1927580,1,2004-01-14
8470,2218909,2,2004-07-20
8470,2649335,3,2004-11-13
8470,1667197,1,2004-12-23
8470,1316174,1,2005-01-06
8470,1830420,3,2005-02-27
8470,1954102,4,2005-05-03
8470,1574264,3,2005-06-12
8470,263600,2,2005-09-19
8470,823416,3,2005-09-20
8470,1333954,3,2005-10-18
8470,937784,3,2005-10-23
8470,2354942,5,2005-12-09
8470,2257122,5,2005-08-02
8470,2457281,4,2005-08-08
8470,1472571,3,2005-08-09
8470,2492392,1,2004-01-04
8470,2165336,3,2004-08-18
8470,962564,4,2004-11-01
8470,220627,3,2005-01-06
8470,2289197,3,2005-04-23
8470,2408329,3,2005-05-24
8470,1445117,3,2005-05-24
8470,2262558,4,2005-06-24
8470,2263800,3,2005-06-28
8470,282051,5,2005-09-08
8470,2535229,3,2005-09-26
8470,2302840,5,2005-10-14
8470,1501692,3,2005-07-08
8470,2479320,2,2003-10-13
8470,1392518,3,2004-05-21
8470,2242596,2,2004-09-14
8470,483981,2,2004-10-25
8470,2003130,3,2005-02-16
8470,2083470,3,2005-04-14
8470,2531722,4,2005-05-06
8470,1806580,3,2005-05-25
8470,1833866,1,2005-06-12
8470,1631433,4,2005-06-12
8470,317504,4,2005-06-13
8470,1018379,3,2005-06-22
8470,2429347,1,2005-10-10
8470,1947128,5,2005-10-19
8470,2072167,5,2005-10-22
8470,1620201,3,2005-10-29
8470,1273771,3,2005-11-09
8470,1381754,3,2005-12-29
8470,850882,4,2003-11-04
8470,594870,2,2005-08-03
8470,883478,3,2004-02-17
8470,1928597,2,2003-09-07
8470,1839779,4,2003-08-25
8470,187896,2,2004-06-27
8470,1539697,2,2004-11-18
8470,1037347,3,2004-12-07
8470,727242,1,2004-12-17
8470,1758409,3,2005-01-24
8470,1057306,5,2005-02-25
8470,1320147,4,2005-04-19
8470,1270565,5,2005-05-16
8470,2534796,1,2005-05-24
8470,174615,4,2005-09-25
8470,2370879,3,2005-10-17
8470,33430,3,2005-10-26
8470,1961619,3,2005-12-22
8470,52029,2,2005-12-29
8470,2322383,3,2004-01-29
8470,1567202,1,2004-08-28
8470,1725009,1,2004-02-23
8470,474700,2,2003-09-11
8470,1236413,3,2004-02-22
8470,281386,2,2003-10-02
8470,478176,1,2004-06-10
8470,1662714,3,2004-10-17
8470,235789,3,2004-10-27
8470,1315654,3,2004-11-30
8470,2396118,4,2004-12-09
8470,530289,2,2005-03-21
8470,1925969,5,2005-04-14
8470,2437697,2,2005-06-21
8470,1512617,4,2005-06-27
8470,569246,3,2005-10-28
8470,241772,3,2005-11-02
8470,2337017,3,2005-11-04
8470,706264,3,2004-08-27
8470,272972,5,2005-07-09
8470,880579,2,2004-01-05
8470,974402,2,2003-08-01
8470,411705,3,2004-04-22
8470,1882563,3,2005-01-30
8470,491623,4,2005-03-21
8470,2333763,3,2005-04-05
8470,823157,5,2005-05-10
8470,2316184,4,2005-09-10
8470,864061,2,2005-07-17
8470,778615,2,2003-07-28
8470,1548706,3,2005-07-24
8470,277916,1,2004-01-17
8470,563019,1,2005-08-11
8470,1613540,4,2003-07-03
8470,2239625,3,2004-07-23
8470,367210,5,2005-02-07
8470,1496080,3,2005-03-07
8470,1462488,4,2005-03-18
8470,1211405,4,2005-04-11
8470,213750,3,2005-04-16
8470,199257,3,2005-04-17
8470,1486225,3,2005-05-05
8470,2171718,5,2005-05-20
8470,1169855,2,2005-05-28
8470,1563429,3,2005-06-07
8470,2339926,2,2005-06-10
8470,2237178,2,2005-09-23
8470,1582794,2,2005-10-11
8470,741852,1,2005-10-14
8470,827025,4,2005-10-17
8470,338633,3,2005-11-21
8470,410924,4,2005-11-21
8470,1955464,4,2003-11-10
8470,1054564,2,2003-06-13
8470,691210,4,2003-10-16
8470,587349,1,2004-06-14
8470,68679,3,2005-01-06
8470,2345327,3,2005-01-19
8470,2318597,3,2005-04-03
8470,1328954,3,2005-05-06
8470,2604453,3,2005-05-19
8470,852631,3,2005-06-18
8470,1251664,2,2005-07-04
8470,2198296,3,2005-10-17
8470,125713,2,2005-11-25
8470,1792741,1,2003-07-14
8470,313419,4,2004-06-11
8470,1546749,3,2004-02-15
8470,1176462,1,2004-05-28
8470,784766,3,2004-10-18
8470,2522548,3,2004-11-05
8470,2179777,1,2004-11-16
8470,1314869,3,2005-02-03
8470,599328,3,2005-03-04
8470,832959,1,2005-03-23
8470,286567,4,2005-04-01
8470,85063,4,2005-04-24
8470,1241706,3,2005-05-01
8470,1500614,5,2005-09-19
8470,2100574,5,2005-10-11
8470,163085,5,2005-10-11
8470,2243394,3,2005-10-28
8470,2227804,2,2005-11-29
8470,1046590,5,2005-07-14
8470,387341,3,2003-06-17
8470,700083,3,2004-03-04
8470,967190,3,2003-06-01
8470,1205021,2,2005-08-01
8470,2004274,2,2003-06-30
8470,1130133,2,2003-07-23
8470,1813197,2,2003-11-18
8470,1537873,3,2003-12-23
8470,2496492,1,2004-01-20
8470,26674,3,2004-01-25
8470,1427330,2,2004-01-30
8470,1952112,3,2004-02-18
8470,291396,2,2004-08-02
8470,1719610,4,2004-09-22
8470,1255703,2,2004-12-08
8470,1118819,3,2005-02-26
8470,1821201,2,2005-03-25
8470,1982345,3,2005-03-22
8470,1353216,3,2005-05-01
8470,702104,3,2005-05-18
8470,1941368,4,2005-06-07
8470,1829014,1,2005-06-24
8470,1667347,3,2005-09-16
8470,905074,1,2005-10-10
8470,1920310,2,2005-10-19
8470,1036991,1,2005-11-07
8470,1882485,4,2005-11-10
8470,2614953,3,2005-11-28
8470,851848,1,2005-07-24
8470,2062763,2,2003-08-31
8470,1513590,3,2005-08-23
8470,636262,3,2005-08-23
8470,2389101,2,2004-03-31
8470,547341,3,2004-04-28
8470,1041650,3,2004-12-23
8470,2021377,3,2005-01-26
8470,2593596,3,2005-02-08
8470,2634707,4,2005-02-16
8470,113692,5,2005-03-16
8470,430715,3,2005-03-28
8470,735078,4,2005-04-12
8470,1921706,4,2005-05-15
8470,1620184,3,2005-05-20
8470,454519,3,2005-05-25
8470,2018336,3,2005-06-01
8470,1877609,4,2005-09-20
8470,527891,4,2005-10-06
8470,2115174,3,2005-10-06
8470,1057513,4,2005-11-04
8470,769929,3,2005-11-14
8470,1071084,4,2005-11-22
8470,2160085,2,2005-12-08
8470,77182,3,2005-12-08
8470,1893577,2,2005-07-16
8470,2237185,3,2003-07-11
8470,1276353,4,2005-08-16
8470,1166912,2,2003-06-03
8470,1849541,2,2004-02-03
8470,636004,1,2004-04-12
8470,2330516,1,2003-12-17
8470,579391,5,2004-02-14
8470,892545,2,2004-10-03
8470,1271717,3,2004-10-31
8470,1024554,4,2005-02-09
8470,920932,5,2005-03-25
8470,1793777,3,2005-05-31
8470,516343,4,2005-06-02
8470,924739,3,2005-10-04
8470,688753,5,2005-10-29
8470,974823,2,2005-11-14
8470,825779,5,2005-12-18
8470,1373643,5,2005-12-27
8470,1172719,3,2004-01-02
8470,2341640,5,2004-03-17
8470,1942739,2,2004-10-10
8470,2484944,3,2004-10-21
8470,524672,2,2004-11-19
8470,2062350,2,2004-12-07
8470,124728,3,2005-03-27
8470,527631,3,2005-04-19
8470,208698,1,2005-04-26
8470,72095,5,2005-04-27
8470,2315135,3,2005-05-14
8470,2599774,3,2005-05-17
8470,2621405,4,2005-10-06
8470,1564978,1,2005-11-08
8470,1387521,5,2005-11-10
8470,2626033,4,2005-11-11
8470,1140107,3,2005-11-15
8470,931439,5,2005-12-28
8470,1894134,3,2003-07-06
8470,726823,2,2005-07-23
8470,1800301,3,2005-08-06
8470,2071384,1,2003-12-23
8470,1953981,1,2003-12-20
8470,440852,2,2004-11-05
8470,118137,3,2005-01-05
8470,2165181,3,2005-02-26
8470,2220482,1,2005-02-28
8470,2075828,2,2005-04-15
8470,211086,3,2005-04-30
8470,827056,2,2005-05-02
8470,110104,3,2005-05-12
8470,1912002,3,2005-09-18
8470,1252784,3,2005-09-22
8470,2473882,3,2005-09-22
8470,2394277,2,2005-09-27
8470,1707709,4,2005-10-11
8470,397684,5,2005-10-27
8470,1910130,4,2005-11-21
8470,2505235,3,2005-07-20
8470,1463088,3,2004-01-31
8470,369617,5,2005-07-23
8470,2439493,1,2003-05-27
8470,1047830,2,2003-07-14
8470,1709316,3,2005-08-11
8470,1093011,1,2003-08-27
8470,1062876,4,2003-11-14
8470,1494275,2,2004-05-27
8470,505779,2,2004-06-02
8470,1340096,3,2004-10-15
8470,1315696,1,2004-12-05
8470,2196188,5,2005-05-04
8470,321582,4,2005-05-20
8470,1247739,3,2005-05-31
8470,2098310,4,2005-06-02
8470,1545711,3,2005-06-10
8470,479924,2,2005-07-04
8470,530789,3,2005-09-13
8470,1124974,3,2005-10-19
8470,1877128,2,2005-10-22
8470,515543,4,2005-11-02
8470,1336019,5,2005-11-29
8470,2112641,2,2005-12-20
8470,1133272,5,2005-07-15
8470,862850,2,2003-11-27
8470,2596598,4,2004-04-23
8470,1892170,1,2005-08-05
8470,742888,3,2005-08-08
8470,467503,3,2004-03-01
8470,97578,2,2003-08-04
8470,2238053,2,2004-09-14
8470,2258791,4,2003-10-30
8470,1034714,1,2004-03-22
8470,1914525,3,2004-04-23
8470,2443669,3,2005-01-19
8470,582315,3,2005-02-23
8470,766840,2,2005-02-28
8470,845921,4,2005-03-16
8470,2630286,3,2005-05-12
8470,1141511,4,2005-05-18
8470,2128971,1,2005-06-06
8470,2365876,3,2005-06-08
8470,2376428,2,2005-09-14
8470,1006269,5,2005-09-17
8470,1152930,2,2005-10-15
8470,2602696,5,2005-10-23
8470,2450621,5,2005-11-14
8470,2559843,3,2005-11-21
8470,1147370,1,2004-05-09
8470,1467756,4,2004-01-11
8470,198609,2,2005-08-23
8470,2242835,3,2003-08-14
8470,2641753,1,2004-04-11
8470,1001686,3,2005-03-21
8470,827136,3,2005-04-03
8470,1134379,3,2005-05-24
8470,1270880,3,2005-06-27
8470,1377657,3,2005-09-21
8470,2397204,4,2005-10-12
8470,2644460,4,2005-10-13
8470,1233831,1,2005-10-20
8470,1253619,3,2005-08-18
8470,2388116,1,2003-07-30
8470,982875,2,2005-08-25
8470,2041771,4,2004-01-29
8470,2185614,2,2004-04-03
8470,288910,4,2004-10-19
8470,518418,2,2005-02-04
8470,760146,4,2005-03-15
8470,2415589,2,2005-04-01
8470,2615184,5,2005-04-12
8470,1163213,3,2005-04-17
8470,1452127,4,2005-05-13
8470,1691090,2,2005-06-14
8470,2351463,1,2005-10-12
8470,2303856,3,2005-10-14
8470,1995527,3,2005-11-17
8470,237585,3,2005-11-25
8470,924028,1,2005-12-07
8470,1801528,2,2005-12-13
8470,2549238,4,2005-07-10
8470,1545709,2,2003-08-19
8470,1410683,1,2003-09-02
8470,1531976,2,2005-07-25
8470,66179,2,2003-11-10
8470,1239873,2,2005-08-07
8470,48746,2,2005-08-07
8470,241634,3,2003-08-12
8470,1207170,1,2004-07-09
8470,361375,4,2005-02-21
8470,238740,2,2004-10-27
8470,1234128,2,2005-01-25
8470,888617,4,2005-04-19
8470,1587159,3,2005-09-22
8470,1799009,4,2005-10-08
8470,585412,3,2005-11-15
8470,1120476,3,2005-11-22
8470,1116080,3,2005-12-08
8470,222690,4,2005-12-09
8470,1127410,4,2005-12-20
8470,170539,1,2005-07-17
8470,1762761,3,2004-04-05
8470,735636,4,2004-01-26
8470,1887120,2,2003-11-30
8470,1250156,3,2005-08-15
8470,2361804,2,2003-07-27
8470,379279,2,2004-08-08
8470,2128893,3,2004-06-29
8470,42064,3,2004-12-28
8470,290700,4,2005-03-09
8470,1430108,3,2005-03-16
8470,896927,5,2005-05-17
8470,871384,1,2005-05-27
8470,1219833,2,2005-06-13
8470,1229969,4,2005-06-27
8470,366634,5,2005-06-28
8470,78850,2,2005-09-12
8470,1641213,3,2005-09-25
8470,874759,5,2005-09-27
8470,222553,5,2005-10-15
8470,1319012,4,2005-11-20
8470,1771397,4,2005-11-28
8470,808604,3,2005-12-07
8470,910356,4,2005-12-14
8470,1270111,2,2005-12-29
8470,997243,3,2005-07-09
8470,2164560,5,2005-07-12
8470,2030626,1,2003-11-07
8470,1128131,4,2004-02-20
8470,242606,4,2004-02-03
8470,1748135,2,2003-05-18
8470,817339,3,2004-04-02
8470,927786,2,2004-09-22
8470,286625,2,2005-03-02
8470,2469295,4,2005-03-12
8470,615711,3,2005-04-07
8470,308130,2,2005-05-24
8470,755939,1,2005-06-08
8470,30201,4,2005-06-27
8470,742770,4,2005-09-19
8470,2208125,2,2005-10-10
8470,328125,3,2005-10-14
8470,643324,2,2005-11-10
8470,2350520,1,2005-11-10
8470,2536712,4,2005-11-11
8470,2377457,3,2005-12-07
8470,1460057,3,2005-12-30
8470,2215598,5,2005-07-12
8470,2345098,2,2005-07-16
8470,256065,2,2003-07-09
8470,2474624,4,2004-04-24
8470,2488496,3,2004-09-18
8470,880471,3,2004-11-12
8470,1007545,3,2004-12-10
8470,42128,2,2005-01-02
8470,1923216,4,2005-01-04
8470,2471826,5,2005-01-22
8470,2025003,4,2005-02-06
8470,1126751,4,2005-03-08
8470,2507985,2,2005-03-16
8470,554096,2,2005-04-10
8470,1913414,5,2005-04-17
8470,524295,3,2005-04-18
8470,2576843,3,2005-04-29
8470,1964980,2,2005-05-04
8470,1634443,3,2005-06-12
8470,516260,3,2005-09-17
8470,360737,3,2005-09-20
8470,599592,3,2005-09-26
8470,2612016,5,2005-10-18
8470,232286,3,2005-11-02
8470,1813272,3,2005-11-22
8470,1300687,3,2005-07-05
8470,165247,5,2005-07-09
8470,250509,4,2003-07-06
8470,1247627,3,2003-12-16
8470,494139,3,2004-07-08
8470,435108,3,2004-04-09
8470,1763024,5,2004-08-10
8470,11215,4,2004-11-19
8470,1897166,3,2005-02-15
8470,633722,4,2005-02-16
8470,1792064,5,2005-02-27
8470,556429,3,2005-03-15
8470,925944,4,2005-04-04
8470,117747,1,2005-04-18
8470,1968531,4,2005-05-24
8470,2495253,2,2005-05-31
8470,2511584,3,2005-06-24
8470,2155681,4,2005-09-21
8470,2599262,3,2005-10-19
8470,2578541,3,2005-10-19
8470,141876,3,2005-11-14
8470,1677263,3,2005-12-08
8470,365119,3,2005-07-26
8470,1331862,5,2005-08-08
8470,1104997,2,2003-07-14
8470,1409687,3,2004-02-23
8470,2488357,3,2003-12-04
8470,2523426,1,2004-03-10
8470,318246,3,2004-08-10
8470,1300020,3,2004-11-05
8470,1085207,4,2004-12-28
8470,1377526,1,2005-02-10
8470,865992,4,2005-02-14
8470,1129687,3,2005-03-29
8470,288343,3,2005-04-03
8470,154669,3,2005-04-28
8470,781670,1,2005-05-10
8470,1692897,1,2005-05-12
8470,481049,3,2005-05-24
8470,1107678,1,2005-06-29
8470,1473980,4,2005-09-13
8470,642036,4,2005-11-08
8470,1082719,3,2005-11-10
8470,1287143,2,2005-07-07
8470,189629,3,2005-07-07
8470,1386805,3,2005-07-23
8470,87360,2,2003-06-22
8470,914678,4,2003-08-20
8470,753231,4,2004-11-08
8470,2071711,5,2004-12-29
8470,2588510,4,2005-02-27
8470,361630,2,2005-03-28
8470,651625,3,2005-04-01
8470,374000,3,2005-05-22
8470,2264426,3,2005-10-24
8470,286783,4,2005-10-28
8470,200805,3,2005-11-01
8470,2420143,5,2005-11-22
8470,1277993,1,2005-11-29
8470,1463880,3,2005-12-11
8470,644453,3,2005-07-09
8470,1214262,3,2003-06-29
8470,433126,2,2003-08-22
8470,678212,3,2004-03-15
8470,2395854,2,2004-06-26
8470,1385608,1,2004-09-04
8470,565807,5,2004-11-11
8470,2208809,3,2005-01-27
8470,1764267,2,2005-03-31
8470,1554952,2,2005-05-19
8470,452501,1,2005-05-24
8470,56790,3,2005-06-26
8470,1329779,2,2005-12-17
8470,370097,1,2005-12-17
8470,1039641,3,2005-07-05
8470,586642,4,2005-07-10
8470,2406958,3,2003-09-09
8470,641719,1,2003-08-02
8470,1110156,2,2003-06-01
8470,1515113,3,2004-03-29
8470,650890,3,2004-04-27
8470,156622,3,2005-02-21
8470,959443,3,2005-03-04
8470,152807,2,2005-03-14
8470,1810902,3,2005-03-22
8470,613438,4,2005-04-15
8470,1478933,2,2005-05-09
8470,1129737,4,2005-05-15
8470,2215040,5,2005-05-24
8470,1765734,3,2005-05-25
8470,2055615,2,2005-06-05
8470,515441,3,2005-06-06
8470,1751084,4,2005-10-11
8470,1784645,2,2005-10-19
8470,935732,3,2005-11-01
8470,492528,1,2005-11-15
8470,2584252,2,2005-11-28
8470,1308862,3,2005-07-12
8470,1834011,3,2005-08-09
8470,1574068,2,2004-06-24
8470,1910107,3,2003-10-15
8470,30245,2,2004-02-14
8470,869426,2,2004-08-13
8470,296524,5,2004-07-17
8470,1268699,2,2004-11-15
8470,1436357,4,2005-02-05
8470,868881,5,2005-09-19
8470,239569,4,2005-11-06
8470,627935,2,2005-11-10
8470,454103,1,2005-11-11
8470,232421,2,2005-07-12
8470,167227,1,2004-03-09
8470,552107,3,2004-07-13
8470,757456,2,2003-10-19
8470,1596531,5,2004-01-02
8470,2270392,2,2004-05-12
8470,1965485,4,2004-07-21
8470,2541243,3,2004-09-29
8470,662550,3,2004-10-06
8470,2070798,3,2004-12-07
8470,743633,5,2005-02-18
8470,904354,3,2005-03-28
8470,1717675,4,2005-03-29
8470,926900,2,2005-04-14
8470,1517901,4,2005-04-19
8470,1591050,1,2005-04-30
8470,1231842,3,2005-05-16
8470,1449358,4,2005-05-21
8470,1021737,3,2005-05-29
8470,1279006,3,2005-06-20
8470,840184,5,2005-09-17
8470,2042159,4,2005-10-09
8470,1114455,2,2005-11-03
8470,1960129,4,2005-12-07
8470,672153,3,2005-12-17
8470,1107249,1,2005-07-15
8470,1554139,4,2005-07-15
8470,2618515,2,2005-07-21
8470,1218586,2,2005-02-20
8470,111033,2,2003-07-21
8470,2225860,5,2003-07-16
8470,572937,4,2005-08-03
8470,2627369,1,2005-08-06
8470,556458,1,2003-07-20
8470,952156,1,2004-07-11
8470,1666903,2,2004-02-22
8470,568177,2,2004-10-04
8470,2154257,4,2004-10-15
8470,407037,1,2004-11-12
8470,2012563,4,2004-12-09
8470,610915,3,2005-02-22
8470,633010,3,2005-03-07
8470,981619,3,2005-03-20
8470,149042,5,2005-04-15
8470,2002499,3,2005-05-10
8470,1232194,4,2005-09-21
8470,140781,4,2005-10-07
8470,1211946,2,2005-10-11
8470,444229,3,2005-10-11
8470,1178902,3,2005-10-27
8470,2621150,2,2005-11-01
8470,1111556,2,2005-11-07
8470,2083863,5,2005-11-10
8470,2033811,2,2005-12-05
8470,1665232,3,2005-12-19
8470,2198586,4,2005-07-10
8470,1087416,3,2004-08-05
8470,539035,3,2004-07-22
8470,291503,5,2005-02-05
8470,447836,3,2005-03-31
8470,817464,4,2005-05-07
8470,143737,3,2005-05-25
8470,566587,4,2005-06-02
8470,130338,2,2005-06-09
8470,1635744,2,2005-10-11
8470,610397,4,2005-10-11
8470,1981494,4,2005-10-20
8470,1412245,3,2005-11-07
8470,865920,3,2005-11-08
8470,1814753,3,2005-12-02
8470,968714,2,2005-12-04
8470,1669741,5,2005-07-05
8470,1359770,4,2005-08-06
8470,530902,3,2003-11-19
8470,1864235,3,2004-03-01
8470,98276,4,2003-08-15
8470,1501943,3,2003-11-24
8470,2181504,4,2004-11-01
8470,1666920,5,2005-01-11
8470,1666107,5,2005-01-20
8470,2612104,3,2005-02-24
8470,1450970,4,2005-02-26
8470,601325,1,2005-03-01
8470,345186,3,2005-03-18
8470,1616135,4,2005-04-08
8470,156848,3,2005-05-17
8470,1396036,4,2005-06-18
8470,2461142,3,2005-06-19
8470,1619911,3,2005-06-24
8470,2147779,3,2005-09-28
8470,1670664,4,2005-10-03
8470,167041,3,2005-10-28
8470,1125150,2,2005-11-05
8470,2450433,2,2005-11-07
8470,809831,5,2005-11-22
8470,1448416,3,2005-11-29
8470,1999176,3,2005-07-05
8470,1785367,2,2004-03-16
8470,1580159,4,2005-07-15
8470,1523788,4,2005-07-19
8470,2355382,2,2005-08-11
8470,879760,3,2003-05-30
8470,1100528,3,2004-05-27
8470,1986034,3,2003-05-20
8470,2180490,3,2004-06-29
8470,673004,2,2005-09-02
8470,2645476,1,2003-09-14
8470,2198070,4,2004-04-24
8470,128389,3,2004-04-28
8470,606149,2,2004-10-06
8470,638020,2,2004-10-12
8470,1322233,1,2004-12-01
8470,480604,3,2005-01-10
8470,769702,1,2005-02-06
8470,2615549,1,2005-02-12
8470,1592339,1,2005-03-02
8470,2351317,5,2005-03-17
8470,1316252,3,2005-03-20
8470,339547,2,2005-03-22
8470,585900,2,2005-04-18
8470,346836,3,2005-05-06
8470,1135025,2,2005-05-17
8470,804482,1,2005-06-07
8470,850280,5,2005-10-16
8470,1883039,3,2005-11-17
8470,1267957,3,2005-12-10
8470,248232,1,2005-07-23
8470,2647976,5,2005-07-26
8470,257083,4,2004-07-21
8470,269162,2,2005-08-15
8470,2452906,3,2003-08-22
8470,2574258,4,2004-02-06
8470,363680,1,2004-07-28
8470,406359,3,2004-08-09
8470,2439017,3,2005-02-09
8470,791629,5,2005-02-17
8470,1788268,1,2005-04-05
8470,2553611,2,2005-05-16
8470,773694,3,2005-10-03
8470,82369,3,2005-11-01
8470,1589834,5,2005-11-02
8470,1139010,2,2005-11-20
8470,1161256,2,2003-08-26
8470,972914,3,2005-07-13
8470,639599,5,2005-07-24
8470,1419103,1,2003-11-12
8470,2331646,4,2003-09-22
8470,1919269,2,2003-06-08
8470,524142,2,2004-05-28
8470,1805932,2,2005-01-19
8470,2414170,2,2005-02-14
8470,692399,2,2005-03-01
8470,277837,1,2005-03-09
8470,741512,3,2005-03-25
8470,105454,5,2005-04-14
8470,823802,3,2005-05-12
8470,1823836,5,2005-05-18
8470,1386822,4,2005-09-15
8470,2630478,3,2005-09-18
8470,2148382,3,2005-10-06
8470,548053,4,2005-10-07
8470,1627227,4,2005-10-15
8470,2479351,3,2005-11-01
8470,1393584,3,2005-11-14
8470,819867,3,2005-12-03
8470,796390,4,2005-07-25
8470,1757328,4,2005-08-08
8470,1024408,3,2004-11-07
8470,1200461,5,2004-12-06
8470,302198,1,2005-03-12
8470,1068610,3,2005-04-04
8470,177089,3,2005-04-19
8470,7302,4,2005-05-05
8470,274975,5,2005-07-02
8470,394895,5,2005-10-31
8470,1735933,5,2005-11-01
8470,2376898,4,2005-11-17
8470,984989,5,2005-12-15
8470,595778,2,2003-08-14
8470,1865846,3,2004-01-19
8470,615414,3,2004-08-17
8470,1931453,4,2004-12-08
8470,2013958,3,2004-12-28
8470,1965515,3,2005-02-20
8470,169391,3,2005-03-17
8470,82700,2,2005-04-06
8470,1611056,1,2005-04-16
8470,271453,3,2005-04-26
8470,364153,3,2005-06-15
8470,1489224,4,2005-06-19
8470,2394211,3,2005-06-20
8470,2443626,2,2005-06-22
8470,20460,3,2005-06-27
8470,2303173,1,2005-06-30
8470,1698900,3,2005-11-10
8470,2369316,2,2005-11-11
8470,1251028,3,2005-11-27
8470,1437916,3,2005-12-03
8470,921539,5,2005-07-09
8470,2431452,3,2005-07-15
8470,433636,4,2005-07-16
8470,2398923,5,2005-08-09
8470,170870,3,2003-05-20
8470,2519094,4,2003-10-31
8470,364618,3,2004-08-24
8470,1816177,3,2005-02-25
8470,1385788,2,2005-02-21
8470,1750386,4,2005-03-03
8470,1987727,4,2005-04-23
8470,1392168,4,2005-05-23
8470,958201,4,2005-06-04
8470,924576,2,2005-10-09
8470,416084,2,2005-10-15
8470,2259294,2,2005-10-31
8470,2065164,4,2005-11-05
8470,1980673,5,2005-11-09
8470,2329786,3,2005-11-16
8470,1683615,3,2005-07-18
8470,2623852,3,2004-05-26
8470,1839843,2,2005-02-20
8470,1036350,5,2005-07-21
8470,1050232,2,2003-08-03
8470,753924,1,2005-08-15
8470,1621089,1,2003-10-30
8470,2199251,1,2005-09-03
8470,1452675,2,2005-08-30
8470,1273501,3,2004-01-19
8470,17587,3,2004-05-25
8470,1099425,4,2004-12-31
8470,1376923,1,2005-02-23
8470,906508,3,2005-03-01
8470,475278,5,2005-03-01
8470,2287917,3,2005-03-15
8470,1573228,2,2005-03-17
8470,107776,1,2005-03-28
8470,1520710,1,2005-04-05
8470,153510,5,2005-09-23
8470,2531844,5,2005-10-10
8470,2033473,3,2005-10-19
8470,2291589,2,2005-11-09
8470,1404635,4,2005-07-11
8470,735560,4,2004-03-20
8470,973206,3,2005-07-27
8470,1816834,4,2003-11-14
8470,760481,1,2004-12-22
8470,554137,1,2005-02-08
8470,558204,3,2005-03-09
8470,652972,4,2005-04-14
8470,2332508,2,2005-05-28
8470,970364,5,2005-06-02
8470,369594,5,2005-06-15
8470,548631,4,2005-06-20
8470,31550,2,2005-12-17
8470,1099798,2,2004-07-08
8470,1991038,2,2003-12-09
8470,2283366,1,2004-02-21
8470,2214412,4,2004-10-07
8470,699133,3,2004-12-17
8470,1771365,4,2005-03-05
8470,812796,2,2005-04-05
8470,1115550,4,2005-04-17
8470,2495474,2,2005-04-19
8470,2051538,2,2005-04-24
8470,431098,4,2005-05-09
8470,357661,2,2005-05-23
8470,1136979,2,2005-06-28
8470,899445,4,2005-11-11
8470,2116041,2,2005-11-16
8470,1332610,5,2005-12-15
8470,2342614,3,2005-12-26
8470,701962,3,2005-12-27
8470,468406,5,2005-07-13
8470,270174,2,2003-06-14
8470,1521844,3,2004-07-12
8470,2112141,3,2005-08-03
8470,456367,3,2004-04-05
8470,1478444,2,2003-06-17
8470,203738,2,2003-09-14
8470,441206,4,2004-05-19
8470,2338157,1,2005-02-20
8470,1637239,3,2005-03-06
8470,775171,3,2005-04-26
8470,1817731,3,2005-06-20
8470,2616210,4,2005-11-03
8470,1106241,1,2005-12-09
8470,1767265,1,2005-07-08
8470,269205,2,2005-07-29
8470,198845,2,2003-12-08
8470,334242,3,2005-08-22
8470,1690104,3,2004-03-28
8470,1583631,3,2004-10-10
8470,2235202,4,2004-10-10
8470,2078524,5,2005-02-12
8470,2085674,1,2005-04-30
8470,990650,4,2005-05-22
8470,1704248,3,2005-10-06
8470,102225,2,2005-10-21
8470,2337831,3,2005-11-27
8470,1776418,4,2005-07-06
8470,2151938,3,2005-07-08
8470,2112383,5,2005-07-10
8470,1727232,2,2004-04-25
8470,1015048,4,2004-03-09
8470,809148,1,2005-08-04
8470,2029979,1,2004-12-19
8470,950733,3,2005-02-10
8470,2610331,1,2005-04-06
8470,845192,1,2005-04-26
8470,184705,4,2005-06-14
8470,2355783,5,2005-09-20
8470,2397061,3,2005-09-29
8470,167347,1,2005-10-15
8470,601775,5,2005-10-22
8470,2549990,5,2005-11-21
8470,140498,2,2004-09-01
8470,327366,3,2003-11-21
8470,199435,2,2003-07-08
8470,2013867,1,2003-08-13
8470,2628018,2,2004-09-21
8470,52352,2,2004-12-17
8470,576574,5,2004-12-23
8470,1146632,3,2005-01-20
8470,1812657,2,2005-03-02
8470,1709869,4,2005-05-01
8470,1865969,4,2005-05-03
8470,577674,4,2005-06-15
8470,1578191,2,2005-06-27
8470,507603,1,2005-10-07
8470,1111844,2,2005-10-20
8470,1123175,4,2005-11-04
8470,1725868,4,2005-11-20
8470,787595,2,2005-11-21
8470,1943714,3,2005-11-30
8470,1189050,5,2005-07-12
8470,212256,2,2005-07-15
8470,194457,3,2005-10-28
8470,2593402,3,2004-03-12
8470,2641668,1,2004-11-28
8470,2025883,2,2005-03-04
8470,810392,4,2005-03-29
8470,870848,4,2005-04-06
8470,2289399,3,2005-04-02
8470,1315670,1,2005-04-20
8470,149575,5,2005-04-26
8470,431087,3,2005-05-04
8470,2428480,2,2005-05-09
8470,1765963,5,2005-06-09
8470,1068988,1,2005-06-14
8470,1802972,3,2005-09-15
8470,1999825,5,2005-10-15
8470,389763,2,2005-11-01
8470,290301,4,2005-11-03
8470,2376260,5,2005-11-30
8470,1258738,3,2005-12-04
8470,1270812,5,2005-12-09
8470,2368627,3,2005-12-22
8470,2007761,3,2005-12-29
8470,341649,2,2003-09-17
8470,2527031,2,2005-08-09
8470,2537543,1,2005-08-10
8470,2040853,2,2004-12-01
8470,131979,5,2005-02-09
8470,2415495,1,2005-04-01
8470,1028078,1,2005-04-21
8470,1391523,3,2005-05-19
8470,2046777,5,2005-05-25
8470,871259,3,2005-09-28
8470,1442099,5,2005-10-20
8470,2608542,3,2005-12-28
8470,2360393,2,2003-12-26
8470,816213,1,2003-08-05
8470,1315370,3,2003-12-29
8470,416443,2,2004-02-19
8470,1530748,3,2003-10-28
8470,495542,1,2003-08-31
8470,1640334,2,2003-07-03
8470,159328,2,2004-01-24
8470,282902,3,2004-06-20
8470,275433,2,2004-07-04
8470,1665885,5,2004-11-09
8470,1472848,2,2004-12-27
8470,852166,1,2005-01-23
8470,631001,4,2005-02-21
8470,2047178,4,2005-04-07
8470,2542194,2,2005-04-12
8470,2064713,3,2005-04-21
8470,2615250,3,2005-05-23
8470,2064432,3,2005-05-25
8470,74175,5,2005-06-01
8470,860520,3,2005-06-03
8470,696848,3,2005-06-20
8470,2278527,4,2005-06-24
8470,1635041,3,2005-11-12
8470,1044742,4,2005-11-15
8470,757742,4,2005-11-15
8470,1525586,4,2005-12-06
8470,833081,3,2004-07-22
8470,2392623,5,2004-07-18
8470,2319282,2,2003-09-27
8470,1457969,1,2003-11-25
8470,2359767,4,2004-04-21
8470,863523,2,2003-09-18
8470,2513559,5,2005-01-31
8470,259431,1,2005-02-12
8470,1586184,2,2005-02-24
8470,818515,4,2005-04-27
8470,2578830,3,2005-05-29
8470,2293774,2,2005-06-03
8470,2520834,2,2005-06-24
8470,4804,4,2005-10-11
8470,1626090,3,2005-11-02
8470,1022689,5,2005-11-07
8470,2560583,3,2005-11-10
8470,874797,1,2005-12-02
8470,1423788,1,2005-12-08
8470,611325,4,2005-12-14
8470,129766,2,2003-06-19
8470,322009,2,2005-07-25
8470,940706,3,2004-07-24
8470,729527,3,2003-07-23
8470,2339734,4,2004-07-20
8470,1625628,5,2003-06-16
8470,2521051,3,2004-05-03
8470,25825,2,2004-05-22
8470,927338,3,2004-04-26
8470,2083367,4,2004-09-30
8470,1120985,5,2005-02-21
8470,1937280,2,2005-02-22
8470,1814824,4,2005-03-18
8470,361886,1,2005-04-23
8470,2537054,4,2005-06-01
8470,2164729,4,2005-06-24
8470,1969285,3,2005-09-25
8470,110493,3,2005-10-02
8470,581952,4,2005-10-23
8470,1401369,4,2004-11-27
8470,1495111,2,2005-07-13
8470,1226432,2,2005-07-19
8470,2202772,4,2005-07-20
8470,613651,2,2005-08-05
8470,2432917,3,2004-01-15
8470,424620,1,2003-07-01
8470,1818059,5,2003-11-25
8470,1709329,2,2003-10-28
8470,150784,2,2005-03-15
8470,1780005,3,2005-03-18
8470,1358358,3,2005-04-11
8470,844207,2,2005-04-22
8470,272845,3,2005-05-31
8470,1555813,2,2005-06-01
8470,1741303,1,2005-09-18
8470,1631281,2,2005-09-22
8470,2092448,3,2005-10-05
8470,2426395,3,2005-10-25
8470,998185,3,2005-10-27
8470,2622195,4,2005-11-02
8470,175902,4,2005-11-02
8470,2588348,5,2005-11-15
8470,1704775,2,2005-11-21
8470,2355384,2,2005-07-22
8470,2302650,3,2005-06-01
8470,2605785,3,2005-10-18
8470,2555857,3,2005-10-20
8470,1746378,3,2005-10-26
8470,845722,4,2005-10-27
8470,1634297,5,2005-12-05
8470,2086265,2,2005-07-09
8470,884640,4,2005-07-18
8470,181207,4,2004-03-08
8470,691775,3,2005-08-07
8470,2539243,3,2004-06-09
8470,1102418,4,2004-06-04
8470,2632868,2,2003-08-04
8470,1638299,5,2004-07-01
8470,419691,2,2004-08-02
8470,1394198,2,2004-07-23
8470,157667,2,2004-09-17
8470,2121758,3,2004-10-30
8470,136030,3,2004-11-10
8470,2299517,4,2004-12-27
8470,1700713,5,2005-03-23
8470,39297,1,2005-03-25
8470,201783,3,2005-04-14
8470,323798,1,2005-04-16
8470,1179243,2,2005-06-10
8470,11430,4,2005-06-20
8470,1054559,3,2005-09-06
8470,92786,3,2005-09-23
8470,2576537,5,2005-10-25
8470,2159883,5,2005-10-26
8470,2604442,2,2005-11-26
8470,1124784,5,2005-07-10
8470,2075891,3,2005-07-17
8470,1072072,1,2003-11-22
8470,1048633,2,2004-04-07
8470,1371541,1,2003-07-29
8470,2118885,3,2004-09-25
8470,108412,2,2004-11-08
8470,684108,3,2005-01-08
8470,158019,2,2005-02-12
8470,1526244,1,2005-05-23
8470,510834,3,2005-05-29
8470,1902573,4,2005-06-06
8470,1071510,3,2005-09-13
8470,195561,5,2005-10-04
8470,1071050,4,2005-10-06
8470,1802288,1,2005-10-31
8470,1993796,4,2005-07-23
8470,2442646,3,2004-04-22
8470,578773,3,2003-12-13
8470,1721373,4,2003-12-02
8470,2310390,1,2004-10-01
8470,1072312,4,2005-04-17
8470,1656352,4,2005-09-14
8470,1513643,4,2005-10-06
8470,1664010,5,2005-10-12
8470,1438291,2,2005-10-18
8470,1902838,1,2003-05-27
8470,1077806,1,2004-03-19
8470,306169,3,2004-02-25
8470,2446442,3,2004-01-02
8470,2327743,5,2004-02-03
8470,658372,5,2004-08-23
8470,1114141,3,2004-10-31
8470,1577811,4,2004-12-18
8470,1481268,3,2005-04-02
8470,1408249,1,2005-06-25
8470,1795474,3,2005-09-12
8470,2501327,2,2005-10-09
8470,1617721,3,2005-10-21
8470,1409104,2,2005-11-02
8470,304985,3,2005-11-22
8470,2276333,3,2005-11-23
8470,1430115,5,2005-07-18
8470,1393159,2,2003-10-15
8470,278220,3,2004-07-18
8470,1150743,1,2004-06-30
8470,1749637,2,2004-04-27
8470,874883,2,2004-11-18
8470,928181,5,2004-11-24
8470,593428,2,2005-01-31
8470,1725003,3,2005-03-05
8470,1831550,5,2005-03-07
8470,1702681,5,2005-03-14
8470,2228096,2,2005-03-24
8470,957642,2,2005-04-11
8470,266421,3,2005-04-20
8470,1850091,3,2005-06-06
8470,408636,4,2005-09-20
8470,285975,5,2005-09-24
8470,117032,4,2005-09-24
8470,561460,1,2005-09-28
8470,2513873,3,2005-09-29
8470,914602,4,2005-10-14
8470,984085,3,2005-10-19
8470,1935981,3,2005-11-01
8470,519451,4,2005-11-29
8470,2491226,1,2005-12-27
8470,242260,5,2005-12-29
8470,2148252,4,2005-07-10
8470,1800701,1,2003-06-18
8470,1713267,3,2003-09-23
8470,790459,3,2003-12-29
8470,224373,2,2004-01-21
8470,2446490,4,2004-10-13
8470,1412963,2,2004-10-16
8470,1181609,4,2004-11-22
8470,2360851,5,2004-12-16
8470,2123401,2,2005-03-13
8470,2102537,3,2005-03-15
8470,2236317,1,2005-04-06
8470,2473325,4,2005-06-03
8470,507094,3,2005-06-16
8470,1763790,5,2005-06-26
8470,1417070,5,2005-09-25
8470,2296243,3,2005-10-22
8470,920143,4,2005-11-15
8470,1806193,4,2005-11-20
8470,1810064,5,2005-11-28
8470,260080,1,2005-12-02
8470,1757577,3,2005-07-10
8470,566847,5,2005-07-17
8470,1982458,4,2003-06-01
8470,2488730,2,2004-07-22
8470,1817553,1,2005-08-08
8470,332300,1,2003-06-07
8470,406841,2,2003-07-06
8470,1521272,2,2003-06-20
8470,1145736,4,2003-10-24
8470,145271,2,2003-12-09
8470,1010516,3,2003-12-28
8470,152955,3,2004-06-07
8470,1952339,3,2004-06-19
8470,845006,5,2004-08-11
8470,121528,5,2004-09-03
8470,2264751,3,2004-11-04
8470,560086,1,2005-01-19
8470,502758,2,2005-03-01
8470,32885,1,2005-03-27
8470,1279960,2,2005-03-28
8470,2194798,4,2005-06-23
8470,2188398,4,2005-10-13
8470,2155354,5,2005-11-07
8470,531747,3,2005-11-07
8470,1829377,2,2005-11-14
8470,386537,3,2005-11-22
8470,1658868,3,2005-11-28
8470,2616948,5,2005-12-28
8470,1862352,4,2005-07-11
8470,95100,1,2003-09-16
8470,2106538,2,2004-11-03
8470,1811688,4,2004-11-29
8470,1808876,4,2004-12-02
8470,1262518,5,2005-02-15
8470,1811832,4,2005-04-14
8470,1701987,2,2005-05-03
8470,752729,3,2005-06-10
8470,1168683,3,2005-06-18
8470,1432772,4,2005-07-01
8470,753107,4,2005-09-19
8470,862596,3,2005-10-20
8470,455024,4,2005-11-25
8470,168190,2,2005-12-15
8470,427485,2,2005-12-17
8470,462171,3,2003-06-16
8470,18106,2,2003-12-09
8470,2444202,4,2004-02-26
8470,1502511,4,2005-07-28
8470,1907775,3,2005-08-02
8470,379701,2,2005-08-06
8470,856563,3,2005-08-09
8470,283024,1,2004-07-21
8470,2237999,3,2005-08-22
8470,2133903,2,2003-10-30
8470,2263041,5,2003-09-29
8470,2496874,3,2004-07-11
8470,2018908,2,2004-06-17
8470,2475562,3,2004-09-08
8470,2447769,5,2004-08-31
8470,936354,2,2005-02-21
8470,730027,3,2005-04-24
8470,101807,3,2005-06-29
8470,1893708,4,2005-10-31
8470,441442,3,2005-12-13
8470,811630,4,2005-07-12
8470,1578281,2,2003-08-26
8470,2221446,4,2005-08-03
8470,499225,2,2004-05-11
8470,1412709,4,2004-01-05
8470,2620858,3,2004-09-10
8470,2006505,3,2004-12-29
8470,654304,1,2005-04-04
8470,1189287,5,2005-04-07
8470,1394012,2,2005-04-14
8470,1064665,4,2005-05-04
8470,1347916,3,2005-05-10
8470,1138840,1,2005-05-31
8470,2408647,3,2005-06-03
8470,1610234,2,2005-06-03
8470,2387672,2,2005-06-25
8470,74427,3,2005-06-26
8470,479866,4,2005-09-26
8470,1063188,5,2005-10-28
8470,2568756,3,2005-11-03
8470,2343385,2,2005-12-03
8470,851111,4,2004-04-18
8470,1654930,2,2004-12-04
8470,1458712,5,2003-11-20
8470,2382338,3,2003-11-14
8470,2165484,3,2005-08-30
8470,873713,4,2004-10-25
8470,1484561,3,2004-10-26
8470,2554058,4,2005-02-28
8470,1289999,2,2005-03-15
8470,1955660,2,2005-04-04
8470,524619,3,2005-04-21
8470,1490642,2,2005-05-23
8470,1341247,4,2005-06-01
8470,2290578,3,2005-06-28
8470,1908078,4,2005-10-11
8470,2171299,4,2005-10-23
8470,411235,4,2005-11-02
8470,2238785,2,2005-11-13
8470,2532541,4,2005-07-05
8470,2346644,4,2005-07-15
8470,919160,1,2003-11-08
8470,2264286,3,2004-02-11
8470,1690808,2,2005-07-28
8470,1781536,2,2005-08-01
8470,2337634,2,2005-08-02
8470,960869,4,2003-06-22
8470,1792238,4,2004-05-26
8470,778665,4,2004-09-16
8470,1944859,4,2004-07-22
8470,795341,3,2004-04-23
8470,1255348,3,2004-11-15
8470,2376892,3,2005-02-09
8470,2392201,4,2005-05-04
8470,2256731,3,2005-05-15
8470,2611124,2,2005-06-12
8470,975592,2,2005-10-23
8470,656323,4,2005-10-23
8470,436984,3,2005-11-03
8470,2475217,2,2005-11-30
8470,1637213,4,2005-12-04
8470,918157,3,2005-12-12
8470,220757,3,2005-08-09
8470,1784723,2,2003-11-14
8470,1958144,2,2003-06-26
8470,85595,5,2004-07-15
8470,986937,2,2004-07-11
8470,977681,4,2004-10-26
8470,950498,2,2005-02-03
8470,219343,4,2005-02-21
8470,146070,3,2005-02-22
8470,1706831,3,2005-03-29
8470,1120268,4,2005-04-06
8470,2171934,3,2005-04-03
8470,1117152,5,2005-05-23
8470,1441794,4,2005-05-28
8470,2243190,4,2005-06-15
8470,2604897,3,2005-06-26
8470,738747,3,2005-09-14
8470,1020584,3,2005-10-01
8470,2311304,5,2005-10-19
8470,751254,1,2005-10-27
8470,220483,3,2005-11-08
8470,1014626,4,2005-08-07
8470,2375713,1,2003-07-24
8470,279966,3,2003-07-17
8470,1942793,3,2004-01-01
8470,1006406,2,2003-11-09
8470,1143068,4,2004-05-26
8470,381828,5,2004-10-05
8470,1464011,1,2004-11-22
8470,2050529,5,2005-02-25
8470,1542238,3,2005-02-26
8470,607775,2,2005-04-10
8470,2017885,3,2005-04-14
8470,2239537,3,2005-05-08
8470,1854658,3,2005-09-14
8470,1691893,3,2005-10-24
8470,2246248,3,2005-11-07
8470,925638,3,2005-11-21
8470,1751889,5,2005-12-16
8470,2057493,5,2005-12-25
8470,1315201,1,2005-08-09
8470,363112,3,2004-06-24
8470,2522284,3,2004-12-16
8470,2105883,4,2005-02-10
8470,1439261,3,2005-03-14
8470,75976,1,2005-03-21
8470,2077841,5,2005-04-03
8470,1871161,4,2005-04-23
8470,1917938,2,2005-10-03
8470,2471865,5,2005-10-21
8470,1876997,4,2005-10-27
8470,34406,4,2005-11-02
8470,1948791,4,2005-11-06
8470,2319442,3,2005-11-07
8470,75344,3,2005-12-05
8470,972267,2,2005-12-07
8470,2117885,5,2005-07-12
8470,1265935,5,2005-07-18
8470,1306957,5,2005-07-18
8470,2080549,3,2004-03-03
8470,2016667,3,2003-06-16
8470,1293986,3,2003-12-13
8470,1535722,4,2003-07-07
8470,608475,5,2004-07-25
8470,979363,4,2004-10-26
8470,1073367,3,2004-12-08
8470,1517756,2,2005-03-17
8470,1935592,4,2005-04-21
8470,181328,4,2005-04-27
8470,897867,4,2005-04-28
8470,2502336,4,2005-06-03
8470,2283154,5,2005-07-02
8470,239551,5,2005-10-26
8470,1851769,3,2005-11-18
8470,889724,4,2005-11-29
8470,1508115,3,2005-07-27
8470,503398,4,2004-01-23
8470,961513,2,2005-08-09
8470,20328,3,2003-08-29
8470,1940669,3,2004-08-05
8470,1368548,2,2003-12-11
8470,642865,4,2004-03-01
8470,335384,3,2004-11-08
8470,1660605,3,2005-01-12
8470,1389457,5,2005-02-27
8470,122057,3,2005-03-07
8470,1896561,2,2005-03-08
8470,2098138,3,2005-03-14
8470,1553030,2,2005-03-17
8470,1015930,2,2005-04-01
8470,2171212,4,2005-05-09
8470,807551,3,2005-05-27
8470,1657177,3,2005-06-07
8470,2134385,3,2005-06-18
8470,625274,4,2005-09-27
8470,76604,3,2005-11-01
8470,654810,5,2005-11-08
8470,31259,5,2005-11-17
8470,2165911,3,2005-11-21
8470,2566231,2,2005-11-28
8470,1974267,3,2005-07-07
8470,1835714,2,2005-07-21
8470,1037015,5,2005-07-24
8470,1175092,3,2003-08-12
8470,59270,3,2003-11-20
8470,1959056,3,2003-09-02
8470,871675,3,2003-12-17
8470,940688,3,2004-07-11
8470,981753,3,2004-07-07
8470,1516199,3,2004-10-07
8470,243304,4,2004-12-31
8470,799885,4,2005-02-17
8470,1764745,2,2005-02-17
8470,1600512,2,2005-05-15
8470,306802,5,2005-09-18
8470,2497164,2,2005-09-22
8470,1122818,4,2005-09-30
8470,2379541,3,2005-10-28
8470,1840194,3,2005-11-08
8470,1776262,5,2005-11-16
8470,504865,2,2005-11-19
8470,1467436,1,2005-07-14
8470,1468603,3,2005-07-14
8470,706530,5,2005-07-15
8470,704058,1,2004-02-02
8470,242098,3,2003-06-03
8470,16565,2,2003-06-27
8470,1249529,4,2005-07-27
8470,197101,3,2004-04-22
8470,477158,3,2003-08-05
8470,2455769,3,2005-08-08
8470,1851867,3,2004-01-16
8470,1704223,3,2003-11-18
8470,1233436,4,2004-02-12
8470,1189588,3,2004-06-02
8470,1965113,4,2004-12-06
8470,368786,2,2005-03-14
8470,1379133,5,2005-04-14
8470,892694,3,2005-05-04
8470,226947,3,2005-05-14
8470,273251,2,2005-05-22
8470,1542060,3,2005-06-22
8470,376600,2,2005-06-23
8470,1753096,3,2005-09-17
8470,1855478,3,2005-10-31
8470,1511945,2,2003-08-16
8470,620913,5,2005-08-25
8470,409927,3,2003-05-27
8470,1567867,2,2003-06-02
8470,2607300,3,2004-06-09
8470,730816,2,2005-02-13
8470,2019240,3,2005-03-05
8470,526361,4,2005-03-25
8470,1892183,3,2005-04-03
8470,2218945,3,2005-04-18
8470,1273304,3,2005-06-05
8470,801513,2,2005-06-20
8470,2316963,5,2005-09-17
8470,260187,2,2005-09-23
8470,500440,2,2005-10-11
8470,767911,4,2005-10-20
8470,810507,2,2005-12-03
8470,2400234,5,2005-10-26
8470,1796639,2,2005-10-28
8470,1553270,4,2005-10-31
8470,715542,5,2005-12-01
8470,1833119,3,2005-07-09
8470,819072,1,2004-02-01
8470,1369468,3,2003-11-18
8470,958956,2,2005-07-14
8470,1399457,5,2005-07-24
8470,2626336,1,2003-12-08
8470,402413,3,2004-04-11
8470,2549920,1,2005-08-05
8470,1103433,3,2005-08-09
8470,2113709,2,2003-08-28
8470,2265867,3,2004-01-14
8470,442276,3,2004-01-13
8470,1658101,3,2004-08-25
8470,191525,2,2004-09-07
8470,2153704,3,2004-12-09
8470,267378,4,2005-01-09
8470,1567322,5,2005-02-04
8470,2290732,3,2005-02-21
8470,433641,4,2005-04-03
8470,2538094,4,2005-04-07
8470,437586,3,2005-04-24
8470,1106280,4,2005-05-14
8470,354582,3,2005-06-03
8470,923268,3,2005-06-20
8470,2485957,2,2005-10-13
8470,1002943,5,2005-10-19
8470,1542255,4,2005-11-11
8470,2302757,1,2005-11-20
8470,2009821,1,2005-12-15
8470,1911868,2,2005-12-30
8470,2303456,2,2005-08-09
8470,952063,2,2004-02-10
8470,2362508,4,2004-04-28
8470,898592,4,2005-02-10
8470,2331985,3,2005-03-07
8470,1982074,4,2005-03-09
8470,1906026,4,2005-04-26
8470,1094019,4,2005-04-29
8470,275338,2,2005-06-14
8470,2216393,4,2005-06-24
8470,977932,3,2005-09-18
8470,384662,3,2005-10-02
8470,2601377,4,2005-10-06
8470,849147,2,2005-10-23
8470,934693,2,2005-10-25
8470,1149569,4,2005-11-06
8470,395176,4,2005-11-26
8470,608216,5,2005-12-09
8470,166041,2,2005-12-29
8470,2179021,3,2004-08-10
8470,2378393,4,2005-07-13
8470,10374,3,2004-02-12
8470,722591,3,2003-06-20
8470,224053,5,2004-05-06
8470,666560,2,2004-03-05
8470,2015182,4,2004-07-03
8470,1182697,3,2004-10-22
8470,1730627,5,2004-12-20
8470,1689683,2,2005-02-23
8470,1102208,3,2005-03-22
8470,545780,2,2005-04-03
8470,2622843,3,2005-04-29
8470,1535537,4,2005-09-25
8470,2160091,2,2005-09-30
8470,1706866,4,2005-10-22
8470,75341,3,2005-10-25
8470,18963,5,2005-11-07
8470,2550568,4,2005-11-23
8470,2412833,2,2005-12-01
8470,1112779,1,2005-07-07
8470,1523169,3,2004-08-30
8470,2105371,3,2005-07-20
8470,3321,2,2005-07-25
8470,1193629,3,2003-10-31
8470,2624910,5,2004-01-15
8470,1107635,5,2004-09-16
8470,685565,5,2005-02-25
8470,786982,3,2005-03-22
8470,608234,3,2005-03-23
8470,1676373,4,2005-04-27
8470,567875,5,2005-05-29
8470,978046,4,2005-10-24
8470,331432,2,2005-11-12
8470,111693,3,2005-11-20
8470,258480,5,2005-12-12
8470,1238184,1,2003-11-03
8470,567909,1,2004-06-12
8470,838679,1,2005-08-18
8470,1772901,2,2003-08-30
8470,825819,3,2004-06-18
8470,2142754,1,2004-10-20
8470,2343748,1,2004-12-02
8470,2401693,4,2005-04-23
8470,1616870,3,2005-06-01
8470,1349717,4,2005-06-08
8470,2533480,3,2005-06-12
8470,1347847,2,2005-06-28
8470,1637067,3,2005-10-08
8470,36822,3,2005-10-11
8470,1884877,4,2005-10-17
8470,1892963,3,2005-10-23
8470,2419256,4,2005-12-30
8470,2609968,4,2005-07-19
8470,2540343,4,2005-08-08
8470,1912781,3,2005-08-08
8470,393966,1,2004-08-22
8470,2305082,2,2003-12-11
8470,2120968,3,2004-06-12
8470,2322421,3,2004-04-03
8470,1611402,5,2005-01-06
8470,1373480,4,2005-03-24
8470,1203374,3,2005-05-25
8470,786950,3,2005-10-17
8470,914940,2,2005-07-17
8470,1339740,5,2004-03-29
8470,2172303,2,2005-07-21
8470,685718,1,2005-07-27
8470,1146551,2,2003-06-15
8470,1101587,4,2005-08-29
8470,403517,2,2004-09-28
8470,1077363,3,2004-10-14
8470,407877,2,2004-12-13
8470,1490538,5,2005-01-08
8470,2536114,3,2005-01-31
8470,1321465,5,2005-04-02
8470,666611,4,2005-04-13
8470,1870227,1,2005-04-29
8470,1586533,3,2005-05-01
8470,2020353,5,2005-05-24
8470,1982129,3,2005-09-24
8470,974174,4,2005-09-26
8470,2186820,2,2005-10-31
8470,128698,4,2005-11-15
8470,1161958,3,2005-11-25
8470,1995860,2,2004-04-25
8470,908540,3,2005-07-18
8470,438340,3,2004-03-15
8470,2037587,3,2004-10-14
8470,813382,5,2005-02-11
8470,849580,2,2005-02-28
8470,2474804,5,2005-03-27
8470,2338137,2,2005-03-29
8470,1477655,5,2005-04-18
8470,2328511,4,2005-05-15
8470,1344672,3,2005-06-22
8470,1691246,5,2005-06-30
8470,1552563,4,2005-10-03
8470,331776,2,2005-10-14
8470,2394704,2,2005-11-01
8470,2602874,4,2005-11-05
8470,705695,2,2005-11-10
8470,413855,3,2005-12-23
8470,2425137,3,2003-06-03
8470,661098,3,2005-08-03
8470,668344,4,2005-08-05
8470,1869708,3,2003-11-20
8470,1416785,3,2003-07-05
8470,2519299,2,2004-03-11
8470,491531,5,2005-02-17
8470,2284890,2,2005-03-12
8470,505115,2,2005-03-13
8470,342510,2,2005-04-03
8470,305858,2,2005-10-14
8470,2145288,3,2005-11-06
8470,824825,4,2005-11-23
8470,2589121,4,2005-07-06
8470,676758,2,2005-07-08
8470,2554035,1,2003-08-08
8470,2360158,3,2005-07-25
8470,2607155,2,2004-06-05
8470,2390637,2,2005-08-15
8470,1916555,2,2003-06-25
8470,133689,1,2003-09-11
8470,1340377,3,2003-08-21
8470,1204018,2,2004-10-06
8470,649184,3,2004-11-09
8470,1365272,2,2005-01-19
8470,748141,3,2005-04-16
8470,776012,5,2005-06-04
8470,853087,4,2005-06-11
8470,2167513,2,2005-09-28
8470,88909,5,2005-10-04
8470,1047355,3,2005-10-10
8470,1767952,4,2005-10-13
8470,1830682,3,2005-10-24
8470,2512437,5,2005-07-06
8470,708596,5,2005-08-02
8470,2061733,4,2004-05-31
8470,608114,3,2003-07-12
8470,1801164,4,2004-05-24
8470,333272,3,2003-11-19
8470,1374197,2,2004-02-06
8470,752853,3,2004-11-05
8470,1902417,4,2005-04-18
8470,705645,2,2005-05-08
8470,253275,5,2005-05-17
8470,386947,3,2005-06-07
8470,86288,5,2005-06-24
8470,2252640,3,2005-06-26
8470,2132002,2,2005-10-07
8470,574834,4,2005-10-14
8470,1287701,3,2005-11-02
8470,913920,2,2005-11-02
8470,2352635,4,2005-11-09
8470,1570161,3,2005-11-28
8470,480305,2,2004-07-25
8470,424274,3,2005-07-15
8470,128348,3,2003-10-07
8470,665996,4,2003-06-09
8470,2119253,4,2004-07-31
8470,390215,2,2005-08-07
8470,800791,2,2004-03-01
8470,306658,1,2004-02-04
8470,1865249,2,2004-05-18
8470,2061662,3,2004-12-05
8470,2606799,4,2005-02-03
8470,1636164,2,2005-02-09
8470,1528604,3,2005-02-14
8470,762783,3,2005-03-16
8470,1438031,5,2005-03-20
8470,1978379,3,2005-05-03
8470,919245,1,2005-06-10
8470,1687256,5,2005-06-23
8470,733049,5,2005-09-30
8470,2219187,3,2005-10-11
8470,45392,1,2005-12-13
8470,354966,2,2005-07-06
8470,1674545,2,2005-07-13
8470,408457,3,2004-06-29
8470,367933,3,2004-03-07
8470,1851346,2,2004-04-27
8470,1377637,2,2004-08-17
8470,1909168,4,2005-01-10
8470,442467,5,2005-04-12
8470,213420,4,2005-05-01
8470,2302944,3,2005-05-05
8470,2636813,3,2005-05-17
8470,1302609,3,2005-06-06
8470,1059382,4,2005-06-07
8470,954924,3,2005-06-15
8470,1210773,3,2005-06-22
8470,1189397,5,2005-10-26
8470,2434546,5,2005-10-30
8470,1229195,3,2005-11-08
8470,2634182,1,2005-11-29
8470,1737072,5,2005-12-12
8470,957334,4,2005-07-19
8470,1231291,3,2005-07-26
8470,929407,4,2003-05-23
8470,2342070,4,2005-08-17
8470,2553139,2,2005-08-19
8470,2053953,3,2005-08-27
8470,1763645,3,2004-11-23
8470,104237,5,2005-02-04
8470,1769206,3,2005-06-10
8470,1855590,1,2005-06-12
8470,91933,5,2005-09-20
8470,976385,4,2005-10-24
8470,1174079,3,2005-11-21
8470,2644423,3,2005-12-24
8470,413150,3,2005-07-09
8470,1573566,4,2005-07-10
8470,1792345,4,2005-07-18
8470,1725515,1,2003-05-31
8470,1060492,3,2004-01-25
8470,1261473,3,2003-11-12
8470,829575,2,2004-03-30
8470,101968,2,2004-05-06
8470,2245932,3,2005-02-18
8470,2061499,1,2005-03-10
8470,463267,4,2005-04-12
8470,794835,5,2005-04-25
8470,2190913,5,2005-05-17
8470,622742,4,2005-05-21
8470,1416034,3,2005-06-14
8470,429706,3,2005-06-16
8470,2256485,2,2005-06-21
8470,1519667,5,2005-09-23
8470,2378317,1,2005-10-12
8470,2220468,4,2005-10-17
8470,47776,5,2005-10-28
8470,2644964,4,2005-11-08
8470,768710,4,2005-09-22
8470,745337,5,2004-08-11
8470,1057251,5,2004-03-15
8470,308716,3,2005-02-12
8470,716173,4,2005-04-20
8470,413615,2,2005-04-23
8470,2460074,2,2005-06-01
8470,1301243,3,2005-10-14
8470,754162,5,2005-10-16
8470,1595644,3,2005-12-14
8470,1479308,2,2005-07-18
8470,472083,3,2003-05-28
8470,406024,3,2003-12-17
8470,1112255,5,2003-10-31
8470,2118863,2,2003-08-28
8470,392077,1,2003-11-06
8470,492058,1,2004-04-25
8470,481064,5,2005-01-22
8470,1299887,2,2005-03-29
8470,2125582,3,2005-04-16
8470,970471,5,2005-06-28
8470,1349711,3,2005-09-28
8470,917559,3,2005-10-24
8470,1444640,4,2005-10-27
8470,1459519,5,2005-10-29
8470,2039272,4,2005-10-30
8470,2626881,3,2005-11-04
8470,812465,3,2005-12-26
8470,717547,5,2005-07-12
8470,327860,4,2005-07-21
8470,1246893,3,2003-07-04
8470,1567970,3,2004-10-30
8470,2176056,2,2005-02-04
8470,91234,1,2005-04-03
8470,1578801,1,2005-06-24
8470,2167628,4,2005-06-26
8470,798957,4,2005-09-23
8470,135932,3,2005-10-09
8470,845597,1,2005-11-29
8470,363370,1,2005-07-10
8470,229673,5,2004-04-26
8470,504620,1,2005-07-26
8470,16272,2,2003-05-22
8470,1480900,3,2004-04-26
8470,2571860,2,2003-09-11
8470,2610058,3,2003-07-11
8470,2013561,4,2004-01-27
8470,1150937,4,2004-05-10
8470,1321145,4,2004-03-20
8470,1531342,5,2004-03-21
8470,519866,3,2005-01-24
8470,2440242,2,2005-01-25
8470,573073,3,2005-02-11
8470,877376,2,2005-03-19
8470,132284,3,2005-05-05
8470,2484001,4,2005-05-17
8470,1502264,1,2005-05-20
8470,274652,2,2005-06-01
8470,1938258,5,2005-06-07
8470,275282,4,2005-06-19
8470,1582952,3,2005-09-14
8470,1073729,2,2005-10-08
8470,2487916,5,2005-10-12
8470,742717,5,2005-10-24
8470,978889,2,2005-11-08
8470,449265,3,2005-12-02
8470,1114821,4,2005-12-19
8470,1183685,3,2005-12-30
8470,408765,5,2005-07-08
8470,2490423,4,2005-07-16
8470,444169,3,2003-08-31
8470,1095461,4,2005-08-01
8470,607188,2,2003-05-29
8470,509496,3,2004-11-01
8470,1153562,4,2005-02-17
8470,895732,5,2005-04-04
8470,2401136,4,2005-05-14
8470,2556987,3,2005-05-28
8470,1254354,3,2005-06-12
8470,2307374,5,2005-06-28
8470,2274887,3,2005-10-02
8470,551388,3,2005-10-18
8470,1599850,5,2005-11-07
8470,2257890,3,2005-12-24
8470,1463712,3,2004-01-31
8470,1562968,5,2003-07-10
8470,568603,4,2003-10-20
8470,688217,3,2004-10-04
8470,385553,3,2004-11-23
8470,1335591,3,2004-12-27
8470,1127829,4,2005-02-08
8470,1184071,2,2005-03-02
8470,60466,3,2005-03-14
8470,2121163,3,2005-03-15
8470,204504,5,2005-03-24
8470,1271816,3,2005-04-01
8470,1166947,4,2005-04-21
8470,2289096,3,2005-09-20
8470,2420090,5,2005-11-08
8470,1992205,3,2005-11-23
8470,1377989,3,2005-12-10
8470,563264,4,2005-07-21
8470,1191002,4,2003-09-22
8470,1778599,1,2004-01-28
8470,2482256,4,2003-08-10
8470,1143907,5,2003-10-19
8470,1178623,4,2004-10-26
8470,389581,3,2005-02-01
8470,1412844,3,2005-02-16
8470,969564,5,2005-03-01
8470,2353567,3,2005-05-19
8470,1970437,4,2005-05-30
8470,1018928,3,2005-06-16
8470,319058,3,2005-06-27
8470,1418889,2,2005-11-16
8470,2097976,2,2005-11-17
8470,699561,4,2005-11-29
8470,1320374,4,2005-12-07
8470,1386005,4,2005-12-19
8470,922345,3,2005-12-21
8470,32452,4,2005-07-05
8470,1696428,2,2003-08-03
8470,508927,1,2004-08-02
8470,963673,3,2004-02-09
8470,226048,2,2004-05-12
8470,11043,3,2004-10-26
8470,1299826,3,2004-12-12
8470,2396075,3,2005-01-05
8470,890573,3,2005-03-29
8470,2398051,2,2005-04-06
8470,504175,2,2005-04-18
8470,964916,5,2005-05-01
8470,830293,4,2005-05-25
8470,1412213,4,2005-06-04
8470,1935978,5,2005-09-24
8470,1432775,3,2005-10-18
8470,1490311,4,2005-11-26
8470,1511076,5,2005-12-11
8470,1482383,2,2005-12-15
8470,1151483,3,2005-12-15
8470,198251,3,2004-01-12
8470,2232041,3,2005-08-03
8470,1618998,3,2004-07-09
8470,578869,3,2003-08-13
8470,1438029,1,2003-09-05
8470,669124,4,2003-11-13
8470,1087903,4,2004-03-29
8470,151153,3,2004-03-25
8470,42630,3,2004-05-19
8470,1575939,3,2004-08-21
8470,1886077,4,2004-12-03
8470,351138,2,2005-02-21
8470,467182,4,2005-02-27
8470,90900,3,2005-04-06
8470,347721,3,2005-04-20
8470,2435015,3,2005-05-16
8470,359497,4,2005-05-18
8470,530860,2,2005-06-17
8470,1798307,4,2005-09-26
8470,1294671,5,2005-10-23
8470,2577960,4,2005-10-28
8470,2481987,2,2005-11-19
8470,1262073,3,2005-07-25
8470,2325588,5,2003-10-26
8470,645373,3,2004-07-26
8470,2261839,5,2004-10-27
8470,2130756,1,2005-03-07
8470,604173,2,2005-03-16
8470,707367,3,2005-03-19
8470,406948,3,2005-04-05
8470,1430587,3,2005-04-15
8470,279265,3,2005-06-05
8470,732065,5,2005-10-05
8470,854274,3,2005-11-10
8470,2646347,2,2005-11-26
8470,1829748,3,2003-08-17
8470,2115145,2,2003-06-17
8470,1675194,3,2005-07-26
8470,898713,2,2003-07-19
8470,305344,1,2003-07-12
8470,1834462,4,2005-08-09
8470,1369395,4,2005-08-09
8470,2104082,3,2004-07-23
8470,815765,5,2004-08-30
8470,2516645,3,2004-07-03
8470,911021,3,2004-10-22
8470,2538506,2,2004-11-22
8470,1256283,3,2005-02-03
8470,947232,2,2005-02-07
8470,1364473,5,2005-02-18
8470,326661,5,2005-03-21
8470,273143,3,2005-04-25
8470,2233186,3,2005-06-01
8470,544397,4,2005-09-26
8470,906476,4,2005-10-21
8470,2034560,2,2005-10-24
8470,459524,1,2005-10-28
8470,314790,4,2005-11-04
8470,158785,4,2005-12-09
8470,2510054,1,2004-07-06
8470,2226525,2,2004-06-09
8470,1470113,1,2004-03-14
8470,1197493,1,2004-04-23
8470,1557927,3,2004-12-21
8470,2342016,3,2005-04-27
8470,1754503,3,2005-04-29
8470,59742,1,2005-05-15
8470,2208730,3,2005-05-16
8470,2590895,4,2005-05-27
8470,2163622,3,2005-09-15
8470,542729,3,2005-09-21
8470,2490379,2,2005-10-19
8470,947574,3,2005-10-27
8470,1506161,4,2005-11-16
8470,675410,3,2005-11-22
8470,568434,3,2003-06-20
8470,1839500,2,2004-03-05
8470,2445424,5,2005-07-24
8470,603510,3,2005-07-27
8470,377613,4,2004-01-20
8470,638004,2,2005-08-02
8470,327401,2,2004-02-25
8470,446469,3,2003-09-07
8470,2546946,3,2004-02-01
8470,1978089,3,2004-11-06
8470,860836,4,2005-04-01
8470,2438028,2,2005-04-14
8470,2226510,3,2005-04-27
8470,291914,2,2005-06-06
8470,293718,5,2005-06-12
8470,1500397,4,2005-06-20
8470,1734505,3,2005-10-12
8470,1410965,4,2005-11-19
8470,1710658,3,2005-12-23
8470,2566950,2,2005-07-07
8470,416560,2,2003-06-05
8470,2196583,5,2005-08-18
8470,1277239,4,2004-04-08
8470,1966090,3,2003-10-16
8470,2047981,3,2004-10-08
8470,682992,3,2004-12-07
8470,1851609,1,2005-01-25
8470,2244258,2,2005-03-11
8470,1638194,3,2005-03-13
8470,1205174,4,2005-04-07
8470,405351,4,2005-09-26
8470,1403217,2,2005-10-13
8470,441949,4,2005-10-30
8470,257923,3,2005-11-10
8470,196113,2,2005-11-21
8470,1361278,4,2005-07-13
8470,546576,3,2004-05-14
8470,349411,2,2003-07-15
8470,1632503,4,2004-12-04
8470,1722514,2,2003-07-30
8470,1640921,1,2004-01-19
8470,1435148,4,2004-02-12
8470,53694,3,2004-06-08
8470,2458868,4,2004-10-12
8470,802316,3,2004-10-21
8470,1018492,3,2005-04-04
8470,1827294,3,2005-04-16
8470,1647483,1,2005-04-26
8470,2345385,5,2005-05-24
8470,1126388,1,2005-05-25
8470,55339,3,2005-06-20
8470,786729,3,2005-06-28
8470,1720041,5,2005-09-23
8470,1259323,4,2005-10-07
8470,2321960,3,2005-10-14
8470,741287,4,2005-12-10
8470,2242472,3,2005-07-10
8470,1022452,4,2005-07-12
8470,962151,2,2004-05-31
8470,1450484,5,2005-07-16
8470,2530531,3,2004-04-02
8470,895443,3,2003-08-24
8470,1428930,3,2004-12-29
8470,2503797,3,2005-02-10
8470,2152805,3,2005-02-11
8470,2635348,3,2005-02-14
8470,953928,3,2005-02-27
8470,2631950,1,2005-03-02
8470,280167,1,2005-04-07
8470,1596469,1,2005-04-11
8470,651230,3,2005-05-03
8470,208723,5,2005-05-22
8470,2245221,4,2005-09-16
8470,1069747,3,2005-10-09
8470,2100235,4,2005-11-26
8470,2529127,1,2005-10-24
8470,669072,3,2005-11-15
8470,2573464,2,2005-11-19
8470,1373829,4,2005-11-21
8470,511847,3,2003-07-24
8470,1235649,4,2005-07-11
8470,678911,5,2005-07-15
8470,611049,2,2005-07-17
8470,785329,2,2003-12-23
8470,261806,2,2004-03-19
8470,1458172,3,2004-02-26
8470,2248644,2,2004-04-03
8470,476695,1,2004-06-21
8470,1096082,3,2004-07-01
8470,2380603,1,2004-11-23
8470,2494071,3,2004-12-07
8470,1977244,5,2005-02-03
8470,2573854,4,2005-02-24
8470,768876,5,2005-04-06
8470,1538355,3,2005-06-07
8470,1253043,1,2005-06-12
8470,133670,2,2005-06-18
8470,2375058,4,2005-06-18
8470,1649068,4,2005-06-27
8470,2434634,1,2005-09-17
8470,447759,5,2005-10-11
8470,1187757,5,2005-10-17
8470,681519,2,2005-10-25
8470,1769330,4,2005-11-05
8470,981199,1,2005-11-28
8470,1131695,4,2005-12-27
8470,2516525,4,2005-07-09
8470,1283827,4,2005-07-22
8470,1988735,2,2003-08-07
8470,842979,1,2003-09-27
8470,1452396,2,2005-08-10
8470,1152644,2,2005-08-14
8470,1658662,2,2003-10-16
8470,1846831,1,2004-08-02
8470,2464081,4,2004-05-29
8470,1466382,2,2004-06-30
8470,106254,3,2004-11-21
8470,1865180,3,2004-12-09
8470,587884,4,2005-03-10
8470,34356,3,2005-04-21
8470,2442028,3,2005-05-27
8470,1565355,2,2005-05-31
8470,1627382,1,2005-06-11
8470,1536121,3,2005-06-22
8470,1400154,1,2005-07-04
8470,1046646,3,2005-09-23
8470,272299,3,2005-10-19
8470,941270,4,2005-10-29
8470,2249361,4,2005-11-17
8470,187538,4,2005-11-24
8470,2580792,2,2003-06-21
8470,1777917,2,2003-10-11
8470,1724972,3,2004-04-30
8470,1664933,3,2005-08-30
8470,2140376,5,2004-03-22
8470,2150746,1,2004-08-08
8470,926173,2,2004-04-30
8470,1784780,5,2004-08-10
8470,722341,1,2004-07-29
8470,1164575,5,2004-12-16
8470,1717619,4,2005-01-31
8470,2165037,2,2005-02-21
8470,424228,3,2005-02-27
8470,875556,3,2005-04-01
8470,501068,3,2005-04-28
8470,300435,2,2005-05-09
8470,1863477,4,2005-05-20
8470,1459971,4,2005-06-29
8470,772825,3,2005-06-25
8470,1174108,3,2005-09-16
8470,1509682,4,2005-10-04
8470,1939988,3,2005-10-05
8470,1215173,4,2005-10-24
8470,1645186,5,2005-10-24
8470,2149665,5,2005-10-25
8470,2162095,3,2005-11-02
8470,1144710,5,2005-11-05
8470,2556129,3,2005-11-09
8470,10268,2,2003-10-17
8470,288420,1,2004-06-24
8470,1551751,3,2003-06-02
8470,1275067,2,2005-08-02
8470,1838526,4,2005-08-08
8470,1806428,2,2004-09-10
8470,2640278,3,2004-02-29
8470,2595310,4,2004-12-17
8470,780768,4,2005-04-13
8470,1126516,2,2005-09-16
8470,510641,3,2005-10-28
8470,1996893,4,2005-11-02
8470,1493361,3,2003-11-02
8470,2013504,2,2005-08-03
8470,1688615,3,2004-02-24
8470,1588201,4,2004-07-12
8470,2228502,3,2004-05-28
8470,2159290,4,2004-10-09
8470,2396765,3,2004-11-01
8470,1480235,3,2005-02-27
8470,945089,3,2005-03-16
8470,1490567,4,2005-04-06
8470,1115991,2,2005-06-23
8470,2119555,5,2005-09-18
8470,1026926,3,2005-09-22
8470,16074,4,2005-10-02
8470,1828296,5,2005-12-06
8470,890158,3,2005-12-28
8470,1749406,5,2005-12-30
8470,1289515,4,2005-07-11
8470,2033571,4,2005-07-23
8470,216359,4,2005-07-25
8470,301855,2,2005-07-30
8470,2036299,4,2003-12-04
8470,1003874,2,2003-09-24
8470,2472121,4,2003-10-21
8470,647111,3,2004-08-04
8470,1123618,1,2004-11-05
8470,906574,3,2004-10-25
8470,864647,5,2004-11-02
8470,1099977,3,2004-11-11
8470,2396388,3,2004-11-30
8470,1377190,2,2005-02-25
8470,1838055,5,2005-02-27
8470,259202,3,2005-03-07
8470,390912,5,2005-06-06
8470,2024984,3,2005-06-12
8470,1065445,3,2005-06-15
8470,2315012,4,2005-09-19
8470,258801,5,2005-09-26
8470,753901,3,2005-09-27
8470,175138,2,2005-10-13
8470,1376627,5,2005-10-15
8470,1535968,3,2005-10-16
8470,2389571,3,2005-10-17
8470,761167,3,2005-11-08
8470,214254,4,2005-11-25
8470,907650,3,2005-12-30
8470,1778011,4,2004-03-09
8470,2201909,4,2005-08-08
8470,2646574,1,2003-06-05
8470,2130142,1,2003-06-10
8470,2485978,4,2004-06-29
8470,2222815,2,2004-11-30
8470,2122285,3,2005-02-23
8470,1073396,4,2005-03-08
8470,320596,2,2005-03-13
8470,880685,4,2005-03-20
8470,674927,3,2005-04-06
8470,108936,4,2005-04-27
8470,1082263,4,2005-06-25
8470,955131,3,2005-06-27
8470,247933,5,2005-06-27
8470,2366462,5,2005-06-29
8470,190111,3,2005-10-15
8470,1769985,2,2005-10-21
8470,611360,5,2005-10-29
8470,1940797,3,2005-11-04
8470,36478,3,2005-11-16
8470,1377808,4,2005-12-28
8470,276885,3,2005-12-29
8470,645138,4,2005-07-06
8470,23354,5,2005-07-13
8470,1276636,5,2005-08-03
8470,631075,3,2005-08-12
8470,1083720,3,2004-06-26
8470,504012,4,2003-10-18
8470,271355,2,2004-02-12
8470,1668072,3,2004-01-29
8470,1510943,2,2004-02-14
8470,687556,3,2004-07-06
8470,1982059,3,2004-04-14
8470,1119859,3,2005-04-07
8470,2643806,4,2005-04-16
8470,12801,2,2005-05-02
8470,895123,3,2005-06-18
8470,2387734,1,2005-09-13
8470,1737824,2,2005-10-14
8470,2167290,2,2005-11-21
8470,1330144,3,2005-11-26
8470,1486389,5,2005-12-30
8470,2260008,3,2005-07-13
8470,1045879,2,2004-06-04
8470,1898553,1,2004-01-19
8470,745125,1,2003-10-10
8470,1391668,3,2004-10-15
8470,2287125,2,2004-12-23
8470,931475,2,2005-01-29
8470,1810022,3,2005-02-26
8470,2014305,3,2005-03-04
8470,920088,3,2005-03-17
8470,1661344,5,2005-04-14
8470,1385580,3,2005-05-12
8470,466121,1,2005-05-16
8470,620943,5,2005-06-07
8470,878889,5,2005-06-28
8470,2016855,5,2005-10-10
8470,2083951,3,2005-11-01
8470,212479,3,2005-11-09
8470,223160,3,2005-12-19
8470,408284,2,2003-06-20
8470,2144822,3,2005-08-08
8470,249030,2,2003-07-21
8470,558720,3,2003-05-27
8470,297682,4,2004-02-20
8470,1204132,4,2004-11-03
8470,236290,2,2004-11-23
8470,1565175,3,2004-12-28
8470,1637265,1,2005-03-20
8470,2270041,3,2005-05-22
8470,2432848,3,2005-06-02
8470,1151318,4,2005-06-06
8470,1692302,3,2005-06-07
8470,106598,2,2005-09-19
8470,738430,3,2005-11-01
8470,927849,4,2005-11-26
8470,471880,1,2003-07-27
8470,417046,2,2004-01-06
8470,2081120,3,2004-01-03
8470,423990,2,2004-01-12
8470,315833,3,2003-06-23
8470,2145271,5,2004-04-05
8470,2468191,4,2004-07-24
8470,1714546,2,2003-08-26
8470,264789,2,2004-04-25
8470,1277566,3,2004-10-21
8470,1730887,2,2004-10-27
8470,648350,4,2004-11-06
8470,1532058,4,2004-12-28
8470,1966895,2,2005-02-24
8470,1431356,2,2005-03-04
8470,596979,3,2005-03-17
8470,1110164,3,2005-04-12
8470,408193,3,2005-06-24
8470,2597040,3,2005-09-18
8470,210622,2,2005-09-21
8470,1848938,3,2005-10-12
8470,739914,5,2005-10-13
8470,337743,5,2005-11-07
8470,1085049,3,2005-11-14
8470,694987,3,2005-11-30
8470,1984978,1,2003-06-15
8470,2281485,2,2005-07-12
8470,1592816,2,2005-07-15
8470,144464,3,2005-07-26
8470,2180090,1,2003-10-05
8470,1729765,1,2004-07-20
8470,324162,4,2003-06-09
8470,715172,1,2003-07-31
8470,2142137,4,2004-01-25
8470,2252989,2,2004-12-16
8470,12812,2,2004-12-24
8470,45656,2,2005-03-09
8470,2204563,1,2005-03-11
8470,1935856,3,2005-03-18
8470,1010964,5,2005-04-03
8470,600546,3,2005-04-05
8470,1082036,2,2005-04-19
8470,970590,3,2005-06-03
8470,571567,2,2005-06-08
8470,317407,1,2005-06-15
8470,66242,2,2005-06-16
8470,156821,3,2005-09-17
8470,2017088,3,2005-09-21
8470,1097460,2,2005-09-25
8470,116005,5,2005-10-12
8470,2340639,3,2005-10-13
8470,2486537,2,2005-10-22
8470,2455281,3,2005-11-02
8470,624048,3,2005-11-08
8470,1523634,4,2005-12-06
8470,2057165,4,2005-12-26
8470,490057,3,2004-01-28
8470,1570999,3,2005-07-13
8470,1731512,3,2005-07-15
8470,752642,2,2003-06-03
8470,223423,1,2004-02-19
8470,926186,1,2005-07-24
8470,1892942,1,2004-07-08
8470,2304943,2,2003-12-27
8470,2316974,2,2004-08-24
8470,2267514,3,2004-03-15
8470,1904865,3,2004-10-07
8470,227799,2,2004-10-11
8470,2035541,3,2005-02-24
8470,1790831,5,2005-04-10
8470,2425913,3,2005-04-17
8470,577467,4,2005-04-23
8470,919429,1,2005-04-26
8470,1214125,2,2005-05-07
8470,2278252,2,2005-06-28
8470,82148,3,2005-10-12
8470,1965634,3,2005-10-14
8470,1533550,3,2005-10-28
8470,107723,5,2005-10-30
8470,1287793,3,2005-11-09
8470,1933416,3,2005-11-09
8470,372285,5,2005-11-27
8470,750641,3,2004-03-30
8470,2265055,3,2005-02-20
8470,1574265,2,2003-08-10
8470,2059738,3,2003-08-24
8470,2218735,4,2004-01-12
8470,1286407,2,2004-06-12
8470,1690559,1,2004-07-24
8470,369339,2,2005-02-08
8470,1200520,5,2005-03-19
8470,1664458,4,2005-04-13
8470,1029864,5,2005-05-04
8470,895641,2,2005-05-06
8470,2305400,1,2005-09-19
8470,706894,5,2005-10-27
8470,831272,3,2005-12-07
8470,2482507,3,2005-07-06
8470,2481504,3,2005-07-14
8470,2152273,3,2004-07-19
8470,2533854,3,2005-08-04
8470,2482819,3,2003-06-02
8470,1075030,1,2005-08-30
8470,2018894,3,2005-09-02
8470,1754091,2,2005-03-07
8470,1257438,3,2005-03-15
8470,962848,2,2005-03-21
8470,1695098,2,2005-04-11
8470,546751,4,2005-06-25
8470,995925,4,2005-10-05
8470,2485642,4,2005-10-27
8470,1123394,2,2005-11-06
8470,473146,3,2005-12-06
8470,1132470,4,2005-12-11
8470,1227662,2,2004-01-05
8470,1832995,4,2005-07-19
8470,1755852,4,2003-10-05
8470,844459,4,2003-10-08
8470,2255880,1,2004-07-06
8470,1211291,2,2005-08-10
8470,1033437,1,2003-07-07
8470,1668781,3,2004-02-16
8470,885386,3,2004-10-06
8470,2332377,3,2004-12-12
8470,1983441,5,2005-01-04
8470,1211016,5,2005-02-27
8470,912661,3,2005-04-26
8470,1327480,5,2005-06-09
8470,2028737,3,2005-06-15
8470,1950970,5,2005-09-28
8470,875991,4,2005-10-25
8470,1702548,1,2005-11-10
8470,1796532,4,2005-11-12
8470,654401,5,2005-07-11
8470,17864,1,2003-11-08
8470,705534,3,2005-07-18
8470,702639,2,2003-12-07
8470,1463511,2,2004-01-25
8470,1782185,2,2004-06-08
8470,476669,4,2004-03-28
8470,2513994,3,2003-07-30
8470,2086784,1,2003-06-12
8470,2173205,1,2003-06-05
8470,551208,1,2003-10-09
8470,1871993,3,2004-10-27
8470,1661486,4,2005-02-10
8470,1949018,3,2005-03-02
8470,1691103,2,2005-03-26
8470,534933,3,2005-04-08
8470,1732302,3,2005-04-28
8470,10679,3,2005-04-30
8470,838773,3,2005-05-23
8470,1115666,3,2005-06-22
8470,1012178,5,2005-09-14
8470,284762,4,2005-10-06
8470,1333220,3,2005-10-06
8470,782551,2,2005-10-24
8470,1526365,3,2005-11-03
8470,2151531,4,2005-11-11
8470,2481827,4,2005-07-14
8470,811704,5,2005-07-24
8470,1569593,2,2003-09-11
8470,1915615,3,2005-08-07
8470,2617466,5,2005-08-10
8470,2056022,3,2004-01-30
8470,400440,1,2004-03-11
8470,2535512,3,2004-11-08
8470,121182,3,2004-12-14
8470,776850,3,2005-01-19
8470,219888,5,2005-02-04
8470,1522957,3,2005-03-01
8470,399518,4,2005-03-20
8470,113535,3,2005-04-11
8470,2258417,4,2005-04-15
8470,1689344,4,2005-05-20
8470,500888,4,2005-05-22
8470,1820447,3,2005-06-26
8470,867311,5,2005-06-27
8470,1556170,3,2005-09-16
8470,274920,4,2005-09-27
8470,249960,4,2005-10-06
8470,2305305,2,2005-10-12
8470,464504,2,2005-10-21
8470,77210,3,2005-11-27
8470,1373013,4,2005-12-04
8470,1498236,3,2005-12-21
8470,1970474,3,2005-07-11
8470,1277779,4,2004-01-30
8470,2510551,3,2005-08-05
8470,1357936,2,2003-11-17
8470,1337026,3,2004-07-21
8470,1615850,1,2004-11-09
8470,720666,3,2005-02-11
8470,2000004,4,2005-02-15
8470,2000237,5,2005-03-25
8470,2352698,4,2005-03-26
8470,101191,3,2005-04-13
8470,1699606,5,2005-04-15
8470,2182532,4,2005-04-20
8470,134743,4,2005-05-15
8470,2494443,4,2005-07-02
8470,2620360,3,2005-07-02
8470,2499884,3,2005-09-22
8470,1287490,3,2005-10-12
8470,2173145,1,2005-10-16
8470,2256708,4,2005-10-24
8470,1677203,3,2005-07-18
8470,2034830,3,2004-06-21
8470,1490243,3,2004-01-08
8470,1498221,2,2005-07-28
8470,98301,3,2004-07-23
8470,1327900,1,2003-09-23
8470,1425157,2,2004-01-24
8470,2324287,2,2003-08-18
8470,2226190,5,2004-01-22
8470,1394420,2,2004-06-30
8470,2305978,2,2004-08-24
8470,971176,1,2004-10-26
8470,2235641,3,2004-12-13
8470,2067423,3,2005-01-10
8470,1195212,3,2005-01-13
8470,1752018,2,2005-01-19
8470,2214772,3,2005-02-03
8470,1384354,3,2005-02-24
8470,1787151,1,2005-02-26
8470,1728935,3,2005-03-22
8470,348567,4,2005-04-04
8470,1732365,3,2005-05-03
8470,567705,3,2005-05-06
8470,382393,2,2005-06-20
8470,2580353,3,2005-06-20
8470,966786,4,2005-06-28
8470,1117207,5,2005-06-30
8470,1520377,2,2005-07-01
8470,2140372,4,2005-11-02
8470,1999685,2,2005-11-25
8470,389985,4,2005-11-29
8470,439894,4,2003-08-30
8470,1760492,3,2003-07-28
8470,1034831,2,2003-06-25
8470,762998,4,2004-01-27
8470,775645,4,2003-07-24
8470,2117432,3,2004-04-22
8470,480115,4,2004-12-28
8470,2329113,2,2005-01-02
8470,1504759,3,2005-02-12
8470,1802619,2,2005-02-17
8470,507167,3,2005-03-15
8470,1641097,4,2005-04-21
8470,2474839,4,2005-05-02
8470,578191,3,2005-05-06
8470,1445262,5,2005-05-09
8470,425238,5,2005-06-03
8470,1238641,5,2005-06-25
8470,837133,2,2005-09-15
8470,2335003,2,2005-09-23
8470,2538181,4,2005-10-01
8470,141543,3,2005-10-29
8470,1439882,3,2005-08-02
8470,2048970,2,2004-07-10
8470,183674,3,2003-12-12
8470,415540,2,2004-10-11
8470,2169512,3,2004-10-18
8470,2260245,5,2005-02-12
8470,758383,4,2005-03-04
8470,279504,3,2005-04-24
8470,867005,3,2005-04-25
8470,1846827,3,2005-05-02
8470,268585,3,2005-06-05
8470,1113515,1,2005-06-16
8470,107435,5,2005-06-29
8470,1057021,4,2005-07-01
8470,2176465,3,2005-09-25
8470,269474,2,2005-10-03
8470,1900241,2,2005-11-16
8470,1468030,4,2005-12-29
8470,642543,5,2005-07-08
8470,708047,1,2005-07-12
8470,454635,1,2003-05-31
8470,1298190,3,2004-08-30
8470,76048,3,2003-06-11
8470,697889,3,2004-06-22
8470,2128284,3,2004-09-03
8470,1729518,5,2004-10-08
8470,813594,2,2005-04-28
8470,13432,3,2005-05-14
8470,857132,2,2005-07-04
8470,665072,3,2005-10-03
8470,303002,2,2005-11-22
8470,2356355,4,2005-07-23
8470,2115977,2,2003-07-02
8470,1622462,3,2003-08-05
8470,2390609,3,2003-06-27
8470,1438768,3,2004-01-04
8470,1605846,2,2003-09-30
8470,1640731,3,2004-04-11
8470,1230845,2,2004-02-11
8470,1239496,2,2004-02-07
8470,753283,4,2004-02-25
8470,1845251,2,2004-06-26
8470,1288835,3,2004-09-29
8470,1170093,4,2004-10-11
8470,336578,5,2004-12-07
8470,2159478,2,2005-02-02
8470,1225914,2,2005-02-08
8470,1815129,4,2005-02-14
8470,698125,3,2005-02-23
8470,482035,3,2005-04-08
8470,1044034,2,2005-04-10
8470,2016747,3,2005-04-29
8470,884722,3,2005-05-01
8470,843519,3,2005-05-06
8470,679869,3,2005-05-09
8470,911745,4,2005-05-23
8470,1795110,3,2005-09-19
8470,609754,2,2005-10-14
8470,1707078,3,2005-11-04
8470,43193,3,2005-11-04
8470,640174,5,2005-11-07
8470,2552618,2,2005-12-06
8470,208579,3,2005-12-16
8470,1293631,2,2005-07-13
8470,1234567,2,2005-07-25
8470,1676137,4,2005-08-03
8470,2087298,3,2005-08-04
8470,147404,3,2005-08-07
8470,2384928,2,2005-08-07
8470,538178,2,2003-11-04
8470,2220732,2,2003-12-28
8470,1516350,3,2004-05-20
8470,2011405,3,2004-08-06
8470,2094579,4,2005-03-22
8470,1730336,3,2005-03-24
8470,1723621,3,2005-05-09
8470,2097548,3,2005-05-20
8470,1866323,1,2005-05-26
8470,2133714,3,2005-06-14
8470,1047833,3,2005-06-20
8470,953110,5,2005-09-19
8470,2138793,3,2005-10-30
8470,19702,2,2005-11-22
8470,1231594,2,2005-11-22
8470,1940150,2,2005-12-12
8470,1126499,3,2005-07-05
8470,328646,3,2005-07-06
8470,598877,2,2004-05-15
8470,308502,5,2005-07-18
8470,1007057,5,2005-08-03
8470,841229,3,2003-08-23
8470,1507291,2,2003-06-23
8470,509683,3,2004-04-13
8470,2150831,3,2004-08-18
8470,1166323,4,2004-01-05
8470,1582575,3,2004-06-05
8470,1810656,3,2004-11-18
8470,2365626,2,2004-11-18
8470,1979054,4,2005-01-27
8470,2222576,3,2005-03-16
8470,836050,3,2005-03-16
8470,1038880,2,2005-03-27
8470,1020676,2,2005-04-06
8470,777916,1,2005-04-09
8470,163647,4,2005-04-15
8470,213280,3,2005-06-27
8470,1123549,4,2005-06-27
8470,909032,2,2005-09-23
8470,1625869,4,2005-09-26
8470,982821,5,2005-10-10
8470,1284016,3,2005-10-17
8470,109177,4,2005-11-11
8470,509532,3,2005-12-01
8470,1140560,4,2004-02-23
8470,1472025,4,2005-08-08
8470,2387212,4,2004-04-09
8470,288282,4,2004-01-10
8470,1706873,2,2004-04-25
8470,2024111,2,2003-08-10
8470,11787,2,2005-02-15
8470,1889930,1,2005-02-22
8470,720503,3,2005-05-07
8470,1926320,3,2005-06-08
8470,1896681,5,2005-09-22
8470,1806515,3,2005-09-23
8470,2118461,5,2005-10-12
8470,577249,3,2005-10-29
8470,2301357,3,2005-10-30
8470,1921466,3,2005-11-10
8470,1201455,1,2005-11-20
8470,240399,3,2005-12-16
8470,237286,3,2003-08-15
8470,1475970,2,2003-11-10
8470,818504,5,2005-08-17
8470,1318303,3,2004-07-10
8470,1133502,3,2004-10-18
8470,62880,2,2004-11-18
8470,1401726,4,2005-03-12
8470,1184498,3,2005-03-22
8470,1508499,3,2005-04-06
8470,2157060,2,2005-04-13
8470,2577597,5,2005-05-04
8470,770099,4,2005-05-24
8470,1516936,4,2005-06-08
8470,117870,3,2005-06-19
8470,2555666,4,2005-06-26
8470,1406452,4,2005-10-31
8470,842458,3,2005-11-02
8470,53936,2,2005-11-05
8470,1669327,3,2005-11-06
8470,863214,2,2005-11-07
8470,2000221,2,2005-12-04
8470,1548363,1,2005-07-06
8470,290371,4,2004-08-19
8470,197070,3,2005-08-05
8470,2125852,5,2004-01-12
8470,2412878,4,2004-03-05
8470,1538953,3,2003-11-14
8470,252119,1,2004-03-15
8470,457097,3,2004-04-27
8470,2463441,3,2004-06-25
8470,1019912,3,2004-10-24
8470,1460800,3,2004-11-09
8470,2483096,3,2004-12-14
8470,2424183,2,2005-02-14
8470,1494863,4,2005-03-05
8470,2240905,1,2005-04-06
8470,1698802,3,2005-03-31
8470,2061495,2,2005-04-12
8470,1584985,3,2005-05-13
8470,741208,4,2005-05-14
8470,1105686,1,2005-05-27
8470,1878513,3,2005-10-17
8470,302135,4,2005-10-18
8470,420970,4,2005-11-07
8470,1748429,2,2005-11-08
8470,32057,5,2005-12-05
8470,2397057,3,2005-12-05
8470,301501,5,2005-12-29
8470,387418,2,2003-10-10
8470,632384,3,2003-07-07
8470,2056657,4,2005-04-28
8470,902049,2,2005-05-16
8470,1661583,3,2005-06-12
8470,93124,2,2005-06-22
8470,754161,2,2005-06-27
8470,2068497,3,2005-06-29
8470,266036,3,2005-07-02
8470,396595,5,2005-09-17
8470,982010,1,2005-10-01
8470,387042,5,2005-10-18
8470,500512,5,2005-11-04
8470,1032407,3,2005-11-12
8470,2492994,4,2005-11-15
8470,1580437,1,2005-11-17
8470,2253953,2,2004-05-24
8470,834412,4,2005-07-28
8470,2246362,1,2003-10-26
8470,1247574,1,2004-01-28
8470,2452430,3,2004-10-19
8470,2409465,1,2004-12-20
8470,691808,1,2005-02-08
8470,6056,2,2005-03-18
8470,2006360,3,2005-04-09
8470,2588755,2,2005-06-01
8470,2241408,3,2005-06-04
8470,2487919,3,2005-06-19
8470,1217518,3,2005-06-29
8470,189623,3,2005-11-05
8470,2529630,2,2003-05-27
8470,2427026,2,2004-01-10
8470,1632583,2,2005-08-07
8470,1010609,2,2004-01-10
8470,2185049,3,2004-02-03
8470,1962939,2,2003-07-25
8470,1470143,3,2004-06-07
8470,2457184,2,2003-10-17
8470,397212,2,2004-04-24
8470,1114324,3,2004-12-11
8470,1660348,1,2005-01-29
8470,1309057,4,2005-02-03
8470,1805336,3,2005-02-16
8470,2449919,2,2005-04-12
8470,2016436,4,2005-05-10
8470,416968,5,2005-05-10
8470,2233293,3,2005-05-17
8470,2176953,3,2005-05-17
8470,2307508,4,2005-06-03
8470,2497498,3,2005-12-19
8470,2304126,5,2005-07-26
8470,935459,2,2004-03-08
8470,1392942,4,2004-07-20
8470,1611206,3,2004-01-20
8470,2487127,1,2004-03-24
8470,1436668,3,2005-03-10
8470,835353,4,2005-04-23
8470,43277,5,2005-05-24
8470,666438,3,2005-06-11
8470,118416,4,2005-09-13
8470,639273,3,2005-10-17
8470,785112,3,2005-10-18
8470,459060,2,2005-12-06
8470,1906611,5,2004-05-26
8470,1430661,5,2005-07-21
8470,2486015,4,2005-07-25
8470,2040484,3,2004-04-26
8470,2391225,3,2004-09-22
8470,1297031,4,2005-02-08
8470,1193872,4,2005-02-14
8470,1637793,3,2005-02-15
8470,2274004,5,2005-02-28
8470,1401245,2,2005-03-15
8470,340479,3,2005-04-06
8470,399620,3,2005-04-11
8470,329653,3,2005-06-01
8470,1068435,3,2005-10-13
8470,1327186,4,2005-10-16
8470,555388,5,2005-10-28
8470,1142827,3,2005-11-12
8470,1594164,3,2005-11-28
8470,1016321,2,2005-12-24
8470,2020385,4,2005-07-08
8470,2610420,2,2004-01-14
8470,835528,2,2003-07-09
8470,847863,4,2003-11-30
8470,1932594,3,2004-06-08
8470,317429,3,2005-05-22
8470,974375,4,2005-05-28
8470,1999169,3,2005-10-18
8470,2082553,2,2005-10-23
8470,1270270,3,2005-11-04
8470,773018,4,2004-01-29
8470,2270699,1,2003-06-30
8470,2570844,1,2003-08-13
8470,1061195,4,2003-12-04
8470,1152362,4,2004-01-10
8470,158607,3,2004-07-22
8470,2020252,2,2004-11-06
8470,1425899,2,2004-11-28
8470,1293508,3,2004-12-13
8470,1223949,2,2005-02-13
8470,2323976,3,2005-02-17
8470,516240,4,2005-03-08
8470,145873,4,2005-04-05
8470,1664465,3,2005-04-25
8470,565986,3,2005-04-30
8470,409343,3,2005-05-17
8470,700490,3,2005-09-26
8470,2608976,3,2005-10-12
8470,300451,2,2005-10-26
8470,790913,4,2005-12-13
8470,2095624,3,2005-07-16
8470,1677741,2,2005-02-19
8470,2171187,3,2003-09-02
8470,1400278,2,2003-05-28
8470,1732553,4,2005-03-11
8470,2135285,5,2005-03-16
8470,323253,3,2005-04-15
8470,290965,3,2005-04-25
8470,275600,4,2005-05-25
8470,2209849,2,2005-09-27
8470,776931,4,2005-09-29
8470,444566,3,2005-11-04
8470,1368650,3,2005-11-09
8470,126216,2,2005-12-09
8470,1699466,3,2005-12-13
8470,1577480,3,2005-12-29
8470,1518446,2,2005-07-05
8470,2356901,4,2005-07-10
8470,124251,3,2005-07-20
8470,2103116,2,2003-12-07
8470,857303,3,2003-07-24
8470,505109,4,2003-08-21
8470,7133,4,2003-11-19
8470,983097,2,2004-11-25
8470,1257336,4,2004-12-14
8470,986436,3,2004-12-14
8470,974573,3,2005-02-09
8470,897565,5,2005-03-07
8470,2243435,2,2005-04-04
8470,296345,2,2005-04-25
8470,2473261,3,2005-05-12
8470,1663888,3,2005-05-18
8470,374991,3,2005-06-01
8470,1654721,3,2005-06-05
8470,460283,4,2005-06-12
8470,1990473,4,2005-09-16
8470,2402136,3,2005-10-04
8470,1946983,3,2005-07-14
8470,1036692,3,2005-07-15
8470,2471386,3,2005-02-19
8470,11796,1,2003-12-23
8470,942523,5,2004-05-31
8470,27061,5,2004-10-06
8470,2609187,1,2005-03-17
8470,1876031,2,2005-04-06
8470,1747273,2,2005-04-05
8470,1304511,4,2005-04-25
8470,1737974,3,2005-05-04
8470,1887872,3,2005-06-02
8470,306664,2,2005-06-23
8470,2328701,5,2005-06-30
8470,1753761,4,2005-09-29
8470,1838581,2,2005-10-06
8470,584100,3,2005-10-13
8470,2073563,3,2004-07-16
8470,610471,3,2005-08-09
8470,2124351,4,2004-02-12
8470,1185645,3,2003-10-02
8470,948208,3,2005-09-06
8470,1867238,3,2004-01-07
8470,290874,3,2004-04-23
8470,1300582,2,2004-05-01
8470,253434,3,2004-02-21
8470,2552767,3,2004-05-16
8470,1894440,5,2004-11-02
8470,1237037,5,2005-02-03
8470,575714,3,2005-02-04
8470,1276711,3,2005-02-26
8470,1149015,3,2005-03-31
8470,2007821,2,2005-04-20
8470,576751,4,2005-05-03
8470,1907290,4,2005-06-10
8470,1623383,3,2005-06-22
8470,2547949,2,2005-06-22
8470,715343,3,2005-09-15
8470,453357,5,2005-10-06
8470,2117160,1,2005-10-29
8470,2284436,4,2005-12-05
8470,990831,3,2005-08-05
8470,151625,4,2004-06-30
8470,1105736,2,2004-01-21
8470,1877958,1,2003-12-15
8470,2186231,3,2004-02-04
8470,2059929,5,2004-09-05
8470,1048069,2,2004-09-16
8470,935922,2,2004-08-22
8470,1840542,2,2005-01-13
8470,1583282,3,2005-05-17
8470,2581218,1,2005-06-16
8470,2484060,3,2005-09-17
8470,2471832,3,2005-11-04
8470,1037245,3,2005-12-23
8470,776939,2,2005-07-13
8470,1981464,3,2005-08-03
8470,1925397,2,2004-02-24
8470,737984,3,2003-12-30
8470,1271178,1,2005-02-07
8470,1160674,4,2005-04-15
8470,2203534,4,2005-05-18
8470,2224013,4,2005-06-27
8470,602642,4,2005-06-27
8470,1194381,5,2005-09-23
8470,1260831,2,2005-07-05
8470,1670329,3,2004-03-28
8470,422985,2,2005-07-12
8470,464478,3,2004-07-06
8470,496645,3,2005-08-09
8470,1463419,5,2003-12-30
8470,2492458,2,2003-10-29
8470,724132,2,2004-05-26
8470,2614537,3,2003-09-30
8470,1515974,3,2004-01-14
8470,1084299,2,2004-11-10
8470,1084999,3,2004-12-07
8470,2593204,4,2004-12-22
8470,105772,5,2005-02-27
8470,2207806,3,2005-04-26
8470,734355,2,2005-05-04
8470,2077664,2,2005-06-02
8470,550682,1,2005-06-11
8470,2295235,3,2005-09-23
8470,961389,3,2005-10-03
8470,1490188,5,2005-10-12
8470,1188248,5,2005-10-18
8470,1740720,5,2005-07-16
8470,1639792,1,2003-05-31
8470,1233297,1,2003-06-21
8470,2585905,1,2004-01-06
8470,1788009,5,2003-05-31
8470,1918750,2,2004-04-29
8470,1318289,3,2004-09-03
8470,76819,3,2005-09-01
8470,1648316,2,2004-09-27
8470,2428743,3,2004-10-19
8470,2156630,3,2005-02-03
8470,2024833,3,2005-02-08
8470,1350353,2,2005-03-24
8470,2112242,4,2005-04-12
8470,1466323,3,2005-06-14
8470,170248,4,2005-11-21
8470,232301,4,2005-11-22
8470,57633,1,2003-06-18
8470,2540014,4,2004-01-04
8470,426070,2,2004-01-23
8470,461210,2,2003-11-07
8470,2135716,5,2003-08-06
8470,408106,2,2004-10-18
8470,1058648,2,2004-11-02
8470,2552810,4,2004-12-28
8470,350894,1,2005-04-08
8470,951800,5,2005-05-06
8470,1486501,5,2005-06-01
8470,2352972,1,2005-06-05
8470,597046,3,2005-06-14
8470,2283870,3,2005-06-15
8470,1438345,3,2005-10-30
8470,1954297,3,2005-11-23
8470,1812275,1,2005-12-27
8470,441172,4,2005-12-29
8470,1551313,3,2003-07-21
8470,1342168,1,2003-08-14
8470,1773462,2,2004-03-13
8470,1777878,5,2004-01-12
8470,2009638,4,2004-03-26
8470,2143500,2,2004-12-11
8470,459447,5,2005-09-27
8470,222960,5,2005-03-06
8470,577270,5,2005-03-13
8470,2613105,3,2005-03-28
8470,594462,3,2005-04-12
8470,609636,4,2005-04-20
8470,1262684,4,2005-05-08
8470,613560,1,2005-06-21
8470,642052,4,2005-06-27
8470,918735,4,2005-09-29
8470,660837,4,2005-10-01
8470,78404,1,2003-10-27
8470,478050,3,2004-03-28
8470,493287,2,2004-11-09
8470,1488292,1,2004-11-11
8470,1952776,3,2004-12-21
8470,997016,1,2005-01-19
8470,264925,4,2005-02-18
8470,581885,3,2005-02-18
8470,1290593,5,2005-02-28
8470,2195186,4,2005-03-21
8470,2271970,2,2005-03-29
8470,1757187,5,2005-04-07
8470,1396663,4,2005-04-15
8470,1663467,3,2005-04-16
8470,691272,5,2005-05-28
8470,2198123,3,2005-06-13
8470,970206,3,2005-09-14
8470,1948497,3,2005-09-19
8470,738670,3,2005-11-18
8470,2436452,2,2005-11-27
8470,2526414,3,2005-12-27
8470,2426498,4,2005-07-15
8470,1718235,3,2005-08-02
8470,2127162,3,2005-08-03
8470,585121,3,2005-08-17
8470,1175391,3,2004-04-13
8470,1665063,3,2004-04-25
8470,1013357,4,2004-02-12
8470,2259064,2,2004-10-19
8470,2425586,2,2004-12-29
8470,1250320,3,2005-02-07
8470,682561,3,2005-03-14
8470,2295153,1,2005-05-01
8470,1832073,3,2005-05-09
8470,1470420,2,2005-05-15
8470,1460561,2,2005-06-23
8470,2136526,3,2005-09-14
8470,1682531,3,2005-09-14
8470,2338841,4,2005-09-23
8470,2332943,2,2005-10-01
8470,1556692,5,2005-10-21
8470,1376339,4,2005-11-24
8470,1472689,5,2005-12-30
8470,324475,3,2005-07-08
8470,316131,4,2005-07-12
8470,246119,4,2005-07-18
8470,1173570,2,2004-07-05
8470,1033446,3,2004-01-07
8470,2403480,2,2004-03-06
8470,166881,5,2004-09-21
8470,1611173,3,2004-11-30
8470,2540684,4,2004-12-06
8470,1421966,3,2004-12-31
8470,1130461,3,2005-01-31
8470,2139083,3,2005-04-01
8470,2272933,2,2005-09-02
8470,1210904,3,2005-10-16
8470,1712386,4,2005-10-19
8470,672499,3,2005-11-08
8470,1125570,3,2005-07-11
8470,2630854,4,2004-05-21
8470,1966227,4,2004-01-08
8470,1592459,3,2004-09-07
8470,33061,4,2004-08-31
8470,1644320,2,2004-10-26
8470,1483838,3,2005-02-06
8470,472436,5,2005-02-18
8470,1717743,2,2005-03-07
8470,1548770,4,2005-03-18
8470,1513088,4,2005-03-22
8470,1754619,4,2005-03-24
8470,1944505,4,2005-04-12
8470,407448,4,2005-04-26
8470,522130,4,2005-05-10
8470,1789683,4,2005-05-13
8470,288773,4,2005-05-17
8470,296209,4,2005-09-17
8470,1902220,3,2005-10-16
8470,870885,3,2005-10-28
8470,2215855,4,2005-11-04
8470,1878798,3,2003-06-05
8470,627111,3,2003-09-27
8470,2203809,2,2003-10-21
8470,879551,3,2003-07-24
8470,1707198,3,2004-04-25
8470,1852040,3,2004-04-06
8470,1721566,4,2005-01-13
8470,2158545,1,2005-02-14
8470,626090,3,2005-03-09
8470,1104937,4,2005-10-06
8470,428491,3,2005-10-17
8470,861331,4,2005-10-19
8470,486798,4,2005-10-25
8470,2011398,4,2005-10-25
8470,2327386,3,2005-10-27
8470,2382987,5,2005-11-18
8470,2099701,3,2005-11-29
8470,1256254,2,2005-12-26
8470,104724,2,2003-07-19
8470,1664726,1,2005-07-19
8470,1873722,3,2005-07-23
8470,1951535,5,2004-01-14
8470,1270980,3,2005-01-07
8470,287566,4,2005-03-11
8470,1584128,2,2005-03-14
8470,1987400,3,2005-03-22
8470,2560910,3,2005-04-02
8470,1144740,5,2005-04-18
8470,267841,4,2005-05-15
8470,1731609,4,2005-09-13
8470,1460183,3,2005-10-11
8470,710666,4,2005-12-02
8470,1506865,5,2005-07-12
8470,1068063,3,2005-07-23
8470,1457707,3,2004-03-25
8470,1221563,3,2003-10-02
8470,629389,2,2004-08-04
8470,2130855,3,2004-07-17
8470,941279,3,2004-05-27
8470,2427786,4,2004-11-20
8470,905156,3,2004-12-06
8470,476512,3,2005-05-15
8470,1079408,3,2005-05-31
8470,2208977,2,2005-10-01
8470,2394268,4,2005-10-31
8470,1138492,5,2005-11-01
8470,1459710,2,2005-11-02
8470,1640132,2,2005-11-21
8470,1030307,4,2005-12-23
8470,2153893,3,2005-12-26
8470,742086,3,2004-04-28
8470,1884725,4,2005-08-09
8470,1886638,1,2004-07-15
8470,1011437,2,2004-09-22
8470,859167,3,2005-01-06
8470,2254800,3,2005-02-05
8470,2078947,3,2005-05-10
8470,1202730,1,2005-10-07
8470,1092812,5,2005-10-07
8470,2209039,1,2005-10-08
8470,253916,3,2005-10-18
8470,443468,4,2005-11-20
8470,1590880,3,2005-12-17
8470,2178055,5,2005-07-06
8470,1162556,1,2005-07-23
8470,2429294,5,2005-07-24
8470,968702,4,2005-08-09
8470,108884,4,2005-02-19
8470,383952,1,2004-05-05
8470,1018535,2,2003-10-19
8470,2452367,3,2004-07-06
8470,2209110,1,2004-03-10
8470,1003093,3,2004-03-31
8470,406160,3,2005-01-24
8470,1343413,1,2005-03-22
8470,1314439,2,2005-03-28
8470,2234889,4,2005-05-16
8470,2381792,3,2005-05-21
8470,760924,5,2005-06-10
8470,275551,4,2005-07-01
8470,412805,3,2005-09-19
8470,1877590,4,2005-09-22
8470,674866,4,2005-10-14
8470,978104,2,2005-11-02
8470,1897404,3,2005-11-28
8470,953667,3,2004-11-09
8470,2234535,1,2004-12-22
8470,2552861,5,2005-03-19
8470,193629,3,2005-04-12
8470,2088834,3,2005-04-18
8470,907490,3,2005-04-30
8470,237263,1,2005-05-24
8470,2457403,1,2005-10-10
8470,1145387,5,2005-10-26
8470,1808266,2,2005-11-10
8470,1666057,1,2005-11-13
8470,1635381,4,2005-11-15
8470,206893,1,2005-11-16
8470,598850,3,2005-12-26
8470,2511730,4,2003-07-06
8470,2517336,3,2005-07-16
8470,1198556,2,2004-01-18
8470,2131073,1,2004-08-04
8470,1686270,2,2004-05-21
8470,1085127,2,2004-12-22
8470,585272,2,2005-01-26
8470,458787,2,2005-02-01
8470,1882093,1,2005-03-11
8470,1726499,3,2005-03-13
8470,1181056,4,2005-03-19
8470,2306984,2,2005-04-03
8470,1198962,4,2005-04-20
8470,78846,3,2005-04-27
8470,965730,3,2005-05-26
8470,29815,4,2005-09-19
8470,1655692,5,2005-10-07
8470,1524484,3,2005-10-08
8470,2096694,4,2005-10-10
8470,1002870,3,2005-10-25
8470,2124342,4,2005-10-31
8470,2546703,1,2004-12-04
8470,2398911,3,2003-08-05
8470,1283577,3,2004-04-16
8470,1058034,3,2004-09-08
8470,38879,4,2004-05-09
8470,374741,3,2003-10-08
8470,644381,5,2004-10-23
8470,334628,4,2005-05-26
8470,1400085,3,2005-03-27
8470,1933447,2,2005-04-12
8470,1283745,3,2005-05-10
8470,1920435,5,2005-05-16
8470,1176164,5,2005-10-20
8470,1007621,2,2005-07-07
8470,2167041,4,2005-07-22
8470,925414,3,2004-05-29
8470,2524725,5,2005-08-14
8470,1125075,3,2005-09-03
8470,2400647,5,2005-02-02
8470,718012,3,2005-02-22
8470,911710,5,2005-02-24
8470,237161,3,2005-03-10
8470,521738,5,2005-04-27
8470,2641559,3,2005-05-17
8470,1624257,3,2005-05-23
8470,1542460,4,2005-06-08
8470,1894924,3,2005-06-20
8470,1457458,5,2005-06-30
8470,301019,4,2005-09-20
8470,2492695,2,2005-10-19
8470,1358432,3,2005-11-04
8470,1246729,3,2005-12-07
8470,152134,4,2005-12-10
8470,1423566,3,2003-11-05
8470,172805,5,2004-01-05
8470,2634967,3,2004-02-25
8470,2637974,1,2004-05-04
8470,1300759,3,2004-10-07
8470,1458854,3,2005-01-06
8470,256452,2,2005-04-28
8470,1325516,4,2005-05-03
8470,516110,4,2005-05-09
8470,776127,2,2005-05-26
8470,1403184,3,2005-05-28
8470,1669420,4,2005-05-29
8470,2469788,2,2005-06-29
8470,201633,3,2005-10-28
8470,1432466,3,2005-11-01
8470,2515404,3,2005-11-23
8470,1249773,2,2003-08-16
8470,2513621,3,2004-04-28
8470,1987806,1,2004-12-21
8470,234275,2,2005-01-30
8470,2317644,5,2005-03-05
8470,453585,1,2005-03-14
8470,1033266,4,2005-04-26
8470,971716,5,2005-05-07
8470,2120461,2,2005-06-27
8470,1276059,3,2005-09-15
8470,1326640,3,2005-09-24
8470,2325714,3,2005-10-03
8470,2508242,3,2005-10-04
8470,798842,4,2005-10-25
8470,633738,4,2005-10-25
8470,87898,2,2005-11-03
8470,2400258,2,2005-11-14
