6597,20231,3,2003-09-13
6597,661143,1,2005-02-07
6597,247794,3,2003-05-14
6597,1650301,2,2005-07-25
6597,372884,4,2004-12-12
6597,2491826,3,2005-09-11
6597,1704523,4,2005-07-11
6597,475351,3,2005-06-15
6597,961271,2,2004-12-21
6597,1362065,3,2003-03-12
6597,1408352,2,2003-08-31
6597,1224629,3,2005-08-19
6597,1784308,2,2003-09-09
6597,746890,4,2005-12-23
6597,2601294,4,2004-02-11
6597,1586699,1,2005-11-15
6597,1860412,3,2003-09-02
6597,1546834,3,2004-07-27
6597,483077,3,2003-09-11
6597,1880429,1,2005-03-07
6597,309333,4,2003-10-22
6597,306199,3,2003-04-29
6597,534562,3,2003-09-16
6597,2378011,3,2004-01-31
6597,960036,4,2003-01-24
6597,341954,3,2003-06-10
6597,757853,2,2005-08-12
6597,209549,1,2004-05-03
6597,1001129,2,2004-10-18
6597,878038,4,2005-03-07
6597,544022,3,2004-04-30
6597,1866197,3,2003-09-27
6597,1218987,2,2005-07-06
6597,1271796,1,2003-03-13
6597,1768779,3,2004-09-27
6597,2053460,4,2004-05-24
6597,1053903,2,2004-06-17
6597,1941376,3,2005-05-30
6597,111211,4,2005-10-19
6597,1131325,3,2003-07-31
6597,1314869,3,2004-06-03
6597,1332285,5,2005-01-19
6597,1743317,3,2005-10-12
6597,962342,2,2004-01-21
6597,831149,1,2005-04-06
6597,1234830,1,2005-04-06
6597,1718487,2,2005-11-10
6597,1591355,3,2003-06-23
6597,2506266,5,2005-08-09
6597,1341632,4,2004-05-03
6597,737667,3,2003-03-25
6597,2202787,3,2005-04-14
6597,2439493,1,2002-07-13
6597,2542215,3,2004-01-13
6597,307320,2,2004-02-06
6597,8121,1,2005-10-24
6597,538460,2,2005-12-13
6597,1134379,3,2005-01-27
6597,2325297,2,2005-01-03
6597,712648,4,2005-02-11
6597,2301514,4,2005-05-30
6597,1441340,3,2003-07-01
6597,2633254,4,2004-04-17
6597,131601,4,2005-01-20
6597,2216105,1,2002-12-27
6597,1163421,3,2005-08-22
6597,2027549,3,2003-01-07
6597,1869082,1,2005-05-19
6597,2040859,1,2004-11-23
6597,1156035,2,2004-06-06
6597,1993440,2,2003-10-28
6597,746892,3,2002-09-10
6597,113366,3,2003-05-16
6597,951811,5,2003-12-16
6597,952156,2,2004-07-02
6597,474501,4,2003-12-08
6597,305224,2,2005-10-08
6597,2450433,3,2005-10-31
6597,1712784,4,2003-09-18
6597,596995,3,2003-05-06
6597,2161835,5,2004-04-17
6597,2353520,3,2004-07-13
6597,1589578,2,2005-03-12
6597,1876520,1,2002-05-03
6597,1220793,2,2005-11-11
6597,2581344,3,2004-07-15
6597,605299,5,2004-03-14
6597,2622066,5,2003-10-06
6597,682970,1,2004-01-06
6597,687317,2,2003-08-23
6597,973443,2,2004-08-24
6597,1652323,2,2004-12-08
6597,346137,2,2003-11-23
6597,427746,2,2004-08-26
6597,1003694,3,2005-11-07
6597,2578149,2,2002-12-04
6597,507603,1,2005-09-09
6597,1284473,3,2005-07-13
6597,385094,4,2005-06-20
6597,1896502,1,2004-01-02
6597,1540750,1,2003-05-13
6597,2083367,3,2002-11-13
6597,281392,4,2003-08-07
6597,2422676,2,2005-05-10
6597,1429631,5,2003-04-26
6597,472573,2,2005-02-28
6597,1664010,3,2005-10-12
6597,626407,4,2003-01-14
6597,1137694,4,2005-01-24
6597,907023,4,2003-06-08
6597,1317566,4,2005-09-20
6597,329958,1,2005-12-07
6597,2524907,3,2005-04-14
6597,1009547,4,2005-12-02
6597,2314246,4,2003-09-30
6597,346062,1,2004-04-14
6597,1249592,4,2003-07-20
6597,1460369,3,2003-07-04
6597,2081170,2,2004-01-21
6597,767606,4,2005-11-19
6597,1868042,5,2003-04-03
6597,1688864,3,2005-08-16
6597,243612,2,2002-09-11
6597,1885932,2,2005-02-11
6597,346108,4,2003-10-09
6597,1897386,2,2003-10-09
6597,375352,3,2004-05-17
6597,756405,3,2004-01-22
6597,1705409,5,2005-01-10
6597,1190391,3,2005-03-24
6597,730652,3,2005-04-26
6597,757758,3,2004-03-02
6597,1753949,4,2004-07-19
6597,1182251,1,2005-07-26
6597,142492,4,2003-10-02
6597,363340,5,2005-02-24
6597,315894,3,2004-08-16
6597,719246,2,2003-05-03
6597,444053,1,2003-09-17
6597,2564395,2,2004-08-20
6597,531125,1,2005-09-09
6597,1765372,2,2005-01-13
6597,653964,3,2005-11-29
6597,867068,2,2002-06-30
6597,2397497,5,2002-12-08
6597,1833607,3,2003-04-16
6597,1678066,2,2003-07-28
6597,525628,4,2003-10-19
6597,1121725,3,2004-11-16
6597,603999,5,2003-11-03
6597,1810763,3,2005-10-24
6597,501211,3,2003-10-01
6597,1254363,2,2004-05-23
6597,1641505,3,2004-03-15
6597,2093248,2,2003-11-04
6597,383404,3,2005-07-14
6597,2552866,3,2005-03-17
6597,2606799,3,2005-05-16
6597,731469,2,2005-11-05
6597,1653519,3,2005-09-02
6597,212982,1,2004-07-16
6597,169347,5,2005-04-01
6597,2541447,3,2005-08-29
6597,761020,3,2005-01-19
6597,798296,1,2002-12-31
6597,1213522,2,2003-03-25
6597,143011,4,2003-06-30
6597,138480,3,2004-01-26
6597,2295594,3,2004-12-16
6597,145745,4,2002-10-16
6597,1731009,2,2003-04-18
6597,2184504,2,2002-08-06
6597,1835473,1,2003-07-25
6597,65003,4,2003-06-12
6597,278880,2,2004-04-24
6597,1032056,2,2003-03-28
6597,1756107,5,2005-02-16
6597,305344,1,2003-03-22
6597,2574108,2,2005-05-23
6597,354339,5,2005-05-18
6597,683751,1,2003-07-29
6597,630882,2,2004-07-20
6597,1403217,1,2005-06-17
6597,918709,2,2003-05-29
6597,1890798,1,2004-12-26
6597,2469417,3,2003-05-28
6597,403405,2,2004-04-05
6597,1332509,2,2003-08-30
6597,2183471,2,2005-08-26
6597,2085139,2,2005-09-07
6597,2270009,2,2002-11-22
6597,1476322,2,2005-08-18
6597,1315290,2,2004-03-22
6597,306569,2,2002-04-12
6597,1947388,1,2003-07-17
6597,334203,2,2005-05-23
6597,2150746,1,2005-12-28
6597,1267933,3,2004-10-29
6597,1353240,1,2005-04-26
6597,2549156,3,2003-09-30
6597,134414,3,2004-03-02
6597,898730,1,2005-10-24
6597,1528019,3,2003-06-30
6597,2548566,2,2003-12-29
6597,1480142,2,2004-04-12
6597,204026,4,2005-05-16
6597,1395295,4,2005-05-23
6597,298436,3,2004-07-25
6597,2137853,3,2005-03-13
6597,1565082,4,2005-07-16
6597,752642,1,2002-04-11
6597,654008,2,2003-04-16
6597,1610947,3,2004-12-31
6597,837619,1,2002-04-03
6597,826696,2,2002-10-18
6597,1437050,1,2005-05-19
6597,1089037,3,2004-07-13
6597,1107475,3,2003-10-07
6597,1913118,1,2004-09-06
6597,734868,3,2005-05-02
6597,121182,3,2002-07-25
6597,1826179,3,2003-02-18
6597,1321918,4,2003-08-25
6597,907347,4,2002-10-01
6597,1722054,5,2003-08-26
6597,1370190,4,2005-08-22
6597,512598,3,2003-11-26
6597,1563459,3,2003-03-31
6597,2306209,2,2005-06-13
6597,1879524,3,2004-01-27
6597,1178330,2,2003-06-03
6597,1261789,2,2003-03-29
6597,1656439,2,2005-05-15
6597,2118461,4,2005-12-18
6597,1420744,4,2003-09-22
6597,1688337,3,2004-11-12
6597,596716,4,2003-06-16
6597,387418,3,2003-08-21
6597,1114324,1,2005-07-16
6597,2504445,3,2005-05-14
6597,1401498,1,2003-03-20
6597,1926723,3,2003-09-15
6597,1932594,3,2004-08-24
6597,794999,5,2004-06-08
6597,1486829,1,2004-10-18
6597,1061195,1,2003-12-14
6597,1553545,3,2004-01-28
6597,726864,1,2003-08-25
6597,301321,3,2004-08-10
6597,1461435,1,2002-02-20
6597,2397752,5,2003-10-05
6597,1057992,3,2002-06-27
6597,485946,2,2005-09-17
6597,19296,1,2003-06-09
6597,979847,5,2005-02-21
6597,766895,3,2003-04-07
6597,217192,4,2005-03-10
6597,1639792,1,2002-03-30
6597,2119818,1,2002-10-02
6597,1868129,2,2003-09-25
6597,2300288,1,2005-09-20
6597,1294397,5,2004-03-01
6597,965259,2,2003-08-28
6597,94029,3,2003-10-29
6597,2083121,5,2003-07-26
6597,1496560,3,2003-11-05
6597,2231404,3,2005-11-10
6597,2349702,3,2002-07-22
6597,1627275,3,2004-07-12
6597,721780,3,2003-03-08
6597,115691,4,2004-07-01
6597,187872,4,2005-02-13
6597,906020,3,2005-05-05
6597,1852040,1,2005-05-27
6597,2609372,2,2004-10-29
6597,229439,1,2002-11-26
6597,113556,2,2005-05-13
6597,673426,3,2003-03-04
6597,428688,3,2002-04-24
6597,1013302,3,2004-09-13
6597,1192973,2,2004-11-16
6597,2242475,3,2005-10-20
6597,1930089,2,2003-12-04
6597,2606205,2,2003-03-03
6597,536239,3,2004-02-02
6597,2224158,3,2005-01-25
