16336,1369425,2,2002-08-22
16336,2111422,3,2003-01-24
16336,1186962,4,2005-04-29
16336,1149472,5,2005-10-06
16336,1068777,3,2005-10-15
16336,401290,5,2005-08-22
16336,2325737,4,2005-01-02
16336,227751,2,2005-02-02
16336,635344,3,2005-03-01
16336,1693257,3,2005-06-27
16336,2609870,1,2005-10-18
16336,808189,1,2005-12-29
16336,437597,4,2002-08-25
16336,2364678,3,2004-08-23
16336,2487269,2,2005-09-03
16336,1913470,3,2004-10-27
16336,2625420,2,2004-11-17
16336,2356602,5,2004-12-30
16336,2343417,5,2005-01-05
16336,380963,4,2004-05-29
16336,2490524,5,2004-05-28
16336,2404799,3,2004-11-24
16336,632345,4,2005-01-22
16336,2246439,5,2005-09-09
16336,541295,3,2002-09-04
16336,1549174,5,2004-08-18
16336,350107,3,2005-08-30
16336,2176918,4,2003-07-17
16336,158563,5,2004-09-19
16336,31107,3,2005-01-19
16336,534943,5,2005-04-26
16336,1482784,5,2005-05-25
16336,29395,4,2003-06-03
16336,518123,4,2004-03-03
16336,2626915,3,2004-10-23
16336,1553742,4,2005-02-04
16336,2217731,3,2005-03-06
16336,1409985,4,2005-12-02
16336,2101722,5,2004-05-11
16336,2402990,3,2004-10-19
16336,1985054,4,2005-01-26
16336,1362880,3,2005-04-19
16336,1123243,4,2005-05-26
16336,1893356,5,2004-05-17
16336,127657,3,2003-11-18
16336,440789,3,2004-04-28
16336,2362233,5,2004-12-14
16336,1224299,3,2005-03-18
16336,2087711,3,2005-11-28
16336,73549,5,2005-09-03
16336,289162,4,2003-10-15
16336,2099670,5,2005-04-20
16336,336781,4,2005-05-02
16336,821646,4,2005-05-08
16336,526348,5,2005-09-29
16336,157677,5,2005-10-23
16336,1655609,1,2005-12-28
16336,2617720,4,2004-06-01
16336,1808060,5,2005-08-12
16336,706873,5,2004-09-09
16336,1612138,4,2004-04-19
16336,622772,1,2004-05-28
16336,651376,4,2004-09-20
16336,2590991,5,2004-12-16
16336,2518112,4,2005-01-24
16336,2555272,3,2005-10-01
16336,370228,4,2003-11-25
16336,2604824,4,2004-03-10
16336,1381395,3,2004-06-28
16336,1664713,4,2004-06-30
16336,62330,4,2005-06-05
16336,1221507,5,2005-09-08
16336,1692007,3,2005-10-31
16336,530670,2,2001-02-13
16336,2553247,4,2002-09-11
16336,1818524,4,2005-07-28
16336,1895156,4,2002-12-09
16336,534508,3,2004-01-22
16336,788182,3,2004-09-17
16336,2153290,5,2005-01-11
16336,1197233,1,2005-02-17
16336,1179117,1,2004-07-09
16336,650323,5,2005-10-19
16336,1388216,3,2005-07-08
16336,85279,1,2003-11-10
16336,234798,5,2004-02-07
16336,829825,3,2004-06-27
16336,230166,5,2005-03-13
16336,1097327,4,2005-03-26
16336,63653,3,2005-04-09
16336,2522365,4,2005-05-24
16336,720578,2,2002-10-28
16336,1787805,2,2003-11-26
16336,1396068,2,2004-03-30
16336,1044120,1,2004-09-13
16336,1424487,2,2004-08-16
16336,854946,5,2004-05-01
16336,1418759,5,2004-10-20
16336,783838,5,2005-04-27
16336,488007,4,2005-10-25
16336,1299845,5,2003-12-24
16336,1439015,2,2004-05-23
16336,1370466,5,2004-04-27
16336,286106,4,2004-04-29
16336,1469919,4,2004-09-28
16336,1686316,5,2005-06-25
16336,365636,3,2005-11-20
16336,568832,1,2004-01-05
16336,2545259,5,2003-12-05
16336,923889,1,2004-04-11
16336,351405,3,2004-10-03
16336,275536,5,2004-10-19
16336,2614179,2,2004-11-16
16336,1318167,5,2005-01-24
16336,21334,4,2005-03-13
16336,893568,4,2005-03-24
16336,1094954,2,2005-04-06
16336,2124919,4,2005-09-13
16336,2356109,4,2004-03-22
16336,2619718,3,2004-07-01
16336,1532812,2,2004-08-31
16336,138669,5,2004-08-12
16336,195443,5,2005-07-22
16336,673298,4,2005-08-08
16336,2106311,4,2004-11-23
16336,1635998,5,2004-12-18
16336,1193505,5,2004-08-16
16336,2512398,5,2004-10-05
16336,2211013,3,2005-04-06
16336,335226,3,2005-11-11
16336,1830420,5,2004-08-30
16336,652237,2,2004-05-10
16336,88535,4,2004-04-13
16336,1753603,4,2005-03-01
16336,1574264,5,2005-09-30
16336,836963,4,2005-10-14
16336,413373,4,2004-05-11
16336,1014928,4,2003-04-06
16336,225837,2,2004-05-01
16336,1265952,2,2002-08-26
16336,580666,1,2003-05-10
16336,2263800,4,2004-04-13
16336,1687847,5,2003-12-18
16336,782389,5,2003-12-16
16336,1990316,3,2004-06-14
16336,466269,5,2004-10-12
16336,2378611,5,2005-09-20
16336,257622,3,2004-01-22
16336,727242,1,2004-05-28
16336,466778,3,2002-12-02
16336,938804,3,2005-08-12
16336,2089595,4,2005-08-23
16336,1755552,4,2004-08-06
16336,49585,3,2004-09-17
16336,479327,3,2004-09-20
16336,1404539,1,2004-09-21
16336,1702996,5,2005-10-19
16336,2310497,5,2005-07-05
16336,567767,5,2002-10-03
16336,2018108,5,2005-02-10
16336,1210503,4,2005-04-17
16336,1567202,1,2005-11-29
16336,2110267,4,2003-01-15
16336,2630187,5,2005-10-28
16336,88959,1,2005-08-30
16336,1807963,1,2004-05-31
16336,1184925,1,2004-11-14
16336,1272379,1,2005-01-19
16336,2339926,3,2005-06-17
16336,8309,4,2005-11-07
16336,2644210,5,2004-01-07
16336,2112205,4,2005-06-11
16336,223276,4,2005-10-11
16336,847083,4,2004-01-20
16336,614465,5,2004-04-28
16336,1798806,5,2004-05-26
16336,2592584,4,2004-06-01
16336,1314869,2,2004-12-21
16336,1309088,3,2005-01-31
16336,2182756,4,2005-06-09
16336,864172,1,2005-07-06
16336,662624,5,2004-07-14
16336,2091039,3,2004-07-08
16336,861077,5,2004-08-20
16336,164845,1,2005-03-04
16336,241799,1,2004-04-25
16336,1513590,4,2005-03-18
16336,2115174,3,2005-10-06
16336,2508521,5,2005-10-17
16336,51295,4,2005-07-19
16336,214959,5,2004-06-07
16336,2173060,4,2004-05-28
16336,571094,4,2004-02-10
16336,359063,1,2004-06-12
16336,1466429,4,2005-03-02
16336,1760910,4,2005-04-18
16336,2484944,3,2004-03-31
16336,2262320,3,2005-09-13
16336,2417665,4,2003-06-24
16336,1789382,4,2003-10-20
16336,687769,2,2004-07-15
16336,602389,4,2005-03-05
16336,2449289,4,2005-06-20
16336,923849,4,2005-09-13
16336,1398097,5,2005-10-14
16336,1463088,4,2003-12-05
16336,2439493,1,2003-06-14
16336,1533891,5,2005-08-22
16336,1416777,3,2004-04-14
16336,376701,4,2004-06-19
16336,520520,5,2004-09-19
16336,354354,4,2004-12-07
16336,117637,5,2005-09-23
16336,631315,5,2004-05-11
16336,1202646,2,2003-12-21
16336,1204833,3,2004-04-30
16336,1621834,2,2004-07-12
16336,526568,1,2004-09-05
16336,845921,3,2005-02-10
16336,499269,4,2004-09-05
16336,1645264,2,2005-01-02
16336,1546717,4,2005-01-19
16336,2443280,5,2005-02-05
16336,979870,4,2005-10-07
16336,1682851,3,2003-12-13
16336,2009131,4,2004-01-22
16336,413787,1,2004-09-06
16336,497959,4,2004-04-02
16336,846426,5,2004-07-19
16336,2426587,4,2004-08-31
16336,109112,5,2004-09-20
16336,2005985,5,2004-12-10
16336,1013965,5,2005-02-12
16336,2566167,4,2005-04-08
16336,1684232,2,2005-06-16
16336,1452127,3,2005-07-12
16336,1518681,5,2002-05-11
16336,1437139,4,2004-03-07
16336,29693,5,2003-09-21
16336,1772562,4,2004-03-01
16336,2325803,5,2004-12-01
16336,2612,2,2005-03-07
16336,1917946,1,2005-03-08
16336,2343536,5,2005-09-20
16336,1084457,3,2003-11-30
16336,268092,4,2004-01-21
16336,1066990,3,2005-08-14
16336,314044,4,2004-03-01
16336,1748269,4,2003-12-14
16336,1778630,2,2004-05-11
16336,2630158,5,2005-03-08
16336,754567,1,2005-09-23
16336,1799009,5,2005-11-22
16336,1883285,5,2004-03-12
16336,280180,4,2005-03-01
16336,1597367,5,2003-02-14
16336,896446,5,2003-11-15
16336,121974,2,2004-06-29
16336,825125,2,2005-09-06
16336,587618,4,2004-04-28
16336,615711,5,2004-05-08
16336,2496985,4,2004-02-06
16336,1549329,4,2004-03-19
16336,1710762,2,2004-09-08
16336,2435695,5,2004-11-29
16336,114176,4,2005-03-15
16336,1871971,4,2003-02-14
16336,700726,5,2003-11-09
16336,2296185,1,2004-02-04
16336,1045223,3,2004-06-04
16336,934339,2,2004-11-06
16336,2507985,4,2005-03-16
16336,2388479,3,2005-04-06
16336,2398061,2,2003-11-10
16336,2216105,4,2002-10-29
16336,2445812,3,2004-08-31
16336,2538646,5,2004-11-27
16336,99400,5,2005-09-16
16336,436549,4,2005-11-07
16336,791324,4,2004-02-23
16336,2488357,3,2003-12-12
16336,982049,3,2004-07-21
16336,1351539,5,2004-10-28
16336,1509994,4,2005-09-01
16336,1473980,2,2005-09-25
16336,1587752,4,2005-09-26
16336,1101669,3,2005-09-29
16336,1013321,5,2005-11-08
16336,1273193,4,2005-07-24
16336,865499,3,2004-05-24
16336,1887657,3,2004-03-23
16336,633570,2,2004-04-22
16336,262236,1,2004-04-26
16336,2040859,1,2004-11-23
16336,741449,5,2004-12-24
16336,304742,4,2005-01-26
16336,1094906,3,2005-04-06
16336,1305961,3,2004-01-24
16336,1045257,4,2004-06-09
16336,2212265,1,2004-12-07
16336,1531029,1,2005-01-12
16336,1648604,5,2005-04-10
16336,2457662,2,2005-09-24
16336,461075,5,2004-08-30
16336,381304,1,2004-08-27
16336,75384,4,2004-09-20
16336,1128587,3,2004-10-30
16336,1704052,5,2005-01-06
16336,2171700,3,2005-10-01
16336,152807,4,2005-10-15
16336,1694334,3,2002-09-06
16336,1443734,5,2004-02-25
16336,1538765,4,2004-03-09
16336,1436357,4,2004-08-23
16336,791979,5,2004-10-01
16336,544831,1,2005-10-07
16336,633303,5,2005-11-13
16336,2519454,3,2004-03-22
16336,1734369,5,2004-09-14
16336,912090,3,2004-05-06
16336,395073,4,2004-05-19
16336,2133100,4,2004-07-28
16336,1231842,4,2005-07-03
16336,297375,5,2005-09-20
16336,1373690,1,2005-11-08
16336,2577898,4,2003-08-11
16336,2617244,4,2005-04-27
16336,53527,4,2004-02-20
16336,2565600,1,2004-05-25
16336,1333951,4,2004-10-13
16336,1903324,1,2004-12-08
16336,801458,4,2004-12-13
16336,2294202,5,2005-02-05
16336,1652427,3,2002-08-24
16336,593799,2,2004-06-15
16336,553220,5,2003-12-19
16336,850678,3,2005-08-29
16336,2427410,4,2004-01-17
16336,2095586,2,2004-04-17
16336,698337,4,2004-06-16
16336,2424683,5,2004-08-29
16336,386436,4,2004-10-02
16336,2638054,3,2004-12-08
16336,1743858,3,2005-02-24
16336,2612104,3,2005-05-03
16336,1866818,4,2005-10-21
16336,1069916,1,2005-07-07
16336,965104,1,2004-06-03
16336,139724,5,2005-02-21
16336,873684,3,2003-12-02
16336,1975202,3,2003-12-30
16336,1325958,3,2004-07-11
16336,2163702,5,2004-09-06
16336,132535,4,2005-11-11
16336,382672,4,2005-07-20
16336,2210173,2,2002-09-12
16336,1629218,4,2003-09-15
16336,936393,4,2004-03-01
16336,2457095,2,2004-03-12
16336,2617614,4,2005-03-13
16336,2453014,5,2005-08-18
16336,1654095,4,2004-01-09
16336,546700,5,2005-06-16
16336,1796580,5,2005-06-20
16336,1456324,5,2005-11-23
16336,2480105,5,2005-08-11
16336,238647,5,2004-07-14
16336,264531,2,2004-02-26
16336,2025143,5,2004-05-22
16336,2302897,4,2004-04-27
16336,157485,3,2004-11-10
16336,318718,4,2005-11-23
16336,2398923,2,2004-12-01
16336,1750386,3,2005-04-21
16336,1097210,4,2005-09-20
16336,1757606,3,2005-10-03
16336,2065764,4,2004-05-29
16336,2539101,4,2004-08-24
16336,2235269,5,2005-04-07
16336,2543566,4,2005-09-25
16336,2226098,5,2005-10-26
16336,951101,2,2005-11-18
16336,1914818,3,2005-07-16
16336,190213,2,2004-09-15
16336,355742,1,2005-08-16
16336,225701,4,2004-07-27
16336,1450728,5,2004-01-15
16336,856858,3,2004-04-30
16336,586648,4,2004-08-19
16336,2589319,1,2004-05-11
16336,941026,2,2004-11-02
16336,1912447,4,2005-03-03
16336,200692,4,2005-04-07
16336,569271,5,2005-11-08
16336,1691350,5,2005-11-23
16336,1634788,4,2005-11-28
16336,1327896,3,2005-08-02
16336,728833,5,2005-08-06
16336,1627049,3,2005-08-17
16336,539868,3,2004-05-10
16336,1207791,4,2005-02-10
16336,310125,3,2005-06-07
16336,484044,3,2003-12-29
16336,2494753,3,2004-05-25
16336,779048,4,2003-11-30
16336,1910647,5,2003-12-23
16336,1013603,5,2004-08-10
16336,2324083,5,2004-12-27
16336,1737149,5,2005-11-19
16336,2343076,3,2005-11-29
16336,1358623,5,2005-08-29
16336,2322405,5,2004-10-23
16336,1006677,3,2005-04-11
16336,1810141,4,2005-05-31
16336,793550,2,2005-06-11
16336,1630992,5,2005-09-20
16336,731324,5,2005-09-22
16336,1268813,4,2005-09-23
16336,1313462,5,2005-10-18
16336,1727232,5,2004-07-26
16336,2213,4,2005-07-19
16336,1459230,2,2004-04-25
16336,630691,4,2004-08-29
16336,874139,3,2004-05-18
16336,813479,3,2004-10-26
16336,1166900,4,2005-01-28
16336,1015048,5,2005-11-14
16336,1621557,4,2003-04-10
16336,1954578,4,2004-06-23
16336,432259,5,2004-01-11
16336,2521625,4,2003-06-22
16336,351813,4,2003-12-04
16336,1869163,4,2004-03-19
16336,2260480,3,2004-08-30
16336,1217853,4,2005-02-06
16336,2199182,5,2003-12-22
16336,2085211,4,2004-03-13
16336,1646495,4,2004-03-21
16336,89995,5,2004-09-27
16336,489553,4,2003-11-24
16336,2633644,5,2004-01-24
16336,2537120,4,2005-09-27
16336,1742476,4,2002-10-19
16336,1921292,4,2004-05-11
16336,1354943,1,2005-05-25
16336,588285,3,2005-10-31
16336,119596,3,2005-11-22
16336,644955,5,2003-11-11
16336,604925,4,2004-03-17
16336,622974,5,2004-09-14
16336,1256752,5,2005-08-23
16336,1038766,2,2004-09-11
16336,1155580,5,2004-08-15
16336,1692212,5,2005-01-23
16336,1872458,4,2005-02-05
16336,2076571,5,2005-02-11
16336,2298101,5,2005-03-02
16336,401321,3,2003-10-09
16336,827387,4,2003-11-20
16336,1736157,5,2005-08-15
16336,1834680,1,2004-03-10
16336,1940080,5,2003-10-10
16336,322009,3,2004-06-11
16336,1714672,4,2004-11-07
16336,1111312,5,2005-01-03
16336,1120985,5,2005-02-21
16336,1201002,4,2005-03-01
16336,442059,3,2005-12-02
16336,337186,3,2002-07-25
16336,2647406,3,2004-07-19
16336,338471,3,2005-09-19
16336,1470123,4,2002-10-24
16336,1153186,4,2004-07-08
16336,1275406,5,2003-12-08
16336,1071258,4,2004-11-16
16336,2625257,3,2004-12-05
16336,768854,1,2003-12-08
16336,2532156,5,2004-07-11
16336,331248,3,2004-07-16
16336,423000,5,2004-11-06
16336,1179243,2,2005-06-27
16336,898203,5,2005-09-23
16336,1623272,4,2004-03-25
16336,107880,5,2005-08-17
16336,2609871,1,2004-10-23
16336,1336371,1,2005-02-14
16336,1241935,4,2003-05-04
16336,2349904,3,2003-11-10
16336,216098,5,2004-08-26
16336,334656,4,2005-04-19
16336,701960,4,2005-09-19
16336,1664010,5,2005-10-17
16336,2344305,5,2005-11-23
16336,1482568,5,2002-11-16
16336,2446442,4,2004-01-10
16336,519520,4,2004-03-01
16336,2327743,1,2004-01-16
16336,296452,1,2004-03-01
16336,1756495,5,2004-09-01
16336,290549,4,2005-04-09
16336,1756082,4,2005-11-27
16336,2110695,4,2005-07-20
16336,89410,4,2004-03-31
16336,1796886,5,2004-05-13
16336,15105,3,2004-03-22
16336,1045553,5,2004-03-02
16336,561531,4,2005-04-25
16336,638108,1,2004-05-01
16336,2537536,3,2005-01-27
16336,928181,4,2005-10-01
16336,408636,4,2005-10-19
16336,2050431,4,2005-10-27
16336,1108757,5,2005-12-27
16336,2073960,5,2003-03-13
16336,2024800,3,2004-01-05
16336,451056,4,2004-11-26
16336,764636,5,2004-06-29
16336,2156280,4,2004-04-20
16336,576990,1,2004-12-17
16336,2152305,5,2005-10-16
16336,406841,4,2003-04-04
16336,886055,4,2004-04-16
16336,2380810,5,2004-06-16
16336,1734109,5,2004-08-25
16336,188329,4,2004-10-01
16336,2328686,4,2004-12-23
16336,2188398,2,2005-09-12
16336,311461,3,2005-12-01
16336,651629,4,2003-11-16
16336,765594,3,2005-08-30
16336,238081,2,2004-03-20
16336,1269491,3,2005-10-13
16336,2115843,3,2005-11-02
16336,311216,3,2004-04-09
16336,2552016,2,2004-05-23
16336,1502511,3,2005-07-26
16336,2492408,4,2005-08-22
16336,1069925,3,2004-02-19
16336,877394,1,2003-11-10
16336,476742,1,2004-06-22
16336,14164,5,2004-08-27
16336,1649046,2,2004-05-26
16336,588450,3,2004-10-05
16336,873713,1,2004-10-25
16336,721524,4,2004-11-29
16336,33415,1,2004-12-09
16336,276682,5,2003-08-13
16336,1281460,2,2005-07-20
16336,2296192,3,2005-01-19
16336,2062055,3,2005-07-25
16336,1373846,4,2004-03-12
16336,1306899,2,2004-05-27
16336,2245245,5,2004-11-17
16336,881440,3,2005-03-09
16336,1119268,4,2005-12-31
16336,2032853,4,2003-08-12
16336,1570326,4,2004-04-06
16336,2036646,1,2004-11-06
16336,1464383,5,2005-09-15
16336,925194,5,2004-03-21
16336,1873543,5,2004-09-29
16336,1412732,5,2005-02-24
16336,668669,4,2002-06-28
16336,2372543,4,2005-08-22
16336,795380,3,2004-03-12
16336,1282217,3,2004-04-17
16336,356262,2,2004-09-22
16336,2038372,3,2004-11-28
16336,1569185,3,2005-01-29
16336,1245018,5,2005-11-18
16336,1377736,5,2004-05-26
16336,430738,4,2005-09-04
16336,1190685,3,2004-05-04
16336,2529187,5,2004-12-28
16336,2533163,4,2005-01-26
16336,883468,4,2005-05-19
16336,1086481,4,2004-01-23
16336,1382771,5,2004-09-17
16336,417323,4,2005-08-18
16336,298716,4,2004-04-24
16336,542637,1,2005-03-21
16336,1935793,1,2005-04-04
16336,117250,5,2005-09-22
16336,1766007,5,2002-10-17
16336,1180755,1,2002-09-13
16336,249773,4,2004-07-06
16336,2452149,4,2004-12-27
16336,1029860,3,2005-05-24
16336,2019240,4,2005-06-04
16336,315398,4,2005-10-16
16336,2351296,5,2005-11-30
16336,2626336,1,2003-12-16
16336,2023354,2,2004-04-28
16336,2078245,2,2004-05-26
16336,2614625,4,2005-09-29
16336,1385029,4,2004-02-06
16336,1216109,5,2004-05-31
16336,1038701,4,2004-06-17
16336,146249,3,2004-10-19
16336,295159,4,2005-01-22
16336,2312645,3,2005-03-13
16336,2195480,5,2005-10-13
16336,780590,4,2005-10-29
16336,1223621,3,2004-01-29
16336,1418622,1,2005-08-24
16336,754713,3,2004-02-03
16336,1932861,5,2005-09-07
16336,122851,5,2004-12-04
16336,2234927,1,2003-11-27
16336,2291306,1,2004-03-16
16336,875784,5,2004-06-27
16336,2387840,4,2004-11-23
16336,2627190,3,2005-03-07
16336,678122,5,2005-03-21
16336,706454,5,2005-10-22
16336,531125,1,2004-07-20
16336,2422058,5,2004-05-26
16336,203369,4,2004-11-11
16336,1119773,4,2005-03-04
16336,279635,4,2005-09-12
16336,2476026,3,2005-09-21
16336,3321,2,2005-09-27
16336,2062197,3,2005-12-16
16336,433651,4,2005-08-04
16336,303441,3,2004-10-18
16336,2366714,3,2004-12-13
16336,448155,3,2005-05-02
16336,2569870,2,2005-05-06
16336,16144,5,2005-07-06
16336,1622407,4,2004-01-06
16336,844642,5,2004-10-15
16336,788358,4,2004-04-28
16336,1873451,3,2005-08-16
16336,2473782,3,2004-01-24
16336,78662,4,2004-07-15
16336,629010,4,2004-06-09
16336,1472971,5,2005-01-27
16336,238084,4,2005-05-29
16336,2515558,4,2003-12-17
16336,1258667,5,2005-08-18
16336,149494,4,2005-08-20
16336,875288,4,2004-11-19
16336,2360000,3,2005-02-08
16336,1768511,5,2005-11-04
16336,52344,3,2005-11-15
16336,491531,4,2004-09-10
16336,651541,3,2004-03-24
16336,2191005,4,2004-02-21
16336,1317671,3,2004-10-11
16336,247739,4,2004-10-27
16336,311711,1,2005-01-19
16336,1428596,3,2005-11-11
16336,1142402,2,2005-11-18
16336,1411327,4,2001-04-29
16336,1107132,4,2005-08-03
16336,2105834,5,2004-10-15
16336,2201356,3,2004-12-20
16336,2046796,3,2005-04-15
16336,2283770,4,2005-05-19
16336,386947,3,2004-06-18
16336,462932,2,2004-01-26
16336,1777614,4,2005-08-26
16336,2089599,2,2004-01-13
16336,1299692,3,2004-08-02
16336,863309,5,2004-09-21
16336,320856,5,2005-01-19
16336,2147223,4,2005-01-24
16336,2089033,3,2005-04-30
16336,37609,4,2005-07-20
16336,471752,5,2002-10-30
16336,2602674,5,2005-08-21
16336,303818,4,2004-06-25
16336,2606799,1,2005-05-16
16336,2480699,2,2003-11-28
16336,280680,4,2004-05-09
16336,721718,3,2004-10-02
16336,523957,4,2004-10-19
16336,2144037,3,2004-10-27
16336,50075,3,2005-09-20
16336,1645663,5,2004-07-22
16336,1645933,3,2005-08-23
16336,1231291,4,2003-11-14
16336,1941958,3,2004-07-07
16336,2132586,3,2004-10-18
16336,1873067,5,2005-09-28
16336,488559,5,2005-10-18
16336,533352,4,2005-12-29
16336,1330072,3,2004-01-07
16336,431019,3,2004-03-20
16336,829575,5,2004-03-23
16336,2474029,3,2004-05-03
16336,2256485,1,2004-08-16
16336,342272,3,2005-01-06
16336,1140998,4,2005-08-07
16336,2220447,4,2003-11-18
16336,2341721,4,2004-03-28
16336,1461864,4,2005-03-02
16336,759737,2,2005-12-13
16336,1048813,3,2002-05-29
16336,803232,5,2003-01-14
16336,38086,5,2004-02-03
16336,1567970,3,2004-09-02
16336,578782,4,2004-09-10
16336,856937,3,2005-06-17
16336,1373119,3,2002-09-14
16336,504620,1,2005-08-17
16336,1073345,4,2004-04-12
16336,227373,4,2004-10-18
16336,2201507,4,2005-10-13
16336,180430,5,2004-06-03
16336,2492411,1,2004-02-23
16336,914457,2,2004-07-15
16336,1043608,4,2004-10-15
16336,2246085,4,2004-10-20
16336,390474,5,2005-10-04
16336,704901,5,2005-12-01
16336,205367,1,2001-06-05
16336,1872532,3,2004-02-17
16336,1725008,2,2004-08-11
16336,58628,5,2005-01-19
16336,729150,1,2005-03-21
16336,1863363,4,2005-09-15
16336,85216,5,2005-07-12
16336,195121,2,2004-03-09
16336,631041,2,2004-07-22
16336,1699713,1,2004-07-19
16336,825353,5,2005-12-23
16336,262319,5,2005-07-19
16336,890573,4,2005-03-25
16336,1671975,3,2005-07-25
16336,1994208,3,2004-02-21
16336,1724673,5,2005-08-25
16336,1156100,4,2004-05-13
16336,1627955,1,2004-05-12
16336,2608047,2,2004-09-02
16336,2509631,4,2004-05-28
16336,249078,4,2002-09-03
16336,204668,5,2005-08-09
16336,2373185,3,2003-05-20
16336,872071,5,2004-09-16
16336,2312778,1,2004-07-14
16336,2228351,3,2004-11-02
16336,1269656,5,2005-10-21
16336,2065042,1,2005-12-26
16336,942653,5,2005-07-12
16336,305344,3,2003-03-03
16336,1676565,5,2003-11-24
16336,676812,2,2004-04-29
16336,2614527,2,2004-06-16
16336,2484292,2,2005-07-18
16336,1157850,3,2004-05-25
16336,472292,4,2003-03-04
16336,2089541,3,2003-12-20
16336,770219,5,2004-07-30
16336,2394336,4,2004-01-13
16336,1273680,3,2004-11-07
16336,829468,5,2005-09-12
16336,999164,5,2001-01-28
16336,1278411,2,2004-02-23
16336,377613,4,2003-06-26
16336,1760132,5,2004-03-10
16336,2445424,3,2004-08-11
16336,1824517,3,2004-09-30
16336,2297274,4,2004-12-10
16336,1985687,4,2005-01-09
16336,2602078,5,2005-12-28
16336,1403217,2,2004-05-18
16336,244718,4,2005-07-31
16336,695276,2,2003-11-22
16336,622016,2,2004-06-02
16336,2409280,1,2004-07-10
16336,901448,5,2005-07-14
16336,2037693,1,2004-04-20
16336,1397664,5,2005-08-04
16336,1529798,3,2004-09-12
16336,2377689,5,2004-07-20
16336,1307860,3,2004-09-10
16336,425355,5,2004-08-02
16336,1715565,3,2004-09-24
16336,1671500,3,2004-11-21
16336,1823990,2,2005-05-26
16336,1247208,4,2005-09-21
16336,2468502,5,2005-10-26
16336,1759788,5,2005-11-17
16336,1522766,1,2005-08-07
16336,299365,5,2005-08-20
16336,275995,5,2005-09-07
16336,1065598,4,2004-07-22
16336,2064714,5,2004-05-08
16336,1882861,5,2005-02-01
16336,1001778,4,2005-02-14
16336,942334,4,2005-03-05
16336,1221959,4,2005-10-01
16336,2355703,5,2004-10-08
16336,1474876,5,2005-10-04
16336,447759,5,2005-10-05
16336,1101737,4,2005-08-24
16336,2594252,4,2004-01-20
16336,1490653,3,2004-09-15
16336,2162408,5,2005-08-01
16336,2140376,4,2004-02-12
16336,1894534,5,2004-04-08
16336,814868,3,2004-12-06
16336,2229846,3,2005-03-23
16336,1707845,5,2005-04-04
16336,1880539,4,2005-06-22
16336,707683,4,2005-06-28
16336,424228,4,2005-10-06
16336,1219200,5,2005-10-30
16336,10268,4,2002-11-07
16336,1246157,4,2003-08-15
16336,2074458,2,2005-08-23
16336,1028467,5,2004-04-15
16336,1458102,3,2004-05-20
16336,1268963,1,2004-06-21
16336,1640237,4,2004-01-13
16336,16074,5,2005-08-17
16336,290573,5,2004-02-03
16336,1837636,4,2004-10-04
16336,405302,5,2003-03-30
16336,2483246,5,2005-08-01
16336,1049260,4,2002-11-11
16336,1911337,4,2003-02-16
16336,514516,2,2004-02-28
16336,1000867,4,2004-04-19
16336,470972,3,2004-09-09
16336,1041363,3,2004-12-28
16336,1263557,4,2005-06-27
16336,2630960,4,2005-09-26
16336,538267,4,2003-12-05
16336,1611905,5,2003-08-21
16336,611360,1,2005-08-29
16336,1029849,5,2004-05-05
16336,2599863,3,2004-08-30
16336,2239213,3,2005-09-12
16336,2029744,4,2005-11-08
16336,1377808,5,2005-12-13
16336,2579059,4,2004-02-06
16336,407525,3,2005-08-29
16336,592585,5,2004-06-09
16336,1982123,2,2005-05-11
16336,1486389,5,2005-12-30
16336,2530964,4,2005-07-05
16336,8382,5,2002-11-02
16336,927849,4,2004-06-06
16336,2517040,2,2004-01-27
16336,467885,4,2004-12-24
16336,1319516,3,2005-04-10
16336,1286262,4,2005-04-18
16336,364983,5,2005-09-23
16336,2468191,5,2004-03-22
16336,1129233,4,2004-04-01
16336,2312913,5,2004-06-03
16336,1285757,4,2005-04-20
16336,386985,5,2005-11-02
16336,2220342,4,2005-04-05
16336,2029705,4,2005-04-11
16336,1488235,5,2005-06-15
16336,886520,4,2004-06-09
16336,943590,3,2003-09-08
16336,111018,5,2004-07-31
16336,1280168,5,2004-12-22
16336,208911,4,2005-12-07
16336,515993,2,2001-05-27
16336,314379,5,2005-07-19
16336,962848,4,2005-08-15
16336,995935,5,2004-12-17
16336,105802,3,2005-04-01
16336,854421,4,2005-05-14
16336,272222,4,2005-06-27
16336,109963,1,2005-12-01
16336,340509,4,2003-03-27
16336,258047,3,2004-07-09
16336,633728,5,2005-09-24
16336,1314682,2,2005-11-16
16336,2190100,5,2004-07-13
16336,583730,4,2005-08-12
16336,714693,5,2004-04-21
16336,1682668,5,2004-03-16
16336,1561960,1,2005-01-20
16336,2578758,1,2005-03-22
16336,1324318,2,2005-04-11
16336,1490298,3,2005-09-15
16336,1124753,4,2005-08-10
16336,2056022,2,2004-10-04
16336,2056481,5,2004-12-28
16336,2152782,3,2004-12-31
16336,1079601,5,2005-01-31
16336,5228,5,2005-03-04
16336,544646,4,2005-05-16
16336,2103047,5,2005-10-31
16336,1109034,3,2005-11-27
16336,1534986,5,2005-12-01
16336,2483979,5,2004-01-22
16336,152720,3,2004-08-10
16336,532045,3,2005-05-25
16336,519040,5,2002-08-01
16336,798104,4,2004-09-15
16336,347686,4,2004-06-28
16336,1845505,1,2004-05-11
16336,125266,5,2004-08-16
16336,1999876,4,2005-12-09
16336,1537478,4,2002-10-01
16336,1034831,3,2004-02-07
16336,1489684,4,2003-12-07
16336,2578242,3,2005-01-10
16336,1536728,4,2005-12-21
16336,694373,1,2005-07-25
16336,566410,4,2003-11-17
16336,557449,4,2004-05-04
16336,1244059,3,2004-06-13
16336,398194,4,2004-09-13
16336,2538584,4,2004-11-05
16336,1970360,5,2004-11-18
16336,1030772,3,2004-12-29
16336,830808,4,2005-06-21
16336,538005,1,2005-08-24
16336,1188538,5,2004-05-30
16336,1394262,1,2004-05-19
16336,631587,4,2005-05-31
16336,339616,5,2005-09-27
16336,463934,5,2005-11-28
16336,2444792,3,2004-07-22
16336,1828578,5,2004-06-02
16336,1207776,1,2004-05-17
16336,616750,3,2004-04-13
16336,1538960,5,2005-05-02
16336,1559423,3,2005-06-10
16336,414305,2,2002-08-17
16336,2152465,2,2005-07-27
16336,2220732,1,2003-12-29
16336,1831539,2,2004-11-18
16336,1069584,5,2005-09-06
16336,1697101,5,2005-11-28
16336,1688035,4,2005-12-14
16336,1007057,5,2005-08-02
16336,1864509,2,2003-06-01
16336,1125191,2,2004-01-19
16336,1801917,4,2004-08-25
16336,1148759,1,2004-11-21
16336,454432,1,2005-12-05
16336,2416621,3,2005-03-24
16336,2118461,5,2005-10-22
16336,1201455,1,2005-11-20
16336,469026,5,2004-02-12
16336,2520398,4,2003-01-10
16336,1672133,3,2005-04-26
16336,544571,3,2005-09-18
16336,787252,3,2004-01-16
16336,1125538,4,2003-12-02
16336,1464602,3,2004-12-31
16336,1036998,4,2005-04-04
16336,387418,3,2003-11-23
16336,2493418,4,2002-11-08
16336,872408,3,2004-07-24
16336,1180376,5,2004-02-04
16336,8170,5,2004-12-07
16336,656270,5,2005-10-24
16336,1384810,4,2004-12-05
16336,1543847,4,2004-05-11
16336,2208869,3,2004-07-24
16336,868990,4,2004-06-18
16336,2409465,3,2004-12-20
16336,1309683,4,2005-05-07
16336,253259,1,2005-07-20
16336,397212,3,2004-04-14
16336,1114324,3,2004-12-11
16336,1534262,3,2005-09-24
16336,2494960,4,2005-11-27
16336,1052669,4,2004-05-12
16336,1197058,3,2005-08-22
16336,35580,5,2004-09-13
16336,835353,4,2004-06-16
16336,171417,3,2005-11-02
16336,2207087,5,2003-01-25
16336,358987,4,2004-02-03
16336,940967,5,2003-12-11
16336,1907694,4,2004-07-12
16336,875205,4,2004-05-10
16336,340479,1,2004-11-15
16336,1297031,5,2005-11-02
16336,1467395,4,2005-12-10
16336,933096,3,2004-02-09
16336,1974360,5,2004-07-08
16336,397948,5,2004-05-17
16336,794999,5,2004-05-28
16336,1486829,1,2004-11-19
16336,1932594,1,2005-01-22
16336,1627681,3,2005-05-11
16336,1066389,1,2005-10-28
16336,1130863,2,2004-01-17
16336,2114703,3,2003-05-05
16336,1616437,4,2004-08-22
16336,1645904,5,2005-08-26
16336,1762695,4,2004-07-08
16336,565986,5,2005-02-25
16336,145873,5,2005-05-11
16336,1116065,5,2005-09-27
16336,752619,1,2004-06-23
16336,1779043,5,2004-10-14
16336,2347302,4,2005-02-01
16336,2629195,3,2005-07-21
16336,1192375,2,2004-08-12
16336,2007970,4,2004-07-26
16336,1486735,5,2004-06-01
16336,2147262,2,2004-09-04
16336,1257336,1,2004-11-30
16336,1362750,3,2004-12-16
16336,447507,3,2005-06-02
16336,1654721,4,2005-09-28
16336,292269,3,2002-10-01
16336,2066475,4,2003-06-18
16336,2455354,3,2005-07-28
16336,2573135,5,2004-12-04
16336,1609937,4,2004-08-26
16336,2552382,4,2004-06-30
16336,27061,5,2004-07-21
16336,1744403,4,2004-10-12
16336,1448522,3,2005-01-04
16336,1461435,1,2005-05-01
16336,1187552,5,2005-10-17
16336,2438449,5,2005-10-26
16336,1846715,5,2005-07-07
16336,849966,5,2005-07-16
16336,1432505,4,2003-12-09
16336,2069442,3,2004-02-04
16336,329475,4,2004-03-11
16336,2014748,3,2004-05-30
16336,2124351,5,2004-09-25
16336,1944259,4,2005-01-24
16336,603516,5,2005-05-23
16336,1070580,5,2005-11-01
16336,1782115,5,2002-07-24
16336,610095,1,2004-01-27
16336,1483897,5,2005-01-21
16336,417321,5,2005-01-26
16336,1099833,2,2005-03-22
16336,812726,5,2005-05-24
16336,1586420,5,2005-10-26
16336,1037245,3,2005-12-27
16336,602642,5,2005-08-14
16336,42494,5,2003-09-11
16336,1931836,2,2004-09-19
16336,833884,1,2005-10-06
16336,1396139,3,2005-11-23
16336,489119,5,2005-12-12
16336,2365871,5,2002-10-21
16336,2061156,3,2004-08-06
16336,209621,4,2004-06-22
16336,707344,2,2005-02-07
16336,1639792,1,2002-07-23
16336,466669,5,2004-06-22
16336,767800,1,2004-07-28
16336,468193,5,2005-04-20
16336,1360090,4,2005-09-09
16336,582829,1,2005-12-30
16336,1124379,3,2005-07-12
16336,2443239,5,2002-11-16
16336,381345,5,2005-08-05
16336,1186427,5,2004-01-02
16336,2352972,3,2003-12-19
16336,1953112,3,2004-03-15
16336,255075,4,2005-04-02
16336,1597965,3,2005-05-18
16336,2605411,5,2005-05-22
16336,851622,3,2005-09-09
16336,2622944,2,2005-10-03
16336,873862,3,2002-10-15
16336,1885210,3,2005-07-27
16336,639179,1,2005-01-19
16336,2159648,3,2005-02-01
16336,2355940,5,2005-06-26
16336,850963,4,2005-10-25
16336,2460347,1,2004-03-25
16336,1290593,4,2003-12-05
16336,276143,4,2004-07-19
16336,518137,3,2005-08-18
16336,2386274,5,2003-11-06
16336,356467,3,2004-01-26
16336,2385007,3,2004-08-19
16336,2461058,5,2005-01-24
16336,1066321,3,2005-03-07
16336,64644,4,2005-09-19
16336,2120874,4,2004-05-03
16336,475734,5,2004-02-19
16336,1591351,2,2004-06-25
16336,382454,3,2004-10-24
16336,1799971,4,2004-12-21
16336,200254,2,2005-04-06
16336,929094,4,2005-05-14
16336,1662104,4,2004-04-22
16336,2045623,3,2005-03-05
16336,709264,4,2004-02-26
16336,1316853,4,2003-12-30
16336,2314415,4,2004-08-24
16336,2238060,5,2004-11-04
16336,1548770,4,2005-01-26
16336,604822,5,2005-01-27
16336,119776,5,2005-07-13
16336,54606,4,2003-06-07
16336,1222811,5,2004-07-19
16336,2225767,4,2004-03-01
16336,2268218,5,2004-10-27
16336,1201294,3,2004-01-09
16336,222164,4,2004-01-08
16336,1324259,3,2004-05-04
16336,2260087,4,2004-10-12
16336,2486907,5,2005-09-15
16336,257710,5,2004-06-08
16336,1453339,5,2005-08-30
16336,130979,5,2004-07-09
16336,2501309,5,2005-03-28
16336,2787,5,2005-10-03
16336,495206,4,2004-05-20
16336,1659679,5,2002-08-14
16336,1017190,2,2004-10-10
16336,1068574,5,2005-10-27
16336,2286189,4,2004-01-06
16336,58066,3,2004-08-25
16336,1065402,5,2004-06-10
16336,2599149,5,2004-07-14
16336,1656194,4,2004-11-16
16336,1534085,3,2001-05-10
16336,2589781,5,2005-08-02
16336,518236,3,2005-02-13
16336,2389424,2,2004-05-10
16336,390127,1,2004-06-04
16336,890315,3,2004-06-11
16336,826864,2,2004-12-06
16336,1525014,3,2005-07-04
16336,191963,5,2005-09-22
16336,2642502,5,2005-11-05
16336,522221,4,2005-11-25
16336,1561126,4,2005-12-07
16336,1374023,3,2005-08-05
16336,464774,2,2003-04-05
16336,577747,5,2004-07-21
16336,2425990,4,2004-09-06
16336,1182931,4,2005-10-25
16336,1403184,3,2005-07-24
16336,1423566,1,2004-05-05
16336,288998,3,2004-03-31
16336,580344,5,2004-02-29
16336,2616318,5,2004-07-26
16336,2537998,5,2004-11-15
16336,1635449,1,2005-01-10
16336,1884547,5,2005-02-24
16336,1021583,5,2005-10-18
16336,2104133,4,2005-11-21
