4082,181323,5,2003-03-09
4082,1990962,4,2005-08-13
4082,497196,1,2003-04-13
4082,2535052,3,2002-07-23
4082,76196,1,2001-12-27
4082,908205,3,2003-11-05
4082,569281,4,2004-02-14
4082,2138987,2,2004-03-16
4082,2259898,1,2004-03-20
4082,1981733,1,2003-12-12
4082,657551,5,2005-12-12
4082,2012897,1,2000-08-11
4082,582321,3,2005-11-29
4082,1333,1,2004-02-25
4082,1705134,2,2004-10-27
4082,1059927,3,2005-11-27
4082,1384459,3,2005-12-27
4082,612817,3,2002-04-10
4082,1830096,3,2004-10-14
4082,2201224,3,2004-11-20
4082,2084277,3,2005-04-01
4082,941624,4,2005-07-25
4082,615240,3,2004-06-28
4082,734508,2,2005-02-13
4082,937847,2,2003-02-26
4082,1181550,5,2005-07-12
4082,1673185,3,2004-10-27
4082,1236924,2,2002-07-24
4082,1220170,3,2003-09-15
4082,1216648,2,2005-08-20
4082,1077945,3,2004-07-22
4082,90789,3,2004-06-30
4082,935413,3,2003-11-19
4082,1612558,2,2004-06-21
4082,2364099,4,2005-11-14
4082,1341028,4,2002-06-26
4082,104891,4,2004-11-29
4082,824828,2,2001-01-03
4082,2127755,1,2004-03-24
4082,194219,5,2005-07-21
4082,155342,1,2003-03-03
4082,2647559,1,2004-10-27
4082,1895196,5,2005-11-22
4082,663191,4,2005-08-03
4082,1611660,1,2004-03-12
4082,1559022,3,2004-05-26
4082,1182009,3,2003-10-24
4082,1097765,1,2003-02-12
4082,1226844,2,2003-04-17
4082,125275,1,2004-10-27
4082,515137,3,2005-02-26
4082,234959,2,2005-03-22
4082,200392,2,2004-03-30
4082,2465236,1,2005-02-08
4082,1859573,2,2005-03-22
4082,1187402,4,2003-05-14
4082,2598028,1,2004-01-19
4082,1760551,4,2004-11-16
4082,716874,3,2005-07-18
4082,1603450,1,2002-02-04
4082,1704849,3,2004-08-12
4082,93025,4,2004-06-30
4082,610622,3,2002-12-20
4082,2332660,3,2005-02-13
4082,2257122,4,2005-08-02
4082,546941,4,2004-08-04
4082,1347949,5,2005-03-28
4082,1583994,3,2002-07-31
4082,912093,3,2003-11-30
4082,1323170,3,2004-07-26
4082,727242,1,2003-12-17
4082,106475,3,2004-09-16
4082,1958925,1,2004-07-08
4082,712780,4,2004-10-11
4082,1916047,2,2000-02-11
4082,438947,2,2002-03-07
4082,1427380,2,2002-07-02
4082,286538,4,2002-03-22
4082,1163345,3,2005-07-18
4082,1272379,1,2002-03-06
4082,636634,3,2003-06-25
4082,1955464,1,2002-05-06
4082,1054564,3,2003-03-06
4082,2329026,1,2004-08-11
4082,1320774,3,2004-07-28
4082,159574,5,2005-09-29
4082,35036,2,2005-10-09
4082,2413170,3,2003-11-06
4082,266172,1,2003-12-01
4082,2057826,1,2004-01-07
4082,1883721,1,2004-02-07
4082,1853309,4,2005-11-14
4082,1200886,2,2004-02-02
4082,2086614,4,2002-02-23
4082,1719610,3,2005-08-04
4082,1813197,3,2005-01-26
4082,1687310,5,2004-07-23
4082,497457,2,2003-09-15
4082,2412709,2,2003-11-24
4082,443724,4,2004-04-14
4082,599719,3,2005-10-07
4082,391799,4,2002-08-31
4082,504211,1,2003-11-18
4082,1779239,5,2005-08-12
4082,1976581,4,2004-11-07
4082,2473404,2,2005-04-07
4082,1232408,1,2003-11-19
4082,1928592,1,2004-02-03
4082,1139570,3,2005-03-19
4082,1819462,1,2005-06-16
4082,674590,1,2004-03-20
4082,2439493,1,2003-03-07
4082,2081709,1,2002-07-01
4082,1739296,4,2003-11-09
4082,895741,3,2004-07-14
4082,530789,3,2003-11-29
4082,2018015,4,2005-03-21
4082,1637804,3,2005-08-22
4082,917008,2,2004-01-22
4082,2530994,3,2004-12-10
4082,1832023,2,2002-12-06
4082,147386,3,2005-08-31
4082,2555277,2,2002-01-09
4082,981500,2,2003-12-29
4082,1410683,2,2004-01-21
4082,610335,3,2004-03-14
4082,361375,4,2004-03-23
4082,581893,4,2004-03-10
4082,241634,1,2005-06-26
4082,1021948,2,2005-07-14
4082,735636,4,2004-01-24
4082,1982917,2,2004-06-11
4082,2467098,2,2003-12-22
4082,2128893,3,2005-05-03
4082,1718022,3,2005-09-06
4082,57186,2,2002-12-18
4082,2409746,5,2005-05-19
4082,2151228,4,2003-01-09
4082,2284673,1,2004-01-06
4082,246230,2,2004-05-06
4082,1806112,4,2001-10-26
4082,1032488,3,2003-09-09
4082,633722,5,2004-03-07
4082,1540380,4,2005-11-06
4082,764785,3,2000-04-14
4082,1856994,5,2000-05-03
4082,1440301,1,2003-04-28
4082,1473980,4,2005-09-04
4082,1607747,3,2000-08-15
4082,1771252,2,2003-12-03
4082,1944901,4,2005-08-30
4082,1247506,3,2004-03-13
4082,651625,4,2005-10-24
4082,2097286,5,2005-06-26
4082,2455107,1,2003-09-27
4082,1619168,4,2004-06-03
4082,773325,3,2004-03-11
4082,2085323,1,2004-03-29
4082,238439,2,2001-12-25
4082,310623,3,2002-06-20
4082,868881,5,2004-06-30
4082,1354545,3,2005-08-27
4082,743633,4,2005-06-27
4082,1725399,4,2005-10-22
4082,1606877,3,2005-11-04
4082,2231861,3,2004-03-21
4082,962019,1,2005-08-28
4082,444229,3,2005-11-09
4082,1111556,4,2005-11-17
4082,386467,5,2003-09-25
4082,1648423,2,2005-01-21
4082,1787676,4,2003-12-05
4082,1756796,3,2005-07-30
4082,2000429,1,2004-01-12
4082,775794,2,2000-09-22
4082,2000579,4,2003-04-02
4082,1527380,5,2005-08-05
4082,698438,1,2003-09-08
4082,2180490,4,2004-06-29
4082,963383,1,2003-09-14
4082,1426404,3,2004-07-28
4082,2452906,5,2003-06-17
4082,1930601,2,2004-02-03
4082,2290616,1,2004-01-12
4082,2291935,3,2004-06-02
4082,128154,3,2004-11-01
4082,697116,3,2005-04-06
4082,1757328,4,2005-11-02
4082,2596426,2,2002-12-18
4082,271453,3,2004-06-10
4082,36947,4,2004-02-12
4082,1614455,2,2004-06-19
4082,2205594,1,2002-06-02
4082,501719,5,2004-04-06
4082,1392598,1,2003-11-20
4082,2051278,5,2005-07-25
4082,1742674,2,2004-01-17
4082,1419757,4,2004-06-14
4082,440463,2,2005-12-12
4082,382965,4,2002-12-15
4082,1786637,1,2003-04-27
4082,1947520,3,2002-07-24
4082,2376973,4,2002-08-21
4082,1737920,3,2004-07-16
4082,1013603,5,2004-08-10
4082,1106241,1,2005-12-09
4082,1928964,1,2004-03-19
4082,1537052,1,2004-07-20
4082,1583631,2,2004-10-08
4082,2486367,4,2000-10-28
4082,705960,4,2002-10-26
4082,2278587,3,2005-07-29
4082,2524549,5,2004-03-10
4082,1961777,3,2005-12-21
4082,2316337,4,2002-09-01
4082,507603,1,2005-09-08
4082,1306304,2,2002-10-24
4082,290360,1,2003-11-17
4082,902913,4,2004-10-06
4082,1568735,3,2003-09-11
4082,2382060,1,2003-09-06
4082,92386,5,2004-11-22
4082,2527651,3,2005-03-23
4082,1421820,3,2003-11-10
4082,2018137,2,2004-03-29
4082,1645888,2,2003-05-11
4082,28691,2,2005-11-14
4082,1044742,3,2005-11-15
4082,426267,4,2005-11-29
4082,771809,4,2004-07-14
4082,782271,2,2003-11-17
4082,1730868,2,2005-12-03
4082,1717179,1,2000-02-04
4082,821576,3,2000-09-06
4082,1553890,1,2003-11-08
4082,1017055,5,2004-09-20
4082,2060067,3,2000-10-16
4082,2491575,1,2002-08-31
4082,760433,5,2005-06-26
4082,1147730,2,2004-01-23
4082,2585427,3,2005-08-02
4082,1429631,4,2004-01-22
4082,426241,3,2005-11-21
4082,3998,5,2002-08-27
4082,2417531,1,2003-11-11
4082,127473,4,2005-05-02
4082,167612,3,2003-11-13
4082,1247404,3,2005-04-11
4082,1995099,2,2005-12-06
4082,425179,3,2001-12-27
4082,1664010,5,2005-10-12
4082,1014165,2,2003-11-05
4082,266168,5,2005-06-26
4082,2564348,1,2005-11-07
4082,511942,4,2002-04-13
4082,1186815,1,2003-09-25
4082,2117355,4,2003-09-09
4082,2020781,2,2005-04-29
4082,895587,3,2005-09-11
4082,1062213,2,2005-10-12
4082,2289798,2,2001-06-01
4082,583344,3,2003-03-03
4082,1948804,4,2002-08-29
4082,576990,1,2004-02-09
4082,1063315,4,2004-11-27
4082,2573624,2,2005-09-15
4082,527592,3,2004-03-21
4082,100766,3,2004-12-29
4082,332300,1,2005-06-21
4082,2188398,3,2005-09-12
4082,612384,2,2005-11-01
4082,1012063,4,2000-03-11
4082,2614010,1,2003-09-07
4082,753107,4,2005-09-19
4082,1497145,3,2005-10-25
4082,862596,3,2005-11-13
4082,1502511,5,2005-08-04
4082,1956842,4,2005-05-04
4082,1317252,3,2005-08-02
4082,2358990,3,2003-06-10
4082,877394,2,2003-11-10
4082,2006505,2,2005-09-25
4082,362083,3,2003-11-18
4082,960869,3,2003-07-08
4082,1794656,4,2005-03-28
4082,1117152,5,2005-07-14
4082,2101347,2,2005-05-20
4082,1011574,1,2000-08-14
4082,968184,1,2002-05-13
4082,1326994,1,2002-04-24
4082,1006406,2,2003-11-08
4082,1026933,2,2004-10-24
4082,862040,2,2003-09-13
4082,1370666,2,2002-02-08
4082,1298511,2,2003-07-06
4082,184888,3,2003-10-01
4082,2117885,3,2004-07-20
4082,1662724,3,2005-08-28
4082,1194467,1,2003-12-01
4082,525071,3,2004-02-29
4082,961513,2,2005-10-11
4082,519295,2,2001-07-04
4082,1308196,5,2002-02-02
4082,2491745,3,2005-08-15
4082,684531,2,2004-01-09
4082,1086481,1,2004-05-14
4082,593226,5,2003-11-06
4082,660435,2,2005-01-30
4082,1731042,2,2004-03-19
4082,2607300,3,2005-04-03
4082,984439,5,2001-07-25
4082,922551,1,2003-11-29
4082,2506000,3,2000-02-17
4082,981656,2,2004-08-11
4082,2101845,3,2004-09-26
4082,19915,1,2002-02-28
4082,2554942,3,2005-08-13
4082,1673934,2,2005-09-15
4082,1945265,4,2002-02-27
4082,980485,3,2005-08-09
4082,2215388,2,2004-02-29
4082,907649,3,2001-01-30
4082,1268392,1,2004-01-21
4082,734069,3,2004-02-07
4082,805103,5,2005-10-03
4082,812814,4,2005-11-24
4082,1146551,3,2003-06-29
4082,738964,3,2004-05-03
4082,629774,4,2000-12-22
4082,2534061,2,2003-02-24
4082,1327663,4,2005-02-02
4082,1736800,4,2005-11-21
4082,685247,5,2001-02-15
4082,826270,3,2002-01-05
4082,491531,5,2005-07-24
4082,452667,2,2002-10-04
4082,342510,2,2004-01-31
4082,2519299,2,2004-03-10
4082,70281,4,2003-04-30
4082,1558252,4,2001-11-26
4082,1446054,4,2005-06-26
4082,853087,2,2005-07-02
4082,577620,3,2002-12-24
4082,2238629,2,2003-02-11
4082,863309,4,2005-09-22
4082,702836,3,2005-08-11
4082,1559083,3,2003-11-03
4082,1848548,1,2003-12-28
4082,128348,3,2005-05-09
4082,2606799,3,2005-05-16
4082,2126168,2,2005-10-23
4082,2269486,1,2004-03-17
4082,1567783,1,2004-03-25
4082,901269,1,2002-09-05
4082,1519667,5,2004-11-17
4082,1209061,4,2002-06-03
4082,1823645,2,2003-11-19
4082,716173,3,2005-01-19
4082,1983362,1,2000-03-02
4082,1299887,3,2005-07-22
4082,1112255,5,2004-05-07
4082,2539534,5,2004-01-12
4082,2085265,4,2005-01-26
4082,2039272,4,2005-10-24
4082,707702,1,2001-01-20
4082,1201288,3,2001-10-23
4082,798296,1,2002-11-30
4082,81518,2,2003-12-02
4082,247442,3,2003-09-25
4082,682963,3,2005-06-21
4082,376212,2,2005-11-04
4082,16272,3,2002-08-18
4082,1480900,3,2002-10-26
4082,2267322,2,2003-11-05
4082,333753,1,2004-01-24
4082,504620,1,2005-11-14
4082,2156913,3,2000-02-07
4082,1449727,2,2005-07-30
4082,607188,2,2003-04-24
4082,21677,1,2004-01-14
4082,1706235,2,2004-03-15
4082,2048079,3,2001-07-05
4082,630156,3,2004-08-26
4082,2426167,2,2001-02-18
4082,1494683,2,2003-11-04
4082,321138,4,2004-07-12
4082,1278589,5,2004-12-07
4082,1009770,4,2005-06-03
4082,2425368,5,2005-10-30
4082,825353,5,2005-12-25
4082,76839,4,2000-03-02
4082,1543335,4,2005-11-29
4082,1049010,4,2005-08-26
4082,707367,5,2005-04-01
4082,1519037,2,2000-09-30
4082,305344,2,2003-05-17
4082,388413,5,2005-02-12
4082,1708788,2,2005-03-07
4082,529226,4,2005-10-20
4082,1471774,2,2000-04-19
4082,1945567,2,2002-12-01
4082,1537982,1,2002-04-09
4082,27349,3,2004-07-11
4082,2630895,5,2005-11-12
4082,825324,5,2005-12-11
4082,145916,2,2004-01-11
4082,1673965,4,2004-03-14
4082,416560,3,2004-09-25
4082,1205174,5,2005-06-27
4082,441949,4,2005-10-25
4082,95194,3,2002-02-10
4082,1912542,1,2003-09-26
4082,2037693,1,2004-01-08
4082,689488,2,2004-03-07
4082,170551,1,2004-03-17
4082,1356861,3,2005-12-16
4082,962151,3,2000-06-30
4082,1001778,3,2005-03-28
4082,1595895,1,2000-04-12
4082,2380603,2,2004-11-23
4082,447759,5,2005-10-10
4082,978881,3,2002-01-01
4082,272904,4,2005-08-14
4082,187538,3,2005-12-28
4082,2257323,1,2000-03-04
4082,1524551,2,2003-09-15
4082,2479307,1,2001-09-05
4082,485884,2,2004-09-03
4082,780768,4,2005-10-27
4082,1610929,1,2000-02-13
4082,1214492,4,2000-11-28
4082,55772,5,2003-07-01
4082,1529449,1,2001-06-16
4082,2584676,2,2003-06-29
4082,2473986,4,2005-08-05
4082,211771,3,2003-11-04
4082,285350,3,2004-08-25
4082,2315012,3,2005-01-11
4082,1179235,2,2005-07-04
4082,2076863,3,2005-11-10
4082,2417320,2,2001-09-27
4082,406065,4,2000-12-22
4082,2328632,3,2002-10-17
4082,914728,2,2000-02-11
4082,950421,5,2001-08-23
4082,2551352,2,2004-02-16
4082,159159,2,2004-01-27
4082,1661344,3,2004-06-10
4082,1819175,1,2003-11-05
4082,1045879,1,2004-12-02
4082,218926,5,2005-09-09
4082,1104959,3,2003-07-30
4082,1110164,3,2003-11-09
4082,216719,5,2005-03-07
4082,337793,3,2005-07-29
4082,1769444,5,2004-07-06
4082,752642,1,2001-06-01
4082,1570999,3,2003-04-08
4082,1533550,3,2005-10-31
4082,1527361,2,2000-04-17
4082,1431808,2,2004-10-26
4082,2572760,3,2005-02-12
4082,2434527,3,2005-11-01
4082,2519865,4,2004-08-30
4082,1658573,4,2005-02-12
4082,418370,3,2005-05-16
4082,1132470,4,2005-12-11
4082,1327480,3,2005-07-15
4082,2390457,4,2001-08-06
4082,1211016,4,2003-06-07
4082,1987037,4,2002-04-13
4082,2489727,4,2004-07-23
4082,534933,3,2004-10-15
4082,2537401,3,2005-01-13
4082,121182,3,2001-06-20
4082,1569593,3,2002-10-27
4082,2284552,2,2004-03-21
4082,592277,1,2003-11-04
4082,978154,3,2003-09-26
4082,950287,1,2004-03-04
4082,1299355,1,2004-08-05
4082,2499884,3,2005-11-17
4082,1312412,2,2000-03-04
4082,1758002,2,2003-12-12
4082,556850,2,2003-01-14
4082,925953,1,2004-01-22
4082,310887,3,2005-08-27
4082,1084923,3,2005-12-04
4082,795658,2,2000-04-10
4082,450006,1,2001-04-08
4082,1188639,1,2004-03-28
4082,824471,5,2005-11-16
4082,1267210,4,2004-08-19
4082,748298,5,2005-02-26
4082,77225,3,2005-11-18
4082,982821,4,2001-12-24
4082,234639,2,2002-08-22
4082,2426964,4,2005-08-18
4082,1166323,3,2004-07-10
4082,518420,3,2001-10-23
4082,2360817,1,2002-01-16
4082,1804401,5,2003-09-20
4082,995620,2,2003-11-11
4082,2024111,2,2003-09-08
4082,301466,3,2005-04-21
4082,540065,5,2005-04-24
4082,2118461,5,2005-10-24
4082,2592591,3,2005-12-26
4082,2323598,3,2004-01-02
4082,251684,1,2004-11-23
4082,421520,3,2005-09-22
4082,679299,3,2001-09-29
4082,529687,3,2004-02-19
4082,2463441,5,2004-07-28
4082,1494347,3,2005-02-27
4082,756299,3,2005-03-16
4082,2061495,3,2005-03-28
4082,387418,3,2003-09-06
4082,2056657,5,2004-08-18
4082,446160,5,2004-12-27
4082,194011,2,2005-01-06
4082,754161,2,2005-11-20
4082,2405421,5,2004-06-25
4082,1675966,3,2005-07-24
4082,2409465,1,2005-05-19
4082,844637,1,2004-03-15
4082,1404614,2,2003-03-27
4082,671319,3,2005-08-29
4082,1114324,4,2005-02-16
4082,2095910,3,2001-08-06
4082,2424223,2,2005-07-20
4082,1469603,3,2005-11-08
4082,2366722,5,2000-04-17
4082,2610420,1,2003-07-19
4082,492291,2,2005-02-28
4082,958687,2,2002-02-11
4082,712568,1,2002-01-09
4082,356615,2,2002-12-31
4082,1152362,3,2004-09-04
4082,391698,4,2003-12-04
4082,1846353,3,2002-02-09
4082,2402136,3,2005-08-29
4082,135594,2,2002-08-16
4082,2426915,3,2003-12-24
4082,690432,4,2004-05-14
4082,27061,5,2004-07-21
4082,1501761,1,2005-05-12
4082,1950312,3,2000-05-04
4082,1185645,3,2003-12-16
4082,653059,1,2004-01-30
4082,1906413,4,2004-01-17
4082,1037245,3,2005-12-27
4082,2239209,1,2002-02-12
4082,2281513,3,2004-02-27
4082,1783738,3,2005-09-02
4082,133129,2,2003-12-08
4082,2406705,1,2005-09-06
4082,1169245,4,2002-12-05
4082,1084999,3,2002-01-09
4082,267231,2,2004-03-16
4082,759470,2,2004-03-29
4082,2279048,5,2004-10-22
4082,2311749,3,2005-02-14
4082,774169,4,2005-05-04
4082,622459,3,2002-03-06
4082,968784,1,2004-01-04
4082,1121060,3,2003-12-24
4082,2093105,3,2004-03-21
4082,222276,2,2004-01-12
4082,2433978,2,2002-01-22
4082,1107343,1,2003-09-12
4082,691272,5,2005-07-10
4082,113983,3,2004-05-25
4082,284993,4,2004-06-21
4082,2436452,4,2005-10-22
4082,984770,2,2004-01-15
4082,2471738,5,2004-06-18
4082,2002732,3,2004-10-29
4082,146587,2,2004-07-15
4082,1074878,3,2003-09-06
4082,16786,1,2004-03-29
4082,1398103,3,2005-10-28
4082,2636012,2,2004-03-24
4082,1838390,1,2000-06-24
4082,663118,1,2004-02-20
4082,2349702,3,2004-12-18
4082,1576465,3,2005-06-14
4082,2238060,4,2005-09-10
4082,1704067,3,2005-10-27
4082,537270,3,2000-09-23
4082,2327386,3,2004-08-23
4082,996461,3,2001-07-26
4082,440111,3,2004-03-21
4082,1852040,1,2004-01-07
4082,744551,2,2003-03-11
4082,1257291,3,2005-01-08
4082,2482572,5,2005-04-11
4082,2465216,2,2005-09-25
4082,2320697,2,2001-12-02
4082,1592086,1,2003-01-25
4082,1933961,3,2004-10-14
4082,2390291,4,2000-01-30
4082,2320706,2,2003-11-17
4082,2013153,3,2000-08-30
4082,106024,5,2002-09-25
4082,1198962,4,2005-07-23
4082,553998,2,2002-09-18
4082,2142868,3,2003-05-16
4082,121369,1,2004-02-03
4082,2552812,3,2005-05-26
4082,2242468,3,2005-10-01
4082,309424,2,2003-01-18
4082,1573306,3,2000-10-17
4082,1357667,1,2003-09-11
4082,452299,3,2004-07-14
4082,2400647,5,2005-03-20
4082,537600,3,2005-10-02
4082,2082054,1,2001-05-17
4082,1306886,5,2005-08-04
4082,1053731,1,2004-01-03
4082,770339,1,2004-02-06
4082,1458854,3,2005-10-10
4082,44490,3,2000-10-17
4082,967438,3,2004-02-27
4082,1561134,3,2002-08-08
4082,114737,1,2003-03-25
4082,1434507,4,2003-11-06
4082,324510,1,2004-01-23
4082,1619362,3,2005-01-20
4082,2146418,4,2005-09-17
