15754,1048550,2,2004-02-01
15754,39435,3,2004-10-13
15754,2096652,3,2004-06-12
15754,624334,3,2004-09-19
15754,222952,3,2005-01-28
15754,1977959,2,2003-09-02
15754,1514611,1,2005-03-26
15754,685216,1,2003-10-19
15754,2487417,4,2003-12-07
15754,870391,3,2004-06-11
15754,318291,4,2004-03-19
15754,2021945,3,2005-03-03
15754,842510,4,2003-12-06
15754,1690287,3,2005-07-07
15754,549534,2,2003-06-05
15754,1847100,2,2003-08-17
15754,1501223,1,2004-06-07
15754,2490870,2,2004-09-25
15754,1026298,2,2004-05-19
15754,1902434,3,2004-11-19
15754,371300,2,2004-08-06
15754,1599855,2,2004-01-20
15754,473516,3,2004-11-04
15754,1070954,2,2004-01-14
15754,820624,3,2004-01-20
15754,1365840,3,2005-04-06
15754,787357,4,2004-02-29
15754,484675,2,2003-07-07
15754,1612558,2,2004-06-03
15754,1916244,3,2005-06-23
15754,1022903,3,2004-11-29
15754,447339,2,2005-03-20
15754,1088303,1,2004-08-24
15754,1941369,2,2005-09-05
15754,1906860,3,2004-09-15
15754,297901,2,2004-02-15
15754,979937,5,2004-02-27
15754,1061353,1,2004-05-22
15754,2403331,3,2004-11-13
15754,1115285,3,2004-06-21
15754,289980,2,2005-10-27
15754,2339529,2,2004-11-16
15754,566123,4,2004-09-25
15754,2163361,4,2005-08-29
15754,2604976,3,2005-05-04
15754,202667,1,2005-10-07
15754,737781,1,2003-12-14
15754,465016,2,2004-03-19
15754,124810,3,2005-08-29
15754,1478013,2,2004-04-08
15754,727242,1,2003-07-08
15754,2426539,2,2004-08-12
15754,296078,2,2004-06-01
15754,617287,3,2004-03-28
15754,601976,1,2005-01-04
15754,2406034,1,2005-06-20
15754,1948291,2,2005-12-07
15754,1152634,3,2003-07-09
15754,1841035,2,2005-05-18
15754,2554750,3,2003-08-06
15754,1501892,2,2004-07-11
15754,1710794,1,2003-12-08
15754,778615,1,2004-01-22
15754,2307557,3,2003-12-29
15754,1632470,1,2005-07-30
15754,1812500,3,2005-12-16
15754,1748535,1,2004-11-06
15754,30567,1,2004-01-23
15754,1082169,2,2005-09-07
15754,521153,2,2005-11-17
15754,741851,3,2004-01-07
15754,793027,2,2004-11-09
15754,1947337,1,2005-11-11
15754,2354449,3,2004-01-15
15754,1003143,2,2004-01-23
15754,2247785,2,2004-02-26
15754,2439493,1,2003-05-29
15754,463245,4,2003-10-29
15754,1065163,3,2005-06-29
15754,1444386,5,2005-09-26
15754,468513,2,2003-10-12
15754,615316,1,2004-04-01
15754,969879,2,2004-06-08
15754,2399282,2,2004-03-09
15754,833381,1,2004-04-05
15754,361375,2,2004-03-28
15754,2308483,3,2005-02-06
15754,832780,3,2004-10-29
15754,234488,1,2004-11-22
15754,1316226,2,2005-04-05
15754,2088980,2,2005-11-01
15754,822859,2,2004-06-07
15754,1998547,2,2004-08-23
15754,1838777,2,2005-01-07
15754,1609524,5,2005-01-20
15754,1856999,2,2003-11-17
15754,2345098,1,2005-08-30
15754,1831878,2,2004-05-27
15754,1967954,2,2004-03-31
15754,1115172,2,2004-11-29
15754,1176119,1,2003-12-01
15754,52439,2,2005-01-12
15754,1675287,2,2005-01-25
15754,2477751,1,2005-07-15
15754,326804,1,2003-06-26
15754,675774,3,2005-11-06
15754,1454945,2,2004-06-03
15754,2616878,1,2004-06-28
15754,1757350,2,2004-11-29
15754,1766159,1,2005-01-13
15754,1978892,2,2005-09-14
15754,1308361,1,2003-11-26
15754,2429310,2,2004-03-22
15754,1461113,3,2005-05-20
15754,1110156,2,2003-06-11
15754,1501601,5,2004-07-14
15754,844526,5,2004-03-24
15754,1908565,2,2005-01-19
15754,1980227,1,2005-12-12
15754,746892,2,2004-01-30
15754,781610,1,2003-09-03
15754,520286,3,2004-05-29
15754,858502,2,2004-02-03
15754,1699400,1,2003-06-13
15754,477165,3,2003-11-10
15754,1206755,4,2004-01-06
15754,1881328,3,2004-05-24
15754,98586,2,2004-07-27
15754,2132229,3,2003-08-26
15754,818752,2,2004-06-21
15754,2253142,2,2004-10-06
15754,1448416,3,2005-11-30
15754,2249634,2,2003-09-06
15754,2117041,2,2003-11-07
15754,778902,3,2004-03-18
15754,1752201,4,2005-01-04
15754,638020,2,2005-12-06
15754,751076,2,2004-06-17
15754,1665834,2,2005-12-02
15754,1292861,1,2003-07-21
15754,2457095,3,2004-03-12
15754,958901,3,2004-05-26
15754,1502456,2,2004-10-10
15754,896736,2,2005-07-21
15754,9184,3,2004-03-02
15754,514708,2,2004-08-31
15754,1926641,2,2004-10-03
15754,1822496,1,2005-04-25
15754,2115651,2,2003-08-10
15754,1872358,2,2004-11-04
15754,1348135,4,2004-06-24
15754,1857885,1,2004-06-23
15754,1528418,3,2004-07-01
15754,2003033,3,2004-05-02
15754,652972,2,2003-08-20
15754,1772359,1,2004-05-27
15754,1448787,3,2003-06-23
15754,2125901,2,2004-07-16
15754,183341,2,2004-09-13
15754,2494753,3,2004-05-25
15754,814455,3,2003-10-03
15754,151821,3,2005-06-22
15754,1968085,3,2004-02-11
15754,2445481,2,2005-12-22
15754,383451,3,2005-01-23
15754,2344357,3,2004-11-11
15754,54576,1,2005-07-17
15754,1248011,2,2004-08-19
15754,2641668,3,2005-10-08
15754,97893,3,2005-07-27
15754,2641580,2,2005-01-24
15754,1687149,3,2005-04-15
15754,1558152,3,2005-06-14
15754,1357202,3,2004-06-21
15754,1191743,2,2003-10-24
15754,1221349,3,2004-10-29
15754,2085889,3,2004-10-11
15754,894366,2,2003-09-08
15754,1012642,3,2004-09-19
15754,912261,2,2005-04-06
15754,2494415,2,2004-09-21
15754,136030,3,2005-02-16
15754,239462,3,2005-05-04
15754,121699,3,2005-05-06
15754,684108,2,2005-01-08
15754,2016285,1,2004-08-14
15754,1664010,3,2005-10-17
15754,1902838,3,2003-06-03
15754,493144,3,2004-09-13
15754,1779424,1,2005-07-25
15754,455314,1,2003-10-27
15754,1816276,1,2004-07-28
15754,1203925,3,2004-04-20
15754,1089335,2,2005-07-14
15754,129249,3,2004-05-24
15754,1575903,4,2004-12-14
15754,150525,1,2004-01-24
15754,679084,1,2004-05-17
15754,1650982,2,2005-02-28
15754,1421905,3,2005-02-01
15754,2180506,3,2004-08-05
15754,461931,3,2004-10-21
15754,1586525,1,2003-10-26
15754,902420,3,2004-11-27
15754,1934150,3,2004-08-24
15754,1901979,4,2005-10-31
15754,2086396,2,2005-02-22
15754,2226203,1,2005-05-23
15754,110043,3,2004-02-07
15754,2214368,3,2004-06-30
15754,1026933,2,2003-09-01
15754,818615,1,2004-06-07
15754,2158880,2,2005-08-29
15754,1419816,3,2005-09-24
15754,2012675,3,2005-10-24
15754,243612,3,2003-11-21
15754,1885042,3,2005-08-24
15754,1994814,1,2003-08-08
15754,2641586,4,2004-09-28
15754,2075370,4,2005-03-07
15754,202039,3,2005-06-03
15754,525071,1,2004-03-07
15754,1015930,3,2004-03-09
15754,2290835,2,2004-10-23
15754,593024,3,2004-11-10
15754,809885,2,2004-12-31
15754,1810414,3,2005-01-11
15754,2537894,2,2005-10-31
15754,1868343,1,2005-11-01
15754,1202268,1,2005-08-04
15754,1056568,4,2004-05-19
15754,1851975,3,2005-05-18
15754,1607163,3,2005-10-07
15754,1816884,2,2003-08-18
15754,710049,2,2004-03-18
15754,2535914,2,2004-02-24
15754,64627,4,2004-06-27
15754,2625959,1,2005-03-06
15754,2044112,5,2005-07-26
15754,2291306,1,2004-03-03
15754,1830215,3,2004-11-30
15754,537918,5,2005-03-24
15754,2627190,2,2005-11-16
15754,1042992,1,2005-07-24
15754,2469190,1,2003-11-09
15754,677888,2,2004-02-10
15754,1087376,1,2005-09-10
15754,1750812,3,2004-01-26
15754,698818,1,2004-08-03
15754,1558099,3,2004-05-03
15754,455069,4,2004-04-01
15754,542001,3,2004-08-15
15754,46650,3,2004-05-31
15754,58700,2,2004-06-24
15754,52664,5,2005-05-08
15754,2183950,1,2005-06-25
15754,1907304,1,2004-02-15
15754,200057,1,2005-05-26
15754,464185,2,2005-11-04
15754,1849621,3,2003-10-09
15754,815418,3,2004-03-07
15754,2154308,2,2004-10-10
15754,608114,2,2003-11-28
15754,1818507,3,2004-05-17
15754,2077022,3,2004-08-26
15754,2641011,3,2005-06-01
15754,383404,2,2005-12-12
15754,1568483,1,2005-02-23
15754,1984315,2,2005-06-26
15754,651010,4,2003-09-12
15754,2190651,4,2004-05-11
15754,828657,5,2005-03-04
15754,1199611,2,2003-09-05
15754,1975500,3,2004-06-07
15754,14116,3,2004-05-24
15754,2256485,1,2004-06-18
15754,762165,3,2004-07-11
15754,716173,3,2004-12-30
15754,1569046,1,2005-07-15
15754,1458173,5,2005-08-22
15754,2580154,1,2004-07-21
15754,2157940,4,2004-09-29
15754,1567970,2,2004-11-14
15754,16272,3,2005-06-07
15754,1753194,2,2005-08-17
15754,284895,1,2004-07-02
15754,382916,2,2004-06-26
15754,1121386,3,2004-04-30
15754,2606279,1,2004-10-10
15754,2501295,2,2005-03-14
15754,1841951,3,2004-12-18
15754,2050590,2,2004-07-31
15754,1855133,2,2004-08-02
15754,1490311,2,2004-11-25
15754,1587792,3,2005-06-09
15754,1367596,2,2004-12-04
15754,2050698,2,2004-07-02
15754,2568589,2,2005-02-14
15754,305344,1,2003-07-12
15754,272280,2,2004-04-01
15754,2538506,1,2004-08-08
15754,1706645,1,2004-02-28
15754,1927008,3,2005-02-28
15754,2360906,1,2005-12-08
15754,37456,1,2004-05-24
15754,1469524,2,2004-05-24
15754,2271166,1,2004-06-10
15754,1673965,3,2004-04-24
15754,639533,3,2004-06-14
15754,1362407,2,2004-02-24
15754,761014,4,2005-01-09
15754,2588966,2,2003-06-28
15754,914550,3,2003-08-05
15754,1192257,1,2004-03-17
15754,476695,4,2004-03-26
15754,1395778,3,2003-11-30
15754,1825395,2,2003-12-11
15754,2600927,4,2004-10-13
15754,1502743,2,2003-07-20
15754,2448201,1,2004-12-13
15754,553908,3,2005-12-01
15754,26101,1,2004-04-02
15754,949795,1,2003-09-20
15754,634023,2,2004-09-14
15754,504608,2,2004-09-23
15754,2206123,3,2005-05-21
15754,2396765,3,2004-07-29
15754,1851166,3,2003-09-23
15754,215898,1,2003-12-24
15754,1338297,3,2004-06-14
15754,1875702,3,2004-03-06
15754,2054746,3,2004-10-28
15754,1204809,2,2005-10-03
15754,1898553,4,2005-08-20
15754,2287125,1,2003-12-19
15754,223043,1,2004-09-23
15754,2524267,3,2005-01-11
15754,1283171,2,2005-05-15
15754,1932901,2,2004-01-22
15754,335358,2,2004-07-27
15754,1431356,3,2005-02-13
15754,470226,2,2004-01-04
15754,1783225,3,2004-05-05
15754,137602,2,2004-03-23
15754,536719,2,2004-04-26
15754,1864450,3,2004-11-21
15754,644419,2,2004-12-08
15754,2457968,3,2005-01-10
15754,2455281,2,2005-11-02
15754,660031,2,2004-12-05
15754,752642,2,2004-01-22
15754,1031621,3,2005-08-08
15754,71032,1,2004-12-15
15754,520243,1,2005-12-20
15754,1976216,3,2004-07-12
15754,1054209,2,2004-03-13
15754,983702,2,2004-08-25
15754,1315774,1,2004-04-23
15754,2205030,1,2004-02-15
15754,885386,3,2004-09-29
15754,2148412,4,2004-11-01
15754,99345,4,2004-01-01
15754,844451,3,2005-03-03
15754,2056022,2,2003-12-21
15754,1660384,1,2004-01-25
15754,2535512,2,2004-11-08
15754,1036836,3,2005-05-05
15754,1064265,1,2005-06-08
15754,326356,2,2005-10-29
15754,2267734,2,2005-12-29
15754,134743,1,2004-02-26
15754,823520,3,2004-03-19
15754,741198,1,2005-11-13
15754,1899775,2,2004-03-06
15754,2529418,4,2004-07-05
15754,1634201,2,2004-01-07
15754,1602759,3,2005-05-05
15754,315205,1,2004-04-30
15754,2416290,1,2004-01-25
15754,2560774,4,2003-10-16
15754,758383,3,2005-02-23
15754,1239283,1,2005-06-22
15754,411290,3,2004-01-11
15754,982635,1,2005-04-23
15754,1031680,3,2004-09-14
15754,1211775,3,2004-05-11
15754,2648869,2,2004-03-06
15754,2220732,3,2003-12-29
15754,1516350,2,2004-05-23
15754,2588416,3,2005-03-10
15754,1519378,3,2005-02-06
15754,1085991,2,2004-11-17
15754,1628747,1,2005-01-12
15754,516097,1,2005-01-19
15754,2118461,3,2005-10-29
15754,2157060,3,2005-04-05
15754,657606,2,2005-04-09
15754,745507,2,2005-11-06
15754,522180,2,2005-11-28
15754,1256578,3,2004-06-24
15754,1172667,1,2004-10-15
15754,2061495,3,2005-03-28
15754,387418,3,2003-09-22
15754,578715,2,2005-08-04
15754,2336203,1,2003-06-16
15754,539631,2,2004-05-27
15754,870288,2,2004-04-09
15754,2334218,3,2004-12-15
15754,2588755,2,2005-06-08
15754,1825371,1,2004-03-07
15754,1029163,2,2004-04-04
15754,2427026,4,2003-09-23
15754,601317,1,2004-03-13
15754,752867,3,2004-11-17
15754,106244,1,2005-02-02
15754,1190964,1,2005-02-14
15754,1114324,2,2005-05-01
15754,1919782,3,2005-07-20
15754,2066808,3,2005-09-08
15754,873478,1,2003-09-22
15754,225585,1,2004-10-02
15754,781853,1,2004-08-31
15754,794999,5,2004-06-22
15754,2619337,2,2005-03-17
15754,484943,2,2005-09-07
15754,1060658,3,2004-12-04
15754,2266234,3,2005-06-09
15754,1461435,1,2003-07-30
15754,680004,2,2003-11-13
15754,2484471,1,2004-03-22
15754,2336198,5,2004-10-01
15754,1501761,2,2005-06-15
15754,2438449,3,2005-11-01
15754,673305,2,2005-02-07
15754,1023813,4,2005-04-20
15754,514774,3,2004-05-25
15754,1392553,1,2004-04-29
15754,1401646,2,2005-03-26
15754,150468,4,2005-05-25
15754,2326945,3,2005-08-09
15754,241590,3,2003-09-15
15754,560909,3,2004-04-01
15754,522237,5,2004-12-28
15754,1639792,1,2003-06-04
15754,114591,3,2003-11-13
15754,2352972,2,2003-12-27
15754,872591,3,2005-02-15
15754,2325348,3,2004-09-29
15754,2143500,2,2005-01-13
15754,1660331,3,2005-04-24
15754,2137366,3,2005-10-08
15754,1576517,2,2004-03-22
15754,1759340,2,2004-06-14
15754,2168130,3,2004-03-08
15754,18176,1,2005-10-04
15754,1556692,2,2005-11-03
15754,2104194,4,2003-12-30
15754,956694,2,2005-08-04
15754,776955,3,2004-10-28
15754,2084958,4,2005-03-27
15754,584973,4,2004-05-01
15754,721741,2,2005-08-30
15754,371525,2,2004-12-01
15754,654455,3,2005-03-24
15754,2203809,4,2004-06-08
15754,1234985,2,2005-01-13
15754,2232563,3,2005-02-25
15754,887059,2,2005-03-28
15754,2545922,2,2005-08-15
15754,1445547,3,2005-01-04
15754,1952407,2,2004-02-03
15754,1023208,1,2003-12-18
15754,1350191,4,2004-06-11
15754,906596,2,2005-03-02
15754,1702072,2,2004-02-19
15754,1988192,3,2003-05-30
15754,863916,1,2004-01-08
15754,1220024,2,2004-07-05
15754,1342598,3,2004-10-06
15754,1644520,3,2004-12-14
15754,1354782,3,2004-01-09
15754,2257349,3,2004-10-23
15754,858349,2,2005-06-28
15754,2373236,3,2003-09-30
15754,917160,3,2005-05-31
15754,1082960,3,2005-10-15
15754,442222,2,2004-03-18
15754,1203467,2,2004-11-11
15754,1245418,4,2005-02-13
