12393,2336678,1,2004-02-09
12393,1457332,2,2004-08-13
12393,1008399,5,2004-03-05
12393,1163218,3,2004-06-14
12393,1351377,2,2004-04-09
12393,608309,3,2004-01-29
12393,263315,2,2004-03-30
12393,1331887,4,2005-01-09
12393,1691737,3,2005-05-24
12393,68845,3,2004-03-21
12393,2309150,2,2004-08-18
12393,1028483,3,2004-04-15
12393,293901,3,2004-02-17
12393,508342,3,2004-04-13
12393,610692,3,2004-02-09
12393,2325737,3,2004-10-21
12393,1783996,5,2004-11-05
12393,1394327,2,2005-02-21
12393,610827,2,2005-09-09
12393,955916,1,2004-01-02
12393,611315,3,2004-06-09
12393,2625420,2,2004-06-03
12393,2297560,2,2004-06-27
12393,672983,4,2004-04-27
12393,2204961,1,2004-06-21
12393,1598820,3,2004-04-26
12393,2493602,1,2004-02-13
12393,418316,4,2004-04-11
12393,939467,2,2004-03-04
12393,778493,4,2004-03-29
12393,1147374,1,2004-03-01
12393,764750,3,2004-08-13
12393,2089236,4,2004-02-09
12393,2264666,3,2004-04-02
12393,2138987,4,2004-03-08
12393,343920,3,2004-08-20
12393,2375761,1,2004-06-28
12393,2143489,1,2004-08-23
12393,2340465,3,2004-10-25
12393,553931,3,2004-11-16
12393,1969251,4,2005-06-13
12393,987345,3,2004-05-27
12393,2239227,2,2004-03-17
12393,113439,4,2004-07-18
12393,361407,3,2004-06-05
12393,467801,2,2004-07-13
12393,1867400,4,2004-02-13
12393,2551641,2,2004-01-19
12393,1105848,3,2004-01-14
12393,2213550,4,2004-03-19
12393,818736,3,2004-04-11
12393,40330,1,2004-09-01
12393,1935970,4,2004-02-16
12393,1826349,4,2004-07-25
12393,2242958,1,2004-06-15
12393,2576696,1,2004-02-23
12393,41065,4,2004-02-18
12393,52432,4,2004-06-15
12393,1962061,2,2004-06-28
12393,2281492,3,2004-05-16
12393,1818942,4,2004-02-17
12393,1254903,4,2004-10-12
12393,262828,4,2005-01-09
12393,1872628,4,2004-01-06
12393,623677,1,2004-02-24
12393,1250426,2,2004-03-22
12393,557566,4,2004-04-27
12393,2030845,3,2004-04-10
12393,1342409,1,2004-06-12
12393,2455458,2,2005-03-22
12393,1160698,4,2004-04-05
12393,1366739,5,2004-05-06
12393,467917,2,2004-01-26
12393,2125035,2,2004-04-29
12393,2543231,4,2004-03-12
12393,1678745,2,2004-12-21
12393,2268573,3,2003-12-27
12393,286969,3,2004-08-31
12393,38432,3,2004-06-29
12393,1937382,4,2004-02-27
12393,373119,5,2004-07-26
12393,1327528,4,2004-08-31
12393,1098733,3,2004-06-15
12393,1155993,4,2004-11-01
12393,1526259,4,2004-06-21
12393,1058639,4,2004-08-16
12393,1808930,2,2005-07-26
12393,1601455,1,2004-08-20
12393,1961168,4,2005-09-09
12393,1379793,3,2004-03-24
12393,2233410,2,2004-06-09
12393,1180420,4,2004-07-14
12393,1519734,4,2004-06-03
12393,1249387,4,2004-12-03
12393,1553054,3,2005-11-10
12393,890526,4,2004-02-10
12393,904369,3,2004-06-30
12393,1675105,3,2005-07-21
12393,1127084,5,2005-07-25
12393,1673185,3,2004-06-19
12393,2535278,3,2004-02-17
12393,1227322,3,2005-04-02
12393,277797,3,2004-01-22
12393,2197112,1,2004-03-04
12393,706873,2,2004-06-16
12393,2487958,2,2004-11-12
12393,1042227,3,2005-01-31
12393,899416,2,2005-02-02
12393,916084,1,2005-09-29
12393,1594764,3,2004-08-28
12393,1350045,4,2004-08-17
12393,1615216,3,2004-03-19
12393,455430,3,2004-04-22
12393,1054395,5,2004-03-11
12393,1639417,3,2004-06-12
12393,1355717,3,2004-05-28
12393,2364008,2,2005-01-10
12393,1701487,3,2004-02-22
12393,1106301,3,2004-02-18
12393,67313,2,2004-03-11
12393,1719062,4,2004-03-22
12393,1576510,4,2004-04-13
12393,542117,4,2004-04-05
12393,534508,3,2004-03-28
12393,2209199,3,2004-11-03
12393,1422584,3,2005-04-21
12393,2644476,4,2004-03-11
12393,1943935,1,2004-03-08
12393,658314,3,2004-01-06
12393,2473345,3,2004-03-06
12393,237410,2,2004-06-28
12393,2062997,5,2004-04-07
12393,1415597,3,2005-03-03
12393,525356,4,2004-06-14
12393,1784174,3,2004-10-15
12393,1800726,3,2004-01-24
12393,1328996,5,2004-04-29
12393,385977,1,2004-02-18
12393,1406891,2,2004-03-05
12393,472522,3,2004-03-27
12393,845196,3,2004-08-16
12393,1121922,2,2004-04-28
12393,494455,2,2004-08-12
12393,2243085,5,2005-02-07
12393,2648785,3,2005-03-18
12393,1552276,5,2004-03-05
12393,2096587,4,2004-02-20
12393,2586886,2,2004-03-07
12393,78694,2,2004-02-23
12393,1656003,3,2004-12-22
12393,1103624,5,2004-06-09
12393,861599,3,2004-08-16
12393,138594,3,2004-02-02
12393,1416219,3,2004-04-29
12393,365779,3,2004-06-10
12393,439830,4,2004-07-29
12393,1826303,5,2004-04-06
12393,2389769,3,2004-10-10
12393,2296975,3,2004-11-09
12393,80753,2,2005-05-10
12393,1951346,3,2004-03-05
12393,1181880,2,2004-02-23
12393,1045221,2,2004-05-24
12393,2407714,3,2004-02-08
12393,1321004,4,2004-03-02
12393,1874279,3,2004-05-05
12393,1206067,3,2004-07-13
12393,1718659,3,2004-07-21
12393,884463,3,2004-07-28
12393,2422044,3,2004-11-29
12393,963277,4,2005-03-18
12393,2287695,1,2005-10-19
12393,1534231,2,2004-02-12
12393,2402945,4,2004-07-02
12393,805676,4,2004-03-01
12393,2152668,1,2004-02-16
12393,1796981,3,2004-01-28
12393,2217043,3,2004-02-29
12393,624777,3,2004-07-18
12393,1599798,1,2004-04-21
12393,468346,2,2004-03-23
12393,2622138,2,2004-04-13
12393,1445965,3,2004-03-19
12393,706665,4,2004-03-19
12393,274365,4,2005-10-11
12393,1203033,3,2004-05-10
12393,416362,2,2004-01-09
12393,1270360,4,2004-01-29
12393,660495,3,2004-05-14
12393,2597964,3,2004-03-30
12393,2145551,3,2004-06-21
12393,52076,2,2004-08-10
12393,2553213,4,2004-11-06
12393,1598839,4,2004-11-20
12393,1672380,2,2004-12-10
12393,1039055,1,2004-12-14
12393,1034344,2,2005-04-12
12393,819495,2,2005-04-22
12393,2269654,2,2005-09-21
12393,1859573,3,2005-10-14
12393,1971822,3,2004-03-16
12393,2107326,2,2004-03-01
12393,682803,3,2005-08-16
12393,1124822,1,2004-04-27
12393,22577,5,2004-09-07
12393,376148,3,2004-04-08
12393,574653,3,2004-08-08
12393,625095,5,2004-02-28
12393,1597177,1,2004-04-24
12393,1368833,3,2005-06-24
12393,1056904,4,2004-04-16
12393,1488234,2,2004-05-06
12393,2421395,2,2004-03-16
12393,2556305,2,2004-07-22
12393,173149,1,2004-02-18
12393,2093957,3,2004-03-24
12393,546733,4,2004-03-24
12393,1125815,3,2004-09-19
12393,2382788,3,2004-12-29
12393,1532150,4,2005-01-31
12393,1272758,3,2005-06-02
12393,1927638,1,2005-11-07
12393,592158,2,2003-12-29
12393,1193792,3,2004-02-17
12393,2148643,3,2004-02-10
12393,1554241,3,2004-02-04
12393,2220157,3,2004-02-22
12393,778911,2,2004-02-20
12393,2032234,4,2004-09-01
12393,1721509,3,2004-08-05
12393,2355432,5,2004-05-12
12393,1487713,3,2004-02-25
12393,2104705,3,2004-06-02
12393,1956360,3,2004-07-26
12393,1504360,5,2004-10-25
12393,1438715,4,2005-01-08
12393,396951,4,2005-06-06
12393,1833866,3,2005-06-28
12393,1898804,3,2004-08-23
12393,727242,1,2004-02-05
12393,479327,3,2004-08-26
12393,49585,2,2004-03-15
12393,1114882,4,2004-02-12
12393,8299,4,2004-03-15
12393,281711,4,2004-04-30
12393,2538248,4,2004-03-09
12393,1345852,3,2004-03-17
12393,1160120,4,2004-03-19
12393,2414144,5,2004-12-08
12393,129710,4,2005-01-10
12393,1156893,3,2005-01-11
12393,2119684,3,2005-11-01
12393,780160,2,2004-02-09
12393,2449394,4,2003-12-30
12393,1599873,3,2004-02-19
12393,1030857,2,2004-08-18
12393,49271,4,2005-08-14
12393,1259776,3,2004-02-11
12393,835310,4,2004-02-04
12393,1552324,3,2004-03-08
12393,2334555,4,2004-05-05
12393,2148197,4,2004-04-05
12393,402535,4,2005-02-15
12393,1840368,3,2004-05-27
12393,1552934,2,2004-07-13
12393,158542,4,2004-01-18
12393,824666,2,2004-02-09
12393,2531893,4,2004-04-05
12393,2138909,4,2004-08-31
12393,169702,3,2004-07-15
12393,1744335,4,2004-06-07
12393,1145956,3,2005-08-12
12393,781779,5,2004-02-06
12393,1537298,4,2004-05-03
12393,1411985,4,2004-07-08
12393,1097721,4,2004-07-28
12393,458562,3,2004-09-05
12393,1181624,1,2004-09-12
12393,1458835,3,2004-12-06
12393,67770,3,2005-01-03
12393,2408309,4,2005-03-08
12393,199257,2,2005-05-01
12393,577103,2,2004-01-06
12393,981681,3,2004-05-14
12393,35036,3,2005-08-15
12393,916626,3,2004-04-19
12393,1586214,4,2004-07-05
12393,772923,1,2004-03-03
12393,1591584,4,2004-03-19
12393,1557095,2,2004-04-29
12393,242417,4,2004-04-13
12393,1054564,3,2005-09-26
12393,1792741,3,2004-04-21
12393,302850,4,2004-02-29
12393,565559,1,2004-03-14
12393,854683,3,2004-02-19
12393,2218552,5,2004-08-06
12393,1172929,2,2004-03-30
12393,44807,5,2004-06-18
12393,2462187,3,2004-04-28
12393,674168,4,2004-03-09
12393,1962801,3,2004-08-09
12393,1314869,2,2005-06-08
12393,835847,4,2005-06-28
12393,2114623,3,2005-09-08
12393,235095,3,2004-05-10
12393,2219926,3,2003-12-26
12393,2440934,4,2004-03-24
12393,164312,3,2004-02-24
12393,905074,3,2004-02-23
12393,864172,2,2004-07-09
12393,2066185,3,2004-08-10
12393,1118819,3,2004-06-27
12393,2085110,3,2004-09-20
12393,1172239,2,2004-09-22
12393,967190,3,2004-10-10
12393,1485714,4,2005-10-21
12393,560352,5,2005-11-02
12393,324977,3,2004-03-21
12393,1125401,4,2004-04-27
12393,821751,3,2004-09-01
12393,2278532,1,2004-02-11
12393,941372,4,2004-12-30
12393,1161373,4,2005-04-27
12393,33154,2,2005-05-23
12393,223534,2,2004-02-16
12393,2162131,4,2004-05-05
12393,1424765,2,2004-04-29
12393,534043,3,2004-05-01
12393,542483,3,2004-02-18
12393,1646355,3,2004-03-16
12393,875720,3,2004-11-03
12393,2456005,3,2005-05-14
12393,1186487,3,2004-03-16
12393,1566652,3,2004-04-23
12393,1438222,1,2004-02-18
12393,846040,4,2004-01-02
12393,2591602,3,2004-05-06
12393,2235640,3,2004-04-13
12393,2136520,3,2004-08-19
12393,320474,3,2004-02-10
12393,2449289,3,2004-03-10
12393,192889,3,2004-07-16
12393,1853444,4,2004-12-19
12393,759156,4,2005-11-03
12393,2214630,3,2005-11-13
12393,2439493,1,2004-02-01
12393,1647868,3,2004-04-04
12393,2071416,1,2004-03-08
12393,1329791,3,2004-08-09
12393,1152063,3,2004-06-21
12393,1062876,2,2004-02-20
12393,1955609,3,2004-03-14
12393,882071,3,2004-06-07
12393,1668031,4,2004-03-28
12393,1915206,3,2004-11-21
12393,173509,2,2004-12-18
12393,1144181,2,2005-06-29
12393,1971183,4,2005-10-15
12393,1495038,1,2005-12-07
12393,1247833,5,2005-09-23
12393,143831,2,2004-06-05
12393,983737,2,2004-02-25
12393,2032298,1,2004-11-01
12393,2494435,3,2004-11-08
12393,740821,2,2005-01-12
12393,720436,5,2005-03-17
12393,501850,1,2004-02-20
12393,1234933,2,2004-03-31
12393,1062112,3,2004-08-10
12393,2549895,4,2004-05-07
12393,1132514,2,2004-01-05
12393,376855,2,2004-04-27
12393,844242,2,2004-01-03
12393,2168581,4,2004-04-10
12393,611952,2,2004-02-20
12393,2389771,3,2004-02-18
12393,2551462,2,2004-01-26
12393,69865,2,2004-02-12
12393,325190,4,2004-03-18
12393,1630419,4,2004-05-19
12393,2549238,2,2005-07-13
12393,1716794,3,2004-02-12
12393,2165133,3,2004-02-06
12393,2129974,3,2004-02-11
12393,833381,5,2004-07-14
12393,2046161,3,2004-07-22
12393,2180836,4,2005-09-08
12393,695396,4,2004-02-17
12393,554802,5,2004-06-14
12393,1338355,2,2005-09-28
12393,288291,2,2004-03-29
12393,2213269,1,2004-06-18
12393,2087189,3,2004-06-07
12393,672262,2,2004-01-05
12393,1022750,3,2004-01-31
12393,1787948,4,2004-01-08
12393,2515736,4,2004-01-19
12393,1653467,2,2004-02-26
12393,2606078,3,2004-10-08
12393,1570077,4,2004-03-26
12393,1575103,4,2004-05-02
12393,2001119,4,2004-04-27
12393,2530526,4,2004-08-31
12393,294126,1,2004-10-10
12393,2518675,3,2005-11-15
12393,1634443,3,2004-02-10
12393,2247591,4,2004-03-14
12393,2162676,1,2005-08-01
12393,563481,3,2004-01-19
12393,1497037,1,2004-02-12
12393,799194,3,2004-05-21
12393,946128,2,2004-04-20
12393,451806,2,2004-02-24
12393,345701,1,2004-03-02
12393,2411619,5,2004-05-05
12393,1782775,3,2004-03-06
12393,1843802,3,2004-06-02
12393,2403722,5,2004-06-16
12393,922512,3,2004-10-01
12393,633722,5,2005-01-10
12393,2389367,4,2005-02-14
12393,206356,1,2005-04-22
12393,1455996,4,2004-08-09
12393,2477751,5,2005-08-01
12393,2149059,2,2004-02-18
12393,1405644,3,2004-02-13
12393,2475538,1,2004-02-13
12393,1473980,3,2005-08-28
12393,2316233,3,2004-05-03
12393,1989308,3,2004-04-12
12393,1136807,2,2004-11-16
12393,2210560,3,2005-12-24
12393,691760,4,2004-01-29
12393,1494299,1,2004-03-12
12393,1132792,3,2004-04-03
12393,1232231,2,2004-04-28
12393,2487047,2,2004-04-23
12393,1428534,1,2004-01-12
12393,600244,3,2004-05-21
12393,1289338,3,2004-04-07
12393,1249761,2,2004-07-04
12393,501018,4,2004-06-03
12393,430587,3,2004-05-24
12393,497261,2,2004-10-15
12393,1152026,4,2004-10-25
12393,1099898,2,2005-01-22
12393,2208809,3,2005-01-27
12393,87897,2,2005-11-03
12393,1880925,3,2004-04-14
12393,2382306,1,2004-02-18
12393,2544372,1,2004-04-07
12393,63475,3,2004-05-25
12393,2429036,3,2004-08-05
12393,1460449,1,2004-02-16
12393,15218,2,2004-02-04
12393,1414001,3,2004-03-12
12393,1110156,3,2004-02-13
12393,543746,4,2004-01-08
12393,461075,4,2004-01-02
12393,1003764,3,2004-05-10
12393,1028463,5,2004-12-29
12393,1422130,4,2005-04-05
12393,417714,4,2005-05-25
12393,524610,3,2004-05-25
12393,1490035,3,2005-08-01
12393,198309,4,2004-02-16
12393,1683746,3,2004-03-16
12393,638051,5,2004-05-12
12393,1109553,3,2004-05-31
12393,1388519,3,2004-02-12
12393,1036142,3,2004-04-26
12393,1268699,2,2004-06-27
12393,961855,3,2005-03-22
12393,1837712,1,2005-05-06
12393,508456,5,2005-12-31
12393,2406214,3,2004-03-16
12393,1008097,3,2004-02-12
12393,202578,4,2004-02-13
12393,736560,3,2004-02-11
12393,13875,4,2004-02-13
12393,662550,3,2004-02-09
12393,627923,2,2004-06-01
12393,1449358,3,2004-03-01
12393,502845,3,2004-07-27
12393,783854,2,2005-01-19
12393,337202,3,2005-04-19
12393,273298,2,2005-04-20
12393,2131243,2,2005-10-02
12393,287787,4,2004-03-16
12393,1471182,3,2004-04-27
12393,1885578,5,2004-03-01
12393,2029460,3,2004-07-31
12393,1844966,3,2004-08-31
12393,1053673,3,2005-03-10
12393,2106886,1,2004-02-11
12393,2581605,3,2004-03-15
12393,390637,2,2004-03-12
12393,568743,2,2004-02-22
12393,2139425,2,2004-05-14
12393,611553,4,2004-02-09
12393,2392436,3,2004-05-30
12393,1802074,4,2004-02-04
12393,1959581,2,2004-05-10
12393,272860,2,2004-05-24
12393,1373879,3,2004-07-20
12393,2035817,2,2004-03-17
12393,439229,4,2004-05-09
12393,1904590,1,2004-02-29
12393,186565,4,2004-11-23
12393,1150035,4,2005-09-04
12393,1010560,5,2005-09-05
12393,170791,3,2003-12-25
12393,598582,2,2004-04-12
12393,2260472,1,2004-06-15
12393,1733514,3,2004-02-25
12393,314335,3,2004-03-06
12393,1658961,2,2004-10-19
12393,2450433,3,2005-01-11
12393,474578,4,2004-03-21
12393,2316161,4,2004-05-28
12393,42745,3,2005-08-03
12393,1986034,3,2004-02-09
12393,988917,4,2004-03-16
12393,965104,1,2004-05-31
12393,1544833,3,2004-09-24
12393,1385993,5,2005-04-26
12393,888371,4,2005-09-25
12393,1427751,3,2004-01-21
12393,2542777,5,2004-02-07
12393,1443417,2,2004-05-18
12393,2082864,3,2004-02-22
12393,2574932,2,2004-03-22
12393,1975202,3,2004-08-14
12393,2328136,1,2004-02-20
12393,1016076,4,2004-02-25
12393,91373,1,2004-02-18
12393,501823,5,2004-09-16
12393,255323,3,2005-04-05
12393,1950470,2,2005-11-06
12393,1227300,3,2004-01-24
12393,102721,4,2005-07-17
12393,2494920,1,2004-02-10
12393,115561,3,2004-01-22
12393,388514,3,2004-07-17
12393,713451,5,2004-03-11
12393,902324,5,2004-05-18
12393,1505821,3,2004-11-12
12393,2457095,3,2004-12-27
12393,1544512,5,2005-04-15
12393,1486942,3,2005-12-05
12393,1476398,3,2004-02-09
12393,331662,3,2004-03-23
12393,1708403,4,2005-08-09
12393,340541,1,2004-04-28
12393,1959190,4,2004-02-13
12393,1294916,3,2004-03-12
12393,43575,3,2004-09-13
12393,1811831,4,2004-05-07
12393,2445180,3,2004-03-11
12393,1867854,3,2004-02-17
12393,1636021,3,2004-09-13
12393,2087999,4,2004-02-23
12393,1786275,3,2004-06-11
12393,745661,5,2004-10-26
12393,1454690,1,2004-11-05
12393,152946,5,2005-06-20
12393,376175,2,2004-05-18
12393,381146,2,2004-03-25
12393,2068865,2,2004-08-20
12393,1974604,3,2004-07-19
12393,210117,3,2004-02-13
12393,2194204,3,2004-04-16
12393,1135738,4,2004-11-25
12393,1398211,3,2005-03-25
12393,1608589,5,2005-10-07
12393,1105029,2,2005-12-13
12393,7964,5,2004-03-19
12393,1774943,2,2004-03-12
12393,95353,3,2004-07-17
12393,846642,3,2004-07-01
12393,1432530,3,2004-11-28
12393,429357,4,2005-03-05
12393,2325430,3,2005-03-23
12393,14185,1,2004-02-25
12393,2128711,3,2004-02-13
12393,2594995,3,2004-04-26
12393,1401538,3,2004-05-13
12393,182570,3,2004-04-09
12393,1433718,3,2004-08-02
12393,1940477,2,2004-05-10
12393,564610,3,2004-05-16
12393,2199110,4,2004-06-06
12393,168624,5,2005-03-02
12393,1520710,3,2005-12-25
12393,868118,4,2004-07-15
12393,2246014,4,2004-05-14
12393,1815632,3,2004-04-04
12393,29905,3,2005-03-20
12393,1374950,1,2004-07-06
12393,2643752,3,2004-08-05
12393,2122256,3,2004-04-23
12393,1697789,3,2004-02-29
12393,1165621,1,2004-03-21
12393,1135890,3,2004-09-02
12393,285244,1,2004-02-12
12393,1770987,3,2004-07-05
12393,1434986,3,2004-06-14
12393,1213272,2,2004-12-15
12393,1017098,4,2005-04-01
12393,2463384,1,2004-03-11
12393,783880,2,2004-06-08
12393,1534100,3,2004-05-12
12393,206243,1,2004-06-13
12393,2494753,4,2004-08-13
12393,679760,2,2004-01-19
12393,1593248,3,2004-07-01
12393,1267521,4,2005-04-05
12393,1083257,4,2005-11-09
12393,1161915,2,2004-06-11
12393,2053378,3,2004-02-11
12393,1144461,4,2004-03-23
12393,2154057,3,2004-05-21
12393,2125388,4,2004-04-02
12393,2147545,2,2003-12-28
12393,988041,3,2004-06-08
12393,1466181,4,2004-06-01
12393,897188,5,2004-05-10
12393,277204,1,2004-10-24
12393,496017,2,2005-10-25
12393,1312530,4,2005-11-16
12393,280012,5,2005-07-06
12393,1278029,3,2004-03-02
12393,2278587,4,2004-03-09
12393,1634809,4,2004-04-26
12393,889717,3,2004-06-24
12393,1280230,4,2004-04-06
12393,1784636,3,2004-09-20
12393,184705,3,2004-11-18
12393,2099739,1,2005-01-29
12393,2270166,4,2005-03-26
12393,414045,5,2005-11-01
12393,1709869,3,2004-08-28
12393,885327,3,2004-02-10
12393,1440126,4,2004-09-12
12393,340859,4,2004-08-05
12393,1804492,2,2004-05-14
12393,1319658,3,2005-10-17
12393,956561,4,2005-10-24
12393,2274452,3,2005-12-02
12393,2199182,4,2004-01-11
12393,2585767,2,2005-07-27
12393,2357197,5,2004-05-11
12393,211921,3,2004-08-03
12393,2637932,3,2004-03-05
12393,2104907,2,2004-06-07
12393,578049,5,2004-01-02
12393,1581303,3,2004-02-18
12393,1384123,3,2004-07-05
12393,2282845,3,2004-10-24
12393,897102,2,2005-01-12
12393,719139,4,2005-01-19
12393,2127819,2,2005-10-26
12393,1717184,2,2004-03-08
12393,1900047,4,2004-02-25
12393,2320714,1,2004-02-22
12393,2163283,3,2004-03-11
12393,92386,4,2004-03-09
12393,1761577,3,2004-05-14
12393,2557821,4,2004-02-16
12393,2162729,3,2004-03-29
12393,2599690,2,2004-07-31
12393,1815109,1,2004-09-27
12393,32243,3,2005-01-24
12393,2058088,2,2005-10-17
12393,1357202,4,2004-04-13
12393,1183332,1,2004-02-16
12393,1665885,5,2004-07-07
12393,78266,3,2004-07-26
12393,342192,3,2004-05-03
12393,2314181,3,2004-03-25
12393,2615640,3,2004-04-10
12393,2335640,3,2004-06-07
12393,894519,2,2005-01-31
12393,622214,3,2005-03-29
12393,918385,3,2004-03-29
12393,1469669,1,2004-02-18
12393,765878,3,2004-04-06
12393,582381,2,2004-05-06
12393,941431,5,2004-07-07
12393,187403,4,2004-05-23
12393,693013,5,2005-07-15
12393,516454,3,2004-05-08
12393,719207,3,2004-08-03
12393,2260832,4,2004-07-10
12393,623281,2,2004-02-10
12393,2434506,3,2004-01-28
12393,2213649,3,2004-05-22
12393,1099213,4,2004-03-08
12393,322009,4,2004-09-11
12393,983042,2,2005-02-02
12393,542137,4,2005-04-25
12393,820357,1,2004-05-26
12393,358354,1,2004-03-27
12393,160564,3,2004-06-07
12393,2530108,2,2005-08-25
12393,2512955,4,2004-03-23
12393,814719,1,2004-04-22
12393,1272342,3,2004-02-09
12393,1905830,5,2005-07-05
12393,1777896,5,2004-04-25
12393,2243788,3,2003-12-29
12393,2147061,3,2003-12-27
12393,2588486,2,2004-05-12
12393,2351230,1,2004-03-30
12393,1429631,4,2004-03-12
12393,1470123,4,2004-02-19
12393,1914173,3,2004-02-18
12393,1814964,2,2004-02-28
12393,726658,3,2004-06-25
12393,555554,3,2004-09-10
12393,1887236,3,2005-01-08
12393,2310393,3,2005-03-27
12393,529475,2,2005-05-11
12393,2094929,3,2004-03-11
12393,2059274,3,2004-04-13
12393,1950534,3,2004-04-14
12393,867021,4,2004-03-22
12393,2417531,5,2005-08-27
12393,1901576,4,2004-02-20
12393,1672302,4,2004-11-09
12393,588352,3,2004-11-25
12393,358552,3,2004-03-01
12393,639267,3,2004-05-24
12393,2572553,3,2005-08-10
12393,167612,3,2004-02-12
12393,2441081,3,2004-01-22
12393,1804144,1,2004-02-18
12393,1035855,3,2004-03-04
12393,165377,1,2005-09-06
12393,736977,4,2004-06-23
12393,1735722,4,2005-02-25
12393,343149,3,2005-04-22
12393,1838834,1,2004-01-11
12393,2109227,3,2004-02-09
12393,990419,3,2004-06-16
12393,1748154,2,2004-07-13
12393,978119,1,2003-12-29
12393,1159776,4,2004-05-11
12393,452738,1,2004-02-12
12393,1400474,3,2004-05-15
12393,704310,3,2004-01-15
12393,249112,4,2004-07-30
12393,1950710,1,2004-12-04
12393,2372456,3,2004-12-15
12393,1664010,4,2005-10-12
12393,2165339,3,2004-02-25
12393,1434651,2,2004-02-12
12393,1275394,5,2004-02-10
12393,1014165,2,2004-03-05
12393,2487609,3,2004-02-25
12393,848657,3,2004-03-29
12393,2132051,3,2004-10-04
12393,1506841,3,2005-10-31
12393,1768815,4,2004-02-19
12393,1738559,4,2004-05-25
12393,2415906,4,2004-03-15
12393,969772,1,2004-02-22
12393,1708920,3,2004-08-13
12393,1007541,4,2004-03-10
12393,154920,3,2004-04-26
12393,1071305,5,2004-06-13
12393,2105662,2,2004-02-26
12393,430536,2,2004-02-06
12393,1145473,3,2004-06-14
12393,1373986,2,2004-04-08
12393,2450515,4,2004-04-30
12393,664132,5,2004-07-21
12393,367653,3,2004-04-09
12393,1487017,4,2004-06-08
12393,2403519,2,2004-11-17
12393,1317566,4,2005-03-13
12393,269380,4,2005-07-22
12393,572481,1,2004-06-10
12393,2412780,2,2004-06-15
12393,424418,5,2004-09-09
12393,2620829,4,2004-02-07
12393,1960409,3,2004-08-18
12393,1192320,2,2005-01-19
12393,395098,2,2005-01-23
12393,592794,2,2005-06-29
12393,1413839,1,2005-07-20
12393,53548,3,2004-04-01
12393,2098090,2,2004-02-22
12393,1534469,3,2004-03-01
12393,1464562,1,2004-03-14
12393,1902140,3,2005-10-16
12393,880097,2,2004-01-27
12393,1906460,3,2004-03-25
12393,1590366,2,2004-07-07
12393,1241131,4,2004-01-10
12393,189725,5,2004-03-10
12393,2535238,3,2004-05-11
12393,1732369,3,2004-05-18
12393,2539109,3,2004-07-26
12393,2031826,3,2004-02-07
12393,1353566,1,2004-04-07
12393,2562130,2,2005-08-24
12393,1210528,3,2004-07-01
12393,291712,3,2004-03-17
12393,1292007,3,2004-05-17
12393,1035565,3,2004-06-02
12393,2289721,2,2004-03-24
12393,664859,3,2004-03-25
12393,2124267,2,2004-06-29
12393,2009894,4,2004-10-18
12393,2620858,4,2004-11-15
12393,2454575,3,2004-03-01
12393,851111,4,2004-03-30
12393,2477733,3,2004-02-19
12393,1103030,3,2004-03-12
12393,280120,1,2004-02-10
12393,1095243,3,2004-08-12
12393,795780,1,2004-09-27
12393,950524,2,2005-02-05
12393,1196423,4,2005-03-25
12393,1286567,3,2005-05-26
12393,1459727,3,2005-06-29
12393,1743756,4,2005-07-02
12393,1941388,5,2005-10-11
12393,1831058,3,2004-01-17
12393,2078745,4,2004-02-22
12393,11142,3,2004-04-05
12393,22812,4,2004-05-09
12393,1762771,3,2004-03-31
12393,546637,4,2004-05-19
12393,1321643,3,2004-03-01
12393,1409234,3,2004-03-11
12393,1792238,2,2004-02-13
12393,1491390,4,2004-08-18
12393,734381,4,2004-01-07
12393,813213,4,2004-03-17
12393,1176322,3,2004-07-02
12393,1646821,2,2004-06-28
12393,2494580,3,2004-06-15
12393,2189262,3,2004-10-22
12393,1758373,4,2004-11-07
12393,1453713,4,2005-06-28
12393,2604897,2,2004-03-23
12393,286684,3,2004-02-09
12393,1720313,5,2004-07-08
12393,1177734,4,2004-01-01
12393,756,2,2005-09-07
12393,131853,5,2004-09-06
12393,760211,3,2004-06-27
12393,2322188,3,2004-11-03
12393,2276477,1,2004-12-15
12393,1516320,4,2004-01-25
12393,582792,3,2004-03-08
12393,176934,2,2004-02-11
12393,796455,4,2004-02-18
12393,1148389,3,2004-01-31
12393,2186515,2,2004-04-14
12393,258474,3,2004-02-18
12393,1026933,3,2004-12-02
12393,706005,3,2004-02-10
12393,764040,4,2004-09-10
12393,2401170,4,2004-02-25
12393,243612,2,2003-12-27
12393,2357769,4,2004-02-22
12393,532625,3,2004-03-15
12393,2023333,3,2004-02-07
12393,686842,5,2004-04-20
12393,2316710,3,2004-12-07
12393,1406381,1,2005-03-08
12393,2141183,3,2005-03-11
12393,1327672,3,2005-10-17
12393,795380,3,2005-07-15
12393,501190,2,2004-04-12
12393,25348,4,2004-03-09
12393,1364974,3,2004-02-18
12393,9321,3,2004-01-10
12393,1331155,4,2004-02-20
12393,38229,2,2004-07-14
12393,1827714,3,2004-02-11
12393,147078,3,2004-04-07
12393,2194993,2,2004-02-24
12393,1661216,1,2005-06-27
12393,714519,1,2004-03-10
12393,2109306,2,2004-02-13
12393,1860665,4,2004-07-09
12393,2424637,2,2004-02-26
12393,2461615,1,2004-12-06
12393,477892,3,2005-02-15
12393,472309,4,2005-03-02
12393,2345015,3,2004-03-22
12393,202925,2,2004-02-20
12393,1498353,3,2004-02-10
12393,926786,4,2004-03-23
12393,368222,4,2004-06-29
12393,1086481,1,2004-03-18
12393,2560469,3,2004-04-03
12393,1266916,3,2004-02-27
12393,2058221,4,2004-10-12
12393,2049285,2,2004-10-14
12393,1403511,2,2004-02-19
12393,2200332,3,2004-04-01
12393,640554,3,2004-02-26
12393,2044587,2,2004-02-15
12393,114048,3,2004-07-01
12393,1814551,3,2005-01-09
12393,1828732,4,2005-07-05
12393,1493030,2,2005-10-23
12393,1287550,3,2004-07-20
12393,1223933,4,2004-01-25
12393,2461560,1,2004-04-29
12393,1813856,3,2004-05-27
12393,790581,2,2004-02-09
12393,2496444,3,2004-02-22
12393,260187,2,2004-02-18
12393,1037924,4,2005-01-04
12393,1940324,3,2004-12-04
12393,895963,3,2004-08-09
12393,767947,3,2004-05-24
12393,1458094,3,2004-02-18
12393,238234,3,2004-07-09
12393,860796,4,2004-07-16
12393,269643,4,2004-06-26
12393,1489776,2,2005-01-03
12393,778597,3,2005-09-09
12393,781512,2,2004-01-25
12393,233949,1,2005-08-18
12393,1709304,2,2003-12-27
12393,416188,2,2004-04-20
12393,24139,2,2004-02-12
12393,2591537,4,2004-03-29
12393,2109890,3,2004-09-29
12393,2406602,3,2004-02-14
12393,2517364,3,2004-02-14
12393,1401362,2,2004-05-10
12393,2178000,3,2004-01-28
12393,847950,5,2004-08-16
12393,1344482,3,2004-04-12
12393,39735,2,2004-07-27
12393,2291306,1,2004-02-19
12393,525865,3,2004-12-20
12393,624266,3,2005-07-05
12393,2094392,5,2004-04-01
12393,335845,1,2004-03-31
12393,1672270,2,2004-02-10
12393,2024522,3,2004-02-11
12393,77910,2,2004-04-29
12393,169936,3,2004-09-23
12393,1416875,3,2004-10-09
12393,231839,2,2005-02-03
12393,1811425,3,2005-04-04
12393,364022,2,2005-05-22
12393,111693,3,2005-11-13
12393,1219262,3,2004-07-06
12393,821166,3,2005-08-11
12393,1681901,3,2004-03-29
12393,783973,3,2004-03-13
12393,222255,3,2004-03-24
12393,1958313,4,2004-12-10
12393,2487515,2,2004-05-19
12393,1467126,2,2004-04-03
12393,718564,2,2004-05-04
12393,1848170,4,2004-06-06
12393,333536,3,2004-04-18
12393,1598457,4,2004-04-04
12393,291018,4,2004-05-14
12393,1324068,5,2004-05-11
12393,748702,2,2004-07-30
12393,189267,4,2004-07-02
12393,377550,3,2004-06-18
12393,525628,1,2005-04-18
12393,1110805,5,2005-10-03
12393,1280254,1,2005-11-19
12393,1224000,2,2004-04-09
12393,1768353,3,2004-06-25
12393,2537034,3,2004-03-09
12393,1090155,4,2004-04-02
12393,6096,3,2004-10-21
12393,2637241,1,2005-07-13
12393,2566840,2,2004-02-12
12393,1165117,4,2004-08-18
12393,1556831,1,2005-01-01
12393,531533,2,2004-03-28
12393,212143,2,2004-02-24
12393,491531,1,2004-06-02
12393,2446506,3,2004-01-24
12393,1783723,3,2004-01-21
12393,260257,3,2004-02-17
12393,1446117,4,2004-04-07
12393,2068028,3,2004-02-11
12393,1523399,1,2004-03-02
12393,824577,2,2004-05-04
12393,1317671,3,2004-10-11
12393,472332,2,2004-12-23
12393,569928,4,2005-03-22
12393,1792137,5,2005-10-20
12393,1989124,4,2005-07-09
12393,2306970,2,2004-08-27
12393,178623,2,2004-02-19
12393,204467,2,2004-04-12
12393,281296,3,2004-05-25
12393,1254363,4,2004-10-26
12393,423745,4,2005-02-04
12393,2588947,3,2005-03-07
12393,928744,3,2005-10-17
12393,752853,3,2004-02-19
12393,117702,3,2004-05-08
12393,2361036,3,2004-03-23
12393,911828,3,2004-05-03
12393,77669,2,2004-05-18
12393,1760336,2,2003-12-29
12393,2648465,3,2004-04-12
12393,2638445,4,2004-01-06
12393,863309,4,2004-05-26
12393,180392,3,2005-02-11
12393,383404,4,2004-01-24
12393,2365141,4,2004-04-12
12393,2084049,4,2004-02-17
12393,670416,2,2004-06-17
12393,2266623,3,2004-02-12
12393,2031435,3,2004-02-20
12393,1272067,1,2004-09-17
12393,2250986,4,2004-09-17
12393,772445,3,2004-10-21
12393,2212550,1,2004-12-17
12393,23083,2,2004-04-18
12393,1777173,2,2004-01-27
12393,1113347,4,2004-03-16
12393,1306494,3,2004-05-28
12393,26323,3,2004-07-08
12393,1867401,3,2004-09-23
12393,2470851,3,2004-11-20
12393,1581343,3,2004-07-10
12393,497986,4,2004-09-08
12393,1409036,2,2004-02-12
12393,2581379,3,2004-02-23
12393,10270,3,2004-08-02
12393,2544967,5,2004-11-18
12393,918529,3,2005-04-03
12393,57843,3,2004-02-04
12393,735905,3,2004-04-12
12393,977354,5,2004-01-28
12393,827115,3,2004-03-01
12393,1319315,3,2005-01-31
12393,827075,3,2005-03-21
12393,1782425,2,2005-04-18
12393,1840797,4,2005-05-26
12393,2102846,2,2005-09-18
12393,2506593,4,2005-12-11
12393,729691,3,2004-07-06
12393,1373069,3,2004-07-26
12393,2459604,2,2004-03-10
12393,933082,2,2004-02-13
12393,2200911,3,2004-03-16
12393,1381007,2,2004-08-23
12393,1790307,4,2004-05-04
12393,2006776,4,2004-07-19
12393,2204470,4,2004-10-28
12393,2127108,3,2004-11-09
12393,183689,3,2004-12-29
12393,196315,4,2005-07-09
12393,1142806,1,2004-03-02
12393,542323,1,2004-05-20
12393,375046,3,2004-03-24
12393,389704,1,2004-08-19
12393,2513067,4,2004-02-09
12393,392509,5,2005-08-18
12393,2395124,3,2004-03-16
12393,308752,2,2004-10-29
12393,308331,3,2005-02-22
12393,789014,1,2004-04-05
12393,1618957,1,2004-02-02
12393,1213522,3,2004-02-25
12393,436553,4,2004-07-15
12393,2474250,3,2004-03-26
12393,2295340,3,2004-03-12
12393,1236048,4,2004-03-10
12393,54329,3,2004-07-10
12393,1063197,2,2004-01-30
12393,2294218,2,2004-04-18
12393,1211358,5,2004-06-13
12393,302028,3,2004-12-20
12393,569432,4,2005-04-16
12393,2548287,2,2004-02-09
12393,577780,3,2004-02-11
12393,1868537,1,2004-03-09
12393,2491725,3,2004-06-03
12393,2518026,3,2004-06-04
12393,2444999,3,2004-02-08
12393,1895555,1,2004-05-14
12393,437921,4,2004-11-13
12393,2441434,3,2003-12-26
12393,1314409,4,2004-02-05
12393,2088327,2,2004-02-09
12393,1779662,4,2004-07-07
12393,1919488,4,2004-04-16
12393,1359352,3,2004-05-06
12393,169268,3,2004-02-20
12393,1883946,1,2004-06-04
12393,1508313,2,2004-07-15
12393,1432767,2,2004-11-29
12393,17141,3,2005-02-07
12393,1357761,4,2005-03-17
12393,1397082,3,2005-04-06
12393,1576475,4,2005-10-18
12393,600141,3,2004-02-16
12393,1351421,2,2004-06-08
12393,318735,3,2004-02-19
12393,1718159,1,2004-05-21
12393,630156,3,2004-03-31
12393,1821700,3,2004-07-06
12393,280140,3,2004-06-22
12393,2290396,3,2004-03-17
12393,1540185,3,2004-07-28
12393,1386553,1,2004-02-20
12393,2519190,3,2004-02-23
12393,1580943,3,2004-04-09
12393,739859,4,2004-05-12
12393,1355003,1,2004-09-27
12393,506757,3,2004-10-06
12393,819822,3,2005-05-29
12393,1323191,2,2004-03-03
12393,1839385,3,2004-03-18
12393,1592633,2,2004-02-17
12393,783476,4,2004-04-01
12393,1409628,4,2004-02-25
12393,684088,4,2004-04-26
12393,369081,4,2004-02-11
12393,418494,1,2004-09-22
12393,673625,2,2004-10-21
12393,2430776,2,2005-01-30
12393,631294,4,2005-10-06
12393,1691501,4,2004-02-20
12393,665133,3,2004-05-24
12393,2356898,3,2004-09-17
12393,1732909,2,2004-09-21
12393,2591003,1,2004-10-06
12393,2600185,3,2004-11-16
12393,404906,3,2005-02-01
12393,199224,3,2005-06-22
12393,2394150,4,2004-01-20
12393,1896062,2,2004-02-11
12393,2369331,2,2004-03-02
12393,1165104,5,2004-02-27
12393,2138831,4,2004-11-27
12393,2263064,2,2005-02-17
12393,2368107,3,2005-06-01
12393,305344,1,2003-12-16
12393,530118,3,2004-06-12
12393,1913100,3,2004-02-10
12393,2109596,3,2004-07-14
12393,560851,3,2004-09-30
12393,1118783,3,2005-09-14
12393,44434,3,2004-03-23
12393,39874,1,2004-05-13
12393,273256,4,2004-06-14
12393,1878087,4,2004-06-05
12393,425162,2,2004-02-20
12393,2322956,2,2004-02-18
12393,2353298,4,2005-10-26
12393,498578,3,2004-02-19
12393,844028,5,2004-02-25
12393,829401,5,2005-07-26
12393,258809,2,2004-04-22
12393,1729375,4,2004-03-12
12393,1734880,5,2004-03-16
12393,194181,3,2004-05-20
12393,1066934,1,2004-08-10
12393,148561,3,2005-10-29
12393,364208,4,2004-06-09
12393,67468,4,2004-02-10
12393,1407788,2,2004-08-16
12393,2167853,1,2004-02-19
12393,194406,4,2004-04-23
12393,862092,2,2004-09-16
12393,125493,3,2004-02-22
12393,2409280,4,2004-07-10
12393,972608,2,2004-02-06
12393,1187765,3,2004-12-24
12393,1042991,3,2004-04-27
12393,1914110,3,2004-03-23
12393,1062337,4,2004-06-06
12393,2429206,3,2004-02-19
12393,1097850,2,2004-02-18
12393,1920055,3,2004-04-30
12393,1031451,3,2004-06-14
12393,2640636,1,2004-08-12
12393,1912542,1,2004-12-21
12393,2163496,1,2005-01-12
12393,1474508,3,2005-01-22
12393,478815,4,2005-07-11
12393,748028,2,2004-06-17
12393,1827071,3,2003-12-24
12393,648128,1,2004-04-29
12393,1344830,3,2004-04-25
12393,1210389,3,2004-01-07
12393,2432080,3,2004-03-04
12393,160659,4,2004-10-01
12393,1664712,3,2005-01-19
12393,2169808,2,2004-03-17
12393,1235649,3,2004-06-04
12393,1311485,3,2004-08-16
12393,455285,2,2004-12-08
12393,1352370,1,2005-03-13
12393,2450942,1,2005-03-29
12393,1852458,3,2004-02-24
12393,336588,3,2004-03-14
12393,1825395,3,2004-03-02
12393,1474206,2,2004-04-02
12393,1526756,5,2004-02-27
12393,1336554,3,2005-09-19
12393,912999,3,2005-02-20
12393,1694669,4,2004-03-10
12393,1724972,1,2004-02-09
12393,1896177,2,2004-09-14
12393,795249,3,2004-02-09
12393,1564583,3,2004-04-07
12393,1217025,3,2004-02-12
12393,2150746,3,2004-08-02
12393,1626925,3,2004-05-25
12393,525466,3,2004-04-22
12393,1025484,3,2004-05-21
12393,1488834,3,2004-10-13
12393,1722758,1,2005-02-11
12393,2625369,3,2005-03-01
12393,186438,1,2004-07-13
12393,1067761,3,2004-09-08
12393,1971069,5,2004-04-29
12393,2575399,4,2004-10-26
12393,1739170,3,2004-11-10
12393,2629660,3,2005-03-16
12393,1990066,3,2005-09-10
12393,1365417,5,2005-09-12
12393,553230,2,2004-07-20
12393,1184458,4,2004-06-14
12393,1328118,2,2005-08-22
12393,2137676,3,2004-04-26
12393,852030,3,2004-08-03
12393,1908354,3,2005-02-20
12393,1302376,3,2005-02-21
12393,2581488,3,2005-09-26
12393,2220557,2,2004-02-19
12393,742107,4,2004-09-08
12393,1449668,3,2004-01-11
12393,1066078,1,2004-02-13
12393,1159495,2,2004-06-17
12393,2222196,4,2004-01-09
12393,487759,3,2004-02-22
12393,2150451,3,2004-02-12
12393,1853034,3,2004-02-24
12393,438972,3,2004-07-06
12393,359374,5,2004-07-08
12393,1859593,2,2004-07-19
12393,1372207,5,2004-08-21
12393,1519103,1,2004-03-23
12393,723921,3,2004-05-13
12393,2074612,3,2004-09-30
12393,307133,4,2004-10-22
12393,1485959,4,2005-04-20
12393,341806,2,2004-06-04
12393,1452718,3,2004-05-06
12393,1581889,2,2004-04-28
12393,379584,2,2004-08-25
12393,1145255,2,2004-02-20
12393,1876661,3,2004-08-04
12393,996284,1,2004-05-31
12393,2612518,3,2004-02-28
12393,2265594,3,2004-04-05
12393,1897728,3,2005-10-10
12393,1144968,3,2004-02-21
12393,2324305,1,2004-02-21
12393,555672,3,2004-09-02
12393,1827007,2,2004-04-02
12393,1583673,3,2004-02-10
12393,1763613,2,2004-05-25
12393,859907,2,2005-04-26
12393,2554860,3,2004-02-09
12393,1763451,4,2004-02-10
12393,1778298,3,2004-02-24
12393,673445,4,2004-12-18
12393,1783789,2,2004-05-06
12393,240285,3,2004-01-29
12393,2638748,5,2004-10-14
12393,2027967,1,2005-04-07
12393,705294,3,2005-04-24
12393,2016596,2,2004-03-11
12393,1590456,3,2004-03-03
12393,240923,3,2004-09-20
12393,2250261,3,2005-01-19
12393,2598647,2,2004-03-04
12393,990918,4,2004-05-14
12393,2038137,4,2004-02-11
12393,895146,3,2005-08-16
12393,2610604,2,2004-05-04
12393,213668,4,2004-02-11
12393,637118,2,2004-05-01
12393,2284893,3,2004-04-20
12393,1145003,3,2004-01-01
12393,2460338,3,2004-07-08
12393,123665,3,2004-02-20
12393,2090217,5,2004-09-17
12393,2035541,4,2004-11-01
12393,227799,5,2005-04-30
12393,750641,5,2004-02-15
12393,1937443,4,2004-04-27
12393,1488032,4,2004-06-18
12393,34408,3,2005-08-01
12393,1279037,1,2004-08-22
12393,816328,3,2004-02-09
12393,129804,3,2004-01-19
12393,1094107,3,2004-05-31
12393,2142688,2,2005-02-23
12393,1198546,3,2005-03-23
12393,1918910,1,2005-04-30
12393,422324,4,2004-02-16
12393,546751,4,2004-01-21
12393,2198745,2,2004-02-26
12393,98012,5,2004-02-18
12393,2152739,3,2004-05-13
12393,10115,3,2004-03-29
12393,1521119,3,2004-02-18
12393,2057617,4,2004-11-04
12393,172595,4,2004-11-14
12393,2173862,1,2004-11-30
12393,2385134,4,2004-01-12
12393,297904,3,2004-05-10
12393,616083,2,2004-03-10
12393,251322,3,2004-03-29
12393,132504,3,2004-07-19
12393,129622,3,2004-11-18
12393,1494806,1,2004-12-29
12393,2325794,2,2005-03-26
12393,213677,1,2005-04-06
12393,597219,2,2005-05-10
12393,2068936,4,2005-10-24
12393,2176957,3,2004-02-14
12393,1938581,2,2004-09-15
12393,672554,3,2004-03-22
12393,523663,4,2004-07-22
12393,1696864,3,2004-03-08
12393,2460617,3,2004-05-17
12393,1526365,3,2005-11-20
12393,2056022,2,2005-07-06
12393,1187457,4,2004-02-17
12393,1631877,3,2004-08-11
12393,1833930,1,2004-03-29
12393,2457189,4,2004-04-30
12393,823827,3,2004-08-10
12393,197974,4,2004-05-16
12393,1262329,3,2005-06-13
12393,2469176,4,2005-10-20
12393,473748,4,2004-03-06
12393,360759,2,2004-02-17
12393,1609453,1,2004-04-05
12393,622756,3,2004-08-18
12393,1002780,3,2004-05-11
12393,2134238,2,2004-02-27
12393,410265,5,2004-02-09
12393,1679400,5,2004-02-25
12393,246460,4,2004-12-29
12393,1407062,2,2005-01-30
12393,565000,2,2005-06-10
12393,578191,1,2004-02-23
12393,471176,3,2004-01-26
12393,315205,3,2004-02-23
12393,1536728,3,2004-04-19
12393,143155,2,2004-02-26
12393,1767763,3,2004-03-20
12393,2414958,3,2004-05-15
12393,246832,2,2004-09-30
12393,720737,4,2005-03-21
12393,335840,3,2005-06-21
12393,155140,4,2005-07-06
12393,421433,3,2005-07-06
12393,1321416,2,2004-02-18
12393,867005,2,2004-02-12
12393,1395700,3,2004-04-02
12393,1794405,3,2005-08-18
12393,2500332,1,2004-08-16
12393,1982334,3,2005-03-08
12393,1665685,3,2004-06-21
12393,1320587,3,2004-03-12
12393,2025917,4,2004-03-23
12393,206172,4,2004-05-18
12393,1175147,3,2004-07-02
12393,1538047,4,2004-12-05
12393,758383,3,2005-02-25
12393,1899708,2,2004-02-13
12393,765277,3,2004-05-21
12393,2241688,3,2004-11-09
12393,1960433,4,2004-02-19
12393,1160551,4,2004-01-13
12393,1649775,3,2004-04-28
12393,295090,3,2004-06-02
12393,2101842,4,2004-07-20
12393,2344901,4,2004-09-04
12393,1938622,5,2004-08-24
12393,806450,3,2004-09-09
12393,1239496,3,2004-11-05
12393,1336786,4,2004-11-09
12393,1061891,1,2005-02-07
12393,18067,4,2005-08-09
12393,593666,4,2004-03-09
12393,2585154,5,2004-02-20
12393,758133,1,2004-02-13
12393,1123066,1,2004-05-01
12393,123105,3,2004-04-01
12393,2218740,3,2004-11-15
12393,49229,5,2004-12-27
12393,2055478,4,2004-05-11
12393,1093075,3,2004-03-01
12393,363941,3,2004-09-01
12393,334611,3,2004-07-13
12393,84737,4,2005-01-25
12393,2351580,3,2004-02-10
12393,1140560,3,2004-02-09
12393,331670,2,2004-03-25
12393,1969736,3,2004-03-06
12393,667521,1,2004-05-18
12393,1597273,3,2004-02-15
12393,799675,2,2004-08-25
12393,2118461,4,2005-10-22
12393,2322250,3,2004-07-18
12393,523779,3,2004-02-12
12393,1842592,3,2004-02-24
12393,872021,3,2004-03-27
12393,124806,3,2004-02-18
12393,468027,4,2005-03-16
12393,798262,4,2005-06-26
12393,2495905,2,2005-11-20
12393,1285159,4,2004-02-24
12393,455656,2,2004-05-18
12393,421901,2,2004-02-12
12393,1574976,1,2004-02-18
12393,1206397,4,2004-03-14
12393,240721,3,2004-11-29
12393,2061495,3,2005-03-07
12393,75818,4,2005-10-21
12393,80938,4,2004-01-28
12393,199135,3,2004-01-25
12393,402432,4,2004-03-03
12393,387418,2,2003-12-01
12393,866117,3,2005-08-01
12393,123730,3,2004-09-08
12393,200938,3,2004-02-23
12393,1823920,3,2004-04-29
12393,224384,3,2004-02-17
12393,1866162,4,2004-08-11
12393,2152004,3,2005-03-02
12393,1620834,1,2005-05-27
12393,951263,4,2004-01-28
12393,1943950,3,2004-06-01
12393,2208814,1,2004-03-03
12393,1217518,2,2004-03-08
12393,1166090,3,2004-03-13
12393,2297698,2,2004-06-21
12393,2508312,1,2005-01-11
12393,2262884,3,2005-09-20
12393,1458757,5,2005-10-31
12393,2092108,4,2004-02-18
12393,1029163,2,2004-02-11
12393,730053,3,2004-04-13
12393,1043135,4,2004-02-09
12393,2447150,2,2004-06-09
12393,907076,3,2004-02-18
12393,664294,3,2004-04-18
12393,601317,1,2004-05-28
12393,866277,4,2004-05-10
12393,1364727,2,2004-09-30
12393,565504,3,2004-10-27
12393,469137,2,2004-11-05
12393,2293620,5,2004-02-25
12393,264234,5,2004-03-05
12393,2190401,5,2004-05-09
12393,2306402,4,2005-01-31
12393,184197,3,2004-01-27
12393,1898263,2,2005-08-01
12393,68408,3,2004-02-18
12393,1457551,3,2004-03-29
12393,2543250,1,2004-03-22
12393,1336613,2,2004-01-05
12393,2402139,4,2004-02-17
12393,1306646,3,2004-02-09
12393,1867416,2,2005-09-05
12393,1629989,4,2004-03-09
12393,1553635,3,2004-12-07
12393,2049822,1,2005-01-19
12393,974375,2,2004-03-22
12393,1133199,2,2004-02-05
12393,2591832,3,2004-03-30
12393,1674225,3,2004-08-24
12393,1121106,3,2004-03-02
12393,610101,3,2004-04-11
12393,28658,2,2004-01-15
12393,2040955,2,2004-05-12
12393,1932594,3,2004-05-31
12393,757828,4,2004-06-29
12393,785998,3,2004-04-30
12393,794999,5,2004-05-28
12393,2230222,5,2004-10-19
12393,1578405,4,2005-01-10
12393,16273,2,2005-05-10
12393,1372573,3,2004-04-20
12393,384003,4,2004-02-18
12393,1734507,4,2004-03-16
12393,1692906,4,2004-04-14
12393,1151120,1,2004-03-29
12393,190354,4,2004-01-14
12393,50282,2,2004-04-22
12393,303694,3,2004-07-14
12393,765874,3,2004-04-07
12393,1023432,1,2004-10-04
12393,2540506,4,2005-07-07
12393,290960,3,2004-01-24
12393,2408124,4,2004-06-20
12393,2132254,3,2004-02-01
12393,1320687,3,2004-01-30
12393,1907018,1,2004-05-14
12393,343252,1,2004-03-29
12393,683661,3,2004-12-23
12393,2513983,5,2005-10-07
12393,2572690,3,2004-05-21
12393,2229066,4,2004-05-10
12393,769870,1,2004-02-08
12393,726864,1,2004-06-01
12393,464180,1,2004-04-13
12393,2155221,1,2004-03-19
12393,206736,4,2004-05-21
12393,1028591,2,2004-05-11
12393,1106680,4,2005-02-24
12393,940117,3,2005-03-08
12393,1152616,1,2004-01-26
12393,1793717,3,2004-01-25
12393,2053620,2,2004-01-26
12393,680004,2,2004-03-01
12393,580226,4,2004-04-13
12393,115811,3,2005-08-17
12393,11796,3,2003-12-29
12393,1640421,4,2004-03-02
12393,942523,4,2004-03-12
12393,27061,5,2004-07-22
12393,330275,4,2005-01-29
12393,2603275,5,2005-01-29
12393,657275,5,2005-05-01
12393,1782687,4,2005-05-03
12393,1461435,5,2005-05-14
12393,1674535,3,2004-07-14
12393,575714,3,2004-06-14
12393,2574680,2,2004-07-04
12393,2234167,5,2004-02-07
12393,496945,4,2004-02-19
12393,1337226,4,2004-11-26
12393,1381092,2,2004-07-26
12393,909926,4,2004-03-17
12393,1602153,3,2004-04-08
12393,625012,1,2004-03-14
12393,149606,5,2004-05-04
12393,355496,3,2004-11-05
12393,838047,2,2004-06-30
12393,1453265,3,2004-03-23
12393,309948,1,2004-08-13
12393,1427314,3,2004-07-27
12393,1299978,3,2004-04-18
12393,446767,2,2004-02-13
12393,1367152,2,2004-04-07
12393,2203749,3,2004-03-25
12393,937428,2,2004-01-16
12393,2387901,4,2005-03-02
12393,421378,2,2005-12-05
12393,1037245,3,2005-12-28
12393,948801,3,2004-05-19
12393,1353897,3,2004-02-03
12393,1899972,3,2004-08-04
12393,1659515,3,2004-03-15
12393,1292050,2,2004-04-11
12393,2145249,4,2004-06-08
12393,206903,3,2004-07-10
12393,1328011,2,2004-05-03
12393,2253868,4,2005-02-11
12393,435738,2,2005-02-24
12393,1317086,3,2004-04-04
12393,1084999,4,2004-02-03
12393,1104128,5,2004-07-03
12393,682894,4,2004-02-05
12393,836806,1,2004-02-06
12393,635712,1,2004-03-25
12393,1082734,2,2004-03-16
12393,598038,3,2005-03-15
12393,1487850,4,2005-04-05
12393,850565,2,2004-02-27
12393,100029,3,2004-02-11
12393,1511305,3,2004-06-15
12393,2098136,4,2004-03-01
12393,1180003,3,2004-03-10
12393,2550224,3,2004-02-23
12393,174879,1,2004-07-08
12393,2124138,3,2004-04-28
12393,1989158,3,2004-03-12
12393,1970578,2,2004-04-30
12393,804142,3,2005-04-19
12393,371701,2,2005-04-27
12393,1809440,2,2004-04-09
12393,2138018,4,2004-07-11
12393,790603,3,2004-01-09
12393,817878,3,2004-02-27
12393,2413272,2,2005-08-22
12393,410206,3,2005-09-08
12393,1994431,4,2004-07-06
12393,256676,3,2005-01-20
12393,2143500,3,2005-01-29
12393,716098,3,2005-07-06
12393,727972,3,2004-04-17
12393,189509,2,2004-06-25
12393,1926837,4,2004-04-22
12393,2536943,3,2004-02-22
12393,1033930,3,2004-04-11
12393,1975727,3,2004-08-12
12393,1996717,4,2004-04-07
12393,2215727,4,2004-06-15
12393,2168130,3,2004-09-20
12393,799697,4,2005-01-19
12393,88012,3,2005-06-07
12393,1862272,3,2004-01-30
12393,745950,2,2004-09-06
12393,674320,1,2004-04-17
12393,804300,3,2005-03-04
12393,1351898,4,2004-07-23
12393,1744528,4,2003-12-23
12393,326502,3,2004-02-10
12393,1323153,3,2004-06-29
12393,1013357,4,2004-02-02
12393,101755,4,2004-01-09
12393,2086904,3,2005-06-20
12393,1682531,4,2005-09-14
12393,1935050,2,2004-03-26
12393,1363342,3,2004-04-30
12393,1712386,3,2004-08-24
12393,2146779,3,2004-03-22
12393,363609,4,2004-03-15
12393,914953,3,2004-03-05
12393,1167043,3,2004-05-10
12393,143938,4,2005-03-23
12393,330314,3,2004-03-18
12393,986482,1,2004-03-16
12393,2291746,1,2004-05-22
12393,815442,5,2004-03-31
12393,2219092,3,2004-02-08
12393,424387,2,2004-03-29
12393,1127274,2,2004-10-08
12393,903389,5,2005-03-09
12393,1649503,3,2005-05-24
12393,1703127,2,2004-01-29
12393,176896,1,2004-03-19
12393,363868,5,2004-04-04
12393,632265,2,2004-04-29
12393,1977780,4,2004-03-11
12393,1852040,3,2004-05-11
12393,1756250,3,2004-11-17
12393,1528639,4,2005-07-28
12393,1300041,4,2004-03-26
12393,616093,3,2004-03-18
12393,2267303,1,2004-03-31
12393,1044118,3,2004-02-24
12393,1334128,2,2004-07-10
12393,1787827,4,2004-03-25
12393,2305389,3,2004-06-02
12393,297397,2,2004-02-14
12393,1162672,2,2004-02-22
12393,1912389,3,2004-10-24
12393,2196911,2,2004-11-29
12393,1727528,4,2005-09-26
12393,2324445,3,2004-03-26
12393,1762536,2,2004-05-03
12393,2008422,2,2004-02-10
12393,1123564,5,2004-02-16
12393,1756722,4,2004-03-18
12393,226850,2,2004-03-03
12393,83594,3,2004-08-19
12393,1791851,2,2004-08-24
12393,617082,3,2004-04-30
12393,960944,1,2004-03-17
12393,340549,1,2004-03-01
12393,524408,4,2005-03-14
12393,2617393,3,2005-04-27
12393,1177043,3,2004-05-27
12393,2384696,5,2004-04-30
12393,240476,4,2004-05-11
12393,463258,3,2004-03-29
12393,1821778,5,2004-08-30
12393,1003093,4,2004-05-20
12393,2046718,2,2004-09-08
12393,2248411,3,2004-09-17
12393,481336,1,2005-03-15
12393,1775192,3,2005-03-19
12393,1464103,3,2005-11-03
12393,1376321,4,2004-01-22
12393,428688,3,2004-08-11
12393,2297654,4,2004-02-22
12393,1692780,1,2004-02-23
12393,2365226,4,2004-07-15
12393,428965,4,2005-06-02
12393,1566816,3,2004-07-20
12393,124078,1,2004-03-09
12393,1221897,4,2004-05-10
12393,851331,1,2004-07-19
12393,609601,4,2004-11-01
12393,545543,4,2004-12-20
12393,35573,2,2005-03-20
12393,1674011,4,2005-12-17
12393,2533753,1,2004-02-11
12393,948109,3,2004-02-09
12393,2443115,3,2004-03-30
12393,1193912,4,2004-03-03
12393,2581363,3,2004-02-28
12393,817616,3,2004-02-16
12393,999504,2,2004-04-30
12393,1076372,3,2004-08-24
12393,340962,4,2004-10-18
12393,2220847,4,2005-04-18
12393,2548788,4,2005-04-20
12393,553998,3,2004-04-04
12393,1234139,3,2004-02-17
12393,1600557,4,2004-07-24
12393,846971,2,2004-03-03
12393,121369,3,2004-09-10
12393,2172649,3,2004-03-24
12393,1723909,3,2004-09-13
12393,1533313,1,2004-03-20
12393,2162901,1,2004-05-05
12393,306662,3,2004-02-14
12393,1319051,4,2004-04-28
12393,1354782,2,2004-05-07
12393,1789759,1,2004-02-20
12393,1820629,3,2004-04-07
12393,301086,3,2004-03-23
12393,1548623,2,2004-06-15
12393,1063273,4,2004-10-14
12393,383080,3,2004-10-28
12393,1274035,3,2004-11-06
12393,1732721,3,2004-11-13
12393,707238,3,2005-01-31
12393,1121818,4,2005-02-14
12393,165337,2,2004-02-13
12393,305452,1,2004-02-10
12393,2182464,1,2004-06-13
12393,277190,4,2004-05-21
12393,1300759,4,2004-04-05
12393,2413297,3,2004-11-22
12393,2051499,3,2004-02-10
12393,1619362,3,2005-07-26
12393,171096,3,2004-03-18
12393,2032291,3,2004-07-12
12393,1661009,2,2004-05-10
12393,801110,3,2004-03-27
12393,2442290,3,2004-03-20
12393,2547106,3,2004-04-23
12393,1446695,4,2005-06-02
