13826,1447783,2,2002-07-31
13826,2457291,1,2002-12-18
13826,1242432,3,2005-08-25
13826,2297996,5,2004-09-07
13826,925220,4,2004-04-06
13826,1575876,5,2004-04-05
13826,923969,5,2004-06-16
13826,86767,5,2004-04-20
13826,109094,3,2004-06-07
13826,1829959,2,2005-02-24
13826,1744889,2,2005-02-25
13826,862475,4,2005-05-03
13826,2630241,2,2005-12-13
13826,617164,4,2003-01-24
13826,174868,3,2005-07-10
13826,855860,4,2003-08-04
13826,568620,3,2005-07-26
13826,2555054,1,2005-08-11
13826,1220901,5,2004-06-16
13826,1720805,5,2004-05-08
13826,386324,4,2004-12-11
13826,738052,2,2004-12-12
13826,58248,3,2004-12-26
13826,1540303,5,2005-01-25
13826,2476197,2,2002-10-12
13826,2253124,5,2004-06-08
13826,1965000,5,2004-05-08
13826,1783566,4,2005-01-22
13826,835035,4,2005-02-07
13826,1807888,2,2005-06-22
13826,1006457,5,2005-11-21
13826,1750296,5,2005-12-28
13826,1192830,1,2002-09-08
13826,2151618,5,2004-07-26
13826,624334,1,2003-11-16
13826,1093275,2,2003-12-15
13826,2213550,2,2004-12-21
13826,2452166,3,2004-12-21
13826,2366800,5,2005-03-24
13826,622584,4,2005-03-31
13826,721754,5,2005-07-01
13826,1654137,3,2005-09-10
13826,2199258,3,2005-12-31
13826,1203892,3,2004-06-29
13826,273782,5,2002-10-30
13826,1549174,2,2003-08-15
13826,2442,3,2003-12-04
13826,1268452,3,2004-06-08
13826,1482784,5,2005-01-01
13826,459486,4,2005-03-14
13826,719347,3,2005-06-26
13826,1382530,3,2005-10-12
13826,862234,1,2005-07-18
13826,1190219,1,2002-08-19
13826,1145831,3,2002-07-27
13826,2188328,4,2003-06-18
13826,322178,1,2005-03-17
13826,1333,3,2005-04-05
13826,2025403,3,2005-05-18
13826,1640558,3,2005-09-07
13826,1451137,4,2005-09-29
13826,973476,1,2005-12-22
13826,870391,4,2003-02-14
13826,221091,4,2002-09-07
13826,972319,4,2005-07-25
13826,1520631,2,2004-06-11
13826,2369805,4,2004-06-18
13826,2543231,3,2005-08-17
13826,1495252,4,2004-02-13
13826,1781408,5,2004-03-31
13826,2319023,2,2004-08-17
13826,1974436,5,2004-11-08
13826,1732550,2,2004-09-26
13826,2541025,1,2004-09-27
13826,1424751,1,2004-10-24
13826,1348148,3,2004-12-14
13826,2383405,5,2005-02-06
13826,210234,3,2005-05-23
13826,2545871,5,2005-09-22
13826,1478381,4,2005-11-20
13826,1615997,4,2005-11-26
13826,800136,2,2002-12-31
13826,1241896,2,2002-11-20
13826,2609784,4,2003-05-12
13826,1455234,4,2004-05-09
13826,1488926,2,2004-05-12
13826,1845669,5,2003-09-02
13826,1915753,2,2004-04-15
13826,404888,5,2004-06-30
13826,2103249,4,2004-09-30
13826,2261600,2,2004-10-10
13826,1153585,3,2004-12-22
13826,1347444,1,2005-01-10
13826,2268800,3,2005-02-16
13826,2302066,2,2005-04-04
13826,507921,3,2005-05-05
13826,551643,1,2005-11-30
13826,1989649,3,2005-07-12
13826,343283,3,2002-12-27
13826,1170825,5,2005-07-28
13826,1226576,2,2003-05-02
13826,1890622,5,2004-07-14
13826,2133059,4,2003-03-21
13826,2297846,3,2004-07-09
13826,2181957,5,2005-01-24
13826,612895,3,2005-03-07
13826,2421051,2,2005-03-09
13826,315484,4,2005-04-28
13826,2300972,5,2005-05-31
13826,2540823,5,2005-12-28
13826,1803550,5,2005-08-03
13826,2622129,5,2004-08-31
13826,1036009,5,2004-07-19
13826,1364562,4,2003-03-19
13826,971977,2,2004-07-07
13826,1675105,3,2004-09-02
13826,2135792,2,2004-11-08
13826,2252238,5,2004-12-29
13826,1247370,3,2005-02-14
13826,565700,4,2002-12-08
13826,81379,3,2004-02-23
13826,2455592,4,2004-02-11
13826,1782515,5,2005-05-19
13826,1551042,5,2005-05-23
13826,2132124,1,2005-06-20
13826,1469354,3,2005-10-06
13826,289920,3,2005-11-07
13826,692692,4,2005-12-16
13826,2517596,3,2004-12-05
13826,696437,3,2004-04-29
13826,861239,4,2004-09-01
13826,1303245,3,2003-12-15
13826,1002575,4,2003-12-29
13826,287712,1,2005-08-30
13826,417816,3,2004-01-30
13826,2632854,4,2004-07-11
13826,1825049,2,2004-11-17
13826,2264326,5,2004-11-06
13826,735095,4,2004-12-11
13826,1197233,1,2005-02-17
13826,1771735,2,2005-10-26
13826,582273,1,2004-06-04
13826,1747154,4,2005-07-23
13826,43751,5,2002-09-28
13826,2425147,5,2002-09-11
13826,602800,5,2003-08-08
13826,1940966,3,2003-09-18
13826,1179117,4,2005-01-20
13826,1222,1,2005-02-02
13826,1759484,4,2005-10-21
13826,2627263,2,2005-11-17
13826,2430867,3,2005-12-10
13826,1504575,4,2004-02-02
13826,1261143,2,2004-03-22
13826,2572003,5,2003-10-09
13826,1915354,4,2004-08-20
13826,1679793,3,2004-05-07
13826,388617,4,2004-01-28
13826,290274,2,2004-03-24
13826,2009204,3,2004-07-29
13826,2119007,2,2005-10-06
13826,2014322,3,2003-11-01
13826,848193,5,2003-10-28
13826,817349,5,2004-07-12
13826,2284627,5,2003-02-11
13826,2160010,3,2005-08-17
13826,301969,4,2004-06-04
13826,1746015,3,2004-10-12
13826,1079573,4,2005-01-24
13826,1670102,5,2005-02-17
13826,1345420,3,2005-03-01
13826,526251,3,2005-05-22
13826,904434,1,2005-06-06
13826,401047,2,2005-06-08
13826,1150025,3,2005-12-16
13826,474691,4,2003-04-28
13826,2027309,5,2005-08-10
13826,390674,3,2003-08-05
13826,10567,4,2003-09-15
13826,1644832,2,2005-08-26
13826,2482836,3,2005-09-09
13826,2434675,3,2004-05-12
13826,1509395,4,2004-10-20
13826,2206704,3,2004-12-25
13826,2251449,3,2005-05-30
13826,1308744,1,2005-10-29
13826,103789,4,2005-10-30
13826,1858238,4,2004-05-03
13826,2422555,3,2004-03-03
13826,811139,2,2004-07-12
13826,885087,4,2004-11-23
13826,1460631,2,2005-01-06
13826,162679,3,2005-03-12
13826,1309838,5,2005-06-12
13826,979820,5,2005-06-26
13826,1003967,2,2005-09-18
13826,2429078,3,2005-11-16
13826,795769,2,2004-02-16
13826,2266166,1,2002-06-30
13826,1061353,3,2003-02-14
13826,1516629,2,2004-09-09
13826,329751,5,2004-11-02
13826,602053,1,2005-02-14
13826,2043555,4,2005-11-19
13826,1667659,4,2005-10-18
13826,1330131,3,2003-01-11
13826,1828904,3,2004-06-24
13826,557455,2,2004-05-10
13826,998653,4,2003-12-16
13826,757893,2,2004-09-27
13826,1051355,3,2004-12-18
13826,2047531,3,2004-12-27
13826,1276735,4,2005-06-28
13826,1112674,3,2005-11-03
13826,1648084,3,2005-07-05
13826,256656,5,2004-08-17
13826,1511683,1,2003-07-11
13826,1029642,3,2004-07-13
13826,1001129,2,2005-01-02
13826,1613882,2,2005-11-18
13826,486399,3,2003-05-16
13826,1463862,2,2004-08-20
13826,196259,4,2003-08-21
13826,567822,4,2004-01-09
13826,1518071,3,2003-07-09
13826,2606639,1,2003-09-12
13826,2185187,4,2003-09-17
13826,208113,1,2004-03-17
13826,760072,4,2004-12-27
13826,2424839,3,2005-02-21
13826,1046762,4,2005-03-07
13826,132073,5,2005-03-23
13826,789969,3,2005-04-01
13826,2433476,2,2005-06-20
13826,1944684,3,2005-07-11
13826,1447639,2,2002-08-16
13826,2591987,3,2002-09-11
13826,543299,3,2003-06-12
13826,1952433,2,2005-02-19
13826,513210,5,2004-10-29
13826,1927580,2,2004-12-09
13826,670125,5,2005-01-03
13826,1124272,3,2005-02-22
13826,2344669,4,2005-04-08
13826,2436583,1,2005-05-02
13826,231325,5,2005-05-18
13826,2174370,4,2005-09-18
13826,1292969,2,2003-02-13
13826,2005504,3,2003-04-14
13826,1265952,3,2002-08-26
13826,417641,5,2003-11-07
13826,220627,4,2004-04-12
13826,215939,1,2004-04-22
13826,436122,2,2004-06-03
13826,1605187,4,2004-09-22
13826,1858685,4,2005-02-03
13826,2243517,4,2005-03-21
13826,1212467,2,2005-10-27
13826,1719111,4,2005-07-15
13826,2594621,3,2003-02-14
13826,914338,2,2004-02-09
13826,395747,2,2003-04-28
13826,572122,3,2004-05-30
13826,461390,3,2005-08-22
13826,2105136,4,2004-10-07
13826,831643,3,2004-10-13
13826,2245673,5,2004-12-06
13826,2413747,1,2005-01-25
13826,2066072,3,2005-03-09
13826,1416624,2,2005-07-05
13826,1862392,3,2004-04-07
13826,1269771,2,2004-01-15
13826,727242,1,2004-12-22
13826,126732,4,2005-01-28
13826,1045893,3,2005-05-12
13826,2406034,1,2005-06-20
13826,341468,4,2005-11-07
13826,862550,4,2005-12-11
13826,884944,3,2005-07-13
13826,443193,3,2004-01-08
13826,401707,4,2003-07-09
13826,1083538,3,2003-08-27
13826,2294328,2,2003-07-11
13826,211659,4,2004-05-18
13826,882429,5,2004-07-12
13826,195265,4,2004-10-07
13826,1657133,4,2004-10-22
13826,2631986,1,2004-12-21
13826,2477458,3,2005-05-20
13826,1562015,4,2005-11-12
13826,190286,3,2004-07-16
13826,2012363,4,2004-08-16
13826,2034442,5,2004-07-09
13826,2046974,5,2004-05-23
13826,1076434,2,2004-11-26
13826,98179,4,2005-03-17
13826,704223,5,2005-10-13
13826,2551806,4,2004-01-02
13826,1548706,4,2005-07-24
13826,803128,3,2002-10-23
13826,917253,1,2003-09-22
13826,2221050,5,2004-07-13
13826,2109261,3,2004-02-14
13826,2574346,2,2004-02-15
13826,778615,4,2004-11-11
13826,1918316,3,2004-12-15
13826,2045556,3,2005-01-07
13826,1272379,1,2005-01-19
13826,1466096,1,2005-03-22
13826,892329,2,2005-03-24
13826,938693,2,2005-06-22
13826,857377,4,2005-09-19
13826,2059620,3,2003-11-22
13826,586905,1,2003-07-21
13826,1990391,5,2003-10-17
13826,2506455,2,2004-05-09
13826,2329026,4,2004-05-06
13826,1079323,4,2004-12-21
13826,1313457,3,2005-01-07
13826,109124,4,2005-03-03
13826,251863,3,2005-12-28
13826,2583140,1,2003-07-12
13826,1132940,2,2003-08-20
13826,389966,5,2005-08-29
13826,2437901,3,2004-06-07
13826,117193,3,2004-02-23
13826,2362908,4,2004-02-03
13826,2264332,2,2004-10-12
13826,1399144,3,2004-11-22
13826,2494252,3,2005-05-26
13826,1678107,5,2005-06-25
13826,1203646,3,2004-08-31
13826,1517889,4,2005-08-06
13826,689978,4,2004-04-20
13826,2373203,5,2003-11-05
13826,1759205,4,2004-06-13
13826,1187712,4,2004-09-28
13826,164845,1,2005-03-04
13826,2350613,4,2005-06-19
13826,2186409,2,2005-11-08
13826,1233695,4,2003-12-23
13826,2062763,3,2003-06-30
13826,485152,1,2002-07-13
13826,286153,4,2004-09-08
13826,636262,3,2005-08-26
13826,973691,3,2005-09-26
13826,2582384,3,2004-08-16
13826,1612774,3,2002-09-16
13826,2237185,2,2003-02-14
13826,2645451,2,2002-07-09
13826,850764,2,2002-11-19
13826,1926750,3,2004-06-15
13826,1494681,2,2004-05-04
13826,544779,3,2004-08-14
13826,972186,4,2004-04-25
13826,1869624,5,2005-02-04
13826,869290,4,2005-05-31
13826,2458231,4,2005-07-21
13826,1124126,1,2005-09-10
13826,527631,4,2004-06-28
13826,2333987,2,2004-10-19
13826,1750374,3,2004-10-19
13826,1405556,5,2004-12-29
13826,812995,1,2005-04-17
13826,915726,5,2005-06-10
13826,1908066,3,2005-06-28
13826,1232747,4,2005-07-08
13826,94915,1,2002-07-17
13826,2339981,4,2004-06-11
13826,340392,4,2004-08-24
13826,1100363,4,2002-09-19
13826,102919,4,2003-11-20
13826,1253532,3,2004-03-22
13826,2022285,5,2004-06-08
13826,596474,4,2004-06-21
13826,2133408,4,2004-07-13
13826,340386,2,2004-07-10
13826,736671,4,2004-07-19
13826,747833,3,2004-11-10
13826,2540389,2,2005-02-28
13826,1629666,4,2005-11-30
13826,447282,4,2003-11-16
13826,2635913,3,2003-04-04
13826,2439493,1,2003-01-15
13826,1687459,4,2004-05-24
13826,1047830,3,2005-08-30
13826,2542018,3,2005-09-04
13826,712212,1,2003-11-12
13826,201299,3,2004-07-05
13826,441972,2,2004-05-19
13826,289217,3,2004-12-10
13826,1990169,3,2005-02-08
13826,71795,4,2005-05-03
13826,530789,4,2005-09-13
13826,1889044,4,2005-09-22
13826,2471102,5,2005-10-05
13826,766840,1,2004-05-03
13826,631315,3,2004-05-12
13826,387262,4,2004-08-17
13826,2089577,2,2004-05-15
13826,97578,3,2003-09-28
13826,1589177,4,2004-06-21
13826,165374,3,2004-04-30
13826,798222,4,2004-09-22
13826,425678,5,2005-02-02
13826,1816857,1,2005-02-22
13826,1989364,3,2005-11-30
13826,1598514,2,2003-12-20
13826,2040306,3,2004-09-10
13826,1919604,2,2004-09-11
13826,715083,3,2004-09-29
13826,2369051,4,2004-11-01
13826,220904,5,2005-05-06
13826,385295,5,2005-06-09
13826,805799,3,2005-12-04
13826,651761,3,2005-07-05
13826,2197259,2,2004-08-10
13826,1223867,5,2003-09-18
13826,2053984,3,2004-03-05
13826,1555089,4,2004-07-20
13826,1892264,4,2004-06-12
13826,50553,3,2004-04-29
13826,2442531,2,2004-08-17
13826,1546731,3,2004-10-18
13826,895915,3,2004-10-21
13826,2117341,4,2005-06-16
13826,556756,5,2005-06-29
13826,1116080,2,2005-07-09
13826,1700893,5,2004-04-26
13826,342695,3,2002-07-25
13826,1698330,3,2004-06-04
13826,35714,5,2005-08-07
13826,474410,3,2003-07-09
13826,1090765,4,2004-08-28
13826,186809,3,2004-01-29
13826,1459890,3,2004-06-29
13826,1173335,4,2004-09-05
13826,1901876,3,2005-02-01
13826,1466212,2,2005-02-23
13826,1045551,3,2005-04-08
13826,445075,4,2005-04-26
13826,683826,3,2005-10-27
13826,585412,4,2005-11-26
13826,468837,2,2004-05-10
13826,2030676,4,2004-01-15
13826,1517010,4,2004-06-21
13826,1471987,3,2004-11-05
13826,890310,3,2005-02-23
13826,1924879,3,2005-04-06
13826,1244407,4,2005-09-30
13826,959497,2,2005-10-15
13826,1012724,4,2005-12-22
13826,583773,1,2002-11-14
13826,1791842,3,2004-03-20
13826,460092,1,2003-11-02
13826,88278,3,2005-08-23
13826,2581799,1,2004-09-11
13826,1458118,3,2004-07-30
13826,1710762,4,2004-07-27
13826,33242,5,2005-01-19
13826,1532247,2,2005-03-01
13826,1463935,4,2005-03-14
13826,1550933,3,2005-05-09
13826,2593617,4,2005-11-08
13826,2162676,5,2005-08-01
13826,1612590,5,2003-06-30
13826,1051993,1,2005-06-25
13826,1995385,5,2005-09-13
13826,2428999,3,2005-09-20
13826,211166,3,2005-07-16
13826,717555,4,2005-07-22
13826,671721,1,2003-01-27
13826,2128440,4,2004-06-11
13826,123384,3,2003-04-01
13826,1161433,4,2004-05-18
13826,2173550,5,2004-06-04
13826,1861093,2,2004-03-28
13826,1403686,5,2004-07-27
13826,2155681,5,2005-01-25
13826,171342,5,2005-02-02
13826,2294798,3,2005-05-17
13826,1588718,4,2005-12-02
13826,1346243,4,2005-12-31
13826,1771358,3,2004-02-21
13826,1759021,2,2004-03-25
13826,578237,3,2003-10-07
13826,338553,5,2005-08-27
13826,1046918,3,2003-10-14
13826,2321822,3,2004-06-14
13826,341692,5,2004-08-17
13826,1004864,4,2005-03-05
13826,2559271,5,2005-06-18
13826,285728,4,2005-07-12
13826,2043517,4,2005-08-07
13826,1234299,1,2003-10-27
13826,864022,1,2003-07-09
13826,2101124,4,2004-04-29
13826,310383,4,2004-02-28
13826,2205093,3,2004-10-24
13826,592445,4,2004-11-17
13826,2045712,4,2005-03-01
13826,760061,2,2005-04-20
13826,2465246,4,2003-10-28
13826,836008,1,2005-07-31
13826,1621166,1,2004-06-10
13826,2301929,5,2003-12-12
13826,2426630,5,2004-02-04
13826,1517387,1,2004-05-17
13826,2400904,3,2005-06-29
13826,533473,5,2005-09-17
13826,1244247,2,2004-05-20
13826,13266,5,2004-08-22
13826,2266549,5,2003-10-06
13826,342420,5,2004-04-21
13826,1667831,5,2003-11-22
13826,1010629,4,2004-09-02
13826,1117735,5,2004-10-15
13826,689925,1,2004-12-15
13826,1028463,5,2004-12-29
13826,960635,5,2005-02-22
13826,1621533,5,2005-11-03
13826,2404972,4,2005-11-09
13826,1684471,4,2005-11-12
13826,1196694,4,2003-01-24
13826,151136,2,2004-03-16
13826,981177,5,2002-11-25
13826,2157096,5,2003-05-02
13826,2374287,3,2005-08-22
13826,1699845,2,2004-01-21
13826,535761,4,2003-07-24
13826,1268699,3,2004-07-19
13826,1116129,5,2005-03-15
13826,294994,1,2005-05-19
13826,1173675,1,2005-11-17
13826,1730026,1,2005-11-21
13826,1448013,3,2002-08-08
13826,1880034,5,2003-05-16
13826,396052,3,2004-07-06
13826,1788733,5,2005-08-28
13826,1717675,3,2004-08-17
13826,127581,2,2004-10-09
13826,587662,4,2005-03-03
13826,2111666,1,2005-04-01
13826,2242622,3,2005-10-28
13826,2153952,5,2005-07-17
13826,1234163,4,2003-09-26
13826,111033,3,2003-07-15
13826,1227730,3,2002-08-21
13826,2179700,4,2004-07-20
13826,1523969,4,2005-08-12
13826,2412908,2,2004-06-15
13826,1810670,3,2004-07-11
13826,952156,4,2004-03-12
13826,1943755,4,2004-12-16
13826,2193184,4,2005-03-13
13826,1481169,5,2005-10-21
13826,2397237,2,2005-11-14
13826,1073293,4,2005-07-18
13826,1646543,3,2002-12-03
13826,341814,4,2003-06-30
13826,70483,2,2003-09-19
13826,33346,4,2003-03-31
13826,1119113,1,2005-08-05
13826,1153001,2,2003-01-14
13826,1387650,3,2003-06-02
13826,1241060,4,2004-01-06
13826,1458218,4,2005-08-18
13826,2365581,4,2004-07-12
13826,1903324,1,2004-12-08
13826,2432905,5,2005-02-18
13826,1544499,3,2005-02-24
13826,71426,5,2005-03-01
13826,96302,1,2005-03-18
13826,2059051,5,2005-12-04
13826,2633545,3,2004-04-29
13826,382891,3,2004-10-19
13826,2584492,4,2004-10-29
13826,2490554,2,2004-12-14
13826,818752,5,2005-01-05
13826,2607225,3,2005-02-08
13826,1176913,3,2005-03-28
13826,1287939,3,2005-10-03
13826,1088677,3,2005-11-01
13826,1612135,3,2005-11-28
13826,1532724,3,2003-08-26
13826,2296492,3,2003-09-11
13826,1952775,5,2004-04-22
13826,1004697,5,2004-09-22
13826,1839692,5,2005-02-21
13826,2240492,4,2005-06-02
13826,965104,3,2005-11-07
13826,250854,5,2002-09-06
13826,2513879,1,2005-07-26
13826,738445,4,2004-03-16
13826,1788855,4,2003-03-03
13826,1185731,3,2003-09-11
13826,170474,5,2003-08-17
13826,259144,3,2005-09-02
13826,1048749,5,2004-08-22
13826,2324320,4,2004-05-20
13826,2470555,3,2004-11-06
13826,1398135,3,2004-11-08
13826,139669,2,2004-12-18
13826,518677,4,2005-03-03
13826,1015864,4,2005-05-21
13826,107842,5,2005-09-11
13826,773694,1,2005-10-03
13826,382672,3,2005-07-20
13826,2196119,1,2004-01-06
13826,2450141,5,2005-07-24
13826,493009,5,2005-07-31
13826,596995,5,2003-12-08
13826,3522,4,2004-07-28
13826,2454683,3,2004-06-03
13826,388514,5,2004-10-23
13826,225047,3,2004-10-28
13826,1431710,4,2004-12-14
13826,2403703,3,2005-09-15
13826,1454690,2,2003-02-24
13826,1876520,3,2003-07-11
13826,1988854,4,2005-08-18
13826,1936110,2,2004-05-08
13826,265979,1,2004-02-24
13826,1020494,3,2004-02-07
13826,42147,2,2004-10-11
13826,2153388,4,2004-11-13
13826,1285743,5,2005-01-12
13826,1636021,4,2005-01-25
13826,1123667,2,2005-03-16
13826,1225003,4,2005-04-04
13826,849300,3,2005-04-14
13826,1218004,4,2005-04-16
13826,504989,4,2005-05-06
13826,798148,4,2005-09-23
13826,973784,4,2005-07-11
13826,2160527,3,2005-07-17
13826,2068865,4,2004-07-19
13826,1309771,4,2003-01-23
13826,1909219,3,2003-07-30
13826,1813617,2,2003-12-18
13826,1742530,3,2004-02-07
13826,2238194,1,2004-10-14
13826,1187507,4,2004-10-31
13826,442403,3,2004-12-08
13826,2166213,3,2004-12-11
13826,2352305,3,2005-01-19
13826,1794722,5,2005-01-27
13826,1105029,3,2005-02-08
13826,2140269,4,2005-02-23
13826,454512,4,2005-03-07
13826,530137,5,2005-06-04
13826,923646,5,2005-10-27
13826,1100798,3,2002-08-01
13826,1629315,1,2005-07-12
13826,2334642,3,2003-11-10
13826,1213113,4,2005-08-09
13826,1869440,4,2003-11-20
13826,431958,4,2004-06-29
13826,2338225,5,2003-03-21
13826,1797234,1,2004-03-04
13826,784797,3,2004-11-30
13826,1313257,2,2005-03-26
13826,1376007,3,2005-03-31
13826,2285688,4,2005-07-18
13826,2127497,3,2004-01-25
13826,1277212,3,2003-12-09
13826,1838159,4,2004-11-18
13826,173474,3,2004-12-18
13826,1972583,1,2005-02-11
13826,2565757,1,2005-05-24
13826,114882,2,2005-06-19
13826,538274,2,2005-06-22
13826,266395,4,2005-11-16
13826,181592,3,2002-08-23
13826,1995832,3,2003-05-21
13826,1741892,3,2003-03-10
13826,1137666,4,2005-08-08
13826,1011674,5,2003-12-30
13826,856858,3,2004-11-15
13826,1449810,3,2004-12-19
13826,407424,3,2005-01-04
13826,2589029,3,2005-02-06
13826,252114,4,2005-02-17
13826,1062123,1,2005-12-12
13826,2088059,3,2003-07-09
13826,2072762,5,2003-08-29
13826,434101,5,2005-08-08
13826,2221229,4,2005-08-18
13826,1075330,1,2004-03-12
13826,310549,2,2004-11-29
13826,2291804,4,2004-12-30
13826,777619,3,2005-02-16
13826,515077,5,2005-05-19
13826,2617902,3,2005-06-14
13826,1771365,3,2005-06-27
13826,2076358,1,2004-04-10
13826,274257,2,2005-08-18
13826,1694985,2,2005-06-13
13826,151821,4,2005-06-16
13826,1613378,5,2005-11-05
13826,396029,5,2005-07-13
13826,299857,3,2002-10-19
13826,952020,3,2004-08-27
13826,2170886,4,2005-09-02
13826,1562542,5,2004-09-09
13826,512101,4,2004-06-07
13826,778430,5,2004-07-29
13826,1502677,4,2005-01-28
13826,2639681,3,2005-03-16
13826,653361,4,2005-06-20
13826,847338,2,2005-09-17
13826,308757,1,2005-09-30
13826,853795,3,2002-12-24
13826,2642486,4,2004-06-17
13826,1278877,2,2003-12-02
13826,409111,5,2004-05-14
13826,888326,4,2004-12-12
13826,528192,1,2005-01-04
13826,1399778,5,2005-02-09
13826,2084213,3,2005-11-06
13826,1546024,3,2005-11-18
13826,488091,4,2005-12-05
13826,1680283,4,2004-09-15
13826,2513650,3,2002-12-20
13826,2190222,4,2004-03-10
13826,868783,5,2004-10-19
13826,1664222,5,2005-01-07
13826,2570868,3,2005-05-30
13826,2517279,2,2002-08-20
13826,2570444,5,2002-08-28
13826,290360,3,2004-01-05
13826,647401,3,2004-08-08
13826,465439,4,2003-09-24
13826,2256986,1,2004-03-13
13826,1085488,4,2004-11-04
13826,2512391,3,2004-11-21
13826,1827608,3,2004-12-06
13826,2189295,4,2004-12-07
13826,23051,2,2005-01-09
13826,1495724,4,2005-09-23
13826,784621,2,2005-11-08
13826,2547874,5,2005-11-09
13826,1921972,2,2005-11-22
13826,661153,5,2003-02-17
13826,1538393,2,2002-11-24
13826,1753870,5,2005-08-03
13826,2379395,2,2002-10-06
13826,2415495,3,2005-08-27
13826,1025897,4,2004-11-10
13826,1250335,3,2005-01-23
13826,1031887,2,2005-12-03
13826,592281,4,2002-08-09
13826,955719,1,2003-09-02
13826,2237150,3,2004-10-17
13826,1789478,5,2004-12-12
13826,1214640,4,2004-12-16
13826,2385481,3,2005-01-22
13826,2064432,2,2005-05-25
13826,588285,1,2005-10-31
13826,1979488,3,2004-03-09
13826,1265662,4,2002-09-27
13826,2264864,2,2004-04-09
13826,437604,3,2004-04-03
13826,1747200,1,2004-07-20
13826,404002,4,2004-11-05
13826,1168585,3,2005-02-23
13826,2517498,3,2005-02-28
13826,2220245,4,2005-06-03
13826,2485979,5,2005-11-04
13826,2229280,3,2005-07-11
13826,1595703,1,2005-07-18
13826,909432,2,2003-02-24
13826,1838365,5,2004-02-25
13826,2123856,2,2005-08-27
13826,82933,3,2004-05-10
13826,766368,3,2004-01-20
13826,1707099,2,2004-05-03
13826,1825866,2,2004-07-03
13826,395610,5,2004-05-21
13826,391590,5,2004-10-26
13826,2243812,5,2005-01-06
13826,2229724,5,2005-01-20
13826,446693,3,2005-06-29
13826,1858305,1,2005-09-18
13826,2192990,5,2005-07-15
13826,1297377,3,2002-09-06
13826,1252560,3,2003-05-21
13826,635339,3,2004-05-25
13826,1054416,5,2005-08-18
13826,1247689,4,2004-08-20
13826,516946,3,2004-07-27
13826,303270,2,2004-10-19
13826,2598431,5,2004-11-16
13826,849059,4,2005-09-22
13826,1091890,3,2005-12-14
13826,882439,4,2005-07-11
13826,2227283,4,2003-01-15
13826,295823,5,2004-08-12
13826,1093117,2,2003-05-02
13826,308422,5,2004-04-10
13826,1406938,4,2004-03-09
13826,1973244,3,2004-08-23
13826,2608587,5,2004-11-03
13826,1639739,5,2004-11-10
13826,977825,2,2005-03-21
13826,813622,2,2005-06-17
13826,2252212,4,2005-06-29
13826,241960,3,2002-09-03
13826,2449788,3,2003-09-29
13826,882711,5,2004-02-13
13826,2086265,1,2003-10-20
13826,2240770,3,2004-05-14
13826,1042938,4,2004-03-12
13826,422485,3,2004-03-24
13826,768176,3,2003-04-08
13826,2538611,4,2002-10-29
13826,713769,4,2005-08-02
13826,1441618,4,2002-07-28
13826,1110382,2,2004-01-13
13826,1348610,1,2004-04-19
13826,1568512,4,2004-05-20
13826,2118885,3,2004-09-29
13826,2352850,1,2005-02-02
13826,1752315,2,2005-06-02
13826,595455,3,2005-06-10
13826,2063814,4,2005-07-02
13826,1452537,4,2005-07-03
13826,1591359,3,2005-11-04
13826,1279851,2,2005-12-05
13826,1351793,4,2003-11-26
13826,758661,5,2002-11-20
13826,1041749,5,2003-08-06
13826,2442218,1,2004-04-13
13826,1723385,5,2004-01-18
13826,995303,5,2004-05-05
13826,1349682,3,2004-10-15
13826,962359,4,2004-10-25
13826,729912,3,2004-11-10
13826,1993445,5,2005-05-13
13826,2372856,4,2005-06-29
13826,1711229,4,2005-09-18
13826,1664010,4,2005-10-13
13826,1902838,3,2002-06-30
13826,922042,2,2004-05-08
13826,865076,2,2004-06-17
13826,2132051,2,2004-04-26
13826,857496,2,2004-12-08
13826,1225799,3,2005-02-02
13826,1857227,4,2005-05-24
13826,2327743,2,2005-10-28
13826,1138626,3,2005-11-06
13826,1323763,4,2005-12-20
13826,1409104,3,2005-12-24
13826,907023,3,2002-07-31
13826,871312,5,2003-09-27
13826,1219903,1,2004-11-29
13826,1237811,5,2005-01-19
13826,2258425,5,2005-02-26
13826,2359749,5,2005-02-28
13826,427693,5,2005-04-02
13826,1416998,5,2005-09-14
13826,2513873,4,2005-09-29
13826,984085,2,2005-10-02
13826,2424335,3,2005-11-15
13826,2386483,1,2003-02-11
13826,507094,4,2004-09-15
13826,576990,1,2004-12-17
13826,129249,3,2005-04-18
13826,2485784,3,2005-09-14
13826,64801,3,2002-12-05
13826,910244,3,2004-03-09
13826,1550427,2,2004-08-10
13826,2404142,3,2004-04-20
13826,1918525,1,2004-06-02
13826,1207990,3,2004-06-16
13826,1714654,4,2004-01-13
13826,708476,3,2004-06-02
13826,1351603,2,2005-01-19
13826,329958,1,2005-12-07
13826,404629,4,2005-02-17
13826,1156584,5,2005-02-17
13826,2244575,4,2005-04-18
13826,1519990,2,2005-05-21
13826,591203,4,2005-06-28
13826,458017,3,2005-07-21
13826,2524866,3,2004-07-13
13826,2303319,5,2004-09-12
13826,1382551,5,2004-11-11
13826,2182331,1,2004-12-28
13826,796100,4,2005-02-18
13826,2586135,5,2005-03-02
13826,668643,3,2005-09-11
13826,455024,4,2005-10-23
13826,168190,4,2005-11-28
13826,1659194,4,2005-02-19
13826,1604031,5,2004-04-19
13826,1976467,4,2004-06-22
13826,2379864,2,2004-10-25
13826,1522240,3,2005-02-03
13826,1281572,2,2005-02-06
13826,1493191,1,2005-02-09
13826,163263,3,2005-03-13
13826,2478753,4,2005-05-06
13826,1228787,3,2005-12-12
13826,1121739,4,2005-08-02
13826,618256,4,2002-06-30
13826,1802392,2,2002-09-06
13826,2021366,5,2004-07-16
13826,308894,5,2003-03-24
13826,222767,2,2004-05-26
13826,2523636,1,2004-06-28
13826,464736,2,2004-07-11
13826,2268553,5,2005-01-12
13826,1596514,4,2005-01-29
13826,1382569,1,2005-11-10
13826,1064437,3,2004-03-19
13826,721524,3,2004-10-19
13826,873713,1,2004-10-25
13826,935151,2,2004-11-05
13826,1734814,5,2005-01-11
13826,1670008,4,2005-01-20
13826,1098695,3,2005-04-06
13826,2280393,5,2005-04-28
13826,2542635,2,2005-06-29
13826,1058842,3,2002-07-23
13826,34300,4,2004-06-17
13826,1949534,2,2003-04-16
13826,2580565,3,2004-02-04
13826,1761177,4,2005-08-05
13826,2637886,4,2004-05-22
13826,1140151,5,2003-09-16
13826,918157,5,2005-08-27
13826,185330,4,2005-09-06
13826,1459955,1,2004-08-25
13826,1232740,1,2004-07-20
13826,2259547,2,2004-08-31
13826,554192,3,2003-07-26
13826,367223,1,2004-06-08
13826,950498,4,2005-02-01
13826,2411909,5,2005-05-15
13826,2259696,4,2005-11-23
13826,1049321,2,2005-07-14
13826,991768,4,2002-11-26
13826,720110,5,2004-07-29
13826,1908593,1,2003-09-16
13826,1799948,4,2004-05-02
13826,615750,1,2004-10-23
13826,2638348,4,2004-11-22
13826,2633061,1,2005-01-19
13826,2197278,5,2005-12-14
13826,1627242,5,2003-03-14
13826,1542754,5,2003-09-22
13826,184633,3,2005-08-26
13826,1036336,4,2004-06-08
13826,442745,2,2004-01-14
13826,2385,5,2005-05-04
13826,347276,4,2005-01-31
13826,1298511,3,2003-07-07
13826,659308,4,2003-09-15
13826,1311381,5,2004-06-08
13826,1784576,3,2002-09-20
13826,1838186,3,2005-08-12
13826,1904364,4,2003-12-01
13826,1599233,4,2004-03-09
13826,1744418,3,2004-10-25
13826,1282217,4,2005-01-08
13826,866475,4,2005-02-09
13826,1517756,1,2005-03-17
13826,1245018,5,2005-12-06
13826,472180,3,2004-06-20
13826,86246,3,2004-05-10
13826,1780491,3,2002-10-10
13826,61224,3,2004-06-11
13826,238130,4,2004-03-17
13826,1664306,4,2004-07-15
13826,1704966,4,2004-11-12
13826,1346188,3,2005-02-24
13826,1697520,5,2005-02-28
13826,724330,2,2003-04-30
13826,2571894,2,2002-08-14
13826,1693581,3,2005-08-05
13826,1409332,4,2005-08-19
13826,1086481,1,2004-03-18
13826,2149829,4,2004-10-20
13826,2451473,4,2005-01-05
13826,1874713,3,2005-03-07
13826,2047597,4,2005-07-11
13826,325552,4,2002-06-25
13826,2383737,3,2002-10-19
13826,1850634,1,2003-04-16
13826,2332012,3,2005-08-27
13826,1127876,3,2003-09-12
13826,715783,2,2004-06-01
13826,1656783,5,2004-10-23
13826,26334,3,2005-01-11
13826,35812,3,2005-03-02
13826,1935793,1,2005-04-04
13826,1343112,2,2005-04-11
13826,186539,5,2005-09-20
13826,1483098,3,2004-03-23
13826,2100306,4,2003-11-08
13826,532439,3,2004-04-19
13826,2194719,2,2004-03-12
13826,2088664,2,2004-10-22
13826,1821301,4,2004-10-28
13826,1349595,4,2004-10-29
13826,2318164,4,2005-03-23
13826,2382831,3,2005-05-02
13826,1607163,2,2005-06-22
13826,345657,3,2002-11-15
13826,1694103,2,2002-07-29
13826,1100816,4,2005-08-07
13826,2200487,5,2005-08-07
13826,43729,5,2005-08-08
13826,621708,5,2004-07-18
13826,922551,4,2004-12-11
13826,384255,3,2005-02-01
13826,1852594,1,2005-06-11
13826,595095,3,2005-06-16
13826,1940324,2,2005-06-27
13826,2571785,2,2005-10-15
13826,146249,4,2005-07-06
13826,418688,4,2004-02-17
13826,460006,3,2004-03-20
13826,1663717,2,2003-09-15
13826,1603005,5,2003-08-01
13826,1767457,3,2003-09-15
13826,1192969,4,2004-04-25
13826,1197048,1,2004-09-20
13826,1706691,5,2004-11-25
13826,2068698,2,2004-11-29
13826,1274640,5,2005-05-28
13826,1539122,5,2005-09-21
13826,1946107,5,2003-08-11
13826,593240,4,2004-04-05
13826,928455,4,2004-10-27
13826,1820669,4,2004-12-06
13826,3321,1,2005-07-25
13826,2636478,1,2003-08-21
13826,2469190,3,2004-06-12
13826,624266,3,2004-09-09
13826,1420761,1,2004-02-23
13826,608234,2,2004-11-08
13826,1937661,3,2004-12-25
13826,776976,5,2005-01-19
13826,599291,3,2005-01-24
13826,1744702,3,2005-03-16
13826,777665,4,2005-09-12
13826,112076,4,2005-11-29
13826,1974302,1,2004-03-17
13826,561377,4,2004-06-01
13826,653682,3,2004-10-16
13826,2225743,1,2004-10-18
13826,1115363,2,2004-11-02
13826,1595876,5,2004-12-13
13826,1580014,4,2005-09-11
13826,675048,4,2003-12-06
13826,1580936,3,2002-11-04
13826,1280050,3,2005-09-04
13826,1698021,1,2004-06-18
13826,2040186,4,2005-02-15
13826,628204,1,2005-10-19
13826,1405256,2,2003-08-21
13826,2188984,4,2003-01-10
13826,1937640,3,2004-07-19
13826,1306008,5,2004-08-13
13826,193838,5,2004-08-29
13826,2585136,3,2005-02-22
13826,2604501,1,2005-02-23
13826,1275187,5,2005-03-22
13826,2551046,4,2005-10-09
13826,1375565,2,2003-08-04
13826,1960115,5,2005-08-19
13826,1741126,4,2003-08-06
13826,700049,5,2002-12-03
13826,1900445,4,2002-11-03
13826,2357036,3,2003-05-07
13826,237272,3,2003-08-24
13826,407581,4,2004-04-28
13826,1486551,2,2004-01-06
13826,2295501,5,2004-05-12
13826,2265782,5,2004-02-03
13826,2519299,2,2004-03-12
13826,1317671,1,2004-10-11
13826,158428,1,2004-12-08
13826,2320734,3,2005-02-06
13826,1574597,3,2004-03-18
13826,815418,2,2003-08-11
13826,1744504,2,2004-05-30
13826,268872,4,2004-10-20
13826,2201356,4,2004-11-04
13826,789535,4,2004-11-17
13826,1139925,4,2005-07-08
13826,2490545,3,2002-10-11
13826,333844,3,2004-08-12
13826,1540466,5,2003-10-08
13826,2185123,3,2004-02-14
13826,1818507,2,2004-05-17
13826,2296538,5,2004-10-22
13826,920065,5,2004-12-22
13826,1272813,3,2005-11-15
13826,670416,1,2002-09-03
13826,1532422,4,2003-08-27
13826,1865249,3,2004-06-04
13826,1310822,4,2004-04-26
13826,2031435,3,2004-12-11
13826,2061662,4,2005-01-19
13826,1747911,5,2005-12-04
13826,757756,4,2004-07-06
13826,271346,3,2002-08-22
13826,1906710,5,2005-08-05
13826,1875008,2,2003-07-07
13826,1336784,2,2004-02-24
13826,2476145,5,2003-11-13
13826,720060,5,2004-06-08
13826,1630415,5,2005-10-14
13826,1402612,1,2005-11-26
13826,2622351,3,2002-06-23
13826,1833392,4,2004-07-27
13826,2254261,1,2003-04-16
13826,330566,4,2005-08-18
13826,1749421,1,2003-09-23
13826,786543,4,2003-12-08
13826,2463719,3,2004-01-15
13826,1965332,4,2004-11-18
13826,2168053,2,2004-12-01
13826,1950314,3,2004-12-08
13826,1506616,5,2005-01-10
13826,1511008,4,2005-03-23
13826,2151973,3,2005-09-17
13826,618343,5,2005-10-25
13826,1769206,5,2005-10-30
13826,664705,4,2004-07-07
13826,237980,5,2004-04-29
13826,1585823,3,2005-08-23
13826,647979,3,2004-05-06
13826,1188876,3,2004-09-14
13826,1015675,2,2004-05-13
13826,1653339,2,2004-11-01
13826,2256485,1,2004-12-17
13826,1954085,3,2005-02-05
13826,2495419,5,2005-02-23
13826,1085925,4,2005-05-05
13826,2382729,2,2005-09-10
13826,450949,4,2004-09-05
13826,841810,4,2004-03-12
13826,2118838,5,2005-08-24
13826,2518612,1,2004-04-22
13826,1447600,3,2004-06-19
13826,1452773,3,2004-10-25
13826,2500178,3,2004-11-26
13826,395550,4,2004-12-11
13826,333369,2,2005-01-07
13826,957063,2,2005-01-20
13826,207747,4,2005-05-27
13826,1741289,3,2004-04-12
13826,331278,1,2004-05-13
13826,2080482,4,2004-01-29
13826,2057089,3,2005-09-07
13826,1190910,4,2004-01-08
13826,1495376,3,2005-01-24
13826,2009653,2,2005-02-24
13826,352359,3,2005-11-05
13826,1407227,3,2005-11-18
13826,589368,1,2002-09-28
13826,1501629,3,2003-08-18
13826,2438140,4,2004-07-01
13826,2152650,1,2004-05-19
13826,1567970,3,2004-09-20
13826,1840900,4,2005-07-02
13826,1582952,4,2003-12-30
13826,1114396,3,2003-09-18
13826,2227983,3,2002-11-09
13826,1991006,3,2004-09-18
13826,459815,5,2004-10-25
13826,38129,2,2004-11-14
13826,688893,1,2005-05-03
13826,58485,3,2005-09-17
13826,1867352,5,2005-11-16
13826,1597827,5,2005-12-06
13826,35278,4,2002-11-24
13826,2458107,5,2002-07-10
13826,755163,1,2003-09-10
13826,427120,2,2005-08-18
13826,672715,3,2003-11-01
13826,863045,2,2004-05-17
13826,2542267,3,2004-01-08
13826,40952,3,2005-01-24
13826,2015117,4,2005-02-08
13826,2035835,2,2005-12-15
13826,2034654,3,2002-09-29
13826,929499,3,2003-10-28
13826,165013,2,2005-02-14
13826,201518,1,2005-04-27
13826,2361905,5,2005-11-01
13826,1595251,1,2005-11-18
13826,1158913,5,2004-04-04
13826,1578095,5,2004-02-29
13826,551459,3,2003-12-02
13826,382773,5,2003-11-29
13826,2224875,3,2004-04-14
13826,1031830,1,2004-07-15
13826,1997866,3,2004-08-23
13826,534206,5,2004-09-11
13826,319058,4,2004-06-21
13826,1827513,4,2005-01-04
13826,1530118,5,2005-01-19
13826,819822,2,2005-06-11
13826,725541,4,2005-10-03
13826,1120573,5,2005-10-16
13826,366466,4,2005-12-05
13826,1974863,4,2002-11-21
13826,783476,4,2002-10-05
13826,1380296,2,2004-05-09
13826,2319209,1,2004-06-03
13826,1300416,4,2004-07-17
13826,2408145,3,2004-11-09
13826,334643,1,2004-12-14
13826,1269960,3,2005-01-01
13826,407170,3,2005-01-24
13826,1671223,5,2005-05-21
13826,2313687,5,2005-09-27
13826,1094074,4,2003-03-19
13826,429918,3,2004-04-13
13826,2410407,4,2004-02-03
13826,2430291,2,2004-07-12
13826,1672832,3,2004-03-22
13826,1811201,3,2004-10-06
13826,828264,5,2004-12-02
13826,567001,5,2005-01-19
13826,1805205,4,2005-02-06
13826,886841,1,2005-02-16
13826,2263064,4,2004-01-14
13826,226945,2,2004-01-15
13826,317322,5,2005-09-05
13826,221900,2,2005-03-01
13826,363577,5,2005-09-24
13826,2476598,5,2005-12-06
13826,228544,1,2003-02-26
13826,305344,1,2003-07-12
13826,662849,1,2003-11-27
13826,2547991,3,2003-12-05
13826,2274584,4,2004-08-04
13826,1779014,2,2004-11-10
13826,393257,3,2005-03-10
13826,749591,3,2005-10-17
13826,1369172,5,2005-11-11
13826,1867373,4,2003-10-31
13826,1695685,1,2005-07-17
13826,1333864,2,2004-12-04
13826,1528454,5,2004-08-10
13826,1437130,4,2004-05-18
13826,538677,5,2004-05-01
13826,2399657,1,2003-12-14
13826,849938,4,2005-01-19
13826,1886135,3,2005-04-29
13826,1339689,4,2005-12-20
13826,2437936,3,2003-02-26
13826,1379170,4,2003-01-09
13826,635056,1,2003-12-05
13826,1048931,3,2005-08-08
13826,327401,2,2004-07-23
13826,2134803,5,2004-06-04
13826,1988760,5,2004-10-10
13826,983308,3,2004-12-01
13826,1990078,3,2005-03-02
13826,1835080,3,2005-10-05
13826,1388677,2,2005-12-16
13826,1403217,1,2004-05-20
13826,10251,5,2005-07-26
13826,2232571,5,2005-09-02
13826,543411,2,2004-05-11
13826,56200,3,2004-10-16
13826,1011103,4,2004-10-28
13826,1011250,4,2005-01-02
13826,395263,3,2005-02-15
13826,2276790,2,2005-05-17
13826,639533,3,2002-06-28
13826,886972,3,2002-11-08
13826,2123456,3,2003-09-30
13826,787827,4,2005-08-04
13826,709937,2,2003-09-10
13826,290182,3,2004-05-11
13826,1588457,1,2004-04-23
13826,623943,2,2004-12-14
13826,827240,2,2004-12-30
13826,1114884,4,2005-01-25
13826,1576726,3,2005-06-27
13826,888519,4,2005-09-30
13826,2054723,4,2005-10-27
13826,1725451,4,2005-07-10
13826,2439696,4,2002-11-15
13826,2034817,3,2005-08-02
13826,1466743,3,2004-10-14
13826,2094837,3,2004-12-26
13826,2004485,2,2005-01-07
13826,135785,1,2005-03-18
13826,1264904,4,2005-10-11
13826,2102064,4,2005-11-30
13826,333573,3,2003-04-22
13826,366806,4,2005-08-17
13826,2396089,4,2004-01-06
13826,1275980,4,2003-12-30
13826,1821399,4,2004-11-02
13826,1096082,3,2005-01-19
13826,2299794,2,2005-02-09
13826,526687,4,2005-02-17
13826,611082,1,2005-04-21
13826,1986227,3,2005-05-30
13826,2491110,4,2005-07-06
13826,708831,3,2004-05-29
13826,2519001,2,2003-07-30
13826,392346,4,2003-11-30
13826,2089924,3,2005-08-10
13826,716194,3,2004-06-07
13826,1833131,3,2004-11-18
13826,1895121,5,2004-12-12
13826,2187053,5,2005-01-31
13826,2384879,4,2005-11-01
13826,1911003,2,2004-04-04
13826,1283922,3,2004-09-16
13826,875556,4,2005-08-16
13826,2185925,5,2003-10-21
13826,2548362,2,2004-04-28
13826,1340872,4,2004-12-06
13826,975758,2,2005-02-22
13826,1415024,3,2005-07-13
13826,343719,4,2004-07-13
13826,1605767,3,2004-05-25
13826,582910,4,2004-08-19
13826,288412,5,2004-08-12
13826,1403609,5,2004-10-22
13826,2437552,5,2004-11-01
13826,2124083,3,2005-01-08
13826,1857822,1,2005-02-26
13826,2364716,3,2005-03-12
13826,5980,2,2005-07-21
13826,2184190,3,2003-12-28
13826,2324905,2,2004-07-20
13826,928089,5,2004-06-02
13826,43209,3,2004-10-09
13826,765869,4,2004-11-09
13826,2029347,1,2005-03-14
13826,1676593,5,2005-11-24
13826,1785160,3,2003-02-14
13826,609451,4,2005-08-04
13826,167714,4,2003-12-01
13826,1517327,2,2003-07-23
13826,1579927,3,2004-06-14
13826,1099805,2,2004-09-21
13826,1123618,2,2004-10-22
13826,2058125,4,2004-12-18
13826,514516,3,2005-03-14
13826,346506,1,2005-07-01
13826,436606,2,2004-02-05
13826,2026260,2,2004-04-05
13826,2641965,3,2004-11-09
13826,768270,2,2004-11-29
13826,462333,3,2005-01-19
13826,1025218,2,2005-01-19
13826,465450,1,2005-01-21
13826,1120606,4,2005-03-13
13826,2132762,2,2005-09-22
13826,798248,5,2005-10-14
13826,2066342,2,2003-10-10
13826,444085,1,2004-09-23
13826,1274761,4,2004-10-06
13826,553193,1,2004-10-10
13826,2021681,5,2004-10-21
13826,794300,3,2004-11-06
13826,846028,4,2004-12-15
13826,902413,1,2005-01-05
13826,1305428,3,2005-04-11
13826,2084057,2,2005-04-14
13826,1478706,2,2005-06-27
13826,2332894,2,2005-12-03
13826,1124491,3,2002-09-12
13826,2342073,4,2003-04-07
13826,608501,3,2004-05-18
13826,2397396,4,2004-04-02
13826,728560,5,2004-05-08
13826,543572,5,2004-11-13
13826,2554933,4,2005-02-16
13826,1396904,1,2004-03-15
13826,1721422,2,2004-02-18
13826,1794910,3,2004-03-23
13826,121639,1,2004-01-05
13826,1239244,1,2004-04-25
13826,708671,2,2005-01-25
13826,2497259,3,2005-02-27
13826,1773976,4,2005-04-25
13826,2238014,3,2005-06-02
13826,1543497,4,2005-09-25
13826,1622594,1,2002-07-09
13826,1843168,1,2003-07-12
13826,240923,1,2004-05-09
13826,2373271,4,2003-02-17
13826,292582,4,2004-05-31
13826,452873,4,2002-10-22
13826,1852437,4,2003-09-19
13826,718950,5,2005-09-08
13826,264789,3,2004-06-03
13826,2312913,5,2004-08-24
13826,980292,3,2005-01-04
13826,594244,1,2005-11-28
13826,1984978,4,2004-07-21
13826,1716405,3,2003-07-01
13826,1329904,2,2003-09-22
13826,1459910,2,2003-09-08
13826,586113,5,2005-08-05
13826,66392,4,2004-06-06
13826,1585125,1,2003-11-02
13826,890955,3,2004-05-08
13826,402266,5,2004-08-31
13826,2601112,3,2004-12-09
13826,2455281,3,2005-11-01
13826,1653921,3,2005-12-07
13826,851144,3,2002-12-20
13826,2224936,4,2003-08-01
13826,1394776,2,2003-12-02
13826,2416952,5,2004-05-24
13826,733471,3,2004-07-22
13826,2549213,4,2004-11-03
13826,16487,4,2004-11-05
13826,1962226,5,2004-11-06
13826,314679,2,2005-06-03
13826,1854193,3,2005-09-12
13826,1918910,1,2003-07-07
13826,552275,2,2002-11-13
13826,74410,2,2004-07-01
13826,992132,3,2003-08-08
13826,2307654,5,2004-07-29
13826,2158736,3,2004-11-04
13826,1167815,2,2004-12-22
13826,742589,3,2005-06-20
13826,938173,2,2005-07-01
13826,158748,3,2005-11-29
13826,2614156,5,2004-01-09
13826,1505824,5,2004-08-24
13826,1204867,5,2004-11-10
13826,1953225,2,2004-12-02
13826,1529363,3,2005-01-25
13826,2519865,3,2005-02-07
13826,869553,3,2005-02-10
13826,2433975,4,2005-02-25
13826,1764961,4,2005-03-15
13826,2271755,4,2005-09-08
13826,1775437,5,2005-10-16
13826,1336119,3,2003-01-15
13826,1561310,1,2003-01-22
13826,2400645,4,2005-07-25
13826,400097,3,2002-10-21
13826,929327,4,2003-02-13
13826,1588607,3,2003-08-02
13826,1262137,3,2003-10-18
13826,1575668,3,2005-09-02
13826,2170738,5,2005-02-07
13826,2136245,3,2005-06-11
13826,1670475,5,2005-07-10
13826,1089037,4,2003-04-08
13826,2589198,1,2002-10-23
13826,2247551,2,2002-07-30
13826,658437,1,2003-05-05
13826,2488558,5,2004-08-17
13826,1070188,5,2004-05-04
13826,867419,3,2004-09-27
13826,615704,2,2005-02-23
13826,2238110,4,2005-03-06
13826,1471223,4,2005-04-19
13826,28939,5,2005-06-11
13826,84776,5,2005-11-17
13826,1508633,3,2005-12-03
13826,1982344,2,2005-07-15
13826,689610,4,2003-02-21
13826,846381,5,2005-08-08
13826,2501833,3,2003-01-23
13826,2303912,2,2004-07-13
13826,384462,3,2003-12-29
13826,1194942,4,2004-06-03
13826,1533810,3,2004-08-23
13826,1680230,4,2003-11-02
13826,2643613,4,2004-08-04
13826,1124753,3,2004-03-29
13826,2085668,5,2004-10-25
13826,1323717,5,2005-01-07
13826,326356,1,2005-01-25
13826,997033,2,2005-01-30
13826,692984,3,2005-02-14
13826,812626,5,2005-11-07
13826,2148427,4,2005-07-26
13826,547790,3,2005-08-01
13826,2072858,4,2003-07-11
13826,44458,3,2004-05-10
13826,914264,5,2004-07-02
13826,468360,4,2004-11-17
13826,2566096,3,2005-02-10
13826,1076760,5,2005-02-15
13826,1498698,5,2005-04-07
13826,1455251,3,2004-09-13
13826,1045579,3,2003-05-06
13826,1758002,3,2004-08-28
13826,1677203,4,2005-08-15
13826,579259,5,2003-10-14
13826,1554445,2,2003-12-21
13826,2357673,4,2005-08-31
13826,721771,4,2003-07-07
13826,2610660,4,2004-05-05
13826,822886,4,2004-12-01
13826,391771,4,2004-12-07
13826,2562653,3,2004-12-20
13826,1597715,4,2005-11-08
13826,1790033,3,2005-11-09
13826,1506212,5,2005-12-22
13826,558981,3,2004-07-21
13826,880709,5,2002-08-12
13826,1547622,3,2005-08-06
13826,523517,4,2004-05-07
13826,923292,1,2003-06-01
13826,1536728,4,2004-05-11
13826,959785,3,2003-07-08
13826,1765966,2,2004-01-21
13826,1201830,4,2004-09-29
13826,353309,2,2005-02-03
13826,973051,5,2005-10-20
13826,201310,2,2004-05-24
13826,2500332,2,2003-10-16
13826,279433,3,2004-07-21
13826,1367085,4,2004-06-02
13826,1553932,4,2004-08-21
13826,15420,2,2004-10-23
13826,2086214,3,2004-11-26
13826,1879449,5,2004-12-27
13826,2176465,1,2005-02-23
13826,655226,3,2005-03-05
13826,971668,3,2005-03-22
13826,1604405,3,2005-06-09
13826,1793146,3,2005-06-21
13826,567427,4,2005-09-10
13826,557449,4,2005-11-22
13826,1830265,4,2003-07-09
13826,940066,3,2004-06-29
13826,717610,3,2004-06-16
13826,115183,2,2003-07-22
13826,2451714,4,2004-07-12
13826,13586,5,2004-09-08
13826,227805,3,2005-02-24
13826,1036209,1,2005-10-12
13826,1875549,2,2005-10-21
13826,1324910,5,2005-07-20
13826,152713,4,2005-08-09
13826,2004963,2,2004-06-08
13826,314978,3,2004-10-18
13826,864042,3,2004-10-27
13826,275761,4,2004-12-09
13826,2044724,3,2005-03-18
13826,910545,1,2005-04-09
13826,396093,4,2005-10-04
13826,1119442,3,2005-10-22
13826,2010907,4,2005-11-25
13826,1470272,2,2004-05-11
13826,2505378,3,2004-07-06
13826,1934428,4,2003-11-10
13826,1270123,5,2004-07-26
13826,1885714,1,2005-08-31
13826,1413367,4,2005-01-24
13826,1728944,2,2005-03-23
13826,809575,1,2002-08-02
13826,2603386,4,2005-07-24
13826,1007307,1,2004-03-24
13826,407314,5,2003-10-23
13826,1653141,3,2003-08-01
13826,1451945,2,2004-02-01
13826,2394666,4,2005-08-26
13826,224252,4,2005-12-06
13826,2636001,1,2004-06-15
13826,1109711,3,2004-10-05
13826,1519378,3,2005-02-06
13826,386668,5,2005-02-06
13826,794040,5,2005-06-20
13826,296271,4,2005-11-14
13826,627156,4,2003-08-26
13826,1498180,3,2003-07-29
13826,706410,4,2004-06-14
13826,558823,3,2004-04-27
13826,2024111,2,2003-08-06
13826,1775057,4,2004-01-19
13826,1084484,1,2004-07-13
13826,87977,3,2004-12-15
13826,1682651,3,2005-01-19
13826,2143764,3,2005-01-19
13826,411618,3,2005-02-11
13826,1549990,1,2005-05-27
13826,2334757,4,2005-06-08
13826,2061703,5,2005-09-14
13826,805082,2,2005-10-20
13826,2118461,4,2005-10-22
13826,323501,4,2002-11-30
13826,849602,3,2003-12-08
13826,237286,3,2004-10-31
13826,2528580,2,2004-11-22
13826,2512592,4,2005-03-08
13826,257431,3,2005-03-08
13826,1028480,4,2004-06-01
13826,1668891,1,2003-04-22
13826,2299957,3,2002-07-06
13826,956473,3,2004-02-17
13826,1385996,5,2004-06-28
13826,2183894,2,2004-11-18
13826,190527,4,2005-05-24
13826,993621,3,2005-06-14
13826,1887043,1,2005-12-04
13826,1460630,1,2002-12-17
13826,17691,3,2003-08-04
13826,1005911,5,2005-07-18
13826,821315,5,2004-02-13
13826,387418,3,2003-08-24
13826,1708599,3,2005-08-12
13826,1006547,4,2004-03-29
13826,1968772,3,2003-09-22
13826,2352319,5,2004-10-15
13826,1613343,3,2004-10-28
13826,2377247,3,2004-11-05
13826,1710193,4,2005-06-12
13826,2648678,5,2005-10-30
13826,730587,5,2005-08-07
13826,352812,5,2003-10-28
13826,796655,4,2005-08-26
13826,1366860,5,2003-08-15
13826,2282205,3,2004-08-24
13826,2409465,3,2005-01-19
13826,175935,3,2005-02-09
13826,2159151,4,2005-06-22
13826,1912034,4,2005-09-30
13826,1556617,1,2005-12-20
13826,1711294,5,2003-08-31
13826,255229,5,2005-09-07
13826,1962939,2,2004-05-06
13826,1293451,2,2004-05-24
13826,397212,3,2004-04-24
13826,2411446,5,2004-12-28
13826,676989,5,2005-11-17
13826,1288744,3,2004-07-18
13826,1228781,3,2004-08-02
13826,1364758,1,2004-10-14
13826,1812834,4,2005-01-10
13826,1612217,3,2005-01-28
13826,2370287,4,2005-02-08
13826,332558,3,2005-09-20
13826,993341,4,2004-06-30
13826,1194594,5,2005-08-30
13826,2214251,1,2004-03-23
13826,1833897,3,2004-09-21
13826,566523,4,2005-01-05
13826,59002,4,2005-01-11
13826,1228147,1,2005-02-07
13826,1564191,3,2005-02-08
13826,2048771,4,2005-03-02
13826,1785036,3,2005-05-26
13826,1980785,4,2005-10-11
13826,414048,1,2002-08-03
13826,231721,5,2005-07-25
13826,981733,3,2003-08-22
13826,233177,5,2004-07-26
13826,1863803,3,2004-05-19
13826,1114342,4,2004-09-23
13826,899934,2,2004-11-15
13826,628578,2,2005-01-24
13826,1531190,2,2005-02-21
13826,636724,3,2005-03-23
13826,746090,3,2005-10-05
13826,1244375,5,2005-11-25
13826,958687,4,2004-07-14
13826,2466638,2,2004-05-31
13826,936760,4,2005-08-08
13826,496972,1,2004-01-30
13826,775410,2,2005-10-02
13826,637631,4,2003-08-12
13826,1333911,1,2004-08-18
13826,2020252,3,2004-10-30
13826,1061195,1,2004-10-31
13826,1246757,1,2005-02-08
13826,1795463,4,2005-09-15
13826,506653,4,2005-10-22
13826,2076079,4,2005-11-09
13826,1389799,2,2003-01-01
13826,80751,3,2003-10-14
13826,1534107,3,2004-02-11
13826,1778710,4,2003-10-15
13826,1984813,2,2004-06-05
13826,830548,2,2004-09-07
13826,1565669,4,2005-08-31
13826,2015522,5,2003-07-21
13826,271759,4,2004-06-10
13826,1060658,5,2004-12-12
13826,654689,2,2005-04-16
13826,134065,5,2005-06-12
13826,1765047,3,2005-06-25
13826,261101,4,2005-10-10
13826,585104,5,2005-11-21
13826,1663694,3,2005-07-11
13826,54040,2,2003-01-16
13826,2142570,3,2004-01-19
13826,620714,5,2004-05-11
13826,994812,2,2003-11-23
13826,1594251,2,2004-05-04
13826,2136889,5,2004-11-22
13826,23500,2,2004-11-23
13826,2114527,3,2005-01-19
13826,531160,1,2005-02-03
13826,2614093,2,2005-03-02
13826,1963560,3,2005-03-12
13826,1257028,4,2005-05-13
13826,1617382,1,2005-12-27
13826,1271060,3,2003-10-24
13826,633391,5,2004-07-26
13826,1001928,3,2004-05-18
13826,1903808,3,2004-05-12
13826,2420748,2,2004-03-26
13826,2120192,4,2004-06-07
13826,942523,4,2004-11-05
13826,1461435,1,2005-04-04
13826,629794,4,2005-10-19
13826,182329,5,2005-11-18
13826,2264524,5,2004-06-01
13826,882322,4,2003-07-27
13826,2124351,5,2004-12-29
13826,1602153,2,2005-12-07
13826,1716184,3,2005-02-20
13826,2160442,2,2003-10-22
13826,2437421,3,2004-04-21
13826,1588272,4,2004-09-21
13826,900790,4,2004-11-07
13826,1037245,3,2005-12-23
13826,1215017,3,2002-09-07
13826,1173289,3,2003-07-16
13826,1304814,3,2003-08-24
13826,2441343,2,2004-07-14
13826,81186,1,2004-04-30
13826,2564322,5,2004-11-11
13826,2613654,1,2005-02-24
13826,2113137,3,2005-04-27
13826,55185,5,2005-11-25
13826,1708885,1,2002-10-05
13826,464478,5,2004-04-13
13826,211185,5,2004-08-04
13826,1771505,2,2004-12-07
13826,1056238,3,2004-12-27
13826,716732,3,2005-01-30
13826,1935323,5,2005-03-15
13826,1044319,3,2004-08-30
13826,52591,2,2002-09-08
13826,1639792,1,2002-06-30
13826,809089,3,2005-08-04
13826,1766228,2,2004-02-17
13826,1466323,3,2003-09-11
13826,1787280,3,2004-07-23
13826,768937,5,2004-11-08
13826,1034623,5,2005-02-03
13826,1588949,3,2005-03-12
13826,1547392,1,2005-05-31
13826,1813263,4,2005-10-23
13826,1270377,4,2005-12-07
13826,1899679,4,2005-07-27
13826,1546472,3,2005-07-28
13826,567017,5,2004-11-21
13826,2238231,3,2005-01-19
13826,371701,2,2005-04-27
13826,148395,3,2005-05-13
13826,1306859,4,2005-05-23
13826,31408,3,2005-11-28
13826,642551,5,2004-07-07
13826,1891986,2,2005-08-09
13826,2413272,4,2005-08-22
13826,269850,5,2005-08-30
13826,2385226,4,2004-07-22
13826,399533,4,2005-06-24
13826,239137,3,2005-11-18
13826,953848,2,2002-07-09
13826,857563,2,2003-08-18
13826,2119666,1,2003-08-19
13826,1217695,5,2004-12-29
13826,1506719,3,2005-12-02
13826,157806,5,2005-07-26
13826,977998,4,2005-08-12
13826,2299436,3,2004-07-06
13826,2114758,3,2005-08-28
13826,1309785,4,2004-04-30
13826,954353,1,2004-04-24
13826,1289133,2,2004-08-27
13826,1744528,3,2005-09-19
13826,2611670,3,2004-08-16
13826,482590,5,2004-06-05
13826,1470591,3,2003-05-07
13826,1339292,3,2002-12-18
13826,250778,2,2003-04-24
13826,765857,4,2004-04-01
13826,2443863,5,2004-09-22
13826,950089,5,2004-12-15
13826,1797710,5,2005-01-23
13826,1633729,3,2005-03-07
13826,1218439,1,2005-03-22
13826,1590162,5,2005-11-07
13826,2503502,3,2004-05-28
13826,2480144,4,2003-12-30
13826,1787794,4,2003-12-26
13826,2181351,3,2003-08-01
13826,357058,3,2003-07-25
13826,67992,2,2004-05-03
13826,1694379,2,2004-05-12
13826,1440251,1,2004-08-23
13826,1995132,5,2004-11-04
13826,469513,5,2004-11-25
13826,927277,3,2004-12-30
13826,828704,4,2005-01-12
13826,961655,5,2005-10-02
13826,1349497,4,2005-08-13
13826,2643382,4,2004-08-19
13826,292335,3,2004-03-26
13826,1707198,4,2004-03-26
13826,1852040,1,2004-04-16
13826,736962,5,2004-08-18
13826,512278,5,2005-12-01
13826,743660,4,2005-07-25
13826,1296263,5,2002-10-09
13826,1733625,3,2003-11-30
13826,1168921,1,2003-07-20
13826,88231,1,2003-11-03
13826,709907,5,2004-10-31
13826,1279961,3,2004-12-30
13826,1232569,3,2005-02-12
13826,1709569,2,2005-04-18
13826,1326195,2,2005-09-13
13826,468024,2,2004-07-08
13826,536980,3,2003-05-18
13826,1340811,2,2004-05-30
13826,775020,5,2004-06-15
13826,2211082,3,2004-02-02
13826,905156,4,2004-06-07
13826,1800550,3,2004-11-04
13826,399032,3,2004-11-17
13826,580750,2,2004-12-27
13826,279477,1,2005-02-07
13826,600590,2,2005-04-10
13826,2472503,1,2005-04-19
13826,2439009,3,2005-05-22
13826,586319,5,2005-06-17
13826,240401,5,2005-11-29
13826,2320249,2,2004-02-03
13826,196239,4,2005-07-28
13826,345132,5,2003-07-14
13826,2520257,3,2004-03-21
13826,1478673,5,2005-08-26
13826,272210,2,2004-05-03
13826,1156054,4,2005-03-27
13826,1296862,5,2005-10-03
13826,1092812,5,2005-10-08
13826,1617280,3,2005-10-31
13826,718202,4,2005-11-17
13826,88188,4,2005-12-08
13826,553632,2,2005-12-13
13826,633300,4,2005-07-20
13826,1203491,2,2002-10-23
13826,1109629,2,2004-01-11
13826,2099651,4,2005-05-06
13826,1936859,2,2005-08-22
13826,262803,3,2003-12-18
13826,552527,2,2004-02-11
13826,461344,4,2004-10-10
13826,237263,3,2005-01-07
13826,807938,4,2004-12-04
13826,2210705,4,2002-11-13
13826,1813771,4,2004-08-05
13826,1037090,4,2004-08-17
13826,335876,1,2003-12-26
13826,1027550,4,2004-03-25
13826,732724,4,2005-01-27
13826,1019686,5,2005-02-28
13826,1566610,3,2005-05-17
13826,1839928,4,2005-09-20
13826,1953987,4,2005-10-14
13826,2433365,4,2004-05-14
13826,1357518,4,2004-02-02
13826,1942546,3,2002-10-13
13826,2594706,5,2003-06-27
13826,70435,3,2003-04-14
13826,50400,4,2004-05-08
13826,1063601,5,2004-08-24
13826,1848593,3,2004-09-20
13826,1182061,5,2004-09-21
13826,125206,2,2005-03-14
13826,2306984,4,2005-03-28
13826,1923760,3,2005-10-07
13826,2262238,2,2005-11-23
13826,1125189,3,2003-09-11
13826,2600294,3,2003-09-07
13826,953604,3,2003-09-28
13826,1041076,3,2004-06-20
13826,927240,4,2004-07-13
13826,838807,4,2004-04-24
13826,1431311,4,2004-08-31
13826,826559,4,2004-10-27
13826,968398,4,2005-01-12
13826,1222284,3,2005-04-06
13826,1149922,1,2005-04-03
13826,822625,4,2005-10-09
13826,2623125,5,2005-11-21
13826,972178,5,2005-11-27
13826,10897,3,2005-12-23
13826,1132948,1,2005-12-31
13826,1645377,3,2005-07-15
13826,844154,3,2003-11-07
13826,138549,4,2004-11-05
13826,1696775,2,2005-01-24
13826,126037,3,2005-03-01
13826,2091041,4,2005-05-03
13826,382138,2,2005-09-15
13826,1213178,3,2005-10-28
13826,2085241,1,2005-07-17
13826,360347,4,2004-08-06
13826,1747842,5,2003-08-05
13826,2139108,3,2004-01-23
13826,770339,2,2005-02-12
13826,1439064,2,2005-04-27
13826,510161,2,2004-03-25
13826,70126,4,2003-08-21
13826,1673265,1,2003-12-17
13826,2453621,3,2004-07-26
13826,2577726,4,2004-06-14
13826,1512224,3,2004-08-06
13826,1921572,3,2004-10-25
13826,1635449,1,2005-01-10
13826,694704,3,2005-03-15
13826,176303,3,2005-12-06
13826,1021583,3,2005-12-07
