5097,1185389,4,2005-07-08
5097,1481271,4,2001-10-11
5097,717618,3,2005-07-18
5097,1109700,4,2001-07-07
5097,577397,3,2003-07-01
5097,1663216,2,2004-09-16
5097,1907667,4,2005-08-03
5097,1778851,4,2004-08-17
5097,1488957,3,2005-08-21
5097,66187,3,2005-08-21
5097,2071871,4,2004-01-29
5097,1016721,4,2003-12-12
5097,1936617,3,2004-03-28
5097,735329,5,2004-09-18
5097,1056998,5,2004-12-10
5097,903692,3,2005-01-12
5097,1242432,3,2005-03-05
5097,754082,5,2005-03-19
5097,1488844,3,2005-04-14
5097,160977,3,2005-05-02
5097,779760,3,2005-09-15
5097,753886,4,2005-09-22
5097,1421919,4,2005-11-08
5097,1464366,2,2005-11-27
5097,1990901,3,2005-11-29
5097,1780909,3,2005-12-13
5097,14690,4,2001-01-09
5097,1696725,2,2003-07-01
5097,855860,4,2003-10-20
5097,1388502,4,2001-07-16
5097,984992,2,2004-09-06
5097,2356622,3,2003-12-18
5097,497196,1,2004-02-27
5097,2382710,3,2004-03-02
5097,1878537,4,2004-02-25
5097,2315451,3,2004-05-18
5097,1543292,4,2004-09-27
5097,1684516,4,2005-03-07
5097,754781,4,2004-11-15
5097,101930,3,2005-01-28
5097,511700,2,2005-01-29
5097,433803,3,2005-04-07
5097,610692,5,2005-04-27
5097,1646405,5,2005-06-09
5097,1544677,4,2005-06-24
5097,1673689,3,2005-09-08
5097,2038379,3,2005-09-22
5097,1861822,3,2005-11-05
5097,603277,3,2000-06-02
5097,141839,1,2005-07-14
5097,2376760,5,2005-02-20
5097,1574266,4,2004-04-14
5097,984874,5,2003-06-03
5097,2551764,4,2005-09-02
5097,2340465,3,2003-11-05
5097,285547,3,2004-08-05
5097,2503887,4,2004-07-16
5097,997772,3,2004-10-27
5097,93349,3,2005-04-18
5097,1065039,4,2005-09-10
5097,440723,4,2005-11-06
5097,92056,4,2005-11-08
5097,1192830,4,2000-02-14
5097,424286,3,2000-11-28
5097,2151618,5,2004-07-26
5097,2064672,4,2005-08-04
5097,2494829,1,2003-06-13
5097,1276473,3,2003-06-26
5097,687379,3,2003-09-27
5097,1584957,4,2003-07-27
5097,1547800,3,2004-06-25
5097,1921624,4,2004-04-16
5097,397077,3,2004-10-05
5097,1143102,4,2004-08-26
5097,763309,5,2004-08-07
5097,2097574,5,2004-04-27
5097,2026560,5,2004-03-02
5097,1951144,3,2004-04-07
5097,2212890,3,2004-06-18
5097,2236799,3,2004-10-22
5097,1141607,3,2005-01-30
5097,949186,4,2005-02-02
5097,1384263,4,2005-02-23
5097,1409469,4,2005-05-23
5097,1712923,4,2005-05-30
5097,2242540,4,2005-06-28
5097,550360,3,2005-09-19
5097,1637341,4,2005-09-30
5097,1377988,4,2005-12-28
5097,2027763,3,2003-06-17
5097,1977959,3,2002-05-06
5097,1863411,5,2005-08-03
5097,1978576,5,2004-05-07
5097,974318,2,2005-02-19
5097,2593125,3,2003-08-19
5097,259348,4,2004-04-06
5097,1984086,5,2004-08-10
5097,2570542,5,2004-09-29
5097,640056,4,2004-10-09
5097,909570,3,2004-11-18
5097,1767188,4,2004-12-24
5097,1697482,3,2005-02-17
5097,975702,3,2005-02-10
5097,2341568,5,2005-04-02
5097,2360767,4,2005-05-21
5097,1550336,3,2005-07-02
5097,1554601,5,2005-07-12
5097,319119,3,2004-03-12
5097,675390,4,2001-02-15
5097,166205,2,2001-08-16
5097,1900854,5,2003-09-22
5097,774505,5,2002-12-24
5097,1852551,4,2004-04-12
5097,1443573,4,2004-08-26
5097,683427,4,2003-12-14
5097,2205932,5,2004-11-07
5097,2396097,4,2004-12-29
5097,1198785,3,2005-02-16
5097,521547,4,2005-05-28
5097,2533515,3,2005-06-19
5097,2043617,2,2005-11-16
5097,160563,4,2005-12-09
5097,276860,4,2005-12-30
5097,2436788,2,2003-04-25
5097,871687,4,2004-07-04
5097,561733,3,2005-08-14
5097,107270,2,2004-07-13
5097,2543231,3,2005-08-17
5097,2251646,3,2003-06-05
5097,847545,3,2003-10-15
5097,1523159,4,2003-12-15
5097,2151083,3,2003-12-14
5097,774717,3,2004-01-02
5097,526129,2,2004-03-04
5097,962156,2,2004-06-18
5097,1897382,3,2004-05-17
5097,821329,4,2004-10-09
5097,521051,3,2004-10-27
5097,1315056,4,2004-11-01
5097,2201224,3,2004-11-07
5097,1946921,4,2004-11-28
5097,1860378,2,2005-01-01
5097,1502196,4,2005-01-20
5097,656460,4,2005-05-08
5097,986454,3,2005-05-18
5097,1236105,4,2005-05-23
5097,836796,5,2005-05-30
5097,1629710,3,2005-06-21
5097,2491366,3,2005-10-04
5097,1531624,3,2005-10-11
5097,1270039,4,2005-12-18
5097,1670445,3,2003-05-07
5097,549534,4,2001-07-19
5097,303948,3,2005-07-20
5097,599775,3,2002-09-02
5097,2475820,5,2002-12-10
5097,899412,1,2005-08-09
5097,2391184,3,2005-08-28
5097,1682548,4,2005-09-03
5097,1734105,5,2004-08-02
5097,2649299,5,2004-03-05
5097,941624,4,2004-09-15
5097,2156736,3,2004-01-10
5097,2088489,3,2004-08-06
5097,2397231,4,2004-08-02
5097,1455082,5,2004-09-08
5097,1454796,3,2004-09-15
5097,1173459,1,2004-10-30
5097,2600558,1,2004-11-04
5097,1630930,3,2005-01-19
5097,1153585,5,2005-01-24
5097,1257103,3,2005-01-29
5097,1224299,4,2005-03-18
5097,2244849,3,2005-04-13
5097,2030523,4,2005-05-25
5097,903799,5,2005-09-09
5097,2177386,3,2005-10-20
5097,2317908,2,2005-12-31
5097,733088,3,2005-07-12
5097,792568,3,2005-07-15
5097,1599243,3,2004-04-16
5097,1938964,3,2003-09-19
5097,1478009,3,2003-09-24
5097,1958532,4,2004-08-10
5097,245808,4,2005-02-17
5097,1267286,4,2005-03-10
5097,491331,2,2005-04-12
5097,1996731,4,2005-10-16
5097,281682,4,2005-11-02
5097,1559187,3,2005-11-08
5097,2048686,1,2001-07-10
5097,2554745,2,2003-06-11
5097,1087968,4,2003-07-02
5097,1473924,4,2003-06-24
5097,2509588,3,2005-07-19
5097,10273,5,2004-07-11
5097,1673185,3,2003-07-30
5097,300146,3,2004-06-20
5097,550655,3,2003-06-11
5097,368799,4,2004-08-10
5097,2602249,3,2004-07-27
5097,386249,3,2004-08-23
5097,1458453,3,2003-10-14
5097,1825497,5,2004-05-17
5097,1658806,3,2004-03-30
5097,1630675,4,2004-12-23
5097,722818,3,2005-01-20
5097,1265377,3,2005-04-15
5097,1734190,5,2005-05-19
5097,1842709,5,2005-06-13
5097,1660478,4,2005-06-15
5097,1049398,5,2005-06-17
5097,826942,5,2005-09-10
5097,1831320,2,2005-12-04
5097,1054277,3,2002-11-26
5097,242429,3,2003-09-22
5097,1614266,4,2003-08-20
5097,832077,2,2003-06-27
5097,490069,5,2003-07-01
5097,1220170,3,2004-01-08
5097,317168,4,2003-06-05
5097,1358681,2,2003-12-19
5097,1469354,1,2003-06-05
5097,391706,5,2004-04-02
5097,1027819,3,2003-08-26
5097,1632290,5,2004-03-17
5097,1400056,4,2004-06-15
5097,43530,3,2004-04-04
5097,1603364,4,2004-10-19
5097,1127019,3,2004-12-16
5097,1681133,3,2004-12-20
5097,1217745,3,2005-01-13
5097,1608683,3,2005-01-19
5097,2094905,3,2005-01-29
5097,1187565,4,2005-02-26
5097,1938835,4,2005-02-27
5097,2536259,4,2005-03-14
5097,1187949,1,2005-03-22
5097,438699,5,2005-06-16
5097,1503934,1,2005-11-02
5097,1217576,4,2004-07-23
5097,1135038,3,2005-07-12
5097,680897,4,2005-08-01
5097,423270,3,2002-06-30
5097,2503676,3,2004-11-26
5097,2404678,3,2003-12-04
5097,2205560,5,2004-02-28
5097,1115803,3,2004-10-09
5097,2151504,3,2004-10-14
5097,1524379,4,2005-01-19
5097,890672,5,2005-01-28
5097,571538,5,2005-02-10
5097,559369,3,2005-05-05
5097,2628192,4,2005-09-12
5097,917679,3,2005-10-19
5097,1823259,3,2005-12-19
5097,2615996,3,2001-06-05
5097,2301393,2,2003-07-02
5097,256575,3,2004-03-02
5097,1036139,5,2004-02-29
5097,2271154,2,2004-11-27
5097,1549507,2,2004-11-23
5097,108052,4,2004-12-09
5097,1527683,2,2005-03-08
5097,1928445,3,2005-06-09
5097,914839,3,2005-09-27
5097,2590361,5,2005-10-01
5097,2236040,2,2005-11-14
5097,1877080,4,2005-11-27
5097,2289265,5,2000-10-29
5097,1161725,5,2001-10-23
5097,2102030,4,2003-06-05
5097,1226073,4,2004-05-02
5097,1559165,4,2004-07-02
5097,2119007,3,2005-08-20
5097,114296,3,2003-12-10
5097,396015,2,2004-01-12
5097,1763788,2,2004-05-21
5097,843387,5,2004-11-09
5097,804617,4,2004-11-15
5097,1466762,5,2004-11-22
5097,1143239,4,2004-11-26
5097,2080644,5,2005-03-05
5097,931045,4,2005-03-17
5097,974268,3,2005-03-18
5097,353900,3,2005-11-24
5097,466519,4,2003-10-22
5097,2121810,3,2001-06-29
5097,296153,3,2003-07-06
5097,1150025,3,2004-05-27
5097,1830763,2,2004-08-26
5097,1424487,3,2004-10-08
5097,645053,1,2005-01-19
5097,1637761,4,2005-04-12
5097,2427904,3,2005-04-13
5097,2014322,3,2005-06-09
5097,1265763,3,2005-10-28
5097,371355,4,2005-11-07
5097,1481961,4,2005-11-18
5097,2046091,3,2004-01-03
5097,1426178,1,2003-06-02
5097,1123582,4,2003-12-08
5097,1317009,3,2004-05-24
5097,797334,1,2004-05-05
5097,1822241,4,2004-04-25
5097,2434675,3,2004-05-13
5097,1509395,4,2004-09-20
5097,926374,3,2004-11-10
5097,1277092,4,2004-11-16
5097,510693,4,2005-01-12
5097,755439,4,2005-02-26
5097,1290557,5,2005-05-24
5097,2501391,3,2005-06-16
5097,875163,4,2005-09-27
5097,1539326,4,2005-09-27
5097,660175,4,2005-09-30
5097,1741099,5,2005-10-07
5097,1033433,5,2003-03-12
5097,2537646,4,2003-10-16
5097,1392092,5,2003-05-16
5097,219162,5,2005-07-26
5097,40063,3,2005-07-30
5097,2495584,3,2005-08-06
5097,2320544,5,2005-02-18
5097,568832,3,2004-03-19
5097,2216056,4,2004-06-04
5097,286311,4,2004-06-11
5097,50938,3,2004-10-19
5097,832253,5,2004-11-23
5097,909883,5,2005-01-08
5097,99239,4,2005-01-10
5097,1714902,3,2005-02-01
5097,1873178,4,2005-03-06
5097,1596074,2,2005-03-14
5097,1119488,3,2005-09-13
5097,2266166,1,2002-06-30
5097,1611560,3,2004-03-23
5097,1749238,4,2004-03-14
5097,1553126,3,2003-09-09
5097,1564649,3,2004-03-29
5097,1731826,4,2004-08-30
5097,1667659,2,2004-08-02
5097,1612475,3,2005-02-10
5097,2607392,3,2005-03-01
5097,202215,3,2005-05-24
5097,911435,4,2005-05-24
5097,2497856,5,2005-05-28
5097,1523296,3,2005-07-05
5097,2457728,5,2005-07-15
5097,2515643,3,2002-07-02
5097,2406150,3,2004-07-22
5097,481496,4,2004-05-28
5097,53243,5,2003-10-22
5097,1226844,4,2003-06-23
5097,738726,4,2003-12-13
5097,2104512,5,2005-08-27
5097,459772,3,2003-07-03
5097,688590,2,2004-01-13
5097,1195319,3,2005-05-20
5097,915831,4,2005-06-14
5097,1782505,4,2005-06-19
5097,280621,3,2005-09-19
5097,1789485,4,2005-10-12
5097,1725155,3,2005-10-13
5097,1418560,2,2005-10-29
5097,2364063,4,2005-11-10
5097,1318558,4,2005-12-12
5097,1456621,4,2001-06-06
5097,1902621,5,2003-06-18
5097,1508003,3,2005-07-31
5097,1298304,5,2003-12-14
5097,1855975,4,2003-09-05
5097,178520,4,2005-09-02
5097,2330403,4,2005-09-07
5097,493082,3,2003-09-17
5097,1997715,3,2004-09-14
5097,557882,3,2004-12-07
5097,930604,4,2004-12-15
5097,2465236,5,2004-12-31
5097,2401585,1,2005-03-27
5097,583554,4,2005-04-04
5097,1810074,3,2005-11-18
5097,661074,3,2005-11-22
5097,1220431,3,2003-06-24
5097,826184,3,2002-07-02
5097,1708281,4,2004-03-04
5097,452106,3,2003-09-16
5097,2496628,4,2003-08-22
5097,457326,3,2003-06-19
5097,1898191,3,2004-05-20
5097,883952,3,2005-08-26
5097,818025,5,2004-05-12
5097,604949,2,2004-12-02
5097,1245582,4,2004-12-13
5097,2223740,5,2004-12-27
5097,1079602,3,2005-01-30
5097,409218,5,2005-02-26
5097,1642319,4,2005-02-27
5097,1148409,5,2005-03-02
5097,1391090,4,2005-03-14
5097,2538880,2,2005-03-16
5097,663412,3,2005-04-06
5097,47312,4,2005-06-03
5097,256805,3,2005-06-09
5097,2038926,4,2005-10-26
5097,1306734,3,2005-12-21
5097,293284,3,2005-07-05
5097,2185616,3,2004-01-04
5097,1941915,1,2004-02-06
5097,2073766,3,2005-07-22
5097,759054,4,2003-01-26
5097,1485220,3,2004-08-29
5097,2138757,3,2003-06-18
5097,1344925,3,2003-05-16
5097,1927580,3,2004-01-14
5097,1539456,2,2004-11-16
5097,2584740,2,2005-03-26
5097,1752856,4,2005-04-06
5097,88897,3,2005-04-14
5097,2323580,2,2005-04-29
5097,1965797,4,2005-05-03
5097,1908826,3,2005-11-25
5097,691919,3,2001-04-28
5097,16029,5,2005-07-22
5097,2257122,4,2005-08-01
5097,860839,4,2004-08-10
5097,2640550,4,2002-11-28
5097,1600039,5,2004-02-27
5097,1291419,2,2005-08-18
5097,1033100,2,2004-07-07
5097,517647,3,2005-08-24
5097,1024350,2,2003-09-10
5097,732363,4,2004-06-22
5097,1070629,4,2004-11-12
5097,83269,5,2004-11-25
5097,356536,4,2004-11-30
5097,103619,3,2004-12-06
5097,1423249,4,2005-01-24
5097,31909,4,2005-02-08
5097,920561,4,2005-03-09
5097,2201323,4,2005-05-05
5097,413582,3,2005-06-17
5097,1651253,3,2005-09-09
5097,2267371,4,2005-09-30
5097,2206511,4,2005-10-23
5097,559992,5,2005-07-06
5097,1921303,4,2004-08-08
5097,1132581,5,2004-07-27
5097,1249577,5,2004-04-26
5097,1626179,4,2004-07-12
5097,686222,4,2003-10-29
5097,2479320,3,2004-01-01
5097,808136,4,2004-08-30
5097,1647020,4,2004-08-03
5097,483981,3,2005-01-13
5097,553787,3,2005-01-22
5097,1833866,2,2005-03-09
5097,349572,4,2005-03-21
5097,443880,3,2005-04-01
5097,1718511,2,2005-04-24
5097,2120046,3,2005-05-19
5097,957953,3,2005-06-27
5097,1237269,4,2005-09-27
5097,178819,3,2005-10-08
5097,2602207,5,2005-11-09
5097,257622,3,2001-07-21
5097,724224,3,2005-07-19
5097,1168153,3,2003-12-02
5097,2644463,5,2004-01-13
5097,2569992,2,2003-09-02
5097,2435667,3,2004-05-04
5097,2374726,4,2004-07-07
5097,1356239,5,2004-09-03
5097,1208894,4,2004-04-27
5097,521825,2,2005-09-01
5097,2064041,5,2003-11-05
5097,1755552,5,2004-01-14
5097,1153777,3,2003-10-21
5097,795665,3,2004-04-18
5097,187896,2,2004-06-29
5097,89853,5,2004-10-19
5097,2021686,3,2004-11-05
5097,1961619,3,2004-12-27
5097,52029,4,2005-01-12
5097,994838,4,2005-01-12
5097,2089416,3,2005-07-09
5097,1030857,1,2004-03-20
5097,332392,1,2005-08-13
5097,790496,3,2005-08-14
5097,1725009,4,2004-06-22
5097,1693122,3,2004-03-28
5097,2313769,5,2004-05-28
5097,1847081,5,2004-08-30
5097,2397914,3,2005-10-30
5097,413120,4,2005-11-15
5097,739759,3,2005-11-25
5097,706264,3,2001-07-02
5097,1238284,4,2002-06-07
5097,581441,5,2003-06-23
5097,851702,4,2004-05-17
5097,1654615,3,2003-08-24
5097,1308015,3,2003-12-11
5097,1744054,1,2005-08-19
5097,1123076,2,2003-11-19
5097,1411021,3,2005-08-26
5097,1352219,4,2004-10-10
5097,2315038,4,2005-01-12
5097,2174151,5,2005-05-24
5097,1618288,4,2005-05-25
5097,1616707,4,2005-06-13
5097,1597577,5,2003-03-18
5097,586694,3,2003-06-02
5097,2550838,4,2002-06-30
5097,1750544,3,2003-12-14
5097,956874,4,2004-06-10
5097,1711812,3,2005-08-11
5097,830370,5,2004-02-21
5097,1158708,5,2003-06-11
5097,1723590,3,2004-03-16
5097,1519230,2,2004-04-28
5097,199530,5,2004-10-18
5097,255960,2,2004-11-06
5097,1918316,4,2004-12-15
5097,1422561,2,2004-12-18
5097,1987593,4,2005-06-09
5097,862158,3,2005-06-18
5097,2294839,4,2005-10-09
5097,671473,3,2005-11-05
5097,1365382,4,2005-11-22
5097,1748471,5,2005-07-14
5097,2068263,4,2001-12-02
5097,1883442,4,2005-07-29
5097,940089,5,2004-07-26
5097,1042614,4,2003-12-19
5097,2183370,4,2004-07-06
5097,1384058,5,2005-08-15
5097,202646,1,2003-10-09
5097,1990874,3,2004-04-30
5097,2500458,4,2004-03-17
5097,977533,4,2004-03-20
5097,2329026,4,2004-04-04
5097,2035299,5,2004-06-08
5097,2136480,4,2005-01-07
5097,954273,2,2005-01-11
5097,2634923,4,2005-02-08
5097,1784803,4,2005-06-30
5097,353145,2,2005-11-08
5097,1507781,3,2005-11-14
5097,835847,3,2003-06-03
5097,1792741,3,2001-07-18
5097,389588,5,2004-05-19
5097,1939822,3,2001-01-05
5097,1435383,3,2003-12-09
5097,2129672,4,2004-01-03
5097,1227876,3,2005-08-16
5097,1436545,2,2004-04-19
5097,1576523,4,2005-08-22
5097,2294196,3,2004-01-13
5097,1343309,3,2003-06-30
5097,1418442,5,2004-06-29
5097,415672,4,2004-07-17
5097,38353,5,2004-07-22
5097,239069,4,2005-01-07
5097,1830,3,2005-01-11
5097,1144771,5,2005-01-31
5097,2012224,5,2005-02-26
5097,1646449,5,2005-03-06
5097,1117067,5,2005-06-22
5097,1759886,3,2005-06-29
5097,1575462,3,2005-10-31
5097,1583129,5,2005-12-30
5097,338368,3,2001-04-22
5097,848872,4,2001-01-02
5097,2503481,5,2002-06-17
5097,1041295,3,2002-11-29
5097,920963,1,2003-11-13
5097,119192,3,2004-07-20
5097,864172,2,2004-06-16
5097,686197,4,2005-08-26
5097,1928617,2,2003-05-16
5097,1524354,2,2004-01-05
5097,26674,3,2003-12-26
5097,192133,3,2004-06-24
5097,1195889,4,2004-04-29
5097,1419077,3,2004-10-04
5097,374895,4,2004-11-06
5097,970298,4,2004-11-23
5097,2128926,4,2004-12-09
5097,1713019,3,2005-01-01
5097,2220106,4,2005-01-12
5097,1232164,3,2005-02-16
5097,1342785,5,2005-03-29
5097,1087918,3,2005-04-04
5097,428365,5,2005-06-24
5097,396132,5,2005-09-06
5097,1162965,3,2005-09-17
5097,1979699,2,2005-10-26
5097,1771458,5,2005-10-27
5097,1107448,4,2005-11-14
5097,2614953,3,2005-11-28
5097,1880844,3,2005-07-12
5097,968026,3,2000-11-08
5097,769235,3,2001-02-26
5097,2217988,4,2002-07-04
5097,1418477,2,2003-07-01
5097,1260293,4,2005-08-15
5097,636262,5,2005-08-22
5097,2634707,3,2003-09-04
5097,2389101,4,2004-03-01
5097,1930883,4,2004-06-10
5097,2502889,4,2004-11-12
5097,1381837,3,2005-03-29
5097,2008455,4,2005-04-27
5097,22907,4,2005-06-25
5097,310204,5,2005-09-26
5097,1685089,4,2001-02-07
5097,504211,3,2004-01-02
5097,2094538,5,2005-07-31
5097,2483842,4,2005-08-03
5097,1485830,3,2003-01-20
5097,1166912,4,2003-06-07
5097,743025,3,2003-09-19
5097,125090,5,2003-10-22
5097,2081884,4,2004-06-13
5097,1811603,4,2004-11-21
5097,859734,4,2004-11-23
5097,898756,4,2005-01-11
5097,622370,3,2005-01-19
5097,974823,3,2005-02-10
5097,920932,2,2005-03-24
5097,676849,4,2005-04-18
5097,1942389,5,2004-05-24
5097,2416086,3,2003-06-04
5097,2317374,2,2002-12-02
5097,2195441,4,2004-09-14
5097,2024858,4,2005-08-19
5097,2619823,3,2003-09-26
5097,1456446,3,2004-04-22
5097,599880,4,2004-03-02
5097,2452132,5,2004-05-31
5097,2062350,4,2004-12-07
5097,211889,3,2004-12-08
5097,2172183,2,2005-01-20
5097,2341640,3,2005-02-24
5097,1921633,3,2005-03-28
5097,1937579,4,2005-04-05
5097,853491,5,2005-04-18
5097,371785,3,2005-06-26
5097,2087888,4,2005-10-06
5097,252976,4,2005-10-26
5097,1139570,3,2001-06-26
5097,1838685,5,2002-05-23
5097,1903352,5,2004-08-02
5097,1606615,3,2004-08-23
5097,2366446,2,2005-08-10
5097,277223,2,2003-06-06
5097,23178,4,2005-08-23
5097,1193636,3,2004-03-10
5097,2109208,3,2004-08-04
5097,1741931,3,2004-06-05
5097,2391686,3,2004-09-12
5097,1146717,3,2004-10-08
5097,1359424,5,2005-03-02
5097,465713,4,2005-05-30
5097,2187741,3,2005-06-03
5097,2244619,3,2005-06-07
5097,1819462,2,2005-06-27
5097,2077168,3,2005-10-12
5097,1502410,4,2005-10-30
5097,2630337,3,2005-12-28
5097,2270611,4,2005-07-23
5097,2439493,1,2003-05-16
5097,1687459,4,2004-05-24
5097,619219,4,2005-08-10
5097,2452476,3,2003-08-20
5097,1080536,3,2003-05-30
5097,1618915,4,2005-08-28
5097,1230248,3,2005-09-06
5097,781950,3,2004-01-13
5097,1573980,1,2004-03-05
5097,1180532,3,2004-05-18
5097,1979787,4,2004-07-30
5097,2430300,4,2004-09-21
5097,712212,4,2004-09-22
5097,1142880,3,2004-09-30
5097,688751,3,2005-01-26
5097,1897107,1,2005-01-28
5097,1314662,4,2005-02-28
5097,1562502,4,2005-05-06
5097,479781,5,2005-05-27
5097,548564,1,2005-06-03
5097,530789,5,2005-07-04
5097,514584,4,2005-09-11
5097,2471102,5,2005-10-05
5097,674545,4,2005-12-14
5097,1330841,3,2005-12-20
5097,1309174,2,2003-02-11
5097,774533,5,2004-12-05
5097,2532783,5,2004-07-26
5097,2121550,3,2003-06-03
5097,2303565,4,2003-12-30
5097,2357365,5,2003-03-26
5097,8121,2,2004-01-06
5097,2450621,5,2005-09-07
5097,2158849,4,2004-09-13
5097,165374,3,2004-04-30
5097,1952860,5,2004-07-16
5097,35754,3,2004-07-28
5097,346182,3,2004-10-14
5097,2089577,3,2004-10-23
5097,2601604,3,2004-12-11
5097,417759,3,2005-01-19
5097,2630286,5,2005-04-30
5097,1220571,4,2005-05-02
5097,573313,3,2005-05-26
5097,1324220,4,2005-09-21
5097,596550,3,2005-09-22
5097,1414851,4,2005-10-02
5097,1000843,3,2003-09-24
5097,2478643,4,2005-08-22
5097,1536419,3,2004-04-05
5097,146462,5,2004-02-28
5097,1527713,4,2004-03-18
5097,147386,3,2004-09-19
5097,494637,1,2004-12-11
5097,715083,3,2004-12-15
5097,2040110,4,2005-01-19
5097,2300207,5,2005-04-03
5097,1134379,3,2005-05-30
5097,1259082,3,2005-06-01
5097,1653681,2,2005-09-22
5097,582105,2,2005-11-15
5097,1248794,5,2005-11-26
5097,1316735,3,2004-12-23
5097,928376,5,2001-01-21
5097,363980,5,2001-07-11
5097,1962294,4,2002-06-30
5097,2197525,4,2003-10-21
5097,864448,3,2003-12-03
5097,1236764,3,2004-01-19
5097,1773356,1,2004-03-11
5097,1582769,4,2003-09-11
5097,612653,5,2004-05-19
5097,78304,3,2004-03-01
5097,2526460,3,2004-03-19
5097,2185614,2,2004-04-03
5097,593928,4,2004-08-20
5097,1253619,3,2004-07-04
5097,1975315,4,2004-09-30
5097,164668,5,2005-05-13
5097,246980,2,2005-05-22
5097,90621,3,2005-09-05
5097,1452127,3,2005-09-12
5097,2227850,4,2005-10-09
5097,2281542,3,2005-11-17
5097,782308,5,2002-12-10
5097,1545709,3,2003-09-12
5097,1410683,4,2002-05-07
5097,239875,3,2005-07-24
5097,1890591,3,2004-06-29
5097,1160795,4,2005-08-22
5097,176377,5,2003-06-02
5097,1885459,4,2003-07-03
5097,1541233,4,2005-10-17
5097,1805798,3,2004-02-06
5097,1770469,4,2004-07-29
5097,1040945,3,2004-05-27
5097,72541,3,2004-05-10
5097,948645,5,2004-08-27
5097,238740,4,2004-09-18
5097,462638,2,2005-01-29
5097,1642610,2,2005-03-04
5097,773145,2,2005-03-14
5097,1102182,3,2005-03-23
5097,1033331,3,2005-04-06
5097,671440,3,2005-06-14
5097,2549238,2,2005-06-30
5097,523416,5,2005-07-03
5097,1300942,4,2005-09-23
5097,1407742,3,2005-11-08
5097,5977,3,2005-07-05
5097,956639,4,2005-07-07
5097,2062717,4,2004-02-19
5097,2030676,5,2004-01-12
5097,948572,2,2004-01-11
5097,735636,4,2004-03-21
5097,2432893,4,2005-08-16
5097,1622492,2,2003-10-20
5097,1527246,2,2003-08-19
5097,1660266,3,2004-10-12
5097,1941488,3,2004-10-22
5097,1301750,5,2004-11-14
5097,174783,4,2004-11-29
5097,290700,3,2005-03-09
5097,2184150,4,2005-06-05
5097,2635565,3,2005-09-29
5097,2431353,5,2005-10-28
5097,525168,3,2005-11-11
5097,562542,4,2005-11-13
5097,831494,3,2005-12-21
5097,981235,4,2000-12-21
5097,1452454,4,2001-03-15
5097,1655613,2,2004-05-06
5097,2439537,4,2004-06-14
5097,2023883,3,2004-08-22
5097,754884,4,2004-03-15
5097,1183174,3,2004-01-14
5097,1945838,3,2003-06-05
5097,1068154,2,2003-06-04
5097,817339,4,2004-03-26
5097,2328238,1,2004-11-29
5097,1512112,4,2004-12-21
5097,1939431,3,2005-01-02
5097,2080674,5,2005-01-12
5097,2625242,3,2005-01-19
5097,1355138,4,2005-01-19
5097,1504672,4,2005-02-10
5097,297607,3,2005-03-14
5097,108409,5,2005-04-23
5097,2068543,3,2005-04-29
5097,578311,4,2005-05-20
5097,847616,3,2005-11-08
5097,823589,3,2005-07-14
5097,2335153,4,2003-09-03
5097,213621,3,2003-05-08
5097,2438293,4,2002-04-28
5097,2353479,4,2004-06-12
5097,930113,4,2004-08-13
5097,1792817,4,2004-04-01
5097,1040437,4,2003-09-04
5097,415641,4,2004-08-26
5097,46929,4,2003-12-29
5097,342727,3,2003-12-16
5097,221427,5,2004-04-04
5097,779653,4,2004-08-20
5097,1862727,3,2004-09-11
5097,1639014,5,2004-09-27
5097,1449738,2,2004-10-21
5097,1007545,3,2004-12-09
5097,1923216,4,2004-12-23
5097,1497251,5,2005-01-08
5097,1404764,3,2005-02-08
5097,1498463,3,2005-02-12
5097,772817,2,2005-03-22
5097,2332397,5,2005-03-28
5097,1716519,3,2005-05-20
5097,2345098,3,2005-09-03
5097,1858050,4,2005-09-09
5097,2547219,3,2005-09-19
5097,1632784,3,2005-10-28
5097,1047368,3,2005-11-05
5097,1044289,4,2005-12-20
5097,2389367,4,2004-05-11
5097,1461647,3,2003-08-19
5097,96831,4,2005-07-25
5097,2128440,4,2003-07-02
5097,931786,4,2003-05-17
5097,1392053,3,2003-12-05
5097,2077564,5,2004-05-21
5097,232721,5,2004-04-06
5097,1312016,3,2004-01-14
5097,243532,4,2004-06-13
5097,684876,4,2004-03-30
5097,2169359,3,2004-05-16
5097,211166,1,2004-06-07
5097,2260739,3,2004-08-15
5097,831869,3,2004-12-23
5097,1947413,3,2005-01-04
5097,2155681,5,2005-01-25
5097,335464,4,2005-02-13
5097,1851320,5,2005-03-02
5097,74320,5,2005-06-24
5097,2401475,3,2005-09-14
5097,2283630,2,2005-09-16
5097,1403686,4,2005-11-03
5097,764785,2,2001-06-28
5097,382186,2,2001-06-25
5097,2549780,4,2000-12-29
5097,1860956,1,2002-05-07
5097,696390,4,2004-05-17
5097,1473980,3,2005-08-28
5097,411843,2,2004-01-09
5097,2523426,4,2004-03-03
5097,1548625,4,2004-10-01
5097,827458,3,2004-10-31
5097,641754,4,2005-01-20
5097,302344,4,2005-05-08
5097,367025,2,2005-06-17
5097,1026771,1,2005-09-03
5097,2603700,4,2004-08-02
5097,1386805,1,2005-07-23
5097,1306621,4,2003-08-21
5097,1321277,4,2003-11-17
5097,753231,2,2003-09-07
5097,1456837,4,2002-07-16
5097,1771252,4,2004-04-21
5097,7116,3,2003-12-24
5097,371652,3,2003-08-14
5097,2588510,5,2004-03-10
5097,289736,3,2005-08-18
5097,41029,3,2004-05-06
5097,10943,5,2003-06-26
5097,2432542,3,2003-10-26
5097,1437808,2,2003-11-08
5097,1878483,4,2004-06-28
5097,1553659,3,2004-06-19
5097,346238,3,2004-11-04
5097,2040859,1,2004-11-23
5097,450234,4,2004-12-09
5097,1610877,4,2005-01-19
5097,651625,3,2005-03-22
5097,1084204,5,2005-10-03
5097,510719,4,2005-10-12
5097,2264426,5,2005-11-01
5097,2333850,5,2003-06-24
5097,2330528,4,2004-03-15
5097,2338311,3,2005-08-19
5097,790706,3,2004-03-01
5097,2579306,3,2005-08-28
5097,2323264,4,2004-04-16
5097,15880,5,2004-08-08
5097,1028146,4,2004-08-10
5097,2489466,2,2004-09-27
5097,1313714,3,2004-11-07
5097,937813,4,2005-03-01
5097,2323671,4,2005-03-12
5097,644453,3,2005-04-21
5097,1849773,4,2005-06-28
5097,283650,5,2005-10-26
5097,183435,3,2005-11-05
5097,946039,2,2005-11-12
5097,2584252,3,2001-07-17
5097,967821,5,2004-04-03
5097,13266,3,2003-06-23
5097,2035595,3,2002-11-29
5097,1646777,1,2004-07-18
5097,305765,2,2004-04-05
5097,1594342,4,2005-08-23
5097,1137509,3,2005-08-27
5097,1177340,3,2004-12-07
5097,1028463,5,2004-12-29
5097,1385431,4,2005-01-11
5097,2322536,5,2005-02-03
5097,480664,3,2005-04-05
5097,2542967,4,2005-04-09
5097,197282,3,2005-10-31
5097,1120853,4,2003-10-13
5097,2308593,2,2005-08-15
5097,2204694,4,2004-07-16
5097,2196980,2,2005-09-02
5097,1944148,4,2004-01-15
5097,844526,5,2004-07-19
5097,1888899,4,2004-04-28
5097,1268699,2,2004-07-03
5097,2262169,3,2004-09-05
5097,731057,4,2004-10-14
5097,1116129,3,2004-11-26
5097,2529103,4,2004-12-13
5097,913029,5,2004-12-29
5097,1742805,4,2005-01-19
5097,185867,4,2005-02-12
5097,693071,5,2005-10-14
5097,258164,3,2005-10-17
5097,125498,1,2005-11-22
5097,2114015,3,2005-11-27
5097,507764,4,2005-12-29
5097,1589627,5,2005-07-27
5097,553202,3,2004-04-22
5097,1991666,5,2004-01-11
5097,754397,5,2003-01-22
5097,2093949,3,2003-09-13
5097,1788733,5,2005-08-27
5097,781610,4,2004-06-22
5097,2537502,5,2004-04-16
5097,2352804,4,2005-01-27
5097,2022293,4,2005-02-15
5097,2218826,5,2005-02-21
5097,2177165,4,2005-03-15
5097,1386294,4,2005-06-03
5097,1744594,5,2005-10-19
5097,1526115,3,2000-04-20
5097,2037890,3,2004-12-05
5097,1092521,2,2005-07-08
5097,1311621,2,2003-08-19
5097,485460,4,2003-08-25
5097,754954,4,2005-08-20
5097,2050655,3,2004-02-19
5097,2534006,3,2003-10-24
5097,952156,4,2004-04-26
5097,407037,3,2004-11-12
5097,1017525,4,2004-12-23
5097,1211730,4,2005-01-23
5097,6699,3,2005-01-01
5097,610915,3,2005-02-22
5097,2465337,3,2005-03-13
5097,458226,5,2005-04-18
5097,829528,5,2005-05-01
5097,444229,3,2005-11-25
5097,852389,3,2004-09-13
5097,221926,4,2003-05-15
5097,989988,5,2004-02-22
5097,1119113,3,2005-08-05
5097,984474,4,2004-01-09
5097,2510739,3,2003-01-11
5097,2072928,4,2003-09-29
5097,1766191,4,2004-01-09
5097,1262404,5,2005-08-31
5097,1509100,3,2004-07-16
5097,309553,4,2004-11-04
5097,1571299,4,2004-12-19
5097,528691,4,2005-02-13
5097,901167,3,2005-02-14
5097,1624505,4,2005-03-23
5097,1411878,5,2005-05-03
5097,44247,4,2003-12-06
5097,2248080,3,2005-07-25
5097,1616135,3,2004-06-14
5097,1681954,4,2003-08-23
5097,1851011,4,2003-12-10
5097,1329144,2,2004-07-05
5097,818752,5,2004-07-12
5097,2248543,3,2004-10-01
5097,454878,3,2004-10-15
5097,2000429,4,2004-12-14
5097,98586,3,2005-01-19
5097,2058629,3,2005-03-04
5097,433039,3,2005-03-19
5097,2594760,4,2005-03-24
5097,166501,3,2005-05-12
5097,2003136,5,2005-05-25
5097,482868,4,2005-06-14
5097,1287939,4,2005-10-03
5097,2562446,4,2005-10-20
5097,850678,3,2005-10-26
5097,1475520,3,2005-11-09
5097,1756111,3,2004-01-11
5097,2326664,1,2002-06-22
5097,2197203,4,2005-07-21
5097,2397150,5,2003-09-10
5097,1919401,4,2004-04-02
5097,2452478,5,2003-06-22
5097,1985289,4,2003-07-10
5097,384188,4,2004-08-09
5097,128389,3,2004-12-04
5097,2428854,4,2004-08-11
5097,2198070,4,2004-04-13
5097,965104,2,2004-05-31
5097,1136895,4,2004-10-07
5097,2130422,4,2004-12-23
5097,276272,4,2005-01-06
5097,769702,2,2005-02-06
5097,118768,3,2005-03-15
5097,1999176,3,2005-04-30
5097,2240492,4,2005-06-01
5097,902372,3,2005-06-20
5097,749124,5,2005-06-21
5097,2409585,3,2005-09-18
5097,1798748,3,2005-09-23
5097,387982,4,2005-11-02
5097,2300454,3,2005-11-14
5097,387888,5,2005-11-28
5097,566017,4,2005-07-08
5097,868047,2,2005-07-10
5097,2452906,5,2003-10-12
5097,2147412,4,2003-06-25
5097,518677,3,2004-03-15
5097,1975980,4,2004-11-08
5097,2082864,3,2005-01-02
5097,2197982,2,2005-01-06
5097,1345752,5,2005-01-19
5097,2288627,4,2005-01-27
5097,2001363,4,2005-02-17
5097,470873,5,2005-05-16
5097,676123,5,2005-05-25
5097,2574924,3,2005-09-12
5097,773694,1,2005-10-03
5097,43094,3,2005-11-15
5097,846743,3,2005-12-21
5097,972914,3,2005-07-13
5097,1648620,3,2005-07-15
5097,1229252,1,2001-06-22
5097,2450141,4,2005-08-02
5097,2517493,4,2004-08-26
5097,1960785,4,2004-07-15
5097,1253534,5,2003-12-18
5097,2404088,3,2005-08-21
5097,2630478,4,2005-09-05
5097,155064,3,2004-06-09
5097,2457095,3,2004-03-28
5097,529685,4,2004-04-01
5097,958901,5,2004-07-11
5097,2090210,4,2004-06-22
5097,1586839,4,2004-09-23
5097,62874,4,2004-12-07
5097,737467,3,2004-12-24
5097,795050,4,2005-01-23
5097,2119910,4,2005-05-30
5097,2124857,4,2005-10-13
5097,1161736,4,2005-11-08
5097,952324,4,2005-11-22
5097,1594618,2,2001-06-06
5097,1221792,3,2005-07-25
5097,1988854,5,2005-08-18
5097,1026606,4,2003-07-11
5097,1936110,2,2003-06-06
5097,2026477,4,2005-08-26
5097,648712,4,2004-04-26
5097,528404,5,2004-03-09
5097,2460659,4,2004-03-28
5097,1160950,4,2004-05-19
5097,2031891,3,2004-10-01
5097,409104,4,2005-01-19
5097,302198,4,2005-04-19
5097,147460,4,2005-04-29
5097,471647,4,2005-05-09
5097,2413875,5,2005-05-21
5097,2490050,4,2005-06-02
5097,1032518,5,2005-06-29
5097,1460897,2,2005-09-12
5097,121218,3,2005-09-16
5097,2376898,4,2005-10-05
5097,394895,4,2005-12-22
5097,1350837,3,2005-07-05
5097,2219287,4,2001-06-22
5097,595778,2,2004-06-11
5097,865657,4,2005-08-02
5097,931651,5,2005-08-15
5097,1326146,3,2005-08-25
5097,1281114,4,2004-03-16
5097,412133,3,2004-04-29
5097,1024768,4,2004-10-19
5097,1105029,3,2005-01-07
5097,1611056,1,2005-04-16
5097,1163442,5,2005-06-22
5097,1295574,4,2005-09-23
5097,1604574,3,2005-09-26
5097,1889330,5,2005-10-21
5097,1907699,4,2005-11-28
5097,2517669,4,2003-10-20
5097,922332,2,2002-06-30
5097,999596,5,2005-08-05
5097,2568908,4,2004-06-13
5097,2114153,3,2005-08-17
5097,480290,4,2004-04-30
5097,1880009,4,2005-08-23
5097,487512,1,2004-05-29
5097,1423063,4,2004-03-03
5097,1130529,2,2004-04-09
5097,835265,2,2004-08-16
5097,849952,4,2004-10-17
5097,489238,3,2004-11-21
5097,2155181,5,2005-05-20
5097,1523538,3,2005-06-10
5097,203091,4,2005-06-21
5097,364749,5,2005-07-12
5097,2299951,4,2003-06-24
5097,280542,5,2000-07-17
5097,685926,2,2005-07-18
5097,2427474,5,2004-05-14
5097,75045,3,2002-06-05
5097,1392598,4,2004-01-13
5097,770860,4,2004-07-08
5097,1581430,3,2004-06-30
5097,596918,5,2004-06-28
5097,328587,5,2004-10-23
5097,227829,4,2005-10-06
5097,1057722,3,2004-11-16
5097,26756,3,2004-12-08
5097,1395395,4,2004-12-22
5097,1890809,4,2004-12-26
5097,108673,3,2005-03-21
5097,847313,3,2005-03-28
5097,2566305,5,2005-03-28
5097,1655837,4,2005-04-12
5097,7620,4,2005-10-04
5097,2438741,3,2005-10-31
5097,865622,2,2001-06-27
5097,992512,4,2004-06-01
5097,554137,3,2003-02-13
5097,1577820,3,2005-08-16
5097,1107860,3,2003-10-14
5097,1784292,5,2004-05-18
5097,2353500,3,2004-03-20
5097,1509801,4,2004-12-08
5097,760481,3,2004-12-22
5097,2076208,5,2004-12-28
5097,1547836,2,2005-01-06
5097,554030,1,2005-01-19
5097,217747,3,2005-02-06
5097,318012,4,2005-02-08
5097,1475475,3,2005-03-09
5097,199788,3,2005-05-08
5097,1844442,4,2005-05-09
5097,2401052,3,2005-06-13
5097,760135,3,2005-10-20
5097,31550,5,2005-11-09
5097,81692,2,2005-11-22
5097,2011507,4,2005-12-12
5097,166897,5,2005-12-30
5097,828654,4,2004-03-14
5097,330802,4,2001-08-15
5097,1991038,3,2003-12-06
5097,1860860,3,2004-07-09
5097,2576492,3,2003-12-17
5097,2019936,3,2003-09-16
5097,2417151,4,2004-09-24
5097,1729867,3,2004-11-26
5097,550365,3,2004-12-22
5097,727803,2,2005-01-26
5097,1671330,3,2005-02-13
5097,2061099,4,2005-03-13
5097,761585,3,2005-05-05
5097,2505334,3,2005-05-06
5097,727570,5,2005-05-09
5097,604345,4,2005-09-08
5097,2038495,4,2005-09-10
5097,118868,5,2005-09-30
5097,1375660,5,2005-10-21
5097,17503,3,2005-10-31
5097,1784276,5,2005-11-10
5097,767958,3,2003-06-02
5097,1287892,2,2001-04-24
5097,2331318,4,2004-08-25
5097,29185,5,2003-12-10
5097,2494753,3,2004-07-07
5097,2102907,5,2003-12-11
5097,688323,4,2004-04-30
5097,890669,3,2004-09-09
5097,2405238,4,2004-08-14
5097,687078,5,2004-09-27
5097,207251,4,2005-02-12
5097,2455832,4,2005-04-06
5097,2033422,4,2005-04-13
5097,499292,4,2005-06-14
5097,2327556,4,2005-09-09
5097,2364213,3,2005-10-13
5097,1544947,3,2005-11-21
5097,746910,3,2004-07-22
5097,227217,2,2001-06-24
5097,1928961,5,2004-06-22
5097,2629158,3,2004-05-07
5097,594805,2,2004-03-23
5097,789527,4,2004-03-28
5097,400155,3,2005-09-03
5097,2156110,2,2004-06-03
5097,260423,4,2004-03-28
5097,1734770,1,2004-11-21
5097,1192601,4,2004-11-30
5097,1268483,5,2005-01-20
5097,1575729,3,2005-02-08
5097,1932113,3,2005-05-15
5097,1609831,3,2005-06-30
5097,954537,3,2005-09-22
5097,508924,4,2005-10-13
5097,910869,2,2005-08-08
5097,2122790,4,2003-04-17
5097,136232,3,2004-03-16
5097,1762985,4,2003-12-05
5097,1807578,3,2003-07-02
5097,2434640,4,2005-09-02
5097,2029979,5,2004-09-04
5097,2118923,4,2004-08-22
5097,1614384,3,2004-10-13
5097,237449,3,2004-10-19
5097,1098468,4,2005-01-05
5097,339962,4,2005-01-19
5097,1622098,4,2005-02-18
5097,543275,3,2005-04-15
5097,813479,3,2005-04-22
5097,2313013,2,2005-06-21
5097,2260761,5,2005-10-09
5097,1332107,3,2005-07-05
5097,813592,5,2003-07-02
5097,1020903,4,2004-07-12
5097,374380,2,2004-09-02
5097,18426,3,2004-10-12
5097,2531429,4,2004-11-12
5097,1224055,3,2005-02-07
5097,1021157,5,2005-03-20
5097,1172980,5,2005-04-12
5097,1241796,5,2005-04-12
5097,798698,2,2005-05-31
5097,923517,5,2005-06-25
5097,785912,4,2005-10-10
5097,696170,3,2005-11-22
5097,507603,1,2005-11-29
5097,245813,3,2003-04-09
5097,1263857,4,2003-09-10
5097,883909,2,2004-07-05
5097,972616,3,2004-03-03
5097,290360,4,2004-09-04
5097,2431563,5,2003-02-24
5097,1845316,3,2002-12-08
5097,2593402,4,2004-03-12
5097,1042087,3,2004-07-27
5097,687648,3,2003-05-16
5097,2487903,5,2005-08-21
5097,1721775,1,2004-06-22
5097,1593749,2,2004-01-16
5097,2059171,4,2003-09-29
5097,432839,3,2004-06-27
5097,1753201,4,2005-01-20
5097,1068988,3,2005-01-25
5097,213489,4,2005-01-31
5097,8689,4,2005-03-19
5097,2267708,5,2005-03-22
5097,2261989,4,2005-04-04
5097,2268851,5,2005-06-12
5097,1772565,3,2005-06-12
5097,1433812,2,2005-06-14
5097,708953,3,2005-06-23
5097,1794738,3,2005-10-10
5097,1018838,3,2003-06-24
5097,1371108,2,2003-06-27
5097,206808,4,2003-06-03
5097,1110794,4,2004-03-24
5097,2448620,3,2004-09-30
5097,1229545,3,2004-10-07
5097,562254,4,2004-10-28
5097,1242336,3,2004-11-30
5097,1207618,1,2005-01-23
5097,52912,4,2005-02-15
5097,1327129,4,2005-04-06
5097,1306893,3,2005-05-24
5097,269038,3,2005-06-07
5097,1796297,4,2005-09-17
5097,999038,3,2005-09-20
5097,1025897,3,2005-11-08
5097,936093,3,2000-03-11
5097,2291851,2,2000-05-30
5097,166980,3,2003-12-21
5097,2601915,3,2005-08-02
5097,2308706,3,2005-08-12
5097,452494,3,2004-06-12
5097,2359204,3,2005-01-08
5097,2385481,3,2005-01-22
5097,1674725,4,2005-02-07
5097,1734419,2,2005-02-10
5097,129796,5,2005-04-06
5097,1418058,3,2005-04-13
5097,750324,5,2005-07-02
5097,1598660,3,2005-09-07
5097,390062,4,2005-09-20
5097,1044742,4,2005-11-15
5097,1935937,3,2005-11-15
5097,690331,5,2002-01-07
5097,2096374,5,2003-02-12
5097,1547725,1,2005-08-23
5097,198393,4,2004-04-22
5097,414536,4,2004-03-13
5097,2619505,4,2004-04-15
5097,2080886,4,2003-11-13
5097,398478,1,2004-02-29
5097,379807,3,2004-10-03
5097,1221949,3,2004-10-20
5097,1854399,4,2004-11-09
5097,2321512,4,2004-12-20
5097,1231018,3,2005-01-26
5097,972986,3,2005-01-31
5097,212227,4,2005-06-20
5097,861352,4,2005-06-25
5097,2467757,4,2005-10-15
5097,1530425,3,2005-10-19
5097,877344,3,2005-10-27
5097,664790,3,2005-10-29
5097,1873689,5,2005-11-05
5097,2055550,3,2005-11-11
5097,1500283,3,2005-11-29
5097,2501249,3,2001-05-12
5097,1095815,3,2004-08-03
5097,206787,2,2004-01-02
5097,1017784,2,2004-08-24
5097,2250323,3,2004-01-02
5097,1249916,4,2003-10-15
5097,322009,3,2004-06-29
5097,2067972,4,2004-09-06
5097,685310,3,2004-10-13
5097,2260832,3,2004-11-04
5097,1814824,3,2005-01-10
5097,2525835,3,2005-04-13
5097,1585829,4,2005-04-24
5097,176300,3,2005-04-24
5097,2532402,5,2005-09-21
5097,1969285,3,2005-09-25
5097,757420,1,2005-11-20
5097,763193,5,2005-12-16
5097,1513841,4,2001-07-03
5097,1087004,2,2001-07-10
5097,633890,3,2001-05-08
5097,1435077,5,2005-07-29
5097,1222167,3,2003-09-16
5097,589800,5,2003-04-01
5097,2137077,3,2003-12-30
5097,2485452,5,2004-06-09
5097,1934336,3,2005-08-30
5097,2255533,3,2004-09-20
5097,2185798,3,2004-10-09
5097,2165481,5,2005-01-03
5097,2275672,3,2005-03-21
5097,1265879,2,2005-04-12
5097,2360058,2,2005-04-18
5097,849058,5,2005-09-15
5097,1791594,4,2005-10-10
5097,2426395,3,2005-10-25
5097,2209212,3,2005-10-28
5097,1807904,5,2005-11-17
5097,2514291,3,2005-07-05
5097,737868,2,2002-10-31
5097,295823,5,2004-06-19
5097,731592,4,2003-10-20
5097,308422,3,2004-08-03
5097,2462783,5,2003-12-18
5097,1316922,5,2004-08-31
5097,1945155,4,2004-05-26
5097,1312661,5,2004-08-27
5097,1538160,4,2004-10-18
5097,1080430,3,2005-01-24
5097,926220,5,2005-03-17
5097,477988,3,2005-04-26
5097,643186,4,2005-05-26
5097,2516386,5,2005-10-02
5097,1146886,4,2003-05-16
5097,2096780,3,2003-12-02
5097,274191,3,2003-05-16
5097,2309509,3,2004-04-18
5097,557143,5,2003-12-04
5097,1835142,3,2003-09-11
5097,1586221,5,2004-08-29
5097,2101288,3,2004-04-10
5097,1877483,4,2004-08-13
5097,2538693,4,2004-10-08
5097,2408493,3,2004-10-17
5097,2110321,3,2004-10-21
5097,2299517,4,2004-12-27
5097,2115291,2,2005-04-06
5097,142270,3,2005-04-13
5097,2190792,2,2005-04-15
5097,2118571,4,2005-05-19
5097,1434407,4,2005-06-30
5097,414838,4,2005-10-05
5097,2052068,4,2005-10-12
5097,1693908,1,2005-12-30
5097,732775,2,2000-05-24
5097,1032165,4,2004-01-13
5097,668605,3,2005-08-04
5097,157094,4,2004-03-17
5097,2269517,2,2003-06-26
5097,516736,4,2005-08-24
5097,1132764,5,2003-09-12
5097,1186881,4,2005-08-28
5097,1527676,1,2004-04-06
5097,2478523,4,2004-03-09
5097,9557,3,2004-03-01
5097,2118885,3,2004-09-29
5097,1348610,4,2004-11-07
5097,1995099,3,2004-12-29
5097,423681,3,2005-03-08
5097,1679359,3,2005-04-08
5097,1496154,3,2005-06-20
5097,818416,3,2005-06-28
5097,1452537,3,2005-07-02
5097,1641147,4,2005-10-10
5097,2420257,4,2005-10-10
5097,1603354,4,2005-11-09
5097,1075075,3,2005-11-14
5097,481849,4,2003-11-28
5097,772534,3,2005-07-15
5097,1444657,2,2003-07-03
5097,2118102,4,2005-08-08
5097,1261817,4,2004-06-15
5097,1725081,4,2004-04-21
5097,1106378,2,2004-03-30
5097,683824,5,2004-08-13
5097,256817,3,2004-06-01
5097,1214533,4,2004-08-06
5097,1087649,3,2004-06-01
5097,1202396,3,2004-06-22
5097,487866,4,2004-10-06
5097,140516,4,2004-10-08
5097,695091,5,2004-11-01
5097,976594,3,2004-12-03
5097,251805,3,2005-01-08
5097,1653757,3,2005-01-30
5097,2222233,2,2005-03-21
5097,647630,4,2005-04-11
5097,1407936,5,2005-06-08
5097,234590,3,2005-07-02
5097,907174,5,2005-10-07
5097,1664010,5,2005-10-12
5097,1902838,2,2001-07-09
5097,2503583,4,2003-09-06
5097,1276696,3,2005-08-04
5097,953043,3,2005-08-12
5097,940016,3,2003-06-10
5097,1052101,3,2004-07-04
5097,609629,4,2004-08-14
5097,2101849,4,2004-03-22
5097,170487,2,2005-01-01
5097,375989,2,2005-02-10
5097,1679912,4,2005-10-12
5097,1409104,5,2005-11-02
5097,305343,4,2005-07-13
5097,1814827,4,2005-07-23
5097,351798,4,2005-08-07
5097,2471921,4,2003-12-26
5097,1064554,4,2004-06-16
5097,38147,3,2005-08-20
5097,1711448,4,2005-08-28
5097,89248,4,2004-07-15
5097,2374782,5,2003-12-22
5097,49890,5,2004-06-16
5097,1649217,4,2004-03-01
5097,2133772,5,2004-11-01
5097,2575649,3,2004-12-31
5097,1605485,4,2005-01-02
5097,2011887,4,2005-01-05
5097,62499,4,2005-01-13
5097,1126555,4,2005-01-23
5097,1725003,4,2005-01-25
5097,285975,5,2005-02-12
5097,1777711,3,2005-02-14
5097,1565707,5,2005-03-06
5097,90297,3,2005-05-08
5097,1715843,4,2005-05-24
5097,1441959,4,2005-05-31
5097,1970298,5,2005-09-11
5097,2189638,3,2005-09-11
5097,840254,3,2005-09-26
5097,416881,4,2005-10-24
5097,2424335,4,2005-11-15
5097,2491226,2,2005-12-19
5097,1935981,3,2005-12-28
5097,86379,3,2001-07-22
5097,1346670,3,2002-10-17
5097,1800701,2,2002-06-20
5097,48282,3,2003-08-27
5097,2009562,3,2004-01-07
5097,333739,3,2004-02-05
5097,2026118,1,2004-06-05
5097,2036644,5,2004-04-19
5097,790459,2,2004-06-30
5097,1588471,2,2004-03-15
5097,507094,1,2004-08-04
5097,1932112,1,2004-10-17
5097,1662098,4,2005-05-14
5097,364247,5,2005-09-30
5097,136601,2,2005-10-10
5097,1577696,4,2001-07-11
5097,2557296,3,2002-12-08
5097,1127519,3,2004-04-28
5097,127238,3,2005-07-24
5097,2453603,3,2005-07-27
5097,905218,5,2004-03-30
5097,387852,4,2004-03-16
5097,1207990,3,2004-05-04
5097,80354,3,2004-03-22
5097,651973,3,2003-12-05
5097,1771405,4,2003-11-04
5097,690426,5,2004-06-25
5097,931565,4,2004-07-09
5097,426247,5,2004-09-18
5097,1840149,3,2005-01-19
5097,1999791,4,2005-03-20
5097,665967,3,2005-03-21
5097,1918525,4,2005-04-26
5097,2553514,4,2005-06-17
5097,2095619,3,2005-10-03
5097,134750,3,2005-10-08
5097,345953,4,2005-11-07
5097,1469949,2,2005-11-11
5097,2063301,1,2005-11-13
5097,2043784,3,2004-03-02
5097,1091170,3,2005-08-17
5097,1424289,5,2005-08-19
5097,1573438,3,2004-04-12
5097,537407,3,2004-08-28
5097,308775,5,2004-05-18
5097,1854712,4,2004-09-08
5097,272515,5,2004-12-13
5097,741564,2,2005-02-06
5097,1811832,2,2005-02-26
5097,504752,5,2005-04-29
5097,617824,5,2005-05-24
5097,365879,5,2005-06-02
5097,763484,4,2005-06-15
5097,668643,4,2005-09-11
5097,342033,1,2005-09-25
5097,1673594,3,2005-11-14
5097,455024,3,2005-12-18
5097,2415423,5,2005-07-14
5097,101807,3,2002-05-07
5097,2533610,3,2005-07-15
5097,1184344,3,2004-07-01
5097,83858,4,2003-10-09
5097,417673,3,2003-08-01
5097,1560219,3,2004-01-10
5097,220104,1,2004-09-09
5097,400866,4,2005-08-25
5097,1774595,3,2004-01-29
5097,1268751,5,2004-04-07
5097,2358877,4,2005-03-08
5097,114111,4,2005-04-03
5097,1805036,4,2005-04-10
5097,2249910,3,2005-04-22
5097,1901376,5,2005-06-07
5097,1616746,5,2005-07-02
5097,453105,4,2005-10-04
5097,593873,4,2005-10-21
5097,1628543,4,2005-11-21
5097,2550772,3,2005-12-27
5097,2004371,3,2000-04-01
5097,1610234,2,2005-08-17
5097,2268553,4,2003-05-16
5097,2272790,3,2005-08-30
5097,1730699,4,2003-12-19
5097,2623235,4,2004-03-22
5097,1333297,4,2004-01-06
5097,1978748,2,2004-04-05
5097,1841056,3,2005-03-27
5097,2498949,3,2004-10-31
5097,1452960,1,2005-01-04
5097,1423668,4,2005-01-07
5097,939562,3,2005-01-19
5097,674346,4,2005-04-04
5097,2490049,3,2005-06-02
5097,1873049,3,2005-06-10
5097,734172,5,2005-06-13
5097,946380,3,2005-11-02
5097,390552,5,2005-11-28
5097,2133030,4,2000-02-13
5097,639594,5,2002-01-24
5097,1312635,2,2003-06-27
5097,397559,2,2003-02-14
5097,1424983,3,2004-05-27
5097,2623764,5,2005-08-02
5097,1350064,2,2003-12-02
5097,133690,3,2004-06-11
5097,1938729,4,2004-07-14
5097,2059197,3,2004-12-26
5097,1553985,4,2005-02-16
5097,1459727,3,2005-03-24
5097,2419145,1,2005-03-28
5097,1510737,3,2005-06-02
5097,724599,1,2005-06-22
5097,2238785,3,2005-11-28
5097,936713,4,2003-12-25
5097,2531323,3,2005-07-08
5097,491739,5,2001-01-02
5097,1691554,4,2005-07-12
5097,919160,3,2003-11-08
5097,1677588,2,2002-02-23
5097,168246,5,2003-06-22
5097,2169489,3,2005-08-19
5097,795536,1,2005-08-22
5097,2152856,3,2003-07-04
5097,1443462,2,2004-03-10
5097,1040475,3,2004-05-19
5097,1920911,4,2004-07-02
5097,25049,1,2004-05-18
5097,2509048,4,2004-03-14
5097,528287,3,2004-09-07
5097,942442,3,2004-05-13
5097,1405096,1,2004-05-09
5097,2343410,5,2004-08-27
5097,166809,4,2004-10-13
5097,1232740,5,2004-12-09
5097,1207731,5,2004-12-21
5097,1460776,3,2005-02-21
5097,383362,5,2005-03-24
5097,110938,5,2005-04-06
5097,2135891,3,2005-05-10
5097,1637213,2,2005-09-14
5097,1757203,3,2005-10-07
5097,1916185,3,2005-11-11
5097,477254,5,2005-12-21
5097,840326,3,2005-12-24
5097,1675269,4,2005-07-07
5097,2514777,3,2004-01-14
5097,779811,4,2004-03-02
5097,667438,4,2004-11-05
5097,160449,4,2005-01-02
5097,1742324,5,2005-01-08
5097,1256326,5,2005-02-02
5097,1575539,3,2005-02-09
5097,273564,3,2005-03-28
5097,745607,3,2005-04-08
5097,1291859,4,2005-05-17
5097,1822377,4,2005-05-26
5097,1576607,5,2005-06-07
5097,1468007,3,2005-10-30
5097,28693,4,2005-11-22
5097,1901404,1,2004-03-16
5097,1026933,5,2003-08-19
5097,1015570,3,2003-06-26
5097,2040324,4,2004-06-11
5097,1643921,3,2003-08-29
5097,325345,5,2004-06-18
5097,2278159,3,2004-08-12
5097,2311238,1,2004-11-01
5097,2135838,2,2004-12-23
5097,221185,3,2004-12-30
5097,1544339,1,2005-03-08
5097,1117314,4,2005-03-27
5097,2239537,3,2005-05-09
5097,1240906,3,2005-06-02
5097,2246248,5,2005-06-12
5097,2037342,4,2005-06-29
5097,1691893,5,2005-09-29
5097,1581512,3,2005-09-29
5097,1002025,2,2005-10-15
5097,306765,1,2005-10-16
5097,862040,2,2000-10-18
5097,1703083,5,2005-07-15
5097,1433050,4,2000-12-27
5097,879912,3,2004-07-18
5097,2048985,5,2003-06-23
5097,1803723,2,2003-10-14
5097,1847717,4,2004-02-27
5097,871970,5,2003-12-30
5097,705166,3,2004-03-12
5097,1826418,5,2004-03-31
5097,2460883,4,2004-09-20
5097,2337144,3,2005-01-29
5097,347276,2,2005-01-31
5097,2246442,4,2005-02-07
5097,1301819,3,2005-03-04
5097,75976,2,2005-03-07
5097,1737088,5,2005-03-10
5097,1144887,2,2005-06-06
5097,2464049,4,2005-09-14
5097,121543,2,2005-10-20
5097,393903,4,2005-11-11
5097,972267,4,2005-12-23
5097,2132950,5,2005-07-06
5097,184888,4,2003-10-01
5097,1391435,4,2005-08-09
5097,2017089,3,2003-10-22
5097,1905594,4,2004-06-21
5097,1051788,1,2003-09-13
5097,1452061,4,2003-08-24
5097,1772215,3,2004-07-24
5097,2199222,3,2004-08-16
5097,2417900,4,2004-05-27
5097,2040442,5,2004-03-20
5097,1928583,5,2004-10-06
5097,2212303,3,2004-11-13
5097,1396735,5,2005-01-11
5097,438116,5,2005-01-24
5097,2493141,3,2005-01-31
5097,1894043,2,2005-02-15
5097,1535722,5,2005-05-05
5097,2356931,5,2005-05-26
5097,924725,5,2005-10-08
5097,1200097,3,2005-10-31
5097,1847848,4,2005-12-13
5097,805637,3,2005-07-09
5097,375930,2,2003-09-01
5097,1660605,5,2005-08-01
5097,1702561,3,2005-08-03
5097,1454488,4,2003-08-22
5097,504440,2,2005-08-15
5097,1816622,5,2005-08-16
5097,2207893,3,2003-11-30
5097,430738,3,2005-08-30
5097,957287,1,2004-08-23
5097,1896561,5,2004-05-08
5097,225972,3,2004-06-23
5097,940516,1,2004-06-03
5097,893327,4,2004-08-04
5097,20826,3,2005-03-15
5097,833785,4,2005-06-13
5097,2348805,3,2005-09-17
5097,1333236,2,2005-11-16
5097,1998128,2,2000-05-15
5097,2418602,5,2005-07-15
5097,1305622,3,2001-07-30
5097,1356835,3,2005-07-21
5097,1847802,4,2003-10-24
5097,1444057,5,2003-10-14
5097,517441,5,2004-03-30
5097,2337995,5,2005-08-18
5097,684531,3,2004-03-21
5097,777281,3,2003-09-23
5097,454569,2,2003-11-04
5097,2149829,3,2004-06-03
5097,1086481,1,2004-05-14
5097,981753,3,2004-05-05
5097,2180924,4,2004-12-23
5097,199609,5,2005-01-19
5097,2109093,3,2005-05-02
5097,779043,3,2005-10-24
5097,2416829,4,2005-10-28
5097,860716,3,2005-11-03
5097,2199939,3,2005-11-12
5097,1233335,4,2005-07-10
5097,2046241,4,2005-07-25
5097,465497,3,2003-09-13
5097,1865483,3,2004-02-13
5097,2091625,2,2003-10-20
5097,2309089,4,2005-08-22
5097,96837,3,2004-07-26
5097,1983528,5,2004-10-17
5097,1851867,4,2004-10-30
5097,1890844,3,2005-01-25
5097,660435,4,2005-01-30
5097,772851,3,2005-09-13
5097,1539909,3,2005-11-28
5097,1702345,4,2000-01-10
5097,1525897,4,2005-07-09
5097,202114,3,2005-07-23
5097,2071210,3,2004-05-11
5097,1113390,4,2004-08-06
5097,1135769,5,2004-06-22
5097,1363224,4,2004-09-24
5097,593674,3,2004-11-10
5097,2572000,5,2004-11-24
5097,27250,4,2004-12-19
5097,54661,5,2004-12-30
5097,970306,3,2005-04-01
5097,297269,2,2005-04-05
5097,1516107,5,2005-04-26
5097,2382831,2,2005-05-09
5097,1370013,2,2005-06-27
5097,448894,3,2005-09-23
5097,729654,5,2005-10-20
5097,517384,3,2005-11-09
5097,71594,2,2000-04-13
5097,1894636,2,2003-08-25
5097,1476538,3,2003-02-13
5097,1816884,2,2003-07-03
5097,28277,3,2004-03-21
5097,707012,3,2004-06-05
5097,1229776,3,2004-03-25
5097,807321,3,2004-05-28
5097,1182251,2,2004-07-12
5097,1370805,3,2004-11-11
5097,984439,5,2004-11-15
5097,2252611,4,2005-01-02
5097,43729,4,2005-01-28
5097,1574148,2,2005-03-24
5097,824128,3,2005-04-29
5097,690615,3,2005-10-26
5097,149879,5,2005-10-28
5097,1002943,3,2005-11-01
5097,764558,3,2005-11-27
5097,2214254,3,2005-12-20
5097,539264,1,2001-01-03
5097,139473,5,2003-10-15
5097,960801,3,2002-08-08
5097,2647661,3,2000-05-25
5097,2042380,3,2003-08-19
5097,1351706,4,2004-03-11
5097,1164591,3,2003-06-27
5097,952063,4,2004-08-18
5097,1184777,2,2003-10-30
5097,827161,4,2004-09-07
5097,2335457,4,2004-12-07
5097,2481257,4,2005-03-16
5097,862358,5,2005-04-04
5097,118224,4,2005-05-19
5097,1090296,2,2005-09-19
5097,275132,5,2005-10-06
5097,3604,4,2005-11-08
5097,166041,4,2005-12-29
5097,449632,4,2003-10-12
5097,1074135,4,2005-08-11
5097,2049319,3,2003-08-31
5097,526238,5,2004-05-20
5097,2033774,5,2004-07-08
5097,722591,5,2003-06-24
5097,1437185,4,2004-04-27
5097,725468,3,2004-10-25
5097,1514647,3,2005-01-13
5097,1572529,5,2005-02-09
5097,1167730,3,2005-02-18
5097,2627190,3,2005-03-07
5097,769129,5,2005-05-01
5097,453239,4,2005-06-09
5097,936567,4,2005-06-17
5097,2622843,3,2005-06-17
5097,2116990,3,2005-06-30
5097,610766,3,2005-10-16
5097,1706866,4,2005-10-22
5097,901436,2,2002-12-31
5097,519281,3,2003-09-24
5097,2198796,4,2005-07-18
5097,2391116,4,2003-08-28
5097,378591,2,2002-05-07
5097,2636478,3,2003-06-24
5097,1193629,3,2004-03-30
5097,1744702,4,2005-08-21
5097,488256,4,2004-04-13
5097,698818,3,2004-11-10
5097,203369,4,2004-11-11
5097,874176,2,2005-03-22
5097,685565,5,2005-03-28
5097,1000232,5,2005-05-15
5097,1736176,4,2005-05-27
5097,2554942,4,2005-06-11
5097,388740,3,2005-06-24
5097,2226028,3,2005-09-29
5097,672255,3,2005-10-29
5097,1723352,3,2000-01-11
5097,2516265,4,2005-07-10
5097,74533,4,2005-07-27
5097,1238184,4,2004-01-11
5097,1601857,4,2003-06-03
5097,1911583,3,2003-09-03
5097,2098084,5,2002-10-16
5097,1431557,3,2004-03-22
5097,753532,3,2004-01-14
5097,1401819,3,2003-09-02
5097,431067,4,2004-02-24
5097,1378848,3,2004-08-31
5097,1960922,4,2004-09-18
5097,1249169,2,2004-09-25
5097,1015615,3,2005-01-29
5097,1539579,3,2005-03-03
5097,1542319,4,2005-03-22
5097,1339451,3,2005-04-17
5097,263788,3,2005-04-25
5097,1645436,5,2005-04-27
5097,1595876,5,2005-05-17
5097,1580014,5,2005-09-09
5097,661454,4,2005-09-17
5097,953790,5,2005-11-22
5097,197897,4,2003-09-07
5097,233761,3,2004-01-11
5097,1285022,3,2005-08-05
5097,2089614,3,2005-08-08
5097,417045,3,2005-08-09
5097,1140196,2,2004-05-01
5097,1156852,3,2005-09-01
5097,2483467,4,2003-08-28
5097,1622407,5,2003-12-10
5097,1598457,2,2004-01-12
5097,959505,4,2004-06-12
5097,1796236,5,2004-08-04
5097,912510,4,2004-07-24
5097,851525,4,2004-07-30
5097,781131,3,2005-01-24
5097,579485,4,2005-04-22
5097,1765315,4,2005-05-28
5097,1600684,3,2005-06-24
5097,1895515,3,2005-07-01
5097,1763606,2,2003-08-17
5097,914940,4,2005-07-24
5097,739517,4,2004-05-03
5097,1828429,4,2003-07-03
5097,1269998,3,2002-08-14
5097,831151,2,2004-08-16
5097,1048629,4,2004-07-24
5097,580572,4,2004-05-02
5097,448086,3,2004-03-08
5097,230112,1,2004-07-03
5097,508727,3,2004-07-11
5097,510589,5,2004-08-29
5097,939176,5,2004-09-21
5097,1961980,4,2004-10-22
5097,2020353,4,2004-11-25
5097,2013396,4,2004-12-16
5097,467596,5,2004-12-17
5097,1727443,4,2005-06-01
5097,2209788,2,2005-09-17
5097,2238115,4,2005-11-22
5097,2449001,3,2003-04-15
5097,1334936,3,2003-05-15
5097,1511527,5,2004-03-16
5097,136818,4,2005-07-31
5097,2210003,3,2004-04-12
5097,508267,1,2003-09-02
5097,495567,4,2004-03-09
5097,2284358,4,2004-05-31
5097,438340,5,2004-03-24
5097,381753,2,2004-10-13
5097,3871,3,2004-11-17
5097,2328511,3,2005-01-05
5097,115240,3,2005-05-23
5097,1894544,5,2005-06-27
5097,2617225,5,2005-12-02
5097,1310797,3,2005-12-08
5097,2207407,4,2005-12-21
5097,2316265,3,2005-12-30
5097,888450,3,2004-01-02
5097,491531,3,2004-09-08
5097,120372,2,2003-03-15
5097,2266522,4,2003-10-06
5097,169281,4,2003-06-18
5097,2295501,4,2004-05-13
5097,770622,4,2004-06-20
5097,2613976,4,2004-08-12
5097,2115335,3,2004-08-22
5097,1485140,4,2004-12-21
5097,227437,4,2005-02-23
5097,658397,2,2005-02-26
5097,1390205,4,2005-03-07
5097,2284890,3,2005-03-13
5097,682688,4,2005-06-25
5097,2131869,5,2005-11-03
5097,1006456,3,2005-12-17
5097,2413595,4,2004-05-28
5097,249029,2,2001-07-19
5097,1378561,3,2003-12-29
5097,1204018,2,2002-08-05
5097,2335650,4,2005-09-06
5097,2272727,2,2005-09-06
5097,2275994,4,2004-03-29
5097,554171,4,2004-02-27
5097,268872,4,2005-02-16
5097,1858537,4,2005-03-01
5097,286397,3,2005-05-27
5097,1437326,5,2005-05-27
5097,2140245,3,2005-09-15
5097,66540,3,2005-09-20
5097,359663,3,2005-11-18
5097,1682587,3,2003-12-22
5097,1102861,4,2003-12-29
5097,496991,2,2005-07-26
5097,1348456,3,2003-05-16
5097,313561,5,2002-12-10
5097,1219202,3,2005-07-30
5097,2045846,2,2005-08-05
5097,2086901,4,2002-12-11
5097,2131774,3,2003-12-06
5097,2352251,4,2004-03-19
5097,1139925,5,2004-08-04
5097,2532109,3,2004-03-04
5097,564293,2,2004-05-11
5097,1987201,2,2004-01-06
5097,1818507,3,2004-05-17
5097,2616474,4,2004-09-28
5097,320856,3,2005-01-19
5097,1749185,3,2005-01-31
5097,428281,1,2005-02-07
5097,636256,2,2005-03-16
5097,429537,3,2005-04-21
5097,980987,3,2005-05-31
5097,574834,3,2005-10-14
5097,503050,3,2005-10-24
5097,813299,4,2005-11-06
5097,1026106,4,2003-11-14
5097,1467294,2,2005-07-23
5097,1528604,3,2005-08-05
5097,2126168,3,2003-09-19
5097,1135399,4,2003-08-18
5097,2073773,3,2003-12-01
5097,892461,5,2003-09-02
5097,1939832,4,2005-09-08
5097,2444204,4,2003-07-25
5097,1848548,3,2003-08-19
5097,832163,4,2003-09-28
5097,693999,4,2004-07-20
5097,992705,4,2004-04-17
5097,1865249,3,2004-05-27
5097,31203,4,2004-03-23
5097,498640,3,2005-01-06
5097,2129354,2,2005-01-20
5097,1780330,3,2005-03-11
5097,812372,5,2005-04-17
5097,745651,3,2005-05-09
5097,1686134,4,2005-05-16
5097,1691933,5,2005-06-07
5097,1502703,5,2005-09-21
5097,894984,3,2005-09-22
5097,276549,2,2005-10-03
5097,1629301,5,2005-11-05
5097,1758817,4,2005-12-28
5097,1471677,3,2005-07-12
5097,575972,4,2005-07-16
5097,531117,5,2003-12-15
5097,2282997,5,2003-02-12
5097,271346,3,2002-12-10
5097,1325772,2,2005-08-01
5097,690747,3,2003-07-29
5097,1275601,5,2005-08-12
5097,1875008,3,2004-02-28
5097,2301396,3,2005-08-28
5097,1079165,3,2003-12-15
5097,960950,4,2004-05-19
5097,2175175,3,2004-01-08
5097,1567783,4,2004-04-20
5097,2463759,3,2003-12-23
5097,1072939,2,2003-12-26
5097,2416193,3,2004-03-31
5097,1819577,4,2004-07-28
5097,215384,4,2004-12-20
5097,761998,4,2005-01-24
5097,375606,3,2005-04-06
5097,1084964,4,2005-04-28
5097,2597530,3,2005-09-06
5097,2299661,5,2005-09-27
5097,1945423,3,2005-10-06
5097,1443495,4,2005-11-07
5097,2274438,4,2005-12-21
5097,2620193,4,2004-08-10
5097,511883,2,2004-01-14
5097,1782686,2,2003-11-13
5097,400876,3,2003-06-11
5097,1174079,4,2004-04-01
5097,524873,4,2003-09-11
5097,2254261,2,2004-01-07
5097,621003,4,2004-07-12
5097,1842511,4,2005-08-23
5097,1766578,4,2003-10-25
5097,1464859,5,2004-12-28
5097,2289012,3,2005-04-01
5097,2122092,4,2005-04-18
5097,1581343,2,2005-05-24
5097,1024189,3,2005-09-07
5097,911575,4,2005-09-20
5097,1856408,5,2005-10-25
5097,2507378,3,2005-11-15
5097,1993756,2,2001-07-19
5097,329670,3,2003-10-22
5097,2447368,2,2001-07-04
5097,1170889,4,2005-08-22
5097,647979,3,2004-05-06
5097,314656,4,2003-09-14
5097,1840584,1,2004-04-10
5097,1474957,5,2004-09-13
5097,273347,4,2004-07-30
5097,1399783,4,2004-11-12
5097,2023817,4,2004-11-16
5097,1778317,3,2005-03-19
5097,473233,5,2005-04-05
5097,2395648,3,2005-06-01
5097,1214181,3,2005-10-03
5097,215078,3,2000-03-21
5097,975599,5,2005-07-13
5097,1235037,4,2001-02-27
5097,2512258,3,2005-08-03
5097,1492860,2,2004-10-02
5097,129179,3,2004-10-12
5097,1675479,1,2004-12-08
5097,265129,3,2005-01-11
5097,1746599,3,2005-01-19
5097,2308712,2,2005-02-02
5097,716173,5,2005-03-24
5097,1198828,4,2005-07-04
5097,759737,2,2005-09-18
5097,264278,3,2005-10-11
5097,165720,4,2003-12-11
5097,917559,2,2005-08-11
5097,1637650,3,2004-06-14
5097,190024,3,2004-03-14
5097,1912807,3,2004-10-19
5097,2056860,5,2004-10-26
5097,246572,4,2005-01-19
5097,1299887,5,2005-02-06
5097,1664393,3,2005-02-08
5097,806188,3,2005-02-13
5097,2602922,3,2005-03-25
5097,209968,5,2005-05-05
5097,2204299,2,2005-06-06
5097,2117659,4,2005-06-22
5097,1407227,2,2005-06-30
5097,2423318,4,2005-10-16
5097,545026,3,2003-09-09
5097,2531111,3,2001-07-07
5097,736825,3,2001-07-20
5097,795080,3,2005-07-29
5097,1246893,3,2003-06-10
5097,1094444,5,2005-08-23
5097,1272914,4,2004-04-14
5097,321545,3,2005-08-30
5097,816237,5,2004-08-08
5097,776735,5,2004-07-01
5097,1565851,3,2004-10-15
5097,1567970,3,2004-06-09
5097,798296,4,2004-09-21
5097,298602,3,2004-10-10
5097,2430041,4,2004-12-14
5097,2190898,4,2005-01-04
5097,2176056,4,2005-01-19
5097,2413448,5,2005-03-01
5097,1578801,4,2005-03-09
5097,2017145,5,2005-03-23
5097,1227739,3,2005-04-30
5097,1586981,4,2005-05-29
5097,1989775,3,2005-06-14
5097,682963,3,2005-06-20
5097,369800,3,2005-06-23
5097,1591103,3,2005-10-05
5097,412018,3,2005-11-09
5097,915269,3,2003-09-16
5097,1524903,4,2005-07-29
5097,1480900,4,2003-06-28
5097,1182702,4,2004-06-09
5097,504620,1,2005-08-12
5097,1130078,3,2003-07-14
5097,1117934,2,2003-06-02
5097,2067793,3,2004-06-07
5097,1381698,5,2003-05-26
5097,1055121,5,2005-09-01
5097,2376413,3,2004-01-09
5097,588673,5,2003-12-07
5097,969530,4,2004-03-16
5097,1398961,4,2004-10-13
5097,206564,4,2004-12-18
5097,2490112,5,2005-01-20
5097,157064,5,2005-02-27
5097,1806203,5,2005-05-01
5097,1782844,3,2005-05-23
5097,2008700,4,2005-06-18
5097,360289,4,2005-09-10
5097,1419882,5,2005-09-30
5097,2138116,3,2005-09-30
5097,2226157,3,2005-10-19
5097,662781,4,2005-10-21
5097,1897159,3,2001-05-23
5097,521074,3,2005-07-21
5097,1568158,3,2005-07-22
5097,2444240,4,2005-08-09
5097,671876,4,2004-08-17
5097,1670875,5,2004-01-14
5097,2432433,3,2004-05-21
5097,894205,3,2005-02-17
5097,916421,3,2005-03-08
5097,2490423,3,2005-05-01
5097,24438,4,2005-05-06
5097,2561405,5,2005-06-22
5097,154770,3,2005-06-27
5097,36848,2,2005-09-30
5097,552849,5,2005-11-07
5097,2286741,4,2005-11-08
5097,123907,1,2005-12-03
5097,2097445,2,2000-05-26
5097,2582768,5,2000-10-11
5097,2264726,3,2001-07-20
5097,2466682,5,2004-06-18
5097,2263991,3,2005-08-02
5097,1057247,2,2003-06-26
5097,1043398,5,2003-08-19
5097,833951,3,2005-08-26
5097,387916,3,2004-04-23
5097,181417,3,2004-01-05
5097,324080,4,2004-05-17
5097,1184071,3,2004-07-24
5097,54870,4,2004-10-30
5097,204504,5,2005-03-24
5097,2115571,3,2005-05-06
5097,675115,3,2005-06-02
5097,187228,5,2005-10-29
5097,1930084,3,2005-11-02
5097,466937,3,2001-06-29
5097,114612,3,2004-01-08
5097,563264,4,2005-07-18
5097,594494,5,2003-05-30
5097,2387463,5,2003-12-08
5097,2622271,3,2004-01-25
5097,1685199,5,2004-06-04
5097,1494683,3,2003-10-23
5097,2482256,2,2003-08-18
5097,2385435,4,2003-12-21
5097,949121,4,2004-08-16
5097,2280909,3,2004-08-11
5097,319058,3,2004-07-14
5097,880910,5,2004-12-25
5097,211233,3,2005-01-20
5097,819822,2,2005-01-23
5097,1329940,5,2005-02-10
5097,2605948,3,2005-02-28
5097,55018,4,2005-03-14
5097,2352307,3,2005-05-20
5097,120548,4,2005-06-03
5097,1546469,3,2005-06-12
5097,985995,3,2005-06-20
5097,1623861,4,2005-09-18
5097,2173152,5,2001-06-29
5097,634236,5,2001-06-20
5097,431601,2,2005-07-23
5097,1329454,4,2005-07-25
5097,2246773,3,2003-08-04
5097,1833332,4,2003-09-16
5097,334643,2,2004-03-08
5097,1292165,4,2003-12-16
5097,1734467,4,2005-08-19
5097,1691319,3,2004-07-06
5097,565127,4,2004-06-12
5097,977298,3,2004-01-23
5097,2394024,5,2004-04-07
5097,221694,3,2004-08-13
5097,11043,4,2004-10-21
5097,1821155,1,2005-01-19
5097,2552116,5,2005-02-06
5097,644090,3,2005-02-07
5097,1074378,4,2005-03-21
5097,1543837,3,2005-04-06
5097,1107894,4,2005-04-06
5097,2323668,3,2005-04-07
5097,1760775,4,2005-10-18
5097,1877165,4,2005-12-23
5097,1740564,3,2004-12-04
5097,2172897,4,2004-05-19
5097,1753576,2,2002-07-01
5097,61308,4,2004-07-13
5097,1262848,5,2004-07-25
5097,404906,2,2003-03-04
5097,352380,3,2004-06-22
5097,619238,4,2005-08-24
5097,699566,3,2003-08-21
5097,1452240,3,2004-04-22
5097,1381392,3,2004-10-05
5097,467182,3,2005-01-27
5097,1031029,2,2005-02-27
5097,85960,5,2005-03-03
5097,1675280,4,2005-05-06
5097,1118233,3,2005-06-30
5097,1959647,5,2005-09-28
5097,2481987,3,2005-11-17
5097,1640271,4,2000-01-12
5097,685687,4,2004-07-19
5097,447867,5,2004-12-05
5097,664443,4,2004-03-30
5097,19544,3,2004-07-05
5097,2646347,2,2004-05-03
5097,475322,3,2003-10-22
5097,2341728,4,2004-08-09
5097,645373,4,2004-05-29
5097,1074265,5,2004-08-11
5097,2605347,4,2004-07-28
5097,185689,2,2004-08-26
5097,555069,3,2004-11-14
5097,487796,2,2004-12-29
5097,489149,3,2005-01-09
5097,377214,4,2005-04-18
5097,1425764,3,2005-05-06
5097,969304,4,2005-12-24
5097,498716,5,2005-07-06
5097,90436,5,2001-06-26
5097,410753,5,2004-05-19
5097,305344,3,2003-08-18
5097,1662695,5,2004-04-29
5097,2543677,3,2004-03-04
5097,1669116,3,2005-08-27
5097,790904,2,2004-08-10
5097,1825515,4,2004-04-29
5097,5841,2,2003-12-26
5097,2430356,4,2004-02-14
5097,2526805,3,2004-08-13
5097,314057,4,2004-10-11
5097,203576,5,2005-01-19
5097,876074,4,2005-03-06
5097,2075711,3,2005-03-13
5097,364723,1,2005-07-02
5097,357056,2,2005-07-03
5097,2554977,3,2005-10-31
5097,1492307,4,2005-11-08
5097,946231,3,2005-07-09
5097,1689050,4,2005-07-09
5097,1204323,4,2003-06-11
5097,841504,3,2003-03-12
5097,915168,4,2004-01-12
5097,1986551,1,2004-09-14
5097,1057595,3,2002-10-02
5097,93917,5,2004-01-09
5097,1487060,3,2004-07-27
5097,2051579,5,2003-12-17
5097,797401,4,2004-01-08
5097,1006470,4,2004-07-05
5097,1197493,1,2004-03-19
5097,345588,5,2004-07-07
5097,567198,3,2004-11-11
5097,1035041,3,2004-11-30
5097,134753,4,2005-01-19
5097,99319,4,2005-03-25
5097,614278,3,2005-04-07
5097,2575532,5,2005-10-05
5097,2574126,4,2005-10-24
5097,2173262,3,2005-10-31
5097,886602,5,2005-12-22
5097,1388677,3,2000-02-29
5097,844028,5,2003-08-19
5097,2558558,4,2003-12-15
5097,2226510,4,2004-01-05
5097,2502564,3,2005-08-10
5097,2368686,3,2004-07-22
5097,1502648,3,2004-09-30
5097,580992,2,2004-10-18
5097,79927,5,2005-02-05
5097,2212630,4,2005-03-02
5097,2497156,4,2005-06-28
5097,2099446,4,2005-07-04
5097,937372,2,2005-09-09
5097,1888060,3,2005-09-20
5097,1835080,4,2005-10-05
5097,449686,3,2005-10-10
5097,1734505,4,2005-10-12
5097,1710658,3,2005-12-15
5097,1800528,5,2002-07-30
5097,1203347,4,2003-12-30
5097,1166341,5,2002-07-18
5097,378740,3,2003-07-03
5097,1268171,3,2005-08-11
5097,831301,3,2005-08-16
5097,2115337,4,2004-05-13
5097,235691,3,2004-03-18
5097,2135802,4,2004-08-07
5097,1010879,5,2004-07-05
5097,1830031,3,2004-09-10
5097,1978244,4,2004-11-09
5097,199185,3,2005-02-21
5097,294301,4,2005-03-29
5097,1205174,5,2005-04-07
5097,405351,5,2005-04-21
5097,1593551,2,2005-06-15
5097,2328825,3,2005-06-25
5097,2560657,3,2005-09-26
5097,847780,3,2005-10-30
5097,2563498,5,2004-11-27
5097,328293,4,2004-04-06
5097,2215076,5,2005-08-09
5097,2129390,1,2003-09-11
5097,1048537,4,2004-06-18
5097,1719780,3,2004-06-23
5097,675213,4,2004-12-22
5097,827240,2,2004-12-24
5097,290182,3,2004-12-29
5097,1065779,4,2004-12-30
5097,2026112,3,2005-01-05
5097,1144671,5,2005-01-30
5097,2033602,5,2005-03-12
5097,1126388,3,2005-03-12
5097,952537,5,2005-03-25
5097,931022,3,2005-05-28
5097,1676752,4,2005-06-13
5097,1925115,3,2005-09-29
5097,2288889,5,2005-10-23
5097,2147527,3,2005-11-20
5097,1720041,5,2005-11-21
5097,2083964,3,2004-02-04
5097,478815,3,2005-07-13
5097,2363249,5,2004-07-19
5097,74441,2,2002-07-24
5097,2204671,3,2001-05-12
5097,1522766,1,2005-07-20
5097,2522300,4,2004-07-05
5097,2597802,3,2002-06-29
5097,2163532,3,2005-07-29
5097,1489629,3,2004-09-01
5097,2255457,5,2005-08-09
5097,1362421,4,2004-08-11
5097,1326892,4,2005-09-07
5097,2319295,4,2003-09-12
5097,2267735,3,2004-03-12
5097,638279,3,2004-09-14
5097,704279,3,2004-06-15
5097,2497962,3,2004-08-30
5097,76023,3,2004-11-01
5097,748028,2,2004-11-21
5097,1466743,3,2005-01-08
5097,1724806,3,2005-04-04
5097,138799,4,2005-06-14
5097,1874176,4,2005-06-29
5097,2468929,4,2005-10-28
5097,1607208,3,2005-11-13
5097,2022263,3,2004-04-09
5097,1837202,5,2004-06-25
5097,1538355,3,2004-09-15
5097,256278,5,2003-09-16
5097,2254385,3,2004-05-17
5097,2646235,5,2004-08-21
5097,1385813,2,2004-02-05
5097,1547977,4,2004-05-23
5097,502555,4,2004-03-08
5097,2634610,5,2004-12-30
5097,1315701,5,2004-07-02
5097,7402,4,2004-10-15
5097,228459,4,2004-11-03
5097,2380603,3,2004-11-23
5097,1119431,3,2004-12-11
5097,1649068,3,2004-12-30
5097,1533346,2,2005-01-11
5097,1295373,4,2005-01-12
5097,1841784,4,2005-01-19
5097,168729,4,2005-03-18
5097,1685731,4,2005-06-14
5097,1604809,2,2005-07-02
5097,2127496,4,2005-11-18
5097,2539707,2,2001-08-16
5097,2089924,3,2005-07-28
5097,558042,4,2003-09-26
5097,1865180,3,2003-06-05
5097,1675249,4,2005-09-03
5097,1759437,4,2003-08-14
5097,78759,3,2004-04-25
5097,2314956,4,2003-10-08
5097,2464081,3,2004-03-22
5097,2442028,3,2004-06-04
5097,620010,4,2004-07-26
5097,1568124,4,2005-03-07
5097,2521020,5,2005-05-09
5097,802403,4,2005-05-16
5097,138835,3,2005-05-22
5097,565869,3,2005-05-29
5097,1046646,4,2005-09-21
5097,2095307,4,2005-11-02
5097,1818305,3,2005-11-21
5097,424144,4,2005-12-23
5097,675069,3,2003-06-03
5097,2079894,5,2004-03-02
5097,1287198,3,2004-05-13
5097,1634654,3,2004-01-04
5097,1062804,3,2004-05-26
5097,1812156,2,2004-11-01
5097,160114,5,2005-01-19
5097,2516559,3,2005-01-19
5097,2150746,5,2005-02-16
5097,2333236,1,2005-03-02
5097,891923,3,2005-03-08
5097,2577654,3,2005-04-14
5097,993438,3,2005-05-16
5097,1538824,4,2005-05-21
5097,2277561,3,2005-06-01
5097,825831,3,2005-06-01
5097,1169771,5,2005-07-02
5097,1939988,3,2005-10-05
5097,2099982,2,2005-10-14
5097,2391200,2,2005-11-11
5097,1731221,2,2005-12-23
5097,2140707,5,2005-07-12
5097,1415024,4,2002-06-30
5097,2513372,4,2005-07-24
5097,2532671,5,2004-06-28
5097,2629660,2,2004-07-05
5097,1151002,4,2004-02-01
5097,2239812,3,2004-08-20
5097,2045856,5,2004-09-19
5097,282618,3,2004-10-24
5097,2437552,2,2004-10-25
5097,120229,4,2005-02-12
5097,428641,5,2005-03-09
5097,2364716,3,2005-03-12
5097,1249743,4,2005-06-03
5097,2439109,5,2005-10-21
5097,990639,3,2005-11-22
5097,510641,3,2005-11-23
5097,2463409,4,2005-11-28
5097,1610929,2,2000-02-13
5097,2322592,5,2005-07-11
5097,584352,3,2000-11-07
5097,1292631,3,2003-12-17
5097,895691,1,2004-08-09
5097,133941,1,2002-10-21
5097,2090574,4,2003-10-31
5097,1438796,3,2005-08-01
5097,2584676,3,2005-08-06
5097,1634917,3,2003-10-08
5097,706343,5,2004-04-22
5097,1903907,3,2004-11-27
5097,1000387,2,2004-07-09
5097,494014,3,2003-12-26
5097,1382872,2,2004-06-20
5097,2547683,3,2004-07-01
5097,601392,4,2004-10-01
5097,2233703,5,2004-10-01
5097,1118870,2,2004-12-05
5097,780391,4,2005-01-04
5097,2556321,4,2005-01-19
5097,1291667,4,2005-01-22
5097,1273803,4,2005-03-16
5097,801591,5,2005-03-18
5097,1150258,2,2005-03-22
5097,1244949,3,2005-05-11
5097,1736534,4,2005-06-01
5097,416644,5,2005-06-15
5097,1026926,5,2005-09-12
5097,711681,4,2005-10-20
5097,1149327,4,2005-11-23
5097,1797941,3,2000-10-04
5097,1223912,4,2004-01-08
5097,1633788,2,2004-03-16
5097,2598060,2,2004-03-10
5097,983069,5,2003-09-22
5097,395987,3,2005-08-05
5097,1519349,3,2005-08-15
5097,407640,4,2004-05-03
5097,2315012,5,2004-06-07
5097,1701762,3,2004-08-03
5097,2312518,3,2004-10-09
5097,1099977,4,2004-11-22
5097,1694851,3,2004-12-06
5097,346506,2,2005-07-01
5097,753901,3,2005-09-22
5097,1065445,3,2005-10-14
5097,1535968,5,2005-10-25
5097,672286,3,2005-10-28
5097,2407994,5,2005-11-07
5097,1915327,3,2005-12-14
5097,656573,2,2005-07-11
5097,2366462,1,2001-02-17
5097,1627613,3,2004-06-02
5097,674927,3,2003-08-19
5097,759238,3,2004-03-04
5097,734908,3,2005-08-18
5097,931384,2,2003-08-19
5097,932047,3,2004-08-15
5097,982563,4,2005-08-30
5097,2182050,4,2005-09-02
5097,1688096,2,2004-03-19
5097,763477,5,2004-07-14
5097,360264,4,2004-03-01
5097,104583,3,2004-10-02
5097,1135487,3,2005-01-09
5097,1335658,2,2005-06-01
5097,544833,2,2005-11-16
5097,1484157,4,2001-07-07
5097,70147,4,2005-08-05
5097,1638252,5,2002-08-26
5097,1011318,3,2005-08-12
5097,2387734,3,2005-08-13
5097,94101,3,2005-08-14
5097,573077,3,2003-08-29
5097,2378728,3,2005-09-08
5097,1858243,4,2004-03-13
5097,1488607,5,2004-05-07
5097,2015780,1,2004-06-25
5097,1462792,2,2004-10-04
5097,1311047,4,2004-10-10
5097,1420308,3,2004-12-16
5097,1242546,2,2004-12-23
5097,2461368,4,2004-12-28
5097,372095,3,2005-01-10
5097,948365,3,2005-03-14
5097,481238,1,2005-05-03
5097,1590775,1,2005-05-31
5097,377350,1,2005-06-10
5097,1006853,3,2005-10-18
5097,257343,2,2004-02-15
5097,1715766,3,2004-07-08
5097,1417402,4,2002-07-01
5097,1962325,2,2004-01-09
5097,1745870,3,2004-06-01
5097,2580066,5,2005-08-12
5097,1064518,4,2005-08-23
5097,1616274,2,2004-01-12
5097,1745577,5,2004-12-04
5097,2645434,3,2003-12-19
5097,1681918,4,2004-07-27
5097,1285431,4,2005-01-07
5097,860626,3,2005-02-25
5097,2407224,5,2005-04-03
5097,2149241,4,2005-04-13
5097,1385580,5,2005-09-29
5097,615217,2,2005-11-14
5097,2270144,3,2005-11-16
5097,42072,4,2001-02-11
5097,2496938,5,2000-09-27
5097,1955429,1,2005-07-31
5097,902603,3,2004-03-05
5097,1225246,5,2003-09-17
5097,1251386,3,2004-09-07
5097,1318489,3,2004-08-18
5097,853459,4,2004-06-18
5097,14125,4,2004-09-21
5097,2152808,4,2005-02-10
5097,1477154,5,2005-09-17
5097,2329133,3,2005-10-30
5097,1766233,4,2005-12-27
5097,2482075,2,2000-02-03
5097,2108784,4,2003-06-03
5097,417046,3,2004-01-06
5097,1961172,4,2005-08-02
5097,2568493,1,2005-08-04
5097,1020214,3,2003-12-10
5097,1714546,3,2003-09-08
5097,418970,3,2004-01-15
5097,1061041,4,2004-06-02
5097,2563395,3,2005-01-10
5097,729393,5,2005-03-24
5097,2244891,3,2004-08-11
5097,1601486,4,2004-09-08
5097,1614609,4,2004-10-09
5097,705075,4,2004-11-01
5097,309296,5,2004-11-20
5097,1772538,3,2005-01-01
5097,1302381,2,2005-01-10
5097,505243,3,2005-01-10
5097,1655755,3,2005-02-22
5097,1431356,3,2005-02-25
5097,2583188,3,2005-07-01
5097,386941,5,2005-12-22
5097,328651,3,2001-07-06
5097,2201031,4,2004-04-10
5097,1329904,3,2002-12-09
5097,2342999,3,2003-06-13
5097,821722,3,2003-04-01
5097,825002,5,2005-08-09
5097,450763,5,2003-10-23
5097,2026133,5,2004-01-12
5097,1254830,1,2004-07-30
5097,646862,4,2004-11-23
5097,429701,3,2005-01-06
5097,2030201,3,2005-01-19
5097,1773909,5,2005-02-05
5097,726866,4,2005-02-09
5097,146395,3,2005-04-14
5097,1008069,5,2005-04-17
5097,970590,3,2005-05-08
5097,1925168,3,2005-05-18
5097,134829,4,2005-06-07
5097,2633932,3,2005-06-19
5097,1576046,4,2005-07-04
5097,2017088,3,2005-09-21
5097,1937735,4,2005-11-18
5097,1462866,4,2004-07-02
5097,2273335,4,2005-07-07
5097,1731512,4,2005-07-14
5097,752642,2,2001-03-21
5097,364708,3,2004-02-18
5097,1892942,4,2003-12-04
5097,592394,3,2004-08-16
5097,1370506,3,2004-09-12
5097,864904,3,2004-10-11
5097,1191648,2,2005-04-10
5097,1078680,4,2005-09-30
5097,1695436,4,2005-10-21
5097,1076031,5,2005-07-06
5097,2407453,4,2001-06-29
5097,555528,4,2003-06-11
5097,1488032,5,2004-07-28
5097,1756620,2,2004-02-29
5097,2374089,2,2005-08-08
5097,1438498,3,2005-08-12
5097,2059863,2,2004-04-26
5097,2261631,5,2004-11-26
5097,895641,4,2004-07-07
5097,2218735,5,2003-11-28
5097,742589,5,2004-05-06
5097,2590072,3,2004-07-13
5097,369339,4,2004-10-10
5097,47150,5,2004-10-23
5097,394968,4,2004-11-23
5097,1842301,3,2005-01-24
5097,834004,5,2005-02-21
5097,168902,3,2005-03-08
5097,1476797,3,2005-03-09
5097,1492834,2,2005-04-08
5097,2021048,3,2005-04-20
5097,23018,4,2005-04-25
5097,1972838,2,2005-05-24
5097,1143712,4,2005-10-19
5097,903296,4,2005-12-13
5097,833271,3,2005-12-22
5097,1132470,4,2005-07-15
5097,647235,2,2001-05-02
5097,2445689,3,2001-07-02
5097,1293245,3,2005-07-25
5097,1537868,4,2004-03-09
5097,1107588,3,2004-01-08
5097,2092290,4,2004-02-12
5097,2280842,3,2004-07-08
5097,2312072,3,2004-05-05
5097,1036167,5,2004-09-21
5097,869553,3,2004-10-18
5097,136381,2,2004-10-23
5097,842131,4,2004-12-19
5097,255467,3,2005-02-18
5097,235558,4,2005-03-14
5097,1322903,4,2005-03-21
5097,1075030,3,2005-04-11
5097,273576,4,2005-05-29
5097,377907,5,2005-06-10
5097,923450,1,2005-07-02
5097,1005371,3,2005-09-15
5097,31606,5,2005-10-18
5097,2485642,3,2005-10-28
5097,1123394,3,2005-11-03
5097,2400645,5,2005-07-14
5097,2237907,2,2001-06-23
5097,196544,5,2003-07-29
5097,1952674,3,2003-06-04
5097,1387197,5,2005-07-22
5097,2255880,3,2003-06-16
5097,517532,3,2005-08-22
5097,2343970,2,2004-08-02
5097,2330119,3,2004-02-26
5097,2105138,4,2004-01-02
5097,162575,4,2004-02-02
5097,885386,4,2004-10-29
5097,2592132,4,2005-02-18
5097,2578240,2,2005-03-03
5097,913814,4,2005-03-15
5097,1486851,3,2005-04-13
5097,663830,5,2005-04-25
5097,323101,4,2005-05-12
5097,1779310,5,2005-06-28
5097,716577,3,2005-09-26
5097,916708,3,2005-12-27
5097,2329196,3,2005-07-18
5097,475717,4,2005-07-19
5097,948108,3,2004-05-27
5097,2640943,2,2005-08-08
5097,1526365,4,2004-03-25
5097,2528590,4,2004-03-31
5097,685546,4,2004-07-09
5097,10679,3,2004-12-15
5097,2381925,4,2005-02-11
5097,838773,2,2005-05-02
5097,1576405,4,2005-09-11
5097,24577,5,2003-01-08
5097,555136,4,2005-07-12
5097,280380,4,2002-07-17
5097,2433768,4,2004-02-29
5097,1961161,4,2003-12-23
5097,726339,3,2003-10-11
5097,823015,4,2004-04-22
5097,1680230,3,2003-12-09
5097,1160712,4,2004-02-29
5097,400440,3,2004-03-11
5097,1124753,4,2004-12-14
5097,863644,2,2005-01-27
5097,1570329,4,2005-01-30
5097,1036836,5,2005-03-11
5097,1745107,4,2005-03-17
5097,867311,4,2005-05-13
5097,1093378,2,2005-05-25
5097,2481827,3,2005-09-10
5097,2472682,3,2005-11-15
5097,1415718,4,2004-06-09
5097,1547747,5,2005-08-28
5097,2000237,4,2004-04-01
5097,2375033,3,2004-06-08
5097,1290944,5,2004-03-15
5097,1523702,2,2005-01-04
5097,766670,4,2005-03-31
5097,184107,4,2005-06-02
5097,2432193,5,2005-09-27
5097,2566096,1,2005-10-12
5097,305701,4,2005-11-04
5097,325073,2,2000-12-01
5097,2075165,5,2005-07-20
5097,16558,3,2004-04-28
5097,1758002,3,2004-07-19
5097,2324287,2,2004-06-25
5097,1021052,4,2005-09-05
5097,721771,4,2003-11-02
5097,2166319,4,2004-05-11
5097,1606779,4,2004-08-18
5097,651129,4,2004-07-20
5097,2205547,3,2004-10-22
5097,192390,4,2004-12-10
5097,896279,3,2005-03-03
5097,2349595,4,2005-04-01
5097,1635029,5,2005-04-07
5097,441361,4,2005-10-11
5097,1332847,3,2005-11-08
5097,2069708,4,2004-05-10
5097,1124966,3,2004-04-19
5097,1641097,5,2005-07-27
5097,208363,4,2003-10-04
5097,1432790,3,2005-08-07
5097,508335,1,2004-01-03
5097,106933,3,2004-07-28
5097,171754,4,2004-08-09
5097,126676,4,2003-12-06
5097,1742507,1,2004-07-15
5097,2247982,5,2004-08-17
5097,971138,4,2005-04-08
5097,837133,2,2005-05-01
5097,990697,4,2005-05-31
5097,445450,3,2005-09-24
5097,1826722,3,2005-11-02
5097,715434,3,2005-12-17
5097,2596673,4,2001-01-21
5097,2638601,4,2001-08-03
5097,951873,4,2004-07-21
5097,1138870,5,2003-07-03
5097,933207,4,2004-03-26
5097,1209796,4,2004-07-08
5097,1225521,5,2004-09-06
5097,1197987,3,2004-06-18
5097,211704,3,2004-04-09
5097,1686451,4,2004-08-21
5097,1424345,4,2004-07-23
5097,52500,4,2004-07-13
5097,303677,4,2005-01-07
5097,1879449,5,2005-03-06
5097,207793,3,2005-04-11
5097,2393478,1,2005-04-14
5097,524238,3,2005-06-01
5097,2425372,3,2005-06-14
5097,1770803,3,2005-09-07
5097,915949,5,2005-09-22
5097,1426567,3,2000-08-04
5097,1174542,2,2002-04-11
5097,538005,3,2005-08-23
5097,364064,3,2003-06-05
5097,678186,4,2005-08-26
5097,1729518,5,2004-07-12
5097,2577467,4,2005-08-27
5097,4306,3,2003-06-26
5097,567512,2,2004-06-07
5097,1094466,3,2004-06-10
5097,2441503,4,2004-02-12
5097,98370,5,2004-05-14
5097,1912551,5,2004-07-17
5097,13586,3,2004-07-08
5097,896339,5,2004-08-08
5097,349653,4,2004-09-04
5097,1875549,2,2004-10-03
5097,2450534,5,2004-12-02
5097,1027719,3,2004-12-08
5097,2161930,5,2004-12-30
5097,1552226,1,2005-01-09
5097,1933986,3,2005-01-19
5097,2379776,4,2005-02-05
5097,926578,3,2005-03-11
5097,1964767,4,2005-04-06
5097,2556238,3,2005-05-01
5097,643372,3,2005-06-21
5097,1069971,3,2005-06-23
5097,479481,4,2005-06-28
5097,708047,5,2005-07-01
5097,1181111,4,2005-09-30
5097,2434893,5,2005-10-24
5097,1800093,4,2005-10-26
5097,437784,5,2005-07-20
5097,109079,4,2003-09-25
5097,1365170,3,2005-07-30
5097,716324,4,2002-12-06
5097,2276659,3,2003-01-04
5097,2281769,4,2004-08-19
5097,1587807,4,2004-06-12
5097,1160772,5,2004-05-24
5097,1845251,4,2004-07-12
5097,1844198,2,2005-02-13
5097,2059023,2,2005-02-13
5097,2088113,5,2005-03-28
5097,1931173,4,2005-06-29
5097,396093,2,2005-10-17
5097,1512360,5,2005-11-08
5097,1157737,4,2005-12-17
5097,375082,4,2004-03-12
5097,2152465,2,2005-08-10
5097,345800,4,2004-03-02
5097,2177227,3,2003-11-03
5097,828344,4,2003-12-19
5097,2170086,5,2005-09-02
5097,7576,2,2003-10-09
5097,1728944,3,2004-05-06
5097,1516350,2,2004-05-22
5097,350145,3,2004-11-27
5097,188778,4,2005-01-11
5097,1213065,5,2005-01-12
5097,200713,4,2005-03-02
5097,1973951,2,2005-05-28
5097,1273014,4,2005-09-07
5097,953110,5,2005-09-19
5097,1229628,3,2005-10-03
5097,428133,1,2005-11-05
5097,892147,4,2005-12-26
5097,1190829,3,2000-04-02
5097,1519378,3,2004-04-03
5097,1682916,3,2005-07-20
5097,21117,2,2004-07-08
5097,407314,2,2004-04-17
5097,1166749,3,2004-05-14
5097,2112480,1,2005-08-30
5097,963676,2,2005-08-31
5097,78922,5,2004-07-28
5097,2057529,3,2004-07-13
5097,14467,3,2004-11-16
5097,2361743,4,2005-02-12
5097,926515,1,2005-04-20
5097,38377,3,2005-05-12
5097,794040,3,2005-06-17
5097,2147472,3,2005-10-21
5097,1810347,4,2005-10-26
5097,2202749,2,2005-11-23
5097,2491249,5,2005-11-26
5097,1921466,3,2005-07-19
5097,1806515,3,2005-07-22
5097,88459,3,2003-10-01
5097,1849686,3,2004-07-10
5097,898979,2,2003-12-27
5097,475253,5,2004-10-10
5097,1188445,3,2004-10-27
5097,1535321,4,2005-02-24
5097,2020250,3,2005-04-21
5097,811433,4,2005-04-28
5097,44173,3,2005-05-19
5097,1572378,2,2005-05-20
5097,1825936,3,2005-06-09
5097,363227,4,2005-06-09
5097,1262145,3,2005-06-20
5097,1682608,4,2005-09-21
5097,2118461,4,2005-10-22
5097,1851680,2,2005-11-08
5097,1099611,5,2005-11-27
5097,2592591,4,2005-12-26
5097,856762,3,2005-07-11
5097,1565497,3,2001-01-25
5097,523779,3,2004-05-03
5097,890041,3,2004-05-17
5097,1184498,3,2004-11-01
5097,2438045,4,2005-02-25
5097,1612701,4,2005-03-03
5097,2558307,3,2005-04-06
5097,946075,4,2005-04-10
5097,2577597,5,2005-05-04
5097,638955,4,2005-05-30
5097,1401726,3,2005-06-16
5097,1072585,3,2005-10-10
5097,374238,2,2003-10-17
5097,1241221,2,2004-05-18
5097,697427,4,2004-03-15
5097,876910,3,2002-12-10
5097,2538567,4,2005-08-07
5097,573866,5,2003-09-05
5097,2632990,5,2004-08-10
5097,1744915,3,2004-04-16
5097,1042459,2,2003-09-19
5097,2508768,3,2004-08-23
5097,2225257,5,2004-07-05
5097,2463441,3,2004-10-02
5097,1872329,3,2004-11-16
5097,621244,4,2004-12-01
5097,51411,4,2005-02-03
5097,1551385,2,2005-03-07
5097,1178332,4,2005-03-07
5097,197070,3,2005-03-24
5097,392651,3,2005-04-28
5097,255004,3,2005-05-18
5097,1690079,3,2005-09-03
5097,756299,3,2005-10-07
5097,128241,5,2005-10-07
5097,152128,4,2005-10-22
5097,762324,2,2004-12-04
5097,2200718,3,2003-08-17
5097,2090850,2,2004-01-02
5097,387418,1,2003-08-24
5097,1024568,4,2003-08-31
5097,1580437,2,2003-09-03
5097,1614714,4,2004-03-23
5097,364236,4,2005-08-27
5097,1736179,3,2003-12-20
5097,218972,4,2003-06-27
5097,1172510,2,2004-01-14
5097,977703,4,2004-04-15
5097,774061,5,2004-09-28
5097,2630793,3,2005-01-19
5097,1361282,4,2005-02-23
5097,508379,5,2005-06-01
5097,423167,3,2000-01-19
5097,2222089,3,2001-05-07
5097,2293722,5,2003-06-28
5097,1675966,5,2005-07-24
5097,691808,2,2005-08-24
5097,350366,5,2003-12-13
5097,539631,5,2004-05-27
5097,2058716,2,2003-11-01
5097,947425,2,2004-05-18
5097,1706818,5,2004-05-30
5097,2452430,4,2004-10-05
5097,301141,4,2004-10-11
5097,2147484,3,2004-10-26
5097,2409465,3,2004-12-20
5097,1232634,3,2005-01-11
5097,175935,5,2005-02-12
5097,6056,2,2005-03-22
5097,219699,4,2005-04-07
5097,617717,2,2005-05-04
5097,1799171,4,2005-05-17
5097,155142,3,2005-06-05
5097,963663,5,2005-06-14
5097,2008298,4,2005-06-21
5097,1330669,3,2005-09-11
5097,1619923,4,2005-11-17
5097,1611819,3,2005-11-27
5097,2623859,5,2005-12-19
5097,354269,4,2004-01-03
5097,633740,2,2005-07-21
5097,1029163,3,2002-07-01
5097,1900076,5,2004-12-05
5097,429260,2,2004-08-07
5097,1220353,2,2004-05-24
5097,1241174,4,2004-01-02
5097,1334853,4,2004-04-06
5097,1309057,5,2004-05-03
5097,554503,4,2005-01-04
5097,1479499,3,2005-05-26
5097,2536012,3,2005-10-17
5097,1297023,4,2005-10-20
5097,2384119,5,2005-11-04
5097,50677,3,2002-02-23
5097,1424096,5,2001-06-28
5097,2120912,3,2004-03-07
5097,1562856,4,2003-12-15
5097,80365,5,2003-10-20
5097,2188897,3,2004-09-08
5097,2347632,3,2004-07-19
5097,1981621,3,2004-08-01
5097,2562361,1,2004-07-01
5097,1767036,3,2004-07-20
5097,1318272,3,2004-09-23
5097,258627,2,2004-12-14
5097,675056,4,2005-04-06
5097,1442405,3,2005-06-22
5097,1979429,5,2005-10-30
5097,2189707,3,2005-11-03
5097,346937,3,2005-12-19
5097,142115,2,2005-12-26
5097,525945,2,2000-04-23
5097,458143,4,2003-09-06
5097,1474031,2,2001-07-20
5097,1060553,4,2002-06-06
5097,492513,3,2003-06-02
5097,334185,3,2004-06-23
5097,2214251,3,2004-03-23
5097,2107068,4,2004-07-04
5097,17252,5,2004-05-29
5097,1344228,4,2004-08-23
5097,1484284,4,2004-08-17
5097,2025870,3,2004-10-10
5097,933895,5,2005-01-03
5097,1655583,5,2005-01-04
5097,1906611,1,2005-01-20
5097,1836124,3,2005-03-14
5097,489963,3,2005-03-27
5097,1266214,4,2005-04-15
5097,1469603,5,2005-05-24
5097,66087,4,2005-06-22
5097,167763,5,2005-07-01
5097,2242513,3,2005-09-16
5097,1170553,5,2005-09-17
5097,344250,4,2005-10-05
5097,2551603,4,2005-11-19
5097,757796,3,2005-11-25
5097,1854606,3,2003-05-28
5097,311070,1,2003-09-03
5097,660061,4,2003-12-23
5097,14403,3,2005-08-23
5097,16273,2,2003-08-21
5097,508480,3,2004-06-16
5097,2313697,5,2004-03-01
5097,525666,3,2004-08-07
5097,103867,3,2004-11-29
5097,191776,4,2004-12-06
5097,547118,2,2004-12-26
5097,1235767,4,2005-01-19
5097,550802,5,2005-03-04
5097,385136,5,2005-03-20
5097,1366896,5,2005-04-30
5097,97608,4,2005-05-02
5097,225090,3,2005-10-08
5097,2179876,3,2005-11-09
5097,958687,4,2001-02-21
5097,2153721,3,2001-06-29
5097,2586810,5,2005-08-01
5097,870960,3,2003-09-17
5097,405572,4,2004-05-16
5097,864269,4,2003-06-30
5097,773296,2,2003-06-26
5097,1026783,1,2004-01-21
5097,1061195,4,2003-12-10
5097,1566168,3,2004-03-25
5097,2463585,3,2004-12-23
5097,2120289,4,2005-01-09
5097,1631698,5,2005-01-11
5097,2235475,4,2005-02-01
5097,622101,4,2005-05-12
5097,2330287,3,2005-11-03
5097,2565111,4,2000-01-30
5097,852193,2,2001-04-24
5097,2520506,3,2003-12-05
5097,915103,3,2003-10-24
5097,2229831,4,2004-09-16
5097,1024074,3,2005-07-31
5097,2185950,2,2005-08-15
5097,2212448,4,2004-09-08
5097,291830,5,2003-08-22
5097,696131,4,2003-07-30
5097,1328902,4,2004-07-12
5097,1846589,1,2004-04-28
5097,1818300,3,2004-09-08
5097,700373,4,2004-07-13
5097,1918987,3,2004-10-17
5097,497121,3,2004-11-30
5097,1199991,3,2004-12-03
5097,807873,1,2004-12-29
5097,722585,3,2005-01-05
5097,2071383,3,2005-02-18
5097,981941,2,2005-04-26
5097,2127196,3,2005-07-03
5097,2098453,3,2005-09-26
5097,1252311,4,2005-10-13
5097,664825,3,2005-10-16
5097,2002484,2,2005-11-01
5097,408645,4,2004-07-02
5097,1663888,3,2005-01-03
5097,1159608,5,2004-03-19
5097,2535089,3,2003-06-06
5097,387819,3,2003-09-04
5097,970044,4,2004-07-28
5097,116140,3,2004-09-09
5097,857303,5,2004-10-04
5097,2350588,4,2004-10-22
5097,1966687,3,2004-11-15
5097,279073,5,2004-12-17
5097,2156552,4,2005-02-08
5097,1921722,3,2005-04-01
5097,445409,3,2005-06-01
5097,1960710,4,2005-06-22
5097,162303,3,2005-09-16
5097,2156368,3,2005-10-24
5097,124251,3,2005-11-23
5097,1410988,3,2005-12-16
5097,1146038,2,2001-07-09
5097,2598003,3,2001-03-01
5097,1210262,2,2002-11-07
5097,1795192,5,2001-06-29
5097,1461435,1,2002-05-06
5097,2555055,3,2004-03-05
5097,1845125,2,2005-08-15
5097,1543281,4,2004-04-18
5097,2187520,3,2003-10-11
5097,1519692,3,2003-06-23
5097,804335,4,2003-06-23
5097,11796,2,2003-12-23
5097,557690,3,2004-08-22
5097,1001928,3,2004-07-01
5097,621881,4,2004-03-28
5097,27061,5,2004-07-22
5097,829708,5,2005-01-24
5097,2041854,4,2005-03-28
5097,1559741,4,2005-04-05
5097,1737974,3,2005-05-04
5097,878789,4,2005-05-18
5097,1030316,3,2005-07-01
5097,1546371,4,2005-10-02
5097,858666,5,2005-11-12
5097,319632,5,2005-12-31
5097,634242,3,2005-07-06
5097,289710,4,2003-10-24
5097,2140842,3,2001-06-30
5097,786847,4,2001-10-22
5097,1469927,4,2005-07-30
5097,966669,3,2004-09-11
5097,409260,2,2004-07-06
5097,2069442,4,2004-03-07
5097,1468557,3,2004-03-16
5097,1734644,5,2003-12-11
5097,20149,3,2004-07-23
5097,1276711,3,2005-02-22
5097,2449803,2,2005-03-28
5097,2267959,3,2005-04-09
5097,2395020,5,2005-04-14
5097,2415534,4,2005-04-27
5097,1237037,4,2005-04-28
5097,2052789,3,2005-05-04
5097,1665490,4,2005-05-16
5097,1480571,3,2005-09-11
5097,1073788,4,2005-09-20
5097,1238786,4,2005-11-16
5097,2179492,5,2005-11-21
5097,1785209,3,2004-01-03
5097,1238258,3,2003-12-24
5097,919582,3,2004-09-07
5097,1059238,4,2004-07-08
5097,455568,3,2004-03-19
5097,1014111,4,2004-03-29
5097,464110,4,2004-03-29
5097,1708823,3,2004-04-24
5097,1048069,3,2004-09-09
5097,935922,4,2004-08-22
5097,1711270,4,2004-10-02
5097,497996,3,2005-01-25
5097,652331,3,2005-03-02
5097,2562973,3,2005-03-04
5097,2416293,5,2005-04-19
5097,306548,2,2005-04-27
5097,1927301,5,2005-05-05
5097,1037245,4,2005-09-23
5097,2234792,3,2005-10-06
5097,1235018,3,2003-11-25
5097,947483,3,2004-08-29
5097,1173289,2,2002-07-02
5097,1334401,4,2003-10-23
5097,1743395,3,2002-11-21
5097,133129,4,2005-08-09
5097,2291170,5,2003-12-12
5097,1204865,3,2005-08-26
5097,263358,4,2003-06-27
5097,573928,3,2003-09-21
5097,2044932,5,2004-08-07
5097,1951442,3,2004-10-28
5097,1218307,4,2004-12-08
5097,1989853,4,2004-12-14
5097,1399249,3,2004-12-30
5097,776411,3,2005-01-25
5097,2192303,3,2005-04-04
5097,2642897,4,2005-04-25
5097,2450032,3,2005-04-25
5097,2116966,3,2005-05-26
5097,2224013,4,2005-06-06
5097,906238,5,2005-10-12
5097,1194381,1,2005-11-14
5097,1317086,2,2000-01-09
5097,1241958,4,2001-06-24
5097,1835511,4,2004-04-26
5097,464478,3,2004-01-05
5097,1779539,3,2005-07-27
5097,934629,4,2005-08-06
5097,989859,3,2004-08-03
5097,1330502,5,2004-01-07
5097,1454284,3,2004-07-04
5097,1754362,5,2004-08-10
5097,2295235,4,2004-09-28
5097,609366,4,2004-11-01
5097,2394623,4,2004-11-05
5097,1964336,5,2004-12-11
5097,442963,3,2005-03-28
5097,2544521,5,2005-04-13
5097,505275,3,2005-04-17
5097,1780157,4,2005-11-11
5097,555052,3,2000-09-10
5097,67134,1,2002-05-07
5097,2492108,4,2003-08-26
5097,1639792,1,2002-06-30
5097,6813,1,2003-11-11
5097,1437778,3,2004-05-12
5097,1834225,3,2004-04-12
5097,128311,2,2003-09-15
5097,2109170,4,2004-03-01
5097,1279360,4,2004-06-04
5097,1600960,2,2005-01-26
5097,1336792,3,2005-02-22
5097,189443,3,2005-06-06
5097,1535979,4,2005-07-02
5097,1740017,5,2005-10-03
5097,1813263,2,2005-10-23
5097,2339135,3,2005-07-11
5097,722983,5,2004-03-05
5097,2020475,1,2001-06-24
5097,1576504,3,2001-07-08
5097,57633,5,2003-06-12
5097,2354764,4,2002-12-10
5097,817930,3,2002-11-19
5097,1332183,4,2005-08-11
5097,2090350,4,2003-12-23
5097,2012513,1,2004-01-27
5097,1974670,3,2003-11-02
5097,1752955,4,2004-04-19
5097,1153179,3,2004-07-05
5097,390112,4,2005-05-30
5097,684582,3,2005-10-27
5097,2055388,3,2005-11-05
5097,1834394,2,2000-08-20
5097,2433978,3,2003-12-10
5097,256676,4,2002-11-02
5097,1311703,5,2004-03-07
5097,1773462,2,2003-06-08
5097,1276664,4,2003-03-25
5097,1083531,3,2004-02-27
5097,2500594,4,2005-08-27
5097,2641077,2,2005-08-30
5097,918735,4,2004-04-09
5097,17362,4,2004-05-28
5097,1141769,1,2004-10-01
5097,1789648,4,2004-11-15
5097,2143500,3,2004-12-18
5097,744875,3,2005-01-27
5097,2195426,2,2005-03-22
5097,2316252,3,2005-03-31
5097,1915014,3,2005-04-15
5097,1161481,4,2005-05-17
5097,2489480,3,2005-11-21
5097,131766,3,2002-12-18
5097,2495612,4,2001-02-07
5097,1280311,2,2002-08-01
5097,157357,3,2003-10-08
5097,903666,3,2004-01-11
5097,2306515,3,2005-08-22
5097,1420709,4,2005-08-28
5097,48607,3,2003-07-03
5097,2322687,1,2003-11-06
5097,821568,4,2004-01-05
5097,1216880,4,2004-06-22
5097,2526414,3,2004-03-23
5097,1254497,1,2004-05-03
5097,811530,3,2004-07-21
5097,47535,4,2004-11-09
5097,2362093,1,2004-12-01
5097,2621229,5,2005-03-02
5097,136075,4,2005-04-10
5097,1364103,3,2005-05-05
5097,2198123,3,2005-06-13
5097,691272,5,2005-07-01
5097,1790119,3,2005-09-16
5097,1818424,5,2005-09-24
5097,1376053,3,2005-09-28
5097,1707593,3,2005-10-08
5097,1191409,3,2005-11-09
5097,591207,5,2001-07-06
5097,2023774,5,2005-07-21
5097,1545694,3,2005-07-28
5097,2239360,4,2004-03-28
5097,1862272,3,2003-06-25
5097,972253,5,2005-08-04
5097,1194141,3,2003-09-17
5097,426117,4,2004-08-24
5097,1983831,4,2004-05-21
5097,1199688,3,2004-11-01
5097,75327,3,2005-01-19
5097,562704,3,2005-04-23
5097,1440804,4,2005-06-15
5097,2466138,4,2005-10-10
5097,1220581,4,2005-10-20
5097,735776,5,2004-12-05
5097,558924,3,2001-06-29
5097,2346240,3,2004-05-23
5097,240748,4,2004-05-14
5097,2104194,3,2004-01-06
5097,1572817,2,2004-02-05
5097,831222,4,2003-07-01
5097,2363627,3,2004-07-13
5097,2293530,3,2005-08-12
5097,219481,4,2003-08-19
5097,1464712,5,2004-03-13
5097,2497991,3,2004-05-12
5097,923631,2,2004-04-20
5097,827422,4,2004-03-15
5097,2609314,4,2004-03-16
5097,1006655,3,2004-06-24
5097,178791,2,2004-08-31
5097,2443863,3,2004-10-19
5097,1731960,4,2004-12-02
5097,631598,5,2004-12-12
5097,2003162,4,2004-12-17
5097,2468915,2,2005-02-08
5097,848972,3,2005-03-08
5097,1942207,4,2005-05-10
5097,173152,3,2005-05-18
5097,1593194,3,2005-09-03
5097,636935,3,2005-09-16
5097,2636012,3,2004-01-08
5097,2646634,5,2001-07-21
5097,2291746,2,2004-07-22
5097,370904,3,2003-09-17
5097,683254,3,2002-05-07
5097,2241129,4,2002-12-21
5097,1604490,3,2005-02-19
5097,242681,4,2003-10-21
5097,1993420,4,2004-01-11
5097,1097917,4,2003-12-05
5097,1774355,3,2004-03-31
5097,2238060,5,2004-08-18
5097,837304,5,2004-10-19
5097,663118,5,2005-01-06
5097,1174875,4,2005-06-05
5097,1059961,3,2005-10-09
5097,1480807,4,2004-03-18
5097,2232563,4,2004-04-02
5097,363868,5,2004-06-28
5097,879551,5,2003-07-04
5097,732664,3,2004-07-04
5097,2029858,3,2004-06-07
5097,1707198,2,2003-12-11
5097,1852040,3,2004-04-16
5097,1888792,3,2004-04-26
5097,861840,3,2004-07-27
5097,1790903,4,2004-04-29
5097,1390319,1,2004-08-07
5097,1235190,3,2004-08-13
5097,164136,3,2004-12-21
5097,2551538,2,2005-01-10
5097,229472,5,2005-01-12
5097,138329,3,2005-01-29
5097,1350230,1,2005-01-31
5097,2217252,3,2005-04-06
5097,226772,2,2005-04-08
5097,976626,3,2005-04-12
5097,412725,3,2005-10-11
5097,2011398,4,2005-10-19
5097,2640922,2,2000-02-04
5097,2631263,3,2001-05-23
5097,2062820,1,2003-11-04
5097,30288,2,2003-10-24
5097,2138767,4,2003-08-01
5097,2050809,3,2004-05-26
5097,1612901,4,2005-09-06
5097,1053115,4,2004-07-27
5097,13856,4,2004-12-13
5097,391708,3,2005-02-21
5097,1810936,3,2005-11-17
5097,1341349,4,2005-04-22
5097,57870,3,2005-09-18
5097,440983,4,2005-10-22
5097,2304517,3,2002-06-30
5097,468024,4,2002-07-01
5097,2485319,4,2004-01-04
5097,366894,3,2004-05-21
5097,1132431,3,2004-03-15
5097,1911700,4,2003-12-05
5097,229439,4,2003-10-09
5097,1588678,4,2004-01-26
5097,1401974,3,2004-07-23
5097,1640132,5,2004-06-21
5097,630175,4,2005-09-02
5097,775020,4,2004-03-31
5097,2607099,1,2004-03-23
5097,954111,3,2004-04-27
5097,2516156,3,2004-04-20
5097,239740,5,2004-09-24
5097,886264,3,2004-10-30
5097,729029,2,2005-01-05
5097,2575417,4,2005-01-26
5097,629389,3,2005-02-28
5097,679947,3,2005-09-13
5097,1069186,3,2005-09-27
5097,540648,3,2005-10-26
5097,2311739,2,2005-11-21
5097,1459710,4,2005-11-23
5097,2191708,4,2005-12-22
5097,2153893,4,2005-12-26
5097,1647680,3,2004-05-19
5097,1629801,5,2005-08-03
5097,231608,3,2003-09-12
5097,1267639,3,2005-08-08
5097,2553138,2,2004-03-17
5097,1088910,5,2004-01-24
5097,1786340,4,2005-08-28
5097,1416729,3,2005-08-30
5097,2269100,4,2005-09-05
5097,553115,3,2003-09-05
5097,221631,4,2003-12-23
5097,1654617,4,2004-08-04
5097,1688005,1,2004-09-20
5097,774312,3,2004-11-02
5097,2313362,4,2004-11-29
5097,1853940,4,2004-12-01
5097,319647,3,2005-02-12
5097,1040440,3,2005-03-06
5097,1940262,3,2005-04-13
5097,1451734,3,2005-06-15
5097,1044403,3,2005-11-23
5097,2226346,3,2005-11-27
5097,1479560,3,2004-08-31
5097,561636,2,2001-04-20
5097,575411,3,2003-12-18
5097,1276983,3,2002-12-11
5097,1746668,4,2003-12-23
5097,39469,4,2003-09-23
5097,2320706,4,2004-01-05
5097,707290,5,2004-07-06
5097,2095411,5,2004-07-12
5097,509009,4,2004-05-11
5097,1225456,4,2004-12-16
5097,1189617,4,2005-01-06
5097,2533795,1,2005-01-26
5097,102442,3,2005-02-06
5097,435680,4,2005-02-22
5097,511057,3,2005-04-23
5097,862011,5,2005-05-25
5097,1646639,4,2005-05-27
5097,978104,3,2005-06-02
5097,1949449,5,2005-09-09
5097,1001004,3,2005-10-18
5097,2207412,3,2003-06-25
5097,1922435,3,2005-07-11
5097,237263,2,2001-07-01
5097,1344474,4,2002-11-26
5097,2204921,4,2005-07-24
5097,2292197,2,2003-10-13
5097,416310,4,2003-02-12
5097,2237048,5,2005-08-14
5097,292698,3,2005-08-17
5097,1723416,2,2004-05-11
5097,1360936,3,2003-06-27
5097,749153,5,2003-03-14
5097,1201071,2,2004-01-02
5097,1988192,3,2003-09-27
5097,945401,3,2005-09-06
5097,2556586,1,2004-01-26
5097,1967891,4,2004-02-27
5097,312695,3,2004-07-08
5097,1839928,3,2004-08-02
5097,206893,5,2004-10-12
5097,729083,5,2004-12-16
5097,192009,3,2005-02-11
5097,1885468,3,2005-03-08
5097,1608147,2,2005-05-26
5097,270763,3,2005-06-12
5097,1911845,3,2005-07-01
5097,1102824,3,2005-09-27
5097,1753873,5,2005-11-02
5097,1566640,5,2005-11-11
5097,188613,3,2003-08-18
5097,272840,4,2004-08-04
5097,1045087,4,2003-08-19
5097,404289,3,2003-06-23
5097,2508984,3,2003-10-21
5097,1198962,3,2004-08-06
5097,2306984,4,2004-03-07
5097,2001019,1,2004-06-28
5097,451715,3,2004-04-15
5097,2367301,4,2004-08-03
5097,517188,3,2004-10-18
5097,50400,4,2004-11-08
5097,622093,2,2004-11-11
5097,1340264,3,2005-01-25
5097,1275628,3,2005-03-14
5097,2561246,4,2005-04-03
5097,1069489,4,2005-05-17
5097,1544909,5,2005-06-02
5097,1742428,2,2005-06-21
5097,766707,4,2005-07-03
5097,17665,4,2005-10-12
5097,2534166,3,2005-11-03
5097,583086,3,2005-11-09
5097,1518164,4,2005-07-11
5097,10897,3,2005-07-13
5097,539743,3,2004-04-23
5097,178266,3,2003-12-26
5097,845991,3,2003-06-02
5097,1538439,4,2004-03-08
5097,2455503,2,2003-06-18
5097,396130,4,2004-03-15
5097,402825,4,2004-03-16
5097,787642,4,2004-05-24
5097,982225,2,2004-10-21
5097,2196808,4,2005-01-20
5097,929375,3,2005-02-14
5097,987330,4,2005-02-22
5097,1313126,3,2005-05-13
5097,1628880,4,2005-12-15
5097,2410330,3,2002-10-30
5097,112790,4,2003-08-27
5097,154216,4,2004-06-03
5097,1563698,4,2003-02-15
5097,2289480,3,2004-06-18
5097,1621025,3,2003-08-29
5097,629269,3,2004-09-15
5097,610780,4,2004-06-25
5097,1132987,4,2003-06-03
5097,1063273,5,2003-10-27
5097,2249978,3,2004-01-03
5097,441723,4,2004-08-08
5097,2017941,2,2004-05-17
5097,2170453,3,2004-08-31
5097,2237988,2,2004-09-03
5097,320177,4,2004-11-15
5097,722298,2,2005-04-21
5097,1589188,3,2005-05-22
5097,563585,5,2005-06-22
5097,1931285,4,2005-09-16
5097,616944,2,2005-10-13
5097,857219,3,2005-10-23
5097,2429565,3,2005-11-08
5097,1397841,3,2005-07-09
5097,123131,2,2004-05-09
5097,2648853,2,2002-12-29
5097,1076062,3,2004-01-28
5097,57740,3,2003-10-09
5097,2634967,4,2004-04-01
5097,1572165,2,2004-07-08
5097,1259374,2,2004-06-13
5097,1300759,4,2004-10-01
5097,227903,4,2004-11-11
5097,695543,4,2005-01-07
5097,746721,4,2005-01-29
5097,2548807,5,2005-01-30
5097,1112879,3,2005-02-27
5097,1108367,4,2005-03-21
5097,1724286,4,2005-06-19
5097,1658491,5,2005-07-02
5097,939582,2,2005-09-09
5097,107644,4,2005-09-25
5097,1706337,4,2005-10-07
5097,2553296,3,2005-07-08
5097,1017144,5,2004-03-15
5097,2597075,3,2004-07-31
5097,1933708,2,2003-11-05
5097,1614212,3,2004-08-22
5097,340492,5,2004-07-16
5097,2522465,5,2004-11-03
5097,2587946,5,2004-11-05
5097,709867,3,2004-12-25
5097,2638766,4,2005-01-08
5097,324510,1,2005-01-29
5097,1987806,3,2005-02-07
5097,2510785,5,2005-09-12
5097,886903,3,2005-09-13
5097,2522549,3,2005-09-16
5097,997236,4,2005-09-30
5097,2637879,3,2005-12-20
