17288,1650301,2,2005-05-09
17288,1900367,3,2005-11-09
17288,828540,1,2005-03-02
17288,2315741,3,2005-10-12
17288,731870,3,2005-12-29
17288,2567391,2,2005-11-01
17288,1380374,3,2005-05-16
17288,1732390,4,2005-07-12
17288,2058312,3,2005-03-21
17288,2135751,4,2005-04-11
17288,1784150,2,2005-06-15
17288,1552026,3,2005-09-09
17288,2478371,4,2005-07-13
17288,335555,3,2005-09-01
17288,1363670,3,2005-02-07
17288,189025,5,2005-06-10
17288,2357072,2,2005-02-15
17288,2226173,3,2005-01-27
17288,1348207,2,2005-09-08
17288,2277911,4,2005-07-19
17288,1257081,2,2005-04-07
17288,297040,3,2005-01-31
17288,1574842,3,2005-04-11
17288,1433438,3,2005-08-26
17288,1314869,2,2004-08-10
17288,2556653,4,2004-12-02
17288,2209480,3,2005-02-05
17288,2062925,3,2005-05-16
17288,636262,5,2005-08-22
17288,350486,3,2005-06-17
17288,115010,3,2005-08-24
17288,1980521,4,2005-03-17
17288,2005985,3,2005-05-25
17288,1542673,3,2005-06-27
17288,614246,3,2005-10-10
17288,2209951,5,2005-07-28
17288,271312,4,2004-12-29
17288,266900,5,2005-12-12
17288,2313479,3,2005-02-15
17288,1729265,4,2004-12-28
17288,2269636,5,2005-02-13
17288,302310,3,2005-02-08
17288,1069916,3,2005-07-07
17288,1531730,2,2005-05-10
17288,1848699,3,2005-03-06
17288,618272,1,2005-08-14
17288,2550506,3,2005-01-27
17288,2256572,3,2005-06-13
17288,403915,4,2005-07-31
17288,507603,1,2005-11-15
17288,2124505,3,2005-02-28
17288,1825866,2,2005-02-03
17288,2284332,4,2005-05-13
17288,1818059,2,2005-04-26
17288,2279247,2,2005-06-11
17288,1597787,3,2005-08-01
17288,2548844,3,2005-04-08
17288,1664010,3,2005-10-17
17288,2521337,3,2005-05-07
17288,176013,3,2005-03-07
17288,2095705,4,2005-04-19
17288,732811,1,2005-05-18
17288,1071775,2,2005-03-03
17288,568300,3,2005-11-01
17288,1864312,3,2005-08-22
17288,1211273,4,2005-03-10
17288,392754,3,2005-06-09
17288,1612159,4,2005-07-15
17288,1099198,4,2005-12-16
17288,1056568,3,2005-01-26
17288,1827521,2,2005-04-01
17288,1770537,5,2005-11-05
17288,1032244,3,2005-01-19
17288,722591,4,2004-12-27
17288,2238070,3,2005-06-29
17288,1091723,3,2005-05-04
17288,662759,3,2004-12-21
17288,1557557,3,2005-07-21
17288,1708221,3,2005-06-07
17288,1241692,3,2005-07-14
17288,1814400,4,2005-02-03
17288,870616,2,2005-05-18
17288,1823245,3,2005-02-25
17288,271120,3,2005-03-21
17288,1863095,5,2005-05-02
17288,790167,3,2005-01-23
17288,460051,4,2005-11-21
17288,2643611,3,2005-04-25
17288,1715755,2,2005-06-08
17288,1122427,1,2005-10-15
17288,1519938,3,2005-03-28
17288,989152,5,2005-10-02
17288,1530600,3,2005-10-01
17288,305344,1,2005-08-11
17288,50094,4,2005-12-27
17288,2050139,5,2005-01-11
17288,1766397,3,2005-01-20
17288,968595,4,2005-02-04
17288,2400195,3,2005-03-23
17288,31821,1,2005-12-23
17288,2147527,2,2005-11-11
17288,2506941,2,2005-02-04
17288,98149,3,2005-03-07
17288,1595967,4,2005-07-16
17288,1035000,3,2005-04-29
17288,1291667,3,2005-09-30
17288,2014652,1,2005-11-15
17288,1488235,5,2005-05-02
17288,1753374,3,2005-09-30
17288,2160866,4,2005-01-30
17288,339159,3,2005-03-15
17288,1863458,5,2005-05-12
17288,1637103,4,2005-06-09
17288,1759950,3,2005-07-20
17288,1806932,5,2005-04-23
17288,2365617,4,2005-08-05
17288,2176465,1,2005-03-17
17288,523744,5,2005-06-10
17288,876375,4,2005-01-19
17288,454557,4,2005-05-28
17288,2118461,3,2005-12-20
17288,1125538,4,2004-12-21
17288,1114619,3,2005-04-19
17288,1878548,5,2005-10-13
17288,387418,1,2004-12-28
17288,971816,3,2005-06-23
17288,1257011,4,2005-09-23
17288,1458659,2,2005-03-29
17288,744216,5,2005-04-10
17288,932536,3,2005-02-09
17288,794999,5,2005-03-14
17288,426610,3,2005-03-17
17288,1932594,3,2005-04-19
17288,1192120,4,2005-11-14
17288,1486009,3,2005-05-17
17288,657275,3,2005-03-31
17288,1461435,1,2005-04-05
17288,1796818,2,2005-05-12
17288,1475258,4,2005-12-29
17288,1258802,4,2005-09-15
17288,1527008,3,2005-07-12
17288,1600960,3,2005-10-27
17288,1727816,2,2005-01-04
17288,2012067,3,2005-04-18
17288,2129252,4,2005-06-07
17288,1178783,2,2005-02-28
17288,617786,3,2005-07-11
17288,1117357,5,2005-07-18
17288,2523435,2,2005-04-26
17288,1594520,4,2005-02-21
17288,2431231,3,2005-03-22
17288,2610012,3,2005-05-20
17288,939351,3,2005-04-12
