13624,989704,1,2004-12-25
13624,2625420,2,2004-05-14
13624,1502043,2,2005-01-21
13624,1089368,3,2005-02-16
13624,984185,3,2005-03-29
13624,1621846,2,2004-12-29
13624,963594,3,2005-05-20
13624,281396,3,2005-10-31
13624,269469,2,2005-02-09
13624,16146,3,2004-12-19
13624,1125890,3,2005-02-13
13624,2475820,3,2004-01-12
13624,513501,3,2005-03-08
13624,581235,5,2004-02-20
13624,1181550,2,2003-10-07
13624,1557708,3,2004-05-04
13624,2508119,3,2005-01-07
13624,331394,2,2004-10-30
13624,179079,2,2003-11-01
13624,472012,4,2004-10-27
13624,2438600,5,2005-02-10
13624,168532,5,2005-10-30
13624,2018176,4,2005-01-02
13624,1145664,2,2005-11-02
13624,598290,4,2005-01-22
13624,505375,5,2004-09-26
13624,234959,2,2004-01-12
13624,2117799,5,2003-11-30
13624,2274350,4,2004-11-23
13624,2292908,3,2005-04-27
13624,2208192,4,2004-11-04
13624,1372112,5,2005-01-29
13624,354994,5,2003-11-07
13624,49062,2,2004-11-12
13624,2155998,3,2005-07-01
13624,218543,3,2004-10-06
13624,213750,5,2004-12-29
13624,1457846,3,2005-01-02
13624,1966321,5,2005-02-28
13624,2450426,4,2003-10-30
13624,1003316,2,2004-01-26
13624,1314869,3,2004-06-06
13624,2080006,3,2004-12-28
13624,807201,3,2005-02-10
13624,1153996,4,2004-11-10
13624,397684,5,2005-08-20
13624,1819462,1,2005-04-01
13624,2439493,1,2003-11-21
13624,2450398,3,2004-04-18
13624,1258026,3,2005-10-23
13624,2112946,5,2004-09-04
13624,310722,5,2005-06-08
13624,1936376,3,2004-06-22
13624,1397103,3,2004-02-17
13624,2556810,3,2004-10-25
13624,791243,3,2003-10-25
13624,498214,2,2005-03-22
13624,74670,3,2005-07-19
13624,182543,3,2005-08-15
13624,2495253,3,2004-10-04
13624,539607,2,2005-03-22
13624,1906132,2,2005-10-31
13624,833267,3,2004-09-17
13624,318246,4,2004-11-06
13624,1473980,3,2005-09-09
13624,2040859,1,2004-11-23
13624,74282,2,2003-10-13
13624,1791124,1,2005-04-10
13624,869426,3,2005-01-20
13624,1415739,4,2005-01-26
13624,1771864,3,2004-10-29
13624,809491,5,2004-08-12
13624,871915,3,2004-10-13
13624,832761,3,2005-01-13
13624,1883251,3,2004-11-01
13624,70483,4,2003-11-08
13624,382577,3,2004-06-24
13624,64531,4,2005-03-02
13624,676718,3,2005-05-28
13624,2144132,3,2004-10-19
13624,1986034,3,2004-12-14
13624,425581,4,2005-05-17
13624,554437,3,2005-10-01
13624,2108640,2,2005-01-20
13624,118587,4,2005-01-25
13624,482352,2,2005-04-28
13624,200682,3,2005-01-19
13624,251000,4,2005-03-16
13624,1140609,3,2004-02-09
13624,744211,4,2005-10-31
13624,2233998,3,2004-03-08
13624,2519094,3,2005-07-01
13624,1695967,3,2004-01-18
13624,2199251,5,2005-01-08
13624,2273952,3,2005-07-29
13624,1144617,3,2005-03-16
13624,670204,2,2003-12-13
13624,733971,3,2004-04-19
13624,1225584,3,2005-03-31
13624,2482588,5,2004-03-25
13624,72001,3,2005-11-08
13624,926742,3,2005-08-15
13624,1422324,5,2004-05-02
13624,2086005,3,2005-01-19
13624,1220079,3,2004-04-18
13624,735761,4,2005-02-22
13624,657234,3,2005-11-22
13624,1300239,4,2005-01-23
13624,1117169,3,2005-03-25
13624,969091,5,2005-09-21
13624,1664010,4,2005-10-14
13624,451011,3,2004-02-05
13624,2411423,3,2004-11-09
13624,1791989,4,2005-07-15
13624,677997,5,2004-10-17
13624,10901,3,2004-12-28
13624,462171,3,2004-01-03
13624,1255433,3,2005-03-21
13624,2297136,1,2005-07-01
13624,2033737,5,2004-01-04
13624,2533746,3,2004-04-01
13624,173349,4,2005-10-15
13624,2072545,2,2005-07-11
13624,896753,3,2005-03-04
13624,893631,1,2005-01-25
13624,1103874,5,2004-12-19
13624,2570577,4,2004-05-15
13624,1685948,5,2005-02-28
13624,1123808,5,2005-05-02
13624,2601140,3,2005-03-01
13624,2290096,3,2004-06-29
13624,1197200,2,2005-02-01
13624,2297569,3,2005-04-18
13624,1356396,4,2005-08-23
13624,739478,3,2004-11-02
13624,1362383,3,2004-11-22
13624,1547711,2,2005-10-21
13624,840319,2,2003-10-27
13624,2442491,3,2005-11-03
13624,644154,3,2004-06-23
13624,1650430,3,2004-08-25
13624,2088567,3,2005-01-12
13624,882488,4,2005-05-03
13624,1238184,2,2004-05-27
13624,980485,3,2004-03-08
13624,825819,3,2005-02-07
13624,926292,3,2005-12-06
13624,983523,1,2005-04-04
13624,2602874,3,2005-11-03
13624,1800459,5,2004-07-28
13624,2104145,3,2004-11-12
13624,491531,1,2005-04-06
13624,1848548,4,2004-11-11
13624,2606799,3,2005-05-16
13624,2165856,4,2003-11-02
13624,2282997,4,2005-02-16
13624,2510262,4,2004-07-06
13624,373515,2,2005-02-21
13624,716173,4,2005-09-30
13624,2085265,1,2003-12-08
13624,1265711,5,2005-03-23
13624,504620,1,2005-08-24
13624,1157185,3,2004-10-29
13624,1385728,4,2005-01-30
13624,18856,2,2005-03-24
13624,1725008,2,2005-02-04
13624,1143907,5,2003-10-18
13624,1488203,4,2004-11-11
13624,1833332,3,2004-09-14
13624,475475,2,2004-09-14
13624,151153,4,2005-10-13
13624,100712,3,2005-10-29
13624,19544,3,2004-11-15
13624,2089379,2,2005-10-20
13624,305344,1,2003-09-21
13624,498716,4,2005-05-02
13624,1109578,3,2005-08-11
13624,2630895,4,2004-07-04
13624,1642087,5,2005-01-21
13624,305938,5,2005-04-19
13624,14650,1,2004-11-05
13624,1403217,1,2005-04-04
13624,1249669,3,2005-06-03
13624,69669,4,2005-06-27
13624,1347355,2,2004-10-30
13624,1906383,3,2005-01-20
13624,2135705,5,2005-01-25
13624,1145240,1,2005-02-07
13624,1151282,4,2004-07-25
13624,845260,4,2004-05-17
13624,1232910,3,2005-01-10
13624,1679136,1,2005-10-23
13624,285350,4,2004-08-22
13624,2182629,3,2005-02-23
13624,1082029,4,2005-05-04
13624,739162,4,2003-12-04
13624,811765,4,2005-10-03
13624,1299970,5,2005-07-23
13624,80276,3,2005-04-07
13624,1079060,4,2005-05-12
13624,70456,3,2004-09-09
13624,1779389,5,2004-06-27
13624,859907,2,2005-10-19
13624,2020538,4,2005-10-11
13624,77909,4,2005-05-01
13624,1746438,4,2005-07-18
13624,1044232,3,2005-02-05
13624,170178,3,2005-03-17
13624,457773,3,2005-09-26
13624,541467,3,2004-04-05
13624,2139288,4,2003-10-23
13624,2056022,2,2005-05-31
13624,1497437,4,2004-10-13
13624,1620800,2,2005-08-13
13624,830808,2,2005-01-11
13624,633839,2,2005-05-04
13624,1520384,5,2005-06-23
13624,965269,3,2004-11-16
13624,1140560,3,2003-12-16
13624,2118461,4,2005-12-17
13624,1935388,2,2004-10-27
13624,2157060,2,2005-04-06
13624,2061495,3,2005-03-28
13624,387418,2,2003-10-10
13624,1543847,2,2004-11-23
13624,852257,3,2005-02-22
13624,591488,2,2005-04-11
13624,752668,3,2004-08-22
13624,1646200,3,2004-11-23
13624,541871,3,2005-01-11
13624,340479,2,2004-12-22
13624,1804608,4,2005-02-23
13624,1369649,1,2005-03-21
13624,1965801,2,2005-07-08
13624,2577632,3,2004-12-03
13624,2528792,2,2004-12-20
13624,828468,2,2005-02-01
13624,1932594,3,2005-03-02
13624,1097231,4,2004-04-16
13624,2249594,2,2004-03-02
13624,59228,3,2005-07-05
13624,1461435,1,2005-04-18
13624,1405233,2,2005-01-20
13624,2197555,3,2005-06-13
13624,2335913,3,2004-10-24
13624,243068,5,2004-08-19
13624,236799,3,2005-01-19
13624,1790576,2,2004-12-11
13624,2568178,4,2004-10-18
13624,2198689,1,2005-01-29
13624,1247177,3,2004-10-14
13624,1952407,4,2004-08-16
13624,1608134,5,2005-11-04
13624,1086237,3,2005-11-24
13624,2327333,3,2004-11-01
13624,1205647,4,2004-02-20
13624,940101,2,2005-07-09
13624,2391236,2,2004-05-28
13624,2634967,1,2005-01-10
