10092,2433426,5,2004-07-11
10092,395100,3,2004-07-20
10092,160977,4,2005-05-02
10092,568620,5,2005-08-17
10092,1220901,4,2003-12-13
10092,754781,4,2004-11-10
10092,908205,3,2005-07-22
10092,2625420,2,2004-06-04
10092,859350,3,2004-08-12
10092,1744006,4,2005-10-04
10092,1694477,4,2005-10-21
10092,550262,4,2004-06-29
10092,2324407,4,2005-07-18
10092,109089,5,2003-08-15
10092,1750434,3,2004-07-19
10092,2637831,3,2003-09-05
10092,2312349,4,2004-06-21
10092,1939674,5,2003-11-05
10092,2026560,5,2004-04-23
10092,957335,4,2005-05-26
10092,1723799,4,2005-06-06
10092,1030986,3,2004-09-14
10092,2324066,3,2004-09-28
10092,2004175,4,2004-09-30
10092,1079731,5,2005-03-18
10092,163830,3,2004-02-17
10092,1037088,5,2005-08-04
10092,2415876,1,2004-06-19
10092,1392206,4,2004-12-28
10092,2552504,4,2005-11-29
10092,1084889,4,2005-07-25
10092,200255,5,2003-09-03
10092,1977651,4,2004-06-11
10092,2201224,3,2004-11-19
10092,224358,4,2005-04-08
10092,1105269,4,2005-10-07
10092,300074,1,2005-07-10
10092,2223218,5,2005-08-13
10092,623692,4,2004-03-08
10092,1734105,3,2004-07-12
10092,2397231,4,2004-10-25
10092,674169,5,2005-07-03
10092,198814,1,2005-07-31
10092,1061692,3,2005-04-12
10092,808102,3,2004-10-09
10092,156607,5,2004-12-30
10092,1731838,4,2005-01-29
10092,1196728,3,2005-02-05
10092,350495,4,2005-03-01
10092,1404357,4,2005-12-28
10092,2405134,4,2004-06-18
10092,1220170,4,2003-10-21
10092,1914348,5,2003-09-25
10092,2323140,4,2004-09-11
10092,1462151,5,2005-02-08
10092,1277457,4,2004-12-18
10092,1858310,5,2005-09-14
10092,328509,3,2004-01-19
10092,786312,4,2004-11-06
10092,1212074,3,2005-02-01
10092,2185811,4,2005-03-06
10092,731006,5,2005-03-28
10092,1493907,3,2005-04-14
10092,2242704,5,2005-12-07
10092,545351,5,2005-12-23
10092,960023,4,2003-08-30
10092,2407988,3,2005-08-16
10092,1430911,4,2005-09-09
10092,924839,5,2005-04-06
10092,2590361,4,2005-06-15
10092,525356,1,2003-03-31
10092,2102030,4,2004-03-13
10092,2559803,4,2004-07-22
10092,352878,5,2005-08-09
10092,1491560,3,2004-09-18
10092,1933327,4,2004-11-19
10092,178588,4,2005-03-08
10092,693911,5,2005-03-17
10092,306199,3,2005-06-28
10092,1500479,5,2004-06-15
10092,18103,3,2004-01-25
10092,756163,5,2005-08-31
10092,2490215,5,2004-01-01
10092,1564651,5,2005-05-31
10092,1199523,5,2005-10-07
10092,1273105,3,2003-03-25
10092,1892529,3,2004-08-11
10092,2456727,5,2004-11-02
10092,1481575,3,2005-12-23
10092,1534231,5,2003-12-13
10092,2223508,4,2004-07-18
10092,1573507,3,2003-10-21
10092,824766,3,2004-09-17
10092,2219553,5,2004-10-27
10092,1023101,3,2004-01-06
10092,2100094,1,2003-03-25
10092,1735886,5,2004-10-16
10092,1001129,2,2004-09-04
10092,2373586,4,2004-09-08
10092,1810074,5,2004-09-13
10092,2274861,5,2004-12-13
10092,1386958,4,2005-09-24
10092,447930,5,2005-10-18
10092,567822,4,2004-03-10
10092,2207697,3,2004-11-30
10092,1529338,3,2005-01-25
10092,2646508,3,2004-05-13
10092,2411332,4,2004-07-11
10092,1927580,5,2004-08-23
10092,2077030,5,2004-07-19
10092,389622,5,2004-10-25
10092,2131475,4,2004-11-10
10092,1802979,5,2004-11-27
10092,2128704,3,2005-02-16
10092,103619,4,2005-02-28
10092,123707,5,2005-08-12
10092,2095263,4,2003-12-30
10092,1066820,4,2004-08-02
10092,2170522,4,2005-12-11
10092,2534796,5,2004-11-08
10092,2166355,4,2004-12-07
10092,659592,4,2005-01-10
10092,1355281,5,2005-06-15
10092,2121285,5,2005-07-03
10092,1433690,4,2005-09-09
10092,1167622,4,2005-10-08
10092,1568641,5,2005-08-05
10092,512303,4,2005-08-05
10092,497648,5,2005-01-07
10092,1567202,4,2005-03-11
10092,1401637,5,2005-11-01
10092,438947,4,2004-03-22
10092,427369,4,2003-08-26
10092,427596,5,2005-06-21
10092,460117,5,2005-10-16
10092,1750544,5,2003-09-20
10092,709184,3,2003-12-10
10092,1117757,3,2004-04-23
10092,1529654,3,2004-04-10
10092,1955408,4,2004-11-21
10092,913797,5,2005-02-23
10092,2361198,4,2005-02-27
10092,2551806,5,2005-10-28
10092,1528301,3,2004-02-24
10092,1213539,3,2003-10-31
10092,1743025,4,2004-07-20
10092,2329026,5,2004-07-08
10092,489458,5,2004-11-25
10092,1259310,5,2005-02-06
10092,1484213,5,2005-06-06
10092,1792741,4,2003-12-10
10092,266172,4,2004-03-22
10092,415672,4,2004-06-02
10092,1575462,4,2004-09-17
10092,1390084,4,2004-10-25
10092,1954885,4,2005-02-15
10092,1343309,3,2005-04-18
10092,1257272,4,2005-06-05
10092,1219818,4,2005-06-21
10092,2411610,4,2004-06-23
10092,2004274,4,2003-04-05
10092,2878,5,2004-10-06
10092,1827952,4,2005-03-13
10092,2260021,5,2005-10-01
10092,2217988,4,2004-10-26
10092,1387000,5,2004-12-28
10092,1880844,4,2005-02-15
10092,601147,4,2005-10-18
10092,1588845,3,2005-10-20
10092,999229,4,2005-12-12
10092,875720,3,2004-08-18
10092,1667171,4,2003-11-22
10092,1317259,4,2004-12-31
10092,2193613,5,2004-04-23
10092,982829,4,2004-04-16
10092,1526354,3,2005-05-26
10092,249021,5,2005-07-25
10092,1638221,4,2005-07-29
10092,1467809,5,2003-04-03
10092,2406477,1,2003-12-08
10092,2077168,4,2005-06-27
10092,989579,4,2003-07-30
10092,2439493,1,2003-02-18
10092,1330841,3,2005-04-20
10092,224396,5,2005-07-01
10092,668540,5,2005-07-03
10092,1805600,4,2005-10-11
10092,1240334,4,2005-10-18
10092,1068821,4,2005-10-27
10092,1906394,5,2005-10-28
10092,94338,5,2004-04-12
10092,1762105,4,2003-04-18
10092,2580440,3,2004-01-26
10092,1952860,5,2004-09-24
10092,192869,4,2005-04-12
10092,1684232,4,2004-01-05
10092,395750,4,2005-08-28
10092,394622,5,2004-10-11
10092,485083,5,2004-11-23
10092,2421701,4,2005-02-24
10092,253616,4,2005-06-01
10092,939964,4,2005-08-16
10092,2593441,4,2004-05-30
10092,1715220,4,2003-04-22
10092,859673,3,2004-06-01
10092,1567186,5,2004-11-08
10092,72451,4,2005-03-29
10092,276659,4,2005-06-13
10092,255836,5,2005-09-07
10092,2161461,4,2004-11-07
10092,1497845,5,2004-11-05
10092,704538,4,2005-02-02
10092,12132,4,2005-02-24
10092,2435695,1,2005-12-31
10092,272121,4,2003-08-07
10092,588918,4,2004-07-05
10092,1659215,3,2003-08-31
10092,1357088,4,2003-12-23
10092,650488,3,2004-12-28
10092,1551233,5,2005-03-29
10092,564742,4,2005-10-04
10092,115256,5,2005-08-05
10092,766046,4,2003-08-21
10092,928463,4,2004-05-28
10092,1159565,4,2004-04-14
10092,584980,3,2005-01-19
10092,2535839,1,2005-01-24
10092,1928290,4,2005-04-07
10092,758407,2,2005-05-19
10092,1041536,4,2004-11-10
10092,2260833,4,2005-11-24
10092,221918,4,2005-12-02
10092,2040859,1,2004-11-23
10092,2264426,5,2005-06-24
10092,737660,3,2005-07-11
10092,627594,4,2005-02-20
10092,766573,5,2003-09-25
10092,792534,3,2004-03-04
10092,1313714,5,2004-11-07
10092,2328034,5,2003-09-30
10092,250643,5,2004-06-23
10092,1928107,3,2005-07-25
10092,799532,4,2004-06-26
10092,1776654,3,2005-08-26
10092,461075,1,2004-09-27
10092,202678,1,2005-04-08
10092,2584252,4,2005-05-16
10092,1487164,4,2005-06-28
10092,2096868,4,2005-10-31
10092,2159285,4,2005-08-25
10092,232121,3,2005-09-02
10092,1730026,4,2005-04-13
10092,161223,2,2005-12-23
10092,1954386,4,2004-09-02
10092,2254307,4,2004-07-19
10092,509365,4,2004-01-12
10092,1337153,5,2004-09-08
10092,480567,5,2004-11-13
10092,1788733,5,2005-01-02
10092,2300921,4,2005-04-26
10092,1952572,5,2005-06-15
10092,87378,3,2005-09-20
10092,124942,4,2005-10-21
10092,746511,3,2004-09-15
10092,1757174,4,2005-08-31
10092,1558352,5,2004-05-14
10092,1777406,4,2003-03-04
10092,2122322,5,2005-08-24
10092,1481364,3,2004-08-01
10092,137500,3,2004-12-03
10092,1396356,4,2005-09-30
10092,496711,5,2005-11-02
10092,818752,5,2004-07-20
10092,98586,5,2004-09-22
10092,1922324,5,2005-11-15
10092,387543,4,2005-11-20
10092,1517590,3,2004-06-03
10092,2600868,4,2004-02-15
10092,276617,4,2004-01-28
10092,1735877,5,2004-04-28
10092,1733976,2,2005-03-27
10092,894835,4,2005-10-03
10092,1404157,3,2004-01-28
10092,417597,5,2005-08-19
10092,2611526,4,2003-09-29
10092,1571988,4,2004-12-22
10092,1442559,3,2005-07-21
10092,1168119,3,2003-05-13
10092,2457095,2,2004-09-25
10092,2609478,5,2005-02-20
10092,1126015,5,2005-10-20
10092,1318548,4,2005-11-11
10092,733230,3,2003-07-25
10092,1809161,5,2004-08-10
10092,1285593,3,2003-04-27
10092,1814637,3,2005-08-16
10092,2026558,3,2005-12-06
10092,1163442,3,2005-07-12
10092,2505165,1,2004-10-22
10092,1424650,5,2004-11-01
10092,9734,2,2005-03-15
10092,1053121,3,2005-06-26
10092,1111021,5,2005-10-04
10092,632767,5,2005-12-20
10092,2568908,4,2003-09-08
10092,105221,5,2003-05-14
10092,1161417,4,2004-11-08
10092,2531844,4,2004-11-19
10092,2429730,5,2005-01-24
10092,1896861,5,2005-01-24
10092,597164,5,2005-08-11
10092,1044020,5,2004-10-19
10092,1569889,4,2005-06-17
10092,975931,5,2005-09-20
10092,1476635,4,2004-09-03
10092,2497019,4,2004-11-27
10092,1268424,3,2003-10-20
10092,160257,5,2004-11-06
10092,1374441,5,2005-06-06
10092,304756,5,2005-10-26
10092,1640206,5,2005-12-18
10092,107761,5,2005-05-06
10092,752094,4,2005-12-21
10092,2386418,3,2004-02-02
10092,1531490,3,2004-11-26
10092,1009089,5,2005-02-22
10092,826355,4,2005-04-07
10092,910342,5,2005-06-15
10092,556725,5,2005-07-17
10092,2578149,3,2003-05-13
10092,1276060,4,2005-09-08
10092,1368954,5,2004-08-02
10092,664256,4,2005-10-14
10092,1160227,5,2005-12-18
10092,1263857,4,2003-09-10
10092,492478,3,2003-03-03
10092,1306304,4,2004-02-09
10092,908892,4,2005-08-06
10092,2194079,5,2004-06-16
10092,1002249,3,2005-01-04
10092,1025279,4,2005-10-17
10092,1429913,4,2003-09-16
10092,341649,2,2004-09-02
10092,776385,5,2004-07-22
10092,986687,4,2005-04-16
10092,1031887,4,2005-06-27
10092,1500543,3,2005-09-16
10092,2636046,4,2005-07-08
10092,1414981,5,2004-05-06
10092,2176371,5,2004-12-01
10092,1958179,4,2005-01-19
10092,174107,5,2005-03-28
10092,1796842,4,2004-01-22
10092,1629734,4,2004-09-22
10092,1814635,3,2005-02-03
10092,1403778,5,2005-06-07
10092,2293511,4,2005-06-07
10092,879086,4,2005-10-02
10092,2279366,3,2004-01-02
10092,1530817,4,2003-11-17
10092,886362,5,2004-04-02
10092,1973244,5,2004-08-23
10092,1727273,4,2005-05-11
10092,1211238,5,2005-09-14
10092,1237290,4,2003-08-25
10092,2115291,5,2005-04-26
10092,2478523,5,2005-07-27
10092,916162,3,2004-04-14
10092,1019056,4,2003-11-28
10092,1332226,5,2004-12-07
10092,2291551,5,2005-05-02
10092,2586598,3,2003-04-22
10092,118746,2,2004-07-12
10092,2254112,4,2004-02-23
10092,1515900,5,2005-08-22
10092,2476584,5,2004-12-07
10092,1664010,5,2005-10-15
10092,1080929,5,2005-12-23
10092,2257296,4,2004-10-25
10092,2465967,4,2004-11-04
10092,787083,4,2005-03-23
10092,1885787,5,2003-03-05
10092,2248126,4,2004-01-13
10092,787658,3,2004-12-20
10092,1876964,4,2005-02-23
10092,1419286,4,2003-09-05
10092,1861793,5,2005-08-22
10092,595802,4,2004-12-21
10092,1821320,3,2004-09-16
10092,605803,4,2003-05-13
10092,1421905,4,2003-07-25
10092,2226380,5,2004-12-04
10092,543732,3,2004-04-28
10092,2520929,4,2003-09-05
10092,2550344,5,2005-08-30
10092,247474,5,2005-05-17
10092,436521,5,2005-09-17
10092,113821,4,2004-05-14
10092,2018908,5,2005-08-16
10092,1296679,2,2005-08-18
10092,674346,5,2005-04-29
10092,1595626,5,2005-11-14
10092,830680,5,2003-10-06
10092,2287580,3,2005-04-09
10092,1189210,5,2005-06-04
10092,127911,4,2005-10-12
10092,695869,4,2004-01-22
10092,2637702,4,2005-11-16
10092,1468126,3,2005-11-23
10092,2135891,5,2005-12-17
10092,1168397,3,2005-07-18
10092,1720313,5,2005-06-06
10092,16051,4,2005-12-23
10092,1419816,4,2004-01-31
10092,2122520,3,2003-10-14
10092,922032,4,2004-07-07
10092,1894895,4,2004-12-14
10092,2078484,3,2003-08-25
10092,580778,4,2004-11-23
10092,2511165,5,2005-06-20
10092,1623594,4,2005-09-28
10092,1094767,4,2005-11-06
10092,1964566,5,2005-12-11
10092,1054514,3,2005-08-08
10092,395096,4,2003-09-22
10092,628501,4,2004-04-10
10092,2627357,4,2004-05-07
10092,1894043,5,2005-03-01
10092,85929,4,2005-03-10
10092,147078,5,2005-06-25
10092,751228,4,2005-07-26
10092,2177405,3,2004-09-08
10092,122057,5,2005-12-06
10092,1308196,4,2003-03-21
10092,2161237,3,2003-04-24
10092,395373,4,2003-10-14
10092,942513,5,2005-08-25
10092,669553,4,2003-11-25
10092,1428452,4,2004-11-14
10092,655385,4,2005-09-17
10092,1961026,4,2003-08-21
10092,2060177,5,2003-10-10
10092,1114187,2,2003-05-06
10092,2177998,3,2004-01-11
10092,1589991,4,2005-02-21
10092,2555614,5,2005-03-11
10092,1582373,4,2005-10-21
10092,2626336,1,2004-01-09
10092,164837,3,2004-05-08
10092,2210044,3,2004-11-03
10092,1407307,5,2005-05-18
10092,1852594,3,2005-06-11
10092,432325,4,2005-07-08
10092,369718,4,2003-03-12
10092,1663717,4,2004-08-18
10092,2558726,5,2004-09-21
10092,952063,1,2004-10-13
10092,693162,4,2005-04-15
10092,722591,5,2005-08-16
10092,1122030,5,2004-08-22
10092,797889,5,2005-02-23
10092,593240,3,2005-03-04
10092,1320316,4,2005-04-07
10092,1835168,5,2005-09-13
10092,1637817,3,2003-07-21
10092,117368,4,2004-04-27
10092,2234279,5,2005-04-18
10092,1406311,5,2005-09-26
10092,2621293,4,2005-12-02
10092,2223839,5,2004-06-22
10092,1720225,5,2004-04-05
10092,2645276,5,2004-11-22
10092,26896,5,2005-08-04
10092,766602,2,2005-08-05
10092,2518168,4,2004-01-26
10092,718564,3,2004-11-05
10092,1359449,5,2004-12-23
10092,894876,4,2005-01-02
10092,877320,5,2005-09-16
10092,303748,5,2005-10-17
10092,2604501,5,2004-11-21
10092,2212895,4,2005-02-03
10092,1377693,3,2005-03-19
10092,2253583,2,2005-09-26
10092,115240,5,2005-07-21
10092,383642,5,2005-09-08
10092,1666213,1,2004-12-02
10092,123564,4,2005-09-29
10092,1483310,5,2005-08-03
10092,2072811,4,2005-08-26
10092,1096051,4,2004-10-29
10092,1932315,4,2005-10-26
10092,2124730,3,2005-11-13
10092,2210867,5,2005-11-23
10092,1013156,4,2005-08-02
10092,1641866,4,2004-12-02
10092,1851746,3,2005-09-23
10092,574834,5,2005-07-12
10092,2262288,5,2004-05-28
10092,1443099,3,2005-02-12
10092,2504054,4,2005-04-23
10092,588344,5,2005-05-06
10092,753698,5,2005-12-27
10092,745651,4,2005-07-26
10092,1389295,4,2005-08-03
10092,1644709,5,2004-09-12
10092,1147583,5,2004-12-15
10092,585424,5,2005-02-20
10092,761998,4,2004-09-28
10092,2248675,4,2004-11-23
10092,887873,4,2004-07-27
10092,587610,4,2005-07-22
10092,1600319,4,2005-07-23
10092,1146000,4,2003-03-29
10092,565070,5,2003-07-11
10092,1827130,4,2004-01-03
10092,1199611,5,2005-08-29
10092,647979,4,2005-04-10
10092,2359735,4,2005-06-22
10092,198459,3,2004-03-31
10092,2127108,4,2005-07-29
10092,583901,3,2003-11-25
10092,1511623,4,2005-04-29
10092,146794,4,2005-11-14
10092,1871917,5,2005-12-24
10092,803330,4,2004-08-18
10092,2410614,5,2005-10-30
10092,789014,1,2003-02-11
10092,798296,3,2003-02-21
10092,633054,5,2004-09-16
10092,1400858,5,2005-09-21
10092,2376413,4,2004-02-23
10092,2626197,4,2005-05-13
10092,1311916,4,2005-09-15
10092,2110951,2,2004-04-26
10092,205333,3,2005-07-25
10092,1397082,4,2004-09-16
10092,1539282,2,2004-12-20
10092,912340,5,2004-12-29
10092,829112,4,2005-05-06
10092,22019,5,2003-09-29
10092,738379,3,2004-10-27
10092,1082332,3,2005-11-03
10092,2412149,5,2005-07-29
10092,1172584,1,2003-04-03
10092,107166,5,2005-01-01
10092,2443463,4,2005-07-25
10092,1115615,4,2004-09-30
10092,1833332,4,2005-01-19
10092,1592266,4,2005-04-04
10092,151153,5,2004-06-12
10092,48646,5,2005-04-25
10092,1540482,4,2005-09-12
10092,827526,5,2005-05-17
10092,953778,5,2005-06-01
10092,305344,2,2003-03-23
10092,1437035,3,2005-12-14
10092,2449279,4,2004-12-16
10092,1791121,4,2005-10-03
10092,747842,4,2005-10-05
10092,1333864,4,2005-10-17
10092,2576701,4,2005-11-30
10092,2516973,4,2003-09-16
10092,1068848,5,2004-01-26
10092,1835080,3,2005-09-21
10092,1710658,4,2005-11-15
10092,10251,4,2004-06-25
10092,686140,4,2005-05-31
10092,1523710,5,2005-06-03
10092,1215460,5,2005-10-18
10092,2147527,2,2005-11-18
10092,311065,4,2005-03-23
10092,2573464,5,2005-08-16
10092,859068,5,2004-05-03
10092,793736,5,2004-08-23
10092,651230,1,2005-05-26
10092,1636337,4,2005-11-14
10092,333573,4,2004-04-09
10092,2375058,4,2004-06-21
10092,2239532,5,2005-04-03
10092,79835,5,2005-06-24
10092,1925427,4,2005-09-29
10092,928059,4,2004-01-25
10092,1327840,4,2004-05-27
10092,138835,3,2005-09-15
10092,1769515,3,2005-09-22
10092,1462211,4,2004-01-05
10092,2099003,4,2004-12-15
10092,2498718,3,2005-03-23
10092,2593645,4,2005-04-21
10092,2150746,4,2005-07-05
10092,1659792,4,2004-09-20
10092,2635015,4,2005-06-03
10092,1885422,5,2005-09-11
10092,1583872,5,2005-10-12
10092,1749056,3,2004-01-26
10092,502405,4,2005-09-06
10092,2156499,3,2005-12-06
10092,889687,4,2005-02-25
10092,1252595,5,2005-05-18
10092,2074612,5,2005-10-09
10092,1766478,3,2005-12-23
10092,2547861,4,2004-11-23
10092,1256692,4,2005-02-28
10092,1814580,4,2005-06-09
10092,2348261,3,2005-10-03
10092,2551352,4,2004-09-10
10092,481238,4,2005-11-18
10092,1623720,5,2005-08-28
10092,1508018,5,2004-04-14
10092,2332114,5,2005-09-20
10092,478295,4,2005-11-01
10092,2405235,5,2005-11-16
10092,453940,5,2005-08-07
10092,795510,4,2004-11-22
10092,1092280,5,2003-07-01
10092,855463,3,2003-04-17
10092,893844,4,2004-08-20
10092,224348,5,2004-04-27
10092,2583389,4,2005-05-03
10092,1783762,5,2005-05-12
10092,1844547,4,2005-06-16
10092,901294,4,2005-09-13
10092,668597,4,2005-12-30
10092,127165,4,2005-07-11
10092,2573432,3,2003-09-19
10092,337793,3,2005-07-29
10092,2134965,4,2005-01-23
10092,544778,3,2004-10-04
10092,2614949,5,2004-10-21
10092,128989,3,2005-01-10
10092,2035541,4,2005-04-20
10092,2192829,5,2005-11-23
10092,2156845,3,2005-03-19
10092,1348202,4,2005-04-19
10092,2095899,5,2003-08-23
10092,345388,3,2005-05-12
10092,1274966,5,2005-12-16
10092,2418277,3,2004-04-07
10092,1984087,5,2005-04-01
10092,1526365,4,2004-03-25
10092,118726,3,2005-06-08
10092,121182,3,2003-02-11
10092,91176,3,2003-04-01
10092,2013891,4,2004-09-07
10092,673543,3,2004-02-11
10092,1753554,4,2004-12-22
10092,960786,3,2005-04-04
10092,140561,4,2005-06-29
10092,2056022,2,2005-11-06
10092,1051473,4,2003-06-23
10092,2526533,3,2004-07-21
10092,1084669,5,2004-08-14
10092,354581,3,2004-05-18
10092,194688,5,2004-09-15
10092,2258293,4,2004-12-17
10092,2534070,4,2004-12-28
10092,1948253,3,2004-12-28
10092,2540516,3,2005-09-26
10092,2175485,5,2005-09-27
10092,1764201,3,2003-08-11
10092,1743240,4,2003-11-26
10092,1736437,5,2003-08-06
10092,896279,3,2003-10-24
10092,1569852,3,2004-12-16
10092,478715,5,2005-01-27
10092,2075165,4,2005-09-30
10092,300819,4,2005-11-25
10092,2569841,5,2004-08-10
10092,2460587,4,2005-02-14
10092,1764433,1,2005-03-17
10092,1368404,5,2003-07-10
10092,1132784,4,2005-07-18
10092,1571999,4,2005-07-28
10092,1803657,4,2005-07-29
10092,2545709,4,2004-04-06
10092,1509285,5,2005-11-08
10092,2129231,4,2005-09-28
10092,432404,4,2005-08-05
10092,1359607,4,2003-10-30
10092,1037705,5,2005-08-23
10092,961675,4,2004-09-25
10092,1046365,4,2005-04-03
10092,22718,5,2005-05-14
10092,2344901,4,2005-06-26
10092,1745399,5,2005-09-14
10092,1071153,5,2003-08-23
10092,1895361,4,2003-04-18
10092,1042848,5,2004-02-09
10092,675585,4,2004-10-27
10092,772486,5,2005-02-27
10092,2133714,5,2005-05-25
10092,800924,5,2005-10-15
10092,71743,4,2003-03-29
10092,1365783,4,2005-03-09
10092,1923690,4,2005-03-21
10092,38464,5,2004-11-18
10092,1051546,3,2005-02-10
10092,1265998,5,2005-05-08
10092,2611698,4,2005-06-02
10092,181364,5,2005-10-02
10092,2118461,4,2005-10-24
10092,2126435,4,2005-10-25
10092,1407394,3,2003-09-08
10092,1822560,5,2004-09-08
10092,1425596,4,2005-06-23
10092,1072585,4,2005-06-24
10092,197472,4,2005-11-28
10092,2538567,4,2005-07-22
10092,424947,4,2003-06-19
10092,479087,5,2005-03-20
10092,632420,5,2005-09-03
10092,387418,2,2003-11-12
10092,1580200,5,2004-10-27
10092,1543836,3,2003-04-28
10092,645522,4,2005-07-26
10092,1107303,5,2003-06-24
10092,154698,4,2004-11-11
10092,186806,4,2004-11-23
10092,2471266,4,2005-02-13
10092,1624556,4,2005-09-26
10092,1250802,4,2005-10-11
10092,348960,2,2005-09-09
10092,107909,4,2004-04-22
10092,1279001,3,2005-01-06
10092,2334398,4,2003-10-08
10092,1281276,4,2004-01-17
10092,1391510,5,2004-11-24
10092,371250,4,2004-12-27
10092,169137,5,2005-05-29
10092,215259,3,2005-12-28
10092,2464105,4,2005-07-28
10092,727434,4,2003-11-09
10092,236121,5,2005-08-28
10092,1484284,5,2004-09-10
10092,873478,1,2005-04-20
10092,1951856,5,2005-06-30
10092,785992,4,2003-10-14
10092,1173399,2,2003-03-31
10092,347428,4,2005-04-30
10092,1409759,5,2005-05-24
10092,1600098,4,2005-11-08
10092,2536069,2,2005-07-21
10092,2120970,4,2005-08-23
10092,1498772,4,2004-11-15
10092,402846,4,2004-12-03
10092,1351073,5,2005-02-12
10092,270477,5,2005-03-26
10092,261101,3,2005-05-14
10092,1663888,3,2003-12-11
10092,159776,5,2003-09-29
10092,2283774,5,2005-01-02
10092,2096620,4,2005-01-19
10092,2078431,4,2005-03-17
10092,1461435,1,2003-04-13
10092,1180460,5,2005-07-29
10092,531010,4,2005-08-08
10092,219807,4,2005-10-31
10092,790255,5,2005-12-28
10092,1944413,3,2003-12-19
10092,751834,5,2004-06-30
10092,1422373,4,2005-03-13
10092,1889371,5,2005-06-27
10092,2257126,5,2005-12-22
10092,1877070,4,2005-07-08
10092,372743,4,2005-07-08
10092,1714743,4,2003-08-30
10092,2014667,5,2004-06-08
10092,2394623,4,2004-11-05
10092,792879,5,2005-02-03
10092,403948,5,2005-03-08
10092,1783142,5,2005-12-02
10092,2605240,5,2005-07-19
10092,1639792,1,2003-02-12
10092,1127081,4,2003-03-06
10092,1472221,4,2004-05-12
10092,1353208,4,2004-06-22
10092,288127,4,2005-11-06
10092,1845870,3,2004-05-25
10092,57633,2,2003-02-11
10092,814013,3,2003-04-16
10092,833454,3,2005-01-13
10092,1913970,5,2005-03-01
10092,2050120,4,2003-04-02
10092,154129,4,2003-04-28
10092,377329,4,2003-09-13
10092,2322687,4,2004-12-06
10092,1216880,4,2005-02-13
10092,518137,3,2005-09-19
10092,2196251,5,2005-09-25
10092,2460347,1,2005-12-19
10092,740397,4,2003-09-16
10092,1297529,4,2004-12-01
10092,884578,5,2005-10-30
10092,146587,4,2003-05-15
10092,1361614,5,2003-11-28
10092,1250155,4,2004-06-25
10092,928992,4,2004-12-15
10092,2125956,5,2005-08-09
10092,1906240,4,2004-05-03
10092,1546243,4,2003-07-28
10092,2612288,3,2005-08-23
10092,2080494,4,2004-11-03
10092,1417296,5,2003-08-27
10092,1541053,5,2005-08-22
10092,791733,5,2004-02-29
10092,743660,4,2005-09-25
10092,316155,5,2004-09-09
10092,1119665,1,2003-10-09
10092,1397235,4,2005-02-20
10092,805373,5,2005-02-23
10092,775020,5,2005-02-25
10092,1563854,4,2004-04-26
10092,1508067,4,2003-08-16
10092,1023208,3,2004-05-14
10092,1139853,5,2004-08-04
10092,11452,5,2004-10-04
10092,1184388,3,2005-07-18
10092,1396655,4,2004-04-28
10092,2010898,3,2005-06-17
10092,875448,5,2005-10-25
10092,2429294,5,2005-12-17
10092,1603468,5,2004-08-05
10092,588249,5,2004-11-11
10092,206893,5,2004-11-29
10092,192009,5,2004-12-19
10092,1566816,5,2005-03-02
10092,176685,4,2005-03-13
10092,1764962,5,2004-02-22
10092,622093,3,2005-10-12
10092,1346168,4,2005-11-02
10092,92161,3,2004-07-19
10092,2115020,3,2005-02-02
10092,1955915,4,2005-02-22
10092,121369,4,2005-03-03
10092,1114063,4,2005-03-16
10092,1875322,3,2005-09-16
10092,1544723,5,2004-02-21
10092,1455309,5,2004-01-08
10092,712096,4,2005-04-14
10092,769979,5,2005-12-26
10092,1790158,5,2005-08-01
10092,1300759,4,2004-09-14
10092,967438,5,2004-01-16
10092,1470700,4,2003-10-07
10092,1979058,4,2003-07-21
10092,2051123,5,2004-10-03
10092,73079,4,2004-11-21
10092,596062,3,2005-01-10
