17379,716091,5,2004-02-25
17379,1990901,5,2002-12-03
17379,306466,4,2003-10-02
17379,765331,3,2003-09-09
17379,1945809,4,2002-11-23
17379,1109700,3,2004-01-22
17379,785314,3,2004-04-06
17379,1331887,4,2003-09-22
17379,577397,2,2004-01-14
17379,1276913,3,2003-08-05
17379,656399,2,2003-05-20
17379,1174530,3,2003-07-08
17379,2543563,3,2004-01-11
17379,2583857,2,2003-07-24
17379,779760,4,2005-09-13
17379,1141370,5,2004-02-07
17379,1294425,1,2003-11-13
17379,530441,2,2003-12-01
17379,2007993,2,2004-02-13
17379,1242432,3,2004-07-12
17379,955538,3,2004-11-12
17379,2439005,2,2005-02-01
17379,1645486,3,2004-03-19
17379,163546,5,2005-07-09
17379,1543292,5,2003-04-24
17379,1313436,4,2003-10-01
17379,247794,3,2003-03-06
17379,876018,4,2004-03-17
17379,2519847,3,2003-07-09
17379,1640534,2,2003-07-14
17379,524654,3,2004-03-29
17379,1550976,4,2003-12-05
17379,661114,5,2004-02-22
17379,574843,3,2005-04-14
17379,996219,4,2005-11-16
17379,603277,3,2002-08-31
17379,2450252,3,2002-11-16
17379,1648646,3,2003-02-24
17379,2161899,3,2002-08-16
17379,908205,3,2003-10-24
17379,466689,4,2003-09-15
17379,652121,3,2004-01-19
17379,1969251,3,2004-01-26
17379,208386,3,2004-06-01
17379,1933853,3,2004-12-09
17379,1134700,3,2005-07-01
17379,931005,3,2005-10-19
17379,13334,3,2005-11-30
17379,2344483,3,2002-11-09
17379,2565462,3,2003-12-09
17379,1981733,3,2003-12-12
17379,2512785,3,2002-10-04
17379,633998,5,2002-11-26
17379,1409469,4,2004-06-24
17379,1213587,4,2003-07-31
17379,818736,3,2005-12-29
17379,1951144,4,2004-03-25
17379,1393236,1,2004-08-22
17379,1291357,4,2005-04-11
17379,2560737,2,2005-09-19
17379,1446018,4,2005-11-02
17379,1810235,4,2005-12-15
17379,624145,2,2003-11-26
17379,2242958,3,2003-03-23
17379,1977959,5,2002-07-31
17379,2439795,3,2002-12-22
17379,462231,2,2004-01-30
17379,190249,5,2004-02-10
17379,1571675,4,2004-06-22
17379,2025375,3,2004-04-01
17379,259348,3,2004-04-06
17379,937141,5,2004-07-22
17379,1759189,3,2003-12-16
17379,489962,3,2004-10-31
17379,1303770,3,2005-02-10
17379,152285,4,2005-09-09
17379,686540,4,2005-10-26
17379,2210014,2,2002-11-27
17379,454575,3,2004-03-22
17379,232270,4,2003-09-11
17379,1562675,2,2003-06-25
17379,789846,3,2004-03-29
17379,216062,3,2004-04-27
17379,2030845,4,2004-03-26
17379,2294267,3,2004-10-04
17379,2183726,3,2004-10-06
17379,2644747,3,2005-02-23
17379,1218030,4,2005-03-02
17379,1268197,3,2005-09-03
17379,1451137,3,2005-09-29
17379,1328723,4,2005-11-08
17379,544673,4,2003-11-18
17379,2402990,1,2003-01-21
17379,2443756,3,2004-04-21
17379,333277,4,2002-11-12
17379,41329,4,2002-12-30
17379,959577,3,2003-02-18
17379,82117,4,2004-02-03
17379,679412,1,2004-04-15
17379,176907,5,2004-03-12
17379,1517471,4,2003-12-22
17379,2541025,1,2004-05-31
17379,499718,4,2004-03-06
17379,29000,2,2004-05-03
17379,2206505,3,2005-03-12
17379,2114851,5,2005-04-11
17379,1105269,4,2005-10-01
17379,447407,2,2005-10-18
17379,1629710,1,2005-11-16
17379,821005,5,2003-07-17
17379,1180552,2,2005-07-26
17379,2409037,1,2003-02-11
17379,1261446,2,2005-08-02
17379,1805061,2,2004-05-13
17379,1684328,2,2004-02-09
17379,847322,5,2003-06-27
17379,2226250,3,2003-12-22
17379,2527572,3,2004-03-08
17379,1630930,4,2003-12-21
17379,2156736,1,2004-01-10
17379,2466356,2,2004-09-21
17379,2281026,3,2005-02-01
17379,1224299,3,2005-03-18
17379,2244849,3,2005-03-26
17379,1769834,3,2005-04-04
17379,899412,4,2005-10-31
17379,1492122,3,2003-09-24
17379,933168,5,2003-07-25
17379,2266857,3,2003-03-09
17379,876850,5,2004-03-27
17379,2518195,4,2003-02-24
17379,175468,3,2003-03-26
17379,1010923,3,2004-02-10
17379,442234,4,2003-03-24
17379,1592937,3,2004-05-10
17379,1808930,4,2004-10-25
17379,1917740,4,2004-12-11
17379,753461,3,2005-11-23
17379,2554745,4,2003-05-07
17379,904369,4,2003-09-24
17379,945258,3,2002-10-01
17379,1146220,4,2003-02-13
17379,1458453,3,2003-05-21
17379,1227322,1,2003-07-02
17379,1707390,3,2003-11-24
17379,1990523,4,2004-01-17
17379,1505900,2,2004-07-19
17379,2585605,2,2005-01-27
17379,1854240,5,2005-02-17
17379,2596383,3,2005-10-07
17379,2412767,5,2005-12-09
17379,1338075,4,2004-02-19
17379,431732,3,2003-09-19
17379,2186436,3,2003-03-12
17379,1767208,2,2003-11-14
17379,1220170,2,2003-10-16
17379,1927897,4,2004-04-12
17379,2203244,2,2004-01-11
17379,1077945,3,2004-04-13
17379,1078112,3,2004-02-23
17379,1805888,4,2005-01-05
17379,1277457,2,2005-06-28
17379,2419406,3,2003-10-23
17379,1823259,2,2003-11-11
17379,2294864,2,2005-07-23
17379,2070372,4,2003-05-28
17379,929308,4,2002-10-13
17379,323614,5,2002-10-03
17379,788408,4,2003-12-05
17379,65027,4,2004-07-12
17379,1106301,2,2004-01-07
17379,1380479,5,2003-10-04
17379,61472,3,2003-09-11
17379,2142313,2,2003-09-11
17379,166977,3,2003-10-14
17379,1130826,4,2004-01-22
17379,1154813,1,2004-04-30
17379,1760666,1,2004-08-24
17379,631636,3,2004-10-03
17379,786312,3,2004-11-06
17379,1527895,3,2004-11-16
17379,1197233,1,2004-12-29
17379,960023,3,2002-10-13
17379,2479632,5,2004-01-11
17379,2301393,2,2003-11-05
17379,2056324,1,2003-07-28
17379,1591568,4,2005-08-20
17379,2473345,3,2003-06-22
17379,2294536,2,2004-02-24
17379,1275470,4,2004-04-04
17379,1193487,3,2004-03-24
17379,490244,4,2005-06-30
17379,2429925,4,2002-12-07
17379,129952,3,2002-11-09
17379,66109,2,2003-01-18
17379,257118,5,2004-02-10
17379,2102030,4,2003-02-12
17379,13885,2,2003-04-04
17379,385977,1,2003-12-15
17379,2069433,5,2003-10-24
17379,845196,1,2004-03-24
17379,582087,4,2004-03-22
17379,311641,1,2004-06-28
17379,570414,4,2004-07-14
17379,178588,3,2005-03-11
17379,1031767,4,2005-11-28
17379,2387961,4,2004-03-30
17379,328364,5,2002-08-01
17379,1047797,2,2004-05-25
17379,2566515,2,2003-08-15
17379,1816089,4,2003-03-04
17379,2386920,4,2004-03-25
17379,1840435,2,2004-04-16
17379,2553297,2,2003-02-15
17379,762999,4,2003-09-07
17379,2096587,5,2004-03-20
17379,393158,5,2003-12-25
17379,1453667,3,2005-09-04
17379,1009622,3,2003-11-06
17379,2525867,3,2004-01-10
17379,2633013,3,2003-11-23
17379,930194,1,2004-01-30
17379,1453970,3,2004-08-02
17379,604496,1,2004-10-18
17379,2179904,3,2004-12-01
17379,2358420,5,2005-03-19
17379,1857860,4,2005-05-31
17379,604396,3,2005-06-02
17379,2501391,4,2005-07-10
17379,1054626,3,2003-04-29
17379,1845970,4,2003-06-23
17379,1500479,2,2003-11-03
17379,1686846,3,2004-09-17
17379,845653,3,2003-03-11
17379,2104131,4,2003-12-13
17379,755031,4,2004-04-16
17379,1716910,1,2004-01-24
17379,1354954,5,2004-02-02
17379,636708,4,2004-04-20
17379,1784150,3,2005-03-27
17379,2528088,4,2005-04-19
17379,1294445,5,2003-07-09
17379,288956,5,2005-07-28
17379,1149582,3,2004-04-17
17379,1952473,3,2004-07-18
17379,297901,4,2004-02-25
17379,664104,3,2003-12-28
17379,923889,2,2004-04-09
17379,1714902,3,2004-01-14
17379,885087,3,2004-04-27
17379,1266882,4,2005-10-07
17379,2416491,3,2005-08-04
17379,717404,3,2004-01-22
17379,2601782,2,2003-05-13
17379,334004,3,2003-01-14
17379,1559022,5,2003-09-22
17379,1749238,3,2005-08-15
17379,505375,3,2004-03-15
17379,1053405,2,2004-03-23
17379,2085613,2,2005-09-28
17379,1023101,2,2003-11-10
17379,1107636,4,2002-11-14
17379,280978,5,2004-01-15
17379,374858,1,2004-03-18
17379,95997,3,2004-06-10
17379,2586001,4,2005-09-20
17379,23421,4,2005-12-31
17379,1799995,4,2004-01-18
17379,2135038,4,2004-04-23
17379,1389458,4,2003-09-06
17379,106135,4,2003-12-08
17379,973219,2,2004-03-06
17379,1395543,4,2002-10-17
17379,645523,3,2004-03-16
17379,2296095,3,2004-03-10
17379,1777888,4,2003-07-29
17379,1652711,1,2003-11-05
17379,182726,5,2004-01-26
17379,1314255,5,2004-06-28
17379,1001129,2,2004-10-29
17379,2568773,1,2004-12-13
17379,2291972,3,2005-06-23
17379,2280881,4,2003-04-27
17379,468031,5,2003-10-18
17379,1220431,3,2005-12-27
17379,2604976,2,2003-12-08
17379,1781445,3,2002-09-01
17379,486437,1,2002-11-02
17379,1535655,4,2003-05-14
17379,955706,2,2003-02-26
17379,2187111,1,2004-03-23
17379,174580,3,2005-08-27
17379,2239241,5,2004-06-28
17379,2289273,3,2004-04-22
17379,503235,3,2004-10-07
17379,753836,4,2004-10-19
17379,1449107,3,2005-03-14
17379,1276355,3,2005-06-11
17379,176175,2,2004-04-03
17379,1447639,4,2002-08-16
17379,1242367,1,2003-08-19
17379,1413448,2,2004-02-26
17379,1194898,3,2003-06-24
17379,1103969,2,2003-12-04
17379,1597177,1,2004-05-05
17379,1927580,4,2004-02-03
17379,155885,4,2004-11-01
17379,2262115,3,2005-01-10
17379,2087505,2,2004-05-06
17379,2162539,2,2003-05-18
17379,2095132,2,2004-04-05
17379,1954946,1,2004-02-26
17379,1196853,4,2003-11-29
17379,1902577,3,2004-01-23
17379,779144,1,2004-03-07
17379,1247473,3,2004-03-15
17379,715558,4,2004-07-23
17379,1700252,2,2004-08-24
17379,2237950,4,2004-04-08
17379,2196366,4,2005-04-06
17379,1243057,4,2005-05-16
17379,1714564,5,2005-10-03
17379,2253160,3,2005-10-28
17379,706414,3,2005-12-02
17379,714559,2,2003-04-20
17379,553787,5,2003-01-13
17379,1012629,2,2002-11-13
17379,629358,5,2003-01-23
17379,349572,2,2005-07-25
17379,1583994,3,2002-07-31
17379,1371795,3,2003-09-24
17379,232257,4,2003-07-15
17379,2262375,4,2004-01-26
17379,295718,1,2004-01-05
17379,2224570,2,2004-09-06
17379,2100359,4,2003-12-28
17379,2195747,4,2004-02-20
17379,1966354,4,2004-03-25
17379,2633306,4,2004-04-05
17379,2587280,1,2004-03-22
17379,1897862,4,2005-01-20
17379,1847587,4,2005-05-23
17379,1895205,4,2005-09-07
17379,178819,2,2005-10-08
17379,1099072,4,2002-08-17
17379,746211,4,2003-10-07
17379,1134816,3,2003-07-30
17379,727242,1,2003-12-10
17379,458967,4,2002-10-22
17379,1425875,3,2003-02-15
17379,581199,3,2003-07-17
17379,1441131,3,2003-07-09
17379,252925,3,2003-10-14
17379,187896,3,2004-08-19
17379,2415289,5,2004-07-18
17379,2097024,2,2005-04-11
17379,124611,4,2005-04-16
17379,1182454,4,2005-05-09
17379,80683,4,2003-03-17
17379,1030857,1,2004-03-20
17379,2330565,3,2003-07-08
17379,1997103,2,2003-09-04
17379,24449,4,2003-03-27
17379,327232,3,2003-01-16
17379,1167572,3,2005-08-13
17379,474700,4,2003-09-06
17379,2467486,1,2005-08-23
17379,1621546,1,2004-04-22
17379,631404,4,2003-10-12
17379,1041401,3,2003-12-15
17379,412836,4,2004-03-06
17379,443193,3,2005-06-15
17379,852097,4,2005-06-30
17379,2642530,2,2005-07-06
17379,2375964,1,2003-08-21
17379,1291611,3,2002-10-31
17379,910768,3,2003-02-17
17379,2535601,3,2003-04-16
17379,1082979,2,2004-07-17
17379,1766900,4,2003-12-04
17379,283675,1,2003-12-29
17379,854751,1,2004-03-31
17379,322878,4,2005-05-20
17379,1502698,3,2005-09-07
17379,1155404,2,2003-02-24
17379,1244918,3,2004-02-10
17379,91050,4,2003-02-18
17379,1788346,3,2003-05-14
17379,1858421,3,2004-03-09
17379,1383811,3,2003-11-07
17379,1918316,3,2004-01-21
17379,2294128,3,2004-01-22
17379,2392187,1,2004-04-28
17379,769670,3,2004-09-21
17379,793467,1,2004-11-08
17379,278650,2,2004-12-07
17379,1949490,2,2005-11-05
17379,962466,5,2005-11-09
17379,2637629,3,2003-05-13
17379,2015481,5,2005-02-20
17379,609087,3,2004-03-23
17379,299464,4,2003-07-27
17379,2586407,2,2003-11-20
17379,1503604,4,2003-08-21
17379,519965,3,2004-01-09
17379,404199,4,2004-05-12
17379,2329026,4,2004-03-25
17379,1301583,3,2004-04-30
17379,273019,5,2004-12-01
17379,1892530,4,2005-01-24
17379,1637405,5,2005-09-28
17379,835847,5,2003-06-08
17379,1792741,4,2002-10-13
17379,666699,3,2004-01-15
17379,858814,3,2003-12-13
17379,1098431,2,2003-09-18
17379,1078129,2,2004-02-28
17379,837202,3,2003-02-18
17379,947769,3,2004-08-09
17379,682217,4,2004-01-03
17379,1314869,3,2004-04-13
17379,2592584,3,2004-05-30
17379,1418569,3,2005-06-02
17379,2244589,3,2003-11-13
17379,338368,4,2002-12-10
17379,295182,5,2004-02-24
17379,1261084,3,2003-10-14
17379,288334,5,2004-04-13
17379,2115271,4,2004-01-07
17379,2624474,3,2003-07-02
17379,1324727,3,2003-01-22
17379,1566134,4,2003-11-07
17379,1703879,4,2004-05-22
17379,2353394,4,2003-09-28
17379,2496492,3,2003-11-30
17379,1457486,4,2003-11-13
17379,305018,1,2004-03-05
17379,1605633,2,2004-04-13
17379,843971,4,2005-01-19
17379,1232164,4,2005-01-31
17379,772658,2,2005-06-18
17379,574499,5,2005-12-12
17379,2192675,3,2005-12-17
17379,701615,2,2003-11-24
17379,486813,3,2003-09-14
17379,2412709,1,2003-09-03
17379,1601449,5,2004-02-27
17379,1880844,4,2005-02-09
17379,126230,3,2005-12-13
17379,1384495,4,2005-07-11
17379,2029758,3,2004-04-11
17379,2237185,5,2002-10-04
17379,2103199,4,2004-01-08
17379,2111183,4,2004-02-18
17379,1081292,3,2003-02-27
17379,1444297,4,2004-01-16
17379,1166912,2,2003-05-26
17379,974823,3,2004-02-15
17379,2089742,5,2003-12-05
17379,1395849,1,2004-05-07
17379,386254,5,2004-11-19
17379,2115962,4,2005-09-30
17379,782611,2,2003-02-24
17379,1592631,4,2003-11-08
17379,1025522,4,2003-06-12
17379,1187113,4,2003-01-14
17379,1532433,4,2003-03-04
17379,2002671,3,2003-02-12
17379,2195441,4,2004-02-03
17379,2484944,2,2003-08-30
17379,2062350,2,2003-06-17
17379,601479,2,2003-10-22
17379,645245,3,2004-02-17
17379,846040,4,2003-12-06
17379,599880,5,2004-03-15
17379,1011918,3,2004-09-13
17379,1733418,2,2004-10-10
17379,1179522,4,2005-01-29
17379,1152529,4,2005-03-26
17379,1779192,4,2005-06-27
17379,137163,5,2005-10-20
17379,2490130,3,2002-09-07
17379,1139570,3,2002-11-11
17379,2094693,3,2005-07-18
17379,2012686,2,2004-01-06
17379,2591503,5,2002-12-30
17379,187322,3,2004-08-17
17379,737667,2,2003-04-03
17379,1970006,3,2003-09-16
17379,1683621,4,2003-10-25
17379,2077168,3,2003-11-25
17379,1029489,1,2003-12-22
17379,985442,5,2005-05-02
17379,428831,1,2005-06-23
17379,367344,5,2005-10-03
17379,1157288,4,2005-11-13
17379,2354449,4,2005-12-01
17379,989579,4,2004-02-08
17379,1599174,5,2004-01-31
17379,2439493,1,2003-05-26
17379,1968107,4,2002-10-08
17379,2452476,3,2003-08-13
17379,1142880,3,2003-11-21
17379,892278,4,2004-02-14
17379,1356923,3,2004-07-02
17379,1329759,2,2004-11-24
17379,1444103,4,2004-12-28
17379,688751,2,2005-01-26
17379,640464,3,2005-03-21
17379,1054542,3,2005-05-14
17379,2471102,5,2005-10-05
17379,1417564,3,2003-10-31
17379,1476006,3,2004-09-28
17379,1758848,1,2004-01-03
17379,1637804,3,2005-08-22
17379,2474245,3,2004-01-26
17379,109074,3,2003-07-23
17379,856056,1,2003-11-12
17379,2398984,2,2004-01-02
17379,307320,4,2003-10-09
17379,1034714,2,2004-03-19
17379,1062260,4,2004-04-13
17379,1398350,4,2004-05-24
17379,2485994,4,2004-08-27
17379,1386457,1,2005-09-27
17379,2377724,3,2003-04-11
17379,2576954,4,2003-07-28
17379,1684232,2,2003-10-03
17379,66754,2,2003-03-25
17379,36175,3,2002-08-16
17379,1598514,3,2002-08-22
17379,693990,4,2004-03-23
17379,116726,2,2003-09-18
17379,556006,4,2003-09-04
17379,1306528,4,2004-02-28
17379,71039,4,2005-06-16
17379,147386,3,2005-06-26
17379,1087944,4,2003-09-15
17379,363980,4,2002-09-12
17379,225338,3,2004-01-05
17379,844242,2,2003-11-01
17379,1615548,4,2003-12-24
17379,2052691,2,2004-02-19
17379,69865,4,2003-08-19
17379,2053984,4,2004-05-27
17379,1622051,4,2004-01-15
17379,1797825,4,2004-03-21
17379,2442531,3,2005-01-19
17379,1727197,3,2005-03-05
17379,1917946,1,2005-03-08
17379,72451,4,2005-03-29
17379,2185448,2,2005-11-23
17379,1801528,3,2005-12-16
17379,666852,1,2005-12-27
17379,1470890,4,2003-03-05
17379,1073450,5,2004-08-13
17379,94746,5,2003-05-31
17379,496118,3,2003-12-17
17379,2046161,2,2003-10-27
17379,2374644,5,2003-09-18
17379,124699,3,2003-12-20
17379,1712930,4,2003-05-10
17379,1503836,5,2003-07-17
17379,40249,3,2005-09-02
17379,1985841,4,2004-01-09
17379,1748269,3,2003-12-14
17379,1173243,4,2004-03-10
17379,1318378,3,2004-03-24
17379,1825361,1,2004-09-18
17379,2642209,3,2005-01-25
17379,2174682,2,2005-03-14
17379,1946021,4,2002-09-18
17379,1421218,3,2004-01-13
17379,2537605,4,2004-02-24
17379,2546942,4,2003-05-04
17379,1574503,4,2003-07-17
17379,2618891,1,2004-03-30
17379,831494,3,2004-06-25
17379,174783,2,2005-02-25
17379,900245,4,2005-05-21
17379,525168,3,2005-11-11
17379,1771397,5,2005-11-26
17379,861862,3,2003-07-11
17379,2023883,4,2002-09-19
17379,2624179,4,2003-08-18
17379,2233153,4,2004-01-17
17379,443203,1,2004-06-09
17379,558830,3,2004-04-19
17379,215948,4,2004-04-21
17379,2290761,3,2004-04-27
17379,1631532,4,2004-09-24
17379,2161523,5,2004-02-02
17379,2369086,3,2004-07-12
17379,1243653,3,2004-07-27
17379,318457,4,2003-12-19
17379,592734,4,2004-03-25
17379,251967,2,2004-03-03
17379,536888,3,2003-12-27
17379,1045223,5,2004-04-04
17379,1770658,3,2004-03-01
17379,342727,4,2004-01-03
17379,870631,2,2004-02-15
17379,1139937,4,2004-04-29
17379,2454567,3,2004-10-11
17379,706425,5,2005-02-14
17379,469045,5,2005-04-04
17379,524295,3,2005-04-12
17379,2252784,3,2004-01-17
17379,1928290,3,2005-07-15
17379,29414,4,2004-01-06
17379,50123,4,2003-08-20
17379,1414013,3,2004-08-25
17379,1508161,2,2004-03-04
17379,2612172,2,2003-08-22
17379,1692674,4,2004-05-20
17379,2495253,3,2004-05-02
17379,1176119,3,2003-11-24
17379,222518,3,2004-02-13
17379,2028120,2,2005-03-02
17379,1504503,5,2005-04-10
17379,2599262,5,2005-10-19
17379,1149883,4,2002-11-09
17379,387907,5,2004-03-07
17379,1575334,3,2003-09-11
17379,1918332,4,2003-07-03
17379,668042,3,2003-05-13
17379,1860956,2,2002-08-20
17379,559741,4,2003-10-17
17379,2531507,4,2003-02-11
17379,2523426,4,2004-03-03
17379,828444,3,2004-10-22
17379,1692897,4,2004-11-22
17379,481049,2,2005-09-26
17379,1817556,4,2003-08-14
17379,2340228,3,2004-03-27
17379,1419576,4,2004-02-02
17379,507183,5,2002-09-25
17379,1401561,1,2004-07-12
17379,1467298,4,2003-03-08
17379,2588510,5,2003-07-21
17379,2264426,5,2003-11-18
17379,1214409,4,2003-09-30
17379,2512828,3,2003-09-27
17379,1961138,5,2004-04-06
17379,873447,3,2004-12-31
17379,1175090,3,2005-01-19
17379,292813,5,2005-04-11
17379,862538,2,2005-09-09
17379,1978892,3,2005-11-26
17379,322451,1,2002-09-03
17379,2333850,4,2003-07-02
17379,1230380,4,2004-02-04
17379,2488901,4,2003-12-30
17379,709733,3,2003-11-11
17379,884750,2,2004-03-11
17379,537298,3,2003-12-29
17379,2216044,4,2004-02-19
17379,679709,1,2004-02-25
17379,1899704,4,2004-02-16
17379,532697,1,2005-11-14
17379,1782189,5,2005-11-30
17379,1225150,3,2005-12-02
17379,2364377,3,2005-12-09
17379,1710306,3,2003-11-17
17379,1960236,2,2002-10-23
17379,1836230,5,2003-03-05
17379,1157824,3,2004-02-06
17379,2406958,4,2004-03-23
17379,847536,3,2002-12-27
17379,85003,4,2002-10-08
17379,1110156,3,2003-05-17
17379,2088657,2,2004-03-30
17379,1028463,1,2004-01-08
17379,247803,2,2004-02-13
17379,1901318,4,2004-02-10
17379,1473595,5,2004-05-23
17379,1752708,4,2004-11-19
17379,2294003,3,2004-12-20
17379,512041,4,2005-12-12
17379,1594535,3,2003-06-30
17379,969042,4,2003-04-16
17379,888323,1,2005-08-28
17379,1082353,4,2005-09-03
17379,566784,5,2004-03-27
17379,1892442,3,2003-09-02
17379,2347098,5,2003-08-04
17379,1003084,2,2004-05-10
17379,1114362,4,2002-10-16
17379,1753346,3,2002-10-25
17379,804027,4,2002-12-20
17379,681174,4,2004-07-15
17379,2342639,3,2004-04-05
17379,1571609,4,2003-08-21
17379,2332413,4,2003-09-13
17379,757456,2,2003-10-13
17379,2161246,2,2003-11-08
17379,1226877,3,2004-07-02
17379,1449358,2,2004-10-22
17379,90615,4,2004-10-24
17379,1417474,3,2005-06-01
17379,1092189,4,2005-10-04
17379,1376019,4,2005-10-18
17379,672153,5,2005-12-14
17379,2569181,3,2002-10-05
17379,2621150,3,2004-05-21
17379,587587,3,2002-12-23
17379,111033,3,2004-04-30
17379,2379843,4,2003-03-04
17379,1788397,2,2002-12-04
17379,268739,1,2003-10-13
17379,2387442,3,2003-09-18
17379,1691661,4,2003-09-09
17379,361778,4,2004-03-18
17379,842626,2,2004-04-10
17379,952156,4,2004-05-17
17379,1418566,4,2004-03-17
17379,1558352,3,2004-10-31
17379,520286,1,2004-11-08
17379,649692,3,2004-11-30
17379,1092521,4,2005-02-22
17379,144099,3,2005-05-15
17379,1178902,2,2005-06-09
17379,1119113,5,2005-07-30
17379,70483,4,2002-09-02
17379,2202279,4,2005-08-25
17379,1246786,3,2003-05-26
17379,2135429,4,2003-09-10
17379,1939029,5,2003-09-11
17379,904882,3,2003-12-22
17379,1307362,1,2003-12-27
17379,2035817,2,2004-01-16
17379,1571299,2,2004-02-02
17379,184278,3,2004-02-09
17379,1704440,2,2004-10-21
17379,707037,4,2005-01-04
17379,1387650,4,2005-03-17
17379,2084075,3,2005-03-21
17379,221926,4,2005-12-13
17379,410618,2,2004-08-05
17379,1147641,1,2002-10-31
17379,2640816,3,2004-03-20
17379,818752,2,2004-03-19
17379,1287939,3,2004-10-04
17379,2483928,3,2005-02-07
17379,1502997,4,2005-06-02
17379,1597736,5,2002-09-01
17379,1517590,4,2003-04-10
17379,276617,5,2002-12-29
17379,1405323,2,2004-04-17
17379,638020,3,2003-11-26
17379,227945,1,2003-07-10
17379,2279052,3,2003-09-03
17379,1557477,3,2003-08-27
17379,2415196,3,2004-01-09
17379,1036533,5,2004-02-17
17379,235562,3,2005-01-10
17379,769702,4,2005-02-06
17379,1816849,5,2005-03-24
17379,2005823,5,2005-09-27
17379,1827859,3,2002-08-29
17379,566628,3,2003-08-31
17379,2542777,3,2003-11-28
17379,954478,3,2005-08-17
17379,1817718,3,2004-01-20
17379,1571988,4,2004-12-22
17379,2491791,4,2005-01-20
17379,847496,2,2005-02-16
17379,585968,1,2002-08-01
17379,1922072,3,2002-10-12
17379,952819,5,2003-10-16
17379,1160858,3,2002-09-20
17379,2101808,2,2003-12-03
17379,2092470,3,2004-03-27
17379,1097592,3,2003-05-31
17379,596995,1,2003-03-03
17379,2423082,5,2003-01-14
17379,743189,4,2004-02-24
17379,582815,1,2004-02-16
17379,1690571,4,2003-09-11
17379,1763415,1,2003-10-01
17379,2457095,3,2004-07-01
17379,277837,1,2005-02-17
17379,321089,3,2005-04-22
17379,597776,5,2005-11-19
17379,2336079,3,2003-08-28
17379,1460897,3,2005-07-17
17379,1034498,2,2003-02-13
17379,1120721,4,2004-01-05
17379,613492,2,2004-04-10
17379,1454690,3,2003-11-26
17379,1828803,3,2002-11-01
17379,1653066,3,2003-07-07
17379,1876520,1,2002-09-16
17379,216277,4,2004-07-09
17379,576943,3,2003-09-22
17379,527953,4,2002-09-25
17379,721414,4,2003-07-19
17379,697116,4,2005-09-01
17379,1294916,4,2004-03-12
17379,101068,3,2004-08-02
17379,2278748,3,2005-10-18
17379,2588541,2,2005-12-28
17379,66885,2,2003-11-21
17379,2160527,3,2005-07-17
17379,1446775,1,2002-12-09
17379,881355,3,2005-07-20
17379,2541385,4,2003-01-08
17379,471177,3,2004-02-13
17379,678276,2,2003-01-24
17379,431510,5,2004-03-03
17379,1265740,3,2004-05-23
17379,1371072,3,2003-11-30
17379,1295277,3,2003-02-13
17379,1932752,2,2003-07-21
17379,1228560,2,2003-04-08
17379,1105029,3,2005-08-19
17379,1281114,4,2004-01-05
17379,767505,2,2003-12-02
17379,593453,3,2004-02-26
17379,62361,4,2004-06-11
17379,169391,4,2005-03-09
17379,1611056,2,2005-04-16
17379,1015872,5,2005-12-01
17379,581307,5,2003-05-02
17379,2517669,4,2004-06-25
17379,1839246,5,2002-08-20
17379,1142961,2,2004-01-26
17379,2634195,4,2003-12-02
17379,2469688,4,2005-08-09
17379,912494,1,2003-11-04
17379,2568908,5,2003-02-14
17379,2380272,3,2005-09-02
17379,2619756,2,2003-11-30
17379,1110014,2,2004-02-21
17379,1880009,3,2005-10-24
17379,1977161,4,2005-10-29
17379,2547663,3,2002-11-20
17379,1239121,3,2004-03-08
17379,2205594,5,2002-09-17
17379,650528,2,2004-01-29
17379,2032646,1,2003-05-21
17379,687574,4,2004-02-24
17379,1182451,3,2003-10-27
17379,2367657,4,2003-11-24
17379,2127497,3,2004-11-28
17379,2357681,4,2004-12-30
17379,107776,4,2005-03-21
17379,1362465,5,2005-07-02
17379,2613898,1,2005-11-09
17379,1262446,4,2003-10-23
17379,181592,4,2003-03-06
17379,2051278,3,2005-07-25
17379,56854,1,2003-05-10
17379,2551589,4,2003-09-12
17379,2198039,1,2004-01-25
17379,1614939,3,2003-08-21
17379,1160224,4,2003-07-14
17379,517370,3,2003-10-29
17379,1760343,4,2004-03-08
17379,85724,1,2004-05-24
17379,1525786,3,2004-10-21
17379,760481,2,2004-12-22
17379,1120498,3,2005-03-01
17379,81692,3,2005-10-26
17379,1099798,3,2004-05-28
17379,2334180,2,2004-03-05
17379,543146,2,2003-04-12
17379,2205498,4,2003-02-24
17379,369499,3,2004-03-01
17379,2222864,4,2003-09-17
17379,2209153,1,2002-12-28
17379,2072762,1,2003-11-11
17379,1300172,3,2004-02-19
17379,1652323,2,2004-01-19
17379,960862,4,2002-11-03
17379,78361,3,2004-02-02
17379,2417151,4,2003-10-14
17379,2227071,3,2003-12-27
17379,2283366,4,2004-04-27
17379,555688,5,2004-05-15
17379,433879,4,2004-05-06
17379,550365,3,2004-03-16
17379,1123324,5,2004-11-11
17379,1347777,1,2005-02-01
17379,2264244,4,2005-12-09
17379,1704412,4,2004-02-03
17379,859358,3,2003-10-23
17379,2568738,3,2003-05-28
17379,2197398,1,2002-09-06
17379,419920,3,2003-12-05
17379,89086,4,2003-02-18
17379,1478444,5,2003-07-06
17379,2494753,3,2004-03-09
17379,2039158,3,2003-11-16
17379,2645144,3,2004-03-09
17379,971119,3,2004-03-02
17379,1651763,3,2004-06-03
17379,952582,3,2004-10-19
17379,1870745,3,2005-01-24
17379,1442013,4,2005-02-25
17379,151821,4,2005-06-16
17379,1644911,3,2005-06-28
17379,1106241,3,2005-12-09
17379,1184537,2,2003-05-12
17379,2496050,3,2004-01-05
17379,299857,2,2003-05-17
17379,115055,3,2004-01-19
17379,1266847,3,2002-09-10
17379,728171,4,2002-11-10
17379,1928964,1,2004-03-19
17379,1419611,4,2003-11-09
17379,1602339,4,2004-02-03
17379,1015259,1,2004-03-15
17379,501420,3,2005-04-06
17379,2349275,3,2005-11-22
17379,1150896,3,2005-12-19
17379,562156,2,2002-09-15
17379,1268017,3,2005-07-26
17379,275803,2,2004-01-24
17379,909067,4,2003-02-15
17379,2112383,2,2003-06-30
17379,1985504,3,2003-09-18
17379,782316,4,2003-09-07
17379,281411,5,2003-11-08
17379,2023451,4,2005-05-29
17379,888326,2,2005-06-03
17379,2372924,3,2005-12-08
17379,1787265,4,2004-03-19
17379,2578149,2,2002-08-01
17379,1335416,3,2005-08-15
17379,1671101,3,2004-03-16
17379,136815,1,2004-03-22
17379,1417406,2,2004-12-02
17379,507603,1,2005-09-11
17379,1492520,1,2004-01-09
17379,2641668,3,2002-08-01
17379,2637932,4,2004-01-27
17379,1019541,2,2003-10-07
17379,1659172,3,2003-10-27
17379,965095,3,2003-10-10
17379,2282845,4,2004-03-24
17379,2316327,1,2004-03-11
17379,1794738,4,2005-10-10
17379,57691,4,2003-01-04
17379,1305865,3,2003-02-11
17379,824490,5,2003-01-13
17379,2202057,4,2004-02-19
17379,2111073,4,2003-12-01
17379,873575,4,2004-02-19
17379,2593096,5,2003-12-28
17379,265915,3,2005-04-15
17379,2621201,3,2004-05-25
17379,759492,4,2003-09-02
17379,1174779,4,2003-11-22
17379,662832,2,2003-06-06
17379,1917643,2,2003-02-12
17379,734248,3,2003-09-27
17379,308969,3,2004-01-09
17379,2633320,2,2003-11-06
17379,2142536,3,2004-03-19
17379,2112089,5,2004-03-29
17379,2610037,4,2004-04-14
17379,1997031,4,2004-11-29
17379,2385481,1,2005-01-22
17379,2166018,4,2005-03-25
17379,390062,4,2005-10-22
17379,448691,3,2003-08-22
17379,1334997,3,2003-09-10
17379,1740297,3,2004-03-25
17379,1660342,1,2005-09-03
17379,414536,3,2003-10-16
17379,1655656,4,2003-08-27
17379,1715879,4,2004-09-03
17379,2449356,5,2005-02-20
17379,90810,4,2005-05-29
17379,525661,3,2005-10-09
17379,580231,3,2003-09-27
17379,1759377,4,2002-08-17
17379,2083367,3,2002-08-16
17379,2260832,4,2005-04-28
17379,552790,3,2004-02-09
17379,2250323,2,2003-08-22
17379,322009,3,2004-03-26
17379,2012052,3,2004-02-17
17379,1095815,2,2005-03-15
17379,2552319,3,2005-04-03
17379,1856979,1,2005-04-04
17379,1223966,5,2005-06-02
17379,1954166,4,2005-09-19
17379,1225082,2,2005-09-27
17379,2235548,1,2003-02-14
17379,1637683,3,2002-11-27
17379,2491575,3,2002-08-21
17379,1222167,3,2003-08-06
17379,1223664,3,2003-09-12
17379,675283,3,2003-09-22
17379,1169217,5,2003-05-23
17379,359049,2,2003-07-05
17379,587518,4,2003-06-29
17379,329721,3,2004-05-27
17379,1100040,5,2004-05-30
17379,1328595,4,2004-03-03
17379,1793963,4,2004-04-12
17379,2374004,5,2005-04-17
17379,1262887,5,2005-06-29
17379,576805,3,2005-07-13
17379,1821647,4,2003-08-17
17379,2335450,3,2003-12-25
17379,410389,3,2003-02-11
17379,1846681,5,2005-08-14
17379,744232,1,2003-06-29
17379,731592,4,2003-02-24
17379,659526,4,2005-08-29
17379,979865,1,2004-02-03
17379,1316922,3,2003-12-22
17379,1973244,3,2004-08-23
17379,1886161,2,2005-10-29
17379,143120,4,2004-01-14
17379,2141105,4,2005-07-15
17379,306184,5,2003-11-09
17379,1964447,5,2003-08-18
17379,1146886,3,2003-06-08
17379,215332,2,2004-04-06
17379,1630571,5,2003-10-01
17379,898603,4,2003-09-16
17379,274191,4,2003-05-16
17379,557143,5,2003-08-17
17379,2308200,2,2004-01-29
17379,1836800,4,2003-12-11
17379,1689083,4,2003-12-02
17379,1877483,4,2004-08-14
17379,973313,3,2004-09-21
17379,2194591,3,2005-02-15
17379,255160,3,2005-11-15
17379,419691,4,2005-04-21
17379,451309,3,2005-11-15
17379,1497596,3,2003-01-24
17379,732775,3,2004-01-29
17379,1726438,2,2002-09-11
17379,713769,2,2005-08-02
17379,734544,4,2003-09-17
17379,1035855,4,2004-04-05
17379,726079,4,2005-09-10
17379,1873229,5,2003-12-22
17379,1348610,3,2004-01-27
17379,1617240,2,2005-01-26
17379,1948594,3,2005-03-23
17379,1220185,2,2005-04-07
17379,381565,5,2005-04-25
17379,1236559,4,2005-06-25
17379,1279851,3,2005-11-29
17379,897307,1,2003-09-05
17379,696845,4,2003-04-24
17379,2482384,4,2002-08-12
17379,324887,2,2003-12-07
17379,1444657,3,2002-10-18
17379,187868,2,2004-03-23
17379,1636369,3,2002-10-28
17379,213486,2,2003-08-26
17379,1599054,5,2003-09-16
17379,1637615,1,2003-10-19
17379,1758606,3,2005-09-05
17379,1953066,4,2004-05-24
17379,835473,4,2004-03-30
17379,919106,3,2004-03-25
17379,1087649,3,2004-05-28
17379,1684416,4,2005-04-25
17379,1136740,3,2005-04-26
17379,2133322,3,2005-06-07
17379,1407936,3,2005-06-10
17379,1664010,4,2005-10-12
17379,1902838,3,2002-08-01
17379,60706,3,2003-05-20
17379,1077806,5,2002-12-03
17379,1055424,1,2003-10-10
17379,1398928,5,2003-08-24
17379,2446442,4,2004-01-17
17379,563909,5,2003-11-19
17379,2216592,4,2004-04-12
17379,2371141,3,2004-03-08
17379,1014165,2,2003-11-03
17379,2427816,5,2004-07-04
17379,2085126,1,2004-03-08
17379,2408948,4,2004-05-19
17379,423954,3,2004-05-26
17379,2554553,4,2005-04-09
17379,114873,4,2003-12-19
17379,1584972,5,2003-08-14
17379,1186815,1,2003-08-28
17379,858014,2,2004-01-21
17379,96842,5,2003-01-22
17379,2105629,5,2003-09-05
17379,1393159,4,2003-02-28
17379,2374782,3,2004-07-03
17379,633035,3,2004-01-10
17379,820820,1,2004-12-26
17379,45018,1,2005-03-10
17379,689956,3,2005-04-03
17379,276715,3,2005-06-28
17379,2189638,3,2005-09-23
17379,2424335,4,2005-11-15
17379,1459848,4,2002-10-22
17379,1295669,3,2004-01-16
17379,1169634,2,2003-12-05
17379,1642209,5,2005-08-17
17379,2174801,3,2004-02-10
17379,2002123,1,2004-05-03
17379,732616,4,2004-07-16
17379,1894929,3,2003-12-09
17379,500325,1,2003-09-15
17379,576990,1,2004-02-09
17379,1805949,4,2004-03-29
17379,507094,3,2004-08-26
17379,2472771,2,2004-10-04
17379,2545226,2,2005-03-14
17379,797640,3,2005-04-17
17379,176805,1,2005-05-07
17379,2334283,4,2005-07-10
17379,1374597,2,2003-10-27
17379,1272223,4,2003-10-02
17379,717972,2,2004-02-05
17379,50669,1,2004-08-23
17379,2404142,1,2003-09-12
17379,2453949,2,2003-05-21
17379,329958,1,2004-02-08
17379,395098,3,2004-11-30
17379,910244,2,2005-04-15
17379,2063301,2,2005-11-13
17379,2043784,3,2003-10-09
17379,2018969,1,2002-12-03
17379,110578,4,2002-09-12
17379,1547701,5,2002-09-03
17379,178089,3,2003-11-13
17379,2264014,3,2004-04-09
17379,2524708,3,2004-07-14
17379,1599029,5,2004-11-15
17379,420623,2,2005-02-28
17379,1311888,5,2005-03-13
17379,2645322,5,2005-04-03
17379,517794,3,2005-04-10
17379,1811303,3,2005-07-12
17379,101807,3,2002-10-08
17379,1995445,5,2003-01-09
17379,1456270,2,2003-02-27
17379,1942823,3,2003-09-02
17379,476098,5,2005-09-10
17379,2481919,2,2004-01-03
17379,2535238,4,2004-04-26
17379,1758219,4,2002-11-15
17379,123713,5,2004-03-31
17379,237752,5,2004-03-18
17379,2280080,5,2003-07-28
17379,552356,4,2004-04-15
17379,877394,1,2003-10-23
17379,830262,1,2004-01-22
17379,91979,3,2004-01-16
17379,1730699,2,2003-12-28
17379,168485,5,2004-02-28
17379,2498949,1,2004-10-31
17379,390904,3,2004-12-31
17379,1636145,3,2005-04-03
17379,802944,4,2005-06-29
17379,1064326,4,2005-12-18
17379,2030888,3,2005-12-22
17379,2081170,2,2003-12-06
17379,1312635,2,2002-11-08
17379,2617170,3,2003-02-24
17379,199149,3,2004-01-15
17379,875969,2,2003-08-03
17379,2287580,5,2004-03-09
17379,359559,1,2004-01-08
17379,1435891,3,2004-04-17
17379,935151,4,2004-01-14
17379,1361146,4,2004-04-14
17379,873713,1,2004-10-25
17379,218719,2,2005-01-25
17379,2542635,4,2005-06-09
17379,936713,4,2003-10-09
17379,2287357,3,2004-01-27
17379,2246066,3,2002-11-29
17379,1753001,3,2003-08-13
17379,795536,3,2003-06-17
17379,1257126,5,2003-02-28
17379,449591,4,2003-10-06
17379,2152856,4,2003-07-04
17379,2392201,2,2004-02-25
17379,2245937,4,2003-12-18
17379,25049,2,2004-04-23
17379,2542703,3,2004-09-24
17379,360757,4,2004-09-30
17379,1794656,4,2005-03-28
17379,2104833,4,2005-06-09
17379,625128,4,2005-10-14
17379,927129,4,2003-08-03
17379,600620,3,2003-04-12
17379,1455188,3,2004-04-18
17379,1117152,4,2005-07-27
17379,294642,4,2003-06-04
17379,1856651,4,2003-06-09
17379,1769640,2,2003-07-14
17379,1958144,3,2003-06-08
17379,1063193,3,2003-11-10
17379,1746614,5,2004-01-11
17379,2514777,1,2003-11-03
17379,1801452,4,2004-03-20
17379,831439,2,2004-09-24
17379,84555,2,2005-01-29
17379,1743796,5,2004-04-14
17379,1291403,2,2003-06-26
17379,773513,3,2003-12-28
17379,1861795,2,2003-09-08
17379,615750,3,2004-01-29
17379,2537651,3,2003-02-20
17379,169469,5,2003-09-23
17379,1292053,5,2003-03-31
17379,1502298,3,2003-08-18
17379,415880,4,2004-03-03
17379,253582,3,2004-10-21
17379,2052643,4,2005-10-25
17379,1848868,3,2002-08-27
17379,2536547,2,2003-02-26
17379,591739,4,2004-01-16
17379,347276,5,2003-09-28
17379,243612,3,2003-06-15
17379,2048985,3,2003-03-14
17379,1803723,2,2002-10-31
17379,706500,4,2002-11-25
17379,1002802,5,2003-08-19
17379,1144887,4,2003-09-02
17379,2614114,4,2003-10-28
17379,815635,3,2004-04-02
17379,972625,4,2004-04-01
17379,122197,3,2004-10-07
17379,349060,5,2004-11-07
17379,658010,4,2004-12-14
17379,1301819,5,2005-03-08
17379,2440182,4,2002-10-18
17379,2341658,3,2004-02-06
17379,1703544,2,2005-07-13
17379,206272,3,2003-06-14
17379,1897386,2,2003-04-17
17379,1298511,3,2003-07-04
17379,184888,4,2003-08-21
17379,2567795,4,2003-08-18
17379,1171997,4,2004-03-16
17379,40845,1,2002-11-14
17379,1201884,3,2005-08-20
17379,1626515,1,2005-08-22
17379,1415532,5,2004-05-18
17379,1140996,4,2003-07-10
17379,632738,3,2003-09-25
17379,2279995,3,2003-10-17
17379,886438,2,2004-01-16
17379,670265,3,2003-10-08
17379,2580852,3,2004-04-29
17379,356262,5,2003-11-07
17379,1177848,3,2005-01-19
17379,1894043,5,2005-02-15
17379,1079613,3,2005-04-06
17379,828349,5,2002-09-25
17379,1076140,2,2003-03-07
17379,2459229,3,2002-11-13
17379,2371607,5,2004-02-17
17379,550515,2,2003-04-16
17379,1941703,5,2003-05-15
17379,1666072,3,2004-05-23
17379,525071,2,2004-02-26
17379,1432549,3,2004-04-28
17379,940516,3,2004-06-23
17379,318409,1,2004-08-08
17379,1236929,4,2004-07-06
17379,2318762,4,2004-08-03
17379,853344,5,2005-04-10
17379,235551,4,2003-01-19
17379,550596,1,2004-01-03
17379,517441,2,2004-04-12
17379,1086481,2,2004-01-12
17379,1982296,1,2004-03-16
17379,416565,2,2004-01-05
17379,250374,5,2004-02-04
17379,426098,1,2004-04-13
17379,1428452,4,2004-11-14
17379,224795,1,2005-03-14
17379,2249958,2,2005-09-13
17379,1329072,4,2005-10-28
17379,239766,5,2005-11-20
17379,505713,3,2003-10-29
17379,2559676,3,2005-07-26
17379,2275000,2,2003-11-19
17379,1313129,4,2003-10-27
17379,2332012,2,2005-08-27
17379,2003940,5,2004-01-30
17379,233892,3,2003-10-30
17379,2046241,2,2004-02-25
17379,96837,4,2004-08-17
17379,2046453,1,2005-02-24
17379,1935793,3,2005-03-09
17379,665252,4,2005-10-17
17379,1607555,5,2002-10-14
17379,2297776,4,2004-02-09
17379,2640760,3,2002-11-01
17379,1583078,2,2003-09-24
17379,622081,5,2004-05-13
17379,2054870,2,2003-11-06
17379,2194719,4,2004-04-11
17379,812458,2,2004-03-07
17379,593674,3,2005-02-22
17379,1441342,4,2005-11-17
17379,819072,5,2002-08-22
17379,71594,2,2003-02-26
17379,2526309,2,2004-01-12
17379,846510,3,2004-03-02
17379,1922925,3,2003-11-21
17379,767947,1,2002-09-20
17379,780253,3,2003-10-15
17379,1816884,2,2003-07-14
17379,442276,5,2003-07-12
17379,1514282,1,2004-03-16
17379,899682,4,2004-11-22
17379,1002943,2,2005-11-01
17379,1433231,1,2003-03-09
17379,2428131,2,2002-12-31
17379,2601377,2,2003-09-17
17379,1755681,3,2004-03-11
17379,1709304,3,2003-12-10
17379,166041,3,2005-09-07
17379,667911,1,2004-01-20
17379,190547,2,2004-04-06
17379,1655778,4,2005-01-19
17379,2628322,4,2005-09-12
17379,1274870,3,2005-09-21
17379,485283,5,2005-12-14
17379,73834,1,2003-12-18
17379,2498387,1,2004-03-17
17379,2231719,3,2003-09-23
17379,1521960,3,2003-11-29
17379,449632,5,2003-10-12
17379,1027887,5,2003-04-01
17379,1868327,4,2004-02-18
17379,1245472,4,2003-02-24
17379,847950,3,2004-04-13
17379,1187026,3,2003-12-09
17379,387469,3,2003-12-26
17379,2026448,1,2003-12-22
17379,2181162,2,2004-01-09
17379,2291306,2,2004-02-19
17379,2452822,1,2004-06-01
17379,1317562,4,2004-06-13
17379,2226213,4,2004-07-26
17379,971678,4,2004-09-27
17379,830300,4,2004-10-01
17379,795714,3,2005-02-03
17379,610766,3,2005-10-16
17379,1706866,2,2005-10-22
17379,2636478,3,2003-09-16
17379,93325,4,2002-08-01
17379,2088784,5,2003-06-22
17379,642089,5,2003-11-07
17379,1973360,4,2003-12-22
17379,813056,4,2004-01-06
17379,256327,5,2004-04-27
17379,98918,3,2004-10-25
17379,1169138,5,2005-01-24
17379,1885268,3,2005-03-10
17379,509213,3,2005-05-28
17379,715950,5,2005-06-28
17379,1112912,3,2004-03-29
17379,2401693,3,2003-10-09
17379,2153837,4,2003-08-19
17379,2225743,1,2004-03-21
17379,2010849,3,2004-08-09
17379,112349,2,2003-06-09
17379,1397442,2,2003-09-11
17379,1305098,1,2003-10-13
17379,202129,1,2004-02-23
17379,2600917,5,2004-03-05
17379,1958604,4,2004-08-03
17379,1249169,3,2004-11-13
17379,2142754,4,2004-09-25
17379,1479374,3,2005-01-04
17379,1684992,4,2005-06-25
17379,233761,4,2002-11-30
17379,1833607,1,2004-03-27
17379,1746477,4,2004-03-08
17379,1810693,4,2003-01-01
17379,1001548,2,2003-09-24
17379,2310986,3,2003-09-26
17379,2305082,3,2003-12-03
17379,46650,2,2004-05-31
17379,347843,2,2004-01-31
17379,129479,4,2004-10-04
17379,1199475,4,2004-12-30
17379,669659,4,2005-02-07
17379,1156852,3,2005-06-07
17379,926292,3,2005-12-23
17379,23316,2,2002-10-22
17379,1863367,4,2003-03-31
17379,576723,3,2003-05-20
17379,2289636,5,2002-08-22
17379,1029305,4,2003-05-12
17379,1780326,2,2004-01-21
17379,270692,4,2005-08-11
17379,2535581,2,2003-11-05
17379,163721,3,2003-08-13
17379,1811530,3,2004-01-01
17379,1715300,4,2003-11-25
17379,2002865,2,2004-03-30
17379,230112,2,2004-04-14
17379,2200691,5,2004-03-17
17379,1961980,4,2004-09-29
17379,2509303,3,2004-10-01
17379,1121725,1,2004-10-06
17379,225285,3,2004-10-24
17379,467596,1,2004-11-18
17379,1995860,3,2003-01-16
17379,2212602,4,2003-01-05
17379,1194911,5,2003-03-21
17379,1641457,4,2002-12-24
17379,541569,1,2003-11-23
17379,356096,4,2003-07-02
17379,1556831,1,2003-12-13
17379,1304720,2,2003-09-06
17379,424964,4,2003-09-28
17379,2209351,5,2003-11-17
17379,2558442,2,2004-02-09
17379,977518,3,2004-02-16
17379,1246472,4,2004-02-17
17379,1896647,3,2004-07-07
17379,237405,3,2004-09-23
17379,546003,4,2005-01-26
17379,482021,5,2005-04-03
17379,2474804,3,2005-11-24
17379,1483983,3,2002-11-15
17379,491531,2,2003-11-03
17379,837258,2,2003-11-28
17379,532996,1,2004-02-23
17379,1915501,4,2004-04-14
17379,2519299,3,2004-03-10
17379,2215087,5,2005-03-23
17379,2284890,3,2005-03-26
17379,1041130,3,2005-04-19
17379,835271,3,2003-06-09
17379,2554035,4,2003-08-08
17379,2552024,3,2003-12-04
17379,1204018,5,2002-10-17
17379,2607155,1,2002-10-15
17379,1378838,3,2003-12-16
17379,1197388,4,2003-12-12
17379,1148908,3,2004-01-21
17379,1753820,4,2004-01-14
17379,2072941,4,2004-01-24
17379,2362880,4,2004-03-03
17379,1342430,3,2004-03-20
17379,4421,3,2004-04-29
17379,1066071,5,2005-03-21
17379,1787630,3,2005-06-09
17379,1738939,4,2005-09-10
17379,2066490,3,2005-12-10
17379,581930,4,2005-12-14
17379,386947,3,2002-08-23
17379,2180255,3,2004-05-03
17379,2086901,4,2002-12-11
17379,2045846,2,2003-05-12
17379,880786,4,2003-05-14
17379,254508,3,2003-07-30
17379,1660195,3,2003-12-09
17379,1580447,3,2003-11-02
17379,1199912,3,2003-12-20
17379,2089599,1,2004-02-01
17379,320856,1,2005-01-11
17379,2368666,4,2005-09-25
17379,1020174,3,2005-11-07
17379,1867719,4,2003-09-11
17379,2197019,2,2003-10-12
17379,973120,4,2005-07-15
17379,227387,3,2003-09-09
17379,1048996,5,2004-01-27
17379,1284268,3,2004-02-10
17379,1559083,3,2003-09-11
17379,1328593,2,2004-01-23
17379,892461,5,2003-08-25
17379,2497401,2,2003-10-12
17379,244538,2,2003-11-25
17379,306658,4,2003-11-14
17379,2562100,3,2004-06-28
17379,1389295,5,2004-06-30
17379,117628,5,2004-12-29
17379,2606799,1,2005-05-16
17379,2094109,3,2005-05-19
17379,1167439,3,2002-07-31
17379,1663227,4,2003-06-27
17379,948037,5,2003-10-06
17379,2269486,1,2004-01-26
17379,1079165,2,2005-10-20
17379,1095707,4,2004-02-17
17379,1984315,4,2003-12-23
17379,2463759,3,2004-07-19
17379,1072939,4,2004-01-16
17379,216716,1,2004-06-04
17379,1363274,3,2005-02-07
17379,1443495,4,2005-11-07
17379,2299661,3,2005-12-03
17379,435841,3,2005-12-09
17379,423969,4,2005-12-21
17379,2151973,1,2005-07-09
17379,511883,5,2004-01-14
17379,901269,2,2002-09-12
17379,1422346,3,2005-08-08
17379,929407,3,2003-03-29
17379,1947378,2,2003-04-14
17379,580665,1,2003-03-31
17379,1739994,1,2004-03-13
17379,2496042,3,2005-10-17
17379,1993756,3,2004-03-11
17379,1214181,4,2003-09-03
17379,1641072,4,2003-09-04
17379,1078549,3,2002-09-26
17379,1026569,3,2004-06-17
17379,647979,4,2004-02-24
17379,2375962,4,2003-11-20
17379,1026860,1,2004-04-14
17379,431019,1,2004-02-29
17379,1161551,3,2004-03-11
17379,1614424,2,2004-04-24
17379,2061499,3,2005-03-04
17379,1313812,4,2005-10-17
17379,1082943,4,2005-10-30
17379,1032144,1,2004-01-27
17379,1996154,4,2004-03-26
17379,1467176,3,2003-09-03
17379,1823645,4,2003-11-30
17379,1878506,2,2004-02-10
17379,1381007,4,2004-03-10
17379,2080195,3,2004-05-03
17379,2026180,4,2005-06-10
17379,760615,2,2005-09-09
17379,2058897,3,2005-11-23
17379,634280,5,2005-07-18
17379,1792694,4,2003-08-22
17379,1727737,5,2002-08-16
17379,138106,3,2003-11-23
17379,1119020,3,2004-01-07
17379,1189104,2,2003-12-22
17379,1374515,2,2004-03-03
17379,1511397,3,2003-09-18
17379,744533,3,2004-05-07
17379,1299887,5,2005-02-18
17379,146869,2,2003-05-01
17379,1791068,2,2004-02-25
17379,143011,3,2004-06-02
17379,2375581,3,2003-01-05
17379,2430041,3,2003-02-14
17379,806045,1,2003-12-13
17379,247442,3,2003-08-25
17379,191773,4,2003-11-26
17379,845597,4,2003-11-26
17379,199453,3,2004-04-08
17379,1933656,5,2004-06-16
17379,633054,4,2005-01-11
17379,152669,4,2005-01-21
17379,1277910,1,2005-01-31
17379,522647,5,2005-03-15
17379,682963,3,2005-06-20
17379,682739,2,2002-08-23
17379,16272,3,2002-08-01
17379,361712,2,2004-02-23
17379,2132886,3,2005-08-16
17379,2438719,4,2003-12-03
17379,520116,4,2004-08-10
17379,959939,5,2004-01-14
17379,1920266,1,2003-07-16
17379,876370,2,2004-01-28
17379,2267322,1,2003-10-10
17379,1851629,3,2003-10-31
17379,277109,3,2004-02-04
17379,1370564,2,2003-06-03
17379,948271,2,2003-12-04
17379,2126379,2,2004-04-22
17379,381704,4,2003-02-13
17379,719598,2,2003-10-02
17379,2444240,4,2005-08-11
17379,60973,5,2003-09-17
17379,21677,3,2003-09-06
17379,2519397,1,2004-08-15
17379,665420,4,2003-12-28
17379,2615828,2,2004-03-03
17379,1328847,2,2004-03-11
17379,8055,4,2004-04-08
17379,403446,3,2005-03-25
17379,2561674,2,2005-11-05
17379,54870,4,2002-08-29
17379,1999678,5,2003-08-19
17379,2314524,1,2003-08-18
17379,1462172,3,2005-07-27
17379,65003,4,2004-04-11
17379,2409913,3,2003-12-29
17379,904842,2,2004-06-16
17379,1930882,2,2003-11-28
17379,923149,4,2003-12-12
17379,2391281,1,2004-06-17
17379,1662118,1,2003-07-29
17379,1364899,1,2003-12-02
17379,31562,2,2005-09-06
17379,1167477,3,2003-08-04
17379,517392,1,2003-12-16
17379,2562900,3,2003-12-16
17379,1845014,1,2004-04-26
17379,2376801,4,2004-05-23
17379,2128272,3,2004-10-24
17379,576190,1,2004-11-14
17379,1271816,3,2005-03-11
17379,962164,4,2005-09-20
17379,1532623,4,2003-07-21
17379,1355003,2,2003-03-20
17379,20055,4,2003-09-04
17379,2385435,5,2004-03-05
17379,1036908,1,2004-04-01
17379,2596726,4,2004-04-05
17379,319058,2,2004-07-13
17379,1738851,5,2004-10-13
17379,517031,3,2005-01-27
17379,1425453,1,2005-06-02
17379,2416154,5,2005-07-17
17379,1226341,3,2002-10-14
17379,775941,4,2003-12-17
17379,1174741,2,2003-02-21
17379,292014,3,2002-11-24
17379,1587792,4,2002-09-20
17379,2399670,3,2004-05-09
17379,179011,4,2003-03-03
17379,2452533,3,2004-01-31
17379,2150662,1,2004-03-08
17379,224092,1,2003-12-28
17379,167983,4,2004-03-02
17379,2394024,5,2004-02-05
17379,1781691,3,2004-03-29
17379,1821967,4,2004-10-07
17379,1774590,4,2005-01-01
17379,2016439,4,2005-05-12
17379,1516689,3,2005-06-14
17379,238705,3,2002-11-22
17379,1691501,2,2003-06-17
17379,1761783,2,2004-01-09
17379,2591003,3,2003-11-11
17379,852418,5,2003-11-05
17379,2096145,3,2004-01-11
17379,475537,2,2004-01-24
17379,367328,1,2004-03-31
17379,665133,3,2004-03-30
17379,34413,3,2005-06-09
17379,678174,1,2005-01-24
17379,1258916,2,2003-12-14
17379,872882,3,2005-08-01
17379,1041187,4,2004-01-13
17379,666659,5,2003-10-15
17379,247446,3,2004-06-06
17379,1492392,3,2003-08-04
17379,1688383,1,2004-02-28
17379,36935,4,2004-04-04
17379,511082,4,2004-10-13
17379,764898,2,2004-12-12
17379,1534677,4,2005-01-23
17379,563339,5,2005-02-09
17379,2115145,4,2003-06-06
17379,1181558,3,2002-08-31
17379,1774623,3,2002-08-03
17379,305344,3,2002-10-27
17379,842431,3,2004-01-16
17379,1112506,3,2004-08-08
17379,1651534,2,2004-01-15
17379,2139787,1,2003-09-27
17379,958634,2,2003-07-13
17379,739334,1,2004-04-14
17379,1364473,4,2004-06-12
17379,2614527,3,2004-06-16
17379,2558212,3,2004-09-02
17379,276968,3,2004-09-20
17379,1907859,4,2004-09-28
17379,530118,3,2005-01-30
17379,1095497,3,2005-10-09
17379,1097525,4,2005-10-30
17379,1867237,3,2004-06-08
17379,1279398,2,2005-07-15
17379,2561682,5,2003-08-27
17379,1436822,3,2003-05-13
17379,798319,2,2002-10-25
17379,1204323,3,2003-11-21
17379,896306,4,2004-01-02
17379,2018665,1,2003-10-07
17379,2360906,4,2003-02-12
17379,2210794,3,2004-05-15
17379,847865,4,2003-12-01
17379,2297366,4,2004-12-07
17379,1099321,1,2005-09-12
17379,923103,3,2003-01-21
17379,1462597,3,2003-05-29
17379,1000530,1,2003-08-18
17379,635056,2,2003-01-22
17379,2412874,4,2004-04-07
17379,434585,1,2003-05-12
17379,27349,2,2003-01-03
17379,755978,1,2004-02-03
17379,1070743,4,2003-08-01
17379,1280128,5,2004-04-06
17379,1909214,2,2003-08-20
17379,1672504,3,2003-11-16
17379,1952102,2,2004-03-05
17379,2113737,4,2004-02-09
17379,2177964,3,2004-02-18
17379,253251,3,2004-04-28
17379,1824021,3,2004-06-06
17379,307168,4,2004-11-23
17379,111086,2,2005-03-04
17379,1181784,3,2005-04-09
17379,1264313,4,2004-01-02
17379,2567736,3,2003-03-17
17379,2585235,3,2005-07-17
17379,1880556,4,2004-01-19
17379,661577,1,2002-08-22
17379,1203347,3,2003-09-08
17379,979485,4,2002-09-24
17379,1187765,3,2003-08-14
17379,2220099,5,2005-12-01
17379,1060488,4,2003-11-12
17379,1246164,4,2004-04-03
17379,1659779,2,2004-11-08
17379,522270,2,2005-06-15
17379,251059,4,2005-10-16
17379,1653320,2,2002-10-18
17379,282654,3,2003-11-10
17379,2037693,2,2004-01-06
17379,381941,4,2003-02-11
17379,2083947,4,2004-03-30
17379,739601,4,2004-03-15
17379,788067,2,2004-04-26
17379,2217027,1,2004-01-15
17379,170551,1,2004-03-12
17379,2387234,4,2004-04-15
17379,792679,5,2004-10-30
17379,55339,4,2004-11-24
17379,827240,3,2004-12-24
17379,268889,3,2005-11-25
17379,1763740,3,2003-05-13
17379,74441,3,2003-09-22
17379,1569859,3,2005-07-16
17379,2508883,3,2003-05-27
17379,210762,3,2003-09-17
17379,611692,3,2004-05-06
17379,2377882,3,2004-01-06
17379,1087472,3,2003-10-19
17379,1827071,3,2003-01-21
17379,1081980,5,2004-02-05
17379,1324041,1,2003-11-05
17379,299365,3,2003-10-20
17379,1130397,4,2004-03-26
17379,1664712,4,2004-04-15
17379,1910024,3,2005-01-21
17379,2631950,4,2005-03-01
17379,26762,4,2005-05-17
17379,1636337,1,2005-11-14
17379,2187827,5,2005-12-18
17379,228459,3,2003-12-01
17379,1777233,4,2002-10-20
17379,1395781,2,2003-05-19
17379,1039536,4,2004-02-24
17379,2059696,4,2003-06-23
17379,2159810,4,2003-04-14
17379,869845,4,2003-01-16
17379,2013679,1,2003-01-27
17379,540844,5,2003-06-24
17379,1621023,1,2003-10-07
17379,713414,3,2004-04-16
17379,476695,3,2004-03-11
17379,1200479,4,2004-11-27
17379,376784,2,2005-04-21
17379,1949010,1,2005-10-30
17379,447759,5,2005-11-18
17379,2602560,3,2004-01-01
17379,161013,2,2003-09-15
17379,1922362,1,2002-09-07
17379,46263,3,2004-01-17
17379,659882,4,2003-12-30
17379,2478700,1,2004-01-19
17379,2378998,5,2003-05-20
17379,1658662,4,2004-04-01
17379,1791615,1,2004-05-05
17379,2020963,3,2003-07-29
17379,497004,5,2003-10-20
17379,418026,3,2003-11-22
17379,2464081,4,2004-04-12
17379,620010,5,2004-07-26
17379,588280,4,2005-02-07
17379,575757,5,2005-03-04
17379,116563,4,2005-03-14
17379,1083674,5,2005-04-06
17379,2188684,4,2005-12-28
17379,2257323,3,2003-12-07
17379,306569,3,2002-11-10
17379,1551571,4,2003-04-29
17379,2282075,4,2005-08-15
17379,255564,2,2003-07-01
17379,2079894,2,2004-03-11
17379,470222,2,2003-11-11
17379,1249922,4,2003-11-06
17379,2450525,3,2004-09-27
17379,1014815,5,2004-11-24
17379,1247452,3,2004-11-28
17379,2391200,2,2005-01-04
17379,468708,3,2005-01-11
17379,2577654,4,2005-04-28
17379,732600,4,2003-08-18
17379,2575399,2,2004-03-10
17379,2545332,4,2005-08-08
17379,1661271,1,2004-02-22
17379,504608,5,2003-12-01
17379,2441772,4,2003-09-03
17379,1151002,3,2003-10-20
17379,1643146,3,2005-09-27
17379,772381,3,2005-10-24
17379,355078,4,2005-12-12
17379,1444287,3,2002-11-03
17379,2584676,1,2003-06-29
17379,1357619,3,2005-08-02
17379,2013504,3,2005-08-03
17379,1500471,5,2003-11-20
17379,2337494,3,2003-02-14
17379,65896,4,2004-03-01
17379,192681,4,2004-01-25
17379,2172301,3,2003-06-06
17379,200791,4,2003-09-19
17379,1008336,3,2003-12-17
17379,1676798,4,2004-03-24
17379,2464255,4,2005-06-30
17379,1985315,2,2004-02-11
17379,2232963,3,2003-12-09
17379,362008,4,2002-09-27
17379,1797565,4,2003-01-23
17379,1952345,5,2003-11-04
17379,2513539,2,2003-06-13
17379,784454,4,2003-07-07
17379,167714,3,2003-07-18
17379,2161938,4,2004-01-09
17379,1159495,3,2004-12-01
17379,559773,5,2005-05-01
17379,1063089,4,2005-12-20
17379,2304298,4,2004-01-13
17379,2417320,4,2003-03-09
17379,1571619,4,2004-12-05
17379,2521297,2,2002-11-26
17379,335687,4,2003-03-31
17379,26592,4,2003-01-15
17379,701138,2,2004-02-09
17379,2646574,3,2003-03-23
17379,1452925,4,2003-12-03
17379,725800,3,2003-08-26
17379,769809,2,2004-01-02
17379,1564657,4,2004-03-13
17379,643103,3,2004-02-16
17379,1142118,2,2004-04-01
17379,360264,3,2004-03-01
17379,351428,2,2004-02-08
17379,1236960,4,2004-03-29
17379,1389812,4,2005-03-02
17379,614137,4,2005-03-08
17379,1323425,3,2005-06-15
17379,103761,3,2005-10-06
17379,1705392,5,2004-03-22
17379,1189371,3,2003-09-19
17379,2398969,5,2004-01-24
17379,1638252,5,2002-08-17
17379,2234449,4,2003-09-26
17379,2605004,1,2003-05-14
17379,1505332,4,2005-09-02
17379,1480610,4,2004-03-29
17379,954301,5,2004-07-29
17379,159159,5,2004-01-27
17379,372095,3,2004-07-19
17379,702623,4,2004-06-25
17379,1978280,2,2005-12-07
17379,719170,3,2004-02-10
17379,1588,3,2004-05-11
17379,1733440,1,2003-12-26
17379,1793358,4,2003-04-07
17379,1258876,4,2004-03-23
17379,544665,5,2003-02-27
17379,1763613,3,2003-07-26
17379,859907,4,2003-09-11
17379,2255251,3,2004-01-03
17379,2340855,3,2004-03-27
17379,580426,4,2004-02-18
17379,1675680,4,2004-10-07
17379,1321861,3,2005-02-02
17379,429030,4,2005-04-06
17379,696901,1,2005-10-30
17379,2121920,1,2003-11-12
17379,2545618,3,2004-12-04
17379,2105004,3,2004-01-28
17379,2005241,3,2005-08-29
17379,2399894,1,2005-08-31
17379,2432848,3,2004-06-21
17379,1656924,4,2003-09-14
17379,154565,4,2005-05-08
17379,2348387,4,2005-10-11
17379,1533353,3,2005-12-27
17379,471880,4,2002-08-29
17379,618908,2,2005-07-11
17379,2290314,2,2003-04-21
17379,423990,2,2003-10-18
17379,1961172,2,2004-03-17
17379,2250261,4,2004-02-25
17379,1663606,3,2004-01-23
17379,1517991,5,2004-02-15
17379,329843,4,2004-01-27
17379,1217196,3,2004-02-07
17379,2357680,3,2004-04-12
17379,1431356,5,2005-02-14
17379,1550650,4,2005-02-24
17379,2598647,2,2002-10-10
17379,990918,2,2004-01-05
17379,137602,2,2003-10-26
17379,2611773,1,2003-06-25
17379,1586067,2,2004-04-01
17379,781860,3,2005-04-29
17379,402266,2,2004-05-17
17379,2608714,1,2005-05-24
17379,1120867,1,2005-11-01
17379,490057,4,2002-10-03
17379,1573102,3,2003-09-11
17379,752642,4,2002-08-23
17379,2006715,5,2003-10-21
17379,187331,3,2005-08-02
17379,542817,5,2002-09-19
17379,430318,1,2004-02-24
17379,1777845,4,2003-06-30
17379,2348266,2,2004-03-23
17379,1113393,4,2004-08-09
17379,1794745,3,2004-08-31
17379,761520,3,2004-09-28
17379,1389855,4,2005-02-27
17379,1214125,3,2005-04-30
17379,1570561,3,2005-05-07
17379,90355,4,2005-10-30
17379,1250977,2,2003-06-27
17379,1573259,2,2002-11-26
17379,1891860,2,2003-04-29
17379,2261631,3,2003-08-19
17379,1990498,4,2004-01-09
17379,1741802,3,2004-05-07
17379,224858,2,2004-04-12
17379,2484834,4,2004-04-08
17379,528039,1,2004-07-04
17379,1720038,3,2004-03-23
17379,1913526,4,2005-10-22
17379,2481504,5,2005-07-13
17379,1607785,4,2003-02-13
17379,395020,1,2004-02-02
17379,2450203,4,2004-03-31
17379,2068048,4,2004-03-30
17379,696481,4,2004-08-10
17379,2565022,4,2004-01-15
17379,2280842,4,2004-02-02
17379,1762434,2,2004-04-09
17379,2628206,4,2004-03-25
17379,507873,1,2005-02-15
17379,105802,3,2005-04-12
17379,1521914,3,2003-05-26
17379,1776727,3,2005-07-14
17379,2160486,5,2002-09-11
17379,2256527,4,2004-08-12
17379,1224756,5,2002-10-22
17379,2352191,5,2003-10-19
17379,2255880,3,2003-09-12
17379,2164001,4,2003-03-04
17379,916708,3,2004-02-19
17379,2343970,3,2003-09-21
17379,188190,4,2003-06-01
17379,567517,4,2004-06-18
17379,913814,4,2005-03-09
17379,213677,2,2005-04-08
17379,654401,3,2003-08-20
17379,2314898,3,2004-01-14
17379,170178,3,2002-12-30
17379,2640943,2,2005-08-08
17379,2086655,4,2004-05-12
17379,1902455,2,2003-08-25
17379,2342657,4,2003-10-08
17379,1704016,4,2003-11-09
17379,2258897,3,2003-11-29
17379,1708032,3,2004-04-05
17379,551208,3,2003-10-09
17379,1719421,3,2003-10-19
17379,1836907,4,2003-10-28
17379,2560703,5,2003-11-23
17379,1526365,4,2004-05-10
17379,364376,3,2004-03-02
17379,2502816,2,2004-03-02
17379,471157,5,2004-04-07
17379,2583975,4,2004-10-06
17379,590626,3,2004-10-10
17379,1622633,2,2004-12-06
17379,397001,4,2005-02-01
17379,2453027,4,2005-09-27
17379,2532737,3,2004-01-22
17379,464504,3,2002-10-25
17379,2023416,2,2003-09-23
17379,2004524,3,2004-07-26
17379,1625050,3,2002-09-24
17379,1961161,2,2003-12-26
17379,1001477,2,2003-09-23
17379,1958917,4,2003-02-11
17379,2056022,2,2003-02-12
17379,1295773,3,2004-01-05
17379,400440,4,2004-02-26
17379,2092369,1,2004-04-23
17379,1745107,4,2004-06-03
17379,2535512,3,2004-07-30
17379,1330588,4,2004-12-14
17379,652787,3,2003-10-09
17379,1722054,5,2003-08-26
17379,2444174,3,2002-08-20
17379,2097277,2,2002-12-03
17379,624316,3,2004-03-08
17379,2267335,3,2003-12-18
17379,2224950,5,2003-09-13
17379,2072858,3,2003-07-11
17379,2403507,1,2003-09-25
17379,471654,3,2003-11-03
17379,1955076,5,2003-12-01
17379,1191408,3,2003-11-26
17379,423522,3,2003-12-28
17379,2374238,4,2004-08-03
17379,1766084,5,2004-04-15
17379,1670876,5,2005-10-30
17379,325073,3,2004-01-30
17379,956271,3,2002-12-10
17379,2064995,3,2002-08-22
17379,1758002,2,2003-09-01
17379,441361,5,2004-02-04
17379,1183758,3,2003-10-03
17379,896279,3,2003-09-17
17379,2154990,5,2004-01-25
17379,1436780,4,2004-02-13
17379,85915,3,2004-04-05
17379,1945023,4,2004-03-14
17379,1862911,3,2004-11-09
17379,2093590,3,2005-09-15
17379,2456113,1,2005-10-31
17379,578191,4,2004-03-09
17379,1870900,4,2003-10-23
17379,2171824,5,2004-01-06
17379,1146580,1,2003-10-09
17379,1550359,3,2004-04-12
17379,2237786,3,2003-11-14
17379,1070896,1,2004-03-26
17379,981800,5,2004-02-11
17379,1747954,3,2004-10-04
17379,2433729,3,2004-12-03
17379,1347425,3,2005-01-03
17379,837133,5,2005-05-01
17379,399820,2,2005-07-07
17379,1997394,4,2004-03-22
17379,1138870,4,2003-03-04
17379,1182342,5,2002-10-07
17379,1469037,4,2003-09-26
17379,1625122,3,2005-08-30
17379,198601,1,2004-01-27
17379,2301143,3,2003-07-14
17379,1538047,3,2003-12-08
17379,183674,4,2004-05-07
17379,1464750,1,2004-04-05
17379,398194,4,2004-09-27
17379,2427477,3,2004-11-27
17379,2176465,2,2005-02-16
17379,421433,3,2005-04-05
17379,733746,3,2005-07-05
17379,1933539,3,2003-10-05
17379,708047,4,2005-07-12
17379,1830265,3,2004-05-03
17379,1206522,5,2004-07-23
17379,1896972,4,2003-12-03
17379,1233676,1,2004-02-11
17379,163893,5,2003-09-10
17379,1151836,3,2003-08-13
17379,1704892,4,2003-09-29
17379,1837470,4,2004-01-23
17379,1875549,3,2004-09-02
17379,1181111,3,2005-10-14
17379,204421,3,2002-09-05
17379,2187195,2,2003-03-18
17379,1070671,2,2003-06-26
17379,1362141,3,2004-01-16
17379,1649775,4,2003-10-29
17379,2126762,4,2004-01-07
17379,1808638,3,2004-01-15
17379,680389,2,2004-08-24
17379,961675,4,2004-09-20
17379,2545730,4,2004-10-05
17379,230265,3,2005-02-22
17379,775189,4,2005-02-27
17379,1343562,2,2005-10-28
17379,1064530,3,2005-07-16
17379,2121720,3,2005-07-26
17379,375082,4,2003-11-26
17379,1728611,3,2004-05-22
17379,1278662,2,2003-10-30
17379,2231162,2,2003-07-10
17379,828344,3,2003-12-19
17379,1934428,4,2004-04-03
17379,1973951,2,2003-10-15
17379,1807774,4,2003-10-02
17379,2220732,1,2003-12-28
17379,1609164,2,2004-03-29
17379,624388,4,2004-09-23
17379,161791,1,2004-12-27
17379,2133714,2,2005-05-11
17379,1866323,3,2005-05-25
17379,74916,2,2002-11-05
17379,1458414,2,2003-05-23
17379,17462,4,2003-08-13
17379,2361743,3,2002-10-20
17379,520704,3,2004-08-02
17379,2508722,2,2003-08-01
17379,775089,4,2005-08-08
17379,2565072,2,2004-01-10
17379,1586491,4,2003-09-23
17379,1589182,3,2004-02-28
17379,963048,3,2004-12-18
17379,2287458,3,2003-04-03
17379,530891,3,2003-07-29
17379,2570153,4,2004-03-29
17379,2020250,5,2004-10-25
17379,2204903,5,2005-02-25
17379,201579,2,2005-05-06
17379,2118461,3,2005-09-13
17379,1072585,3,2004-07-14
17379,896114,5,2004-03-24
17379,388717,3,2002-09-18
17379,237286,3,2002-10-11
17379,1379440,4,2005-08-16
17379,802623,4,2003-09-16
17379,1013320,4,2004-04-04
17379,1418521,4,2004-06-04
17379,1484614,4,2004-09-22
17379,853755,4,2005-03-26
17379,657606,2,2005-04-09
17379,374238,2,2002-09-01
17379,1253222,4,2003-04-21
17379,862852,4,2003-09-25
17379,400098,5,2003-12-02
17379,1155090,4,2003-09-16
17379,1159926,5,2004-08-22
17379,1083335,3,2003-12-01
17379,264120,5,2004-02-11
17379,1575045,5,2004-01-26
17379,1425055,5,2004-03-12
17379,2184647,5,2004-08-09
17379,1116110,4,2004-12-08
17379,263417,3,2004-12-30
17379,2061495,2,2005-04-06
17379,2601619,5,2005-04-18
17379,1897023,3,2005-10-15
17379,2254751,4,2004-09-07
17379,2090850,3,2003-03-04
17379,2039185,5,2005-07-19
17379,387418,1,2003-08-23
17379,1580437,5,2002-11-22
17379,368292,4,2002-12-29
17379,1976522,3,2003-08-15
17379,458435,1,2003-09-22
17379,200938,1,2003-09-24
17379,871482,4,2003-09-29
17379,308751,1,2004-02-04
17379,637070,1,2004-02-07
17379,2188443,4,2004-04-05
17379,2478414,2,2005-06-20
17379,93124,4,2005-06-22
17379,691808,4,2002-08-30
17379,381346,3,2002-10-14
17379,226113,3,2003-06-01
17379,1729402,3,2004-05-10
17379,1436486,4,2003-08-19
17379,1273599,2,2004-02-28
17379,1166090,4,2004-02-18
17379,200427,2,2004-02-13
17379,1922052,4,2005-12-13
17379,1825371,1,2004-02-20
17379,1670325,5,2005-07-15
17379,340618,4,2003-09-10
17379,1468147,1,2005-07-21
17379,803605,4,2003-01-11
17379,1029163,2,2002-10-13
17379,1421061,2,2003-05-10
17379,1094936,4,2004-01-15
17379,2296189,3,2003-12-07
17379,32412,2,2004-02-09
17379,2185049,2,2004-09-02
17379,1871626,5,2003-10-27
17379,1334853,3,2004-03-17
17379,664294,3,2004-03-07
17379,1660348,3,2005-01-24
17379,1190964,1,2005-02-13
17379,1860246,4,2005-02-24
17379,1436573,2,2005-05-26
17379,2520933,3,2005-11-24
17379,2120912,2,2003-12-01
17379,1434153,3,2003-01-24
17379,2158527,2,2002-10-20
17379,762651,4,2002-11-16
17379,872215,1,2003-08-13
17379,1240723,4,2003-10-13
17379,1288744,2,2004-07-18
17379,1862095,1,2003-09-03
17379,2311296,4,2003-09-15
17379,1026368,4,2003-09-16
17379,2096394,1,2004-07-12
17379,2562361,2,2004-02-19
17379,1682451,4,2004-02-12
17379,307806,3,2004-11-11
17379,650861,3,2005-02-07
17379,1918794,4,2003-09-17
17379,448724,4,2004-04-25
17379,2413471,3,2004-01-22
17379,2141233,1,2003-02-14
17379,1134871,1,2005-04-05
17379,334185,3,2004-02-03
17379,1615672,1,2003-12-19
17379,2214251,5,2003-11-20
17379,319529,3,2004-12-19
17379,1443379,5,2005-03-14
17379,2100727,4,2005-04-07
17379,1749656,3,2003-09-30
17379,660061,5,2003-07-10
17379,1375610,4,2003-01-10
17379,819462,2,2003-11-19
17379,429066,3,2005-09-07
17379,1499254,1,2003-07-25
17379,2239109,4,2003-08-14
17379,2313697,5,2003-10-05
17379,1932594,2,2004-08-22
17379,414048,5,2004-09-26
17379,191776,5,2004-12-18
17379,492291,3,2004-12-24
17379,97608,3,2005-05-16
17379,322078,1,2005-06-07
17379,808674,4,2004-04-07
17379,356615,1,2002-12-31
17379,898123,4,2002-10-20
17379,686048,3,2002-10-16
17379,1785031,1,2004-03-19
17379,1073300,3,2003-08-03
17379,1093748,1,2004-04-02
17379,1061195,2,2003-10-02
17379,2504876,1,2004-06-28
17379,2076079,3,2004-01-09
17379,1333911,3,2004-08-24
17379,158607,3,2004-07-21
17379,271971,3,2004-11-15
17379,749139,5,2002-10-22
17379,1280358,4,2005-07-16
17379,2520506,3,2003-08-19
17379,782025,4,2004-03-18
17379,170923,3,2003-09-29
17379,2387950,3,2003-01-12
17379,802979,2,2003-01-20
17379,2519183,2,2005-08-19
17379,1902291,3,2003-09-24
17379,722585,3,2004-04-12
17379,393928,5,2004-04-12
17379,654689,2,2004-04-28
17379,1918987,3,2004-11-08
17379,2229023,2,2005-03-09
17379,612799,3,2005-06-25
17379,137725,1,2004-02-06
17379,710440,3,2003-12-26
17379,408645,3,2003-09-21
17379,1912985,4,2002-12-29
17379,1663888,4,2004-09-27
17379,59805,4,2004-01-26
17379,2275860,5,2003-03-03
17379,2259001,1,2003-09-04
17379,1041084,4,2004-03-14
17379,739313,4,2004-11-18
17379,1257336,1,2004-11-23
17379,1982279,5,2004-12-26
17379,2350588,3,2005-01-08
17379,2254890,5,2005-02-16
17379,1856085,2,2005-06-27
17379,1210262,3,2004-01-07
17379,1820919,3,2002-11-16
17379,1043805,3,2004-03-17
17379,2543773,2,2003-02-12
17379,2429513,3,2004-03-22
17379,2455561,2,2003-12-12
17379,2146687,3,2002-10-01
17379,1546371,3,2003-08-22
17379,1525270,3,2004-04-26
17379,2151845,4,2003-09-23
17379,2634316,5,2005-09-02
17379,2490714,3,2004-02-10
17379,241068,3,2004-05-30
17379,534777,1,2004-02-14
17379,959776,2,2004-02-16
17379,27061,5,2004-07-25
17379,2583202,3,2004-12-06
17379,629794,2,2005-05-25
17379,2414152,1,2003-10-14
17379,289710,5,2003-09-03
17379,2258315,2,2003-07-18
17379,575714,3,2003-01-23
17379,2150678,5,2004-01-07
17379,437239,3,2003-07-18
17379,541796,2,2005-08-07
17379,237794,2,2003-10-01
17379,1055656,2,2004-01-02
17379,182203,1,2003-07-18
17379,1451879,5,2005-08-30
17379,728900,4,2003-12-30
17379,909926,2,2004-08-10
17379,2552767,2,2004-11-15
17379,2326686,1,2005-03-01
17379,947104,4,2005-12-07
17379,1785209,3,2005-07-19
17379,2222874,4,2003-02-24
17379,1650751,1,2003-09-03
17379,1668623,3,2003-10-01
17379,1293514,3,2002-10-30
17379,2536309,3,2003-08-31
17379,919582,4,2003-08-14
17379,1883703,3,2005-08-29
17379,2035368,5,2003-09-30
17379,1596876,4,2003-12-15
17379,935922,4,2004-08-26
17379,877478,2,2004-09-18
17379,1037245,3,2005-09-23
17379,2239209,1,2004-01-16
17379,2131794,1,2003-09-10
17379,1399249,4,2002-09-28
17379,410076,4,2003-07-09
17379,282567,3,2003-06-03
17379,1925397,5,2003-02-26
17379,1688316,2,2003-02-11
17379,2618537,2,2003-11-05
17379,455662,1,2004-04-14
17379,1512991,2,2004-04-12
17379,1872980,3,2004-09-14
17379,2343946,4,2004-10-05
17379,486048,3,2005-09-14
17379,1204865,3,2005-11-28
17379,1892343,5,2004-01-24
17379,29948,2,2003-05-16
17379,256633,3,2004-03-31
17379,1129884,3,2003-03-17
17379,541557,3,2005-06-22
17379,556870,4,2003-08-09
17379,2174704,2,2003-05-29
17379,2034632,4,2004-01-14
17379,162834,3,2005-10-20
17379,488119,3,2004-03-08
17379,106260,5,2004-04-19
17379,630618,2,2005-02-15
17379,1881105,4,2005-02-25
17379,496645,3,2005-06-28
17379,1181237,4,2002-12-05
17379,774088,4,2003-02-14
17379,2111055,3,2003-12-16
17379,2165012,3,2003-02-18
17379,1639792,1,2002-07-31
17379,1233297,3,2002-12-20
17379,1427265,4,2003-05-31
17379,2206151,3,2003-11-12
17379,2087606,4,2004-03-09
17379,2148958,3,2004-04-08
17379,928368,3,2004-05-13
17379,1281882,2,2004-04-25
17379,1879665,1,2004-09-13
17379,680068,4,2004-11-23
17379,2463846,4,2005-02-07
17379,2440091,3,2005-02-15
17379,599407,4,2005-10-06
17379,57633,3,2002-10-25
17379,2027131,4,2003-05-13
17379,1121060,3,2003-09-11
17379,2338809,3,2003-01-16
17379,773466,5,2003-02-18
17379,1062725,1,2004-07-07
17379,186578,4,2004-05-13
17379,371701,2,2005-03-08
17379,2339135,4,2005-06-15
17379,2055388,3,2005-06-17
17379,684582,3,2005-10-27
17379,31408,3,2005-11-28
17379,756226,4,2004-03-02
17379,790471,3,2002-10-22
17379,244077,3,2004-03-10
17379,132731,4,2004-03-08
17379,1551313,3,2003-10-01
17379,2517017,1,2003-04-04
17379,1688249,5,2003-04-22
17379,1360134,4,2004-03-13
17379,1365384,3,2005-03-17
17379,2067516,2,2004-03-16
17379,2143500,3,2004-12-18
17379,1370511,2,2005-05-19
17379,1736338,4,2005-06-20
17379,1804811,4,2005-10-01
17379,1797765,4,2005-07-17
17379,1062068,5,2003-06-19
17379,1234382,4,2004-01-05
17379,157357,4,2003-11-01
17379,113983,3,2003-02-28
17379,2460347,1,2004-04-07
17379,1674931,4,2004-03-03
17379,48607,2,2003-08-12
17379,1344791,4,2003-12-05
17379,1179682,4,2003-11-20
17379,1643708,4,2004-01-22
17379,1930717,3,2004-03-18
17379,843611,2,2004-11-22
17379,622419,2,2005-02-06
17379,1991296,2,2005-03-28
17379,2276962,2,2005-11-18
17379,2562864,3,2005-07-21
17379,206222,3,2005-07-26
17379,1385369,3,2003-11-11
17379,1611302,4,2002-10-05
17379,1297529,4,2003-10-16
17379,40450,2,2002-10-26
17379,261835,4,2003-08-05
17379,45835,1,2003-12-12
17379,2087093,2,2004-02-10
17379,1002509,1,2004-02-27
17379,550,5,2004-03-13
17379,2282041,4,2004-11-15
17379,1963140,2,2004-12-29
17379,234672,3,2005-01-06
17379,2276950,4,2003-03-20
17379,2611670,2,2002-10-31
17379,995154,2,2003-09-03
17379,2022436,3,2003-01-06
17379,1273339,1,2003-07-21
17379,715966,4,2003-05-23
17379,1074878,4,2003-09-06
17379,2384355,3,2003-11-18
17379,2620636,3,2004-08-10
17379,1668621,4,2004-04-12
17379,923631,3,2004-03-11
17379,2598895,3,2004-03-30
17379,2302245,5,2004-03-11
17379,2636012,4,2003-07-18
17379,2054355,3,2004-04-28
17379,431715,4,2003-01-10
17379,972329,4,2003-12-29
17379,723545,5,2004-02-03
17379,1348653,2,2003-10-05
17379,2001520,2,2004-03-24
17379,1744426,3,2003-08-25
17379,242681,3,2003-12-19
17379,675169,4,2004-01-08
17379,142610,3,2004-01-26
17379,1906240,2,2004-01-16
17379,2373756,2,2004-02-21
17379,1918276,3,2004-08-04
17379,2331938,3,2004-03-13
17379,714349,5,2004-07-14
17379,2238060,2,2004-08-17
17379,2080664,3,2004-11-06
17379,978771,1,2005-01-02
17379,1546243,3,2003-05-28
17379,834215,4,2003-05-03
17379,1769904,5,2003-12-19
17379,1316286,3,2003-12-07
17379,1504146,4,2003-12-23
17379,2079436,3,2003-10-03
17379,2158545,5,2003-12-07
17379,1707198,2,2003-10-13
17379,1852040,1,2004-01-07
17379,1790903,3,2004-03-02
17379,785573,3,2004-03-29
17379,1222586,5,2004-03-23
17379,714089,3,2004-05-22
17379,2575033,2,2005-09-13
17379,368479,2,2002-11-17
17379,906346,4,2003-01-14
17379,262854,3,2004-04-23
17379,1846055,3,2003-07-26
17379,1260533,2,2004-02-19
17379,1612901,5,2005-08-27
17379,90554,4,2003-10-13
17379,2578914,4,2003-12-18
17379,500944,2,2004-10-20
17379,1068249,4,2005-01-11
17379,124259,4,2005-03-03
17379,401814,1,2004-05-12
17379,310948,3,2004-04-03
17379,1039555,3,2003-02-11
17379,1775740,1,2003-03-26
17379,313926,3,2003-10-04
17379,279594,1,2004-05-16
17379,2321454,1,2003-10-22
17379,538855,3,2003-10-18
17379,799940,2,2005-08-29
17379,775020,5,2003-10-28
17379,2475058,2,2004-02-19
17379,1811676,1,2004-03-26
17379,105421,2,2003-11-30
17379,629389,3,2004-06-07
17379,1782200,3,2004-09-17
17379,748734,5,2005-10-31
17379,408873,3,2003-11-26
17379,150344,3,2003-03-03
17379,1911099,3,2005-08-05
17379,618859,4,2004-02-08
17379,553115,5,2003-09-02
17379,1023208,4,2004-01-30
17379,334902,3,2003-12-29
17379,2481883,1,2005-02-20
17379,443447,4,2003-12-30
17379,702103,3,2004-02-05
17379,481336,1,2004-06-08
17379,2367880,1,2005-08-09
17379,197483,2,2002-10-22
17379,426185,5,2005-08-11
17379,161239,1,2003-06-19
17379,2406002,3,2004-01-29
17379,2506792,4,2005-09-05
17379,39469,5,2003-09-23
17379,992670,3,2003-12-30
17379,1733667,5,2004-02-12
17379,428114,5,2004-02-17
17379,1578366,3,2005-06-17
17379,1184388,4,2005-11-08
17379,969948,1,2003-09-06
17379,237263,1,2003-08-12
17379,1711710,4,2003-10-25
17379,178719,4,2003-06-21
17379,1176779,5,2003-12-01
17379,2604057,4,2003-11-03
17379,296643,4,2003-05-27
17379,1893596,4,2003-01-22
17379,859132,2,2004-05-23
17379,668703,2,2004-04-20
17379,44057,5,2003-12-10
17379,206035,3,2004-02-24
17379,723448,4,2004-10-05
17379,1533807,3,2005-03-15
17379,1309043,4,2005-03-22
17379,188613,3,2002-12-25
17379,356103,4,2004-04-12
17379,2219917,3,2002-11-27
17379,2518772,3,2005-07-29
17379,817616,4,2005-08-01
17379,2414964,5,2003-01-14
17379,1349527,4,2004-03-26
17379,996244,3,2004-01-27
17379,2392601,4,2004-01-28
17379,1154902,5,2003-10-27
17379,2596078,3,2004-03-17
17379,1265739,2,2003-11-22
17379,2306984,2,2004-03-07
17379,1816909,3,2004-11-02
17379,954742,3,2005-03-02
17379,2435489,4,2005-11-18
17379,1766524,3,2003-08-19
17379,1231568,3,2003-03-06
17379,137666,2,2003-05-12
17379,1538439,3,2003-09-22
17379,2579003,2,2005-08-03
17379,798142,3,2004-03-12
17379,1541560,1,2004-01-14
17379,2455503,5,2003-11-11
17379,2412775,3,2004-03-23
17379,293417,2,2004-03-30
17379,927240,4,2004-03-19
17379,640425,3,2005-01-30
17379,227097,4,2005-10-18
17379,1985040,3,2003-01-25
17379,2169713,3,2004-03-31
17379,707279,4,2003-05-29
17379,1357667,2,2003-09-11
17379,85842,5,2004-01-14
17379,1118220,4,2004-02-07
17379,2237988,4,2004-09-08
17379,1337228,2,2004-09-21
17379,2489783,4,2004-12-30
17379,447484,3,2005-01-24
17379,1213178,4,2005-11-09
17379,2344254,3,2003-11-25
17379,707528,3,2003-02-12
17379,2648853,2,2004-09-13
17379,2111672,3,2002-12-28
17379,1507477,4,2002-12-22
17379,1759264,3,2003-05-28
17379,679956,5,2003-05-29
17379,1804978,2,2004-03-24
17379,2142405,1,2004-01-26
17379,738690,4,2004-03-09
17379,2386651,5,2004-03-09
17379,1259374,4,2004-06-13
17379,1300759,4,2004-09-30
17379,2448838,4,2004-11-08
17379,2643057,3,2005-01-07
17379,1267961,3,2005-01-25
17379,718938,4,2005-02-20
17379,288767,2,2005-03-31
17379,2572942,5,2005-05-15
17379,1992341,5,2005-05-18
17379,2474184,2,2005-12-27
17379,1961675,4,2004-03-30
17379,1104589,4,2005-07-07
17379,1788756,4,2003-11-05
17379,2195240,3,2003-04-13
17379,1002234,4,2002-12-19
17379,2332186,5,2003-08-18
17379,293198,2,2003-05-19
17379,2242161,4,2004-03-16
17379,600160,2,2003-07-29
17379,1868667,3,2004-05-25
17379,1854731,4,2003-11-10
17379,2185548,2,2004-01-07
17379,2420260,2,2003-11-19
17379,1606647,1,2003-12-02
17379,144265,3,2004-02-20
17379,2513621,4,2003-12-23
17379,2051123,4,2004-03-12
17379,823628,4,2004-02-26
17379,2547106,4,2004-03-20
17379,1704416,3,2004-09-09
17379,340492,4,2004-08-13
17379,1607300,4,2004-10-19
17379,2136406,4,2004-12-14
17379,2080247,5,2005-04-20
17379,764273,1,2005-06-27
