6993,1062724,4,2003-08-21
6993,705162,3,2003-11-03
6993,1657366,2,2005-08-09
6993,273292,4,2003-12-23
6993,1296163,3,2004-12-20
6993,86879,4,2003-10-20
6993,273084,1,2004-06-10
6993,2568270,4,2005-10-20
6993,603277,3,2003-10-22
6993,1648646,2,2003-04-03
6993,2279539,2,2004-03-24
6993,2503887,4,2004-11-04
6993,303972,3,2003-05-03
6993,2637831,3,2004-02-25
6993,2545999,3,2003-12-10
6993,818736,3,2004-04-25
6993,129971,5,2005-06-02
6993,349975,3,2004-03-10
6993,83446,3,2004-07-27
6993,2133923,3,2003-03-05
6993,1456729,4,2004-01-06
6993,21560,4,2004-06-14
6993,1333,2,2004-03-07
6993,871687,2,2003-03-21
6993,549534,3,2004-02-06
6993,734508,3,2003-03-28
6993,2198778,2,2004-07-23
6993,1938964,2,2004-06-29
6993,829211,2,2003-06-10
6993,198814,3,2003-06-30
6993,700392,2,2003-12-12
6993,1826189,3,2005-11-19
6993,1049640,2,2003-06-24
6993,1026298,3,2002-11-06
6993,436707,3,2003-03-10
6993,2601294,3,2004-04-01
6993,616015,3,2004-11-05
6993,1227322,2,2005-02-09
6993,1309113,3,2004-11-27
6993,2164928,3,2003-12-19
6993,912636,4,2004-09-14
6993,1220170,2,2004-07-12
6993,2481937,5,2004-03-23
6993,371300,5,2004-07-19
6993,530670,3,2002-07-31
6993,659268,2,2002-07-13
6993,786312,2,2004-11-06
6993,2135177,3,2004-08-14
6993,894149,4,2004-12-30
6993,121774,2,2002-07-31
6993,1403031,5,2004-05-17
6993,484675,4,2003-06-25
6993,267510,3,2005-08-27
6993,1915354,3,2004-11-14
6993,452082,3,2003-06-17
6993,1009622,3,2004-09-07
6993,382355,4,2003-12-01
6993,1446294,4,2003-07-15
6993,1088303,3,2003-09-08
6993,626487,5,2004-02-06
6993,318216,3,2003-07-22
6993,1892529,4,2005-09-21
6993,1570568,4,2002-08-12
6993,680573,3,2003-09-03
6993,2217043,3,2005-01-08
6993,1938585,2,2005-06-30
6993,1593150,4,2005-11-13
6993,1217356,4,2003-03-07
6993,2100094,5,2003-12-18
6993,688590,3,2005-06-29
6993,2451785,3,2005-10-31
6993,2301782,3,2003-08-08
6993,1001129,2,2005-01-02
6993,1859573,3,2005-02-03
6993,2457464,3,2005-03-11
6993,2017214,3,2005-04-07
6993,2354999,3,2003-10-23
6993,966058,2,2004-09-23
6993,2604976,2,2005-06-09
6993,536709,3,2004-03-08
6993,1247659,5,2004-11-26
6993,2317868,2,2003-09-30
6993,2556305,3,2004-09-11
6993,2457212,4,2004-10-22
6993,714559,2,2003-05-20
6993,735346,3,2003-10-18
6993,831643,4,2004-09-14
6993,59913,3,2004-08-17
6993,898850,1,2003-05-30
6993,1896167,2,2003-12-16
6993,1649576,3,2003-05-30
6993,1453864,3,2003-06-24
6993,780237,2,2003-07-26
6993,2569992,1,2003-01-16
6993,2085230,4,2004-01-16
6993,2402994,2,2004-01-14
6993,1749903,3,2004-01-08
6993,1013696,3,2003-06-23
6993,1540826,4,2002-11-18
6993,1366123,3,2004-06-30
6993,1848945,3,2005-02-22
6993,827713,3,2005-09-21
6993,1792741,3,2004-09-02
6993,565559,2,2003-03-13
6993,1954885,3,2004-08-17
6993,2246410,1,2005-08-22
6993,272946,3,2004-03-09
6993,1314869,3,2004-05-29
6993,368514,3,2003-12-17
6993,2580074,1,2003-09-23
6993,828186,1,2004-05-28
6993,2440934,3,2005-02-10
6993,1499853,5,2005-05-31
6993,1835280,4,2005-05-20
6993,2237185,3,2002-06-12
6993,2060352,2,2003-07-01
6993,2512698,2,2003-03-07
6993,1166912,3,2003-05-06
6993,1750198,3,2003-11-24
6993,859424,5,2005-02-09
6993,1394924,2,2003-05-31
6993,696852,2,2003-01-05
6993,2062350,3,2003-06-17
6993,2291059,3,2004-06-21
6993,465713,5,2005-05-29
6993,428831,1,2005-06-23
6993,1114044,3,2003-01-07
6993,2439493,1,2003-02-12
6993,1968107,3,2003-07-03
6993,646579,4,2003-10-23
6993,1143536,4,2002-11-17
6993,1205848,3,2003-06-12
6993,735094,2,2003-08-23
6993,165374,3,2004-06-08
6993,2563611,4,2003-01-18
6993,2534301,3,2003-07-14
6993,1436522,3,2003-07-15
6993,2069473,3,2004-08-14
6993,2212921,2,2003-08-30
6993,2442531,3,2004-08-09
6993,343034,3,2003-08-01
6993,2374644,5,2004-05-23
6993,352233,3,2003-06-16
6993,1559911,1,2002-10-25
6993,1041555,5,2003-10-09
6993,1235099,2,2003-02-12
6993,2420983,3,2005-07-04
6993,772817,1,2003-04-28
6993,251967,2,2003-06-24
6993,1410134,4,2005-10-17
6993,1486636,3,2003-05-18
6993,1487374,3,2003-09-02
6993,976347,1,2003-09-04
6993,439240,3,2004-10-22
6993,2047349,4,2005-04-02
6993,2305904,3,2002-11-13
6993,538221,3,2005-04-25
6993,1144139,5,2002-08-01
6993,1720179,4,2004-05-25
6993,600244,1,2002-09-20
6993,1906808,3,2004-07-26
6993,648173,4,2005-07-31
6993,59052,3,2004-05-15
6993,1110156,3,2003-06-11
6993,638721,3,2005-09-21
6993,738545,5,2003-11-05
6993,639130,4,2004-12-18
6993,2228411,3,2005-02-15
6993,30245,4,2005-04-03
6993,1841371,2,2005-04-21
6993,2621714,2,2005-09-13
6993,2315216,3,2003-05-20
6993,291198,2,2004-07-24
6993,552107,2,2003-08-28
6993,577027,4,2003-09-15
6993,297809,4,2003-10-08
6993,1501337,3,2003-11-28
6993,1084626,2,2002-06-27
6993,952156,3,2005-03-01
6993,768570,3,2003-08-03
6993,1818981,4,2003-02-24
6993,1252322,3,2003-11-07
6993,1020155,4,2005-05-13
6993,390637,3,2005-06-13
6993,2047811,4,2004-04-10
6993,1029216,4,2003-06-18
6993,2640816,3,2003-11-24
6993,818752,3,2005-05-24
6993,1137764,2,2003-10-13
6993,1011516,3,2004-04-05
6993,1212887,5,2003-12-13
6993,1065658,3,2003-07-10
6993,1060057,2,2005-01-05
6993,1217641,1,2005-04-15
6993,170661,5,2003-03-26
6993,493009,4,2003-10-13
6993,2457095,2,2004-09-15
6993,2375710,3,2002-12-04
6993,1876520,1,2002-07-03
6993,794497,2,2004-03-05
6993,2045883,1,2004-03-30
6993,2362418,3,2003-02-24
6993,2407925,5,2003-07-02
6993,1406117,2,2005-01-28
6993,1546264,3,2003-07-07
6993,480290,4,2004-06-14
6993,248206,4,2003-04-17
6993,2127497,2,2003-12-19
6993,456062,4,2004-10-18
6993,2076856,5,2005-02-23
6993,2198039,3,2004-02-21
6993,1143631,4,2004-11-16
6993,1652323,3,2004-08-13
6993,2270284,4,2005-08-11
6993,118868,4,2005-11-18
6993,279521,4,2005-07-23
6993,810555,4,2003-02-12
6993,1269659,2,2003-08-07
6993,814455,1,2003-09-01
6993,2298267,4,2004-02-09
6993,639810,3,2005-06-23
6993,890669,3,2005-11-01
6993,1225584,4,2003-06-07
6993,1266847,5,2003-02-13
6993,1010402,3,2003-08-07
6993,1274584,3,2004-08-08
6993,733971,3,2004-12-09
6993,998502,3,2002-07-23
6993,81246,5,2004-01-15
6993,1793702,4,2003-03-31
6993,172999,5,2003-01-06
6993,184705,3,2004-11-18
6993,383451,4,2004-12-29
6993,455329,4,2005-02-08
6993,1806750,1,2003-11-24
6993,2321388,3,2003-02-18
6993,713496,3,2003-04-04
6993,1306304,4,2003-10-22
6993,173571,2,2003-09-09
6993,148441,3,2004-04-02
6993,584615,4,2004-09-28
6993,1002249,3,2005-11-18
6993,1717184,2,2002-09-09
6993,624448,5,2004-07-09
6993,1770428,4,2003-05-14
6993,2121655,3,2005-02-28
6993,102527,1,2003-07-03
6993,2250323,2,2003-07-10
6993,1760764,2,2005-01-23
6993,320314,2,2005-03-28
6993,2552319,3,2005-04-03
6993,757420,4,2005-10-11
6993,532689,4,2002-11-18
6993,303270,4,2003-10-17
6993,1656393,4,2003-02-12
6993,2318293,4,2004-03-03
6993,973313,2,2002-12-20
6993,2449788,3,2003-10-08
6993,646889,2,2004-11-27
6993,1848916,3,2003-03-18
6993,701443,2,2003-05-08
6993,75862,4,2003-10-05
6993,1948594,4,2005-03-23
6993,2545022,2,2003-10-05
6993,1664010,4,2005-10-12
6993,945435,4,2003-02-20
6993,15402,2,2005-04-15
6993,1486742,3,2004-03-15
6993,2018130,4,2003-08-19
6993,2276123,3,2004-01-30
6993,2256295,1,2003-10-28
6993,1198211,4,2003-06-30
6993,350034,3,2004-05-24
6993,1651511,3,2003-08-18
6993,461931,2,2003-08-27
6993,1421498,5,2004-12-16
6993,1304156,3,2003-09-04
6993,1389432,4,2004-02-18
6993,1090052,2,2003-05-13
6993,2306367,3,2003-09-01
6993,554566,3,2003-07-22
6993,78885,4,2005-02-15
6993,1388807,4,2003-09-16
6993,396368,3,2003-09-03
6993,25049,2,2004-05-19
6993,391893,4,2004-12-07
6993,1396595,3,2003-05-27
6993,1346908,3,2003-03-12
6993,968184,3,2003-04-11
6993,2304703,2,2002-09-04
6993,1764578,3,2003-02-21
6993,1665650,2,2004-09-03
6993,2122520,3,2004-11-05
6993,243612,4,2003-11-28
6993,2552013,5,2003-12-01
6993,2343409,3,2004-10-25
6993,508897,3,2004-02-18
6993,2070249,3,2003-07-10
6993,1298511,3,2003-07-07
6993,9321,2,2004-08-16
6993,383915,3,2004-01-12
6993,1662724,3,2005-05-18
6993,805637,3,2005-07-09
6993,1011240,3,2004-01-25
6993,1766217,3,2003-08-04
6993,504440,3,2005-08-17
6993,1282786,3,2003-09-15
6993,2258835,2,2004-06-29
6993,286774,3,2003-06-26
6993,1531781,3,2005-03-15
6993,2079363,2,2003-04-17
6993,1935793,1,2005-04-10
6993,1582373,4,2003-06-26
6993,2253090,3,2004-08-27
6993,2500432,4,2003-12-27
6993,2322990,3,2003-05-31
6993,405373,2,2003-06-14
6993,2078731,3,2003-08-30
6993,1090296,3,2003-03-08
6993,2601377,4,2004-02-29
6993,327821,3,2005-05-25
6993,1369846,3,2005-11-03
6993,834071,3,2003-07-21
6993,2047862,3,2003-01-15
6993,100775,5,2005-08-24
6993,2612435,4,2004-01-14
6993,2061018,3,2005-01-11
6993,117368,3,2003-12-24
6993,3321,1,2005-09-27
6993,824980,2,2005-10-17
6993,811011,4,2004-02-02
6993,2273811,2,2004-11-02
6993,1140196,3,2003-09-13
6993,576723,3,2003-02-20
6993,1403056,3,2003-07-09
6993,2082323,4,2004-02-01
6993,2271752,3,2003-09-23
6993,241330,4,2005-09-22
6993,491531,2,2005-07-24
6993,451096,4,2003-12-01
6993,213241,4,2003-11-12
6993,178623,3,2003-10-08
6993,2154308,3,2003-10-13
6993,415086,1,2003-08-04
6993,302408,3,2003-10-27
6993,2415041,5,2004-08-19
6993,2649308,4,2003-04-04
6993,1801164,3,2004-05-06
6993,1374197,3,2004-02-01
6993,423152,4,2002-12-04
6993,1178711,3,2003-10-18
6993,1559083,3,2003-05-03
6993,1105814,2,2004-09-12
6993,1910058,3,2003-09-18
6993,1344227,4,2003-04-02
6993,2117006,4,2005-01-06
6993,354673,3,2002-11-25
6993,2476490,2,2003-09-15
6993,966771,3,2003-08-14
6993,664705,2,2004-05-25
6993,747816,5,2004-01-19
6993,2375962,2,2004-07-26
6993,2579100,2,2005-09-18
6993,2127108,3,2005-07-15
6993,716173,5,2005-06-27
6993,1345167,3,2003-03-17
6993,2531111,4,2003-02-17
6993,789014,1,2003-02-11
6993,520507,3,2004-12-29
6993,682963,4,2005-06-27
6993,2235145,3,2003-05-12
6993,16272,2,2002-08-01
6993,132697,3,2003-05-14
6993,999444,4,2005-09-23
6993,307154,4,2003-08-15
6993,3423,1,2003-12-31
6993,2431904,3,2003-07-01
6993,675775,4,2005-04-04
6993,1974838,3,2003-10-15
6993,319058,1,2005-01-26
6993,1873087,5,2005-05-09
6993,1839385,4,2003-06-25
6993,205837,3,2004-03-28
6993,1539684,3,2004-01-05
6993,158086,3,2002-11-21
6993,519699,4,2005-07-26
6993,473062,3,2004-07-07
6993,52747,2,2003-06-11
6993,2462494,1,2003-08-23
6993,305344,1,2003-02-24
6993,637502,2,2003-03-19
6993,964421,2,2003-06-02
6993,2554977,4,2004-05-13
6993,1293712,4,2004-11-24
6993,1537982,4,2003-06-06
6993,647070,4,2003-03-18
6993,303434,4,2003-04-23
6993,452123,3,2003-07-15
6993,1413953,3,2003-12-16
6993,724167,4,2004-12-02
6993,380541,4,2005-10-06
6993,2516973,4,2003-10-01
6993,1970534,3,2002-10-02
6993,786748,4,2003-06-26
6993,1403217,1,2005-08-10
6993,2208248,3,2005-03-08
6993,328293,3,2003-03-15
6993,2457430,2,2003-04-15
6993,888982,3,2005-08-27
6993,383327,5,2002-07-30
6993,589563,1,2003-09-30
6993,1325221,3,2004-03-09
6993,588954,4,2003-06-14
6993,805379,3,2003-10-01
6993,1636572,2,2003-07-19
6993,392346,4,2002-12-15
6993,2088101,2,2003-01-14
6993,928059,4,2004-06-17
6993,1018992,4,2004-11-11
6993,2326108,4,2004-12-22
6993,2212512,1,2005-09-24
6993,1318179,3,2005-11-01
6993,1197111,3,2005-12-12
6993,2038581,3,2003-07-16
6993,1462211,3,2004-02-23
6993,1312099,4,2005-09-14
6993,10268,3,2003-05-02
6993,2575399,3,2004-08-07
6993,1069677,4,2005-08-29
6993,2438621,3,2004-11-11
6993,416755,5,2003-12-30
6993,2347080,4,2003-09-24
6993,2137676,3,2004-02-16
6993,2082447,3,2004-07-16
6993,1158884,3,2005-01-27
6993,618392,4,2004-03-20
6993,1266486,4,2003-07-23
6993,1964120,3,2003-05-06
6993,1582149,2,2005-10-15
6993,950421,5,2003-03-10
6993,616822,2,2003-03-21
6993,107689,2,2004-08-19
6993,609561,1,2004-06-28
6993,1302865,4,2005-10-16
6993,2554860,4,2002-07-02
6993,1608087,3,2003-07-30
6993,2599765,3,2003-04-30
6993,401472,3,2004-02-27
6993,1558180,3,2003-04-11
6993,220568,4,2003-08-13
6993,1102515,3,2004-02-13
6993,654008,3,2003-07-10
6993,898239,2,2002-08-06
6993,962904,4,2003-09-10
6993,1424445,2,2004-11-16
6993,747926,4,2003-05-14
6993,940179,3,2003-03-26
6993,115589,4,2003-07-07
6993,2522009,3,2005-05-16
6993,2185262,2,2005-11-19
6993,1619591,4,2005-12-26
6993,1858079,3,2003-01-16
6993,1893772,5,2005-08-06
6993,872734,4,2005-01-28
6993,2513043,2,2003-07-08
6993,237951,2,2005-04-13
6993,2029766,2,2003-01-13
6993,2632437,3,2003-06-25
6993,1510980,2,2004-04-30
6993,2480001,3,2005-03-21
6993,2041382,3,2005-04-26
6993,676659,4,2003-05-29
6993,121182,4,2002-12-07
6993,2146910,3,2003-10-25
6993,412262,2,2003-05-22
6993,1088404,2,2003-11-20
6993,475986,2,2004-03-18
6993,1698961,5,2004-02-03
6993,1536480,2,2003-06-10
6993,2072858,3,2003-07-11
6993,637767,3,2004-04-04
6993,846325,3,2003-07-11
6993,2607433,3,2003-05-24
6993,1826877,5,2004-09-20
6993,896279,3,2005-06-01
6993,2396327,5,2005-11-07
6993,171276,4,2003-02-14
6993,1280309,3,2003-06-18
6993,837133,3,2005-05-04
6993,610706,3,2003-09-09
6993,1217933,3,2003-05-25
6993,1059108,4,2003-03-03
6993,2086214,3,2004-03-20
6993,2545709,4,2004-11-29
6993,279504,3,2004-12-20
6993,2645984,2,2004-12-05
6993,1288835,2,2005-08-11
6993,924755,4,2004-09-04
6993,1181072,4,2005-05-09
6993,714070,4,2005-09-16
6993,1338181,1,2003-05-27
6993,2503022,4,2004-01-01
6993,1169361,2,2004-01-30
6993,1458414,2,2005-02-18
6993,1527041,2,2003-10-22
6993,2118461,3,2005-10-22
6993,388717,3,2004-11-15
6993,1004047,3,2005-01-11
6993,1919244,5,2005-04-10
6993,1572717,4,2003-08-02
6993,2538567,4,2005-07-22
6993,2439933,3,2003-07-09
6993,1642201,5,2003-04-29
6993,522056,4,2003-03-03
6993,810213,4,2003-07-25
6993,133982,1,2002-08-10
6993,387418,2,2003-10-10
6993,498564,3,2004-05-03
6993,2508312,1,2004-12-25
6993,2503054,3,2003-08-15
6993,2016801,2,2004-04-12
6993,291078,3,2004-08-23
6993,1121410,4,2003-03-25
6993,1263386,2,2003-06-27
6993,2385565,2,2004-06-22
6993,2120912,3,2004-09-29
6993,1364293,2,2005-02-10
6993,376197,5,2005-04-01
6993,1392942,4,2005-04-16
6993,535765,3,2003-07-07
6993,2115299,5,2003-12-21
6993,2416072,3,2003-09-27
6993,1941875,5,2004-02-10
6993,256886,3,2005-07-29
6993,660061,4,2003-06-02
6993,794999,5,2004-06-22
6993,1762695,2,2004-06-24
6993,1786450,5,2005-09-09
6993,1317348,3,2004-12-17
6993,1273066,3,2003-01-14
6993,2631082,4,2004-04-28
6993,1091615,4,2003-04-14
6993,1462520,3,2003-05-30
6993,1148738,3,2004-01-13
6993,1884816,1,2004-08-21
6993,54040,2,2003-01-01
6993,943418,2,2004-02-15
6993,726864,3,2003-09-23
6993,1257336,1,2004-11-30
6993,2146687,4,2003-08-09
6993,1212775,1,2003-07-17
6993,2217548,4,2003-05-29
6993,534777,1,2004-02-14
6993,1603020,3,2004-11-14
6993,629794,2,2005-06-25
6993,2205137,1,2005-10-03
6993,1059745,2,2003-04-30
6993,1826552,4,2003-04-04
6993,348301,4,2003-11-17
6993,277541,3,2004-12-29
6993,1037245,4,2005-12-27
6993,1173289,2,2003-06-03
6993,1464671,4,2004-06-20
6993,795638,5,2003-03-09
6993,2157180,3,2003-08-01
6993,2223831,5,2004-09-02
6993,1246924,3,2005-04-06
6993,273487,4,2003-10-04
6993,2492458,4,2004-01-13
6993,1026817,3,2004-09-28
6993,842634,3,2003-02-17
6993,1639792,1,2003-04-01
6993,1063319,5,2002-10-14
6993,136682,3,2005-01-22
6993,57633,1,2002-06-15
6993,1758129,2,2002-10-11
6993,2050120,1,2003-04-10
6993,1569103,3,2003-06-19
6993,410206,2,2005-09-08
6993,2143500,2,2004-12-30
6993,414625,4,2005-11-05
6993,716098,5,2004-09-16
6993,1333002,3,2003-02-14
6993,281184,4,2003-08-01
6993,1107152,3,2003-07-29
6993,954353,3,2004-12-14
6993,1173570,3,2002-11-29
6993,1297940,4,2003-04-18
6993,143938,3,2004-07-13
6993,2621962,4,2005-10-30
6993,458215,2,2003-07-11
6993,1433681,5,2005-02-18
6993,2339847,4,2004-02-04
6993,1667002,3,2003-12-19
6993,1440251,2,2004-08-23
6993,834215,4,2002-09-15
6993,2371786,2,2003-04-01
6993,2232563,3,2004-06-23
6993,1707198,3,2004-01-22
6993,861840,1,2004-03-09
6993,756924,1,2003-09-12
6993,2620440,2,2003-08-10
6993,1768369,1,2005-09-27
6993,2324445,2,2003-02-14
6993,346438,5,2004-06-04
6993,229439,3,2003-08-05
6993,1079408,2,2003-04-18
6993,319844,4,2003-07-28
6993,379544,2,2003-09-03
6993,1511279,4,2003-11-23
6993,1709965,4,2002-09-23
6993,2582421,3,2003-05-22
6993,1434336,5,2004-06-17
6993,1535324,4,2003-12-04
6993,912844,3,2004-12-13
6993,1911845,3,2005-12-23
6993,1679735,2,2003-08-20
6993,120978,3,2004-06-30
6993,1087076,3,2004-10-30
6993,357707,3,2003-08-07
6993,2461535,2,2003-06-07
6993,100213,3,2005-07-26
6993,759322,3,2004-03-31
6993,963009,1,2003-02-11
6993,363534,4,2004-03-15
6993,2456457,4,2004-05-26
