11414,1700625,5,2003-12-10
11414,1153026,5,2005-08-31
11414,2323068,2,2004-01-15
11414,39956,5,2004-04-19
11414,133265,4,2005-12-08
11414,2311810,3,2003-08-18
11414,1666394,3,2005-08-29
11414,578019,2,2003-10-12
11414,1650301,2,2005-08-27
11414,1474541,2,2004-02-03
11414,2442,3,2005-11-05
11414,1317434,5,2004-10-12
11414,360923,5,2005-08-21
11414,2556427,3,2004-08-30
11414,580959,1,2005-02-28
11414,606649,4,2004-09-18
11414,1310126,3,2005-07-25
11414,1227322,3,2004-04-09
11414,427928,3,2003-12-17
11414,505367,4,2003-11-20
11414,1273613,3,2005-05-10
11414,1033629,4,2004-04-25
11414,649969,4,2003-08-18
11414,2144120,5,2004-09-30
11414,98044,3,2005-11-20
11414,252944,4,2005-08-04
11414,1118827,4,2004-08-17
11414,1070563,5,2005-06-13
11414,1176800,4,2003-08-22
11414,2385153,4,2004-02-20
11414,534035,3,2004-03-30
11414,901859,5,2004-11-19
11414,2341605,3,2005-12-17
11414,181094,4,2004-02-07
11414,1910523,3,2005-02-18
11414,1936828,3,2005-11-05
11414,1911835,4,2005-09-07
11414,1453583,3,2005-10-20
11414,2598028,1,2005-11-28
11414,1462959,1,2004-03-03
11414,1800233,3,2003-07-15
11414,756992,3,2004-07-26
11414,450429,1,2005-02-12
11414,1404539,3,2004-12-02
11414,2445872,4,2003-08-21
11414,1558950,2,2005-08-19
11414,1904415,3,2005-01-05
11414,411705,4,2004-12-05
11414,987647,3,2004-05-24
11414,699181,4,2004-05-23
11414,2617650,4,2004-07-07
11414,428465,2,2003-12-01
11414,1295760,4,2004-06-22
11414,1636913,3,2004-09-07
11414,1013802,1,2004-09-15
11414,351070,4,2004-03-05
11414,827207,3,2004-09-10
11414,851410,5,2004-05-24
11414,117193,3,2004-12-12
11414,521082,5,2004-08-01
11414,2048858,5,2005-09-25
11414,2345757,2,2005-09-27
11414,269088,4,2005-11-21
11414,829323,3,2005-08-04
11414,2495566,3,2004-07-22
11414,192889,2,2004-06-10
11414,2439493,1,2003-04-22
11414,2490602,3,2003-09-17
11414,1377734,3,2003-12-16
11414,509928,3,2005-11-03
11414,2153451,5,2004-02-24
11414,2150937,3,2005-03-25
11414,1904288,5,2005-06-15
11414,1910320,1,2005-09-18
11414,2066458,3,2004-07-23
11414,850291,3,2005-09-27
11414,1563935,1,2005-08-15
11414,605717,3,2004-07-23
11414,182574,3,2004-11-29
11414,612656,4,2004-12-10
11414,1452454,5,2003-08-05
11414,226529,2,2004-07-13
11414,633991,3,2003-11-21
11414,780334,4,2005-02-09
11414,2630254,2,2003-11-03
11414,2254015,3,2004-04-03
11414,2383871,3,2003-11-25
11414,1198250,4,2003-11-29
11414,1278450,5,2004-04-21
11414,792534,3,2003-11-04
11414,761057,5,2004-01-12
11414,1869158,2,2003-07-02
11414,1382013,5,2004-06-20
11414,743633,5,2005-09-07
11414,983917,3,2005-07-22
11414,1006071,4,2003-09-12
11414,1686303,3,2003-08-26
11414,337368,5,2004-02-25
11414,727458,1,2004-09-04
11414,1700211,1,2003-12-27
11414,1593994,4,2005-09-08
11414,1864235,1,2004-03-11
11414,910262,3,2005-09-01
11414,2029700,3,2004-11-15
11414,771116,3,2005-10-25
11414,561321,3,2004-12-14
11414,2640999,1,2005-10-24
11414,2574258,3,2004-01-10
11414,181941,3,2004-04-12
11414,892966,5,2004-11-18
11414,394877,5,2005-11-07
11414,2576911,2,2005-08-03
11414,1912119,3,2004-05-24
11414,2403703,3,2004-04-22
11414,2457095,2,2004-11-12
11414,1809161,4,2004-09-15
11414,2536969,3,2003-12-21
11414,1612420,5,2004-05-24
11414,1385788,3,2005-09-01
11414,1122036,5,2004-07-28
11414,105015,4,2004-10-29
11414,1371592,3,2003-09-02
11414,3468,5,2005-12-16
11414,356157,3,2005-11-28
11414,103823,4,2005-08-28
11414,1967772,3,2005-10-05
11414,1571565,2,2005-10-11
11414,134680,5,2004-08-27
11414,968745,3,2003-12-06
11414,2386732,4,2003-10-21
11414,702604,4,2003-06-16
11414,2311116,3,2004-10-05
11414,353505,4,2004-12-27
11414,934439,4,2005-11-18
11414,2384450,3,2003-09-11
11414,1857928,2,2004-01-21
11414,153231,4,2005-01-23
11414,455843,1,2005-08-11
11414,31555,2,2005-09-01
11414,2152732,4,2004-08-06
11414,1209459,4,2004-03-16
11414,1153013,4,2004-10-05
11414,1232728,3,2004-01-07
11414,925976,1,2004-01-27
11414,1322561,4,2004-04-25
11414,2116650,2,2003-12-02
11414,433877,3,2004-10-27
11414,1853197,4,2005-11-03
11414,2142755,5,2005-10-28
11414,1970583,3,2005-08-29
11414,862644,4,2005-08-02
11414,1318617,3,2005-08-26
11414,701379,3,2004-07-12
11414,1073761,2,2003-05-26
11414,1426989,3,2004-02-20
11414,1239944,3,2004-03-23
11414,1624416,3,2003-10-13
11414,421900,3,2005-01-08
11414,91893,3,2004-03-01
11414,1497593,3,2004-10-07
11414,683824,3,2004-12-29
11414,1664010,5,2005-10-13
11414,1777357,2,2004-11-05
11414,135657,4,2005-11-29
11414,1199841,3,2003-12-10
11414,1460047,3,2004-04-22
11414,411647,4,2004-09-17
11414,339623,3,2004-03-03
11414,2571754,3,2004-10-29
11414,435826,3,2003-09-30
11414,256316,1,2004-01-14
11414,2125605,2,2005-11-12
11414,605803,3,2003-10-01
11414,761510,5,2005-08-09
11414,1665034,3,2004-07-22
11414,1902140,4,2004-12-20
11414,2144998,5,2004-12-24
11414,2045112,3,2005-11-27
11414,2408663,4,2005-12-08
11414,1456270,2,2004-06-24
11414,2297136,1,2005-08-14
11414,878477,3,2004-01-06
11414,2222806,4,2004-06-17
11414,2194266,5,2004-10-28
11414,229583,3,2003-12-04
11414,1343262,3,2004-01-15
11414,2211674,5,2004-02-05
11414,154358,4,2005-10-06
11414,2634659,3,2003-12-16
11414,2018419,3,2004-01-27
11414,2341239,3,2004-11-16
11414,2308227,4,2004-07-14
11414,1291403,4,2005-04-27
11414,1988406,5,2004-09-16
11414,1904364,3,2003-12-08
11414,481617,4,2004-04-16
11414,694820,2,2003-10-31
11414,1699032,4,2004-06-17
11414,1179238,3,2005-10-05
11414,2483914,1,2004-03-09
11414,2118429,4,2004-10-07
11414,2555614,5,2005-02-07
11414,105110,4,2005-07-24
11414,1671154,5,2004-02-02
11414,2413320,3,2004-04-20
11414,2291306,2,2004-03-03
11414,2352116,3,2005-02-28
11414,1591868,3,2005-11-16
11414,852275,4,2004-05-05
11414,2506516,4,2004-02-17
11414,256327,1,2004-07-14
11414,715950,2,2004-08-19
11414,1119716,3,2004-10-02
11414,2301906,4,2005-09-08
11414,1483664,4,2004-03-23
11414,1792409,2,2005-10-27
11414,1629845,5,2005-09-15
11414,2036546,2,2005-11-07
11414,1328763,3,2003-09-16
11414,394654,3,2004-01-19
11414,1664629,3,2004-06-05
11414,778092,2,2005-09-14
11414,1958930,2,2003-09-23
11414,617852,1,2004-01-29
11414,2606799,2,2005-11-23
11414,1379915,3,2004-02-05
11414,574234,4,2004-10-28
11414,623797,3,2005-01-28
11414,2502774,3,2005-11-15
11414,84836,5,2005-05-02
11414,2165084,3,2005-10-19
11414,224250,3,2004-03-29
11414,2498050,5,2004-07-03
11414,802314,3,2005-10-05
11414,1806203,2,2003-09-11
11414,2261411,3,2005-07-10
11414,2596038,3,2004-01-28
11414,666290,2,2005-10-23
11414,2185131,3,2005-11-21
11414,1681434,3,2005-12-28
11414,1905303,4,2004-01-29
11414,1173346,3,2003-06-26
11414,506757,5,2004-04-25
11414,699561,3,2005-09-13
11414,772327,4,2003-10-08
11414,567016,2,2003-07-08
11414,925340,5,2004-10-29
11414,1762954,3,2005-10-25
11414,2458079,3,2003-12-12
11414,1729065,3,2003-10-08
11414,1896062,2,2003-12-11
11414,855649,3,2003-08-23
11414,305344,2,2003-05-17
11414,1570141,3,2004-03-31
11414,636106,4,2004-06-21
11414,1113723,3,2004-02-28
11414,665822,4,2004-11-19
11414,2165453,4,2005-09-10
11414,2256927,2,2005-08-05
11414,1754946,4,2004-02-15
11414,1705410,3,2004-10-22
11414,490528,4,2005-09-14
11414,163288,3,2003-10-27
11414,1403217,4,2004-06-24
11414,506447,3,2004-01-19
11414,105995,4,2004-01-28
11414,1772133,2,2003-09-29
11414,1906049,3,2005-11-07
11414,748028,4,2004-08-03
11414,618832,2,2004-06-07
11414,1576594,5,2005-02-03
11414,447759,5,2005-11-01
11414,1451106,3,2005-12-20
11414,931522,4,2004-01-09
11414,1295074,3,2004-01-20
11414,1190007,5,2004-01-06
11414,21722,4,2005-03-11
11414,780768,3,2005-11-21
11414,1814210,4,2005-12-08
11414,1742199,4,2004-09-28
11414,1291667,4,2005-12-17
11414,1601238,4,2005-09-03
11414,1417614,3,2004-07-20
11414,2490028,3,2003-09-30
11414,1593211,5,2004-01-21
11414,1816425,3,2003-08-15
11414,551539,5,2004-09-28
11414,642295,3,2003-09-11
11414,2630797,5,2005-07-30
11414,524609,4,2005-02-09
11414,65403,3,2005-09-13
11414,2089287,3,2004-07-05
11414,1788627,4,2003-09-09
11414,1100548,3,2004-07-12
11414,258913,5,2005-11-14
11414,173554,4,2005-11-21
11414,2195015,5,2003-09-17
11414,2643261,4,2004-06-18
11414,1590920,4,2004-08-24
11414,1653834,4,2004-10-07
11414,272143,4,2005-03-21
11414,1910804,5,2005-11-25
11414,1771636,5,2004-04-15
11414,1174219,3,2004-11-02
11414,2541565,5,2004-11-08
11414,579707,5,2004-12-01
11414,1666106,3,2005-09-10
11414,2571832,3,2004-03-31
11414,379136,1,2004-08-30
11414,1034831,3,2003-08-27
11414,677536,2,2003-08-14
11414,2534113,3,2004-11-09
11414,2116787,4,2005-11-02
11414,2113777,4,2004-04-21
11414,971668,4,2005-09-28
11414,1933592,4,2003-09-07
11414,1300033,3,2003-11-18
11414,559366,1,2003-11-12
11414,1971100,2,2003-12-07
11414,1398626,3,2005-01-09
11414,1079032,3,2004-04-21
11414,2155203,4,2005-10-26
11414,1169361,3,2004-08-02
11414,651284,4,2004-06-07
11414,688863,3,2005-08-15
11414,2118461,4,2005-12-20
11414,1398222,3,2005-08-26
11414,1569314,4,2003-09-02
11414,87164,4,2004-10-03
11414,2500605,3,2005-02-26
11414,387418,3,2003-09-13
11414,721443,4,2004-02-06
11414,230185,4,2005-08-31
11414,1913730,2,2003-11-11
11414,2308114,4,2005-08-09
11414,2424223,2,2005-02-23
11414,1486829,5,2005-10-20
11414,344089,3,2005-08-20
11414,2197629,3,2004-01-22
11414,354178,4,2003-09-04
11414,1346060,4,2004-07-27
11414,1887920,3,2005-10-08
11414,51345,4,2004-09-21
11414,1191972,4,2004-12-29
11414,2122667,1,2003-08-04
11414,2257029,3,2003-10-09
11414,399061,5,2003-12-26
11414,239885,4,2004-01-04
11414,244902,4,2005-04-19
11414,556164,4,2005-01-19
11414,1099833,5,2005-11-01
11414,745031,3,2005-08-18
11414,2406705,2,2005-09-05
11414,1070955,4,2003-10-28
11414,789613,4,2004-01-12
11414,37623,3,2004-11-17
11414,2133238,3,2005-11-24
11414,1639792,1,2003-05-12
11414,1515355,4,2003-08-22
11414,2537019,4,2004-07-05
11414,2460538,4,2004-08-02
11414,1037952,5,2004-10-26
11414,1113673,4,2005-05-12
11414,1617298,5,2004-05-31
11414,776014,5,2005-02-06
11414,2419344,3,2005-10-08
11414,513933,3,2004-05-01
11414,2009638,3,2004-02-13
11414,129428,2,2004-07-28
11414,802746,4,2005-08-07
11414,1342059,4,2003-11-21
11414,1576517,4,2005-10-17
11414,841872,3,2003-07-28
11414,1775113,1,2003-12-22
11414,644918,3,2004-03-25
11414,2620636,3,2003-08-09
11414,92399,3,2004-05-18
11414,724134,4,2005-11-03
11414,1176909,3,2005-11-24
11414,2639487,4,2003-12-22
11414,458215,3,2005-10-24
11414,1891368,4,2003-11-18
11414,551748,3,2004-06-08
11414,1065639,3,2005-09-04
11414,2185440,3,2003-09-05
11414,2102417,3,2003-12-01
11414,404453,2,2005-02-18
11414,2129219,5,2005-03-21
11414,2062610,4,2004-11-04
11414,1377391,3,2004-04-24
11414,448819,2,2004-06-22
11414,1311573,4,2004-12-11
11414,943026,4,2005-10-04
11414,952173,3,2005-09-01
11414,1766599,1,2004-10-15
11414,1918556,3,2004-02-25
11414,1667409,5,2004-08-19
11414,2539309,3,2004-05-22
11414,1313126,4,2005-10-12
11414,1990167,3,2005-08-04
11414,426244,5,2004-01-31
11414,1930011,3,2004-01-22
11414,1043471,3,2004-11-17
11414,458916,4,2004-03-03
