16857,884121,3,2005-06-06
16857,2625420,2,2005-03-28
16857,1774648,1,2005-04-02
16857,794794,4,2005-09-22
16857,686857,3,2005-08-04
16857,1796925,3,2005-09-03
16857,1083500,3,2005-06-22
16857,2331272,3,2005-05-05
16857,1971932,5,2005-10-30
16857,942668,4,2005-07-16
16857,979937,3,2005-08-23
16857,688892,5,2005-11-01
16857,267395,4,2005-06-15
16857,2575217,4,2005-07-01
16857,663808,4,2005-10-23
16857,2500699,2,2005-05-16
16857,2278960,3,2005-09-25
16857,2035151,2,2005-04-26
16857,883478,3,2005-10-27
16857,1754249,5,2005-08-05
16857,1748471,5,2005-03-06
16857,513306,3,2005-03-14
16857,910386,5,2005-08-24
16857,2439493,1,2004-12-13
16857,2210403,4,2005-12-21
16857,979870,4,2005-08-22
16857,2298138,3,2005-08-25
16857,1084457,3,2005-03-28
16857,2282108,4,2005-08-12
16857,2199315,4,2005-09-14
16857,1024854,5,2005-04-28
16857,893404,5,2005-11-23
16857,1143480,5,2005-08-10
16857,183435,3,2005-11-05
16857,50274,3,2005-08-01
16857,1629566,5,2005-09-14
16857,851102,3,2005-09-15
16857,59374,2,2005-05-30
16857,2640999,1,2005-10-24
16857,1374216,1,2005-09-25
16857,2223917,4,2005-07-25
16857,2544655,5,2005-04-19
16857,2388118,2,2005-04-11
16857,2616210,2,2005-12-22
16857,1973962,2,2005-03-10
16857,824277,1,2005-03-28
16857,1664010,4,2005-10-13
16857,2182331,3,2005-07-06
16857,48558,5,2005-08-07
16857,603039,2,2005-08-08
16857,53422,4,2005-03-17
16857,98579,5,2005-10-14
16857,1288722,3,2005-05-10
16857,2036919,5,2005-11-09
16857,500119,4,2005-08-21
16857,601892,3,2005-06-16
16857,2247002,3,2005-07-23
16857,471040,3,2005-08-29
16857,1894362,3,2005-09-21
16857,517859,3,2005-08-01
16857,1323128,4,2005-09-15
16857,853683,3,2005-06-01
16857,122564,4,2005-09-15
16857,1580014,5,2005-11-26
16857,1866157,4,2005-10-12
16857,2607305,4,2005-11-30
16857,2606799,2,2005-05-16
16857,506623,3,2005-06-08
16857,2256485,1,2005-06-21
16857,2567062,5,2005-03-23
16857,1417763,4,2005-05-25
16857,37939,4,2005-10-11
16857,295097,3,2005-04-13
16857,155303,3,2005-08-30
16857,305344,1,2005-02-11
16857,1665188,4,2005-11-29
16857,1403217,3,2005-09-06
16857,699550,2,2005-09-19
16857,1147342,5,2005-11-09
16857,455893,3,2005-08-23
16857,1692369,3,2005-12-08
16857,2315012,1,2005-12-06
16857,2131902,3,2005-07-11
16857,1532058,5,2005-03-16
16857,1707062,4,2005-12-02
16857,2373114,2,2005-04-15
16857,658905,2,2005-09-12
16857,372494,4,2005-03-04
16857,2056022,2,2005-08-16
16857,4597,2,2005-05-02
16857,2638675,5,2005-09-27
16857,969313,3,2005-10-19
16857,541084,5,2005-08-28
16857,1806515,3,2005-09-29
16857,2118461,4,2005-12-20
16857,387418,1,2005-02-14
16857,154698,4,2005-08-08
16857,1860165,5,2005-09-19
16857,1518112,5,2005-04-18
16857,1589316,3,2005-09-01
16857,794999,5,2005-03-14
16857,996719,3,2005-07-22
16857,2175986,4,2005-10-26
16857,1792776,5,2005-04-12
16857,1032336,4,2005-05-25
16857,1859161,3,2005-09-10
16857,1533807,3,2005-04-21
16857,1988419,5,2005-11-29
16857,1985040,5,2005-09-15
16857,1435175,4,2005-04-25
