460,844736,1,2003-09-23
460,1005101,2,2003-06-17
460,719258,4,2005-12-16
460,2250613,2,2004-02-06
460,2434480,2,2003-11-22
460,52887,1,2003-12-19
460,212536,1,2004-10-26
460,2155945,1,2005-06-27
460,1364562,1,2003-06-26
460,310049,5,2003-10-22
460,53163,1,2004-11-16
460,183476,1,2003-06-18
460,2409698,1,2004-09-23
460,1462701,1,2004-02-11
460,1386143,3,2004-02-13
460,500825,1,2004-03-10
460,2308181,1,2004-06-23
460,938944,4,2004-04-23
460,781795,1,2004-03-15
460,1662849,1,2004-10-05
460,622673,2,2004-12-09
460,831988,4,2005-06-25
460,2401585,1,2004-06-30
460,1322489,1,2003-08-31
460,2128254,1,2003-07-14
460,985344,1,2004-05-11
460,700342,5,2004-12-29
460,785608,1,2005-08-19
460,2160719,2,2004-05-08
460,1066820,2,2004-10-17
460,2488764,1,2004-01-14
460,1768779,1,2004-10-11
460,2158046,4,2004-11-20
460,1725009,3,2004-04-01
460,1486137,3,2005-06-17
460,128091,1,2003-07-09
460,880579,3,2004-03-19
460,2333119,3,2003-11-11
460,411705,3,2004-06-19
460,412549,2,2004-12-31
460,2153526,3,2003-11-24
460,1944765,5,2005-09-19
460,85082,4,2004-04-13
460,2128207,3,2004-11-15
460,2562136,5,2005-02-14
460,2312986,3,2003-10-23
460,1370323,2,2004-06-22
460,1959113,3,2004-05-14
460,713210,1,2003-11-28
460,1846414,2,2004-04-03
460,1831216,1,2004-09-15
460,591923,3,2004-02-02
460,2556059,3,2004-03-25
460,758538,2,2004-11-28
460,688463,3,2005-10-06
460,288510,4,2003-06-30
460,2433324,2,2003-09-25
460,2439493,1,2003-06-13
460,765860,2,2004-02-13
460,1062876,1,2004-04-15
460,1424172,4,2004-07-12
460,656229,1,2004-01-21
460,1147370,3,2004-03-04
460,2198103,1,2003-11-03
460,1869225,2,2003-09-29
460,2185614,2,2004-03-26
460,176377,1,2003-06-14
460,2116625,1,2005-06-28
460,504297,4,2004-11-30
460,1799734,2,2005-06-23
460,1914507,3,2004-04-17
460,2636654,2,2004-01-06
460,1451661,5,2005-07-12
460,2398061,1,2003-08-25
460,319827,2,2003-09-13
460,2264426,1,2004-04-25
460,1878316,3,2004-04-29
460,2092239,2,2004-10-24
460,2040859,1,2004-11-23
460,1156035,3,2003-12-16
460,1280745,2,2004-06-26
460,1646777,1,2004-03-31
460,2266549,1,2004-09-07
460,1028463,1,2003-06-18
460,2310889,1,2004-08-02
460,1884277,4,2003-10-29
460,1958983,4,2003-10-02
460,1149786,2,2004-12-25
460,1485312,3,2004-07-16
460,2600868,1,2003-07-26
460,2099050,4,2003-11-12
460,724590,1,2005-02-26
460,1876520,1,2005-07-13
460,1825841,5,2005-06-20
460,2141037,3,2004-06-10
460,1808148,2,2004-07-03
460,2622066,2,2004-01-14
460,2357895,3,2003-09-06
460,687574,4,2003-08-08
460,2171111,2,2004-04-27
460,717200,2,2004-01-08
460,735278,3,2004-01-12
460,1999702,1,2003-11-04
460,754742,2,2003-11-11
460,1732840,3,2005-08-06
460,386156,1,2003-11-24
460,702604,2,2003-09-26
460,2567586,1,2004-05-05
460,204662,3,2005-07-27
460,917443,4,2004-08-22
460,813625,2,2005-08-12
460,1589248,3,2003-09-24
460,719467,4,2004-01-29
460,1182654,5,2004-01-24
460,904015,1,2004-10-25
460,664290,1,2004-05-03
460,2409444,2,2003-09-03
460,1661794,3,2004-12-10
460,254270,2,2003-09-07
460,1961457,3,2005-11-22
460,2083367,2,2003-06-16
460,129766,3,2005-06-11
460,1391095,1,2004-11-13
460,2531772,1,2003-08-25
460,2515906,2,2004-04-18
460,862644,4,2004-04-22
460,979155,1,2003-08-11
460,2396472,5,2003-10-20
460,1032165,2,2003-06-24
460,360436,2,2004-05-19
460,876133,4,2005-03-05
460,490022,1,2003-11-02
460,1914933,1,2004-08-11
460,1664010,3,2005-10-14
460,1296568,4,2004-05-02
460,2419805,3,2004-04-09
460,12330,3,2004-01-31
460,919823,2,2005-02-01
460,2424335,3,2005-11-15
460,1755455,2,2004-03-29
460,2164523,2,2003-10-11
460,607947,2,2005-01-04
460,2618753,1,2005-08-03
460,329958,2,2004-02-18
460,774897,1,2004-07-09
460,2363063,1,2005-08-21
460,1076954,1,2003-11-14
460,1234597,1,2005-09-22
460,2450824,2,2005-11-11
460,1146596,3,2004-06-24
460,2629452,4,2004-07-26
460,2382338,1,2004-07-06
460,959509,1,2004-04-09
460,342989,3,2004-04-26
460,1603594,1,2004-11-08
460,1876728,2,2004-08-18
460,559725,2,2003-09-12
460,967827,2,2004-12-20
460,1653016,1,2005-10-09
460,1848868,1,2003-09-19
460,1382328,3,2004-04-19
460,525071,2,2005-03-18
460,109831,4,2003-08-25
460,1575866,1,2004-03-30
460,2293836,2,2005-07-02
460,2179495,1,2005-09-18
460,603878,1,2004-04-16
460,56620,1,2005-09-16
460,1631168,1,2004-07-07
460,1552194,2,2004-05-07
460,1749674,1,2003-09-09
460,595095,4,2005-08-21
460,655409,1,2003-07-07
460,2331032,1,2003-11-25
460,855878,2,2004-05-11
460,1966737,1,2005-09-13
460,373319,1,2005-10-10
460,870134,1,2005-12-27
460,1350424,2,2003-08-22
460,2406365,3,2004-08-12
460,1967585,3,2004-04-21
460,1156852,3,2004-08-23
460,2468639,3,2003-11-09
460,1184029,3,2004-10-13
460,1488942,2,2005-06-27
460,366902,1,2003-08-28
460,333818,2,2004-06-08
460,635409,1,2004-03-25
460,1168291,2,2004-09-25
460,425537,2,2005-10-01
460,935087,3,2004-04-08
460,731685,2,2004-03-14
460,900289,1,2005-11-08
460,511883,1,2004-02-06
460,1070248,5,2003-07-10
460,38115,4,2005-01-12
460,1330226,2,2004-05-18
460,108360,1,2003-07-12
460,590232,2,2004-05-10
460,1405379,3,2003-06-17
460,829613,1,2004-09-20
460,2393141,3,2005-10-20
460,2105815,1,2004-02-07
460,831839,1,2004-06-28
460,588874,5,2005-09-02
460,2046124,1,2005-06-27
460,1794947,2,2004-05-12
460,344201,4,2004-05-17
460,2128636,3,2005-06-23
460,1830717,2,2004-03-26
460,224092,3,2004-09-02
460,217225,2,2005-06-22
460,1087903,2,2004-01-30
460,151153,3,2004-01-13
460,305344,1,2003-07-13
460,80548,1,2004-03-19
460,1729991,1,2004-02-18
460,2220820,4,2004-11-05
460,844028,5,2003-06-11
460,2632331,1,2004-06-29
460,827240,3,2004-12-24
460,2530531,2,2004-04-02
460,1323244,1,2004-01-26
460,1059621,2,2004-11-30
460,2152805,1,2005-06-29
460,90020,1,2005-11-04
460,785329,3,2004-03-11
460,1716566,1,2005-09-07
460,1653535,2,2004-03-18
460,1716340,4,2005-06-23
460,1024432,2,2004-11-30
460,1589620,4,2003-12-02
460,2322592,1,2004-07-06
460,5980,4,2005-09-23
460,1934076,5,2005-09-27
460,309133,2,2004-02-20
460,822613,1,2005-07-21
460,1431998,4,2004-12-08
460,269501,1,2004-03-25
460,1042456,2,2005-06-15
460,1298406,1,2003-09-03
460,1698241,4,2003-07-16
460,1661344,2,2004-02-25
460,2291280,4,2004-06-02
460,42657,1,2004-08-28
460,2062474,2,2004-03-02
460,1679532,2,2004-11-30
460,1023514,1,2004-02-09
460,1888679,3,2005-06-28
460,1188440,3,2004-03-26
460,956297,1,2004-01-23
460,2570428,1,2004-01-12
460,2229960,1,2004-07-29
460,2479648,1,2004-01-15
460,946344,3,2005-08-24
460,713559,1,2004-04-08
460,2281224,1,2003-11-24
460,2063478,1,2005-03-02
460,119652,1,2004-04-14
460,2351399,1,2005-10-17
460,1343924,1,2005-03-28
460,2570462,2,2005-10-31
460,907347,2,2004-05-27
460,1793809,5,2004-02-21
460,1445218,3,2003-09-22
460,2102053,2,2004-05-24
460,609547,3,2004-03-03
460,963676,1,2004-07-13
460,1716322,2,2003-07-30
460,2060126,2,2004-08-17
460,2481859,4,2005-12-20
460,201579,3,2003-11-14
460,2166233,1,2004-04-21
460,2251835,3,2005-01-02
460,52892,1,2005-06-27
460,2118461,3,2005-12-28
460,1148655,2,2004-01-01
460,2609544,3,2004-03-03
460,2443313,3,2003-11-02
460,387418,2,2003-10-10
460,631247,3,2003-11-19
460,190671,3,2004-04-02
460,225545,1,2003-12-02
460,1122498,3,2005-09-06
460,801291,1,2003-09-23
460,761711,3,2003-10-11
460,2358472,3,2004-03-17
460,794999,5,2004-06-22
460,1486829,1,2004-11-18
460,1932594,1,2004-11-21
460,2474583,3,2005-08-23
460,1946094,3,2004-02-22
460,368124,3,2004-12-09
460,1613877,3,2005-02-03
460,2296816,2,2005-10-11
460,2362385,2,2003-07-05
460,1461435,1,2003-07-30
460,1147564,3,2004-03-31
460,1198975,3,2003-11-28
460,642384,5,2004-02-23
460,1464729,2,2004-07-30
460,492540,2,2004-08-30
460,1571419,3,2004-04-22
460,115682,1,2004-02-03
460,1639792,1,2003-06-10
460,215475,1,2005-07-23
460,1868129,2,2004-05-19
460,982661,1,2004-06-30
460,2090350,2,2004-10-21
460,2524011,5,2005-08-09
460,1096119,1,2005-10-28
460,874057,3,2004-05-17
460,2552963,3,2005-09-15
460,1763713,1,2005-11-01
460,75327,3,2003-09-04
460,663118,2,2003-07-09
460,1890044,1,2003-08-28
460,714799,3,2004-11-12
460,906020,1,2004-08-11
460,485181,1,2004-10-05
460,8431,3,2004-05-07
460,2456423,1,2005-11-10
460,568045,2,2003-07-24
460,1988415,3,2004-07-26
460,1999218,4,2005-06-16
460,2348029,1,2004-11-08
460,1589537,2,2005-07-05
460,1953987,2,2004-07-22
460,2560449,4,2003-09-29
460,574318,2,2004-01-12
460,2197791,1,2003-11-09
460,1697157,2,2003-12-15
460,249419,5,2005-09-24
460,2202906,2,2005-09-30
460,1264581,4,2004-02-17
460,1545312,2,2003-09-07
460,1116498,1,2004-07-30
460,2237988,2,2004-08-31
460,2270619,5,2005-07-26
460,822391,1,2005-08-15
460,2634967,1,2004-01-20
460,903732,1,2004-08-19
460,1689759,1,2004-09-01
460,1644788,2,2005-06-25
