6930,1402412,1,2004-01-21
6930,306466,3,2003-11-11
6930,790689,3,2004-01-27
6930,1515501,3,2004-06-27
6930,496735,3,2004-07-04
6930,2257304,3,2004-06-17
6930,1436762,3,2003-11-02
6930,1022378,3,2004-01-23
6930,31458,5,2005-08-23
6930,1644750,3,2005-09-03
6930,267955,4,2004-01-25
6930,824097,1,2004-02-06
6930,1754009,2,2004-06-18
6930,176006,3,2005-02-16
6930,291273,5,2005-03-22
6930,1435319,5,2005-03-23
6930,1801640,2,2005-06-21
6930,1260731,5,2003-11-03
6930,1661229,4,2003-10-16
6930,1427,3,2004-01-16
6930,899707,2,2004-03-16
6930,293901,3,2004-01-06
6930,2630970,2,2003-11-11
6930,1168256,4,2003-11-05
6930,704249,4,2004-09-16
6930,1593445,4,2004-06-02
6930,2216413,2,2005-01-24
6930,1907175,4,2005-05-22
6930,2459251,3,2005-10-23
6930,1878537,4,2005-12-23
6930,860599,4,2005-07-10
6930,214166,3,2004-03-07
6930,570085,5,2004-09-10
6930,955916,3,2003-11-04
6930,2298339,3,2004-04-27
6930,1348415,3,2004-07-21
6930,524211,5,2004-07-29
6930,2503887,3,2005-07-28
6930,1574266,2,2003-11-30
6930,1187839,3,2005-08-11
6930,1493150,2,2005-08-21
6930,856780,3,2004-05-11
6930,1253431,4,2004-08-24
6930,171039,4,2004-03-15
6930,232549,4,2004-02-03
6930,614058,3,2004-02-26
6930,1511913,3,2004-08-09
6930,343920,4,2004-08-26
6930,603277,4,2004-12-11
6930,835035,5,2005-01-10
6930,813307,5,2005-07-17
6930,2637831,2,2004-02-17
6930,2513594,2,2003-10-25
6930,2202826,3,2005-07-29
6930,2064672,4,2004-02-16
6930,2225898,2,2004-02-06
6930,1291316,3,2004-01-17
6930,184161,2,2005-08-11
6930,1099842,2,2003-12-28
6930,2312349,3,2004-04-23
6930,1682908,5,2003-11-20
6930,415676,3,2004-02-18
6930,1093275,4,2003-12-01
6930,1471557,2,2003-12-08
6930,115326,1,2004-01-13
6930,790195,3,2003-12-23
6930,2213550,1,2004-03-10
6930,281396,2,2004-09-07
6930,900977,2,2004-11-09
6930,1540191,3,2005-03-04
6930,331341,3,2005-03-07
6930,2430016,3,2005-03-14
6930,2162424,4,2005-04-23
6930,2152580,5,2005-12-06
6930,1729134,4,2004-01-16
6930,1977959,1,2003-10-24
6930,1758008,4,2004-04-12
6930,1203892,4,2004-01-27
6930,1286036,4,2004-05-12
6930,2206777,2,2005-08-13
6930,884967,1,2005-08-14
6930,389078,4,2004-05-18
6930,1320876,3,2004-02-03
6930,2605003,4,2004-01-02
6930,967857,5,2004-05-26
6930,1146509,3,2004-07-27
6930,1984086,5,2004-08-13
6930,127010,2,2004-09-09
6930,44334,4,2005-02-24
6930,1378970,3,2004-12-20
6930,243914,3,2005-01-09
6930,248932,3,2005-03-03
6930,2280025,2,2005-09-10
6930,1669707,1,2005-10-10
6930,1991545,4,2005-11-27
6930,1792330,4,2003-10-23
6930,1145831,3,2003-11-18
6930,1499504,2,2005-01-10
6930,2541531,4,2003-12-11
6930,953357,2,2004-01-06
6930,2483471,3,2004-06-17
6930,1952672,3,2004-02-03
6930,2469802,5,2005-08-31
6930,2441175,4,2004-02-24
6930,2161790,4,2004-03-16
6930,1502558,4,2004-07-06
6930,1489975,4,2004-04-16
6930,1888170,4,2004-04-08
6930,1716005,4,2004-09-07
6930,1009741,2,2004-11-24
6930,2373783,2,2004-12-06
6930,1333,4,2005-03-14
6930,1161528,4,2005-06-15
6930,426152,2,2005-10-03
6930,2567886,4,2005-12-11
6930,2326407,3,2005-07-08
6930,1160698,1,2004-08-16
6930,2452192,4,2004-05-16
6930,2443756,3,2004-05-11
6930,836796,4,2004-01-02
6930,2373570,2,2004-02-10
6930,1123641,3,2004-01-31
6930,2127805,4,2004-06-15
6930,754344,2,2004-02-23
6930,1740424,2,2004-08-19
6930,1641731,2,2004-03-16
6930,1615997,4,2004-08-04
6930,2400083,3,2004-01-28
6930,1874659,4,2004-07-07
6930,2588153,4,2004-04-28
6930,2262263,4,2004-04-05
6930,318291,5,2004-03-03
6930,224358,5,2004-09-27
6930,1974436,4,2004-11-08
6930,2058950,2,2005-01-10
6930,1236105,2,2005-05-23
6930,2268573,2,2003-10-25
6930,303948,3,2005-07-14
6930,286969,2,2004-03-10
6930,2622904,3,2003-12-03
6930,1825290,4,2005-07-28
6930,1907098,5,2004-09-12
6930,1858077,3,2003-12-09
6930,507921,3,2003-10-23
6930,709896,3,2004-04-06
6930,1847100,3,2004-07-08
6930,834871,4,2005-08-15
6930,2142811,1,2004-06-03
6930,1334859,2,2003-10-22
6930,22193,2,2004-03-13
6930,1549389,2,2003-12-30
6930,54974,4,2004-09-20
6930,543183,4,2004-10-10
6930,633929,3,2004-12-22
6930,69779,4,2005-02-16
6930,2225694,1,2005-03-10
6930,2450807,2,2005-05-03
6930,1805061,4,2005-06-08
6930,2475820,4,2005-11-07
6930,2090015,3,2005-11-19
6930,933168,2,2003-10-26
6930,612895,2,2003-12-08
6930,1751359,4,2004-05-17
6930,643172,2,2003-10-20
6930,586216,5,2003-12-22
6930,2606540,4,2003-10-27
6930,1025223,3,2004-04-28
6930,1819877,5,2003-12-08
6930,1652831,2,2003-11-09
6930,2022352,4,2004-01-13
6930,873734,3,2004-04-24
6930,1869425,1,2004-08-15
6930,2384246,5,2004-04-10
6930,1188167,4,2004-11-21
6930,877775,3,2005-01-12
6930,229195,4,2005-06-27
6930,2162245,3,2005-09-15
6930,457876,3,2005-09-25
6930,1221336,3,2005-11-28
6930,1026298,3,2003-11-14
6930,1673185,3,2003-12-03
6930,2186643,3,2004-01-25
6930,304879,3,2003-10-16
6930,1181914,3,2003-11-16
6930,1451183,3,2003-12-24
6930,2599552,3,2004-07-06
6930,1554112,5,2003-10-20
6930,1227322,1,2003-10-24
6930,71712,2,2004-09-11
6930,975926,3,2003-10-26
6930,1902434,1,2004-01-16
6930,839859,3,2004-02-04
6930,2299449,3,2004-11-30
6930,188414,4,2005-04-02
6930,386249,2,2005-04-20
6930,825356,5,2005-06-03
6930,2154473,3,2005-06-15
6930,1381366,4,2005-11-07
6930,635154,2,2005-11-09
6930,1937361,2,2004-02-17
6930,1309113,1,2003-12-15
6930,566325,4,2003-03-19
6930,265111,3,2004-03-06
6930,2280276,3,2003-11-03
6930,1534941,2,2003-12-02
6930,191949,3,2004-03-23
6930,242429,3,2003-11-07
6930,2604824,3,2003-10-20
6930,206583,3,2004-01-09
6930,1314890,4,2004-02-18
6930,16355,4,2004-02-10
6930,882552,2,2004-04-13
6930,1745523,3,2004-10-21
6930,1400056,4,2005-05-04
6930,594525,2,2005-09-28
6930,2431378,4,2005-10-10
6930,2390324,3,2005-10-24
6930,490147,3,2004-01-30
6930,699662,2,2003-11-27
6930,1468160,4,2004-02-26
6930,1002575,4,2003-10-27
6930,1926199,3,2003-11-11
6930,964493,1,2003-10-22
6930,254480,5,2003-12-05
6930,2042564,4,2004-03-26
6930,2213289,2,2004-09-26
6930,786312,3,2004-11-06
6930,1175252,4,2005-01-24
6930,472700,3,2005-05-04
6930,786523,3,2005-09-23
6930,2234549,4,2005-11-04
6930,816549,2,2003-10-24
6930,2107724,3,2004-02-26
6930,1481210,2,2004-04-02
6930,237410,3,2004-01-04
6930,1440673,5,2004-08-31
6930,2124661,2,2004-10-25
6930,2623095,3,2004-11-20
6930,820624,2,2004-12-26
6930,643778,4,2005-02-04
6930,477946,3,2005-04-19
6930,2448530,4,2005-06-13
6930,2039201,3,2005-09-28
6930,1018547,2,2005-10-25
6930,887680,3,2005-12-14
6930,525356,1,2003-11-28
6930,1504575,4,2004-03-15
6930,600454,2,2004-03-29
6930,2102030,3,2003-10-26
6930,1261143,3,2004-08-30
6930,61597,4,2003-11-17
6930,240851,3,2004-02-23
6930,1034338,3,2004-08-24
6930,1679793,4,2004-03-26
6930,858739,4,2004-07-14
6930,2489752,3,2004-07-14
6930,919479,2,2003-10-28
6930,1328996,3,2004-08-31
6930,500825,2,2004-03-14
6930,159392,3,2005-03-07
6930,2043581,4,2005-04-26
6930,1511955,4,2005-06-29
6930,643527,3,2005-09-14
6930,1122900,2,2005-11-02
6930,714348,4,2005-11-03
6930,1733406,2,2003-10-20
6930,2298174,2,2003-12-23
6930,2284627,3,2004-09-05
6930,2586886,3,2003-10-16
6930,1150025,4,2004-09-05
6930,2389578,5,2004-05-20
6930,1119951,3,2004-10-08
6930,243979,4,2005-01-01
6930,2515462,5,2005-05-17
6930,1964071,5,2005-09-20
6930,1953841,2,2005-11-16
6930,1897734,2,2005-11-29
6930,474691,4,2004-03-01
6930,1898635,2,2004-06-05
6930,1103624,1,2004-02-18
6930,861599,1,2003-11-17
6930,160163,5,2003-12-19
6930,110387,1,2003-10-27
6930,1008786,2,2003-12-30
6930,802293,3,2004-01-30
6930,701179,3,2004-08-30
6930,2506218,3,2004-10-14
6930,1688557,3,2004-11-04
6930,2495611,2,2004-11-16
6930,2568779,3,2004-11-29
6930,602611,3,2005-04-11
6930,814390,2,2005-05-31
6930,1741073,3,2005-12-22
6930,656308,4,2005-07-12
6930,1181880,1,2003-11-23
6930,341954,1,2003-10-21
6930,2422555,3,2003-10-28
6930,1574874,2,2004-01-10
6930,514332,3,2004-05-14
6930,2103655,4,2003-11-11
6930,1206067,3,2004-07-03
6930,192898,3,2004-05-06
6930,863778,2,2003-12-24
6930,297901,3,2004-02-12
6930,1164869,4,2005-02-01
6930,2159017,2,2005-04-29
6930,1310699,3,2005-05-10
6930,99239,4,2005-06-25
6930,15796,4,2005-09-09
6930,188749,3,2005-10-02
6930,909198,1,2005-10-17
6930,2647559,3,2005-10-19
6930,550261,4,2005-11-05
6930,2429078,3,2005-11-22
6930,2235056,3,2005-12-12
6930,739473,3,2004-03-09
6930,1578051,4,2004-05-11
6930,73649,3,2005-08-11
6930,1559022,4,2004-04-18
6930,740694,3,2004-06-28
6930,2043555,4,2005-08-16
6930,1815385,3,2004-04-08
6930,322927,4,2003-12-06
6930,329751,2,2003-10-27
6930,2401492,4,2004-01-19
6930,2265877,1,2004-04-21
6930,2402611,1,2004-05-27
6930,1570568,3,2005-02-23
6930,621751,3,2005-04-03
6930,957799,3,2005-04-27
6930,2025577,4,2005-05-02
6930,372303,4,2005-09-20
6930,1179115,3,2005-09-21
6930,2131029,3,2004-01-12
6930,2084925,3,2003-11-03
6930,234959,4,2003-12-12
6930,1657388,4,2004-05-19
6930,2276394,4,2005-08-19
6930,2516220,2,2004-04-30
6930,2153974,3,2004-03-22
6930,1980203,4,2004-07-04
6930,1826034,4,2004-06-02
6930,864334,4,2004-09-20
6930,361061,4,2004-12-15
6930,1297340,3,2005-01-08
6930,818816,4,2005-05-02
6930,542834,4,2005-09-30
6930,335966,2,2005-10-30
6930,1663894,3,2005-11-06
6930,2135038,3,2004-06-15
6930,1854273,4,2004-04-29
6930,1511683,1,2003-10-23
6930,1029642,2,2003-11-11
6930,2001180,3,2003-11-19
6930,2627563,1,2003-11-03
6930,1278822,1,2003-12-08
6930,2617868,4,2003-12-23
6930,1270360,3,2003-12-30
6930,1751061,2,2003-10-21
6930,1101703,3,2004-06-09
6930,26468,3,2004-06-29
6930,1423956,3,2004-09-09
6930,263617,2,2004-03-01
6930,1338247,2,2004-05-23
6930,548578,4,2004-04-07
6930,2002856,4,2005-01-07
6930,349652,3,2005-04-25
6930,678498,3,2005-05-29
6930,1050083,3,2003-11-25
6930,2604976,3,2004-05-30
6930,1684796,3,2004-01-16
6930,826184,4,2003-12-07
6930,1518071,2,2003-10-28
6930,187080,1,2005-08-17
6930,854537,4,2004-05-27
6930,757837,5,2004-03-06
6930,503235,4,2005-08-26
6930,2519638,3,2005-08-29
6930,1405343,4,2004-06-15
6930,945845,3,2004-05-25
6930,2198579,1,2004-11-08
6930,2587732,5,2005-03-12
6930,2273419,4,2005-03-17
6930,1657342,4,2005-10-31
6930,253094,4,2005-11-10
6930,1689439,2,2003-12-30
6930,1757472,1,2003-10-29
6930,964401,3,2003-12-02
6930,2304204,4,2005-08-11
6930,1316671,2,2003-12-09
6930,329261,4,2003-11-18
6930,1814597,3,2004-02-04
6930,791076,3,2004-04-27
6930,1190931,4,2004-09-21
6930,2336219,1,2004-11-24
6930,1447639,3,2004-12-23
6930,2166027,3,2005-02-06
6930,2380006,4,2005-04-25
6930,293284,3,2005-04-28
6930,1492594,4,2005-09-29
6930,596258,3,2005-07-05
6930,246200,3,2004-12-04
6930,1031896,3,2003-12-10
6930,2250843,4,2004-08-28
6930,2640550,4,2005-08-26
6930,292601,1,2004-02-12
6930,709930,2,2003-12-29
6930,732363,4,2003-12-23
6930,1046367,3,2004-07-12
6930,757019,3,2004-04-20
6930,1766838,4,2004-06-16
6930,2278960,3,2005-11-13
6930,2196366,3,2005-11-28
6930,841830,5,2005-12-15
6930,275443,3,2004-03-08
6930,613585,4,2004-03-01
6930,315270,3,2004-03-20
6930,17274,3,2003-12-05
6930,2594621,3,2004-05-25
6930,2123569,5,2003-10-27
6930,1193792,2,2003-11-05
6930,778911,2,2003-11-05
6930,1933085,5,2004-01-22
6930,2108079,4,2004-01-30
6930,976005,5,2004-05-01
6930,2352266,2,2004-01-15
6930,1802239,3,2003-10-22
6930,1728478,3,2004-05-02
6930,1941171,2,2004-01-29
6930,2281080,2,2004-07-03
6930,2405268,2,2004-10-20
6930,831643,3,2004-11-02
6930,797371,3,2004-11-30
6930,572122,5,2004-12-23
6930,2072167,5,2005-01-02
6930,124810,3,2005-06-20
6930,1285374,3,2005-09-27
6930,1759688,4,2004-02-09
6930,79468,3,2004-01-24
6930,2017797,2,2004-08-25
6930,1708983,3,2004-01-07
6930,1606673,2,2003-11-11
6930,727242,1,2004-02-05
6930,1242266,4,2005-08-09
6930,2414144,3,2004-09-12
6930,1861576,2,2003-12-10
6930,2408262,4,2004-04-19
6930,608538,4,2004-04-30
6930,106475,2,2004-05-06
6930,2125470,2,2004-12-15
6930,516614,3,2005-01-19
6930,1635758,3,2005-02-06
6930,2612088,3,2005-03-08
6930,81119,1,2005-03-21
6930,1433690,3,2005-04-11
6930,151146,2,2003-10-30
6930,1599873,3,2003-10-17
6930,1167572,3,2004-03-04
6930,627312,5,2003-10-23
6930,1115308,5,2004-01-05
6930,1259776,3,2003-11-19
6930,1588953,3,2004-02-22
6930,2354925,4,2004-04-15
6930,2294328,3,2003-10-29
6930,1662714,4,2004-03-12
6930,238914,4,2004-04-05
6930,2334555,4,2004-06-13
6930,180030,4,2004-02-24
6930,1944750,3,2004-08-02
6930,1385737,3,2004-06-03
6930,1320297,4,2005-04-29
6930,2141223,3,2004-01-29
6930,2266017,2,2004-06-02
6930,1203445,3,2003-10-19
6930,1498767,5,2003-10-21
6930,862070,3,2005-08-04
6930,2320154,4,2004-04-20
6930,1034804,4,2005-08-15
6930,1443528,4,2004-06-09
6930,2086566,4,2004-09-15
6930,1616707,3,2005-08-29
6930,411705,5,2004-04-24
6930,1466550,2,2004-08-28
6930,173756,5,2004-01-01
6930,1537072,4,2004-04-16
6930,283675,3,2004-01-28
6930,1741096,3,2004-05-26
6930,1601656,3,2004-11-06
6930,2648381,2,2004-12-20
6930,260782,4,2005-01-08
6930,1045666,4,2005-04-15
6930,1832431,2,2005-09-20
6930,1976250,1,2005-11-21
6930,2551806,2,2004-05-28
6930,1336919,1,2003-11-10
6930,778615,3,2003-10-22
6930,2106260,5,2004-02-01
6930,803128,1,2003-11-03
6930,2293122,3,2004-03-01
6930,2203253,4,2003-10-21
6930,2191732,2,2003-10-20
6930,1013696,3,2003-12-24
6930,1791430,4,2003-12-27
6930,357482,2,2004-02-23
6930,458562,3,2003-12-30
6930,475797,3,2004-09-13
6930,1760730,4,2004-09-23
6930,243182,1,2004-10-12
6930,2600419,3,2005-01-03
6930,1165857,5,2005-01-06
6930,988032,3,2005-01-19
6930,1272379,1,2005-01-19
6930,1305985,2,2005-04-22
6930,1944765,3,2005-09-24
6930,566450,4,2005-10-18
6930,1763064,2,2004-07-01
6930,2164976,3,2004-08-21
6930,1919448,2,2004-06-02
6930,2106063,3,2005-08-09
6930,1494162,3,2004-01-11
6930,827713,4,2004-06-29
6930,1740049,5,2004-06-04
6930,645800,2,2003-11-04
6930,2600280,4,2004-03-24
6930,500648,5,2004-09-30
6930,1103080,3,2005-01-01
6930,554840,3,2005-01-05
6930,35036,3,2005-02-22
6930,2627449,3,2005-03-07
6930,214296,3,2005-05-01
6930,2587264,2,2005-06-22
6930,908662,4,2005-11-03
6930,1318608,3,2005-11-06
6930,1529500,3,2005-11-16
6930,1184293,4,2005-11-29
6930,2398509,2,2003-10-19
6930,32555,2,2003-12-15
6930,1235184,2,2005-08-02
6930,1071162,4,2005-08-09
6930,1785838,3,2003-11-02
6930,1441694,5,2004-06-02
6930,1172929,3,2004-04-22
6930,895233,3,2004-07-11
6930,682217,4,2004-12-01
6930,2639369,3,2004-12-17
6930,1415254,3,2005-01-19
6930,953144,4,2005-02-28
6930,1144771,4,2005-03-13
6930,1699701,4,2005-11-20
6930,960733,3,2003-11-03
6930,2220239,3,2003-10-21
6930,2205734,4,2003-12-02
6930,2440934,3,2004-01-21
6930,339837,3,2004-01-13
6930,923606,3,2004-08-31
6930,1041295,2,2003-10-28
6930,1843260,3,2003-12-02
6930,530588,4,2003-10-29
6930,555509,5,2004-07-22
6930,1062507,1,2004-06-01
6930,28005,4,2004-09-17
6930,1118819,5,2004-11-27
6930,1123276,2,2004-12-16
6930,1675429,5,2005-04-04
6930,1795018,3,2005-06-29
6930,1707460,4,2005-10-01
6930,1191566,3,2003-10-20
6930,28445,1,2004-01-05
6930,1180966,5,2004-12-05
6930,352629,1,2003-12-03
6930,701615,3,2004-02-09
6930,636262,1,2005-08-23
6930,922838,3,2004-01-09
6930,1271668,1,2005-09-06
6930,1240130,2,2004-03-23
6930,762249,3,2003-11-11
6930,1137785,3,2005-01-04
6930,199559,2,2005-02-25
6930,2120345,1,2005-03-01
6930,2180856,4,2005-04-06
6930,1318464,3,2005-04-18
6930,1739284,3,2005-10-06
6930,2184619,3,2005-10-09
6930,2021377,3,2005-11-12
6930,999229,4,2005-12-04
6930,1648404,2,2004-05-03
6930,366009,1,2004-01-15
6930,1063556,5,2005-08-10
6930,2566306,2,2003-11-02
6930,1338907,1,2004-03-15
6930,1302871,2,2004-01-05
6930,1494681,2,2004-08-10
6930,1185196,2,2004-09-01
6930,2473404,4,2004-07-30
6930,1340417,4,2004-01-23
6930,1733879,2,2003-12-26
6930,1495480,2,2004-05-15
6930,2000859,2,2004-03-03
6930,2497731,3,2004-04-28
6930,840289,4,2005-03-13
6930,238756,2,2005-03-22
6930,1515770,2,2005-05-21
6930,2402567,3,2005-11-03
6930,1551517,4,2003-12-02
6930,813270,3,2004-02-03
6930,37351,5,2003-12-01
6930,410917,3,2003-11-14
6930,2073753,1,2003-11-24
6930,2320264,3,2005-07-23
6930,1055496,2,2004-08-03
6930,1788058,2,2004-05-12
6930,1530764,4,2004-08-02
6930,1254671,1,2004-03-25
6930,815106,3,2004-02-13
6930,1631658,3,2004-02-03
6930,1566652,3,2004-11-29
6930,24244,3,2005-01-10
6930,2173078,3,2005-01-26
6930,670525,4,2005-04-28
6930,1779192,2,2005-05-24
6930,1938340,2,2005-10-18
6930,1740800,3,2004-02-26
6930,142396,3,2005-07-20
6930,989730,2,2003-12-23
6930,2346813,3,2004-02-07
6930,1181064,4,2004-08-31
6930,1081626,5,2004-01-25
6930,1843451,1,2004-02-03
6930,2381668,3,2004-07-21
6930,102919,3,2005-08-19
6930,1444271,4,2005-09-07
6930,268439,4,2004-11-10
6930,195806,5,2005-03-11
6930,1605122,3,2005-03-21
6930,2010934,3,2005-04-29
6930,2361606,4,2005-05-23
6930,499098,3,2005-07-07
6930,1063704,3,2003-10-21
6930,2439493,1,2003-03-05
6930,765860,4,2004-04-25
6930,245967,4,2004-04-17
6930,1364718,4,2003-12-22
6930,668540,3,2003-12-11
6930,1088269,3,2004-03-09
6930,1897107,1,2004-05-20
6930,1025764,2,2003-12-03
6930,530789,5,2004-01-31
6930,1598142,5,2003-10-20
6930,324705,2,2003-11-26
6930,1014989,3,2003-10-16
6930,1667994,2,2004-08-03
6930,1329759,3,2004-10-04
6930,2544430,2,2004-11-01
6930,2400443,2,2004-12-22
6930,2241580,4,2005-02-26
6930,2167828,3,2005-03-15
6930,1562502,2,2005-03-21
6930,1180532,3,2005-07-05
6930,1047830,3,2005-09-20
6930,508967,3,2005-10-31
6930,2206502,4,2005-12-05
6930,2023630,4,2004-05-17
6930,2267431,4,2003-10-30
6930,1367949,3,2004-05-14
6930,1669517,2,2003-10-24
6930,2601604,3,2004-03-08
6930,456324,4,2004-01-16
6930,1818925,3,2004-01-01
6930,1672450,4,2005-08-12
6930,973137,4,2004-03-23
6930,8121,4,2004-06-07
6930,1141213,3,2005-09-06
6930,567742,4,2004-09-06
6930,1391022,3,2003-12-23
6930,1395967,3,2004-01-08
6930,132925,5,2004-08-24
6930,2215435,3,2004-10-07
6930,1062260,5,2004-11-05
6930,1945341,2,2004-11-11
6930,1773553,3,2005-03-23
6930,1668450,3,2005-04-20
6930,460666,3,2005-05-25
6930,1698770,3,2005-10-19
6930,720436,5,2005-11-10
6930,867295,4,2003-12-19
6930,1834327,3,2003-10-25
6930,1202467,4,2004-01-05
6930,874065,2,2004-03-09
6930,1037622,2,2003-11-14
6930,951992,3,2003-12-02
6930,1923065,3,2003-12-10
6930,1895056,4,2004-07-06
6930,2166365,3,2004-09-15
6930,713469,3,2004-06-28
6930,1996029,5,2004-06-05
6930,1557865,5,2004-04-11
6930,1265488,4,2004-05-17
6930,200895,4,2004-11-09
6930,222022,4,2004-11-30
6930,1147370,4,2005-02-25
6930,2327417,3,2005-05-22
6930,1703293,3,2005-06-17
6930,2593783,4,2005-10-01
6930,733826,2,2005-10-17
6930,1233831,4,2005-10-18
6930,2605859,3,2005-11-17
6930,2376367,5,2004-07-04
6930,2389771,3,2004-09-01
6930,574754,4,2004-07-06
6930,2551462,3,2003-10-28
6930,1727197,3,2003-10-28
6930,1655003,2,2005-08-30
6930,2041771,2,2003-12-23
6930,1439557,4,2004-02-10
6930,2053984,3,2004-05-12
6930,2325954,4,2004-10-10
6930,934639,3,2005-02-06
6930,954289,3,2005-02-13
6930,1795744,1,2005-02-16
6930,1917946,2,2005-03-08
6930,1416455,4,2005-06-23
6930,2415589,3,2005-06-24
6930,2117341,2,2005-07-01
6930,2501601,2,2005-11-21
6930,1545709,4,2004-02-18
6930,1933187,1,2003-11-17
6930,1046634,5,2005-07-29
6930,1698330,2,2003-11-13
6930,1682385,3,2004-07-26
6930,1007577,3,2003-12-30
6930,474410,4,2003-10-22
6930,2291222,3,2004-06-23
6930,2129974,2,2003-10-28
6930,851521,3,2004-09-16
6930,276182,2,2003-10-24
6930,176377,2,2004-01-14
6930,2627394,4,2004-08-06
6930,1090765,3,2004-07-08
6930,554802,5,2004-03-03
6930,1320707,2,2004-09-15
6930,1956099,3,2004-04-30
6930,514172,4,2004-05-10
6930,1248413,4,2004-05-03
6930,445075,5,2004-04-15
6930,2400584,4,2004-12-27
6930,2062514,3,2004-12-29
6930,1234128,2,2005-01-19
6930,2596548,5,2005-03-25
6930,1175568,4,2005-05-09
6930,2292853,3,2005-05-23
6930,2389750,3,2005-11-17
6930,1599935,3,2005-12-05
6930,1849805,4,2004-01-12
6930,2436322,5,2003-12-17
6930,2645580,2,2004-01-09
6930,288291,2,2004-06-27
6930,2308224,3,2003-10-19
6930,2579706,3,2003-10-20
6930,2330405,4,2003-11-05
6930,2087189,3,2004-01-23
6930,2245500,4,2003-12-23
6930,715909,2,2004-06-25
6930,1655547,3,2004-10-11
6930,1895682,3,2005-09-14
6930,602648,5,2005-10-15
6930,1648879,3,2005-12-24
6930,126698,4,2004-04-02
6930,583773,3,2003-10-21
6930,2201205,3,2003-11-03
6930,317543,3,2004-07-03
6930,1468370,5,2005-08-08
6930,1052493,3,2004-07-28
6930,1408491,5,2004-04-12
6930,725368,3,2003-12-10
6930,2584024,2,2004-05-26
6930,33242,4,2004-04-28
6930,1397211,1,2004-04-20
6930,2605418,1,2004-04-29
6930,1873766,2,2004-11-10
6930,503812,4,2005-01-03
6930,2015927,3,2005-01-31
6930,1542696,4,2005-02-28
6930,1114854,4,2005-03-21
6930,2445775,5,2005-05-05
6930,1053860,2,2005-05-06
6930,1654621,3,2005-05-26
6930,2589307,5,2005-09-12
6930,2049638,3,2003-12-04
6930,1449738,3,2005-08-04
6930,1661999,3,2004-05-07
6930,355538,3,2004-01-31
6930,772985,5,2004-01-12
6930,471023,1,2005-08-17
6930,1582786,3,2003-10-20
6930,1731602,5,2004-03-08
6930,1387118,4,2004-04-13
6930,863900,4,2004-05-03
6930,129430,2,2004-03-11
6930,1401431,1,2003-10-21
6930,2466928,4,2004-05-05
6930,2071408,2,2004-05-06
6930,1180814,3,2004-05-14
6930,678764,2,2005-05-16
6930,671159,2,2005-06-20
6930,555073,3,2005-10-26
6930,2389367,4,2004-07-01
6930,2094098,4,2005-08-08
6930,2411132,4,2005-08-15
6930,1333592,4,2004-02-15
6930,305768,4,2005-08-25
6930,1000527,4,2004-03-29
6930,478927,3,2004-07-09
6930,922512,3,2005-01-19
6930,1344006,2,2005-06-28
6930,1296087,3,2005-09-29
6930,2315775,3,2005-10-20
6930,1650723,3,2005-11-09
6930,537912,2,2005-12-30
6930,1135688,4,2004-07-03
6930,2622042,2,2003-10-20
6930,810636,3,2003-10-24
6930,1479653,1,2005-01-21
6930,1473980,3,2005-08-18
6930,1819758,4,2004-04-08
6930,1405644,5,2004-08-10
6930,1887468,2,2003-10-21
6930,345704,3,2003-10-22
6930,904250,2,2004-07-28
6930,2392141,3,2004-06-03
6930,302344,4,2004-05-09
6930,2302848,3,2005-01-03
6930,1572514,5,2005-02-20
6930,272956,3,2005-03-21
6930,393470,3,2005-05-28
6930,320979,3,2005-10-24
6930,1165121,3,2005-11-30
6930,1963115,5,2003-12-29
6930,1374354,4,2004-04-07
6930,2021128,5,2005-07-31
6930,2315211,2,2003-10-27
6930,1028417,3,2004-03-18
6930,276132,3,2004-01-13
6930,2010022,3,2004-04-30
6930,828287,4,2004-01-12
6930,1261537,3,2004-05-03
6930,1382179,3,2004-09-30
6930,129962,5,2004-11-17
6930,2362591,4,2005-02-17
6930,2083238,4,2005-05-02
6930,1973455,3,2005-06-29
6930,2045712,4,2005-11-20
6930,2264426,2,2005-12-20
6930,895523,5,2004-03-29
6930,1061166,4,2004-02-02
6930,1395008,1,2004-02-19
6930,728801,3,2003-10-27
6930,1213911,4,2003-10-17
6930,1938247,3,2003-11-26
6930,2422462,4,2005-09-02
6930,1823806,4,2004-02-02
6930,1486298,3,2004-08-22
6930,2146708,3,2004-09-02
6930,500629,3,2005-07-01
6930,1574207,4,2005-01-24
6930,2141163,3,2005-04-10
6930,1119074,4,2005-06-23
6930,331980,3,2005-06-29
6930,1906808,3,2005-09-12
6930,1581739,4,2005-11-12
6930,1323680,3,2003-12-29
6930,1568498,3,2003-10-28
6930,226959,4,2005-08-15
6930,641719,3,2004-03-26
6930,1621533,5,2005-08-29
6930,2040676,3,2005-09-01
6930,1506282,4,2004-03-14
6930,2065319,3,2004-03-16
6930,117351,2,2004-02-07
6930,1412189,4,2004-02-09
6930,186848,2,2004-06-21
6930,2212841,3,2004-09-27
6930,659029,3,2004-12-08
6930,677611,1,2005-01-06
6930,588573,3,2005-01-25
6930,985122,4,2005-02-28
6930,1143026,3,2005-03-09
6930,632205,3,2005-05-07
6930,88118,3,2005-06-15
6930,2490508,4,2005-06-26
6930,2429834,4,2005-06-28
6930,674202,3,2005-12-01
6930,1759382,3,2003-12-27
6930,292302,3,2004-01-28
6930,1841371,3,2004-04-09
6930,2534534,3,2004-04-02
6930,63728,3,2004-04-15
6930,2605017,2,2003-10-25
6930,252054,4,2004-08-28
6930,896630,1,2003-12-01
6930,1696279,2,2004-08-03
6930,535761,3,2003-11-07
6930,1560019,4,2004-01-19
6930,1953075,5,2004-06-30
6930,1666118,2,2004-07-24
6930,1588088,3,2004-06-13
6930,1590522,3,2005-01-19
6930,1145431,3,2005-03-28
6930,2647490,3,2005-09-09
6930,967981,3,2005-09-13
6930,1173675,3,2005-11-05
6930,1329619,4,2005-11-10
6930,591683,4,2004-06-17
6930,270973,4,2004-05-06
6930,2057625,3,2005-07-21
6930,1920090,5,2003-10-29
6930,2406214,3,2004-02-06
6930,1016519,3,2004-01-29
6930,812377,3,2004-02-04
6930,13875,2,2004-01-16
6930,1857999,3,2004-06-28
6930,291198,2,2005-01-24
6930,857975,4,2005-02-10
6930,1887046,2,2005-03-02
6930,2464924,1,2005-04-25
6930,1561703,2,2005-05-16
6930,1123111,4,2005-06-03
6930,2315439,3,2005-06-23
6930,1340921,4,2005-10-13
6930,1526115,3,2003-10-23
6930,1084626,2,2003-11-10
6930,1739884,2,2003-10-20
6930,2569181,1,2003-12-26
6930,2422250,3,2003-11-18
6930,2637327,3,2004-02-22
6930,1933960,3,2005-07-26
6930,1275826,4,2004-06-01
6930,2221551,3,2003-11-14
6930,1532356,3,2004-02-26
6930,1551591,3,2003-10-21
6930,1691661,3,2004-03-04
6930,1844966,4,2004-05-11
6930,1666903,3,2004-02-22
6930,1361371,2,2004-07-05
6930,1341460,3,2004-10-11
6930,1885310,4,2004-10-21
6930,2412908,3,2005-02-15
6930,1641905,3,2005-09-06
6930,885585,3,2005-09-28
6930,220512,4,2003-11-26
6930,197143,1,2004-03-09
6930,70483,3,2004-02-06
6930,1951741,4,2003-03-31
6930,221926,4,2003-11-09
6930,1275275,2,2004-03-04
6930,720107,3,2005-08-07
6930,1903324,1,2003-11-24
6930,139991,2,2003-11-05
6930,668505,3,2003-12-01
6930,2300336,2,2004-01-27
6930,647080,4,2004-02-18
6930,1134023,1,2004-01-21
6930,591981,5,2005-08-26
6930,272860,2,2003-12-10
6930,1939029,3,2004-05-11
6930,477165,3,2004-09-15
6930,682378,1,2004-06-05
6930,2365581,4,2004-03-16
6930,2485148,2,2004-04-12
6930,184278,3,2004-03-15
6930,506999,3,2004-06-30
6930,1838682,3,2004-11-15
6930,172000,3,2004-11-23
6930,2079664,5,2005-06-08
6930,2294085,4,2005-09-25
6930,46389,3,2005-12-21
6930,854204,3,2004-02-03
6930,1561650,2,2004-01-14
6930,2424657,3,2003-12-24
6930,1406951,4,2005-08-22
6930,97,4,2003-11-20
6930,1926967,2,2004-02-03
6930,818752,3,2004-07-13
6930,178645,4,2004-07-28
6930,1992507,1,2004-10-23
6930,867268,4,2004-10-26
6930,638183,3,2004-11-01
6930,67658,3,2005-03-22
6930,1048594,3,2005-05-11
6930,455740,3,2005-06-07
6930,1168399,4,2005-06-17
6930,1460346,3,2005-09-22
6930,2218424,3,2005-09-27
6930,104408,2,2005-11-30
6930,1140044,4,2005-07-06
6930,474578,5,2003-12-05
6930,2420439,4,2003-11-26
6930,2131817,2,2004-02-15
6930,1425734,3,2003-11-20
6930,2203889,4,2003-10-22
6930,332698,3,2003-10-27
6930,1242406,3,2003-11-28
6930,157143,2,2004-07-24
6930,1782831,1,2003-12-01
6930,621429,3,2005-08-15
6930,1189820,2,2004-03-20
6930,1985904,1,2004-01-05
6930,1431160,3,2003-11-29
6930,192519,3,2004-01-29
6930,76549,2,2004-03-16
6930,1551980,4,2004-07-07
6930,2067221,4,2005-01-24
6930,1818801,4,2005-02-16
6930,1910236,3,2005-04-19
6930,269509,3,2005-11-01
6930,1380915,3,2005-11-03
6930,1902302,3,2005-07-14
6930,820252,2,2005-08-03
6930,1665487,2,2004-01-05
6930,1015864,2,2004-06-12
6930,16023,3,2004-01-27
6930,2583613,3,2003-11-26
6930,1808448,3,2004-01-11
6930,471495,3,2004-02-17
6930,751076,3,2004-04-02
6930,1185731,2,2003-11-23
6930,1975202,3,2004-03-01
6930,2483873,3,2003-11-11
6930,72773,1,2004-01-27
6930,925268,3,2004-03-02
6930,1314150,2,2004-02-06
6930,1586613,3,2004-01-20
6930,2324925,2,2004-01-25
6930,1668640,3,2004-05-10
6930,1254278,5,2004-07-01
6930,882252,3,2004-06-04
6930,1571988,4,2004-12-22
6930,1060057,1,2005-02-23
6930,820942,5,2005-03-23
6930,93490,3,2005-04-22
6930,1883897,3,2005-06-30
6930,588018,2,2005-09-27
6930,1089141,3,2005-12-09
6930,2505593,3,2003-12-05
6930,1024069,1,2003-10-24
6930,2170637,4,2004-01-21
6930,1859144,4,2005-08-14
6930,2423082,3,2003-12-19
6930,2089394,1,2003-11-04
6930,2135859,3,2005-08-22
6930,2353520,3,2003-12-01
6930,1464444,3,2004-04-01
6930,524142,3,2004-05-27
6930,687796,1,2004-09-18
6930,493009,4,2004-11-24
6930,585968,2,2005-01-01
6930,1352503,4,2005-03-07
6930,1651374,3,2005-04-03
6930,780579,3,2005-04-15
6930,2627800,3,2003-09-22
6930,1828803,3,2004-07-16
6930,55194,3,2003-10-28
6930,710857,5,2004-07-08
6930,1058024,4,2004-05-12
6930,758694,4,2003-12-17
6930,2155355,3,2003-11-05
6930,1280555,2,2003-10-29
6930,1250231,3,2004-05-16
6930,296845,3,2004-08-06
6930,765311,3,2003-12-16
6930,2334885,3,2004-09-08
6930,2045883,2,2004-11-11
6930,1220793,4,2005-01-31
6930,2430483,4,2005-03-18
6930,1269175,3,2005-10-16
6930,374368,2,2005-11-12
6930,178534,5,2005-12-23
6930,2512558,2,2003-11-22
6930,2320808,4,2003-12-02
6930,2120536,2,2003-12-17
6930,2339094,2,2003-11-03
6930,870779,2,2003-12-06
6930,1909219,5,2003-12-02
6930,1982434,3,2004-09-07
6930,663385,2,2003-11-09
6930,2451907,3,2004-04-06
6930,755557,3,2004-05-24
6930,2465311,1,2004-05-10
6930,1228066,3,2004-07-15
6930,2220015,4,2004-09-26
6930,343967,3,2004-11-24
6930,81074,4,2004-11-28
6930,1783162,2,2004-12-29
6930,1105029,3,2005-01-07
6930,1406633,4,2005-02-24
6930,1611056,3,2005-04-09
6930,1933832,4,2005-04-25
6930,919727,4,2005-09-22
6930,226609,4,2003-12-16
6930,1912012,2,2004-02-19
6930,1431636,3,2003-12-14
6930,2613973,4,2005-08-01
6930,2188435,2,2004-06-01
6930,707653,3,2005-08-14
6930,1868998,4,2004-01-25
6930,2307211,3,2003-10-21
6930,170870,2,2003-11-06
6930,669035,3,2004-02-26
6930,630457,3,2004-01-24
6930,193367,1,2004-01-23
6930,253900,1,2004-07-13
6930,1114552,2,2004-01-27
6930,1841369,3,2005-02-22
6930,979548,4,2005-03-28
6930,2216024,4,2005-04-17
6930,2280428,5,2005-05-11
6930,1257948,3,2005-06-23
6930,2260860,3,2005-07-12
6930,1369078,2,2004-08-23
6930,957170,5,2005-07-25
6930,364749,3,2005-08-08
6930,263854,1,2004-01-06
6930,1547984,4,2003-11-11
6930,1229901,3,2004-01-10
6930,1285093,3,2003-12-13
6930,1977742,4,2004-02-22
6930,252540,4,2004-04-26
6930,1376266,3,2004-03-06
6930,550015,3,2004-06-01
6930,1798771,2,2004-05-06
6930,770860,5,2004-11-09
6930,2309807,4,2004-11-10
6930,720196,3,2004-11-15
6930,493308,4,2004-11-20
6930,179873,3,2005-02-21
6930,537601,4,2005-03-02
6930,2142016,3,2005-10-01
6930,2602667,4,2005-10-09
6930,847313,2,2005-10-18
6930,2455711,1,2003-12-07
6930,890937,1,2003-12-09
6930,1816834,4,2004-02-23
6930,2341301,2,2004-02-06
6930,1449810,3,2004-08-05
6930,1088357,2,2003-10-29
6930,398593,3,2003-12-01
6930,252939,2,2003-12-09
6930,762260,1,2004-08-13
6930,1126164,2,2004-06-21
6930,634908,1,2005-01-08
6930,814259,5,2005-03-07
6930,309088,1,2005-03-09
6930,658268,2,2005-12-01
6930,2346890,4,2005-07-08
6930,687317,3,2003-11-20
6930,1293038,4,2003-11-18
6930,2417151,4,2005-08-02
6930,986444,1,2003-11-26
6930,1560333,2,2003-11-16
6930,960073,3,2004-01-12
6930,1476635,3,2004-01-29
6930,276644,1,2004-05-14
6930,2210360,3,2004-03-18
6930,1002277,3,2004-04-15
6930,236160,2,2004-05-25
6930,1070197,3,2004-11-11
6930,1263133,2,2004-11-29
6930,2092609,3,2004-12-14
6930,973443,4,2004-12-27
6930,490773,2,2005-03-07
6930,727879,2,2005-05-21
6930,2221229,4,2005-07-04
6930,301960,4,2005-11-07
6930,1244084,3,2005-11-20
6930,1482775,2,2005-12-03
6930,1483121,3,2004-02-03
6930,346137,3,2003-10-30
6930,1344241,2,2003-10-20
6930,1951089,5,2004-06-30
6930,1773759,4,2004-03-01
6930,2076358,2,2004-01-26
6930,1344817,2,2003-10-27
6930,107787,2,2003-11-05
6930,1500112,4,2004-01-26
6930,1583971,2,2004-01-05
6930,1810512,3,2004-01-16
6930,2298267,3,2004-02-06
6930,866065,2,2005-01-11
6930,1106241,5,2005-01-19
6930,2254908,5,2005-03-11
6930,2029967,2,2005-05-20
6930,1835590,3,2005-10-11
6930,446835,2,2005-11-25
6930,408200,3,2003-10-27
6930,1261247,2,2005-08-13
6930,1774181,4,2004-01-06
6930,2250528,4,2004-01-24
6930,593600,3,2003-11-04
6930,2530218,2,2003-10-30
6930,2578440,4,2004-01-06
6930,2548689,3,2004-03-17
6930,1209122,5,2004-08-17
6930,661071,5,2004-09-22
6930,1303781,2,2004-09-27
6930,370363,5,2004-10-08
6930,2166890,2,2004-10-22
6930,2111925,4,2004-11-26
6930,1469600,4,2004-12-05
6930,1412061,2,2005-10-04
6930,2523912,4,2003-10-20
6930,1736164,5,2005-07-20
6930,2206066,4,2004-01-03
6930,2223524,4,2004-01-19
6930,1634324,4,2003-11-17
6930,2549510,2,2004-08-24
6930,121184,3,2004-07-13
6930,1001833,3,2004-08-12
6930,184705,3,2004-11-19
6930,383451,3,2005-01-19
6930,1840489,5,2005-03-22
6930,1491812,3,2005-03-24
6930,2003927,2,2005-06-06
6930,1123175,2,2005-07-08
6930,133345,3,2004-01-15
6930,2080553,3,2004-03-19
6930,1059661,3,2004-07-08
6930,1754537,4,2004-06-10
6930,1365648,4,2005-08-02
6930,1911919,3,2003-12-29
6930,469525,5,2004-04-15
6930,659434,2,2005-08-22
6930,2219228,3,2003-11-29
6930,754748,3,2004-05-26
6930,1464345,3,2003-12-17
6930,1550814,2,2004-09-07
6930,71621,1,2004-12-30
6930,1202723,5,2005-02-07
6930,933334,3,2005-04-03
6930,2629109,2,2005-09-13
6930,628969,4,2005-10-18
6930,65825,4,2005-10-22
6930,665653,4,2005-11-20
6930,919361,3,2004-01-14
6930,1062029,2,2004-05-12
6930,2570444,2,2003-10-21
6930,1682832,3,2004-02-07
6930,878405,2,2003-10-21
6930,1472747,3,2004-06-17
6930,395751,3,2003-11-21
6930,1938231,4,2004-01-17
6930,954228,3,2003-12-14
6930,577109,4,2003-11-10
6930,126299,2,2004-08-12
6930,397142,3,2004-10-24
6930,388142,5,2004-10-30
6930,904015,3,2004-11-12
6930,504296,5,2004-12-22
6930,2256986,3,2004-12-31
6930,827647,3,2005-01-03
6930,2165434,4,2005-01-07
6930,1796697,3,2005-05-22
6930,1356107,4,2005-06-09
6930,603418,3,2005-09-13
6930,668855,4,2005-09-30
6930,2509958,3,2005-10-11
6930,139433,5,2005-12-09
6930,2641580,3,2005-07-16
6930,1838796,3,2003-11-07
6930,1134677,4,2005-07-29
6930,1900047,5,2003-10-29
6930,831912,1,2003-11-25
6930,433743,1,2003-11-14
6930,1245318,4,2004-01-16
6930,420482,5,2003-10-28
6930,952748,3,2004-02-17
6930,1641063,4,2004-02-22
6930,58682,2,2004-03-03
6930,2162729,4,2004-03-12
6930,273598,5,2005-02-09
6930,2349743,3,2005-02-24
6930,2415495,3,2005-10-24
6930,662832,3,2003-10-21
6930,1183332,2,2003-12-11
6930,1036389,3,2004-01-06
6930,1961862,2,2003-11-26
6930,1571946,4,2004-03-28
6930,1665885,5,2004-04-30
6930,122770,5,2003-12-30
6930,1283882,2,2004-06-16
6930,955719,3,2003-12-29
6930,2641733,1,2004-06-04
6930,2390221,4,2004-09-14
6930,993544,4,2004-09-25
6930,1054202,3,2004-10-14
6930,82404,3,2004-11-27
6930,622214,3,2005-03-01
6930,1343342,4,2005-04-28
6930,2122519,3,2005-06-20
6930,1830615,2,2005-09-27
6930,1756596,4,2005-10-15
6930,764867,4,2005-10-23
6930,134379,2,2005-11-03
6930,2385481,3,2005-11-03
6930,2112430,3,2005-07-06
6930,118341,4,2003-11-30
6930,2185910,4,2004-04-06
6930,1675624,5,2004-01-18
6930,1399499,1,2003-12-17
6930,1473879,2,2003-12-10
6930,1914527,3,2004-02-15
6930,2587540,5,2004-01-14
6930,862710,3,2004-03-22
6930,2634559,4,2005-01-25
6930,1262403,2,2005-02-15
6930,2128541,5,2005-04-12
6930,871138,3,2005-06-27
6930,1830000,5,2005-07-21
6930,909432,2,2003-10-25
6930,2515595,3,2004-01-30
6930,285765,1,2004-02-25
6930,2472638,3,2005-08-03
6930,2637979,2,2003-11-12
6930,2418297,3,2004-03-15
6930,1047641,3,2005-09-05
6930,82933,5,2004-05-20
6930,1555220,3,2004-01-06
6930,1734762,4,2004-06-08
6930,920670,3,2004-03-09
6930,974618,3,2004-05-17
6930,2012052,5,2004-12-16
6930,1893724,5,2004-12-18
6930,940043,2,2005-01-20
6930,983042,4,2005-03-11
6930,2120369,3,2005-03-12
6930,1530817,4,2005-04-19
6930,1848502,4,2005-05-05
6930,2408001,3,2005-05-28
6930,1714672,3,2005-10-02
6930,2038196,3,2005-09-19
6930,1495111,4,2005-07-14
6930,1420026,3,2004-04-30
6930,1858024,4,2005-07-15
6930,1898118,1,2003-12-23
6930,440750,4,2004-05-25
6930,1519118,2,2003-10-20
6930,2585513,2,2003-11-28
6930,1650749,3,2004-03-01
6930,657582,3,2003-10-27
6930,2461028,3,2004-02-03
6930,1766510,1,2004-05-26
6930,1421309,4,2004-02-17
6930,2061569,2,2003-11-28
6930,303270,2,2003-10-17
6930,46567,3,2004-02-13
6930,1081560,3,2004-02-27
6930,2587415,4,2004-02-13
6930,1928683,5,2004-05-09
6930,245517,4,2004-05-26
6930,1859041,3,2004-07-13
6930,1310408,3,2004-09-28
6930,915138,2,2004-11-03
6930,1054416,3,2004-11-08
6930,2374004,5,2005-03-20
6930,1470123,4,2005-07-09
6930,1299755,3,2005-07-24
6930,2482649,2,2004-04-15
6930,140767,3,2004-06-27
6930,1938580,3,2004-01-08
6930,659526,3,2005-08-29
6930,1814964,3,2004-07-21
6930,1537599,3,2004-08-09
6930,862644,2,2004-08-25
6930,905972,5,2004-11-10
6930,486689,5,2004-11-17
6930,675655,5,2005-01-21
6930,1265624,5,2005-03-04
6930,317390,3,2005-10-03
6930,2164636,5,2005-10-17
6930,496385,3,2005-10-26
6930,1073119,5,2005-11-15
6930,2560533,3,2005-12-27
6930,241960,3,2003-12-28
6930,2395978,4,2004-06-13
6930,258675,2,2004-08-23
6930,1312973,3,2004-02-06
6930,1281639,3,2003-11-22
6930,1903369,2,2005-07-18
6930,2563087,2,2003-11-11
6930,1882379,5,2003-10-28
6930,2191551,3,2004-02-16
6930,1750007,2,2004-02-09
6930,2581980,2,2003-12-27
6930,2252912,2,2004-01-18
6930,136030,4,2004-06-01
6930,1349656,3,2004-08-16
6930,2344568,3,2004-06-18
6930,1333103,3,2004-08-13
6930,1877483,4,2004-09-15
6930,2452554,3,2005-02-17
6930,540847,3,2005-02-22
6930,702759,3,2005-02-23
6930,12559,3,2005-03-14
6930,2494415,3,2005-05-17
6930,701443,3,2004-01-12
6930,744492,3,2004-01-07
6930,945621,4,2004-07-14
6930,713769,4,2005-07-27
6930,1032165,5,2003-10-20
6930,2623119,3,2004-06-15
6930,40927,2,2003-11-03
6930,167612,3,2003-10-27
6930,709465,5,2003-11-13
6930,908903,4,2005-09-02
6930,1348610,4,2004-02-24
6930,666558,2,2004-08-01
6930,774996,3,2004-11-03
6930,397807,3,2004-11-17
6930,2418059,4,2004-11-18
6930,449978,5,2004-11-30
6930,86773,3,2005-01-06
6930,1867135,3,2005-03-24
6930,1440976,4,2005-03-29
6930,434308,4,2005-04-15
6930,83756,3,2005-05-02
6930,1752670,3,2005-05-10
6930,382906,3,2005-09-17
6930,214848,5,2005-12-05
6930,981466,4,2005-12-08
6930,2586598,3,2003-11-05
6930,2545548,2,2005-08-01
6930,1428999,3,2004-04-08
6930,452738,4,2003-10-26
6930,1284758,4,2005-08-24
6930,2300012,5,2003-11-05
6930,1198598,4,2003-11-11
6930,249216,2,2004-01-25
6930,2555431,3,2004-05-06
6930,1017975,4,2004-08-26
6930,2072472,1,2004-09-19
6930,729912,2,2004-09-30
6930,205626,2,2004-12-29
6930,2502299,4,2005-01-29
6930,2311679,4,2005-02-17
6930,1664010,5,2005-10-14
6930,2344473,2,2005-11-11
6930,703159,4,2005-11-25
6930,1677052,5,2005-12-05
6930,2404723,1,2005-07-07
6930,2604699,3,2005-07-12
6930,268084,4,2003-12-30
6930,2004003,3,2003-12-29
6930,555423,3,2003-10-23
6930,59928,2,2003-12-29
6930,580724,4,2004-08-09
6930,1715752,3,2003-11-02
6930,2612086,3,2004-04-19
6930,1434651,3,2003-11-14
6930,1254950,5,2004-04-29
6930,1909124,4,2003-12-22
6930,2554553,4,2004-05-04
6930,296452,1,2004-02-05
6930,865076,3,2004-12-10
6930,1968542,5,2004-12-13
6930,759761,3,2005-02-04
6930,1976745,2,2005-05-01
6930,1323861,3,2005-05-04
6930,1569446,4,2005-09-14
6930,1323890,3,2005-11-15
6930,2582799,3,2005-12-11
6930,109987,3,2005-12-31
6930,914283,5,2005-07-06
6930,1203925,5,2004-03-29
6930,731874,3,2004-05-06
6930,626342,2,2004-02-02
6930,907023,1,2004-01-13
6930,798865,3,2004-02-22
6930,2097697,2,2004-03-30
6930,88383,1,2003-12-26
6930,943538,2,2005-08-12
6930,1129085,3,2005-08-15
6930,1120729,2,2004-02-08
6930,2305406,2,2003-11-25
6930,1885283,2,2004-03-24
6930,451011,3,2005-09-01
6930,969772,3,2003-12-28
6930,2277673,5,2004-08-07
6930,185901,5,2005-10-25
6930,544448,3,2004-01-09
6930,855276,2,2004-01-17
6930,932196,2,2003-12-09
6930,86379,3,2005-08-23
6930,2380248,2,2003-11-20
6930,1830336,2,2003-11-13
6930,1408815,3,2004-04-23
6930,61404,2,2004-04-05
6930,1481825,4,2004-10-08
6930,1306193,4,2004-11-16
6930,1931981,4,2005-01-04
6930,1183053,5,2005-01-27
6930,1019660,3,2005-07-05
6930,2024976,3,2005-07-05
6930,2408264,4,2005-09-27
6930,90660,4,2005-10-03
6930,75041,3,2005-11-21
6930,2179212,3,2005-07-30
6930,781870,5,2003-10-24
6930,2041239,3,2004-01-24
6930,497249,3,2003-12-01
6930,2125605,4,2004-02-04
6930,461672,4,2004-01-21
6930,19606,2,2004-06-05
6930,152955,3,2004-05-26
6930,757746,3,2004-04-29
6930,2515992,3,2004-12-30
6930,1072069,5,2005-01-06
6930,1612554,3,2004-07-27
6930,1475204,3,2003-10-30
6930,220988,4,2005-07-25
6930,516422,3,2003-10-21
6930,2586135,1,2005-08-01
6930,1446638,3,2005-08-16
6930,2524866,3,2004-01-11
6930,1962128,4,2004-05-23
6930,1107807,3,2004-07-30
6930,4456,2,2004-09-10
6930,2303319,5,2004-09-12
6930,136796,1,2005-01-20
6930,1314517,4,2005-04-14
6930,1738006,2,2005-06-15
6930,1974807,4,2005-10-14
6930,2080621,4,2004-03-16
6930,963850,3,2004-08-26
6930,311209,4,2004-01-15
6930,1838839,4,2003-11-15
6930,1804540,1,2004-01-19
6930,594999,4,2004-07-02
6930,1892414,4,2004-04-09
6930,2618997,4,2004-10-10
6930,2447769,2,2004-12-12
6930,346062,2,2004-12-30
6930,1493635,5,2005-02-28
6930,2176581,2,2005-04-26
6930,2382327,3,2005-05-26
6930,1976467,4,2005-09-19
6930,1355581,4,2005-10-17
6930,2458451,2,2005-11-01
6930,840608,2,2005-11-03
6930,910868,2,2005-11-17
6930,2370336,1,2004-04-26
6930,2009894,5,2004-05-26
6930,1969947,4,2005-08-04
6930,2104443,3,2003-11-04
6930,159758,3,2004-02-27
6930,594196,5,2004-03-12
6930,2030754,3,2004-04-10
6930,1771884,2,2003-10-19
6930,1730699,3,2004-04-22
6930,219704,3,2004-11-30
6930,332172,4,2005-03-28
6930,550163,2,2005-04-13
6930,158266,3,2005-04-14
6930,1615954,3,2005-11-21
6930,1628211,4,2005-11-22
6930,2562130,4,2005-11-27
6930,1934272,1,2004-04-01
6930,1022313,3,2005-07-25
6930,1098695,4,2003-11-01
6930,1156403,2,2003-12-08
6930,436510,3,2005-08-18
6930,245181,2,2003-12-22
6930,2397276,2,2004-02-23
6930,2438956,3,2004-08-08
6930,36104,3,2004-02-10
6930,1549879,4,2004-07-26
6930,332678,4,2004-01-06
6930,1182888,3,2004-10-30
6930,1662735,3,2004-12-08
6930,500353,2,2005-03-08
6930,2195339,2,2005-04-01
6930,1518893,2,2005-04-06
6930,473277,3,2005-06-20
6930,807369,4,2005-11-16
6930,306640,3,2003-12-03
6930,919160,1,2003-12-09
6930,877191,5,2005-08-08
6930,2088300,2,2003-12-18
6930,1710035,3,2003-11-19
6930,1187937,4,2004-05-13
6930,291062,3,2004-09-12
6930,2592940,3,2003-11-06
6930,65226,4,2004-07-25
6930,541135,3,2004-11-13
6930,832733,3,2004-12-30
6930,183071,5,2005-09-25
6930,2637886,4,2005-12-20
6930,1975223,5,2005-12-27
6930,2114455,4,2003-10-26
6930,2597664,4,2005-07-12
6930,1592790,1,2005-07-24
6930,2198612,2,2003-11-10
6930,163951,3,2005-08-11
6930,2265019,4,2004-03-18
6930,400756,4,2004-04-15
6930,2514777,2,2004-03-19
6930,779811,3,2004-03-03
6930,2648885,4,2005-03-16
6930,756,1,2004-09-27
6930,1265020,1,2004-11-10
6930,185979,2,2004-11-15
6930,735242,3,2005-02-21
6930,1688864,3,2005-06-04
6930,1201312,3,2003-12-23
6930,1893976,2,2003-11-20
6930,1026933,2,2004-02-26
6930,415257,3,2004-01-16
6930,2600981,4,2003-12-30
6930,991385,3,2004-01-27
6930,1044592,3,2003-12-30
6930,1221973,5,2004-05-17
6930,1950822,2,2003-11-22
6930,2203216,2,2004-01-23
6930,2635887,4,2004-05-07
6930,1164675,5,2004-02-06
6930,1026202,3,2004-10-19
6930,2000,4,2005-03-07
6930,1554951,5,2005-05-01
6930,1943866,3,2005-08-02
6930,2548003,3,2005-08-10
6930,954642,3,2003-11-18
6930,432130,4,2004-02-08
6930,2448892,1,2005-08-21
6930,1561788,4,2003-10-20
6930,370735,3,2005-08-23
6930,2087761,5,2004-05-13
6930,717319,1,2005-08-24
6930,2422082,3,2004-02-18
6930,1284491,3,2004-01-29
6930,2257458,3,2003-12-02
6930,1049517,5,2004-04-21
6930,1647140,4,2004-10-16
6930,1041674,4,2004-11-11
6930,2085147,4,2004-11-26
6930,2257619,3,2005-03-02
6930,2228525,3,2005-12-08
6930,39838,3,2004-02-13
6930,1942311,4,2005-07-18
6930,2401372,3,2004-03-15
6930,289419,3,2004-01-05
6930,396140,4,2004-01-06
6930,585572,4,2004-04-21
6930,1364974,3,2003-10-22
6930,230866,4,2004-08-22
6930,2058663,2,2004-06-10
6930,383915,4,2004-01-05
6930,2270111,4,2004-03-19
6930,91318,3,2005-01-25
6930,1827714,2,2005-09-30
6930,195378,2,2005-12-12
6930,264553,2,2004-02-10
6930,980993,3,2003-11-11
6930,293966,2,2004-02-15
6930,1941703,1,2003-11-17
6930,1655658,3,2004-05-05
6930,2328790,3,2004-02-17
6930,30767,2,2003-10-25
6930,2513455,3,2004-07-14
6930,232430,5,2004-08-04
6930,1461853,4,2004-09-22
6930,2228585,1,2004-10-14
6930,1527139,3,2005-03-13
6930,482380,4,2005-04-05
6930,1796542,3,2005-05-25
6930,1693604,3,2005-06-24
6930,1664306,4,2005-11-03
6930,235551,3,2005-07-10
6930,466335,2,2003-10-27
6930,482068,2,2003-11-04
6930,874934,4,2004-01-21
6930,998010,3,2005-08-13
6930,669553,2,2003-11-05
6930,2379906,2,2003-11-19
6930,20119,3,2003-11-24
6930,2460844,3,2004-04-05
6930,150954,3,2004-07-16
6930,626050,5,2004-04-24
6930,1820271,4,2004-11-07
6930,771637,3,2005-01-07
6930,536257,3,2005-01-08
6930,282810,3,2005-02-22
6930,1451927,5,2005-05-11
6930,2086711,3,2005-05-31
6930,633392,4,2005-11-13
6930,1795050,3,2005-11-22
6930,2137678,3,2005-07-19
6930,425978,4,2003-11-08
6930,1072968,1,2003-11-29
6930,2532654,3,2004-09-13
6930,2020027,4,2004-03-23
6930,1868650,4,2003-12-07
6930,26334,3,2004-01-26
6930,1955146,4,2004-12-01
6930,1975768,2,2005-02-15
6930,2037985,2,2005-02-27
6930,2378112,2,2005-03-02
6930,1202268,3,2005-03-18
6930,862004,4,2005-04-24
6930,2571590,3,2003-11-07
6930,1349595,3,2004-04-16
6930,569826,4,2003-12-03
6930,557825,2,2004-02-19
6930,1026653,3,2003-11-24
6930,10638,4,2004-05-20
6930,2296531,1,2005-08-19
6930,644041,1,2004-06-29
6930,484575,3,2004-05-12
6930,2194719,3,2004-03-07
6930,397615,1,2004-08-01
6930,1744995,3,2005-01-30
6930,944938,2,2005-03-11
6930,1540315,3,2005-03-28
6930,2616793,4,2005-05-18
6930,2400234,2,2005-10-10
6930,2141085,3,2003-10-20
6930,1133205,5,2003-12-11
6930,412171,3,2003-10-20
6930,1018629,2,2003-10-29
6930,1950225,4,2004-03-04
6930,1940324,3,2004-06-05
6930,529497,4,2003-11-26
6930,2456714,3,2004-06-04
6930,1438143,5,2004-05-03
6930,2525542,3,2004-08-27
6930,2223592,3,2004-07-19
6930,2529491,2,2004-12-09
6930,156183,4,2005-01-02
6930,1245143,4,2005-01-06
6930,1248359,3,2005-04-28
6930,1102629,4,2005-05-07
6930,62768,1,2005-06-30
6930,1171695,4,2005-09-17
6930,904816,3,2005-11-10
6930,821204,2,2003-10-29
6930,1090296,1,2003-11-18
6930,655025,4,2005-07-19
6930,2038623,5,2004-06-17
6930,777139,4,2004-01-14
6930,1104512,3,2004-01-17
6930,371488,4,2004-02-03
6930,311563,1,2004-03-08
6930,1351076,3,2005-09-01
6930,2561339,3,2004-09-06
6930,1562451,4,2004-05-24
6930,1001461,2,2003-11-18
6930,1774976,3,2004-04-07
6930,1266708,2,2004-08-29
6930,1528530,3,2004-07-09
6930,111813,5,2004-12-28
6930,1586578,2,2005-03-06
6930,355597,4,2005-03-28
6930,57366,5,2005-04-23
6930,1261395,4,2005-10-10
6930,130875,4,2005-11-03
6930,1504176,4,2005-11-08
6930,242425,1,2005-11-20
6930,2033758,5,2005-07-07
6930,1346943,4,2004-03-24
6930,2364842,4,2004-06-16
6930,2074573,1,2003-11-29
6930,401523,4,2004-05-19
6930,2634576,4,2004-05-17
6930,1587311,4,2004-03-29
6930,2178000,3,2003-11-02
6930,1822001,3,2003-12-05
6930,1202209,2,2003-12-28
6930,444053,4,2003-11-17
6930,1927232,2,2005-08-14
6930,497501,3,2004-01-10
6930,1344482,3,2003-12-10
6930,449632,3,2005-09-04
6930,1076412,3,2004-09-14
6930,1795873,2,2004-09-15
6930,928455,3,2004-02-12
6930,874610,1,2004-09-10
6930,2012047,2,2004-04-26
6930,1324636,3,2004-08-16
6930,1059847,4,2004-09-19
6930,1391791,5,2004-09-22
6930,1705822,1,2005-01-25
6930,453239,4,2005-02-22
6930,415351,5,2005-03-26
6930,310078,3,2005-11-01
6930,765132,3,2005-12-27
6930,2202835,2,2004-07-24
6930,1344086,4,2004-03-26
6930,2097080,3,2005-08-15
6930,1741924,4,2004-04-13
6930,300962,3,2004-05-09
6930,624266,4,2004-04-07
6930,617932,5,2004-05-04
6930,6878,5,2003-10-21
6930,427346,4,2004-02-20
6930,1300218,4,2004-01-29
6930,203369,3,2004-11-11
6930,2249750,4,2005-09-19
6930,1167116,3,2003-11-28
6930,1900912,3,2003-11-18
6930,2267885,1,2003-12-22
6930,1621095,3,2005-08-06
6930,1382856,4,2003-11-24
6930,1533679,4,2004-07-19
6930,735716,3,2005-08-12
6930,613260,3,2004-02-02
6930,361543,3,2004-07-27
6930,2075696,3,2004-04-06
6930,171881,3,2004-08-01
6930,500576,4,2004-05-30
6930,215469,3,2004-06-22
6930,2597572,4,2004-10-17
6930,1822470,1,2005-01-08
6930,2617437,3,2005-10-23
6930,1711401,3,2005-12-08
6930,623142,4,2004-07-15
6930,197897,2,2003-12-11
6930,1344779,1,2003-11-04
6930,1746477,3,2004-04-19
6930,2276441,3,2004-03-15
6930,1171744,3,2004-05-19
6930,1835914,3,2003-12-16
6930,336789,2,2003-11-06
6930,2016769,2,2003-11-18
6930,924928,5,2004-07-27
6930,1765315,4,2004-11-17
6930,303748,2,2005-01-30
6930,601885,3,2005-03-20
6930,1276519,4,2005-10-09
6930,1655662,3,2005-10-24
6930,2599813,4,2004-04-06
6930,2522636,4,2004-03-17
6930,87160,4,2004-02-26
6930,2025279,4,2003-10-28
6930,1048629,3,2003-11-12
6930,1082320,5,2004-01-01
6930,2572491,3,2003-10-20
6930,2495556,3,2004-05-15
6930,163721,4,2004-01-28
6930,568065,2,2004-03-10
6930,1289501,3,2004-04-14
6930,17163,2,2004-09-02
6930,1029305,3,2004-09-29
6930,1490538,3,2005-01-06
6930,548113,1,2005-02-01
6930,524706,4,2005-03-17
6930,1424040,3,2004-09-14
6930,1393438,5,2003-11-12
6930,1412554,4,2004-05-25
6930,1051981,4,2004-01-22
6930,467366,5,2003-10-18
6930,855748,4,2004-03-15
6930,1661469,3,2005-08-23
6930,1432358,3,2004-01-31
6930,2459234,4,2004-06-15
6930,2277935,3,2003-12-18
6930,595641,4,2004-05-24
6930,1355738,4,2004-01-04
6930,495230,4,2004-02-18
6930,424818,5,2004-06-28
6930,158222,3,2004-11-09
6930,2222397,4,2005-03-08
6930,2639488,4,2005-11-22
6930,1158717,4,2004-01-14
6930,978928,2,2003-12-16
6930,713175,3,2004-03-11
6930,443209,5,2004-08-31
6930,206252,4,2005-08-12
6930,868471,4,2003-12-23
6930,1504090,2,2004-02-02
6930,757767,1,2004-03-04
6930,2265782,4,2004-03-08
6930,1989227,3,2004-07-21
6930,1331877,5,2004-06-01
6930,419761,2,2004-09-17
6930,569474,2,2004-10-02
6930,2309544,4,2004-12-10
6930,913567,3,2005-01-04
6930,2143366,5,2005-03-12
6930,2398821,4,2005-11-13
6930,1312075,5,2003-10-28
6930,178623,3,2003-11-05
6930,384821,3,2003-10-27
6930,175740,2,2003-11-10
6930,764513,3,2003-10-24
6930,1916555,3,2003-10-29
6930,1287088,3,2003-10-30
6930,477869,5,2003-12-11
6930,1679839,4,2004-02-08
6930,612760,3,2004-06-18
6930,1119611,3,2004-09-23
6930,1234712,3,2005-01-11
6930,1249815,2,2005-02-07
6930,2283770,5,2005-02-09
6930,1391437,4,2005-04-26
6930,2385309,4,2005-05-16
6930,1264021,3,2005-06-09
6930,19439,2,2005-06-29
6930,2004864,3,2005-11-29
6930,1858261,2,2005-12-03
6930,2543978,4,2003-10-22
6930,1348456,2,2004-03-01
6930,287966,3,2005-08-01
6930,2153128,2,2003-11-29
6930,1820313,2,2003-10-20
6930,1577401,3,2004-04-26
6930,616154,5,2004-06-14
6930,1378811,3,2004-04-20
6930,774160,2,2003-11-03
6930,539602,2,2005-09-05
6930,2352140,3,2004-02-03
6930,544180,4,2004-08-24
6930,1061605,3,2004-07-15
6930,1906855,3,2004-05-24
6930,2131774,2,2004-10-11
6930,44694,3,2005-04-04
6930,2610976,3,2005-05-03
6930,1777614,3,2005-09-19
6930,132283,3,2005-07-11
6930,2365141,2,2003-10-23
6930,714725,2,2005-07-25
6930,307231,4,2004-06-03
6930,1318655,3,2005-07-30
6930,915773,4,2004-07-07
6930,73679,5,2004-06-14
6930,1112140,4,2004-07-15
6930,693999,3,2004-04-23
6930,1435990,4,2004-06-23
6930,410782,4,2004-06-21
6930,1865249,4,2004-04-05
6930,2146949,3,2004-10-17
6930,1737152,5,2004-10-26
6930,120579,3,2004-12-16
6930,1084077,4,2005-01-19
6930,1380235,5,2005-02-27
6930,1039760,2,2005-04-06
6930,2110562,2,2005-04-19
6930,2377815,4,2005-09-19
6930,1629301,4,2005-12-12
6930,1244044,5,2005-12-13
6930,945636,1,2005-07-12
6930,969536,4,2005-07-20
6930,1314027,3,2004-01-09
6930,763383,4,2003-10-29
6930,1086330,1,2003-12-27
6930,827502,2,2004-04-18
6930,1984315,3,2004-02-24
6930,1333823,4,2004-09-23
6930,1867401,2,2004-10-10
6930,152411,2,2004-11-03
6930,336882,3,2004-11-08
6930,117878,4,2004-12-30
6930,2117006,5,2005-03-21
6930,1598358,1,2005-04-18
6930,403825,4,2005-05-17
6930,2632818,4,2005-06-21
6930,590399,3,2005-06-24
6930,828672,5,2005-06-29
6930,2332390,2,2005-11-29
6930,771191,4,2005-12-28
6930,1770708,4,2003-10-26
6930,715339,3,2004-08-16
6930,330566,5,2003-10-21
6930,1479341,5,2003-12-10
6930,1126041,4,2005-08-17
6930,349295,4,2004-04-08
6930,2373840,3,2004-03-05
6930,357087,4,2004-03-22
6930,1500478,3,2004-05-17
6930,1928022,4,2004-07-18
6930,1169796,3,2004-10-11
6930,1950314,4,2004-11-30
6930,1355066,3,2004-12-21
6930,127079,3,2005-01-23
6930,1850620,3,2005-09-05
6930,97536,3,2004-06-29
6930,896636,3,2005-07-18
6930,405859,4,2003-11-25
6930,1851701,2,2004-01-29
6930,901996,3,2004-03-31
6930,1778317,4,2005-08-16
6930,79257,4,2003-10-28
6930,1600687,5,2003-11-07
6930,1694989,2,2003-12-23
6930,1945922,4,2004-01-04
6930,204552,4,2005-03-08
6930,85824,2,2005-04-03
6930,2074473,2,2005-06-24
6930,1740380,2,2005-06-28
6930,1041253,3,2005-07-01
6930,982694,2,2004-03-22
6930,252476,3,2003-10-30
6930,467092,4,2004-08-27
6930,1974679,1,2004-05-29
6930,2435795,1,2004-05-06
6930,1055289,2,2004-08-10
6930,924710,3,2004-03-23
6930,2307992,4,2003-11-03
6930,912890,4,2004-01-28
6930,1091761,4,2005-08-16
6930,1174231,3,2003-11-15
6930,1508574,3,2004-02-08
6930,716173,4,2005-08-25
6930,808382,2,2003-10-24
6930,2332396,5,2004-04-03
6930,1145993,3,2003-10-28
6930,690698,1,2004-05-04
6930,2642804,2,2004-03-12
6930,1230004,2,2004-04-21
6930,2502542,4,2004-10-29
6930,1313413,2,2005-02-06
6930,157797,4,2005-09-11
6930,117346,4,2005-10-11
6930,2518612,3,2005-10-13
6930,882006,3,2005-10-23
6930,2038119,4,2005-11-12
6930,1189039,5,2005-11-28
6930,2085265,1,2003-12-08
6930,1493247,2,2003-11-10
6930,108360,2,2004-01-21
6930,2624542,5,2003-11-03
6930,542323,3,2003-12-18
6930,2138889,4,2004-07-26
6930,1037808,1,2003-12-15
6930,138106,3,2004-03-24
6930,208435,3,2005-08-06
6930,2118863,2,2003-10-19
6930,966817,2,2005-08-22
6930,1914814,5,2005-08-23
6930,2389674,1,2005-12-01
6930,665018,4,2004-07-16
6930,2334289,5,2004-05-26
6930,1187517,2,2004-05-07
6930,773266,2,2004-06-22
6930,376662,4,2004-07-27
6930,253955,3,2004-09-30
6930,851730,3,2004-10-11
6930,360005,4,2004-12-17
6930,800938,4,2005-01-11
6930,2454854,4,2005-02-24
6930,1924584,3,2005-06-05
6930,190279,3,2005-10-14
6930,1594837,4,2005-12-06
6930,2393141,3,2005-12-29
6930,1757115,3,2004-06-08
6930,1445521,3,2003-11-13
6930,798296,3,2004-02-08
6930,2066966,2,2003-11-18
6930,572498,1,2004-07-20
6930,2473258,3,2004-07-15
6930,2103084,4,2004-01-30
6930,2479927,4,2004-12-15
6930,1638462,2,2005-06-07
6930,682963,3,2005-06-21
6930,2444953,3,2005-06-21
6930,334091,3,2005-10-14
6930,2548287,3,2003-11-08
6930,195116,4,2005-07-18
6930,689091,3,2003-11-17
6930,1365650,4,2003-12-18
6930,1868537,1,2003-12-01
6930,2230735,3,2003-10-21
6930,688406,4,2004-04-01
6930,2318311,4,2003-12-09
6930,2056068,1,2005-09-07
6930,443835,2,2003-10-21
6930,459815,3,2004-07-01
6930,943614,3,2004-06-10
6930,908545,3,2004-06-23
6930,852686,4,2004-06-22
6930,1616289,5,2004-08-31
6930,2319304,4,2005-02-11
6930,434225,2,2005-04-06
6930,264679,3,2005-05-25
6930,492414,5,2005-10-05
6930,2368266,4,2005-10-24
6930,2364883,3,2005-12-04
6930,831839,2,2003-12-09
6930,1553965,3,2004-09-08
6930,836701,4,2005-08-05
6930,1544193,4,2003-10-19
6930,1634480,4,2003-12-17
6930,1753194,4,2003-04-18
6930,323835,4,2003-10-22
6930,2637098,3,2003-11-01
6930,742791,1,2003-12-25
6930,2087850,4,2004-09-24
6930,835840,4,2005-03-19
6930,1711213,5,2005-06-27
6930,385371,3,2005-09-19
6930,2467145,5,2005-10-07
6930,653102,3,2003-10-21
6930,180815,2,2003-11-24
6930,724097,3,2005-07-17
6930,183076,4,2005-08-08
6930,785687,4,2004-01-17
6930,2046124,4,2004-03-29
6930,1961920,2,2004-05-12
6930,2333716,3,2004-05-19
6930,398594,4,2004-09-12
6930,763551,3,2004-06-28
6930,1889913,3,2005-01-01
6930,1197562,5,2005-01-26
6930,233622,3,2005-02-15
6930,1844552,3,2005-04-19
6930,1116290,3,2005-06-02
6930,1339806,2,2005-09-29
6930,2553670,3,2005-11-05
6930,764200,3,2004-04-07
6930,451727,4,2003-12-10
6930,1355003,3,2003-12-01
6930,1282983,2,2004-06-28
6930,306286,2,2004-05-10
6930,1271961,2,2003-12-11
6930,1859950,3,2004-02-25
6930,1677070,4,2004-12-19
6930,1067467,5,2005-01-05
6930,1262458,4,2005-04-09
6930,984411,4,2005-05-04
6930,1488932,3,2005-06-02
6930,321679,3,2005-09-19
6930,1592266,3,2003-12-05
6930,8212,3,2005-07-25
6930,1686991,3,2005-11-30
6930,1158076,3,2003-10-31
6930,1380296,4,2005-03-04
6930,561184,2,2004-03-08
6930,2430776,3,2004-07-23
6930,1890874,4,2004-05-17
6930,1974863,3,2004-10-08
6930,173491,5,2004-11-20
6930,1364764,2,2004-11-29
6930,2313687,2,2004-12-20
6930,323450,2,2004-12-24
6930,1937801,2,2005-01-03
6930,1516689,1,2005-04-04
6930,1671223,3,2005-04-12
6930,1927073,4,2005-05-15
6930,1627542,3,2005-05-22
6930,1434786,4,2005-12-01
6930,2081345,3,2003-10-22
6930,736013,3,2003-12-01
6930,1123410,4,2004-02-15
6930,1627955,2,2004-05-21
6930,976155,3,2004-07-23
6930,1658658,3,2005-01-19
6930,2295922,3,2005-03-06
6930,692018,4,2005-06-28
6930,486644,2,2005-12-01
6930,534032,3,2004-12-05
6930,323314,5,2003-11-03
6930,1074745,3,2004-03-09
6930,1431974,4,2003-11-07
6930,1132655,5,2003-12-03
6930,1254980,4,2005-08-29
6930,1710277,4,2005-09-08
6930,50057,4,2004-09-02
6930,1841679,5,2004-09-09
6930,687192,3,2004-10-13
6930,2458079,3,2004-11-17
6930,1041187,3,2005-01-05
6930,809216,5,2005-05-16
6930,1854759,3,2005-12-28
6930,2240466,5,2005-12-31
6930,1175532,3,2003-11-20
6930,1787869,2,2003-12-28
6930,2501461,1,2004-01-06
6930,2136991,1,2004-01-31
6930,305344,1,2003-08-19
6930,1875403,2,2003-10-31
6930,1927008,4,2004-08-09
6930,1012602,3,2004-01-23
6930,186977,1,2004-01-16
6930,1504640,4,2004-10-13
6930,80548,4,2004-11-16
6930,1804758,3,2005-01-19
6930,2183402,1,2005-04-04
6930,983558,4,2005-05-10
6930,1053026,2,2005-09-18
6930,632347,4,2005-11-20
6930,798319,3,2003-11-18
6930,913155,4,2003-10-20
6930,775416,4,2003-11-03
6930,1860109,3,2004-05-06
6930,1725226,3,2003-10-20
6930,1754654,1,2004-01-23
6930,186534,3,2004-04-21
6930,380541,4,2004-10-18
6930,1689173,4,2005-07-02
6930,1014175,4,2005-09-13
6930,289671,3,2005-09-27
6930,25874,3,2005-10-18
6930,1806238,3,2005-11-13
6930,849369,4,2003-10-24
6930,844028,5,2003-10-28
6930,434585,3,2003-11-10
6930,1753767,3,2004-01-23
6930,1373034,5,2003-11-01
6930,1930202,3,2004-07-27
6930,1641580,4,2004-06-07
6930,1404988,4,2003-12-30
6930,1291364,4,2004-05-04
6930,250894,4,2005-06-05
6930,2029180,3,2005-03-13
6930,725283,5,2005-09-14
6930,2400180,5,2005-11-10
6930,492111,3,2005-07-14
6930,2622832,4,2005-07-15
6930,949240,4,2004-06-24
6930,67468,4,2003-12-01
6930,1762143,3,2004-06-17
6930,1970534,1,2004-04-06
6930,608280,4,2004-03-14
6930,227599,3,2005-08-15
6930,1877707,2,2004-07-22
6930,527,4,2003-12-13
6930,855822,4,2004-05-21
6930,2502988,2,2004-03-04
6930,1068647,3,2004-03-17
6930,1523710,4,2003-10-29
6930,2115337,3,2004-04-06
6930,30274,3,2004-01-12
6930,707419,2,2004-05-24
6930,79918,4,2004-04-21
6930,2493254,1,2005-01-03
6930,291020,2,2005-01-03
6930,2601058,4,2005-01-11
6930,1652573,2,2005-02-12
6930,1649150,1,2005-02-24
6930,1863423,3,2005-09-08
6930,2560657,3,2005-09-26
6930,2278766,4,2003-11-01
6930,2026793,4,2005-07-08
6930,753136,2,2004-08-02
6930,1054657,4,2004-08-06
6930,877060,5,2003-10-21
6930,716107,3,2004-02-25
6930,1523658,3,2003-10-16
6930,1095145,2,2003-12-02
6930,1322178,3,2004-05-25
6930,2387234,3,2004-04-14
6930,1447714,3,2004-12-05
6930,2482898,3,2005-01-29
6930,1381024,4,2005-03-16
6930,1099404,3,2005-04-13
6930,1144671,5,2005-05-23
6930,554015,1,2005-10-16
6930,2439696,4,2003-10-28
6930,1094143,2,2004-04-17
6930,1012312,4,2003-11-18
6930,2533201,2,2004-05-01
6930,1049080,4,2004-07-01
6930,978707,1,2004-02-11
6930,1595935,4,2004-06-02
6930,2595506,1,2004-02-28
6930,950491,3,2004-08-30
6930,2148563,3,2004-02-23
6930,76766,2,2004-05-09
6930,2092087,3,2004-04-07
6930,245519,5,2004-10-20
6930,1425418,3,2005-02-01
6930,1931100,4,2005-03-21
6930,410150,3,2005-03-22
6930,1880216,4,2005-09-26
6930,1324041,3,2005-09-27
6930,743813,4,2005-10-19
6930,1182475,3,2004-04-12
6930,1777696,3,2004-02-27
6930,2520896,3,2003-11-13
6930,1252798,3,2005-09-05
6930,1438606,3,2004-06-22
6930,2404795,5,2004-03-15
6930,2450942,2,2004-09-24
6930,671416,3,2004-12-30
6930,333573,3,2005-02-10
6930,1766112,2,2005-06-06
6930,657427,4,2005-09-28
6930,934647,3,2005-10-01
6930,137204,4,2005-10-08
6930,2600927,5,2005-07-09
6930,3458,3,2004-05-13
6930,13197,3,2003-11-23
6930,6629,3,2003-12-01
6930,2047559,4,2004-05-26
6930,1282134,3,2004-04-05
6930,2491110,2,2005-08-19
6930,1018992,3,2003-11-19
6930,659713,3,2004-05-14
6930,844963,3,2003-12-14
6930,755124,2,2004-06-21
6930,111166,3,2004-09-02
6930,2640249,3,2004-05-22
6930,1700131,2,2004-08-02
6930,2427686,2,2004-08-04
6930,921286,3,2004-09-13
6930,1430314,1,2004-10-11
6930,2575894,5,2005-02-27
6930,1063713,4,2005-03-21
6930,1415983,4,2005-09-29
6930,425664,3,2005-10-26
6930,2258673,5,2005-11-29
6930,453831,3,2003-11-12
6930,306569,3,2004-02-14
6930,2110982,1,2003-10-24
6930,2564487,3,2003-11-21
6930,558086,2,2004-02-25
6930,2548362,3,2004-06-22
6930,1730974,1,2004-08-24
6930,2307765,4,2004-10-10
6930,2391200,1,2005-01-04
6930,264991,3,2005-01-20
6930,868826,3,2005-04-07
6930,2304851,5,2005-07-14
6930,1477365,2,2003-12-11
6930,30713,4,2003-12-01
6930,459219,4,2005-08-21
6930,2124083,5,2004-05-31
6930,68925,2,2004-07-14
6930,459719,4,2005-01-25
6930,2504928,3,2005-06-24
6930,2315251,3,2003-10-28
6930,416755,1,2004-01-12
6930,879244,4,2003-12-21
6930,850880,4,2004-08-04
6930,1289686,2,2003-11-11
6930,1479214,3,2004-04-27
6930,1753392,4,2005-08-30
6930,1382872,2,2004-03-07
6930,1143036,4,2004-12-20
6930,2556321,5,2005-01-19
6930,2288744,5,2005-11-05
6930,155337,4,2005-11-09
6930,5980,3,2005-11-28
6930,2495873,4,2005-07-24
6930,669635,3,2003-10-23
6930,276784,3,2003-11-24
6930,1914430,1,2003-11-13
6930,40836,3,2003-11-15
6930,2057375,2,2004-01-22
6930,1196287,2,2004-02-02
6930,2440855,3,2004-02-14
6930,1374838,5,2004-06-14
6930,2216863,4,2004-04-30
6930,2058125,3,2004-03-05
6930,928677,3,2005-01-19
6930,1391586,3,2005-04-05
6930,427186,4,2005-04-13
6930,1532473,4,2005-04-18
6930,1939956,4,2005-05-06
6930,2366362,3,2005-06-13
6930,804785,3,2005-09-13
6930,2053106,2,2005-09-26
6930,1065445,3,2005-10-06
6930,2549156,2,2003-10-28
6930,1372635,4,2005-07-17
6930,1912690,2,2003-12-25
6930,1937587,2,2003-11-24
6930,1372201,4,2003-11-11
6930,1102078,4,2003-12-14
6930,82874,5,2003-10-10
6930,1700810,4,2004-05-25
6930,670788,4,2004-04-02
6930,1967013,4,2004-03-22
6930,1226972,1,2003-10-29
6930,1196292,3,2004-03-26
6930,1643986,4,2004-04-23
6930,2523748,3,2004-10-20
6930,2043184,3,2004-11-18
6930,2162032,4,2004-12-31
6930,738264,3,2005-03-13
6930,2300174,4,2005-06-23
6930,798248,5,2005-10-23
6930,1769985,3,2005-12-02
6930,1158810,4,2004-06-16
6930,2179898,3,2004-05-09
6930,2079426,4,2003-11-19
6930,2148491,1,2004-08-19
6930,620741,3,2003-10-19
6930,2387083,3,2004-01-06
6930,507794,2,2004-05-25
6930,2344431,1,2003-12-29
6930,1921398,4,2004-04-12
6930,159159,2,2004-01-27
6930,2170980,4,2004-06-18
6930,2332894,4,2005-01-12
6930,444085,1,2005-04-05
6930,2613283,5,2005-05-27
6930,678349,3,2005-06-16
6930,1334053,3,2005-11-27
6930,759596,3,2005-11-29
6930,1793358,2,2004-09-07
6930,1661344,3,2003-12-10
6930,1827007,3,2003-12-16
6930,81414,3,2003-11-06
6930,636273,2,2004-07-29
6930,788395,4,2004-02-11
6930,2222374,2,2004-04-23
6930,646757,4,2004-06-23
6930,728560,5,2004-09-20
6930,1706274,5,2005-01-06
6930,854575,3,2005-01-19
6930,2063104,4,2005-01-19
6930,1081194,4,2005-02-16
6930,1167568,4,2005-03-15
6930,187641,5,2005-09-16
6930,2517870,2,2005-10-21
6930,1283171,3,2005-11-14
6930,1538611,4,2005-07-06
6930,2554860,2,2003-12-08
6930,49129,4,2003-11-25
6930,1413148,2,2004-01-10
6930,2370729,4,2003-10-31
6930,1763451,2,2003-10-17
6930,247660,3,2003-12-29
6930,786812,2,2003-11-04
6930,1341239,3,2004-01-15
6930,1778298,3,2005-08-10
6930,2026502,3,2004-02-28
6930,235860,2,2003-10-20
6930,2495347,4,2004-01-14
6930,121639,4,2004-04-04
6930,1456657,3,2003-12-13
6930,1783789,1,2004-09-21
6930,2027967,4,2004-11-22
6930,764965,3,2005-02-21
6930,2453503,1,2005-03-12
6930,688506,4,2005-04-03
6930,1062539,5,2005-05-05
6930,1652862,1,2005-05-24
6930,2096356,4,2005-06-02
6930,1087432,3,2005-06-23
6930,1630882,4,2005-07-01
6930,291987,2,2005-09-15
6930,780850,3,2005-09-22
6930,2625846,5,2005-10-01
6930,387134,2,2005-12-04
6930,1156517,2,2005-12-08
6930,2573957,3,2003-10-24
6930,439970,3,2004-02-13
6930,2135067,3,2003-11-25
6930,2250261,2,2003-10-24
6930,2364836,5,2003-10-22
6930,609236,5,2003-10-27
6930,1872922,2,2005-08-27
6930,718950,2,2005-09-08
6930,1517991,3,2004-02-15
6930,2487268,5,2003-12-15
6930,976534,2,2004-07-08
6930,240923,2,2004-09-20
6930,980292,2,2005-01-04
6930,1431356,4,2005-02-26
6930,791294,3,2005-04-28
6930,1264906,3,2005-05-18
6930,465518,3,2005-09-21
6930,294872,3,2005-11-10
6930,535311,3,2005-11-13
6930,2598647,1,2003-11-02
6930,1673054,4,2004-07-10
6930,551577,2,2004-07-12
6930,667526,3,2004-02-16
6930,1172689,3,2004-06-14
6930,537691,4,2004-01-28
6930,1303916,4,2004-01-26
6930,185424,3,2005-08-11
6930,137602,2,2004-02-14
6930,897219,2,2003-11-19
6930,213668,3,2003-11-01
6930,351819,3,2004-02-18
6930,1852534,3,2003-11-03
6930,889754,3,2003-12-01
6930,1888679,5,2003-11-21
6930,1618395,3,2004-02-28
6930,401334,3,2004-06-16
6930,1039019,4,2004-11-23
6930,606144,1,2005-01-19
6930,2557152,4,2005-02-08
6930,2293882,5,2005-05-11
6930,2601112,4,2005-09-22
6930,2455281,2,2005-11-01
6930,377109,3,2005-11-04
6930,2110669,4,2005-11-09
6930,1275094,5,2003-10-20
6930,2006715,4,2003-11-11
6930,549217,3,2005-07-25
6930,851144,2,2004-09-09
6930,2023759,4,2003-12-17
6930,780644,4,2004-08-02
6930,2224936,5,2004-07-09
6930,2588605,4,2003-10-20
6930,459103,1,2005-09-09
6930,2416952,3,2004-05-11
6930,2050755,4,2004-11-21
6930,1015868,3,2005-03-29
6930,490057,3,2005-04-15
6930,2251837,5,2005-05-23
6930,815589,4,2005-10-01
6930,1570561,3,2005-11-17
6930,2469956,3,2005-07-14
6930,1241030,4,2003-11-09
6930,2038357,3,2004-02-02
6930,453217,3,2003-10-20
6930,1187388,3,2004-01-26
6930,2381076,3,2005-02-20
6930,1296771,4,2004-06-14
6930,27608,3,2004-05-25
6930,1527361,5,2005-08-13
6930,1638987,4,2003-12-24
6930,1055456,4,2005-01-24
6930,215438,2,2005-01-31
6930,1373961,3,2005-03-24
6930,1932946,3,2003-11-05
6930,105802,2,2005-07-18
6930,1270913,3,2003-11-24
6930,452257,3,2003-11-27
6930,507613,3,2003-11-06
6930,1594841,2,2004-05-27
6930,932311,4,2003-10-23
6930,2152739,2,2004-05-16
6930,2565022,3,2004-04-26
6930,2550595,3,2004-01-20
6930,1847168,3,2004-02-22
6930,520014,5,2004-06-08
6930,2628206,3,2004-09-19
6930,1511565,4,2004-10-29
6930,1469447,2,2004-11-30
6930,488388,3,2005-01-06
6930,895538,4,2005-02-21
6930,72795,2,2005-03-14
6930,2201666,3,2005-12-22
6930,315043,2,2005-07-11
6930,1318530,3,2003-11-26
6930,806626,3,2004-03-15
6930,880773,2,2004-09-04
6930,1306287,4,2003-10-23
6930,1932016,1,2004-07-08
6930,894309,3,2004-02-09
6930,1393796,4,2003-11-26
6930,951057,2,2004-01-29
6930,1588607,4,2003-10-23
6930,1967992,3,2004-03-02
6930,2063478,3,2004-06-08
6930,195685,1,2004-07-13
6930,1914726,3,2004-05-03
6930,1187676,2,2004-11-11
6930,1615760,4,2005-03-01
6930,885386,3,2005-03-07
6930,411798,2,2005-03-29
6930,1391700,5,2005-11-01
6930,1711606,3,2003-11-08
6930,433173,3,2004-09-15
6930,2052829,3,2003-12-30
6930,618428,2,2004-03-17
6930,118113,3,2004-07-02
6930,2267205,3,2003-10-19
6930,658437,1,2003-12-19
6930,2510444,3,2004-03-24
6930,544754,4,2004-06-03
6930,200362,4,2004-06-10
6930,2239031,4,2004-09-19
6930,851874,3,2004-12-28
6930,1358675,4,2005-01-19
6930,2029766,3,2005-01-27
6930,472659,4,2005-05-31
6930,2528594,4,2004-04-08
6930,1833930,2,2004-02-02
6930,2215073,3,2004-05-15
6930,1043309,4,2005-08-13
6930,2260983,3,2004-04-23
6930,1858872,4,2003-10-26
6930,1982344,5,2004-06-02
6930,986657,3,2004-10-05
6930,1724528,3,2005-05-26
6930,1758749,3,2005-05-31
6930,1742820,4,2005-06-07
6930,2056022,2,2005-10-17
6930,2082901,4,2005-10-27
6930,373866,5,2005-07-09
6930,473748,3,2003-10-23
6930,792264,3,2004-01-28
6930,2162610,3,2005-08-10
6930,1914238,4,2004-07-19
6930,1916275,2,2003-11-30
6930,2347506,3,2003-11-25
6930,2250911,4,2004-03-18
6930,1269095,4,2004-02-09
6930,1607091,4,2004-09-14
6930,2340185,4,2004-05-26
6930,191760,3,2004-08-25
6930,1406978,4,2004-12-13
6930,1268835,3,2005-01-30
6930,408720,2,2005-10-24
6930,1339735,4,2005-11-11
6930,2562653,2,2004-04-13
6930,245114,3,2003-12-19
6930,2589164,3,2004-06-04
6930,855548,4,2004-05-10
6930,2307846,4,2004-08-18
6930,2607433,3,2004-12-03
6930,201805,1,2005-01-08
6930,2475682,4,2005-01-19
6930,2492984,4,2005-03-06
6930,2461946,3,2005-11-26
6930,2233002,3,2005-07-17
6930,407140,2,2004-02-10
6930,2002853,3,2003-12-15
6930,923292,1,2003-11-12
6930,1466098,3,2004-04-29
6930,664659,3,2003-12-15
6930,827694,1,2004-01-06
6930,530869,2,2005-08-31
6930,1363589,3,2004-06-07
6930,2117432,4,2004-03-26
6930,692048,3,2004-03-19
6930,353309,4,2005-02-03
6930,2239892,1,2005-03-04
6930,1070896,5,2005-03-26
6930,715434,3,2005-06-06
6930,1452100,5,2005-09-09
6930,106933,2,2005-09-21
6930,735755,4,2005-10-03
6930,866366,3,2003-11-25
6930,1229067,4,2004-03-30
6930,432721,4,2004-06-07
6930,2226220,5,2004-01-23
6930,201310,2,2003-12-04
6930,1076658,4,2003-11-21
6930,1439882,3,2004-01-12
6930,2480365,4,2005-08-31
6930,14080,1,2003-11-17
6930,2403156,3,2004-01-15
6930,50264,3,2004-07-20
6930,2172937,5,2004-10-08
6930,575875,3,2004-11-17
6930,2126849,3,2004-11-26
6930,220842,3,2004-12-22
6930,266831,2,2005-04-19
6930,767231,4,2005-06-01
6930,1625122,1,2005-10-28
6930,1251855,2,2005-12-28
6930,1899708,2,2003-12-14
6930,2108997,2,2005-07-12
6930,2404243,3,2003-10-28
6930,486933,3,2004-06-01
6930,2118613,3,2004-01-05
6930,1617647,4,2003-12-16
6930,1503023,3,2004-01-17
6930,1547593,2,2004-08-18
6930,16412,2,2003-11-18
6930,831575,5,2004-02-18
6930,1961942,3,2004-05-24
6930,572409,3,2004-09-24
6930,830770,4,2004-10-29
6930,1241337,5,2005-01-28
6930,1206522,4,2005-02-02
6930,1830265,3,2005-02-23
6930,221939,4,2005-03-10
6930,1045232,4,2005-04-12
6930,665109,3,2005-04-13
6930,22670,2,2005-06-30
6930,2497653,2,2005-11-12
6930,2603398,3,2005-11-26
6930,629726,3,2003-11-07
6930,2629996,2,2003-12-09
6930,708396,4,2005-07-21
6930,1591696,4,2003-10-23
6930,1887505,2,2003-11-10
6930,2276659,2,2003-10-28
6930,1984534,3,2003-11-02
6930,1119442,3,2005-08-15
6930,670488,2,2004-02-12
6930,714887,2,2004-04-21
6930,214076,5,2004-10-29
6930,1140580,4,2004-11-16
6930,961675,3,2005-01-04
6930,563269,1,2005-01-09
6930,675604,4,2005-01-19
6930,1265606,3,2005-03-03
6930,1146055,3,2005-03-09
6930,176535,4,2005-03-16
6930,20625,5,2005-03-28
6930,381512,3,2005-05-18
6930,1772362,4,2005-10-02
6930,231745,4,2005-10-22
6930,609754,1,2005-11-05
6930,281097,4,2003-11-04
6930,686722,3,2003-11-07
6930,1762077,5,2003-12-07
6930,2528702,2,2003-10-21
6930,880772,4,2004-06-09
6930,2326980,4,2003-10-21
6930,458582,3,2004-06-21
6930,1590355,4,2004-07-10
6930,1157655,4,2004-12-03
6930,472734,3,2005-10-26
6930,2602493,4,2005-02-25
6930,1175842,4,2005-03-18
6930,1516350,3,2005-03-19
6930,2500697,4,2005-12-04
6930,855687,5,2005-06-15
6930,739095,5,2005-09-16
6930,1190829,1,2003-10-19
6930,2114300,2,2004-05-20
6930,474938,3,2004-01-18
6930,1123549,1,2003-11-12
6930,493680,3,2004-01-25
6930,1976233,3,2004-04-28
6930,1683533,4,2004-02-04
6930,1166323,3,2003-11-15
6930,498793,3,2004-05-24
6930,776513,5,2004-07-30
6930,2501068,4,2004-10-13
6930,2089461,3,2005-03-14
6930,854460,3,2005-02-03
6930,851177,3,2005-06-01
6930,304685,4,2005-09-28
6930,1478905,3,2005-10-06
6930,1473687,3,2005-12-03
6930,922944,5,2005-12-04
6930,363263,4,2004-01-27
6930,2351580,2,2003-10-20
6930,530891,1,2004-01-21
6930,1140560,3,2003-10-21
6930,627156,2,2004-06-03
6930,94321,3,2004-09-12
6930,706410,3,2004-01-22
6930,1275080,3,2004-09-10
6930,1463341,4,2004-02-18
6930,1218907,5,2005-08-31
6930,865804,4,2003-12-30
6930,2477289,2,2005-02-18
6930,2118461,4,2005-10-22
6930,2386868,3,2003-10-21
6930,523779,4,2003-11-05
6930,888747,2,2004-02-14
6930,556799,2,2004-03-03
6930,1679129,3,2005-08-01
6930,522180,3,2003-10-16
6930,2297386,4,2004-03-26
6930,1120153,4,2003-10-30
6930,1794236,3,2004-04-03
6930,2154986,3,2005-08-06
6930,1638460,3,2005-09-09
6930,2636145,3,2004-02-09
6930,1211007,3,2004-03-18
6930,489005,5,2004-11-02
6930,1184498,4,2004-12-16
6930,924701,5,2005-02-17
6930,2558307,4,2005-03-28
6930,1750455,3,2005-06-11
6930,196785,1,2004-01-05
6930,1202191,5,2003-12-01
6930,2299957,4,2004-03-24
6930,1041730,2,2004-01-20
6930,421901,1,2003-11-17
6930,2061495,2,2003-10-21
6930,1135956,3,2004-06-27
6930,83992,3,2004-03-19
6930,115267,4,2003-11-11
6930,1675040,3,2003-12-02
6930,2632990,3,2004-06-17
6930,1538864,4,2004-01-12
6930,2435168,4,2004-03-17
6930,2608795,3,2004-05-18
6930,1469098,5,2004-11-10
6930,457941,1,2005-04-28
6930,2517361,4,2005-05-05
6930,930864,3,2005-06-26
6930,1504815,4,2005-10-11
6930,1727531,4,2005-07-13
6930,230967,2,2004-09-08
6930,1460630,3,2003-11-25
6930,1619649,5,2003-11-10
6930,1744158,3,2005-07-20
6930,387418,1,2005-11-09
6930,569376,4,2003-12-04
6930,2058357,2,2004-01-14
6930,1580437,2,2003-10-25
6930,1335677,3,2004-07-24
6930,2336203,4,2004-07-20
6930,1123617,4,2004-08-09
6930,1923886,2,2004-04-06
6930,1877676,3,2004-03-01
6930,1195424,3,2004-11-01
6930,2517982,5,2005-02-02
6930,1116012,3,2005-04-08
6930,1342591,3,2005-05-17
6930,1215825,4,2005-11-07
6930,444517,3,2003-10-27
6930,1732340,3,2004-03-09
6930,352812,1,2003-10-21
6930,77335,3,2004-03-24
6930,150950,2,2005-08-29
6930,424067,4,2004-01-03
6930,1366860,2,2004-04-02
6930,1272638,4,2004-06-25
6930,2205307,4,2004-10-11
6930,2132655,3,2005-09-06
6930,1677673,3,2005-09-06
6930,2588755,3,2005-12-07
6930,469137,2,2003-10-23
6930,768927,2,2005-07-20
6930,1287727,3,2003-12-30
6930,2419975,2,2004-03-31
6930,1632090,4,2004-03-04
6930,429260,2,2003-10-21
6930,32412,2,2004-02-24
6930,2229362,3,2003-10-27
6930,2243122,3,2004-05-22
6930,2228179,2,2003-10-31
6930,2008071,3,2004-01-18
6930,162279,4,2005-09-03
6930,1493073,4,2003-11-12
6930,2447150,3,2004-08-27
6930,914572,3,2004-08-10
6930,1133296,4,2005-02-14
6930,1124770,2,2005-03-24
6930,1160428,5,2005-05-01
6930,2375867,3,2005-11-04
6930,2497498,3,2005-11-27
6930,1582340,2,2005-12-13
6930,1001163,3,2005-07-08
6930,1255383,3,2004-01-07
6930,1109556,2,2003-11-18
6930,884558,3,2003-10-20
6930,2075855,1,2004-04-29
6930,2348027,4,2003-12-05
6930,143502,3,2004-04-21
6930,1918808,2,2004-04-25
6930,1682451,2,2004-04-13
6930,633079,3,2004-08-06
6930,2515276,3,2004-03-23
6930,1736710,4,2004-03-27
6930,1026368,3,2004-11-09
6930,1394217,3,2005-01-05
6930,114182,3,2005-03-20
6930,2357156,4,2005-04-21
6930,1919782,3,2005-05-05
6930,1288413,4,2005-06-27
6930,1819034,3,2005-10-09
6930,2098223,1,2005-11-07
6930,167848,4,2004-06-20
6930,280112,3,2004-08-10
6930,2647523,5,2005-09-02
6930,491060,3,2004-07-29
6930,1615672,1,2004-05-31
6930,1893841,3,2004-05-11
6930,1981849,3,2004-05-25
6930,1945029,4,2004-09-10
6930,1797948,3,2005-06-23
6930,967062,2,2005-06-28
6930,1842628,5,2005-11-14
6930,1133199,2,2003-10-25
6930,2570657,1,2004-06-29
6930,2537089,1,2003-10-27
6930,1674225,4,2004-02-16
6930,327440,4,2004-01-19
6930,2283349,3,2005-08-08
6930,156303,4,2003-12-08
6930,1932594,3,2004-06-01
6930,1278161,4,2004-05-11
6930,1441961,3,2004-04-14
6930,105168,3,2004-07-11
6930,1990921,3,2004-07-28
6930,2192873,2,2004-11-29
6930,85196,3,2004-12-11
6930,461065,3,2005-04-02
6930,414048,3,2005-05-11
6930,1369899,3,2005-05-20
6930,44319,3,2005-06-29
6930,1545416,2,2005-12-30
6930,2559719,4,2003-11-24
6930,1607191,2,2004-05-03
6930,1453603,4,2004-01-27
6930,1168645,3,2004-02-22
6930,738299,3,2003-11-07
6930,988945,2,2004-04-14
6930,756162,2,2004-02-04
6930,2315544,4,2005-08-22
6930,776187,1,2004-07-06
6930,1645904,3,2004-05-24
6930,654022,5,2004-03-14
6930,2267187,4,2004-12-30
6930,2296816,1,2005-01-27
6930,2436557,4,2005-04-14
6930,1266186,4,2005-09-27
6930,1046290,4,2005-10-15
6930,1174107,2,2005-11-07
6930,2452802,4,2005-11-21
6930,1828493,3,2005-11-30
6930,749139,2,2003-10-18
6930,2318998,1,2004-09-05
6930,399637,4,2004-02-01
6930,399503,3,2004-08-17
6930,793945,4,2004-01-19
6930,196448,1,2004-02-09
6930,2364743,4,2003-11-14
6930,324148,3,2003-11-25
6930,2268297,3,2004-09-13
6930,1902291,3,2004-04-04
6930,343252,3,2004-06-30
6930,595994,3,2004-09-17
6930,2273981,5,2004-11-30
6930,79940,3,2005-01-04
6930,1562701,3,2005-01-25
6930,2127196,3,2005-02-22
6930,2532810,2,2005-05-02
6930,246880,5,2005-06-20
6930,942670,4,2003-10-24
6930,49529,5,2004-02-23
6930,1378278,3,2003-11-21
6930,394698,3,2004-01-16
6930,2291202,4,2003-10-21
6930,769870,2,2003-11-09
6930,202357,3,2003-12-26
6930,1352649,1,2004-03-09
6930,1913241,2,2004-02-18
6930,1377949,3,2004-03-16
6930,620714,3,2004-12-28
6930,2206253,4,2005-01-07
6930,1463911,5,2005-01-10
6930,973478,4,2005-03-07
6930,1883576,3,2005-05-17
6930,1738284,3,2005-10-04
6930,1129897,3,2005-11-12
6930,693862,3,2005-11-21
6930,1630645,1,2004-09-01
6930,2041854,3,2004-06-01
6930,452481,2,2005-07-15
6930,1461435,1,2003-11-13
6930,2455561,3,2003-10-23
6930,2510352,3,2004-01-26
6930,2555055,3,2003-10-28
6930,2067070,2,2004-02-24
6930,1936957,4,2003-10-28
6930,2242718,2,2003-10-22
6930,629794,4,2005-08-18
6930,2257598,3,2004-08-10
6930,20008,3,2004-03-09
6930,2217548,4,2004-07-08
6930,1573302,1,2005-09-10
6930,2620756,3,2004-02-20
6930,330275,3,2004-06-01
6930,1995680,4,2004-03-10
6930,2050717,4,2004-02-01
6930,1001928,4,2004-01-01
6930,902439,4,2004-02-25
6930,27061,5,2004-10-14
6930,202572,2,2004-11-24
6930,100825,2,2005-03-03
6930,2583202,3,2005-03-25
6930,317496,4,2005-04-28
6930,1501761,3,2005-05-12
6930,1630808,5,2005-05-31
6930,1131419,5,2005-10-13
6930,2438449,3,2005-11-03
6930,638729,2,2005-11-29
6930,359000,5,2005-07-11
6930,1249735,3,2004-03-23
6930,575714,4,2003-10-31
6930,1251992,2,2003-10-20
6930,2474988,1,2004-08-11
6930,841014,2,2004-04-06
6930,1009543,3,2004-04-23
6930,1684202,3,2004-07-26
6930,1476654,4,2005-09-06
6930,813454,3,2004-01-05
6930,2515063,5,2004-06-20
6930,237794,5,2004-11-22
6930,267163,4,2004-12-21
6930,266867,5,2005-01-07
6930,302614,4,2005-02-22
6930,919294,4,2005-03-22
6930,2298323,3,2005-06-06
6930,166399,5,2005-09-09
6930,1963533,2,2004-03-30
6930,979847,4,2004-08-12
6930,1995910,3,2004-01-22
6930,873876,3,2003-11-16
6930,1263525,2,2004-05-26
6930,1710599,2,2004-04-24
6930,1460499,2,2004-02-11
6930,1016064,3,2004-05-17
6930,1517929,3,2004-10-25
6930,277541,4,2004-11-03
6930,195358,3,2004-11-09
6930,959853,4,2005-01-09
6930,998785,2,2005-02-08
6930,1037245,2,2005-06-14
6930,1225745,1,2005-09-21
6930,2623472,3,2005-10-14
6930,540030,5,2005-12-05
6930,723223,2,2004-02-24
6930,728508,5,2003-12-06
6930,2131713,5,2004-02-11
6930,350891,2,2004-01-12
6930,1659515,3,2004-01-12
6930,897035,4,2003-12-02
6930,573928,5,2004-03-14
6930,955885,2,2003-12-22
6930,642384,5,2004-09-04
6930,729970,4,2004-09-20
6930,715447,4,2004-10-10
6930,985750,3,2005-02-15
6930,107603,4,2005-04-06
6930,781068,4,2005-06-10
6930,2613654,3,2005-06-14
6930,952579,3,2005-09-13
6930,379000,4,2005-11-28
6930,761580,2,2005-07-07
6930,480446,2,2003-12-30
6930,2504733,3,2004-01-09
6930,836806,1,2003-11-12
6930,1862245,4,2004-01-20
6930,1680877,3,2004-07-02
6930,60722,3,2004-02-20
6930,185834,2,2005-01-20
6930,1396724,5,2005-03-23
6930,391503,1,2005-10-08
6930,823356,4,2005-07-09
6930,2199025,3,2004-02-02
6930,1233297,4,2003-12-14
6930,385724,3,2003-10-20
6930,101554,2,2003-10-23
6930,178576,4,2005-08-22
6930,2479445,3,2004-03-29
6930,2584839,4,2004-02-09
6930,1071474,3,2004-03-05
6930,303702,4,2004-03-29
6930,1420020,3,2004-09-09
6930,1005246,4,2004-11-09
6930,267107,4,2005-05-03
6930,1824061,4,2005-06-03
6930,1318289,3,2005-09-26
6930,268526,4,2005-10-25
6930,1979397,5,2005-10-30
6930,1353208,3,2005-11-11
6930,1698926,5,2005-11-13
6930,774088,3,2005-12-23
6930,57633,3,2003-10-14
6930,2395954,1,2004-07-08
6930,1257970,3,2004-02-12
6930,431241,3,2004-07-14
6930,2124138,4,2004-04-12
6930,1822730,3,2003-10-17
6930,2477212,4,2004-05-06
6930,928275,3,2003-12-15
6930,257918,2,2004-09-08
6930,2578994,3,2004-11-02
6930,446094,3,2004-11-10
6930,1748261,2,2005-01-02
6930,44419,2,2005-03-29
6930,1837776,4,2005-04-06
6930,2339135,2,2005-10-25
6930,684582,4,2005-10-27
6930,31408,3,2005-11-25
6930,513933,3,2004-07-20
6930,256676,4,2003-10-21
6930,2138018,3,2004-02-21
6930,1537847,2,2004-01-28
6930,384027,1,2003-11-24
6930,1223313,3,2003-12-23
6930,790603,3,2004-09-01
6930,1853539,5,2005-08-11
6930,1573062,2,2004-02-11
6930,758610,3,2004-06-02
6930,433357,3,2004-02-12
6930,345035,2,2004-02-24
6930,2634606,3,2005-01-19
6930,2143500,3,2005-02-18
6930,396252,3,2005-04-05
6930,2291063,2,2005-06-13
6930,2599934,3,2004-04-14
6930,1921815,3,2003-11-07
6930,1500714,3,2004-08-02
6930,1997469,4,2003-11-05
6930,690274,2,2004-06-09
6930,1542002,3,2004-04-23
6930,48607,3,2003-10-28
6930,543418,3,2003-11-14
6930,2181717,4,2003-12-16
6930,1930717,4,2004-05-19
6930,732428,3,2004-10-05
6930,1895874,2,2005-05-26
6930,1847946,4,2005-09-20
6930,1376053,4,2005-09-28
6930,301902,4,2005-10-16
6930,448879,3,2005-10-17
6930,2441882,3,2005-11-23
6930,1519879,1,2003-11-06
6930,588044,5,2004-01-05
6930,511836,2,2005-08-10
6930,644918,4,2004-01-28
6930,234964,3,2004-02-10
6930,1861005,3,2003-11-04
6930,1282043,3,2004-04-02
6930,1826290,3,2004-07-30
6930,1129612,4,2004-09-18
6930,1985710,3,2004-10-13
6930,2258090,4,2004-12-09
6930,591207,4,2004-12-27
6930,1109834,4,2005-02-26
6930,1551512,1,2005-03-05
6930,1158101,3,2005-04-21
6930,849144,2,2005-05-09
6930,1002509,2,2005-05-28
6930,1439335,2,2005-09-18
6930,210096,3,2005-10-11
6930,1240555,3,2005-11-08
6930,1723456,4,2005-11-09
6930,289481,3,2005-12-22
6930,995154,3,2003-11-03
6930,2347407,4,2003-12-05
6930,1846257,5,2004-01-27
6930,2493423,2,2004-09-09
6930,1199902,2,2003-10-25
6930,1814879,3,2003-12-23
6930,528083,4,2004-03-07
6930,304785,3,2004-01-08
6930,2626731,3,2003-11-19
6930,2443863,4,2005-08-31
6930,1464712,3,2004-06-16
6930,276788,3,2004-06-07
6930,3363,4,2005-01-11
6930,2621962,5,2005-03-23
6930,1590187,2,2005-04-05
6930,715966,3,2005-04-29
6930,1688430,1,2005-09-16
6930,431715,3,2004-04-23
6930,828704,2,2005-07-25
6930,2188353,2,2003-10-16
6930,2001326,3,2003-12-18
6930,2647416,5,2004-09-08
6930,2168938,4,2003-11-03
6930,1217133,3,2004-02-21
6930,1429738,3,2004-03-28
6930,1918276,4,2004-05-24
6930,356406,5,2004-08-12
6930,714349,3,2004-07-14
6930,2238060,2,2004-08-17
6930,2469431,4,2004-09-14
6930,4706,4,2005-03-21
6930,132555,2,2005-05-09
6930,1585028,4,2005-05-17
6930,2100399,3,2005-09-22
6930,870885,3,2005-09-22
6930,915518,2,2005-10-22
6930,515952,4,2003-11-12
6930,2643382,2,2004-06-03
6930,836952,4,2003-11-03
6930,1310,4,2004-03-31
6930,970389,4,2003-11-22
6930,2078966,2,2003-11-12
6930,1707198,2,2003-11-11
6930,632265,2,2003-11-17
6930,1061120,1,2003-12-09
6930,1852040,1,2004-03-31
6930,268846,4,2004-08-29
6930,1984443,5,2004-09-20
6930,252749,3,2004-09-20
6930,1934125,5,2004-09-20
6930,1482363,2,2004-11-09
6930,477133,3,2005-01-19
6930,1804119,4,2005-02-13
6930,2537234,1,2005-04-29
6930,1972653,5,2005-05-13
6930,202220,4,2004-04-06
6930,1626347,3,2004-06-27
6930,1606382,2,2003-12-04
6930,2115570,4,2005-08-03
6930,985030,3,2003-12-10
6930,1721447,2,2004-04-02
6930,665249,4,2004-09-01
6930,562106,4,2004-03-16
6930,775113,4,2005-01-10
6930,529787,4,2005-02-15
6930,391708,3,2005-02-15
6930,2171605,4,2005-04-18
6930,501667,3,2005-05-10
6930,2266504,2,2005-06-07
6930,1326195,3,2005-09-13
6930,1601267,3,2005-11-29
6930,2455042,3,2005-12-06
6930,146685,5,2004-01-26
6930,2358489,3,2003-11-13
6930,316155,2,2003-10-22
6930,89015,4,2004-02-09
6930,2148160,3,2003-12-04
6930,976265,5,2003-11-17
6930,901648,3,2004-08-01
6930,1401974,1,2003-12-28
6930,1640132,3,2003-10-21
6930,757288,3,2004-04-13
6930,2211082,4,2004-07-25
6930,2278709,1,2004-02-05
6930,2146603,4,2004-05-02
6930,1216664,3,2004-09-04
6930,775020,3,2004-10-06
6930,279477,4,2005-02-14
6930,131097,4,2005-03-15
6930,1674638,3,2005-05-18
6930,443186,5,2005-06-14
6930,1567750,4,2005-11-29
6930,2320697,3,2004-01-11
6930,859167,4,2003-11-03
6930,298298,4,2004-02-17
6930,1711418,3,2004-02-02
6930,346790,3,2003-10-27
6930,2468281,3,2004-01-14
6930,1244618,3,2004-05-25
6930,1040440,2,2004-08-24
6930,1448932,2,2004-10-04
6930,2542435,4,2004-12-06
6930,87660,3,2005-02-17
6930,846672,4,2005-03-09
6930,2276649,4,2005-04-18
6930,1617280,3,2005-06-14
6930,943499,4,2005-10-18
6930,406843,4,2005-10-26
6930,2422781,4,2005-11-25
6930,2449569,4,2005-07-10
6930,2604980,4,2004-03-16
6930,2214885,5,2005-07-31
6930,1074559,2,2004-07-14
6930,3718,2,2004-07-20
6930,1764869,3,2004-02-25
6930,58315,3,2004-03-02
6930,2590848,4,2004-09-17
6930,1184388,3,2005-09-14
6930,2268901,4,2005-10-01
6930,542071,3,2005-11-08
6930,2030534,4,2005-12-16
6930,1749986,5,2004-02-04
6930,897953,3,2004-02-23
6930,1027550,5,2005-02-20
6930,2185140,2,2004-02-06
6930,912738,3,2003-10-27
6930,272857,4,2004-08-09
6930,1648411,4,2004-09-14
6930,1360936,4,2003-11-05
6930,749178,3,2004-04-07
6930,654591,4,2004-02-14
6930,449440,2,2005-09-07
6930,431638,2,2003-11-04
6930,106239,4,2004-01-30
6930,1621060,2,2004-10-13
6930,141908,3,2004-11-07
6930,2016120,3,2005-01-01
6930,862746,1,2005-02-12
6930,731483,3,2005-03-01
6930,1629456,5,2005-06-17
6930,1639706,2,2005-09-25
6930,1166517,3,2005-09-20
6930,185372,2,2003-10-21
6930,2533753,2,2003-11-05
6930,1033224,3,2003-11-14
6930,1861178,1,2003-11-04
6930,828095,5,2003-11-09
6930,2414964,4,2004-07-26
6930,2050793,2,2005-08-12
6930,954742,2,2004-06-16
6930,1532085,3,2004-01-24
6930,2063699,2,2004-02-14
6930,1311255,5,2004-04-05
6930,2211760,4,2004-09-25
6930,1574599,2,2005-04-18
6930,1017331,3,2005-05-04
6930,876801,4,2005-06-02
6930,204160,2,2005-09-15
6930,1080495,3,2004-03-07
6930,1122364,3,2003-12-09
6930,2035466,3,2003-11-05
6930,2041188,3,2004-01-28
6930,1697157,2,2004-02-09
6930,1956081,1,2004-03-26
6930,332091,3,2003-10-20
6930,2447183,1,2004-01-04
6930,1548606,5,2003-10-21
6930,2431231,3,2003-11-10
6930,1204509,3,2004-01-16
6930,80759,3,2003-12-09
6930,1531275,3,2004-03-24
6930,71114,2,2004-11-03
6930,2566592,3,2004-11-07
6930,759944,5,2005-04-17
6930,2507507,3,2005-04-03
6930,2232693,4,2005-04-10
6930,2196808,4,2005-04-14
6930,1469549,2,2005-05-05
6930,1827694,1,2005-05-12
6930,1364307,3,2005-05-16
6930,1798879,4,2005-10-31
6930,186604,5,2003-10-20
6930,2429654,4,2003-11-17
6930,464774,2,2004-01-08
6930,2593651,3,2003-10-18
6930,575362,2,2003-11-14
6930,2392694,3,2004-05-18
6930,2169449,3,2004-03-02
6930,752038,3,2004-07-07
6930,1274035,3,2004-07-10
6930,1945087,2,2004-05-08
6930,1790689,4,2004-06-19
6930,1897655,5,2004-05-27
6930,2237988,3,2004-09-03
6930,726164,2,2004-09-29
6930,1949624,3,2005-02-08
6930,1827107,2,2005-03-08
6930,816361,3,2005-04-11
6930,1533313,2,2005-05-01
6930,1213178,1,2005-10-28
6930,2278024,5,2005-11-12
6930,1161240,2,2003-10-21
6930,1754529,3,2003-11-25
6930,179414,3,2004-03-02
6930,956368,3,2003-12-17
6930,2537473,3,2004-08-03
6930,224101,1,2003-12-15
6930,2019369,3,2004-01-25
6930,2238599,5,2005-08-26
6930,616758,4,2004-03-17
6930,1190339,3,2004-09-23
6930,1300759,4,2004-09-23
6930,128018,2,2004-10-16
6930,1251392,3,2004-10-28
6930,875719,2,2005-02-17
6930,650068,3,2005-03-23
6930,632306,4,2005-10-12
6930,1745205,4,2003-10-31
6930,2133893,5,2004-08-11
6930,1441086,3,2003-12-08
6930,230125,3,2004-05-07
6930,363446,4,2004-03-05
6930,1561134,4,2004-01-11
6930,2345216,2,2003-12-17
6930,945992,3,2004-07-06
6930,442222,4,2004-02-25
6930,2082805,5,2004-10-16
6930,449391,3,2004-12-17
6930,2573509,4,2005-01-19
6930,2467005,3,2005-05-04
6930,1898433,5,2005-10-15
6930,459277,3,2005-11-12
