12223,1850680,1,2005-10-14
12223,2609870,1,2005-10-18
12223,546017,5,2005-10-20
12223,1062199,5,2005-04-11
12223,281396,3,2005-04-28
12223,496561,5,2005-10-20
12223,788994,4,2005-09-19
12223,2269842,3,2005-08-08
12223,1088303,3,2005-08-02
12223,2046091,3,2005-09-27
12223,764193,2,2005-05-27
12223,1342568,5,2005-10-25
12223,1001129,2,2005-07-19
12223,2340470,4,2005-06-02
12223,134071,3,2005-10-18
12223,47312,3,2005-08-15
12223,357598,5,2005-10-13
12223,1070629,4,2005-11-02
12223,1370214,2,2005-08-22
12223,1097488,3,2005-09-19
12223,413120,5,2005-11-17
12223,1347579,5,2005-07-13
12223,1314869,2,2005-07-17
12223,121598,3,2005-11-18
12223,454519,3,2005-06-21
12223,564403,1,2005-08-25
12223,102028,5,2005-06-04
12223,1304853,3,2005-08-11
12223,2457053,5,2005-04-30
12223,21184,1,2005-04-09
12223,1819462,3,2005-04-25
12223,2439493,1,2005-07-25
12223,8121,1,2005-10-24
12223,1716519,4,2005-06-15
12223,361763,5,2005-09-11
12223,1473980,1,2005-09-09
12223,1390869,5,2005-10-14
12223,2404972,3,2005-11-12
12223,2260760,3,2005-08-15
12223,2019158,3,2005-10-07
12223,1675553,3,2005-11-27
12223,2254991,2,2005-06-23
12223,913510,3,2005-08-18
12223,1734292,3,2005-12-26
12223,554137,3,2005-05-31
12223,1106241,1,2005-12-09
12223,194639,4,2005-05-20
12223,1288596,5,2005-07-07
12223,708226,3,2005-11-20
12223,2201715,5,2005-05-05
12223,588285,1,2005-10-31
12223,329205,4,2005-07-25
12223,382906,3,2005-09-06
12223,1482393,4,2005-10-02
12223,1664010,4,2005-10-12
12223,2327743,5,2005-10-28
12223,922042,3,2005-11-22
12223,2408264,1,2005-09-19
12223,59218,1,2005-09-21
12223,2617503,4,2005-04-10
12223,1127519,3,2005-04-23
12223,862596,2,2005-09-18
12223,1296679,2,2005-08-18
12223,2099073,3,2005-09-22
12223,2639466,3,2005-08-28
12223,1702561,4,2005-08-29
12223,1344624,1,2005-10-04
12223,1525399,5,2005-08-22
12223,442447,3,2005-11-04
12223,3321,2,2005-10-18
12223,2323849,2,2005-12-14
12223,1660181,2,2005-09-25
12223,1026860,1,2005-10-01
12223,1624878,4,2005-07-15
12223,1210371,3,2005-11-04
12223,759737,2,2005-12-05
12223,2039272,3,2005-11-17
12223,461799,3,2005-05-17
12223,551388,3,2005-09-27
12223,568603,3,2005-10-14
12223,2182671,4,2005-08-02
12223,96836,4,2005-10-06
12223,2237608,3,2005-08-13
12223,2284035,4,2005-08-27
12223,1854660,1,2005-10-17
12223,305344,1,2005-05-09
12223,1457319,4,2005-10-29
12223,2122793,3,2005-12-02
12223,1403217,2,2005-12-27
12223,2147527,2,2005-11-16
12223,1154038,4,2005-10-22
12223,1387720,5,2005-07-15
12223,5980,2,2005-09-22
12223,2315012,5,2005-04-13
12223,238196,5,2005-12-12
12223,1899788,4,2005-12-28
12223,137602,4,2005-08-27
12223,1936943,3,2005-08-15
12223,2056022,2,2005-04-28
12223,2512986,4,2005-10-22
12223,320226,3,2005-12-23
12223,1875549,2,2005-11-09
12223,2118461,4,2005-10-22
12223,387418,2,2005-07-17
12223,150950,4,2005-08-29
12223,1114324,2,2005-05-01
12223,1367983,2,2005-10-23
12223,2164254,1,2005-08-03
12223,2119,4,2005-08-16
12223,657275,3,2005-08-03
12223,1946983,5,2005-08-17
12223,764560,4,2005-12-29
12223,440991,4,2005-06-26
12223,1037245,2,2005-12-28
12223,2104849,5,2005-08-27
12223,1420020,2,2005-11-25
12223,263213,1,2005-08-15
12223,653747,4,2005-06-22
12223,1112365,1,2005-09-25
12223,978104,4,2005-10-24
12223,1922435,3,2005-09-04
12223,684648,4,2005-04-15
