4525,1456155,4,2005-02-02
4525,2537219,4,2005-06-15
4525,1162164,4,2005-07-27
4525,2625420,2,2004-05-13
4525,937068,3,2004-06-01
4525,915001,4,2004-12-13
4525,1800117,5,2005-11-06
4525,957447,5,2005-11-08
4525,796509,3,2004-04-09
4525,70566,4,2004-05-11
4525,2510142,4,2004-11-15
4525,2183410,4,2005-06-24
4525,429787,3,2005-06-29
4525,2235414,3,2005-09-08
4525,1926221,3,2004-03-30
4525,858968,2,2004-08-18
4525,303948,3,2004-12-15
4525,1488117,4,2005-06-07
4525,900629,4,2004-10-11
4525,112320,5,2005-09-13
4525,427928,3,2004-05-18
4525,604917,3,2004-04-12
4525,510262,4,2004-06-02
4525,422853,5,2005-02-25
4525,1510044,2,2004-03-24
4525,1372014,2,2005-04-21
4525,1366054,3,2005-05-12
4525,1080872,5,2005-06-29
4525,621182,4,2004-04-01
4525,1779385,4,2004-04-27
4525,2434276,3,2005-02-28
4525,2266083,4,2005-05-04
4525,428624,4,2005-09-22
4525,2109681,3,2005-11-17
4525,357327,3,2005-02-08
4525,1278360,5,2005-03-01
4525,1834435,3,2005-07-21
4525,1509395,4,2005-06-24
4525,563218,5,2005-09-22
4525,301456,5,2005-10-23
4525,351405,4,2005-07-18
4525,2508819,1,2004-03-09
4525,312153,3,2005-02-14
4525,1344568,5,2005-05-04
4525,1696308,4,2005-07-02
4525,717542,5,2005-08-16
4525,743686,3,2004-04-20
4525,2450029,4,2005-02-22
4525,2517390,3,2005-09-04
4525,1001129,3,2004-11-24
4525,1638392,4,2005-04-12
4525,234535,4,2004-04-11
4525,22577,4,2005-05-17
4525,2436583,1,2005-03-09
4525,2441115,4,2005-05-22
4525,740695,5,2005-10-28
4525,1245471,5,2004-09-29
4525,710933,4,2005-03-09
4525,962098,5,2005-11-19
4525,1918857,5,2005-03-03
4525,1018379,5,2005-06-22
4525,441281,4,2005-09-07
4525,471088,2,2005-03-14
4525,473452,3,2005-03-29
4525,235789,3,2005-07-25
4525,1259776,4,2004-09-10
4525,1373143,3,2005-03-14
4525,259790,4,2005-12-09
4525,1345626,3,2004-05-31
4525,1468972,1,2005-05-27
4525,2098046,5,2005-06-20
4525,830370,4,2004-02-21
4525,1535652,4,2005-03-19
4525,2323284,3,2005-08-09
4525,473204,5,2004-05-10
4525,140691,4,2004-09-26
4525,1809929,4,2005-01-27
4525,1262761,4,2005-08-03
4525,1792741,1,2004-11-22
4525,2488440,2,2005-01-25
4525,853970,3,2005-02-25
4525,1314869,1,2005-05-09
4525,1583129,1,2005-12-30
4525,1432885,4,2005-09-10
4525,1255703,5,2005-09-18
4525,636262,4,2005-08-23
4525,65637,3,2005-04-18
4525,1053758,5,2004-09-03
4525,2062350,4,2004-12-08
4525,2416772,4,2004-09-15
4525,443972,4,2004-10-04
4525,1819462,1,2005-04-28
4525,1331380,3,2005-09-24
4525,2439493,1,2004-03-07
4525,2373186,5,2005-04-19
4525,1442088,1,2005-05-15
4525,1478210,1,2005-07-27
4525,206139,4,2004-08-17
4525,137065,3,2005-02-09
4525,1904283,3,2005-05-13
4525,1134379,5,2005-05-24
4525,259638,4,2005-09-17
4525,460811,4,2005-11-15
4525,418405,3,2005-06-13
4525,1154874,5,2005-12-16
4525,1116080,3,2005-08-08
4525,2609677,2,2004-06-26
4525,511641,3,2005-06-29
4525,1817758,3,2005-07-26
4525,1563935,1,2005-08-15
4525,1147585,3,2005-04-05
4525,1489412,3,2005-09-21
4525,170539,5,2005-11-05
4525,1262809,1,2005-07-23
4525,1475593,4,2004-06-23
4525,2324928,4,2005-05-09
4525,1244399,4,2005-08-24
4525,1030300,3,2004-04-27
4525,618789,5,2005-03-26
4525,399118,3,2005-04-07
4525,1473980,3,2005-08-22
4525,1682194,4,2004-09-08
4525,2543951,3,2004-03-25
4525,861944,4,2005-07-04
4525,586089,5,2004-05-19
4525,332476,5,2004-09-27
4525,2040859,1,2004-11-23
4525,753231,3,2005-06-15
4525,794884,4,2005-09-14
4525,904841,4,2004-10-10
4525,1465487,3,2004-12-03
4525,1381679,5,2005-12-21
4525,1272657,4,2004-11-10
4525,1028463,5,2004-12-14
4525,1402537,5,2005-02-22
4525,682318,4,2005-04-18
4525,650961,5,2005-05-25
4525,2060418,5,2005-10-03
4525,2316263,3,2004-07-07
4525,1274638,5,2005-03-09
4525,1643139,4,2005-06-03
4525,441372,5,2005-05-13
4525,2453084,4,2005-01-24
4525,1987695,3,2005-09-01
4525,835144,5,2005-02-27
4525,1807143,5,2005-10-29
4525,1386270,3,2005-07-22
4525,198515,4,2005-05-14
4525,1215414,5,2005-09-26
4525,1256990,5,2005-10-23
4525,1602069,3,2005-09-09
4525,1147442,4,2004-04-01
4525,2457095,1,2004-11-01
4525,1579211,5,2004-12-30
4525,2499918,4,2004-04-29
4525,1081414,5,2005-08-04
4525,2329945,5,2005-08-15
4525,2092389,4,2004-04-22
4525,2541385,3,2004-03-13
4525,1923981,4,2004-06-08
4525,1024768,5,2004-10-19
4525,1894993,4,2004-12-14
4525,145784,5,2005-05-24
4525,1640345,4,2005-10-15
4525,2334642,5,2005-04-12
4525,728123,5,2005-05-25
4525,2537558,5,2005-10-24
4525,1307588,3,2004-03-15
4525,1078938,5,2005-04-18
4525,1362105,4,2005-10-30
4525,837071,5,2005-12-17
4525,300021,3,2005-05-23
4525,1106241,1,2005-07-26
4525,1365349,3,2004-05-07
4525,2072415,5,2004-11-02
4525,177512,5,2005-08-23
4525,1810141,5,2005-05-29
4525,2209525,4,2005-09-13
4525,99847,3,2005-09-13
4525,361107,3,2005-12-22
4525,2072760,4,2004-12-09
4525,1946242,4,2005-12-30
4525,1957050,5,2004-03-27
4525,1604238,4,2005-06-08
4525,2391430,4,2005-05-24
4525,963207,5,2005-11-29
4525,2331668,5,2004-04-08
4525,2406400,2,2004-04-13
4525,2129787,5,2005-06-16
4525,378532,4,2005-05-03
4525,2402896,2,2005-06-20
4525,2363687,4,2005-01-19
4525,1640334,4,2005-09-08
4525,194304,5,2005-08-09
4525,2229983,3,2005-01-19
4525,1490332,4,2004-04-22
4525,1716789,4,2004-06-01
4525,1612304,5,2004-12-07
4525,41068,3,2005-01-06
4525,2142326,3,2005-03-27
4525,2209212,5,2005-08-26
4525,1303306,4,2005-01-08
4525,939887,4,2005-04-06
4525,394950,5,2005-05-16
4525,1083754,4,2005-11-02
4525,1360729,5,2005-07-18
4525,743746,4,2005-11-10
4525,157667,1,2004-09-01
4525,1995099,5,2005-07-11
4525,628567,3,2004-07-15
4525,2075603,4,2005-04-20
4525,25494,5,2005-03-15
4525,2053104,5,2005-03-18
4525,985971,4,2005-05-13
4525,429369,5,2005-09-08
4525,1664010,5,2005-10-22
4525,1061444,4,2005-12-09
4525,534639,5,2005-04-15
4525,901002,4,2004-05-09
4525,785769,4,2005-02-25
4525,1831550,5,2005-04-08
4525,35616,4,2004-07-09
4525,59218,5,2005-09-21
4525,783747,5,2005-08-05
4525,614755,3,2005-08-24
4525,2297136,1,2005-09-08
4525,1343679,4,2004-03-26
4525,2061666,1,2005-01-29
4525,1012200,5,2005-02-10
4525,1241893,5,2005-06-20
4525,751829,5,2005-09-06
4525,245369,3,2005-05-20
4525,2590262,3,2005-05-24
4525,2086396,4,2005-06-07
4525,2498932,4,2005-08-23
4525,1474356,5,2004-04-25
4525,570686,3,2005-01-02
4525,2137120,4,2005-02-07
4525,1902805,5,2005-02-22
4525,74319,3,2005-07-18
4525,2364369,4,2004-10-16
4525,742799,5,2005-01-22
4525,2379264,3,2005-05-26
4525,1364974,5,2005-07-25
4525,481617,4,2004-11-23
4525,1012786,5,2005-05-12
4525,359321,4,2005-06-18
4525,2552409,3,2005-09-16
4525,1021774,5,2005-09-29
4525,369852,3,2004-05-18
4525,1406595,4,2005-08-27
4525,2470428,1,2004-11-10
4525,2491745,5,2005-08-23
4525,243304,5,2004-06-02
4525,648230,3,2004-10-14
4525,1585263,4,2005-01-09
4525,2574128,1,2005-06-20
4525,1234589,2,2004-06-23
4525,2371403,4,2005-02-27
4525,1645588,4,2005-03-28
4525,447707,5,2005-04-07
4525,1075766,5,2005-06-03
4525,505184,5,2005-08-15
4525,2627738,3,2004-09-24
4525,2351296,5,2004-11-01
4525,1486273,4,2005-04-06
4525,754117,4,2005-04-29
4525,715542,4,2005-06-16
4525,773432,5,2005-08-18
4525,1106280,4,2004-09-03
4525,5245,4,2004-07-06
4525,2354460,5,2004-05-19
4525,2015182,5,2005-03-28
4525,1112779,5,2005-07-07
4525,573802,4,2005-07-29
4525,685565,5,2005-01-08
4525,1560034,4,2005-03-09
4525,2146087,5,2005-04-13
4525,1318650,5,2005-04-26
4525,1616870,4,2005-06-05
4525,74533,5,2005-09-23
4525,2140913,2,2005-11-02
4525,2415539,5,2005-03-21
4525,819659,5,2005-05-18
4525,2182398,5,2005-09-20
4525,1917470,4,2005-01-25
4525,1954343,4,2005-02-24
4525,54614,5,2005-02-04
4525,1483795,4,2005-07-11
4525,2440628,5,2005-05-22
4525,510820,5,2005-12-29
4525,1767952,4,2005-07-23
4525,820420,3,2004-04-15
4525,2451667,5,2004-12-09
4525,2208794,4,2005-05-20
4525,1018869,4,2005-06-16
4525,2389853,5,2005-07-03
4525,1746395,3,2004-04-12
4525,514101,3,2004-09-11
4525,872221,5,2005-09-30
4525,41580,1,2005-07-07
4525,2606799,1,2005-04-24
4525,442370,5,2005-12-07
4525,2618819,5,2005-08-25
4525,1818964,5,2004-05-04
4525,1172687,4,2005-01-26
4525,769794,5,2005-03-02
4525,1017068,5,2005-08-12
4525,2489495,1,2004-07-20
4525,2256485,1,2004-08-19
4525,716173,4,2005-06-26
4525,450055,4,2004-05-19
4525,2420083,3,2004-10-09
4525,1417412,2,2004-11-22
4525,2467819,4,2005-03-10
4525,789014,3,2004-03-08
4525,1531093,5,2004-04-29
4525,1567970,4,2005-05-01
4525,1860673,4,2005-06-24
4525,2224390,4,2005-09-13
4525,1686639,4,2004-08-07
4525,2605669,2,2005-05-14
4525,1223473,4,2005-06-06
4525,1167591,4,2005-06-21
4525,504620,2,2005-09-21
4525,1333123,4,2004-03-29
4525,417746,4,2005-07-31
4525,2202841,4,2004-04-19
4525,2182671,5,2005-07-20
4525,195355,3,2004-09-14
4525,2201072,3,2004-05-01
4525,95744,5,2005-08-04
4525,1410135,5,2004-04-19
4525,186127,5,2005-03-21
4525,217538,5,2005-07-07
4525,305344,1,2004-02-21
4525,2557589,5,2005-03-05
4525,2392212,5,2005-07-11
4525,2297573,3,2004-11-24
4525,947833,5,2005-12-04
4525,1366329,4,2005-08-30
4525,942390,3,2005-04-06
4525,1240099,4,2005-11-03
4525,960429,4,2004-03-17
4525,1572549,4,2004-07-28
4525,2368202,5,2004-04-21
4525,2386640,3,2005-05-17
4525,1243097,5,2005-07-22
4525,1590854,4,2004-09-09
4525,554015,4,2005-01-12
4525,1663486,4,2005-04-04
4525,2219351,5,2005-10-01
4525,761741,5,2005-11-02
4525,1421397,4,2004-04-09
4525,2594732,4,2005-04-06
4525,2447137,5,2005-05-02
4525,1753777,4,2005-01-26
4525,1385105,3,2005-06-01
4525,2069489,5,2005-12-21
4525,1475702,4,2005-09-03
4525,1161257,4,2004-07-22
4525,1556060,5,2005-05-29
4525,1879686,4,2004-11-23
4525,2074458,3,2005-07-14
4525,2296592,3,2005-07-19
4525,2293055,4,2005-01-19
4525,1173778,4,2004-03-13
4525,1688655,2,2005-07-23
4525,733245,4,2005-11-05
4525,2508315,4,2005-01-19
4525,784506,5,2005-01-19
4525,143129,4,2005-07-26
4525,2472663,4,2005-06-01
4525,1876416,4,2005-11-03
4525,1480821,3,2005-08-18
4525,1442857,4,2004-04-25
4525,1360085,3,2005-02-01
4525,1300818,3,2005-05-10
4525,1204403,5,2005-08-08
4525,672566,3,2005-09-01
4525,2056163,5,2005-08-29
4525,602660,3,2005-04-18
4525,435726,4,2005-06-02
4525,646997,4,2005-09-27
4525,2197712,5,2005-07-13
4525,1478555,4,2005-08-24
4525,922812,5,2005-02-03
4525,722354,2,2005-10-20
4525,555528,3,2005-07-13
4525,2168822,3,2004-06-09
4525,975131,5,2004-09-21
4525,1810844,5,2005-01-05
4525,888329,4,2005-05-19
4525,793025,4,2005-05-30
4525,2018894,4,2005-08-25
4525,1149644,4,2005-06-16
4525,1211291,3,2004-05-03
4525,762177,2,2004-03-09
4525,1107085,3,2004-09-08
4525,10679,4,2005-08-19
4525,2207647,3,2004-08-03
4525,243024,5,2004-10-05
4525,519517,4,2005-09-18
4525,1543140,4,2005-07-11
4525,1323717,1,2004-03-13
4525,219888,3,2005-01-10
4525,794480,1,2005-05-05
4525,562773,4,2005-05-10
4525,555054,5,2005-05-27
4525,2056022,2,2005-06-09
4525,2275024,4,2005-06-18
4525,2164514,3,2004-04-28
4525,1483781,4,2004-04-04
4525,579707,3,2004-06-28
4525,1400656,4,2005-04-04
4525,747667,5,2005-09-30
4525,2469669,4,2004-05-06
4525,1936518,4,2004-11-15
4525,2518881,3,2005-06-05
4525,1611086,5,2005-06-10
4525,1243803,4,2005-10-01
4525,1088035,3,2004-04-22
4525,321207,4,2005-08-22
4525,366750,4,2005-03-07
4525,143684,1,2005-04-26
4525,1078644,4,2005-01-25
4525,2146061,5,2005-02-14
4525,1160772,5,2004-12-12
4525,1576186,4,2005-03-01
4525,1358403,5,2005-03-07
4525,1181235,5,2005-03-23
4525,2558876,3,2005-08-30
4525,1105015,3,2005-05-27
4525,1806515,4,2005-07-17
4525,1541716,3,2005-07-25
4525,943465,4,2004-09-02
4525,2024221,4,2005-03-02
4525,801972,3,2005-09-13
4525,2118461,5,2005-10-29
4525,2331293,4,2004-06-01
4525,2626280,3,2005-01-19
4525,1730015,4,2005-01-19
4525,1516936,5,2005-04-18
4525,728686,3,2005-06-07
4525,2097516,5,2005-09-15
4525,2196023,5,2005-05-31
4525,780252,3,2005-07-21
4525,387418,2,2004-02-09
4525,767074,4,2005-03-04
4525,314858,4,2004-06-17
4525,1402560,4,2004-07-14
4525,1151192,5,2005-02-18
4525,1114324,1,2005-05-03
4525,2487127,1,2004-09-26
4525,258627,4,2004-10-16
4525,109241,3,2005-06-30
4525,1906611,5,2004-07-09
4525,1300042,5,2005-04-12
4525,1585416,5,2005-11-21
4525,956464,3,2004-06-06
4525,1041603,5,2004-05-02
4525,622101,3,2004-07-30
4525,512488,1,2004-08-28
4525,1148740,3,2005-07-31
4525,2171187,3,2005-02-28
4525,985113,2,2005-03-21
4525,622994,4,2005-06-19
4525,1357598,3,2005-09-08
4525,2096964,3,2004-05-24
4525,2460229,4,2004-10-04
4525,1923917,4,2005-02-16
4525,1249857,4,2005-09-08
4525,2077051,5,2005-09-28
4525,1257336,5,2005-12-14
4525,1875743,5,2005-07-25
4525,27061,5,2004-07-23
4525,1461435,1,2005-04-27
4525,636905,3,2005-04-28
4525,2198129,2,2005-09-18
4525,1041592,4,2005-08-30
4525,375199,5,2005-09-02
4525,2337789,5,2005-02-02
4525,2309877,4,2005-06-15
4525,2284436,4,2005-11-08
4525,606098,3,2004-09-14
4525,999397,5,2005-03-21
4525,724287,3,2005-04-22
4525,439439,4,2005-06-04
4525,904183,3,2004-09-10
4525,1354924,4,2004-10-16
4525,514024,4,2005-03-07
4525,2330786,4,2005-05-04
4525,2062638,3,2005-06-20
4525,128300,1,2004-04-08
4525,1515355,4,2005-04-17
4525,474244,4,2005-04-25
4525,2223363,5,2005-06-15
4525,1769866,5,2005-09-15
4525,2578697,4,2005-02-10
4525,977818,4,2005-04-27
4525,2478214,5,2005-05-31
4525,23808,4,2005-09-17
4525,1128081,3,2004-06-02
4525,582486,4,2005-02-10
4525,2460347,1,2005-12-19
4525,2508122,3,2004-07-17
4525,1338598,3,2004-09-22
4525,1888098,4,2005-05-12
4525,296319,5,2004-03-09
4525,222597,3,2004-05-24
4525,407987,5,2005-03-29
4525,1959417,5,2005-05-05
4525,2465288,5,2005-01-06
4525,1156997,4,2005-04-01
4525,1726192,4,2005-11-02
4525,1668288,3,2005-08-07
4525,438590,5,2005-04-12
4525,419033,3,2005-06-18
4525,2475951,2,2004-11-28
4525,2429294,4,2005-07-15
4525,1479501,2,2004-03-04
4525,953667,2,2005-07-17
4525,2488350,5,2005-07-31
4525,825802,4,2005-06-29
4525,893737,3,2005-10-18
4525,1468331,5,2005-06-05
4525,2371819,3,2005-07-19
4525,1213144,3,2004-05-11
4525,1820160,5,2005-02-23
4525,1074199,4,2005-03-14
4525,2634967,1,2005-01-10
4525,1780645,4,2005-01-27
4525,1431818,3,2005-02-24
4525,689472,4,2005-07-25
4525,515617,3,2004-04-21
4525,845555,3,2004-05-11
4525,2248482,4,2004-11-08
