13596,2480084,4,2003-08-11
13596,1109700,3,2002-05-30
13596,679929,2,2005-08-29
13596,515605,1,2004-10-06
13596,1428688,3,2005-04-30
13596,1910881,3,2005-09-19
13596,540937,4,2004-12-02
13596,673263,3,2000-12-06
13596,76196,1,2001-12-27
13596,2384779,3,2002-01-16
13596,997772,1,2005-09-02
13596,1648646,2,2004-12-30
13596,1033821,3,2005-04-04
13596,2422360,3,2005-05-23
13596,1278950,3,2003-07-31
13596,1093275,1,2004-05-17
13596,653619,3,2004-07-27
13596,875691,2,2004-10-14
13596,1986005,4,2005-05-26
13596,751020,3,2000-02-28
13596,2012897,4,2001-05-09
13596,2242958,1,2002-06-21
13596,1977959,4,2002-06-20
13596,2174660,2,2003-10-15
13596,2061871,3,2004-07-13
13596,1064957,4,2005-01-19
13596,2181148,3,2005-04-12
13596,319119,3,2003-12-18
13596,793754,3,2005-03-17
13596,1826450,3,2005-05-03
13596,2443756,3,2003-08-06
13596,290295,1,2005-08-30
13596,2502155,4,2003-10-15
13596,2268573,1,2001-01-28
13596,2611587,2,2002-03-15
13596,952561,1,2003-09-07
13596,1896822,3,2005-03-10
13596,1623353,3,2000-02-12
13596,1206843,2,2002-05-14
13596,181699,4,2003-09-25
13596,1026298,3,2003-05-01
13596,1819510,3,2005-07-17
13596,1227322,2,2003-07-10
13596,455628,2,2005-06-15
13596,2596383,3,2005-11-03
13596,893673,2,2000-09-06
13596,731217,2,2003-05-14
13596,1594764,3,2001-09-24
13596,66871,3,2003-07-01
13596,2203244,1,2004-01-11
13596,1220170,2,2004-12-10
13596,2488386,2,2003-01-22
13596,929308,4,2002-11-26
13596,709256,4,2004-01-05
13596,1125519,2,2002-07-25
13596,2382001,4,2005-08-17
13596,2267788,3,2005-09-24
13596,530721,2,1999-12-30
13596,2429925,5,2000-12-11
13596,693911,3,2000-11-11
13596,2102030,3,2003-11-06
13596,2559803,4,2003-11-10
13596,2115297,2,2003-08-18
13596,476765,4,2003-07-26
13596,1416310,2,2004-02-14
13596,1380974,3,2005-04-05
13596,1927533,3,2000-02-17
13596,260626,3,2003-12-19
13596,1118103,1,2003-11-27
13596,1733406,3,2004-10-05
13596,1604702,3,2004-04-01
13596,1784150,2,2004-11-13
13596,286106,1,2005-01-19
13596,1143964,4,2005-03-02
13596,1809133,3,2005-06-13
13596,2647559,4,2002-08-06
13596,2456727,3,2004-08-10
13596,960036,2,2003-05-30
13596,814194,3,2005-08-20
13596,1814136,2,2003-12-31
13596,2273637,3,2004-12-08
13596,536096,4,2004-05-11
13596,555886,4,2003-12-05
13596,1559022,3,2003-06-03
13596,1532336,2,2004-07-15
13596,1352038,3,2002-02-16
13596,2300587,3,2001-08-21
13596,2345910,1,2004-05-26
13596,1980593,3,2002-01-01
13596,941649,2,2002-06-10
13596,1511683,1,2003-05-30
13596,1847231,3,2005-08-21
13596,285031,2,2005-03-01
13596,1001129,2,2005-03-03
13596,2291972,2,2005-09-12
13596,548578,3,2005-09-25
13596,2207697,3,2004-03-21
13596,229617,4,2004-10-06
13596,1594095,2,2005-06-14
13596,1930719,1,2001-05-30
13596,2485566,5,2004-02-22
13596,2581672,4,2003-03-09
13596,2023518,3,2005-08-01
13596,1331266,4,2003-10-04
13596,70392,2,2004-12-17
13596,310214,2,2005-10-20
13596,956229,4,2004-02-20
13596,1273364,3,2004-02-17
13596,2089725,3,2005-03-08
13596,2526173,3,2005-09-16
13596,1759688,3,2004-08-10
13596,727242,2,2002-12-27
13596,466778,5,2005-04-06
13596,608538,2,2005-11-21
13596,981593,4,2000-12-11
13596,780160,3,2002-04-10
13596,1211787,3,2003-08-28
13596,478176,2,2004-05-26
13596,114286,3,2005-03-08
13596,1498767,4,2002-05-12
13596,1203445,2,2005-08-21
13596,1177902,4,2003-05-25
13596,411705,4,2004-04-20
13596,1190481,4,2005-09-26
13596,176011,3,2005-12-15
13596,83071,2,2001-01-25
13596,636634,3,2003-11-18
13596,1383811,3,2003-12-03
13596,2247936,3,2005-01-19
13596,2358724,3,2005-02-28
13596,511142,2,2005-03-19
13596,1668648,3,2000-05-03
13596,1927597,3,2002-02-27
13596,1103080,5,2004-12-20
13596,2582367,3,2005-05-19
13596,110288,1,2004-01-01
13596,565559,3,2003-05-08
13596,1314869,3,2004-07-03
13596,1131265,3,2004-09-21
13596,2446813,3,2005-01-27
13596,1759205,4,2004-08-30
13596,1186880,3,2005-05-16
13596,1207158,3,1999-12-31
13596,1988492,2,2002-04-23
13596,333986,3,2004-07-07
13596,391799,2,2000-04-29
13596,1358071,1,2000-05-10
13596,1204048,3,2002-09-30
13596,1058567,3,2003-11-13
13596,1285643,2,2004-12-20
13596,1132650,3,2005-02-15
13596,2237185,3,2005-03-13
13596,533017,3,2005-04-01
13596,2168331,3,2001-02-18
13596,597735,3,2004-01-23
13596,35770,4,2003-04-06
13596,1215759,2,2005-01-10
13596,587883,3,2005-04-01
13596,602785,4,2003-08-06
13596,1003143,2,2004-03-11
13596,1203991,3,2004-07-30
13596,875592,3,2005-10-21
13596,539835,2,2002-04-06
13596,2439493,1,2003-05-07
13596,2312226,3,2005-05-23
13596,447282,3,2005-10-28
13596,833056,3,2004-03-22
13596,209794,3,2005-08-07
13596,457692,2,2005-08-19
13596,478484,3,2002-02-07
13596,559670,1,2004-09-13
13596,2115091,3,2005-04-28
13596,596648,3,2004-03-10
13596,1801528,3,2005-11-01
13596,731321,4,2005-12-24
13596,1806991,4,2004-10-22
13596,2442283,2,2005-01-03
13596,247846,3,2005-06-20
13596,1459630,3,2000-04-08
13596,1209343,3,2003-10-13
13596,61731,1,2003-11-12
13596,27954,3,2003-06-13
13596,2560039,1,2005-08-27
13596,1471987,4,2004-09-08
13596,832780,3,2005-11-05
13596,632346,3,2001-06-02
13596,1510783,3,2002-11-08
13596,518309,3,2003-05-16
13596,1770331,2,2005-01-13
13596,741782,3,2005-10-11
13596,1178384,2,2005-12-19
13596,2068749,4,2004-05-28
13596,930113,4,2003-08-05
13596,2388479,3,2005-05-03
13596,415589,4,2004-03-16
13596,1430032,3,2004-09-02
13596,2155860,1,2000-02-01
13596,1473980,3,2005-08-30
13596,1729260,3,2005-11-22
13596,2025153,3,2002-02-16
13596,1599522,3,2002-10-03
13596,2207520,4,2002-04-10
13596,344696,4,2005-07-28
13596,202678,3,2004-01-13
13596,392731,3,2004-11-06
13596,1920237,4,2004-12-22
13596,461990,3,2004-08-05
13596,1391124,2,2004-11-19
13596,2156559,3,2005-10-04
13596,1818277,3,2001-06-02
13596,664230,4,2003-10-26
13596,1194698,1,2003-10-17
13596,1221212,3,2005-10-29
13596,1536504,3,2005-11-30
13596,2422250,2,2003-12-04
13596,542907,3,2004-02-05
13596,2079036,3,2004-03-31
13596,2310820,3,2004-12-08
13596,240168,4,2004-12-20
13596,727508,2,2001-03-02
13596,1903324,1,2003-11-24
13596,2365581,4,2004-09-18
13596,1367244,3,2004-10-13
13596,898303,4,2004-10-14
13596,1952305,3,2005-03-03
13596,732669,3,2004-01-16
13596,1866818,2,2003-11-04
13596,818752,2,2004-07-30
13596,2450433,2,2005-01-01
13596,1683198,1,2000-11-21
13596,2355331,3,2001-05-06
13596,943817,3,2003-11-18
13596,2217779,4,2002-05-22
13596,2198070,3,2005-08-30
13596,206308,5,2004-06-02
13596,1936020,4,2005-03-08
13596,2499360,3,2005-06-23
13596,1419978,3,2001-08-02
13596,421029,4,2003-01-01
13596,2493088,4,2004-12-07
13596,436841,3,2005-01-11
13596,1836356,3,2000-04-08
13596,606809,4,2005-08-17
13596,1462537,3,2004-10-06
13596,493009,3,2004-11-07
13596,417026,3,2005-08-09
13596,2098455,3,2004-09-08
13596,284433,3,2004-12-28
13596,2488565,1,2005-09-29
13596,678276,3,2005-08-16
13596,1982434,2,2004-10-13
13596,1105029,3,2005-01-10
13596,1001150,4,2005-01-23
13596,1280456,4,2000-12-24
13596,315027,2,2002-03-27
13596,590607,4,2003-06-10
13596,2398923,1,2004-10-21
13596,847313,2,2002-04-30
13596,833276,3,2005-07-24
13596,179873,3,2003-06-23
13596,611440,1,2003-09-04
13596,1376923,3,2004-09-16
13596,2127497,4,2005-01-19
13596,1182451,2,2005-01-21
13596,1520710,3,2005-11-08
13596,2190310,3,2001-05-04
13596,2232338,4,2002-11-28
13596,2578249,4,2003-11-14
13596,1225455,3,2003-07-08
13596,2571250,3,2004-08-25
13596,330802,3,2001-08-03
13596,1771365,3,2003-05-05
13596,2381848,4,2003-12-01
13596,236160,4,2004-06-15
13596,908482,3,2005-01-10
13596,569436,2,2005-05-10
13596,1668888,3,2003-09-02
13596,1238709,4,2004-10-19
13596,819838,4,2004-06-19
13596,1924377,3,2004-06-05
13596,802586,3,2005-02-06
13596,2235387,1,2005-11-14
13596,758589,2,2001-02-08
13596,562156,3,2000-06-10
13596,998502,5,2001-08-26
13596,2205723,3,2005-07-18
13596,45647,5,2005-07-21
13596,1406587,1,2004-10-25
13596,1798758,3,2005-01-19
13596,199435,2,2003-04-21
13596,2171685,2,2004-01-13
13596,1754537,2,2004-12-02
13596,1227509,3,2000-02-27
13596,242326,5,2004-08-29
13596,1410444,4,2005-03-22
13596,2537543,1,2005-09-06
13596,2561841,5,2005-04-24
13596,369756,2,2003-05-20
13596,2079908,3,2005-08-22
13596,2410986,4,2004-04-22
13596,1552084,3,2004-05-31
13596,2335640,3,2004-06-10
13596,122503,4,2004-11-20
13596,1546976,3,2003-06-09
13596,2587540,5,2004-05-08
13596,1450041,3,2004-11-30
13596,1453363,4,2005-10-31
13596,580231,2,2005-08-22
13596,2082635,3,2001-07-11
13596,437371,3,2004-03-02
13596,2260832,3,2004-03-06
13596,1603340,3,2003-06-26
13596,2038196,3,2005-05-26
13596,322009,3,2005-10-13
13596,983042,3,2005-11-30
13596,633890,4,2001-05-07
13596,440750,4,2002-07-12
13596,2494967,2,2003-12-17
13596,2276582,2,2005-10-04
13596,397126,2,2005-08-22
13596,1429631,2,2003-06-17
13596,623496,4,2004-06-13
13596,1921001,5,2004-07-15
13596,1470123,3,2004-10-23
13596,2437152,3,2005-04-21
13596,756598,2,2003-07-09
13596,2417531,4,2003-10-16
13596,171430,4,2004-03-17
13596,593849,3,2003-10-27
13596,550777,3,2004-10-02
13596,2482384,3,2005-02-15
13596,1664010,5,2005-10-14
13596,2258984,3,2004-09-22
13596,978309,3,2005-04-09
13596,1296889,2,2005-03-09
13596,1491877,2,2005-09-28
13596,554225,2,2000-02-10
13596,2622498,3,2003-12-28
13596,614437,3,2005-04-10
13596,1854220,3,2003-11-11
13596,499257,4,2005-07-31
13596,1949881,4,2004-12-22
13596,1852206,2,2003-05-06
13596,744706,3,2003-06-06
13596,1599029,3,2004-11-15
13596,862596,2,2005-09-27
13596,1762633,5,2001-02-14
13596,2444202,4,2001-12-28
13596,2420828,4,2003-01-11
13596,962631,2,2005-09-02
13596,1463137,3,2004-12-17
13596,1447949,3,2005-04-28
13596,2400283,4,2003-03-25
13596,1541787,1,2004-09-21
13596,92328,3,2005-03-21
13596,2114455,3,2000-06-25
13596,2111864,3,2004-04-03
13596,665775,1,2003-10-09
13596,1399776,1,2003-11-29
13596,537424,3,2004-06-02
13596,2514733,3,2005-03-16
13596,368364,3,2005-10-03
13596,602410,4,2000-07-26
13596,1633082,4,2004-04-30
13596,1131347,2,2004-11-04
13596,2407407,3,2005-01-25
13596,2323490,4,2005-06-01
13596,1781937,1,2002-12-31
13596,48657,3,2003-05-19
13596,1476458,2,2004-11-20
13596,1709747,3,2005-04-18
13596,1298511,4,2003-07-09
13596,2025067,2,2004-04-12
13596,1000301,4,2004-12-16
13596,1339693,3,2005-03-12
13596,463102,3,2005-06-17
13596,1936252,1,2000-03-25
13596,472180,2,2001-07-03
13596,504440,3,2005-08-17
13596,393669,3,2004-06-29
13596,741670,2,2005-01-07
13596,1693581,4,2004-03-22
13596,50214,5,2003-06-06
13596,152075,2,2004-09-29
13596,2086711,4,2004-10-04
13596,1649686,4,2004-11-30
13596,1807166,3,2002-03-28
13596,505713,5,2001-08-31
13596,2320538,1,2003-11-16
13596,2197761,3,2005-02-19
13596,253559,2,2005-01-08
13596,1935793,3,2005-04-02
13596,2440601,2,2003-02-12
13596,812458,2,2004-03-07
13596,1845415,3,2004-01-17
13596,1218087,4,2003-02-20
13596,1658101,4,2004-07-08
13596,1090296,2,2002-01-18
13596,275338,4,2005-07-25
13596,2331985,5,2005-09-29
13596,2298723,1,2005-09-30
13596,2372141,3,2000-07-13
13596,355375,3,2000-06-05
13596,719246,3,2003-05-02
13596,1800377,3,2005-08-29
13596,64120,2,2000-03-30
13596,348244,2,2000-06-23
13596,222664,4,2005-08-15
13596,1599662,4,2005-09-02
13596,2266372,4,2005-03-09
13596,992861,3,2003-02-13
13596,1408953,3,2005-01-06
13596,2323748,3,2005-04-13
13596,1662883,3,2002-11-05
13596,831151,4,2003-09-17
13596,1520403,5,2003-08-27
13596,1337994,4,2003-04-24
13596,1381552,3,2003-10-05
13596,685718,4,2004-06-08
13596,2461433,3,2005-07-28
13596,1661469,2,2004-11-02
13596,2487298,3,2004-12-14
13596,237405,2,2005-04-08
13596,2464456,3,2005-05-20
13596,818453,3,2005-05-27
13596,491531,2,2004-09-10
13596,2446506,2,2003-06-08
13596,2174855,4,2004-05-03
13596,2398821,3,2005-03-14
13596,504642,4,2005-03-15
13596,1223553,2,1999-12-31
13596,679222,3,2005-08-01
13596,2301693,3,2004-03-13
13596,1343451,4,2005-09-13
13596,728148,2,2001-04-21
13596,2648568,3,2005-01-22
13596,1656198,2,2002-01-23
13596,1039760,3,2003-12-07
13596,76570,4,2004-07-12
13596,2444204,2,2004-10-27
13596,2358470,1,2005-02-02
13596,2606799,2,2005-06-03
13596,1110549,2,2001-04-14
13596,426820,1,2002-06-01
13596,34795,2,2002-10-26
13596,170116,2,2004-11-11
13596,152117,3,2005-10-10
13596,1432211,1,2001-12-27
13596,497986,2,2000-11-05
13596,2069740,3,2004-04-28
13596,2505140,3,2004-07-27
13596,84947,4,2000-11-29
13596,329670,2,2001-07-17
13596,1642552,3,2001-01-21
13596,716173,3,2005-08-10
13596,1332725,3,2005-06-02
13596,2420083,3,2001-03-01
13596,2185626,4,2001-07-03
13596,1048813,3,2002-05-10
13596,635471,4,2004-02-05
13596,1539884,3,2004-01-28
13596,41926,4,2004-04-30
13596,2119368,2,2004-11-03
13596,651546,5,2005-09-24
13596,2531111,2,2001-10-28
13596,1667929,2,2003-05-21
13596,854849,3,2004-06-23
13596,2578109,4,2004-10-29
13596,425273,3,2005-03-13
13596,382293,3,2005-04-06
13596,461799,3,2005-04-27
13596,1880039,4,2004-02-01
13596,504620,1,2005-08-23
13596,1582952,3,2005-02-07
13596,2201507,2,2005-11-14
13596,1833576,3,2003-07-30
13596,794345,2,2001-07-24
13596,568833,3,2004-09-04
13596,2035835,3,2005-10-02
13596,342877,5,2000-02-02
13596,2277114,3,2002-02-02
13596,2614083,3,2003-09-21
13596,927798,4,2004-04-15
13596,2336172,3,2004-12-01
13596,750263,4,2004-08-19
13596,1818865,1,2001-10-27
13596,1714399,3,2004-03-02
13596,389581,5,2004-12-21
13596,2073460,4,2001-11-04
13596,2038572,1,2004-01-25
13596,2050590,2,2004-09-29
13596,1557208,3,2004-10-29
13596,226048,3,2005-09-14
13596,2152930,3,2000-10-08
13596,238705,4,2001-12-27
13596,1292434,4,2004-05-17
13596,2410407,3,2004-08-25
13596,990533,3,2005-04-11
13596,1617710,2,2004-03-13
13596,1185992,5,2005-02-09
13596,452468,3,2005-03-10
13596,305344,1,2003-07-12
13596,1821436,3,2004-09-13
13596,2538506,3,2004-09-11
13596,84208,2,2004-07-19
13596,1867237,3,2003-02-17
13596,579326,3,2003-11-13
13596,264411,3,2002-03-20
13596,1875203,3,2005-08-19
13596,1403217,2,2005-05-20
13596,1866859,3,2005-11-01
13596,877060,4,2001-06-14
13596,2278766,4,2004-09-18
13596,831942,2,2004-12-05
13596,1830894,2,2005-03-27
13596,1801745,3,2003-12-30
13596,1521143,3,2003-12-16
13596,340166,2,2000-04-03
13596,1224064,3,2005-07-14
13596,1774783,3,2002-03-20
13596,1273352,4,2004-02-07
13596,2450942,3,2005-05-22
13596,1047269,2,2000-06-02
13596,2234857,3,2004-06-12
13596,1658662,3,2003-09-09
13596,2530352,1,2002-04-11
13596,2536991,5,2005-03-23
13596,2066199,3,2005-04-28
13596,266443,3,2005-05-13
13596,10268,4,2002-09-26
13596,2420298,3,2005-08-25
13596,2312541,3,2004-03-17
13596,2571794,4,2004-09-28
13596,258046,4,2004-11-26
13596,341982,3,2001-01-25
13596,2312227,3,2002-03-31
13596,1597178,4,2003-11-06
13596,2205259,4,2002-10-11
13596,65896,2,2004-03-01
13596,2324905,4,2003-12-08
13596,2135015,3,2004-09-28
13596,2204746,5,2005-03-13
13596,2167896,3,2004-03-24
13596,2150182,4,2004-01-24
13596,1648347,3,2003-10-04
13596,99732,3,2005-02-14
13596,1484157,2,2002-02-27
13596,159159,2,2004-01-27
13596,1019682,3,2005-03-07
13596,1382783,4,2005-03-27
13596,493165,1,2003-06-02
13596,223043,3,2003-06-25
13596,1258876,4,2003-07-11
13596,1198998,4,2003-07-14
13596,1798850,1,2004-01-10
13596,728560,1,2004-07-17
13596,859907,2,2005-01-11
13596,1123981,1,2002-07-08
13596,422399,4,2003-08-24
13596,240923,3,2004-06-29
13596,470226,3,2003-12-22
13596,629227,4,2004-04-30
13596,2038137,3,2004-09-27
13596,1586834,2,2005-10-27
13596,128040,2,2004-03-28
13596,2298769,2,2000-02-13
13596,2407453,2,2003-08-28
13596,1918910,3,2004-06-09
13596,1662420,3,2004-02-08
13596,1705878,2,2004-04-19
13596,38812,1,2005-01-04
13596,1306287,3,2002-10-22
13596,334846,4,2004-11-02
13596,992514,1,2005-01-07
13596,1179982,3,2002-03-03
13596,1507817,3,2005-08-23
13596,551208,3,2003-10-09
13596,2052133,4,2000-02-04
13596,2054907,1,2000-04-11
13596,2608886,2,2000-09-12
13596,2595820,3,2004-07-30
13596,2056022,2,2003-02-26
13596,326356,3,2005-04-03
13596,473748,3,2004-08-14
13596,1425971,3,2004-07-08
13596,854364,4,2004-11-02
13596,1609651,4,2000-09-09
13596,2529418,1,2003-10-14
13596,1642992,2,2004-10-27
13596,1545742,2,2005-02-04
13596,397883,3,2005-02-11
13596,1961848,3,2001-08-15
13596,1635523,3,2004-07-28
13596,479481,4,2004-11-05
13596,1899708,3,2005-09-25
13596,1949367,3,2004-05-04
13596,505279,3,2004-09-19
13596,1976734,3,2004-11-15
13596,1178330,5,2005-01-05
13596,1724102,3,2002-07-06
13596,1516350,4,2004-06-10
13596,1229628,4,2005-10-11
13596,322064,3,2005-12-13
13596,459972,2,2000-09-06
13596,2294868,3,2003-07-23
13596,851177,1,2005-09-09
13596,1519378,3,2005-01-04
13596,670310,4,2003-05-13
13596,1128482,3,2004-09-18
13596,2118461,3,2005-10-22
13596,390268,2,2005-02-20
13596,1072585,3,2001-10-23
13596,1274275,3,2005-03-08
13596,2157060,3,2005-04-09
13596,893074,1,2001-02-03
13596,1125516,1,2000-05-31
13596,673187,5,2002-09-12
13596,2033445,1,2004-06-10
13596,849878,3,2004-08-12
13596,2254751,3,2001-09-05
13596,387418,2,2003-10-10
13596,791266,5,2004-02-27
13596,2618385,5,2005-05-07
13596,1973537,3,2005-12-02
13596,1041778,2,2001-12-06
13596,1436486,4,2003-09-25
13596,314858,3,2003-12-15
13596,2325440,3,2000-09-04
13596,203350,1,2002-03-13
13596,465616,3,2004-07-30
13596,1002688,3,2004-06-15
13596,1996903,5,2004-01-12
13596,1301132,3,2004-01-08
13596,1304342,5,2004-11-22
13596,612107,3,2005-02-03
13596,1114324,3,2005-02-17
13596,156560,3,2004-02-12
13596,2273062,4,2004-08-10
13596,332558,2,2004-11-09
13596,1927002,1,2005-02-15
13596,1907085,4,2005-03-17
13596,763898,3,2005-12-07
13596,1785036,2,2004-07-05
13596,585137,4,2004-08-12
13596,1918794,3,2004-12-06
13596,336351,1,2005-05-19
13596,709485,3,2000-05-23
13596,2407926,3,2003-08-01
13596,1432378,4,2002-01-29
13596,16273,2,2003-08-22
13596,660061,3,2005-01-05
13596,2283349,2,2005-11-09
13596,1863803,2,2005-12-14
13596,2568886,3,2002-02-21
13596,749139,2,2001-08-07
13596,157591,2,2000-05-10
13596,889928,3,2005-08-15
13596,1597374,3,2004-11-24
13596,1127480,4,2003-12-01
13596,1663888,3,2004-09-23
13596,1982372,4,2005-03-05
13596,296345,2,2005-04-21
13596,799206,2,2005-06-08
13596,151763,3,2004-04-14
13596,2442786,3,2005-06-01
13596,631966,4,2001-06-22
13596,1416389,2,2002-04-22
13596,2479917,5,2004-05-12
13596,1072863,3,2004-02-23
13596,1602153,3,2004-10-18
13596,2574680,2,2004-10-25
13596,1846515,3,2004-06-29
13596,1475582,1,2005-01-05
13596,586882,3,2005-01-25
13596,1037245,3,2005-12-27
13596,948801,3,2001-08-27
13596,642384,5,2004-10-21
13596,228978,3,2001-12-25
13596,1695287,3,2001-08-03
13596,405955,3,2004-07-15
13596,2510236,3,2004-11-05
13596,1935552,2,2005-02-25
13596,840419,3,2005-03-01
13596,1186925,4,2002-10-20
13596,2255453,2,2000-04-24
13596,1188325,2,2001-10-30
13596,1639792,1,2002-05-14
13596,1233297,3,2002-12-24
13596,1318289,2,2003-09-28
13596,2098136,3,2004-10-21
13596,1366312,3,2004-12-23
13596,2607018,2,2001-12-29
13596,2550224,1,2004-05-25
13596,2508487,2,2004-10-07
13596,2583182,4,2004-11-20
13596,2511096,1,2003-11-17
13596,2143500,2,2005-04-10
13596,1336264,1,2005-07-04
13596,1703997,5,2005-10-13
13596,423361,4,2001-08-16
13596,444058,3,2001-01-30
13596,1270056,2,2001-10-18
13596,78404,3,2004-11-19
13596,837166,5,2005-10-16
13596,233505,2,2002-12-30
13596,330429,2,2005-05-27
13596,112592,5,2005-10-06
13596,1723456,4,2005-10-12
13596,1997020,3,2002-04-29
13596,236558,3,2005-02-02
13596,2540684,3,2005-09-27
13596,1838390,1,2000-06-24
13596,2080664,3,2004-08-21
13596,365604,1,2003-05-05
13596,2519046,3,2003-10-27
13596,20774,5,2004-11-24
13596,1348653,3,2005-01-09
13596,328488,3,2005-01-31
13596,512278,5,2002-03-30
13596,1112365,1,2005-08-01
13596,1707198,3,2004-01-05
13596,1852040,1,2004-04-16
13596,775895,3,2003-06-17
13596,834217,4,2005-08-25
13596,1975421,4,2005-05-27
13596,1214671,4,2005-09-22
13596,2334863,4,2000-01-06
13596,1257454,3,2005-07-29
13596,1017787,3,2004-12-02
13596,316155,2,2005-03-01
13596,6435,5,2005-03-15
13596,1195400,5,2005-04-11
13596,439659,2,2005-11-09
13596,203552,3,2000-03-18
13596,1149496,3,2000-07-31
13596,1369127,2,2003-06-17
13596,2251258,5,2004-07-05
13596,288694,3,2004-10-05
13596,2155879,4,2005-02-05
13596,760924,3,2003-12-04
13596,1162805,4,2004-04-02
13596,2209110,4,2004-11-24
13596,1462129,3,2005-04-05
13596,1099810,4,2005-12-15
13596,1290587,3,2000-02-15
13596,581313,2,2004-02-23
13596,1684721,3,2005-06-21
13596,2455611,3,2000-01-17
13596,2383272,2,2000-02-18
13596,1451157,2,2004-02-09
13596,1411831,3,2004-01-21
13596,309424,2,2002-11-09
13596,1816985,3,2000-09-03
13596,1377158,3,2001-07-05
13596,2172649,3,2002-10-10
13596,925414,4,2003-09-03
13596,2237988,3,2004-10-11
13596,2593384,3,2002-05-22
13596,938714,2,2003-08-22
13596,1982219,3,2003-06-08
13596,1961675,2,2000-10-11
13596,2038059,4,2002-06-04
13596,2261691,2,2005-08-09
13596,1704416,3,2004-11-17
