9905,1294425,4,2005-07-07
9905,1282997,5,2005-07-11
9905,1091832,3,2005-08-01
9905,1488957,5,2005-08-04
9905,1227848,4,2005-08-26
9905,1905780,3,2004-09-20
9905,1079762,4,2004-09-27
9905,2581970,3,2005-01-20
9905,2617263,3,2005-01-25
9905,727449,4,2005-06-16
9905,798692,4,2005-02-09
9905,1623418,3,2005-02-17
9905,1829959,2,2005-02-18
9905,1663216,3,2005-02-28
9905,2470833,5,2005-03-22
9905,1350903,5,2005-04-08
9905,1109700,5,2005-04-21
9905,2094546,4,2005-05-26
9905,1056998,5,2005-06-22
9905,2263006,5,2005-09-23
9905,1421919,4,2005-09-28
9905,1276913,5,2005-09-29
9905,654599,5,2005-10-03
9905,114393,2,2005-10-11
9905,2011243,4,2005-10-20
9905,27264,5,2005-10-22
9905,1271900,5,2005-10-22
9905,1778851,4,2005-11-04
9905,1449116,5,2005-11-25
9905,2241806,4,2005-12-02
9905,569719,5,2005-07-28
9905,1341330,5,2005-07-29
9905,309657,4,2005-08-31
9905,636752,4,2005-01-19
9905,2245579,4,2005-03-17
9905,1666400,4,2005-03-21
9905,433803,2,2005-04-07
9905,1684516,4,2005-04-19
9905,2586623,3,2005-05-15
9905,2060891,3,2005-06-21
9905,1148143,3,2005-10-03
9905,2609870,1,2005-10-18
9905,1462897,4,2005-11-06
9905,1436640,4,2005-11-13
9905,76187,5,2005-12-01
9905,2551764,4,2005-09-06
9905,2164153,4,2004-10-28
9905,2503887,4,2004-11-10
9905,1539341,3,2004-11-15
9905,2620652,3,2005-01-05
9905,1977128,5,2005-01-19
9905,1503895,2,2005-01-20
9905,2441066,3,2005-10-23
9905,499956,3,2005-10-27
9905,932596,5,2005-12-13
9905,1637206,3,2005-07-28
9905,2064672,4,2005-08-04
9905,1712923,3,2005-08-27
9905,281396,4,2004-09-02
9905,2551641,4,2004-11-10
9905,1474541,4,2004-11-13
9905,362214,5,2005-02-21
9905,1113772,4,2005-03-02
9905,442824,5,2005-03-04
9905,296160,4,2005-03-23
9905,1406872,5,2005-06-28
9905,1243274,5,2005-09-25
9905,1637341,4,2005-09-30
9905,7951,5,2005-10-30
9905,1115188,3,2005-11-11
9905,97786,5,2005-12-02
9905,190856,5,2005-12-26
9905,1417435,4,2005-07-15
9905,1129293,3,2005-07-25
9905,452192,4,2005-08-13
9905,2145245,4,2005-08-15
9905,847417,5,2005-08-15
9905,1522752,5,2005-08-23
9905,2010119,5,2005-08-30
9905,1481142,4,2005-01-10
9905,268148,3,2005-01-25
9905,975702,4,2005-02-10
9905,360830,4,2005-02-13
9905,462231,2,2005-04-12
9905,2570542,4,2005-04-21
9905,2259739,3,2005-05-20
9905,2360767,3,2005-05-21
9905,2220846,4,2005-06-22
9905,1873215,4,2005-09-08
9905,2207973,4,2005-09-24
9905,1938183,5,2005-10-10
9905,1907564,4,2005-10-26
9905,1953537,4,2005-11-21
9905,402336,4,2005-12-13
9905,351900,5,2005-07-14
9905,1237916,5,2005-07-26
9905,1277391,5,2005-08-01
9905,2530840,4,2005-08-24
9905,571280,3,2005-08-24
9905,1052128,3,2005-08-25
9905,1305159,4,2004-08-17
9905,683427,5,2004-10-14
9905,796303,4,2005-01-06
9905,971700,4,2005-03-17
9905,1688155,3,2005-04-06
9905,1626660,3,2005-05-25
9905,2533515,4,2005-06-26
9905,1048128,3,2005-06-28
9905,511234,5,2005-09-08
9905,837993,3,2005-09-13
9905,1904382,5,2005-09-27
9905,1496187,5,2005-10-10
9905,893926,4,2005-10-18
9905,2579385,5,2005-10-23
9905,1520226,4,2005-11-25
9905,2043617,4,2005-12-07
9905,1593395,3,2005-07-20
9905,1120485,3,2004-09-06
9905,2543231,3,2005-08-17
9905,1236294,2,2005-08-22
9905,1245640,5,2005-09-02
9905,2340979,4,2004-12-18
9905,1051197,4,2004-12-28
9905,1348148,4,2005-01-07
9905,178991,3,2005-05-10
9905,749203,4,2005-06-24
9905,1080361,5,2005-06-30
9905,2168365,5,2005-09-08
9905,1734105,5,2005-08-04
9905,1012347,3,2005-08-16
9905,941624,5,2004-09-15
9905,303948,4,2004-10-03
9905,2298764,5,2004-10-18
9905,606271,4,2004-12-18
9905,2397231,4,2005-01-19
9905,2600558,4,2005-02-25
9905,539782,5,2005-03-21
9905,2244849,3,2005-04-25
9905,2030523,5,2005-05-15
9905,1644680,5,2005-06-07
9905,988020,5,2005-06-27
9905,88799,4,2005-07-04
9905,2088489,3,2005-10-19
9905,1071811,3,2005-11-05
9905,2093398,5,2005-12-12
9905,2048279,2,2005-07-15
9905,1911422,5,2005-07-18
9905,1782553,3,2005-07-19
9905,1996731,5,2005-08-30
9905,491331,1,2005-09-04
9905,2320969,5,2004-09-29
9905,125296,4,2004-11-23
9905,1335063,5,2004-12-13
9905,104544,4,2005-01-23
9905,1898750,5,2005-04-01
9905,956303,3,2005-04-04
9905,1232084,5,2005-04-12
9905,239343,5,2005-04-25
9905,2488216,3,2005-09-11
9905,162348,4,2005-09-19
9905,363711,4,2005-09-21
9905,195683,3,2005-12-20
9905,23824,5,2005-12-29
9905,2306011,4,2005-07-09
9905,1273429,5,2005-08-02
9905,1176000,3,2004-08-25
9905,1710440,5,2004-11-17
9905,1673185,3,2004-11-26
9905,427928,3,2005-01-10
9905,2487958,4,2005-03-08
9905,1799495,5,2005-05-13
9905,86365,4,2005-05-18
9905,1206353,4,2005-05-23
9905,1594839,4,2005-05-31
9905,2602249,3,2005-06-07
9905,1296496,1,2005-06-28
9905,2382057,4,2005-09-08
9905,952709,4,2005-09-15
9905,1319320,5,2005-09-19
9905,2068148,4,2005-10-20
9905,1227322,2,2005-11-04
9905,594259,2,2005-11-12
9905,994095,5,2005-11-30
9905,737758,5,2005-07-22
9905,153319,4,2005-07-27
9905,2132791,4,2005-08-12
9905,1551042,4,2004-10-12
9905,1220170,4,2004-11-27
9905,1632290,4,2005-01-29
9905,820785,3,2005-02-03
9905,1027819,3,2005-03-11
9905,317168,5,2005-04-18
9905,438699,4,2005-06-16
9905,409177,3,2005-06-16
9905,1358681,4,2005-11-12
9905,1839940,4,2005-12-04
9905,512295,2,2005-12-12
9905,1603364,3,2005-12-27
9905,2388205,4,2004-12-05
9905,2129174,5,2005-08-01
9905,1769355,2,2005-08-14
9905,2468881,2,2005-08-29
9905,681472,2,2005-08-31
9905,1942263,5,2004-09-18
9905,2366006,5,2004-10-07
9905,2123560,3,2004-11-11
9905,786312,2,2004-11-20
9905,929308,3,2004-11-30
9905,2233531,5,2004-12-12
9905,1633178,4,2004-12-27
9905,1197233,2,2005-03-08
9905,1774050,3,2005-03-22
9905,1722162,4,2005-04-13
9905,2176766,5,2005-05-17
9905,2444932,5,2005-06-28
9905,1080872,5,2005-06-29
9905,139124,2,2005-07-25
9905,1079210,4,2005-08-21
9905,1942723,3,2004-10-01
9905,1036139,5,2004-10-04
9905,43751,5,2004-10-15
9905,1988873,4,2004-11-12
9905,85550,5,2004-11-24
9905,1747154,4,2004-11-28
9905,1466320,4,2004-12-17
9905,2085472,4,2005-01-11
9905,2584922,5,2005-04-02
9905,375072,4,2005-04-07
9905,2067044,3,2005-05-28
9905,1928445,3,2005-06-09
9905,2596173,5,2005-06-18
9905,766064,5,2005-06-28
9905,1614769,4,2005-10-14
9905,2093058,2,2005-10-14
9905,2604175,4,2005-11-01
9905,559829,4,2005-11-15
9905,525356,4,2004-08-19
9905,1321396,4,2005-08-06
9905,2119007,3,2005-08-20
9905,639664,4,2005-09-09
9905,311641,3,2004-08-30
9905,2131676,3,2004-10-25
9905,139212,4,2004-11-09
9905,2109681,5,2005-02-27
9905,564451,4,2005-03-25
9905,62801,4,2005-04-12
9905,66109,3,2005-04-19
9905,2102030,5,2005-05-18
9905,374318,4,2005-06-27
9905,1380665,4,2005-09-16
9905,1161725,5,2005-10-19
9905,1070445,3,2005-10-27
9905,1454199,4,2005-10-27
9905,354091,4,2005-11-18
9905,93889,5,2005-11-25
9905,2100684,5,2005-12-24
9905,296153,3,2005-07-19
9905,1629400,5,2005-08-22
9905,2543463,2,2005-09-03
9905,1018474,5,2004-08-20
9905,1830763,4,2004-09-10
9905,2209786,4,2004-11-19
9905,1399790,3,2004-11-23
9905,1932377,4,2004-12-03
9905,913107,2,2005-01-23
9905,799544,4,2005-02-08
9905,1383105,3,2005-04-21
9905,604396,3,2005-05-24
9905,582092,4,2005-06-09
9905,1990345,5,2005-06-24
9905,2035079,5,2005-10-12
9905,2575145,3,2005-10-23
9905,1265763,1,2005-10-25
9905,2568898,3,2005-12-06
9905,86182,3,2005-07-08
9905,2610807,4,2005-07-11
9905,2287919,4,2005-09-04
9905,1509395,5,2004-09-18
9905,1428848,2,2004-10-11
9905,2046091,4,2004-10-11
9905,2360401,4,2004-10-12
9905,1078245,5,2004-10-28
9905,1301701,3,2005-01-05
9905,1644832,3,2005-01-23
9905,755439,5,2005-03-04
9905,203299,4,2005-03-08
9905,1784150,2,2005-05-03
9905,1500479,4,2005-05-10
9905,2501391,4,2005-05-24
9905,153102,5,2005-06-10
9905,2426008,4,2005-06-14
9905,1716910,5,2005-06-21
9905,1409,5,2005-10-27
9905,2150547,1,2005-11-03
9905,462693,5,2005-11-13
9905,424851,4,2005-12-08
9905,690266,3,2005-07-17
9905,2216056,4,2005-08-15
9905,2495584,5,2005-08-29
9905,792845,3,2005-08-31
9905,1503647,3,2004-08-19
9905,178860,4,2005-01-23
9905,2243197,4,2005-01-23
9905,1265601,4,2005-01-30
9905,1401343,4,2005-03-01
9905,1119488,4,2005-04-06
9905,1309838,5,2005-04-20
9905,1003967,3,2005-05-28
9905,1873178,4,2005-09-17
9905,980043,4,2005-10-11
9905,2207573,2,2005-10-24
9905,1937750,4,2005-07-25
9905,767537,4,2004-11-15
9905,329751,4,2005-01-19
9905,772283,5,2005-04-08
9905,1291321,5,2005-05-17
9905,648932,4,2005-05-19
9905,2119337,4,2005-05-20
9905,681844,3,2005-06-24
9905,84309,4,2005-06-28
9905,1488193,5,2005-10-10
9905,629942,3,2005-11-14
9905,1410269,5,2005-11-29
9905,2213534,3,2005-07-08
9905,298721,4,2005-07-08
9905,901520,4,2005-07-11
9905,41724,3,2005-07-15
9905,1259493,4,2005-07-30
9905,2079367,3,2005-08-09
9905,6373,5,2005-08-23
9905,2406150,3,2004-12-12
9905,840664,3,2005-01-19
9905,1259696,2,2005-01-25
9905,459772,5,2005-02-28
9905,507231,5,2005-03-15
9905,2007231,1,2005-04-02
9905,152193,2,2005-04-04
9905,1077336,4,2005-06-09
9905,1782505,4,2005-06-19
9905,1787937,3,2005-06-20
9905,2589899,5,2005-10-13
9905,503870,4,2005-12-20
9905,349652,3,2005-08-16
9905,380354,2,2004-10-13
9905,357635,4,2004-10-22
9905,444450,1,2004-11-17
9905,1195767,4,2004-12-14
9905,930604,4,2004-12-15
9905,2465236,5,2004-12-31
9905,2089761,3,2005-01-05
9905,1511683,1,2005-01-07
9905,1859573,3,2005-01-25
9905,1613882,4,2005-02-10
9905,98129,3,2005-03-14
9905,1189488,2,2005-05-23
9905,190136,3,2005-06-14
9905,1985760,3,2005-06-15
9905,46133,5,2005-06-24
9905,512633,4,2005-06-29
9905,1508003,3,2005-09-30
9905,1783620,4,2005-10-15
9905,1529005,4,2005-10-18
9905,2627312,4,2005-11-07
9905,116789,4,2005-11-10
9905,516192,3,2005-08-06
9905,686549,2,2005-08-17
9905,1372129,5,2005-08-31
9905,2233782,4,2005-09-01
9905,881876,5,2004-10-15
9905,281729,4,2004-10-08
9905,1513215,2,2004-12-12
9905,1686723,3,2005-01-19
9905,1044851,5,2005-01-26
9905,1711802,3,2005-01-26
9905,1065056,2,2005-02-07
9905,1583564,4,2005-02-20
9905,2620981,5,2005-04-01
9905,2466146,5,2005-05-24
9905,2271560,5,2005-06-27
9905,2535470,3,2005-06-28
9905,1971494,4,2005-10-21
9905,2073766,4,2005-07-17
9905,936220,5,2005-07-20
9905,1757036,4,2005-08-17
9905,2138757,3,2004-08-28
9905,1927580,2,2004-11-10
9905,1500360,5,2005-02-21
9905,716874,5,2005-04-02
9905,2610537,5,2005-09-09
9905,78433,5,2005-09-23
9905,2158095,1,2005-10-01
9905,2047145,4,2005-10-10
9905,1031679,3,2005-10-15
9905,2187253,2,2005-10-19
9905,2016869,4,2005-11-23
9905,9801,5,2005-11-29
9905,1735517,4,2005-08-21
9905,1546549,4,2004-10-06
9905,1070629,4,2004-11-14
9905,1380506,3,2005-01-10
9905,1635839,4,2005-04-12
9905,101177,3,2005-06-28
9905,436826,3,2005-07-04
9905,1651253,3,2005-09-13
9905,1291419,3,2005-10-18
9905,1182004,5,2005-10-18
9905,1291191,4,2005-10-28
9905,985946,4,2005-11-11
9905,154203,3,2005-08-16
9905,1324553,4,2005-08-16
9905,790397,4,2005-08-27
9905,2363126,3,2005-08-27
9905,846564,5,2004-07-27
9905,2040292,4,2005-03-13
9905,894921,5,2004-08-27
9905,912093,3,2004-10-07
9905,1620201,4,2004-10-09
9905,2604264,5,2005-01-10
9905,754329,2,2005-01-27
9905,1947424,2,2005-03-01
9905,2563312,5,2005-03-07
9905,2504904,3,2005-03-20
9905,1000192,3,2005-03-26
9905,317504,4,2005-04-03
9905,388195,3,2005-05-08
9905,2023168,3,2005-06-15
9905,398994,4,2005-06-18
9905,1620566,3,2005-06-24
9905,355982,4,2005-09-08
9905,1389451,3,2005-09-21
9905,559992,4,2005-09-21
9905,2557795,2,2005-10-18
9905,2319621,3,2005-10-26
9905,2251582,3,2005-11-01
9905,2496806,4,2005-11-03
9905,169786,3,2005-12-08
9905,1462927,5,2005-08-10
9905,1168663,4,2005-08-26
9905,180653,4,2004-08-28
9905,994838,5,2004-11-29
9905,2569992,3,2004-11-30
9905,2438241,4,2005-01-20
9905,2064128,4,2005-03-29
9905,487949,4,2005-04-08
9905,447612,2,2005-11-05
9905,1948291,3,2005-11-22
9905,1018368,4,2005-07-11
9905,235789,3,2005-07-25
9905,763876,4,2004-12-31
9905,512303,4,2005-01-29
9905,537040,4,2005-02-06
9905,2060560,4,2005-04-20
9905,474700,4,2005-05-12
9905,1471620,2,2005-05-25
9905,1850088,5,2005-06-03
9905,1311096,5,2005-06-23
9905,2426043,4,2005-09-30
9905,1471004,3,2005-11-10
9905,1046597,4,2005-12-07
9905,660060,5,2005-12-16
9905,1635708,5,2005-12-29
9905,746419,5,2005-07-05
9905,643641,3,2005-07-06
9905,1690697,4,2005-07-12
9905,1088457,3,2004-08-11
9905,165653,1,2005-08-13
9905,2355101,3,2005-08-18
9905,1744054,1,2005-08-19
9905,1648397,4,2005-08-27
9905,169316,5,2004-10-18
9905,1352219,5,2004-12-22
9905,2619290,5,2005-01-20
9905,1371422,5,2005-06-07
9905,2155998,5,2005-07-01
9905,456545,3,2005-10-05
9905,2451554,4,2005-10-28
9905,302162,5,2005-12-17
9905,190474,3,2004-12-04
9905,498648,5,2005-07-11
9905,2346938,2,2005-07-19
9905,2472914,5,2005-07-28
9905,841957,5,2005-08-28
9905,690501,3,2005-09-05
9905,813032,3,2005-09-07
9905,1381841,4,2004-09-09
9905,1146895,5,2004-08-18
9905,830370,4,2004-12-20
9905,1040423,4,2005-01-19
9905,2503089,4,2005-01-21
9905,1388746,5,2005-02-10
9905,385268,3,2005-04-07
9905,1079722,5,2005-04-21
9905,1097721,3,2005-05-23
9905,1396046,4,2005-06-13
9905,1167097,1,2005-09-10
9905,2168667,4,2005-09-19
9905,2305671,5,2005-10-11
9905,1944765,5,2005-10-11
9905,494150,1,2005-11-02
9905,1555901,3,2005-12-01
9905,236873,4,2005-12-06
9905,1712904,2,2005-07-16
9905,831103,3,2004-08-29
9905,826193,5,2005-08-16
9905,240227,4,2004-10-21
9905,64741,4,2004-12-02
9905,2136480,3,2005-01-07
9905,742816,3,2005-01-19
9905,2105427,5,2005-03-14
9905,1876833,4,2005-05-24
9905,2035299,3,2005-06-16
9905,1435361,4,2005-06-29
9905,1784803,5,2005-06-30
9905,926350,3,2005-10-16
9905,2318597,3,2005-10-25
9905,1921856,4,2005-12-02
9905,407796,5,2005-12-04
9905,2587616,4,2005-12-13
9905,835847,4,2004-08-13
9905,1430952,5,2005-07-15
9905,1775398,5,2005-07-19
9905,1575462,4,2004-09-14
9905,2169183,4,2005-08-18
9905,1792741,4,2004-10-16
9905,336400,3,2004-12-06
9905,2341594,4,2005-01-21
9905,1314869,3,2005-04-16
9905,223139,4,2005-04-27
9905,2100574,5,2005-11-04
9905,187103,4,2005-11-08
9905,2369150,4,2005-11-22
9905,1583129,5,2005-12-24
9905,273549,3,2005-07-09
9905,2614953,5,2005-07-30
9905,1719610,4,2005-08-04
9905,829701,4,2005-08-12
9905,470744,3,2005-08-14
9905,1216755,4,2005-08-24
9905,1703879,3,2004-08-25
9905,1055117,4,2004-07-17
9905,1130133,4,2004-10-16
9905,2209897,2,2005-03-07
9905,2005703,4,2005-03-12
9905,1624369,4,2005-05-01
9905,2446131,2,2005-06-04
9905,2417957,3,2005-06-15
9905,2582822,4,2005-09-28
9905,1582262,5,2005-10-06
9905,757081,5,2005-12-02
9905,1687310,5,2004-07-23
9905,2113683,5,2005-08-08
9905,2115174,2,2005-08-08
9905,1424815,1,2005-08-08
9905,403390,3,2005-08-18
9905,2232853,4,2005-08-19
9905,636262,1,2005-08-22
9905,1754028,5,2005-08-26
9905,2634707,4,2004-10-13
9905,2234101,5,2004-12-06
9905,1353367,3,2004-12-16
9905,2342774,5,2005-01-05
9905,1924702,5,2005-01-11
9905,2454437,5,2005-01-20
9905,1273296,5,2005-02-01
9905,851848,2,2005-06-04
9905,104192,4,2005-06-20
9905,1201058,3,2005-07-04
9905,565600,4,2005-09-10
9905,1117555,5,2005-09-13
9905,811661,5,2005-09-26
9905,1121636,4,2005-10-09
9905,230971,4,2005-11-03
9905,2629921,4,2005-11-29
9905,226010,5,2005-07-09
9905,2237185,4,2004-08-25
9905,826141,5,2005-07-26
9905,1661075,5,2004-09-13
9905,2173733,3,2004-09-20
9905,1683412,5,2004-10-02
9905,1813431,5,2004-11-07
9905,1664193,4,2004-12-17
9905,791832,4,2005-02-01
9905,131938,3,2005-03-05
9905,920932,1,2005-03-24
9905,1882719,4,2005-03-26
9905,1713284,2,2005-03-29
9905,2119724,4,2005-04-21
9905,1618291,4,2005-05-18
9905,2232611,2,2005-07-02
9905,2040831,4,2005-10-07
9905,719168,3,2005-10-10
9905,2637596,4,2005-10-19
9905,651895,1,2005-11-05
9905,230660,5,2005-12-13
9905,1169967,4,2005-07-27
9905,601479,4,2005-02-20
9905,1457694,5,2005-08-03
9905,1727914,4,2005-09-03
9905,2062350,3,2004-12-07
9905,219941,4,2004-12-15
9905,2322861,3,2005-01-19
9905,1500329,3,2005-01-20
9905,943515,5,2005-04-30
9905,853491,4,2005-06-02
9905,80843,3,2005-06-03
9905,2074531,2,2005-09-17
9905,355756,3,2005-10-03
9905,78831,4,2005-10-13
9905,1107593,5,2005-10-20
9905,2147047,5,2005-10-24
9905,700478,4,2005-11-03
9905,1787103,4,2005-07-16
9905,563186,3,2005-07-19
9905,434764,5,2005-07-28
9905,2244717,3,2005-08-01
9905,1953981,4,2005-09-03
9905,1517231,4,2005-02-01
9905,1605122,3,2005-02-09
9905,191768,4,2005-03-22
9905,1108432,5,2005-04-17
9905,1819462,3,2005-04-21
9905,1665054,3,2005-05-26
9905,425991,5,2005-06-13
9905,1816787,5,2005-09-14
9905,1894251,4,2005-11-04
9905,2433378,4,2005-11-09
9905,2630337,3,2005-12-28
9905,530789,3,2005-07-22
9905,2439493,1,2004-08-26
9905,589633,2,2005-01-25
9905,807718,2,2005-02-01
9905,2280493,3,2005-02-08
9905,688751,4,2005-02-14
9905,1774013,3,2005-03-05
9905,2495043,3,2005-03-06
9905,2042154,5,2005-04-18
9905,260272,5,2005-05-17
9905,2543120,5,2005-09-13
9905,1618915,3,2005-09-20
9905,1928211,4,2005-09-29
9905,1866518,3,2005-10-05
9905,144556,3,2005-10-11
9905,458685,2,2005-10-12
9905,2071416,4,2005-11-14
9905,1739296,3,2005-12-14
9905,1351118,5,2005-07-12
9905,359141,3,2004-08-24
9905,1866912,3,2005-08-07
9905,1262480,4,2005-08-07
9905,1669517,3,2004-10-05
9905,2055733,3,2004-10-05
9905,1816857,1,2004-10-30
9905,17477,3,2004-11-15
9905,309909,4,2005-01-10
9905,1765230,4,2005-01-24
9905,660569,4,2005-02-28
9905,2140883,3,2005-04-21
9905,630242,4,2005-05-01
9905,1298147,4,2005-05-18
9905,989932,4,2005-06-09
9905,2125230,4,2005-06-10
9905,2450621,5,2005-10-05
9905,1352043,3,2005-07-14
9905,147386,3,2005-07-16
9905,2002196,5,2004-09-15
9905,790635,2,2004-08-30
9905,325734,5,2004-11-09
9905,1635850,5,2005-01-13
9905,844752,4,2005-03-12
9905,1377877,4,2005-04-11
9905,2225637,3,2005-04-15
9905,146462,4,2005-05-28
9905,1721770,4,2005-05-31
9905,2159419,3,2005-07-02
9905,1259082,4,2005-10-11
9905,638046,4,2005-10-14
9905,2428071,4,2005-11-14
9905,676587,3,2005-11-18
9905,1650205,3,2005-11-28
9905,1688856,4,2005-12-05
9905,839564,3,2005-12-08
9905,1385,4,2005-12-19
9905,229891,4,2005-07-06
9905,1100765,4,2005-07-24
9905,1253619,3,2005-08-18
9905,1488208,4,2004-09-28
9905,204265,5,2005-01-07
9905,1914703,5,2005-01-19
9905,791647,4,2005-01-27
9905,2436722,3,2005-03-09
9905,164668,4,2005-03-15
9905,1929202,4,2005-03-16
9905,991452,1,2005-06-01
9905,612653,3,2005-06-05
9905,1376939,5,2005-06-23
9905,426160,3,2005-10-02
9905,123833,3,2005-10-15
9905,1304895,3,2005-11-04
9905,2227850,4,2005-11-12
9905,1154874,5,2005-12-16
9905,2549238,3,2005-07-12
9905,2124893,5,2005-07-18
9905,557914,4,2004-09-08
9905,238740,4,2004-09-18
9905,782308,3,2004-10-07
9905,258894,2,2005-01-25
9905,546645,4,2005-02-07
9905,72541,5,2005-04-25
9905,241634,4,2005-05-01
9905,1306537,4,2005-05-11
9905,2072280,5,2005-05-16
9905,1726148,3,2005-07-01
9905,2273358,4,2005-09-11
9905,1120476,3,2005-11-19
9905,1470890,2,2005-11-28
9905,1403975,4,2005-12-02
9905,705472,3,2005-12-02
9905,1430108,4,2005-07-26
9905,600289,4,2004-08-16
9905,215604,5,2004-09-22
9905,735636,5,2004-10-13
9905,568981,2,2004-11-29
9905,1499253,5,2004-11-30
9905,2546942,2,2004-12-28
9905,2173874,5,2005-01-11
9905,2455340,1,2005-02-04
9905,2254919,4,2005-02-26
9905,1147585,1,2005-04-14
9905,753372,4,2005-05-21
9905,890310,2,2005-06-02
9905,290700,3,2005-06-15
9905,2184150,3,2005-06-23
9905,273814,5,2005-09-06
9905,697331,3,2005-10-03
9905,1419404,4,2005-10-12
9905,2543844,4,2005-11-02
9905,1653998,3,2005-11-04
9905,1821144,5,2005-11-16
9905,2247033,4,2005-12-28
9905,1497845,3,2005-07-06
9905,284399,3,2005-07-21
9905,9816,4,2005-08-07
9905,2116805,5,2004-09-03
9905,2226757,4,2004-10-02
9905,1921154,3,2004-11-02
9905,1942204,3,2004-12-07
9905,1452454,5,2004-12-30
9905,2409746,5,2005-01-06
9905,1447870,3,2005-04-11
9905,1613383,4,2005-05-03
9905,1059719,3,2005-05-24
9905,1056709,3,2005-05-26
9905,2532609,4,2005-06-05
9905,237279,4,2005-11-05
9905,2473747,4,2005-12-18
9905,74670,4,2005-08-01
9905,1516678,4,2005-08-03
9905,1575605,5,2005-08-23
9905,1824432,2,2004-11-03
9905,415641,3,2004-11-15
9905,930113,4,2004-11-24
9905,1923216,4,2005-02-01
9905,632193,4,2005-02-12
9905,246230,5,2005-03-25
9905,1693847,2,2005-04-06
9905,1913414,5,2005-04-16
9905,2217261,5,2005-05-02
9905,2200842,3,2005-05-24
9905,825060,4,2005-05-24
9905,687967,2,2005-05-29
9905,1509725,4,2005-06-14
9905,1536404,3,2005-09-08
9905,2281848,3,2005-10-03
9905,285597,5,2005-10-17
9905,1873924,4,2005-10-18
9905,2607892,3,2005-11-21
9905,657195,3,2005-12-19
9905,2407007,4,2005-08-05
9905,1077720,5,2004-08-18
9905,684876,4,2004-08-19
9905,2340957,2,2004-09-21
9905,773045,3,2004-10-27
9905,656977,5,2004-11-09
9905,742595,1,2004-12-01
9905,2584265,5,2004-12-25
9905,2155681,4,2005-01-25
9905,633722,4,2005-02-12
9905,1403686,3,2005-03-07
9905,838868,4,2005-04-05
9905,2430257,4,2005-04-10
9905,2083213,3,2005-05-09
9905,74320,4,2005-05-27
9905,2475422,4,2005-06-19
9905,575969,5,2005-09-23
9905,1625787,1,2005-10-03
9905,759648,4,2005-07-20
9905,1869082,4,2004-09-19
9905,1553204,3,2004-10-07
9905,207017,4,2004-11-10
9905,1733998,4,2004-12-17
9905,1462799,4,2004-12-28
9905,1058074,5,2005-01-30
9905,1131009,3,2005-04-14
9905,1487570,4,2005-04-22
9905,2088579,4,2005-06-30
9905,934776,3,2005-09-03
9905,828444,3,2005-09-10
9905,945175,1,2005-09-16
9905,642036,3,2005-09-21
9905,1964931,4,2005-10-07
9905,379107,4,2005-11-05
9905,1827989,5,2005-11-09
9905,2204483,3,2005-11-14
9905,2406766,4,2005-07-11
9905,1555693,5,2005-08-15
9905,1946893,4,2005-08-25
9905,2040859,1,2004-11-23
9905,2340228,4,2005-01-12
9905,592445,3,2005-05-09
9905,859380,4,2005-06-24
9905,1815621,5,2005-10-02
9905,2313130,3,2005-10-23
9905,2207122,3,2005-11-15
9905,10943,4,2005-12-19
9905,48915,4,2005-07-06
9905,2333850,3,2004-08-16
9905,1026246,4,2005-07-24
9905,1777952,3,2005-07-27
9905,2579306,2,2004-10-09
9905,1434856,2,2004-10-13
9905,1115569,4,2004-10-22
9905,2109705,4,2005-01-11
9905,1531029,2,2005-01-12
9905,767590,4,2005-01-21
9905,1442105,3,2005-01-30
9905,812536,5,2005-02-08
9905,316752,3,2005-02-13
9905,514829,4,2005-03-02
9905,2203249,4,2005-03-27
9905,1777231,5,2005-04-12
9905,1058643,4,2005-04-13
9905,506155,4,2005-04-22
9905,1449033,5,2005-04-25
9905,2177532,5,2005-05-03
9905,2257123,5,2005-05-09
9905,2190418,4,2005-06-28
9905,562319,3,2005-09-14
9905,2482831,3,2005-09-17
9905,1731102,4,2005-11-20
9905,1056403,3,2005-07-13
9905,1572738,4,2005-07-18
9905,1926905,4,2005-10-28
9905,417516,3,2005-07-21
9905,2035595,4,2004-08-31
9905,2236981,4,2004-09-16
9905,2639595,5,2004-08-18
9905,1272657,3,2004-12-16
9905,297742,2,2005-01-05
9905,2401847,4,2005-01-31
9905,858841,4,2005-02-11
9905,1498793,2,2005-03-18
9905,2014346,4,2005-04-06
9905,2542967,3,2005-04-10
9905,1412189,3,2005-04-28
9905,202678,2,2005-05-13
9905,1129737,5,2005-05-15
9905,1765734,3,2005-06-20
9905,223526,5,2005-11-16
9905,153989,3,2005-08-01
9905,2137956,4,2004-12-19
9905,1116129,4,2005-01-11
9905,1742805,3,2005-01-19
9905,1003084,1,2005-04-19
9905,1980305,4,2005-04-25
9905,591587,3,2005-06-21
9905,546609,3,2005-06-21
9905,2368253,4,2005-06-28
9905,1574068,4,2005-09-26
9905,1746542,5,2005-10-01
9905,2229019,3,2005-10-02
9905,1167144,2,2005-11-03
9905,627935,5,2005-11-10
9905,914033,3,2005-11-22
9905,704254,1,2005-12-15
9905,161223,1,2005-12-25
9905,736649,3,2005-07-19
9905,2242889,5,2005-08-18
9905,2512841,4,2004-10-01
9905,2520026,2,2004-12-18
9905,2128219,4,2004-12-23
9905,2474887,5,2005-02-27
9905,2270392,3,2005-04-07
9905,999652,2,2005-04-08
9905,706832,5,2005-05-13
9905,2625866,1,2005-06-02
9905,1991071,5,2005-06-07
9905,2189806,3,2005-06-17
9905,486957,3,2005-06-23
9905,2207163,3,2005-09-21
9905,1754395,5,2005-11-01
9905,260956,3,2005-11-23
9905,946421,5,2005-11-25
9905,1022668,3,2004-09-24
9905,407037,4,2004-10-06
9905,403504,4,2004-10-15
9905,757005,4,2004-12-18
9905,1211730,4,2005-01-11
9905,938568,3,2005-01-13
9905,2504163,4,2005-02-03
9905,1172958,4,2005-03-26
9905,1851082,4,2005-04-20
9905,952156,3,2005-05-26
9905,2079036,3,2005-06-13
9905,151943,4,2005-09-16
9905,2576648,3,2005-09-21
9905,2061570,3,2005-09-25
9905,2003762,3,2005-10-25
9905,1211946,5,2005-11-06
9905,1251228,4,2005-11-23
9905,2581605,3,2004-08-18
9905,2044772,4,2005-07-20
9905,554251,4,2005-08-11
9905,1057614,4,2004-10-09
9905,1921599,4,2004-10-24
9905,1571299,5,2004-11-09
9905,1250515,2,2004-12-22
9905,1214752,3,2005-01-06
9905,528691,3,2005-02-13
9905,901167,3,2005-04-04
9905,1299817,4,2005-05-17
9905,676718,3,2005-05-28
9905,984474,4,2005-06-05
9905,1732461,4,2005-06-15
9905,817464,3,2005-06-17
9905,496711,5,2005-10-26
9905,1750224,2,2005-10-26
9905,1322040,5,2005-11-08
9905,1736798,3,2005-11-25
9905,927583,5,2005-11-29
9905,1481413,4,2005-07-11
9905,847232,4,2004-09-05
9905,1743858,3,2005-07-29
9905,2292759,3,2005-09-02
9905,1616135,4,2004-09-27
9905,2450433,3,2004-12-21
9905,1366350,3,2005-01-04
9905,2139774,4,2005-01-11
9905,1871017,5,2005-01-12
9905,1354496,2,2005-02-04
9905,1957030,5,2005-03-15
9905,2612104,4,2005-04-27
9905,1552829,5,2005-05-13
9905,2273244,5,2005-05-24
9905,1502997,3,2005-06-02
9905,2439490,4,2005-06-10
9905,1396036,5,2005-06-18
9905,2147779,3,2005-09-12
9905,482868,4,2005-12-29
9905,1719685,4,2005-07-22
9905,638020,3,2005-07-27
9905,128389,5,2005-07-27
9905,384188,3,2005-09-05
9905,434450,4,2005-09-08
9905,2515071,2,2004-11-09
9905,1597736,3,2004-12-23
9905,769702,4,2005-02-26
9905,1803243,3,2005-03-11
9905,52000,5,2005-04-07
9905,1986034,3,2005-04-22
9905,1999176,4,2005-04-28
9905,428653,5,2005-06-12
9905,276272,3,2005-07-03
9905,1318367,5,2005-09-29
9905,167100,4,2005-10-06
9905,734458,4,2005-10-21
9905,565839,3,2005-11-09
9905,965104,2,2005-12-06
9905,2452906,5,2005-07-16
9905,1589834,5,2005-11-28
9905,1256990,5,2005-07-29
9905,1722103,3,2005-08-15
9905,296053,3,2005-08-31
9905,501823,5,2004-09-16
9905,1060057,2,2004-12-27
9905,2576647,3,2005-01-28
9905,2561094,3,2005-02-08
9905,1338746,4,2005-03-04
9905,856363,5,2005-05-10
9905,2415600,4,2005-05-23
9905,676123,4,2005-05-25
9905,1827859,3,2005-06-15
9905,566628,3,2005-06-15
9905,1901665,4,2005-06-24
9905,2084626,4,2005-06-24
9905,1905989,5,2005-09-13
9905,2290862,4,2005-09-13
9905,2103787,4,2005-09-22
9905,1390996,4,2005-09-27
9905,773694,5,2005-10-03
9905,436227,4,2005-11-20
9905,686300,4,2005-11-23
9905,2076827,4,2005-07-10
9905,972914,5,2005-07-13
9905,751255,5,2005-08-05
9905,2087267,4,2005-08-06
9905,2516065,5,2005-08-08
9905,1430258,4,2005-08-10
9905,1755279,5,2005-08-28
9905,1919269,4,2004-08-27
9905,719755,4,2005-09-10
9905,2403703,5,2004-08-25
9905,2457095,2,2004-10-18
9905,1816898,3,2004-12-07
9905,556369,3,2004-12-27
9905,1768462,4,2005-01-19
9905,1659896,3,2005-01-20
9905,570428,4,2005-03-28
9905,1627227,5,2005-10-16
9905,2039519,2,2005-11-01
9905,819867,3,2005-12-03
9905,1754594,3,2005-07-06
9905,2329945,1,2005-08-14
9905,394895,4,2005-09-05
9905,417125,4,2004-12-31
9905,1936110,2,2005-01-05
9905,890608,4,2005-01-19
9905,2347551,3,2005-01-19
9905,2258309,5,2005-03-14
9905,10100,4,2005-03-23
9905,302198,4,2005-04-19
9905,2486584,4,2005-04-25
9905,1374216,2,2005-05-03
9905,2274538,3,2005-06-28
9905,121218,2,2005-09-16
9905,1757328,4,2005-09-30
9905,122894,4,2005-10-01
9905,1207845,5,2005-10-18
9905,996015,4,2005-11-01
9905,424452,1,2005-11-04
9905,1262327,5,2005-11-13
9905,595778,5,2004-09-01
9905,294051,3,2005-08-05
9905,457982,4,2005-08-24
9905,942007,4,2004-10-10
9905,1024768,5,2004-10-19
9905,2595011,5,2004-10-31
9905,2541385,4,2004-12-01
9905,2352305,3,2005-01-20
9905,541376,3,2005-02-10
9905,236815,4,2005-03-05
9905,169391,3,2005-03-17
9905,1105029,4,2005-03-31
9905,1611056,3,2005-04-02
9905,2379296,2,2005-04-06
9905,2461011,3,2005-04-11
9905,82700,4,2005-05-16
9905,2356870,2,2005-06-01
9905,2540945,3,2005-06-20
9905,337064,3,2005-07-01
9905,1320626,4,2005-09-15
9905,1967029,3,2005-09-21
9905,1844320,4,2005-09-27
9905,2361274,4,2005-10-05
9905,1489224,3,2005-11-21
9905,318718,4,2005-11-23
9905,577254,4,2005-11-26
9905,1163442,3,2005-12-14
9905,515138,5,2005-12-14
9905,332241,3,2005-12-18
9905,1705743,4,2005-07-18
9905,835265,4,2005-07-25
9905,1221318,4,2004-08-31
9905,149316,3,2005-08-20
9905,900205,4,2005-08-23
9905,1839246,3,2005-09-02
9905,105015,4,2004-10-12
9905,425737,4,2004-10-19
9905,2490243,3,2005-01-19
9905,2011258,5,2005-02-12
9905,1816177,3,2005-03-06
9905,1423063,3,2005-03-28
9905,2105137,4,2005-05-18
9905,2551686,5,2005-06-16
9905,470613,3,2005-10-04
9905,1738757,4,2005-10-30
9905,2622098,2,2005-11-03
9905,1523538,3,2005-12-08
9905,1966998,4,2004-08-25
9905,2539101,3,2004-08-26
9905,1875017,2,2004-09-21
9905,280542,4,2005-01-03
9905,2594995,4,2005-01-19
9905,1391147,4,2005-01-20
9905,1070986,4,2005-01-29
9905,2360796,5,2005-02-04
9905,1896861,4,2005-03-25
9905,537601,3,2005-04-06
9905,1387766,4,2005-05-02
9905,2418195,4,2005-06-13
9905,1671495,5,2005-09-17
9905,274152,4,2005-09-18
9905,1646018,5,2005-09-30
9905,153510,3,2005-10-02
9905,1463830,3,2005-10-07
9905,1576111,5,2005-10-13
9905,695423,4,2005-11-18
9905,1191305,3,2005-11-29
9905,2459926,3,2005-12-24
9905,1087381,3,2005-07-10
9905,1450135,5,2005-07-27
9905,1933805,3,2005-08-04
9905,166897,5,2005-08-06
9905,1964735,5,2004-08-19
9905,554137,4,2004-10-11
9905,1681193,5,2004-11-10
9905,2042497,3,2004-11-13
9905,2253959,3,2004-12-06
9905,1202969,3,2004-12-15
9905,181592,2,2005-01-22
9905,2613474,4,2005-03-04
9905,949256,3,2005-03-08
9905,1557614,4,2005-03-14
9905,1291263,4,2005-03-29
9905,1778114,4,2005-06-23
9905,193953,3,2005-06-25
9905,1956690,4,2005-09-16
9905,31550,4,2005-10-18
9905,239352,4,2005-10-27
9905,217747,4,2005-12-28
9905,2434289,3,2005-07-29
9905,431217,4,2005-08-09
9905,1478291,5,2005-08-15
9905,2195549,5,2004-08-16
9905,979085,5,2005-08-27
9905,1745734,3,2004-09-08
9905,1123324,5,2004-11-12
9905,2052111,4,2004-12-07
9905,236160,2,2004-12-20
9905,1819382,4,2004-12-27
9905,1671330,3,2005-01-30
9905,2051538,3,2005-02-02
9905,420200,5,2005-02-04
9905,936396,3,2005-03-01
9905,93908,5,2005-03-24
9905,376464,5,2005-05-21
9905,357661,4,2005-06-24
9905,879123,3,2005-10-04
9905,761585,3,2005-10-24
9905,2442320,5,2005-12-19
9905,76047,4,2005-07-17
9905,95862,4,2005-08-09
9905,1478444,3,2004-08-01
9905,1229774,3,2005-08-13
9905,122741,5,2005-08-26
9905,1586546,4,2004-07-25
9905,456367,5,2004-10-03
9905,2374862,1,2005-02-07
9905,1361024,3,2005-03-21
9905,702280,5,2005-03-25
9905,890669,3,2005-03-28
9905,1847701,3,2005-05-13
9905,205225,4,2005-06-02
9905,2102907,5,2005-09-09
9905,1057324,4,2005-09-17
9905,1571354,4,2005-10-12
9905,1744821,4,2005-10-26
9905,1304349,4,2005-11-04
9905,1613378,5,2005-11-05
9905,2283320,4,2005-12-03
9905,1184537,3,2004-07-02
9905,103584,5,2005-07-23
9905,1261247,4,2005-08-01
9905,1627565,3,2005-08-08
9905,575767,3,2005-08-15
9905,546161,2,2005-08-30
9905,396029,5,2004-10-06
9905,2161363,5,2004-10-17
9905,1005606,5,2004-11-30
9905,2461227,5,2004-12-20
9905,694642,4,2004-12-28
9905,1139290,5,2005-01-13
9905,1268483,4,2005-01-29
9905,1932113,5,2005-02-03
9905,1286197,4,2005-04-17
9905,2309924,5,2005-05-20
9905,2197402,4,2005-05-23
9905,118314,4,2005-05-24
9905,541406,2,2005-06-20
9905,1582441,5,2005-06-22
9905,1583631,3,2005-06-27
9905,1021654,4,2005-10-13
9905,1446212,2,2005-10-25
9905,1748894,5,2005-11-04
9905,1961777,3,2005-08-23
9905,1807578,3,2004-10-17
9905,448644,3,2004-10-28
9905,184705,3,2004-11-20
9905,254048,5,2004-12-27
9905,998104,5,2004-12-14
9905,2029979,4,2005-01-07
9905,2599761,3,2005-01-19
9905,1591705,4,2005-04-14
9905,1198385,3,2005-05-04
9905,910342,3,2005-06-15
9905,1229558,2,2005-06-26
9905,1568056,5,2005-09-15
9905,22560,3,2005-09-28
9905,1641091,4,2005-10-05
9905,2376121,3,2005-10-09
9905,45647,3,2005-12-15
9905,2643375,4,2005-07-30
9905,1241796,5,2005-08-12
9905,2628018,4,2004-08-28
9905,374380,5,2004-08-31
9905,103780,4,2005-03-09
9905,403915,3,2005-05-31
9905,2574175,4,2005-06-21
9905,2011839,3,2005-06-28
9905,1067376,4,2005-09-22
9905,2046151,4,2005-09-26
9905,284180,5,2005-10-01
9905,1976224,4,2005-10-11
9905,781810,5,2005-11-04
9905,1763979,5,2005-07-05
9905,178886,3,2005-07-13
9905,818154,4,2005-08-02
9905,102513,4,2005-08-02
9905,1367701,5,2005-08-03
9905,1095165,5,2004-08-13
9905,2260398,3,2004-09-19
9905,972616,3,2004-11-29
9905,148836,4,2004-12-06
9905,2144070,4,2005-01-20
9905,1068988,2,2005-01-25
9905,2487903,5,2005-03-23
9905,2194079,3,2005-05-13
9905,1467079,5,2005-11-28
9905,1999825,3,2005-06-19
9905,2575908,5,2005-09-25
9905,2570444,3,2005-09-26
9905,1018303,3,2005-10-26
9905,1675006,3,2005-11-02
9905,772263,3,2005-11-07
9905,2396882,4,2005-11-21
9905,1298057,3,2005-12-07
9905,2244000,5,2005-12-21
9905,2368627,3,2005-12-23
9905,555778,5,2004-09-02
9905,2537543,4,2005-04-11
9905,496750,5,2005-06-17
9905,1461425,5,2005-07-05
9905,2463612,5,2005-09-16
9905,1165236,3,2005-10-27
9905,2608542,5,2005-10-31
9905,750324,4,2005-07-27
9905,1003267,5,2004-09-21
9905,797951,4,2004-09-28
9905,166980,3,2004-10-26
9905,584437,4,2004-11-14
9905,1207913,4,2004-12-24
9905,206152,4,2005-02-02
9905,416443,5,2005-04-01
9905,680736,4,2005-04-04
9905,936093,4,2005-06-07
9905,2506843,3,2005-06-27
9905,873633,3,2005-06-28
9905,884204,3,2005-09-06
9905,2370852,4,2005-09-16
9905,1303244,4,2005-09-17
9905,1495973,4,2005-10-25
9905,1859039,3,2005-11-29
9905,1640334,4,2005-12-10
9905,212227,4,2005-07-11
9905,2513559,5,2005-07-26
9905,746150,3,2005-08-05
9905,1501018,3,2004-11-27
9905,1480391,3,2005-08-16
9905,259431,4,2005-08-20
9905,1256752,3,2005-08-23
9905,2392790,5,2005-09-04
9905,2368081,3,2005-09-07
9905,2293692,3,2004-10-06
9905,2319282,4,2004-10-15
9905,1360460,4,2004-11-05
9905,2617582,3,2004-11-26
9905,1852784,2,2005-01-03
9905,1547725,5,2005-04-09
9905,2271634,5,2005-04-18
9905,679682,4,2005-06-29
9905,1321717,5,2005-10-11
9905,1279964,5,2005-10-11
9905,1168585,5,2005-10-19
9905,389168,2,2005-11-01
9905,176300,5,2005-08-11
9905,1714672,2,2004-10-16
9905,2101948,4,2004-12-12
9905,2472638,4,2004-12-12
9905,1814824,4,2005-01-10
9905,2339734,5,2005-03-08
9905,2552319,3,2005-04-03
9905,2260832,3,2005-04-23
9905,2584980,3,2005-04-26
9905,763193,2,2005-05-04
9905,2131120,5,2005-05-05
9905,320314,3,2005-05-07
9905,256696,4,2005-05-12
9905,1776870,3,2005-06-14
9905,283380,5,2005-06-15
9905,1225082,2,2005-09-27
9905,663979,5,2005-10-04
9905,1907034,4,2005-10-08
9905,1236582,3,2005-10-10
9905,581952,5,2005-10-23
9905,2077352,3,2005-10-31
9905,903761,3,2005-07-25
9905,849058,4,2005-08-21
9905,1818059,5,2004-09-30
9905,1993553,4,2004-10-19
9905,1321169,4,2004-12-21
9905,1429452,5,2004-12-22
9905,648375,3,2004-12-26
9905,1466434,4,2005-01-13
9905,2354740,3,2005-06-01
9905,210708,4,2005-06-04
9905,1353745,5,2005-10-14
9905,1637857,3,2005-10-26
9905,1118587,4,2005-11-09
9905,2281332,4,2005-12-08
9905,1253761,5,2005-12-29
9905,1914623,4,2005-07-23
9905,879858,5,2005-08-20
9905,1099918,4,2005-09-05
9905,491650,4,2004-10-04
9905,1117065,5,2004-12-01
9905,1299448,4,2004-12-16
9905,1080430,4,2005-01-20
9905,2357567,5,2005-05-25
9905,2079332,3,2005-03-03
9905,2078036,3,2005-03-24
9905,2071117,5,2005-09-29
9905,903579,3,2005-10-25
9905,1746378,4,2005-10-26
9905,128222,2,2005-07-15
9905,829466,4,2004-08-26
9905,1877483,3,2004-10-19
9905,1271094,5,2004-12-24
9905,774398,3,2005-01-10
9905,2175999,4,2005-02-10
9905,2468827,5,2005-04-01
9905,2454320,4,2005-04-12
9905,2502145,4,2005-05-02
9905,2408493,4,2005-06-28
9905,217827,3,2005-10-27
9905,1887664,4,2005-11-02
9905,12559,4,2005-11-23
9905,945621,3,2005-07-12
9905,1660277,5,2005-07-13
9905,1121564,4,2005-07-21
9905,818416,3,2005-08-10
9905,54150,5,2005-09-08
9905,414790,5,2004-09-07
9905,2118885,4,2004-09-21
9905,1132764,5,2004-11-23
9905,1995099,2,2004-12-22
9905,2552906,4,2005-01-05
9905,516736,3,2005-01-11
9905,1317345,4,2005-01-26
9905,1454142,4,2005-03-27
9905,65141,3,2005-05-17
9905,2227455,3,2005-06-27
9905,2286785,5,2005-09-24
9905,2572553,4,2005-10-12
9905,778937,4,2005-11-24
9905,768724,5,2005-08-30
9905,695091,5,2004-11-10
9905,2423733,4,2004-11-15
9905,487866,3,2004-12-06
9905,683824,4,2004-12-08
9905,1604236,4,2005-02-22
9905,1828866,4,2005-04-29
9905,195897,5,2005-05-05
9905,957286,4,2005-05-26
9905,334656,4,2005-06-06
9905,234590,1,2005-07-02
9905,1426031,4,2005-07-04
9905,2621071,5,2005-09-11
9905,973946,3,2005-09-14
9905,503480,4,2005-10-03
9905,936205,5,2005-10-10
9905,1664010,5,2005-10-12
9905,1206380,4,2005-11-26
9905,1114141,3,2005-07-05
9905,1744601,4,2004-09-10
9905,893363,4,2004-10-11
9905,609629,5,2004-11-30
9905,1446909,3,2004-12-23
9905,74831,4,2005-01-12
9905,1725374,4,2005-01-25
9905,1018465,5,2005-02-27
9905,380729,5,2005-03-02
9905,2117153,4,2005-03-26
9905,780412,4,2005-04-10
9905,2475644,5,2005-04-18
9905,1077806,4,2005-04-27
9905,1976745,5,2005-05-22
9905,1467715,3,2005-10-20
9905,2373279,5,2005-11-16
9905,558822,3,2005-12-09
9905,776905,4,2005-08-15
9905,1351799,4,2005-08-28
9905,1745247,3,2005-09-07
9905,2491226,3,2005-09-09
9905,948447,3,2004-10-04
9905,451011,3,2004-10-08
9905,49890,5,2004-10-27
9905,1796886,3,2004-12-10
9905,1831550,5,2005-03-02
9905,2600361,2,2005-05-23
9905,1441959,3,2005-05-31
9905,1885787,5,2005-06-15
9905,1482002,5,2005-06-19
9905,620204,5,2005-11-01
9905,778465,3,2005-11-07
9905,1683604,5,2005-08-22
9905,451056,5,2004-09-02
9905,1049315,5,2004-09-30
9905,505193,4,2004-12-06
9905,2295478,4,2004-12-20
9905,445501,4,2005-01-08
9905,212895,3,2005-01-10
9905,2002123,4,2005-02-25
9905,1537040,4,2005-02-26
9905,1313969,3,2005-03-12
9905,507094,4,2005-04-21
9905,1800701,4,2005-04-28
9905,1747574,5,2005-09-17
9905,364247,4,2005-10-20
9905,2214292,3,2005-11-15
9905,901819,3,2005-11-18
9905,2172757,4,2005-11-21
9905,260080,5,2005-12-02
9905,688296,4,2005-12-30
9905,55023,3,2005-11-10
9905,29875,4,2005-07-25
9905,1170801,4,2005-08-09
9905,1279960,2,2005-08-20
9905,80354,4,2004-09-09
9905,2647929,4,2005-08-29
9905,1421840,4,2004-08-13
9905,1899031,3,2004-11-10
9905,931565,5,2004-11-12
9905,2455956,5,2005-01-19
9905,1626928,4,2005-01-28
9905,1591522,3,2005-02-02
9905,1033141,5,2005-03-05
9905,748967,4,2005-04-26
9905,499257,1,2005-05-17
9905,155115,4,2005-06-23
9905,698085,3,2005-09-12
9905,643593,5,2005-09-16
9905,1105045,3,2005-09-21
9905,2188398,4,2005-09-22
9905,1900823,5,2005-11-17
9905,2387990,4,2005-07-06
9905,1959784,4,2005-07-19
9905,1760524,2,2005-07-31
9905,1680701,4,2005-08-02
9905,1633578,5,2004-08-30
9905,2462919,5,2004-10-04
9905,809354,5,2004-10-07
9905,1869926,1,2004-12-27
9905,2108387,5,2004-12-30
9905,210324,4,2005-01-02
9905,1902140,4,2005-02-15
9905,1622150,4,2005-04-14
9905,2428896,3,2005-04-24
9905,1739082,2,2005-05-25
9905,459506,3,2005-06-04
9905,2183793,5,2005-11-11
9905,53074,5,2005-12-26
9905,83858,5,2005-07-13
9905,546370,4,2005-08-01
9905,1633944,5,2004-09-09
9905,751406,5,2004-10-30
9905,1458944,4,2004-12-24
9905,2090214,4,2005-01-06
9905,122559,1,2005-01-09
9905,562436,3,2005-03-03
9905,2297136,1,2005-04-25
9905,1462413,5,2005-05-02
9905,462171,4,2005-05-20
9905,843148,2,2005-06-10
9905,101807,4,2005-06-16
9905,1095748,2,2005-10-25
9905,441442,4,2005-11-27
9905,198476,4,2005-11-30
9905,2221446,3,2005-08-25
9905,1425274,3,2004-09-09
9905,2006505,3,2004-12-29
9905,2350917,3,2005-01-30
9905,946380,3,2005-03-06
9905,674346,5,2005-04-08
9905,1505182,2,2005-05-03
9905,2101921,5,2005-05-05
9905,479866,4,2005-05-29
9905,2483288,3,2005-06-17
9905,1063188,5,2005-10-01
9905,1930208,3,2005-10-11
9905,2049362,4,2005-10-21
9905,1423668,5,2005-11-22
9905,406717,3,2005-07-08
9905,371534,5,2005-07-11
9905,1152765,3,2005-07-25
9905,1760115,5,2005-07-26
9905,2023097,4,2005-07-26
9905,146194,3,2005-08-11
9905,2174081,4,2005-08-21
9905,876510,2,2004-10-18
9905,136058,1,2005-01-05
9905,727250,4,2005-02-08
9905,1442154,3,2005-05-03
9905,5945,1,2005-05-09
9905,1241893,5,2005-05-26
9905,2238785,4,2005-06-19
9905,1167060,4,2005-07-01
9905,823407,2,2005-09-02
9905,2406559,4,2005-09-07
9905,1807986,3,2005-09-09
9905,1459182,5,2005-09-23
9905,1968862,5,2005-11-08
9905,1552059,5,2005-07-18
9905,1529511,3,2005-07-19
9905,2264286,5,2004-08-20
9905,2169489,3,2004-12-04
9905,2012053,4,2004-09-27
9905,554383,5,2004-10-12
9905,867184,4,2004-10-29
9905,528287,4,2004-11-18
9905,959509,4,2004-12-06
9905,2259960,3,2004-12-12
9905,2357868,5,2005-02-10
9905,2384044,4,2005-02-24
9905,2509048,5,2005-03-06
9905,1442036,5,2005-05-30
9905,622382,5,2005-07-04
9905,349724,5,2005-10-31
9905,360757,3,2005-11-04
9905,2015233,3,2005-12-13
9905,1330849,3,2004-08-17
9905,361215,5,2005-07-23
9905,586543,3,2005-09-08
9905,908253,3,2004-10-10
9905,136506,4,2004-11-04
9905,1742324,5,2005-01-08
9905,1822377,3,2005-01-12
9905,2560133,2,2005-02-05
9905,1500456,5,2005-03-23
9905,2489545,3,2005-04-21
9905,864068,3,2005-09-12
9905,2631565,3,2005-09-30
9905,2545795,1,2005-10-26
9905,762846,3,2005-11-18
9905,2315691,3,2005-12-26
9905,1895929,3,2005-07-18
9905,2197278,3,2005-08-10
9905,2585465,3,2005-08-19
9905,716761,3,2005-08-27
9905,2105437,5,2004-08-21
9905,1776165,4,2004-10-06
9905,381828,5,2004-10-08
9905,1901461,3,2004-12-10
9905,551984,4,2005-02-25
9905,2389860,5,2005-03-29
9905,1773264,3,2005-04-28
9905,2329672,3,2005-05-14
9905,851479,4,2005-05-16
9905,751107,4,2005-05-29
9905,2246248,3,2005-06-12
9905,2412383,3,2005-09-07
9905,839259,4,2005-09-23
9905,1865403,2,2005-10-06
9905,1053334,3,2005-11-08
9905,2239537,4,2005-11-09
9905,146559,3,2005-07-05
9905,2477105,3,2005-08-16
9905,1758120,2,2005-08-18
9905,133676,3,2005-08-23
9905,2536547,4,2004-11-19
9905,1144887,2,2005-01-11
9905,2613069,5,2005-01-11
9905,122197,3,2005-01-28
9905,1439261,3,2005-03-07
9905,1236683,4,2005-03-10
9905,862040,3,2005-03-12
9905,1885042,4,2005-04-19
9905,1157892,5,2005-04-20
9905,1049142,5,2005-05-08
9905,315824,3,2005-06-18
9905,2402546,3,2005-06-23
9905,34406,5,2005-10-01
9905,2483121,4,2005-10-08
9905,2001750,4,2005-10-11
9905,972267,5,2005-12-07
9905,2132950,5,2005-07-05
9905,1372592,4,2005-08-16
9905,1885280,2,2004-09-15
9905,1928583,5,2004-11-09
9905,943920,3,2005-01-19
9905,2541020,4,2005-03-21
9905,272083,4,2005-04-06
9905,1935592,4,2005-04-04
9905,1467955,4,2005-04-28
9905,1053421,4,2005-06-15
9905,1529152,4,2005-07-02
9905,575905,5,2005-09-21
9905,1628640,4,2005-09-22
9905,227821,3,2005-10-03
9905,366732,4,2005-10-25
9905,961513,3,2005-08-15
9905,1125196,4,2005-08-29
9905,225972,4,2004-07-26
9905,1788492,4,2004-11-14
9905,2074501,4,2005-01-09
9905,2564142,4,2005-04-09
9905,833785,3,2005-06-13
9905,1761179,4,2005-09-21
9905,38078,4,2005-09-24
9905,55290,3,2005-09-27
9905,2580983,5,2005-10-04
9905,1021192,5,2005-11-08
9905,31259,5,2005-12-12
9905,1824009,4,2004-07-03
9905,1792978,5,2005-07-19
9905,1181035,3,2005-08-03
9905,2491745,3,2005-08-15
9905,1546782,5,2005-08-16
9905,1487349,4,2005-08-17
9905,1821474,3,2005-08-23
9905,1530288,3,2005-08-23
9905,655385,5,2005-09-06
9905,280444,4,2004-09-14
9905,981753,5,2004-10-04
9905,1916428,3,2004-10-15
9905,2550095,3,2004-11-28
9905,1284186,3,2005-01-27
9905,1444057,4,2005-02-02
9905,2162828,4,2005-02-27
9905,1551653,3,2005-03-06
9905,1131020,4,2005-05-23
9905,635407,4,2005-06-18
9905,1258687,5,2005-06-24
9905,357226,4,2005-06-29
9905,120113,5,2005-10-12
9905,1568343,3,2005-11-08
9905,1906681,4,2005-12-23
9905,684531,3,2005-12-25
9905,1672149,4,2005-07-15
9905,2514202,4,2005-07-16
9905,2206623,3,2005-07-21
9905,267349,1,2005-01-09
9905,1935793,3,2005-04-04
9905,30751,5,2005-04-07
9905,350415,5,2005-04-25
9905,376600,5,2005-05-19
9905,2223033,3,2005-05-21
9905,892694,4,2005-06-08
9905,1704383,3,2005-06-22
9905,132277,3,2005-07-04
9905,134640,4,2005-09-12
9905,417191,5,2005-10-07
9905,2356860,4,2005-11-08
9905,1566886,3,2005-12-30
9905,1942786,3,2004-09-15
9905,1113390,5,2004-12-04
9905,2375169,3,2005-08-11
9905,2555614,5,2004-10-05
9905,939111,4,2005-02-04
9905,970306,5,2005-04-01
9905,432678,5,2005-05-30
9905,427967,4,2005-06-08
9905,1607163,3,2005-06-22
9905,221776,4,2005-06-23
9905,448894,4,2005-06-30
9905,2043664,5,2005-09-02
9905,2154802,5,2005-09-07
9905,808020,5,2005-10-09
9905,2576300,4,2005-11-08
9905,1317049,3,2005-12-23
9905,1223339,4,2005-08-17
9905,1604357,4,2005-08-17
9905,1100816,4,2005-08-20
9905,1245143,3,2005-08-21
9905,2115175,3,2005-08-26
9905,1845415,4,2004-10-02
9905,2595864,4,2004-10-06
9905,1841109,3,2004-11-04
9905,43729,4,2005-01-28
9905,2134826,3,2005-03-18
9905,2265867,4,2005-03-24
9905,2223112,5,2005-03-31
9905,40035,5,2005-06-10
9905,1009997,4,2005-06-22
9905,718966,3,2005-09-08
9905,2010869,3,2005-11-14
9905,1002943,5,2005-11-24
9905,2290732,3,2005-12-08
9905,2097068,5,2005-07-12
9905,1090296,3,2004-08-17
9905,109033,5,2005-07-27
9905,2413320,2,2004-08-24
9905,1951207,3,2004-10-11
9905,2301246,5,2005-01-03
9905,744365,4,2005-01-26
9905,3604,4,2005-05-10
9905,1906026,4,2005-05-12
9905,118224,5,2005-05-19
9905,952063,1,2005-06-01
9905,1547957,5,2005-06-26
9905,2113182,3,2005-06-29
9905,87113,3,2005-09-21
9905,2165451,4,2005-09-27
9905,574055,5,2005-10-30
9905,545664,4,2005-11-07
9905,846687,4,2005-12-10
9905,795714,5,2005-07-09
9905,2378393,4,2005-07-14
9905,509344,4,2005-07-19
9905,2567110,5,2005-08-26
9905,2049319,3,2004-11-09
9905,1849785,5,2004-11-18
9905,2514919,5,2005-01-08
9905,2627190,3,2005-03-07
9905,472334,5,2005-03-08
9905,2593752,3,2005-03-25
9905,2353437,3,2005-03-29
9905,2622843,4,2005-04-26
9905,936567,4,2005-06-16
9905,614032,4,2005-09-13
9905,266947,5,2005-09-29
9905,1743032,5,2005-10-06
9905,415218,3,2005-10-18
9905,1504230,5,2005-10-21
9905,722591,5,2005-10-25
9905,495582,4,2005-11-19
9905,10374,5,2005-11-27
9905,2070300,4,2005-12-21
9905,573802,5,2005-07-29
9905,3321,4,2005-07-31
9905,235487,4,2005-08-07
9905,2001061,4,2005-08-08
9905,842863,3,2005-08-14
9905,2350962,3,2005-08-23
9905,1491102,3,2005-02-02
9905,608234,3,2004-11-22
9905,2272654,4,2004-11-22
9905,1807450,4,2004-11-27
9905,1893662,3,2004-11-29
9905,2628869,2,2005-02-28
9905,1741924,4,2005-03-02
9905,1319586,4,2005-03-31
9905,509213,4,2005-06-07
9905,1720861,4,2005-06-27
9905,2554942,5,2005-10-03
9905,1182493,5,2005-10-21
9905,1676373,5,2005-11-30
9905,304079,5,2005-12-08
9905,1355408,4,2005-12-16
9905,1323985,4,2005-07-18
9905,1309403,2,2005-08-25
9905,1238184,4,2004-10-08
9905,344549,4,2004-11-26
9905,1461086,3,2004-12-06
9905,2142754,5,2004-12-29
9905,740649,4,2005-02-02
9905,1177716,3,2005-02-23
9905,1822470,3,2005-03-05
9905,1349717,4,2005-06-10
9905,2050146,4,2005-06-13
9905,637928,5,2005-07-03
9905,1631272,5,2005-09-29
9905,2270315,4,2005-10-29
9905,1464315,5,2005-11-26
9905,1594245,3,2005-07-19
9905,2569648,5,2005-08-08
9905,1503049,4,2005-08-08
9905,391061,3,2005-09-03
9905,1084489,3,2005-09-08
9905,2314733,5,2004-10-11
9905,1136254,5,2004-11-02
9905,393966,4,2004-11-17
9905,1199475,3,2005-01-19
9905,1326360,4,2005-01-21
9905,331511,3,2005-02-09
9905,1448753,4,2005-05-04
9905,642349,4,2005-05-17
9905,1054137,3,2005-06-24
9905,2185058,3,2005-11-11
9905,1779903,4,2005-11-29
9905,926292,4,2005-12-23
9905,1339627,3,2005-12-28
9905,2465165,3,2005-07-27
9905,1916602,3,2005-08-13
9905,296937,3,2005-08-16
9905,1933788,5,2005-09-06
9905,2013396,4,2004-08-25
9905,510589,4,2004-09-03
9905,1312066,4,2004-10-19
9905,1490538,5,2005-01-06
9905,1424177,2,2005-01-13
9905,939176,5,2005-01-21
9905,2230114,3,2005-01-25
9905,2020353,4,2005-01-28
9905,1179373,5,2005-01-31
9905,264692,5,2005-02-08
9905,519084,1,2005-02-09
9905,621811,4,2005-04-07
9905,467596,2,2005-04-21
9905,1606488,5,2005-06-03
9905,859987,3,2005-06-12
9905,880635,2,2005-07-03
9905,1418722,5,2005-10-07
9905,1027262,5,2005-10-10
9905,2617292,5,2005-11-23
9905,2090709,4,2005-12-15
9905,1542628,3,2005-12-23
9905,344205,4,2005-07-19
9905,2328511,3,2004-10-15
9905,2436636,2,2005-08-18
9905,1964698,3,2005-08-20
9905,1479054,5,2005-08-22
9905,2309047,5,2004-10-01
9905,1995860,3,2004-10-10
9905,590472,3,2004-10-19
9905,2385925,3,2004-11-24
9905,2619809,5,2005-02-07
9905,1556831,3,2005-03-02
9905,273047,5,2005-03-13
9905,819450,4,2005-03-26
9905,983523,4,2005-05-09
9905,115240,3,2005-05-23
9905,1122804,5,2005-05-25
9905,1971798,3,2005-05-29
9905,1519167,5,2005-06-20
9905,584295,3,2005-06-21
9905,1344672,4,2005-06-24
9905,1894544,5,2005-07-01
9905,136818,5,2005-10-20
9905,848741,5,2005-11-14
9905,135033,5,2005-07-20
9905,1800459,4,2004-11-26
9905,59697,5,2005-08-10
9905,510820,5,2004-12-20
9905,2284890,3,2005-04-05
9905,1390205,5,2005-04-10
9905,342510,3,2005-04-22
9905,866795,5,2005-05-09
9905,554587,2,2005-05-12
9905,1717358,1,2005-06-09
9905,2457720,3,2005-06-29
9905,1915501,4,2005-09-25
9905,1082408,5,2005-10-04
9905,2145288,5,2005-11-06
9905,2264714,4,2005-11-16
9905,1967267,4,2005-12-28
9905,676758,4,2005-07-14
9905,268592,2,2005-07-20
9905,2461687,4,2005-08-24
9905,2607155,3,2004-10-14
9905,2059141,4,2004-11-13
9905,2619792,4,2004-11-19
9905,987662,3,2004-12-07
9905,1729432,4,2005-01-05
9905,539354,3,2005-01-29
9905,1546659,5,2005-04-01
9905,2204444,3,2005-04-30
9905,2360158,4,2005-06-21
9905,2643306,2,2005-09-28
9905,1584147,4,2005-10-11
9905,1047355,5,2005-10-13
9905,8117,5,2005-11-15
9905,1231605,4,2005-07-05
9905,980987,4,2004-08-20
9905,1754267,5,2005-08-29
9905,294406,5,2004-10-03
9905,1479597,3,2004-10-08
9905,253275,5,2004-10-08
9905,1258349,3,2004-12-30
9905,441401,3,2005-01-29
9905,2258238,5,2005-02-18
9905,1308595,1,2005-03-15
9905,539602,3,2005-04-09
9905,1348368,3,2005-04-16
9905,705645,3,2005-05-04
9905,1374197,3,2005-06-17
9905,1570161,4,2005-06-19
9905,2424358,4,2005-10-17
9905,872221,5,2005-10-20
9905,356446,4,2005-11-01
9905,574834,5,2005-11-02
9905,147510,4,2005-12-24
9905,1296763,4,2005-12-30
9905,2535902,5,2005-08-08
9905,116858,4,2005-08-30
9905,445423,5,2004-10-20
9905,714725,4,2004-12-15
9905,2507201,5,2005-01-07
9905,591064,4,2005-02-07
9905,2446344,4,2005-03-06
9905,2606799,4,2005-04-17
9905,891731,3,2005-05-15
9905,45392,4,2005-06-13
9905,1687256,4,2005-06-15
9905,1559083,4,2005-09-30
9905,2288845,3,2005-10-24
9905,1557557,3,2005-11-05
9905,2456207,4,2005-11-14
9905,677111,4,2005-12-06
9905,1629301,4,2005-12-20
9905,1051669,5,2005-12-29
9905,753280,4,2005-07-26
9905,566016,3,2005-07-31
9905,2618819,4,2005-08-09
9905,2282997,4,2004-10-13
9905,1890837,4,2004-11-14
9905,2153920,4,2005-02-01
9905,215384,4,2005-03-24
9905,1955164,5,2005-04-06
9905,375606,3,2005-04-13
9905,1984315,2,2005-06-26
9905,2299661,5,2005-10-12
9905,2313668,1,2005-10-25
9905,1431995,4,2005-11-25
9905,1270057,4,2005-07-23
9905,1146000,2,2004-10-02
9905,2022945,4,2004-11-19
9905,1174079,5,2004-11-19
9905,38284,4,2004-12-07
9905,1558691,2,2005-01-09
9905,870716,4,2005-02-04
9905,1060393,3,2005-04-22
9905,1601172,5,2005-06-02
9905,2295156,5,2005-06-22
9905,1775996,2,2005-09-06
9905,1401393,1,2005-09-14
9905,942848,3,2005-09-29
9905,976385,4,2005-10-22
9905,2496042,4,2005-10-24
9905,433759,3,2005-11-19
9905,869693,4,2005-07-09
9905,2375962,3,2005-07-24
9905,583059,4,2005-08-27
9905,2438486,5,2004-09-08
9905,2256485,1,2004-11-29
9905,198698,4,2005-02-07
9905,2363228,3,2005-05-12
9905,116353,3,2005-03-04
9905,1128736,5,2005-04-03
9905,260442,5,2005-04-26
9905,362030,4,2005-09-13
9905,2134226,5,2005-10-08
9905,1982835,4,2005-10-22
9905,1041638,1,2005-11-11
9905,2083476,5,2005-11-12
9905,1078549,2,2005-11-15
9905,720142,3,2005-11-18
9905,801981,4,2005-12-12
9905,1375172,3,2005-12-15
9905,1235037,5,2005-07-08
9905,619830,4,2005-07-10
9905,1744939,3,2005-07-15
9905,716173,5,2004-11-26
9905,324843,4,2005-08-03
9905,1574646,3,2005-08-19
9905,17707,1,2005-08-23
9905,2183347,4,2004-07-28
9905,2216936,4,2004-10-04
9905,2410591,4,2004-10-16
9905,265946,5,2004-11-21
9905,2080195,3,2004-11-29
9905,2523130,4,2005-01-11
9905,2308712,5,2005-02-02
9905,957063,3,2005-02-06
9905,455711,3,2005-02-24
9905,1151626,4,2005-04-30
9905,2591413,4,2005-05-13
9905,762165,2,2005-06-04
9905,2324265,4,2005-06-25
9905,2629477,4,2005-09-03
9905,1320859,5,2005-09-12
9905,888393,5,2005-09-16
9905,92540,4,2005-09-22
9905,294300,4,2005-10-05
9905,172118,4,2005-10-07
9905,1192681,2,2005-10-24
9905,24624,3,2005-10-28
9905,1411869,4,2005-10-30
9905,2490348,4,2005-11-29
9905,1014939,3,2005-12-01
9905,790305,4,2005-12-20
9905,775569,5,2005-08-30
9905,373013,5,2004-10-02
9905,1931007,4,2004-11-30
9905,491513,4,2005-01-19
9905,437889,4,2005-01-30
9905,1374515,4,2005-02-01
9905,1274228,4,2005-02-03
9905,1299887,5,2005-03-02
9905,2527694,3,2005-04-14
9905,138106,4,2005-05-01
9905,1120497,2,2005-05-04
9905,209968,5,2005-05-05
9905,2361340,4,2005-06-07
9905,1825620,2,2005-06-17
9905,1437996,5,2005-10-19
9905,535886,4,2005-10-23
9905,1384348,3,2005-11-01
9905,806188,3,2005-11-04
9905,157331,4,2005-11-04
9905,2039272,4,2005-11-05
9905,789014,3,2005-07-31
9905,1078396,5,2005-08-19
9905,327860,5,2005-08-23
9905,1538119,5,2004-10-05
9905,91234,3,2004-10-07
9905,367941,4,2004-10-28
9905,2488020,5,2004-12-29
9905,520507,3,2004-12-29
9905,105532,3,2005-03-29
9905,2165495,3,2005-04-02
9905,191741,5,2005-04-11
9905,180604,4,2005-04-19
9905,517186,4,2005-05-31
9905,2438140,2,2005-06-15
9905,770230,4,2005-06-26
9905,2557924,5,2005-07-01
9905,1114607,4,2005-10-22
9905,2587828,3,2005-11-13
9905,1552110,1,2005-11-14
9905,924106,5,2005-07-20
9905,2487916,4,2005-08-03
9905,984467,4,2005-08-12
9905,1922532,4,2005-08-17
9905,966030,4,2004-09-11
9905,2334020,4,2004-09-11
9905,1385728,4,2004-09-12
9905,2315626,3,2004-09-30
9905,1804579,5,2004-10-10
9905,494218,4,2004-10-20
9905,1373633,4,2004-12-15
9905,1130078,2,2005-01-03
9905,2080240,3,2005-01-11
9905,2193920,3,2005-03-12
9905,275282,4,2005-05-25
9905,1398961,4,2005-06-27
9905,342616,5,2005-06-29
9905,16272,3,2005-09-28
9905,2138116,3,2005-09-29
9905,327947,4,2005-10-04
9905,827543,5,2005-10-12
9905,1767631,3,2005-11-26
9905,345610,4,2005-12-27
9905,2129592,4,2005-07-08
9905,1731009,3,2005-07-09
9905,1210419,4,2005-07-24
9905,948271,3,2005-08-01
9905,2444240,3,2005-08-11
9905,2492121,3,2005-08-18
9905,36848,3,2005-08-30
9905,2315061,4,2005-09-04
9905,2516486,4,2004-09-28
9905,303712,5,2004-11-05
9905,1773414,4,2004-11-15
9905,1266294,3,2005-01-19
9905,140281,5,2005-05-19
9905,469385,5,2005-05-27
9905,2198358,4,2005-06-23
9905,732147,5,2005-09-19
9905,273503,4,2005-09-20
9905,2473156,4,2005-10-01
9905,229080,3,2005-12-28
9905,417746,5,2005-07-31
9905,1377989,4,2005-08-01
9905,2594243,2,2005-08-03
9905,2263991,3,2005-08-05
9905,937200,4,2005-08-15
9905,2067117,5,2005-08-19
9905,1462172,3,2005-08-30
9905,959632,4,2004-10-06
9905,2376801,4,2004-10-09
9905,2327365,4,2005-01-19
9905,1992205,3,2005-01-26
9905,904842,4,2005-02-09
9905,566359,5,2005-04-25
9905,1687084,4,2005-04-29
9905,1184071,4,2005-06-22
9905,2466682,4,2005-06-23
9905,1324341,4,2005-09-19
9905,1450827,5,2005-10-04
9905,1999087,3,2005-10-24
9905,2330518,5,2005-11-20
9905,629249,4,2005-12-18
9905,1681434,4,2005-12-20
9905,563264,3,2005-07-14
9905,1654132,3,2005-08-24
9905,393945,1,2004-10-06
9905,5652,5,2005-01-22
9905,732898,4,2005-03-02
9905,2482256,5,2005-04-08
9905,714884,3,2005-04-14
9905,1425453,1,2005-06-02
9905,1282557,4,2005-06-24
9905,827666,3,2005-09-11
9905,2136268,5,2005-11-14
9905,2444947,4,2005-11-28
9905,1840867,5,2005-12-15
9905,2069200,3,2005-12-22
9905,1494683,3,2005-12-25
9905,825353,5,2005-12-25
9905,201933,4,2005-12-26
9905,2429728,5,2005-07-09
9905,1252392,3,2005-07-19
9905,933851,5,2005-07-20
9905,999482,5,2005-08-08
9905,426295,4,2005-08-23
9905,705787,4,2005-08-28
9905,2384714,5,2005-09-01
9905,1412213,3,2004-10-05
9905,1170278,4,2004-10-23
9905,11043,4,2004-11-11
9905,1025818,4,2004-11-17
9905,1640519,4,2005-01-30
9905,1154807,4,2005-04-06
9905,216796,4,2005-06-15
9905,1775597,4,2005-09-25
9905,1372532,3,2005-10-14
9905,637202,3,2005-10-28
9905,1830717,3,2005-11-09
9905,2285405,3,2005-12-30
9905,2503539,3,2005-07-06
9905,782522,3,2005-07-17
9905,71750,4,2005-07-29
9905,1618998,3,2004-08-08
9905,2109831,4,2005-08-29
9905,2407606,4,2004-10-08
9905,761197,3,2005-01-19
9905,151153,3,2005-01-24
9905,997158,5,2005-02-09
9905,352380,3,2005-02-27
9905,1310915,5,2005-03-21
9905,2011624,3,2005-05-29
9905,1445507,5,2005-06-13
9905,834752,3,2005-09-08
9905,404083,4,2005-10-09
9905,1639793,4,2005-10-25
9905,72165,5,2005-07-12
9905,707367,4,2005-07-29
9905,109530,4,2005-05-17
9905,1717534,3,2005-08-23
9905,1494870,4,2005-08-26
9905,2573566,5,2005-09-07
9905,2462494,3,2004-10-11
9905,1457728,3,2005-01-19
9905,1534677,3,2005-01-23
9905,1414803,3,2005-02-25
9905,2138723,5,2005-04-11
9905,1754507,3,2005-07-02
9905,247446,2,2005-09-12
9905,166581,4,2005-09-23
9905,1963758,4,2005-10-13
9905,2646347,4,2005-10-15
9905,2019921,5,2005-11-11
9905,1425764,3,2005-11-29
9905,930090,3,2005-12-06
9905,1713333,5,2005-07-20
9905,305344,1,2004-08-11
9905,271128,4,2005-08-26
9905,269144,5,2004-11-12
9905,804265,4,2004-11-29
9905,2543677,2,2005-01-31
9905,1531681,5,2005-02-11
9905,498716,4,2005-05-05
9905,1829748,2,2005-06-14
9905,1913820,4,2005-06-27
9905,827057,3,2005-09-04
9905,874450,4,2005-10-09
9905,2075711,3,2005-10-15
9905,203576,5,2005-10-24
9905,571332,4,2005-10-25
9905,2273429,5,2005-10-27
9905,2400027,3,2005-07-30
9905,1892467,5,2005-08-05
9905,2049239,3,2005-08-07
9905,1324380,5,2005-08-24
9905,189199,5,2005-09-05
9905,29350,5,2004-08-17
9905,1141203,5,2004-09-23
9905,1694750,3,2004-10-17
9905,2483623,5,2004-11-10
9905,2248947,3,2005-02-13
9905,68876,5,2005-02-24
9905,1409829,4,2005-03-08
9905,910384,3,2005-04-01
9905,1302929,2,2005-09-12
9905,1662216,5,2005-09-29
9905,599704,4,2005-10-04
9905,1931547,3,2005-10-22
9905,2488576,4,2005-10-23
9905,675410,3,2005-10-24
9905,2251410,4,2005-11-01
9905,73988,5,2005-11-05
9905,1725226,5,2005-12-27
9905,1978089,4,2005-09-01
9905,1502648,3,2004-10-06
9905,2226510,4,2004-12-06
9905,2042985,4,2005-01-25
9905,401681,4,2005-01-31
9905,1771513,4,2005-02-11
9905,414449,5,2005-04-03
9905,236264,4,2005-05-02
9905,1658158,5,2005-05-05
9905,665614,3,2005-05-31
9905,1779346,4,2005-06-03
9905,2497156,5,2005-06-28
9905,276418,4,2005-06-29
9905,2099446,4,2005-06-30
9905,1403469,4,2005-10-01
9905,1734505,5,2005-10-06
9905,1835080,4,2005-10-23
9905,2322622,4,2005-10-30
9905,1098982,3,2005-11-06
9905,1020419,5,2005-11-09
9905,1135679,5,2005-11-24
9905,1710658,3,2005-12-06
9905,1219544,2,2005-12-19
9905,888488,5,2005-07-08
9905,2629127,2,2005-07-20
9905,1105106,5,2004-09-24
9905,861035,4,2004-10-06
9905,2539184,4,2004-10-12
9905,524937,5,2005-01-19
9905,405351,4,2005-05-05
9905,1205174,3,2005-05-15
9905,727272,3,2005-09-15
9905,1403217,3,2005-09-21
9905,1069995,3,2005-10-17
9905,2371144,5,2005-10-25
9905,1065981,3,2005-12-05
9905,639533,2,2004-08-18
9905,425692,4,2005-07-20
9905,1451538,4,2005-07-28
9905,1003328,5,2005-07-31
9905,2215076,3,2005-08-02
9905,1840414,3,2005-08-22
9905,2618308,5,2004-10-15
9905,1473983,5,2005-02-05
9905,2563498,5,2005-02-08
9905,2241380,4,2005-02-23
9905,754371,3,2005-03-08
9905,1065779,3,2005-05-10
9905,2229453,4,2005-05-13
9905,1144671,3,2005-05-23
9905,2397454,2,2005-09-14
9905,1833615,3,2005-09-15
9905,450494,3,2005-09-17
9905,1427927,4,2005-10-11
9905,2288889,5,2005-10-23
9905,1999117,3,2005-10-30
9905,1719780,4,2005-11-04
9905,2147527,3,2005-11-20
9905,1447886,4,2005-12-21
9905,2321960,3,2005-12-22
9905,478815,4,2005-07-05
9905,74441,4,2004-09-07
9905,1712758,5,2005-07-25
9905,462805,1,2005-08-18
9905,1732015,2,2005-08-26
9905,2516111,3,2005-08-28
9905,360367,4,2004-08-31
9905,2438832,3,2004-10-04
9905,2048422,4,2004-12-22
9905,1428930,3,2004-12-29
9905,219756,5,2005-01-09
9905,1540527,4,2005-02-06
9905,494075,4,2005-02-24
9905,1641798,3,2005-03-02
9905,370381,2,2005-04-05
9905,1724806,3,2005-04-22
9905,2622802,4,2005-05-18
9905,2597802,3,2005-06-23
9905,1564115,3,2005-06-27
9905,2063514,4,2005-09-24
9905,2419640,5,2005-10-23
9905,1071786,5,2005-11-03
9905,874344,1,2005-11-28
9905,1576594,5,2005-07-05
9905,477705,5,2005-07-12
9905,678911,5,2005-07-15
9905,869845,4,2005-08-16
9905,1671061,4,2004-08-30
9905,324167,4,2004-09-03
9905,1096082,3,2004-07-06
9905,2254385,4,2004-11-22
9905,1501056,4,2004-11-24
9905,1837202,5,2005-01-04
9905,1705283,5,2005-01-25
9905,1216398,5,2005-01-30
9905,768876,3,2005-03-07
9905,168729,3,2005-05-02
9905,2504803,2,2005-06-22
9905,1145543,3,2005-09-15
9905,739009,1,2005-10-01
9905,408964,5,2005-10-11
9905,2376301,4,2005-11-19
9905,2494071,4,2005-12-03
9905,447759,5,2005-12-06
9905,554312,5,2005-12-13
9905,2036838,5,2005-07-07
9905,1564927,3,2005-07-14
9905,1988735,3,2004-08-28
9905,272904,3,2005-08-05
9905,2600927,5,2005-08-16
9905,2415199,4,2004-08-16
9905,2075608,3,2005-08-24
9905,2464081,4,2004-11-27
9905,1466382,4,2004-09-02
9905,1478505,3,2004-10-21
9905,588280,2,2004-12-13
9905,2089924,4,2005-01-20
9905,331986,4,2005-03-18
9905,72808,4,2005-03-24
9905,802403,5,2005-04-18
9905,611668,3,2005-06-20
9905,1679429,5,2005-09-24
9905,1862405,4,2005-10-15
9905,1059194,3,2005-10-17
9905,2077820,4,2005-11-02
9905,2249361,5,2005-11-15
9905,2316662,4,2005-12-12
9905,1687315,4,2005-07-14
9905,688051,3,2005-08-19
9905,1879686,5,2004-09-07
9905,1926192,5,2004-07-31
9905,1122711,2,2004-10-06
9905,2120432,4,2004-11-13
9905,153587,2,2004-12-08
9905,1959604,5,2005-01-11
9905,1664662,2,2005-03-21
9905,1803019,4,2005-03-27
9905,470644,5,2005-03-28
9905,2446249,3,2005-04-23
9905,2079894,5,2005-04-29
9905,825831,3,2005-06-01
9905,1939988,1,2005-10-05
9905,2099982,3,2005-11-04
9905,2097064,2,2005-11-12
9905,947212,1,2005-11-16
9905,822404,4,2005-07-06
9905,288420,4,2004-08-05
9905,263051,3,2005-07-12
9905,562787,2,2005-07-27
9905,962226,5,2005-08-23
9905,1964622,3,2004-10-11
9905,1162706,5,2004-10-17
9905,794215,4,2004-11-30
9905,338723,5,2005-01-10
9905,194044,5,2005-01-19
9905,7877,3,2005-02-02
9905,2184621,4,2005-03-03
9905,2178278,1,2005-04-26
9905,2351243,2,2005-04-26
9905,1490932,3,2005-05-27
9905,780768,3,2005-06-03
9905,1953636,2,2005-06-11
9905,2435522,2,2005-06-11
9905,2627567,3,2005-10-05
9905,510641,4,2005-10-05
9905,1996893,3,2005-11-03
9905,2205418,4,2005-11-15
9905,1778848,4,2005-11-27
9905,1336329,5,2005-12-02
9905,671728,3,2005-12-13
9905,2438294,4,2005-12-26
9905,2094114,3,2005-07-12
9905,1075761,3,2005-07-13
9905,619690,4,2005-02-20
9905,977044,3,2005-08-14
9905,2347080,1,2004-11-27
9905,1438796,3,2004-12-09
9905,2556321,4,2005-01-19
9905,2430275,4,2005-03-08
9905,829713,5,2005-05-10
9905,2576015,4,2005-06-03
9905,43209,4,2005-09-11
9905,499108,4,2005-10-18
9905,1088005,3,2005-10-23
9905,2584676,3,2005-10-26
9905,2103201,3,2005-07-08
9905,2039415,5,2004-08-25
9905,1692018,4,2005-08-02
9905,2396388,4,2004-08-28
9905,1123618,2,2004-10-11
9905,1869907,5,2004-10-20
9905,983069,4,2004-11-10
9905,1429005,5,2004-11-15
9905,2315012,5,2005-02-03
9905,2634761,4,2005-02-14
9905,1223322,5,2005-03-18
9905,185493,3,2005-06-04
9905,1485959,5,2005-04-19
9905,1065445,3,2005-06-15
9905,718829,4,2005-06-26
9905,1687677,4,2005-09-28
9905,1743613,5,2005-10-13
9905,1377190,3,2005-10-28
9905,214254,4,2005-11-25
9905,1843349,3,2005-12-06
9905,2451635,5,2005-12-28
9905,2239213,2,2005-07-08
9905,504286,4,2005-07-31
9905,611360,5,2005-08-27
9905,758850,4,2004-09-17
9905,1445201,4,2005-02-04
9905,1940797,3,2005-02-28
9905,709197,3,2005-03-07
9905,2127063,3,2005-04-24
9905,1829617,4,2005-05-19
9905,1392820,5,2005-09-17
9905,1919985,4,2005-11-08
9905,593252,4,2005-11-11
9905,905922,3,2005-07-06
9905,517342,4,2005-07-11
9905,954301,4,2005-07-25
9905,1318390,3,2005-07-26
9905,454959,3,2005-08-11
9905,2178803,5,2005-08-30
9905,1892334,5,2004-10-05
9905,2187377,3,2004-11-20
9905,2100834,1,2004-12-23
9905,48568,4,2005-01-03
9905,2241238,5,2005-03-28
9905,1183706,4,2005-09-25
9905,205542,5,2005-10-11
9905,350734,4,2005-10-13
9905,2420505,4,2005-10-25
9905,1587290,3,2005-11-08
9905,1858243,3,2005-11-21
9905,25602,5,2005-08-11
9905,476539,4,2005-08-28
9905,1418126,4,2004-08-25
9905,717991,3,2004-09-17
9905,649547,4,2005-02-23
9905,2371106,4,2004-10-25
9905,60217,5,2004-11-02
9905,768911,4,2005-02-01
9905,1827612,3,2005-02-02
9905,1581728,4,2005-03-29
9905,466121,4,2005-06-06
9905,1296306,1,2005-06-15
9905,2100502,3,2005-06-21
9905,660871,4,2005-06-28
9905,2645434,5,2005-07-03
9905,2104348,4,2005-10-01
9905,2091589,3,2005-10-09
9905,84811,5,2005-10-24
9905,2083951,2,2005-11-01
9905,696901,3,2005-11-04
9905,1849620,3,2005-07-05
9905,330156,4,2005-07-19
9905,1772131,3,2005-07-25
9905,867430,5,2004-08-18
9905,2545618,4,2004-09-17
9905,1176763,3,2004-11-14
9905,1203049,3,2004-12-03
9905,2270041,2,2005-02-10
9905,2359796,4,2005-03-25
9905,73253,1,2005-05-01
9905,262630,3,2005-06-06
9905,467885,4,2005-06-07
9905,1042055,3,2005-06-23
9905,564078,5,2005-10-02
9905,396153,4,2005-10-05
9905,2356165,2,2005-10-24
9905,712361,4,2005-11-04
9905,21295,3,2005-07-08
9905,2511278,4,2005-07-16
9905,2581445,5,2005-08-14
9905,1494352,5,2005-08-18
9905,2600843,5,2004-10-08
9905,1548016,1,2004-10-31
9905,1629191,3,2004-11-28
9905,1110164,4,2004-11-29
9905,240923,3,2004-12-27
9905,1951900,3,2005-02-01
9905,1431356,4,2005-02-25
9905,1917255,5,2005-03-10
9905,1616215,4,2005-03-29
9905,271402,3,2005-06-27
9905,2311093,3,2005-10-06
9905,1930548,3,2005-10-10
9905,1896304,4,2005-10-24
9905,598779,4,2005-10-24
9905,834611,4,2005-10-31
9905,1774389,4,2005-12-15
9905,1329904,3,2005-07-26
9905,928636,4,2004-08-20
9905,12812,3,2004-10-01
9905,1152594,3,2004-10-03
9905,402266,4,2004-10-16
9905,511222,5,2004-11-06
9905,1381441,4,2004-12-01
9905,906831,4,2004-12-02
9905,1396596,4,2005-01-31
9905,2127615,4,2005-03-11
9905,153237,2,2005-05-10
9905,2033403,4,2005-06-03
9905,139081,3,2005-06-20
9905,337793,4,2005-06-28
9905,310101,4,2005-09-07
9905,133993,3,2005-09-18
9905,717539,3,2005-10-18
9905,2112829,4,2005-10-24
9905,1083033,4,2005-10-26
9905,2040663,3,2005-07-14
9905,1731512,5,2005-07-14
9905,752642,4,2004-09-14
9905,296024,3,2005-08-12
9905,622462,4,2005-09-04
9905,1491751,4,2004-08-31
9905,1370506,4,2004-09-12
9905,218269,4,2004-12-30
9905,551041,5,2005-01-27
9905,868324,4,2005-02-06
9905,1906145,4,2005-04-25
9905,1965634,4,2005-05-17
9905,460376,4,2005-06-04
9905,2142230,3,2005-06-29
9905,501158,5,2005-09-12
9905,9597,3,2005-09-29
9905,402783,4,2005-10-16
9905,90355,3,2005-10-30
9905,1533550,5,2005-11-02
9905,1689179,4,2005-12-22
9905,2572760,3,2005-07-10
9905,1566185,2,2004-10-15
9905,1431808,4,2004-11-11
9905,2587909,5,2005-01-09
9905,124428,4,2005-01-10
9905,895641,4,2005-01-28
9905,534523,5,2005-01-31
9905,834004,5,2005-03-23
9905,36707,4,2005-03-27
9905,258226,3,2005-03-29
9905,555528,5,2005-04-19
9905,2163889,2,2005-06-22
9905,1548658,3,2005-09-16
9905,1343848,5,2005-11-11
9905,168455,4,2005-11-17
9905,208911,2,2005-12-07
9905,2481504,3,2005-07-13
9905,431626,3,2005-08-08
9905,2233290,3,2005-08-10
9905,2232911,4,2005-08-15
9905,896333,3,2005-08-22
9905,2485642,4,2005-08-23
9905,646984,4,2005-08-23
9905,1005371,3,2005-09-07
9905,2018894,4,2004-09-08
9905,888125,5,2004-10-03
9905,769719,4,2004-10-03
9905,1068705,4,2004-10-04
9905,2519865,5,2004-10-08
9905,1257438,4,2004-12-27
9905,953594,4,2005-01-20
9905,1460301,2,2005-01-27
9905,1107588,3,2005-04-26
9905,377907,4,2005-05-15
9905,2294239,3,2005-06-16
9905,2611783,3,2005-07-03
9905,995925,5,2005-09-09
9905,2483294,5,2005-10-31
9905,1678496,5,2005-11-11
9905,1327480,4,2005-07-15
9905,2466899,4,2004-08-08
9905,606821,2,2005-07-20
9905,650202,5,2005-08-07
9905,1421298,5,2005-08-11
9905,493631,3,2004-09-19
9905,844459,5,2004-10-11
9905,2095153,3,2004-12-16
9905,1525681,4,2004-12-21
9905,1983441,5,2005-01-04
9905,1029027,3,2005-01-28
9905,14628,3,2005-02-03
9905,1387197,4,2005-03-28
9905,1589963,5,2005-04-06
9905,2154572,4,2005-05-07
9905,323101,3,2005-05-23
9905,2051938,5,2005-10-04
9905,1863472,5,2005-11-06
9905,475717,4,2005-07-08
9905,10679,5,2005-07-10
9905,705534,5,2005-07-17
9905,1507817,4,2005-08-25
9905,1159415,5,2004-08-29
9905,2329196,3,2004-12-10
9905,2304758,5,2004-12-17
9905,2126081,5,2004-12-22
9905,1539441,3,2004-12-28
9905,397001,4,2005-02-25
9905,2474739,3,2005-03-21
9905,1264320,3,2005-04-11
9905,1441619,5,2005-04-12
9905,2480001,2,2005-05-04
9905,380849,3,2005-05-15
9905,884689,4,2005-05-25
9905,2314898,3,2005-09-11
9905,2533168,5,2005-09-16
9905,686134,5,2005-09-30
9905,1612715,3,2005-10-26
9905,1119847,5,2005-10-31
9905,2151531,2,2005-11-03
9905,1860332,4,2005-11-07
9905,730473,2,2005-11-21
9905,285668,3,2005-12-07
9905,1135904,5,2005-07-05
9905,555136,3,2005-07-16
9905,204930,2,2005-07-19
9905,2617466,5,2005-08-10
9905,869446,3,2005-08-29
9905,2030006,4,2005-08-30
9905,832756,5,2005-08-31
9905,1688724,2,2004-11-10
9905,863644,4,2004-12-28
9905,1768020,4,2005-03-22
9905,2056022,3,2005-04-19
9905,319075,4,2005-05-31
9905,400440,5,2005-09-16
9905,2487640,3,2005-09-19
9905,889250,3,2005-10-22
9905,998550,3,2005-10-29
9905,2467323,5,2005-11-05
9905,404384,5,2005-11-27
9905,188542,4,2005-12-12
9905,2473560,3,2005-07-19
9905,1352849,5,2005-07-24
9905,473748,4,2004-08-14
9905,1037857,5,2005-08-22
9905,2000237,5,2004-10-08
9905,2000004,3,2004-10-18
9905,579707,5,2004-12-27
9905,733913,3,2005-01-20
9905,679415,4,2005-02-05
9905,2219709,4,2005-03-24
9905,1256045,3,2005-03-27
9905,1589298,4,2005-03-28
9905,1087457,4,2005-05-02
9905,2456431,4,2005-05-16
9905,2173732,4,2005-05-21
9905,1312396,4,2005-05-22
9905,878143,5,2005-05-23
9905,291883,5,2005-06-08
9905,1796167,4,2005-09-11
9905,2596720,4,2005-09-16
9905,1600444,2,2005-09-24
9905,222977,4,2005-10-21
9905,1390895,4,2005-11-07
9905,2195910,3,2005-11-15
9905,2266151,3,2005-11-27
9905,1704176,5,2005-07-17
9905,1920539,5,2005-08-11
9905,1067125,3,2004-09-19
9905,192390,4,2004-12-10
9905,1728935,5,2004-12-21
9905,264313,5,2005-04-04
9905,961971,4,2005-05-27
9905,2228750,5,2005-06-04
9905,567705,4,2005-06-13
9905,1186231,4,2005-06-28
9905,1436780,3,2005-09-25
9905,2075165,2,2005-10-14
9905,1667019,2,2005-11-15
9905,1422748,4,2005-11-20
9905,436647,1,2005-07-08
9905,215554,4,2005-07-12
9905,1476304,5,2005-07-19
9905,578191,2,2005-08-05
9905,1432790,3,2005-08-07
9905,164772,4,2005-08-08
9905,46003,4,2005-09-03
9905,490755,5,2004-09-24
9905,342936,4,2004-12-01
9905,656423,5,2005-01-27
9905,2433729,3,2005-03-05
9905,1222068,4,2005-04-19
9905,1743331,5,2005-04-25
9905,2507459,3,2005-04-26
9905,982331,2,2005-04-27
9905,2420928,5,2005-09-26
9905,1877062,4,2005-10-08
9905,954045,1,2005-10-10
9905,944455,3,2005-10-25
9905,1803311,4,2005-11-02
9905,199525,5,2005-11-11
9905,1446912,4,2005-11-15
9905,1439882,3,2005-08-02
9905,2305164,4,2004-08-16
9905,2169512,3,2004-09-30
9905,158676,2,2004-10-02
9905,129097,4,2004-12-02
9905,500539,3,2004-12-07
9905,534960,3,2005-01-27
9905,2578270,4,2005-02-10
9905,2426088,1,2005-03-09
9905,273896,5,2005-04-20
9905,999756,2,2005-06-24
9905,1770410,4,2005-09-19
9905,481812,4,2005-10-04
9905,1290544,5,2005-10-30
9905,1509285,4,2005-11-06
9905,711341,5,2005-12-04
9905,320226,3,2005-12-23
9905,1164175,4,2005-07-22
9905,375738,4,2004-07-24
9905,327780,4,2005-08-22
9905,783570,4,2004-08-26
9905,2577467,4,2005-08-27
9905,1322665,4,2005-08-29
9905,1131930,5,2005-08-30
9905,1933592,5,2004-10-15
9905,1338922,4,2005-01-05
9905,536967,3,2005-01-31
9905,2113665,5,2005-05-23
9905,642543,5,2005-05-25
9905,1181111,4,2005-09-07
9905,1047037,3,2005-10-02
9905,1501983,3,2005-10-30
9905,437784,2,2005-07-20
9905,1046529,5,2005-08-09
9905,2501944,5,2004-09-09
9905,1037705,4,2005-08-25
9905,136987,5,2005-09-02
9905,195464,3,2004-10-04
9905,1815129,4,2004-10-05
9905,712394,5,2004-11-04
9905,2481119,4,2005-06-03
9905,2590741,5,2004-11-30
9905,1160772,5,2004-12-12
9905,432404,2,2005-02-11
9905,109079,2,2005-02-26
9905,670488,5,2005-03-29
9905,624336,4,2005-10-25
9905,1130180,4,2005-11-11
9905,640174,5,2005-11-14
9905,2152465,4,2005-07-20
9905,1510728,3,2005-07-29
9905,1628831,2,2005-08-05
9905,1711351,3,2005-08-13
9905,2280000,4,2005-08-22
9905,1929673,5,2004-08-31
9905,1084691,2,2004-12-08
9905,2585154,5,2004-12-20
9905,2167782,4,2005-01-06
9905,1955731,3,2005-01-23
9905,301726,4,2005-01-30
9905,2138793,4,2005-02-03
9905,2626818,5,2005-02-07
9905,1728944,3,2005-03-28
9905,2133714,5,2005-05-21
9905,1866323,4,2005-05-23
9905,1653107,3,2005-06-16
9905,1516350,3,2005-06-24
9905,2049766,4,2005-09-26
9905,2494006,1,2005-09-28
9905,536371,4,2005-10-21
9905,383775,4,2005-07-06
9905,1580914,4,2005-07-26
9905,677583,3,2005-08-26
9905,38377,4,2004-09-19
9905,676489,4,2004-10-05
9905,1085991,4,2004-11-16
9905,386668,5,2005-02-25
9905,1936844,4,2005-03-03
9905,1947278,3,2005-03-22
9905,1255033,4,2005-05-29
9905,794040,3,2005-06-20
9905,1311817,5,2005-06-22
9905,1873205,4,2005-10-23
9905,78922,5,2005-11-03
9905,2640210,5,2005-12-19
9905,1210427,4,2005-07-19
9905,1806515,4,2005-07-22
9905,709106,3,2005-08-19
9905,1355523,3,2004-10-31
9905,432597,5,2004-11-08
9905,1707496,4,2005-03-18
9905,1425781,4,2005-04-06
9905,499406,5,2005-04-06
9905,87977,4,2005-06-07
9905,1110542,5,2005-09-13
9905,533030,5,2005-09-26
9905,2142535,4,2005-10-03
9905,1228057,3,2005-10-09
9905,752514,3,2005-10-21
9905,2118461,5,2005-10-23
9905,2592591,4,2005-10-30
9905,2217808,2,2005-12-21
9905,703585,3,2005-07-13
9905,2092335,4,2005-07-28
9905,2476982,4,2005-08-23
9905,1843972,5,2005-08-31
9905,2202003,3,2004-10-20
9905,614490,3,2005-01-19
9905,772197,4,2005-02-03
9905,2531020,3,2005-03-04
9905,2458372,3,2005-04-21
9905,1186731,4,2005-04-29
9905,1516936,5,2005-06-08
9905,743734,4,2005-10-20
9905,1781160,3,2005-12-06
9905,1460800,3,2005-07-11
9905,2538567,5,2005-07-19
9905,1185669,5,2004-08-27
9905,961946,5,2005-08-16
9905,1709615,5,2004-08-31
9905,2632990,4,2004-10-10
9905,621244,5,2004-10-17
9905,1698802,4,2004-10-19
9905,1105686,5,2005-01-10
9905,1241221,2,2005-01-29
9905,411597,5,2005-02-03
9905,1422484,3,2005-02-17
9905,2422835,5,2005-03-15
9905,1584985,5,2005-03-24
9905,2170750,4,2005-04-01
9905,1331991,4,2005-04-20
9905,392651,3,2005-05-28
9905,1551385,1,2005-06-04
9905,168523,3,2005-06-09
9905,75818,4,2005-06-29
9905,1744915,2,2005-07-03
9905,1878548,5,2005-07-05
9905,2316743,5,2005-10-15
9905,997062,5,2005-11-07
9905,741248,5,2005-11-08
9905,387418,1,2004-08-19
9905,364236,4,2005-08-27
9905,1252345,3,2005-08-31
9905,1086684,4,2004-08-28
9905,1169249,3,2004-10-11
9905,488835,4,2004-10-26
9905,605424,4,2004-11-10
9905,1794682,3,2005-01-09
9905,165831,5,2005-04-02
9905,1093225,5,2005-04-04
9905,397216,5,2005-06-18
9905,754161,5,2005-06-21
9905,1270695,4,2005-07-03
9905,117982,5,2005-10-05
9905,307979,5,2005-11-14
9905,2445470,4,2005-11-14
9905,1931937,5,2005-12-20
9905,1582294,3,2005-07-25
9905,288756,4,2005-08-05
9905,2308335,4,2005-08-22
9905,2603678,5,2004-09-07
9905,1104008,4,2004-08-18
9905,1938910,5,2004-09-18
9905,487445,3,2004-11-11
9905,1795561,4,2004-12-28
9905,1060966,4,2005-01-12
9905,691808,4,2005-01-25
9905,2087629,5,2005-03-21
9905,17189,4,2005-04-14
9905,1208353,5,2005-05-02
9905,1706818,2,2005-05-28
9905,2590795,4,2005-06-02
9905,875926,4,2005-06-03
9905,963663,5,2005-06-07
9905,242327,5,2005-06-08
9905,2588755,3,2005-06-13
9905,2147232,2,2005-09-25
9905,300891,3,2005-10-01
9905,1111522,3,2005-11-08
9905,1250802,3,2005-12-07
9905,1100691,5,2005-12-17
9905,2314610,5,2005-08-27
9905,295520,4,2004-07-18
9905,429260,4,2004-10-06
9905,1660348,3,2005-01-03
9905,1297023,4,2005-02-14
9905,301665,4,2005-05-15
9905,1643488,5,2005-06-01
9905,1043135,3,2005-06-13
9905,255229,5,2005-07-05
9905,1093796,3,2005-12-02
9905,2606263,3,2005-12-12
9905,1648657,3,2005-12-16
9905,1414884,1,2005-07-19
9905,1308286,5,2005-08-01
9905,1879156,3,2005-08-08
9905,1392942,5,2004-07-20
9905,2339675,4,2005-08-26
9905,2347632,4,2004-08-11
9905,2335010,4,2004-08-24
9905,2487127,1,2004-09-19
9905,258627,3,2004-12-14
9905,1829866,4,2004-12-22
9905,2120912,5,2005-01-28
9905,370622,4,2005-02-12
9905,780438,4,2005-04-06
9905,48600,4,2005-04-01
9905,941970,5,2005-05-03
9905,1717855,3,2005-06-28
9905,785112,5,2005-10-18
9905,1202879,5,2005-11-15
9905,2271249,5,2005-12-10
9905,1092131,4,2005-12-17
9905,1307998,3,2005-12-29
9905,2440833,3,2005-07-08
9905,718911,3,2005-08-05
9905,458143,5,2005-08-11
9905,1010765,3,2005-08-28
9905,1484284,4,2004-08-18
9905,1906611,4,2004-09-30
9905,1656176,4,2004-11-12
9905,340479,3,2004-12-20
9905,2584808,3,2004-12-28
9905,933895,5,2005-02-08
9905,857778,4,2005-02-11
9905,1379657,5,2005-04-06
9905,610973,3,2005-04-24
9905,739992,4,2005-05-06
9905,21364,1,2005-06-03
9905,859033,4,2005-06-04
9905,1469603,5,2005-10-01
9905,1391659,5,2005-10-11
9905,1705359,5,2005-10-22
9905,2253274,3,2005-10-27
9905,637515,2,2005-12-15
9905,778016,4,2005-08-16
9905,1321212,3,2005-08-19
9905,149291,3,2005-08-20
9905,2407493,5,2004-08-25
9905,1932594,3,2004-09-17
9905,379261,4,2004-09-20
9905,1794920,3,2004-11-30
9905,785992,4,2004-12-01
9905,191776,4,2004-12-08
9905,524402,3,2004-12-21
9905,525666,3,2005-03-06
9905,508480,3,2005-03-11
9905,13810,5,2005-04-02
9905,317429,4,2005-05-24
9905,492291,3,2005-07-05
9905,1837705,4,2005-09-22
9905,1457793,4,2005-10-07
9905,2461,4,2005-10-25
9905,1270270,3,2005-11-04
9905,1843141,5,2005-11-30
9905,2364410,3,2005-12-14
9905,1201551,5,2005-07-07
9905,705413,3,2005-07-31
9905,1939374,4,2005-08-03
9905,864269,4,2004-08-16
9905,1767320,3,2005-09-02
9905,1478117,4,2005-09-05
9905,183795,5,2004-10-10
9905,158607,4,2004-10-11
9905,1061195,4,2004-12-26
9905,345083,5,2004-12-29
9905,651527,4,2005-01-05
9905,879717,5,2005-01-10
9905,999452,5,2005-01-28
9905,741486,4,2005-04-19
9905,134182,3,2005-09-14
9905,2466304,5,2005-10-11
9905,2338389,4,2005-10-19
9905,495825,5,2005-10-28
9905,136455,3,2005-11-22
9905,1324830,5,2005-12-13
9905,1306378,4,2005-08-20
9905,491554,5,2004-09-20
9905,291830,5,2004-10-11
9905,1918987,3,2004-10-17
9905,1060658,4,2004-11-27
9905,2526705,4,2005-01-09
9905,650647,3,2005-02-13
9905,2071383,5,2005-02-15
9905,722585,4,2005-03-21
9905,1098655,4,2005-03-21
9905,275600,4,2005-05-27
9905,1415127,4,2005-06-06
9905,182875,4,2005-07-01
9905,1126211,5,2005-09-19
9905,1831664,4,2005-11-26
9905,2432714,5,2005-07-06
9905,1663694,4,2005-07-11
9905,1927251,5,2005-08-31
9905,1793417,3,2004-09-30
9905,229507,5,2004-11-12
9905,1663888,3,2004-11-19
9905,1257336,1,2004-11-30
9905,279073,5,2004-12-17
9905,2497515,2,2004-12-24
9905,632642,3,2005-01-19
9905,2350588,4,2005-02-02
9905,408645,3,2005-02-03
9905,974573,4,2005-02-09
9905,1812420,2,2005-02-11
9905,1391837,4,2005-04-29
9905,1960710,4,2005-05-01
9905,945209,5,2005-06-01
9905,1398256,3,2005-06-15
9905,159538,5,2005-06-22
9905,1456866,4,2005-09-05
9905,2156552,4,2005-09-29
9905,102881,3,2005-10-05
9905,2252191,5,2005-07-12
9905,1043805,2,2004-08-28
9905,1311067,5,2005-07-28
9905,646765,4,2005-08-02
9905,8388,3,2005-08-24
9905,1531591,3,2005-09-01
9905,1104620,4,2005-09-06
9905,1559741,5,2004-08-08
9905,27061,5,2004-07-25
9905,284111,3,2005-01-24
9905,409170,4,2005-02-23
9905,1460132,5,2005-03-06
9905,1737974,3,2005-04-21
9905,1461435,1,2005-04-29
9905,2429513,4,2005-05-15
9905,1100906,4,2005-05-16
9905,2198129,5,2005-09-18
9905,376704,2,2005-09-23
9905,1546371,4,2005-10-02
9905,364238,5,2005-10-06
9905,1519692,5,2005-11-07
9905,2540263,4,2005-11-30
9905,2621354,3,2005-12-15
9905,1256120,4,2005-07-27
9905,775308,4,2005-08-05
9905,2069442,1,2004-11-20
9905,1602153,4,2004-11-29
9905,1950312,4,2005-01-20
9905,248801,5,2005-03-17
9905,741630,5,2005-03-22
9905,2546294,4,2005-03-28
9905,1276711,3,2005-04-01
9905,1480209,3,2005-06-09
9905,539189,5,2005-06-26
9905,2449803,3,2005-11-25
9905,496251,4,2005-12-02
9905,1651438,4,2005-12-12
9905,900298,4,2005-12-22
9905,521315,4,2005-12-28
9905,1816306,4,2004-08-15
9905,1664980,4,2005-07-08
9905,1377065,2,2005-08-01
9905,1319269,4,2004-08-22
9905,1708823,3,2004-08-17
9905,935922,5,2004-08-22
9905,574947,4,2004-10-13
9905,970282,4,2005-01-05
9905,2554625,3,2005-02-15
9905,1826552,4,2005-03-28
9905,124924,4,2005-06-29
9905,2311867,4,2005-09-17
9905,2046138,5,2005-09-27
9905,2287964,5,2005-10-26
9905,2043132,5,2005-12-19
9905,1037245,3,2005-12-23
9905,1780156,3,2005-07-22
9905,94668,3,2005-07-25
9905,1981464,3,2005-07-28
9905,2405506,5,2005-07-29
9905,286112,3,2005-08-11
9905,543186,4,2005-08-20
9905,429565,4,2005-08-23
9905,2136912,4,2005-08-29
9905,1872980,3,2004-08-29
9905,409485,5,2004-11-12
9905,1246924,5,2004-11-23
9905,708157,3,2005-01-12
9905,776411,3,2005-01-25
9905,1116050,5,2005-02-02
9905,13277,5,2005-02-18
9905,512369,4,2005-02-23
9905,2186235,4,2005-03-02
9905,123836,4,2005-05-15
9905,1806931,4,2005-05-19
9905,2116966,3,2005-05-25
9905,1262490,4,2005-09-30
9905,2640757,3,2005-10-10
9905,2079550,4,2005-10-21
9905,1506477,4,2005-10-24
9905,2295235,4,2005-08-18
9905,267231,3,2004-09-08
9905,837774,3,2005-09-02
9905,2548453,5,2004-09-16
9905,2330786,4,2004-10-04
9905,1056238,2,2004-10-05
9905,1820144,3,2004-12-23
9905,1951225,3,2005-02-04
9905,812593,4,2005-04-06
9905,2588222,3,2005-05-24
9905,2077664,4,2005-06-17
9905,2019776,4,2005-06-27
9905,2180205,5,2005-09-07
9905,2371670,4,2005-10-17
9905,520423,3,2005-11-30
9905,1491531,1,2005-12-16
9905,721267,1,2005-12-17
9905,1515355,3,2004-09-09
9905,349740,3,2005-09-05
9905,1279360,3,2004-08-18
9905,1281882,3,2004-08-25
9905,628112,4,2004-09-10
9905,1360090,4,2004-10-12
9905,2597642,4,2004-10-14
9905,2428743,1,2004-10-23
9905,2460538,5,2004-11-15
9905,359960,3,2004-12-10
9905,1843626,3,2005-01-19
9905,134784,4,2005-03-16
9905,67134,3,2005-04-11
9905,416074,3,2005-09-10
9905,1763432,2,2005-09-15
9905,2270503,5,2005-10-07
9905,169670,5,2005-10-24
9905,2328310,5,2005-12-04
9905,13090,4,2005-07-09
9905,188827,4,2005-07-19
9905,2339135,3,2005-08-22
9905,1659075,2,2005-09-02
9905,295181,5,2004-07-27
9905,2093105,3,2004-12-01
9905,973588,2,2005-01-02
9905,1266755,4,2005-01-25
9905,51485,3,2005-01-31
9905,839477,4,2005-02-24
9905,2321565,4,2005-03-18
9905,458076,3,2005-04-21
9905,2254256,5,2005-04-30
9905,1542935,5,2005-10-10
9905,722983,5,2005-11-20
9905,408169,3,2005-11-23
9905,618847,5,2005-12-14
9905,692235,4,2005-07-31
9905,1962678,5,2005-08-04
9905,1025888,4,2004-08-30
9905,535510,1,2005-08-16
9905,2413272,3,2005-08-22
9905,998236,4,2004-08-18
9905,543526,4,2004-10-12
9905,918735,5,2004-11-15
9905,1834394,5,2004-11-30
9905,2143500,3,2004-12-14
9905,1318995,4,2004-12-21
9905,642551,3,2005-01-04
9905,1127691,4,2005-01-06
9905,2020805,5,2005-02-17
9905,1915014,5,2005-04-15
9905,673279,5,2005-05-10
9905,662049,4,2005-06-18
9905,1053396,5,2005-10-13
9905,1336216,3,2005-10-24
9905,670464,5,2005-07-29
9905,2130144,4,2005-09-02
9905,2108626,3,2005-09-02
9905,1622890,5,2004-09-30
9905,1033930,3,2004-10-11
9905,2620610,3,2005-03-21
9905,988217,5,2005-03-23
9905,911122,4,2005-03-25
9905,1552015,3,2005-03-28
9905,712609,3,2005-04-18
9905,461227,4,2005-04-30
9905,2328221,3,2005-05-12
9905,1863844,4,2005-05-13
9905,1192211,2,2005-05-25
9905,1364103,1,2005-05-30
9905,903666,4,2005-06-09
9905,1376053,2,2005-09-28
9905,1602274,5,2005-10-05
9905,1243018,3,2005-11-16
9905,691272,5,2005-11-19
9905,551489,2,2005-11-20
9905,2110645,5,2004-08-18
9905,266289,4,2005-07-19
9905,1545694,5,2005-07-28
9905,2274652,5,2005-01-07
9905,682561,2,2005-03-25
9905,2252227,4,2005-05-03
9905,2229994,3,2005-05-23
9905,1260669,5,2005-05-26
9905,1526536,3,2005-06-02
9905,1981972,1,2005-06-10
9905,924922,3,2005-06-14
9905,759729,4,2005-09-13
9905,2200071,3,2005-10-02
9905,591207,3,2005-10-28
9905,2295321,5,2005-11-23
9905,2622183,4,2004-09-15
9905,1995580,4,2004-09-07
9905,1306084,5,2005-08-01
9905,820600,4,2004-09-19
9905,389082,5,2004-09-30
9905,1011503,5,2004-10-04
9905,2402882,4,2005-02-11
9905,2621962,2,2005-04-01
9905,296319,4,2005-04-06
9905,2312614,5,2005-04-10
9905,173152,4,2005-05-09
9905,1816485,3,2005-06-14
9905,1112998,4,2005-09-11
9905,991508,3,2005-10-18
9905,2589448,4,2005-11-09
9905,1367218,4,2005-07-05
9905,2294667,4,2005-07-05
9905,112549,4,2005-08-01
9905,2538157,3,2005-08-07
9905,342214,4,2005-08-19
9905,2638183,5,2005-08-26
9905,1175692,5,2005-08-31
9905,1959417,4,2004-08-25
9905,389427,5,2005-01-02
9905,1567792,5,2005-05-13
9905,803754,3,2005-05-15
9905,2587940,4,2005-05-16
9905,97839,4,2005-05-19
9905,135997,2,2005-09-09
9905,828455,5,2005-10-04
9905,2058323,3,2005-11-10
9905,1789683,4,2005-11-30
9905,2320387,2,2005-12-19
9905,2029858,4,2005-07-31
9905,2217941,5,2004-08-12
9905,1134296,3,2004-09-22
9905,765279,4,2004-10-13
9905,1605124,3,2004-12-11
9905,486798,4,2004-12-14
9905,1707198,3,2005-04-18
9905,153392,4,2005-05-11
9905,2073912,4,2005-05-19
9905,930837,2,2005-06-23
9905,720350,4,2005-06-26
9905,206091,5,2005-06-27
9905,1228568,4,2005-10-10
9905,1058930,5,2005-10-18
9905,2091247,4,2005-11-15
9905,2011398,4,2005-11-29
9905,609891,3,2005-12-08
9905,2566355,3,2005-07-20
9905,1715973,3,2005-08-08
9905,210595,5,2005-08-24
9905,1612901,3,2005-09-05
9905,2597161,4,2005-09-06
9905,610024,4,2004-10-27
9905,440398,3,2005-01-25
9905,529267,3,2005-02-07
9905,1612196,4,2005-03-21
9905,1486956,3,2005-03-26
9905,287566,5,2005-06-29
9905,2642382,3,2005-10-03
9905,1787827,4,2005-10-09
9905,1254683,3,2005-10-25
9905,1119665,4,2004-10-05
9905,342551,4,2004-10-14
9905,239740,4,2004-11-08
9905,1836723,5,2004-12-23
9905,1317056,1,2005-01-19
9905,272746,3,2005-01-19
9905,983534,5,2005-01-20
9905,900925,5,2005-01-20
9905,956401,3,2005-03-08
9905,1475221,3,2005-04-16
9905,1257454,2,2005-05-07
9905,32754,3,2005-05-31
9905,2479631,5,2005-06-21
9905,2113542,3,2005-10-07
9905,1299425,4,2005-10-22
9905,178388,3,2005-10-31
9905,912687,5,2005-11-26
9905,66081,4,2005-12-04
9905,61799,5,2005-07-05
9905,644429,3,2005-08-23
9905,1933961,5,2004-12-13
9905,1401922,3,2005-01-24
9905,2251258,5,2005-03-16
9905,856875,4,2005-04-03
9905,2281754,3,2005-04-18
9905,1240865,4,2005-06-08
9905,1516044,1,2005-06-24
9905,187848,4,2005-11-08
9905,376277,3,2005-07-14
9905,2371884,4,2005-08-04
9905,2180274,4,2004-10-23
9905,334701,4,2005-01-13
9905,1199212,3,2005-02-02
9905,491733,5,2005-04-18
9905,1163702,4,2005-04-19
9905,2406002,3,2005-06-01
9905,323796,3,2005-06-18
9905,325671,5,2005-06-22
9905,1328999,3,2005-09-28
9905,978104,3,2005-09-28
9905,751762,3,2005-10-05
9905,330526,5,2005-10-16
9905,429221,4,2005-10-21
9905,1862146,3,2005-11-04
9905,2376299,4,2005-12-06
9905,585986,4,2005-12-26
9905,862011,5,2005-12-30
9905,1145387,5,2005-07-08
9905,892029,5,2005-07-15
9905,1309043,5,2005-07-16
9905,312695,3,2005-07-28
9905,237263,2,2004-09-19
9905,1982572,1,2004-10-19
9905,1150125,3,2004-12-23
9905,1110316,3,2005-01-03
9905,2460130,4,2005-06-22
9905,1456579,5,2005-07-04
9905,1922435,3,2005-09-07
9905,2387740,4,2005-10-11
9905,54226,5,2005-10-24
9905,508534,1,2005-11-27
9905,807892,3,2005-12-28
9905,583086,5,2005-08-02
9905,2076631,3,2004-08-27
9905,29815,4,2005-08-25
9905,386313,5,2005-08-30
9905,1848593,5,2004-10-03
9905,1444177,4,2004-10-15
9905,1165010,3,2004-12-09
9905,2054172,4,2004-12-28
9905,463962,4,2005-04-28
9905,769015,4,2005-07-02
9905,800336,4,2005-10-04
9905,1676293,5,2005-11-22
9905,2142868,3,2005-08-03
9905,262410,3,2005-08-18
9905,1631513,3,2005-08-22
9905,2344229,3,2004-09-30
9905,2096807,3,2004-10-28
9905,2265021,3,2004-11-07
9905,2344457,3,2004-12-19
9905,447377,4,2005-03-12
9905,773906,4,2005-03-21
9905,1248712,4,2005-04-08
9905,1933317,4,2005-04-09
9905,522221,3,2005-04-28
9905,2495256,4,2005-05-03
9905,1557013,5,2005-05-06
9905,2521955,5,2005-05-24
9905,1307902,3,2005-09-09
9905,454329,3,2005-09-11
9905,1113485,1,2005-10-26
9905,2054954,3,2004-12-05
9905,1329100,4,2004-09-23
9905,1723582,4,2004-10-25
9905,1578122,5,2004-12-10
9905,1621025,3,2005-01-25
9905,2237988,3,2005-02-12
9905,745604,4,2005-02-25
9905,1645377,3,2005-05-11
9905,452299,4,2005-05-18
9905,441919,4,2005-05-24
9905,401624,4,2005-05-27
9905,610780,3,2005-06-21
9905,112790,4,2005-07-04
9905,2304078,4,2005-09-08
9905,1424741,2,2005-09-11
9905,397753,5,2005-10-23
9905,924510,3,2005-07-11
9905,2648853,3,2005-07-20
9905,539054,3,2004-09-21
9905,1300759,3,2004-09-21
9905,1555081,5,2004-12-16
9905,2634967,1,2005-01-10
9905,1446418,5,2005-02-24
9905,1112879,4,2005-02-26
9905,582114,3,2005-03-02
9905,1259374,4,2005-04-26
9905,917160,3,2005-05-17
9905,1658491,4,2005-07-02
9905,2311741,3,2005-09-20
9905,675886,3,2005-10-29
9905,2550924,5,2005-11-08
9905,959079,5,2005-11-15
9905,326352,5,2005-11-19
9905,132890,4,2005-07-07
9905,491907,4,2005-07-27
9905,863782,4,2005-08-25
9905,2507828,4,2004-08-30
9905,352258,5,2004-10-04
9905,2513621,5,2004-10-12
9905,4983,4,2004-11-12
9905,1434507,4,2004-12-13
9905,2047285,1,2005-01-29
9905,2150869,4,2005-02-27
9905,1313368,1,2005-06-18
9905,633738,3,2005-11-15
