1835,497196,2,2005-08-09
1835,1602873,3,2005-02-02
1835,2454205,3,2005-04-16
1835,2162012,3,2005-10-13
1835,2625420,2,2004-12-07
1835,1327944,2,2005-02-26
1835,324026,4,2004-11-11
1835,2581477,3,2005-01-25
1835,929308,2,2005-10-30
1835,1189269,5,2005-02-05
1835,451464,3,2004-11-10
1835,234798,2,2005-05-25
1835,581570,3,2005-04-10
1835,74188,3,2005-07-13
1835,147653,4,2005-04-27
1835,2191732,1,2004-11-08
1835,2170930,1,2005-06-19
1835,1477265,1,2005-08-17
1835,1314869,3,2004-11-29
1835,1261084,3,2005-03-14
1835,2613185,3,2004-11-14
1835,2439493,1,2004-11-22
1835,391325,4,2004-11-04
1835,2461289,4,2005-05-31
1835,410078,4,2005-12-10
1835,1596531,3,2005-01-06
1835,1440281,4,2004-12-23
1835,641141,4,2005-09-03
1835,596255,1,2005-10-10
1835,200235,3,2004-11-18
1835,2622098,3,2005-11-02
1835,2155214,3,2005-01-20
1835,775839,2,2005-02-27
1835,2330864,1,2005-09-14
1835,2142536,2,2005-04-02
1835,1086084,4,2005-08-25
1835,675655,3,2004-11-04
1835,2461307,1,2005-06-16
1835,1664010,3,2005-10-12
1835,1252307,4,2004-11-16
1835,887930,4,2005-01-23
1835,2224084,3,2004-12-31
1835,1466977,3,2005-02-09
1835,905537,3,2005-01-23
1835,286684,2,2005-01-19
1835,318409,2,2005-02-12
1835,2448527,4,2005-07-28
1835,1600259,1,2005-01-31
1835,1415546,4,2005-03-17
1835,767818,5,2005-05-08
1835,1663820,3,2005-05-14
1835,644116,2,2005-03-21
1835,2010849,4,2005-09-28
1835,2358429,3,2004-12-30
1835,1742617,4,2005-04-15
1835,1483249,3,2004-11-03
1835,2484715,2,2004-12-06
1835,2016030,1,2005-04-21
1835,327419,4,2005-03-29
1835,475881,3,2005-04-25
1835,2348035,3,2005-11-10
1835,2128735,4,2005-07-15
1835,305344,1,2004-11-06
1835,1159683,3,2004-11-04
1835,2048620,3,2004-11-09
1835,2483353,4,2004-12-06
1835,251059,3,2005-08-28
1835,1817117,2,2005-09-20
1835,2257794,3,2005-10-15
1835,2614562,3,2005-05-09
1835,1948063,4,2005-04-08
1835,1631617,2,2005-06-18
1835,1607389,3,2005-10-13
1835,1550664,1,2005-03-23
1835,2044634,3,2004-11-03
1835,1252769,3,2005-02-17
1835,1831014,4,2005-05-08
1835,2118461,3,2005-12-22
1835,387418,1,2004-11-14
1835,1007098,4,2005-04-06
1835,1988633,4,2005-02-24
1835,1114324,1,2005-06-24
1835,2520933,4,2005-11-20
1835,2073793,2,2004-11-14
1835,514639,3,2004-12-29
1835,1932594,1,2005-01-20
1835,1098048,5,2005-07-25
1835,680004,2,2004-11-08
1835,295138,1,2005-11-09
1835,1303581,2,2005-04-27
1835,1083336,5,2004-11-29
1835,1184587,2,2004-11-15
1835,1851268,1,2004-12-28
1835,1083507,3,2005-02-11
1835,847611,5,2005-07-17
1835,1294714,3,2005-01-04
1835,2219643,2,2005-05-03
1835,128450,2,2005-06-16
