6178,783883,3,2003-10-14
6178,39956,5,2004-04-19
6178,2311810,4,2004-02-07
6178,124105,5,2004-10-28
6178,1076353,5,2005-09-27
6178,2442,4,2004-05-27
6178,1281657,4,2004-07-12
6178,1116883,4,2004-11-05
6178,1080361,5,2005-03-04
6178,2537740,4,2005-05-19
6178,693964,4,2003-11-05
6178,2430360,5,2005-06-14
6178,786312,3,2004-11-22
6178,897692,5,2005-01-19
6178,331394,4,2005-09-07
6178,2330798,3,2004-02-16
6178,1009622,1,2005-01-19
6178,1318562,3,2005-04-08
6178,2624477,3,2005-09-20
6178,30581,5,2004-08-22
6178,155342,1,2003-03-30
6178,381231,2,2004-05-31
6178,788336,5,2005-05-28
6178,784378,4,2005-07-25
6178,2215923,2,2003-11-27
6178,30978,3,2004-09-01
6178,2036610,3,2004-05-03
6178,1930102,5,2005-02-05
6178,1493697,3,2005-11-01
6178,880166,5,2005-07-21
6178,1567202,3,2003-09-17
6178,2445872,3,2005-01-02
6178,1196100,3,2004-10-30
6178,314933,3,2005-05-28
6178,572570,5,2004-01-11
6178,914599,4,2002-11-16
6178,1498815,4,2004-12-16
6178,2381405,3,2005-09-13
6178,180221,4,2004-08-12
6178,2439493,1,2003-01-26
6178,1093041,4,2005-06-16
6178,2455164,4,2003-08-20
6178,1330073,5,2005-06-14
6178,2489863,3,2003-12-09
6178,1258038,4,2004-07-30
6178,1169296,3,2004-10-01
6178,1397103,5,2004-07-16
6178,421374,5,2003-10-02
6178,615092,4,2005-09-23
6178,2417074,3,2004-10-31
6178,2078223,5,2005-02-18
6178,1799734,4,2005-10-19
6178,2162676,3,2005-08-25
6178,1809325,3,2005-03-27
6178,2621771,3,2003-04-10
6178,2393574,4,2004-03-21
6178,2040859,1,2004-11-23
6178,2035595,3,2004-07-08
6178,2360874,4,2003-11-24
6178,2084501,5,2004-12-22
6178,664946,4,2003-08-18
6178,1903324,3,2004-03-10
6178,1755729,4,2004-11-05
6178,2640999,1,2005-10-24
6178,299476,5,2005-08-11
6178,961569,4,2005-02-08
6178,2285487,5,2005-04-25
6178,370824,3,2003-09-09
6178,2457095,1,2004-11-01
6178,1876520,1,2002-09-26
6178,1374216,1,2005-09-25
6178,1477571,4,2005-02-11
6178,600982,5,2005-03-23
6178,2448341,5,2004-03-22
6178,2189299,5,2003-10-18
6178,1395684,4,2003-10-28
6178,184705,3,2004-11-18
6178,991423,2,2005-02-07
6178,600986,3,2005-10-21
6178,881671,4,2004-04-30
6178,1647244,4,2005-08-26
6178,2632868,4,2004-04-06
6178,1241201,5,2005-09-06
6178,1664010,4,2005-10-13
6178,2295307,3,2005-08-14
6178,1190302,3,2003-11-13
6178,2408663,4,2005-11-25
6178,806267,4,2005-11-28
6178,778780,5,2004-05-19
6178,1227538,4,2003-12-23
6178,1619879,3,2005-05-08
6178,306640,3,2004-03-30
6178,767267,4,2005-05-27
6178,2566931,4,2004-05-24
6178,243612,2,2003-08-17
6178,184415,2,2003-07-25
6178,122197,1,2005-03-09
6178,1213511,3,2005-07-27
6178,571014,4,2005-01-04
6178,948322,2,2005-05-29
6178,603878,4,2004-08-17
6178,2108619,3,2005-07-25
6178,105110,5,2005-06-08
6178,2453039,5,2005-03-20
6178,381563,4,2005-03-23
6178,1328763,4,2003-09-06
6178,778092,3,2005-10-31
6178,2196423,3,2004-04-29
6178,2256485,1,2004-11-09
6178,798296,2,2003-01-07
6178,1037634,4,2004-12-21
6178,1565319,4,2005-03-07
6178,1658566,4,2005-08-19
6178,729150,3,2005-06-05
6178,109530,4,2005-05-17
6178,305344,2,2003-05-17
6178,2274584,4,2005-04-23
6178,2538506,4,2005-09-13
6178,2085391,4,2005-08-09
6178,1817481,4,2004-05-08
6178,1332509,4,2004-06-13
6178,1663536,5,2005-09-03
6178,724008,4,2005-12-27
6178,2270767,3,2003-07-09
6178,1295074,3,2004-01-14
6178,21722,5,2005-01-10
6178,1152642,3,2004-03-29
6178,2543190,5,2005-06-17
6178,876573,4,2005-09-02
6178,2084755,5,2005-03-16
6178,1517355,4,2004-11-24
6178,1424438,5,2004-01-22
6178,1063699,4,2004-03-30
6178,1420308,3,2005-12-05
6178,1963869,3,2004-07-10
6178,1583673,4,2003-05-28
6178,2636126,2,2003-10-28
6178,939574,5,2004-03-07
6178,1565175,5,2004-08-10
6178,1624976,3,2004-10-26
6178,402266,3,2004-10-16
6178,173554,4,2005-11-21
6178,2085560,3,2004-06-16
6178,904156,3,2005-02-16
6178,642135,5,2005-02-07
6178,1256045,4,2004-09-08
6178,379136,3,2004-07-01
6178,1396820,4,2003-09-12
6178,969710,3,2002-11-13
6178,54942,4,2004-10-12
6178,1255549,4,2005-10-05
6178,233076,5,2004-08-04
6178,1221408,3,2004-05-11
6178,2395763,4,2005-07-16
6178,136106,4,2005-07-01
6178,555316,3,2004-11-17
6178,2118461,4,2005-12-20
6178,909558,4,2005-07-18
6178,758414,3,2005-03-11
6178,387418,3,2003-09-09
6178,2209666,4,2004-05-22
6178,1860165,3,2004-08-10
6178,1274780,4,2005-02-18
6178,2496188,4,2004-11-10
6178,2418467,5,2005-03-16
6178,1486829,5,2005-10-20
6178,2323976,2,2003-11-12
6178,2492030,4,2005-04-13
6178,354178,3,2004-12-08
6178,242874,4,2005-10-28
6178,151763,5,2003-12-19
6178,1792460,5,2005-06-28
6178,745031,4,2005-07-27
6178,1743682,5,2003-09-30
6178,25066,4,2004-11-15
6178,1639792,1,2002-08-31
6178,1364481,5,2004-05-13
6178,712209,5,2005-05-02
6178,544415,5,2004-03-01
6178,1878798,5,2005-06-10
6178,1113323,5,2005-02-19
6178,1331824,3,2004-08-24
6178,2026155,5,2005-01-19
6178,2398862,5,2004-08-25
6178,1563443,3,2005-04-09
6178,824343,3,2005-04-27
6178,1102559,3,2005-10-24
6178,454540,3,2004-02-19
6178,2350291,3,2004-12-31
6178,824691,3,2005-06-28
6178,1550216,2,2003-12-22
6178,385287,5,2005-06-16
6178,2496353,4,2005-09-19
6178,495284,5,2004-06-03
6178,209746,3,2005-06-21
6178,1996084,5,2003-11-24
