7943,1624421,2,2003-08-04
7943,1332360,3,2004-04-07
7943,862759,5,2004-03-27
7943,2625420,2,2005-03-17
7943,2575490,3,2002-01-13
7943,2295507,2,2005-09-01
7943,233679,4,2003-06-02
7943,1557175,3,2001-09-20
7943,2409940,4,2004-08-16
7943,2067044,5,2004-01-13
7943,1037533,2,2005-03-04
7943,802617,3,2001-07-04
7943,1167128,5,2005-10-08
7943,824828,1,2002-07-11
7943,2319785,3,2005-08-02
7943,1737484,4,2004-07-22
7943,235952,3,2002-12-31
7943,1063645,3,2004-03-02
7943,1809808,3,2001-08-21
7943,1046137,4,2004-05-11
7943,204439,3,2001-04-09
7943,585590,5,2003-07-03
7943,1061110,2,2001-09-09
7943,1609675,3,2003-11-18
7943,49585,2,2003-03-05
7943,601976,3,2004-12-08
7943,1477874,3,2004-09-14
7943,953075,3,2005-02-07
7943,1746123,4,2005-11-02
7943,1314869,3,2004-05-24
7943,1792741,3,2004-10-25
7943,6154,4,2005-02-14
7943,1387000,5,2004-12-28
7943,230019,3,2003-09-29
7943,1304280,3,2005-11-02
7943,2062350,1,2003-06-16
7943,2439493,1,2003-04-22
7943,75057,5,2004-08-13
7943,230485,3,2005-06-21
7943,1169296,4,2004-02-20
7943,892786,3,2004-06-28
7943,783204,4,2004-08-17
7943,420526,3,2005-03-11
7943,255836,2,2005-09-26
7943,1510455,5,2003-07-14
7943,2505425,5,2003-04-01
7943,1860809,4,2003-12-29
7943,645965,5,2004-12-24
7943,2608765,2,2003-10-09
7943,1628871,3,2004-05-19
7943,2291845,1,2002-07-04
7943,709733,3,2004-10-08
7943,772745,3,2005-01-02
7943,1628442,5,2004-02-27
7943,698217,4,2002-11-14
7943,885931,3,2004-03-11
7943,2332750,4,2004-09-12
7943,1952604,2,2003-08-11
7943,2234938,4,2005-07-08
7943,769702,3,2005-02-26
7943,1243711,2,2002-10-19
7943,1212887,3,2000-02-07
7943,1338905,1,2005-06-12
7943,1716339,2,2004-02-27
7943,2515313,3,2004-02-14
7943,2457095,2,2004-11-01
7943,2486316,3,2005-04-26
7943,1753298,4,2005-11-11
7943,500738,2,2001-09-21
7943,1374216,1,2005-10-10
7943,1428517,3,2004-04-30
7943,1179034,3,2005-09-19
7943,2429730,5,2004-04-06
7943,1157088,2,2004-06-19
7943,925313,3,2001-12-06
7943,1445221,4,2004-10-27
7943,928182,3,2004-11-01
7943,58490,4,2003-12-24
7943,749164,3,2004-10-19
7943,386509,5,2004-11-10
7943,838364,5,2004-05-30
7943,926732,5,2003-11-16
7943,2147714,4,2002-11-24
7943,878405,3,2003-07-14
7943,1277590,2,2004-10-06
7943,1454950,4,2003-03-28
7943,2535504,5,2005-08-20
7943,2183290,4,2004-09-26
7943,2083367,3,2002-10-29
7943,1819620,5,2004-09-01
7943,1119695,3,2005-12-27
7943,1737765,2,2003-10-06
7943,1958584,3,2000-03-31
7943,1691072,5,2004-08-19
7943,2165339,3,2003-12-09
7943,2193009,4,2005-05-04
7943,1009937,5,2004-05-24
7943,456110,3,2004-08-11
7943,1304156,3,2002-02-27
7943,1443549,3,2003-10-14
7943,1158194,3,2004-05-24
7943,1417430,3,2004-12-24
7943,2226203,1,2005-08-16
7943,2514777,2,2004-08-10
7943,87817,4,2003-06-17
7943,1298511,2,2003-07-09
7943,1838186,4,2004-09-14
7943,586316,4,2004-04-20
7943,369788,2,2004-06-18
7943,573400,3,2004-05-19
7943,2544830,1,2005-08-30
7943,2214502,5,2002-02-27
7943,103845,3,2005-11-05
7943,71594,2,2002-01-15
7943,2291306,1,2004-02-19
7943,1585636,5,2004-09-17
7943,2420683,3,2005-06-20
7943,1669788,3,2005-06-24
7943,1895781,3,2002-08-09
7943,2269726,4,2003-10-14
7943,1198344,3,2005-04-14
7943,1580581,3,2003-11-04
7943,2507614,4,2005-08-05
7943,15892,4,2004-06-10
7943,463627,4,2003-10-02
7943,2092659,4,2005-10-03
7943,2185896,3,2003-06-24
7943,2256485,1,2004-08-16
7943,1544147,3,2005-01-19
7943,1288321,1,2005-07-20
7943,2303876,3,2004-03-24
7943,789014,3,2002-11-28
7943,2190898,4,2004-10-15
7943,1005753,4,2005-04-18
7943,1715755,3,2003-12-20
7943,2572639,3,2005-10-10
7943,259349,2,2003-05-27
7943,557252,4,2003-03-24
7943,305344,5,2003-05-22
7943,1827010,4,2005-07-26
7943,1658158,4,2005-06-01
7943,1327795,3,2003-12-18
7943,731198,4,2005-06-21
7943,219756,5,2003-05-27
7943,1013959,2,2005-08-13
7943,530437,2,2003-11-07
7943,2464081,5,2004-05-23
7943,2545332,5,2005-09-01
7943,1439028,4,2004-06-03
7943,816037,3,2004-05-16
7943,607862,4,2004-04-24
7943,1946584,3,2005-06-13
7943,1123449,3,2003-11-23
7943,269856,3,2005-10-27
7943,115589,3,2002-08-08
7943,1149839,3,2004-10-21
7943,665588,3,2004-02-02
7943,2526533,3,2005-05-18
7943,2598658,3,2005-06-16
7943,2105772,3,2004-08-10
7943,1535282,3,2005-10-18
7943,1070671,3,2003-01-21
7943,2300201,4,2005-09-22
7943,293906,3,2003-12-27
7943,625067,3,2001-12-27
7943,757491,5,2005-05-16
7943,1934459,3,2005-07-17
7943,748353,4,2004-08-30
7943,825448,5,2004-12-04
7943,183659,4,2005-02-13
7943,2170750,3,2005-02-28
7943,387418,2,2003-11-12
7943,1604867,3,2004-02-08
7943,532515,3,2005-11-10
7943,1335750,5,2004-02-04
7943,398239,5,2005-02-18
7943,370622,3,2005-08-08
7943,2560026,5,2005-10-28
7943,1789747,3,2000-03-04
7943,892055,4,2003-08-12
7943,1261802,3,2002-05-11
7943,683661,3,2002-07-07
7943,2572516,4,2005-08-28
7943,869302,1,2001-07-10
7943,1461435,1,2002-01-21
7943,2359163,4,2003-10-29
7943,1936934,4,2005-01-27
7943,960561,4,2003-11-20
7943,2614684,1,2004-11-26
7943,1588949,4,2002-05-05
7943,1639792,1,2002-08-20
7943,765265,3,2005-08-26
7943,1181471,2,2005-08-17
7943,253154,3,2005-08-27
7943,1703997,4,2004-09-28
7943,844356,5,2005-02-23
7943,2263536,2,2005-10-06
7943,2304992,4,2003-11-11
7943,1727593,4,2003-02-13
7943,1483160,3,2002-11-13
7943,512359,3,2004-10-27
7943,737403,4,2001-01-12
7943,1852040,1,2004-05-09
7943,923728,3,2003-10-09
7943,644233,5,2005-08-08
7943,2340456,4,2005-06-22
7943,1592086,5,2002-03-07
7943,635870,5,2004-09-15
7943,673426,3,2004-03-23
7943,500675,4,2005-10-06
7943,2289751,4,2003-05-14
7943,2638869,3,2004-09-21
7943,247451,3,2005-09-19
7943,2049005,3,2004-04-20
7943,2363301,3,2002-01-18
