7275,716091,4,2001-12-12
7275,1990901,5,2003-03-03
7275,1402412,2,2001-10-17
7275,306466,3,2001-07-15
7275,1524454,5,2005-07-13
7275,1728723,5,2001-06-29
7275,1844276,2,2003-03-19
7275,1712147,3,2002-08-24
7275,1114348,5,2004-03-16
7275,176006,4,2002-10-26
7275,1583391,2,2005-08-01
7275,1744889,4,2002-09-13
7275,273292,2,2004-04-06
7275,823358,2,2005-08-29
7275,1042853,4,2004-09-06
7275,979767,3,2003-11-04
7275,1379923,4,2004-04-10
7275,1768932,4,2004-01-07
7275,2330282,2,2004-08-23
7275,1989800,4,2004-08-16
7275,802657,2,2004-10-04
7275,1109948,2,2004-11-17
7275,117277,4,2004-12-21
7275,2566821,4,2005-01-25
7275,1428688,4,2005-06-23
7275,2387130,3,2005-10-18
7275,573364,3,2005-11-23
7275,861088,3,2002-02-02
7275,1260731,3,2000-11-03
7275,2006624,2,2002-04-08
7275,1438855,5,2004-07-14
7275,568620,4,2005-07-26
7275,1301830,2,2002-06-28
7275,166595,4,2002-06-01
7275,1159785,4,2002-07-29
7275,1435803,4,2003-08-04
7275,1934980,3,2002-10-29
7275,290706,3,2004-09-14
7275,484339,3,2005-01-04
7275,116582,4,2005-10-09
7275,837413,2,2005-10-10
7275,2557615,4,2005-11-04
7275,556596,5,2005-07-08
7275,15191,2,2002-08-30
7275,1859725,2,2002-11-13
7275,76196,1,2001-12-19
7275,1435515,1,2003-03-04
7275,2384779,4,2002-01-12
7275,2256992,4,2003-05-19
7275,2298339,4,2002-07-07
7275,2339348,4,2002-04-01
7275,2161899,3,2003-03-14
7275,1501766,2,2004-01-26
7275,2625420,2,2004-01-23
7275,1242087,3,2004-06-16
7275,2340465,3,2003-11-05
7275,1958593,4,2004-01-28
7275,680576,5,2004-05-17
7275,2138987,3,2004-02-24
7275,1212752,5,2004-12-06
7275,1193724,3,2005-02-10
7275,754935,3,2001-02-08
7275,1235157,4,2001-07-18
7275,771321,2,2002-06-22
7275,666299,4,2001-09-13
7275,2637831,3,2002-06-28
7275,1854303,1,2002-05-08
7275,2345031,5,2004-01-22
7275,2151618,3,2003-03-04
7275,1620735,5,2002-10-29
7275,2312349,3,2004-07-14
7275,1093275,4,2003-11-10
7275,1053801,3,2004-07-27
7275,2479509,3,2004-04-12
7275,2213550,2,2004-08-12
7275,818736,2,2004-05-26
7275,1172252,4,2004-05-07
7275,2610157,2,2004-10-27
7275,1854947,3,2005-01-12
7275,900357,2,2005-02-02
7275,223961,2,2005-05-10
7275,2547935,3,2002-09-06
7275,1565948,3,2005-07-11
7275,2012897,5,2002-02-03
7275,681230,2,2003-05-28
7275,2242958,3,2001-03-25
7275,349975,1,2003-09-25
7275,122188,3,2002-02-25
7275,21983,4,2002-08-07
7275,929262,3,2002-03-21
7275,906509,4,2005-11-28
7275,1489512,2,2002-05-28
7275,1929962,2,2002-10-10
7275,2463079,5,2003-12-13
7275,740967,3,2005-08-21
7275,1286051,4,2004-09-08
7275,168934,3,2005-02-23
7275,2280025,2,2005-09-14
7275,1084149,4,2005-09-15
7275,480921,5,2005-07-13
7275,2559450,3,2001-01-17
7275,1721359,2,2002-12-10
7275,1507261,2,2002-09-07
7275,17184,3,2003-06-09
7275,598993,4,2004-07-07
7275,1113647,4,2004-06-27
7275,710534,5,2004-08-09
7275,1716005,2,2004-06-11
7275,1835515,3,2004-06-19
7275,355920,3,2004-08-19
7275,1026645,5,2004-09-26
7275,556103,3,2005-03-01
7275,1826450,5,2005-03-25
7275,2169157,3,2005-06-27
7275,319119,3,2005-09-11
7275,396567,1,2002-02-12
7275,2291946,2,2000-12-01
7275,133060,1,2002-10-19
7275,170789,2,2001-07-28
7275,1761255,5,2003-01-15
7275,2543231,3,2005-07-29
7275,191378,3,2002-07-04
7275,2309792,4,2003-01-19
7275,1478381,3,2003-10-01
7275,1954125,4,2003-04-15
7275,2489657,3,2003-09-04
7275,1615997,4,2004-07-13
7275,131873,2,2003-12-14
7275,1985755,5,2004-05-30
7275,1202898,2,2004-11-08
7275,2443756,4,2005-01-19
7275,266808,4,2005-02-15
7275,2383405,3,2005-03-28
7275,341850,3,2005-09-11
7275,2415204,2,2005-10-31
7275,965993,1,2001-06-30
7275,1541892,3,2000-12-29
7275,2268573,2,2001-02-10
7275,2443940,1,2002-04-02
7275,2195371,3,2001-05-01
7275,1228286,3,2002-02-04
7275,262411,4,2003-10-30
7275,539919,2,2002-09-21
7275,1769834,5,2005-08-04
7275,1883301,4,2005-08-09
7275,2047888,4,2003-12-22
7275,1915753,4,2004-11-09
7275,1089019,5,2004-11-29
7275,1684328,2,2005-01-30
7275,1797578,4,2005-03-07
7275,2289208,4,2005-03-15
7275,1294781,3,2005-03-15
7275,303948,3,2005-03-17
7275,69779,5,2005-04-29
7275,1819643,2,2005-09-12
7275,830363,3,2001-12-13
7275,1817815,2,2002-02-12
7275,682811,3,2001-03-14
7275,2593317,5,2001-05-21
7275,1292906,2,2003-11-04
7275,1468138,5,2003-08-31
7275,824262,3,2001-07-05
7275,1599243,5,2003-07-21
7275,343283,3,2003-06-22
7275,933168,4,2002-01-27
7275,1206843,3,2002-05-09
7275,639194,1,2003-07-16
7275,1123804,4,2004-02-14
7275,1784308,3,2003-03-04
7275,1221336,2,2004-08-16
7275,1368944,4,2004-05-22
7275,1010923,3,2004-10-31
7275,905858,2,2004-11-21
7275,573210,4,2004-11-27
7275,650247,4,2005-01-03
7275,2229289,4,2005-02-14
7275,1928744,2,2005-03-14
7275,2514164,4,2005-10-18
7275,954973,3,2003-05-12
7275,2554745,3,2002-02-13
7275,1026298,4,2002-01-23
7275,2355791,4,2001-12-03
7275,629544,2,2001-09-23
7275,1035378,4,2003-07-29
7275,2502315,2,2004-03-16
7275,1475143,5,2002-02-11
7275,1451183,3,2002-08-23
7275,2606262,3,2003-04-08
7275,2387904,4,2005-08-14
7275,1651276,4,2004-07-06
7275,1128088,5,2003-09-03
7275,1990523,3,2004-05-12
7275,2297121,4,2004-02-09
7275,311779,4,2004-07-30
7275,1664232,2,2005-01-24
7275,1902434,2,2005-02-15
7275,448959,3,2005-03-28
7275,455628,2,2005-04-11
7275,1110620,3,2005-09-16
7275,2160223,1,2005-09-21
7275,2596383,3,2005-09-24
7275,182864,4,2005-07-07
7275,1594764,2,2003-08-18
7275,2278436,3,2002-09-08
7275,983246,3,2002-09-17
7275,290215,1,2002-05-14
7275,431732,3,2002-05-12
7275,2265270,5,2004-09-09
7275,1314890,4,2004-01-15
7275,2203244,2,2004-01-11
7275,53763,4,2004-06-23
7275,882552,3,2004-04-20
7275,455430,2,2004-11-03
7275,152178,3,2004-11-19
7275,1599855,3,2005-01-26
7275,1142291,3,2004-04-19
7275,2307923,2,2002-07-04
7275,1496546,2,2001-06-23
7275,544338,2,2001-04-01
7275,905556,2,2002-01-05
7275,530670,3,2002-10-16
7275,926322,2,2002-04-10
7275,18335,4,2002-08-10
7275,2083736,3,2003-04-30
7275,777854,5,2003-01-25
7275,1599875,3,2003-06-22
7275,2400521,1,2003-05-19
7275,1325876,2,2004-07-07
7275,2103907,3,2004-09-07
7275,254480,5,2004-01-10
7275,1033629,4,2004-01-22
7275,150751,5,2004-08-29
7275,1662316,1,2004-10-26
7275,786312,3,2005-04-01
7275,1916224,4,2001-05-30
7275,2135177,4,2003-05-29
7275,2432391,2,2001-04-10
7275,1169732,1,2002-04-19
7275,902126,3,2003-01-22
7275,1125519,2,2002-06-17
7275,643778,5,2004-05-07
7275,2105661,5,2003-10-09
7275,1602952,2,2004-02-18
7275,309333,4,2003-11-22
7275,1294210,4,2004-02-08
7275,820624,5,2004-03-02
7275,924839,1,2004-02-06
7275,1940025,5,2004-04-26
7275,2007468,3,2004-07-14
7275,827100,3,2004-11-08
7275,1765712,3,2005-03-26
7275,2468875,1,2005-06-28
7275,1031767,2,2002-01-10
7275,1770988,1,2001-11-10
7275,894474,5,2005-07-12
7275,1015463,2,2002-08-14
7275,66109,3,2002-04-20
7275,1097654,5,2004-07-01
7275,2102030,3,2003-05-06
7275,1287388,4,2002-10-22
7275,1261143,3,2004-03-17
7275,1202823,3,2003-09-16
7275,563992,2,2003-02-27
7275,534562,4,2004-07-08
7275,1785621,4,2003-11-07
7275,241994,5,2004-02-07
7275,53878,3,2004-01-25
7275,1916244,2,2004-10-30
7275,500825,3,2005-01-24
7275,2072798,2,2005-03-20
7275,1749718,2,2005-05-13
7275,291248,3,2005-10-14
7275,963677,2,2002-05-02
7275,1733406,5,2001-07-11
7275,2121810,4,2002-04-10
7275,1047797,5,2002-01-08
7275,2545400,3,2003-02-24
7275,317829,3,2003-12-26
7275,245202,3,2004-08-25
7275,874550,3,2004-06-28
7275,1143283,3,2004-08-21
7275,1546018,3,2004-12-27
7275,2476668,3,2005-01-06
7275,113697,2,2005-02-06
7275,1278362,1,2005-02-16
7275,916855,3,2005-03-02
7275,1774244,4,2005-03-15
7275,380192,4,2005-03-22
7275,661407,3,2005-04-06
7275,1185064,3,2003-01-16
7275,2181970,2,2002-04-22
7275,2046091,3,2002-07-17
7275,1644832,3,2003-04-22
7275,2256772,3,2003-07-17
7275,341262,3,2003-05-26
7275,1439015,3,2004-04-05
7275,1906860,3,2004-05-20
7275,2086075,5,2004-08-27
7275,802293,3,2004-09-17
7275,1575592,5,2004-12-26
7275,1784150,3,2004-12-27
7275,2310877,3,2005-02-15
7275,2647626,4,2005-03-17
7275,265275,5,2005-06-28
7275,454014,1,2005-10-13
7275,819314,3,2001-02-23
7275,1341758,4,2001-10-20
7275,2156133,3,2002-01-31
7275,1439700,5,2002-04-02
7275,344861,3,2003-02-27
7275,2207643,3,2002-10-01
7275,1115632,4,2004-08-13
7275,2017538,4,2004-08-06
7275,297901,4,2004-02-15
7275,2273637,5,2004-04-08
7275,1033433,3,2005-04-05
7275,1645514,5,2005-05-09
7275,651557,2,2001-02-02
7275,604631,4,2001-09-30
7275,113383,2,2002-07-24
7275,2334607,3,2002-07-18
7275,2025577,5,2002-04-15
7275,563757,3,2003-07-21
7275,555886,1,2002-08-08
7275,1522223,1,2004-04-15
7275,710020,3,2003-12-02
7275,334004,4,2003-04-02
7275,1559022,3,2003-10-06
7275,2458989,4,2004-07-24
7275,110710,4,2005-08-17
7275,1676266,3,2004-09-03
7275,876120,3,2004-05-21
7275,108891,4,2004-11-05
7275,747312,3,2005-02-10
7275,2081711,3,2005-09-15
7275,1646303,4,2005-11-27
7275,2143870,2,2002-07-30
7275,917063,4,2003-11-24
7275,2515643,3,2003-04-07
7275,643058,3,2004-01-16
7275,2562071,4,2005-08-16
7275,289980,5,2005-08-23
7275,361061,2,2004-05-14
7275,35260,3,2005-02-23
7275,437961,5,2005-04-06
7275,1872162,4,2005-09-25
7275,1050872,4,2001-11-11
7275,2321948,4,2002-07-13
7275,2105033,2,2002-04-21
7275,785433,4,2002-07-27
7275,2090902,4,2002-04-13
7275,2061360,2,2002-11-05
7275,416362,5,2004-03-11
7275,1511683,1,2003-11-26
7275,1288554,3,2004-03-22
7275,2118414,5,2003-04-17
7275,1834472,2,2003-04-08
7275,942769,4,2004-06-30
7275,2148699,3,2004-10-04
7275,1001129,2,2005-03-03
7275,316894,2,2005-05-31
7275,1945652,4,2005-11-23
7275,2248500,3,2001-06-24
7275,1873127,3,2000-11-18
7275,682803,2,2005-07-17
7275,662412,2,2002-08-11
7275,261663,4,2003-01-21
7275,1831881,4,2004-05-11
7275,1606780,3,2002-10-12
7275,2169446,2,2003-03-03
7275,1100735,4,2003-04-30
7275,842483,2,2004-04-25
7275,1775778,2,2004-07-02
7275,229617,5,2004-10-17
7275,47146,3,2004-12-08
7275,789969,2,2005-03-28
7275,404378,5,2005-05-22
7275,926995,3,2005-12-23
7275,2464659,2,2002-10-08
7275,1783202,4,2001-07-13
7275,1501738,3,2000-10-28
7275,1668755,3,2002-07-04
7275,1447639,3,2004-10-20
7275,2128254,3,2002-06-29
7275,2387690,4,2003-11-08
7275,1187411,4,2003-11-07
7275,2023518,3,2005-08-13
7275,1407746,2,2004-07-30
7275,1738830,2,2004-12-06
7275,2433461,2,2002-10-01
7275,2294968,3,2005-07-15
7275,2162539,4,2004-02-10
7275,664105,2,2004-09-15
7275,2250843,3,2004-08-28
7275,1033100,1,2003-11-01
7275,2556305,4,2004-05-05
7275,2244793,3,2005-09-03
7275,2108385,3,2004-04-21
7275,837852,4,2004-05-14
7275,732363,3,2004-10-21
7275,596258,2,2004-10-30
7275,1830862,3,2004-12-15
7275,2201323,3,2004-12-26
7275,117719,4,2005-01-04
7275,1609567,4,2005-01-31
7275,595279,3,2005-03-24
7275,2034428,3,2005-10-17
7275,1549588,4,2001-10-17
7275,2224570,5,2005-07-08
7275,1521285,3,2003-04-18
7275,1313797,5,2001-02-28
7275,799591,3,2005-07-16
7275,1973573,2,2002-03-15
7275,831643,4,2003-06-12
7275,825993,2,2002-07-17
7275,1907807,2,2003-09-08
7275,2526173,2,2005-08-16
7275,59913,1,2004-09-10
7275,572122,5,2003-05-16
7275,2479320,1,2003-10-09
7275,1647020,4,2004-08-07
7275,392252,4,2004-12-11
7275,2333435,3,2004-12-28
7275,664887,3,2005-01-27
7275,1929434,2,2005-11-05
7275,129710,4,2002-03-10
7275,418695,3,2001-01-03
7275,494609,3,2001-07-03
7275,2168244,1,2003-04-01
7275,1862392,4,2001-03-06
7275,1623991,3,2003-11-10
7275,438189,3,2002-04-03
7275,727242,1,2003-06-30
7275,2305351,2,2003-09-23
7275,2396197,3,2004-01-13
7275,608867,3,2002-12-28
7275,1934095,3,2003-04-02
7275,1195863,3,2003-09-16
7275,1569780,4,2003-09-08
7275,1153777,3,2003-12-11
7275,886452,5,2004-05-12
7275,376114,5,2005-06-05
7275,79772,3,2005-06-07
7275,1759688,3,2005-11-14
7275,138010,3,2005-12-03
7275,2384905,3,2001-07-29
7275,443193,4,2002-04-05
7275,617211,4,2002-12-30
7275,1731066,1,2002-08-10
7275,467036,2,2001-05-01
7275,2168500,2,2002-04-16
7275,1352981,3,2002-04-17
7275,1590697,3,2003-02-20
7275,474700,5,2004-01-21
7275,1693122,2,2003-10-21
7275,2294328,3,2003-12-18
7275,1662714,3,2003-12-07
7275,195265,4,2003-10-27
7275,919514,3,2004-06-29
7275,1913238,3,2004-07-21
7275,1513960,4,2004-12-16
7275,718085,4,2005-01-19
7275,977973,3,2005-01-24
7275,1970404,3,2005-01-31
7275,787352,2,2005-05-02
7275,1988328,2,2005-09-20
7275,1866046,5,2005-10-25
7275,401838,4,2001-05-25
7275,1275651,5,2004-08-08
7275,272281,5,2002-04-02
7275,732635,2,2003-05-20
7275,1498767,3,2003-05-15
7275,944542,4,2003-08-27
7275,411705,4,2004-07-20
7275,2499019,1,2004-11-26
7275,552913,5,2005-01-30
7275,807738,5,2001-05-04
7275,1281194,1,2001-03-03
7275,1527666,1,2001-02-20
7275,1272379,1,2002-02-02
7275,778615,3,2003-03-24
7275,596364,3,2003-05-13
7275,2636960,3,2004-06-06
7275,793467,3,2004-06-16
7275,1178418,4,2004-04-23
7275,1858421,4,2004-01-10
7275,1118685,3,2004-08-09
7275,633251,4,2004-01-27
7275,1039913,3,2005-03-14
7275,1251664,1,2002-07-23
7275,1529500,3,2000-11-13
7275,1213539,4,2002-03-18
7275,1495744,3,2005-02-20
7275,2185341,4,2002-06-03
7275,2566399,4,2003-05-19
7275,1549284,3,2002-09-04
7275,1042614,3,2004-02-20
7275,1494162,2,2003-03-11
7275,2558337,4,2003-02-28
7275,796494,3,2004-07-16
7275,758047,3,2004-11-12
7275,1103080,5,2004-12-20
7275,2145795,5,2005-01-19
7275,223276,5,2005-01-25
7275,662839,5,2005-01-30
7275,1481679,3,2005-10-12
7275,96802,3,2005-07-14
7275,92242,5,2002-04-08
7275,1584072,3,2002-05-23
7275,1132940,2,2003-03-12
7275,565559,2,2003-04-19
7275,2610284,5,2004-03-23
7275,1851603,2,2004-04-20
7275,1751572,4,2004-03-08
7275,266172,3,2003-12-15
7275,1314869,3,2004-07-01
7275,7921,3,2004-12-28
7275,2598730,4,2005-01-19
7275,2522548,3,2005-03-23
7275,2406356,3,2005-06-14
7275,1944305,3,2002-09-19
7275,2220239,3,2000-11-23
7275,1321114,3,2002-03-10
7275,632401,2,2001-11-09
7275,1261084,2,2002-06-29
7275,1739393,3,2002-05-28
7275,2126139,3,2003-03-06
7275,460446,5,2002-07-19
7275,1585794,1,2002-03-31
7275,586854,2,2004-08-31
7275,930968,3,2004-12-04
7275,864172,3,2003-06-26
7275,543648,4,2003-09-23
7275,2082693,2,2003-06-30
7275,2011768,2,2004-04-20
7275,1759205,4,2003-12-16
7275,574499,5,2004-08-24
7275,2191973,4,2005-01-31
7275,2502424,3,2005-03-06
7275,1556647,3,2005-04-11
7275,2432953,3,2005-04-22
7275,501232,3,2005-05-31
7275,671071,3,2005-11-07
7275,2178924,4,2001-01-24
7275,2592592,3,2001-11-02
7275,49144,3,2002-04-12
7275,758538,3,2002-11-06
7275,2080006,3,2004-11-03
7275,1240130,3,2005-01-06
7275,640659,3,2005-02-21
7275,2358564,2,2005-05-05
7275,1834374,3,2005-10-25
7275,272699,3,2001-02-17
7275,1648404,2,2004-07-20
7275,2085834,4,2001-03-06
7275,995637,4,2002-12-06
7275,440384,4,2004-05-01
7275,1980654,4,2002-07-24
7275,787407,2,2002-07-30
7275,441277,4,2004-05-08
7275,1166912,1,2003-05-26
7275,1821025,3,2003-08-26
7275,2466934,3,2004-06-26
7275,1884090,4,2004-09-14
7275,1905798,2,2004-08-30
7275,359063,3,2004-09-28
7275,1495480,3,2004-11-26
7275,1069180,2,2004-12-21
7275,1730948,3,2005-01-11
7275,840289,3,2005-05-19
7275,2346615,2,2005-12-06
7275,2168331,4,2001-02-25
7275,1186487,4,2001-04-24
7275,786695,3,2001-11-09
7275,2262320,3,2001-07-30
7275,1733418,2,2002-08-12
7275,245488,5,2001-12-09
7275,609908,3,2002-12-24
7275,597735,3,2004-01-08
7275,370932,4,2003-04-21
7275,1788058,2,2003-07-08
7275,2062350,4,2003-06-16
7275,770344,2,2004-04-25
7275,610533,5,2004-08-16
7275,1130920,1,2004-11-24
7275,1215759,1,2005-01-10
7275,1531853,4,2005-01-25
7275,2349759,3,2005-03-21
7275,527631,4,2005-06-30
7275,449973,3,2005-10-31
7275,2627087,3,2002-06-15
7275,770479,1,2002-02-13
7275,1605122,4,2001-05-12
7275,1139570,3,2001-06-06
7275,1329863,3,2001-06-24
7275,204096,3,2003-06-29
7275,2125436,3,2002-04-16
7275,1868578,2,2002-08-21
7275,778925,4,2003-01-14
7275,1587662,2,2004-05-24
7275,1842197,4,2003-04-22
7275,1209983,2,2004-06-10
7275,1003143,1,2004-01-19
7275,2024639,3,2004-09-17
7275,1100363,2,2004-11-10
7275,1196022,4,2005-02-18
7275,1444271,4,2005-03-18
7275,1653468,3,2005-05-25
7275,1739615,2,2005-06-29
7275,367344,4,2005-11-06
7275,1578055,3,2002-08-19
7275,2206502,4,2001-09-16
7275,447282,2,2004-03-06
7275,1131926,3,2003-07-02
7275,1697078,4,2003-01-26
7275,317247,4,2002-10-11
7275,2439493,1,2003-02-12
7275,1205890,4,2003-05-13
7275,1047830,3,2002-07-27
7275,975488,3,2002-10-21
7275,895741,2,2004-06-11
7275,2143625,2,2003-03-05
7275,530789,4,2003-07-09
7275,332923,4,2004-07-11
7275,1152063,2,2004-06-21
7275,2446280,1,2004-01-16
7275,869153,3,2004-10-27
7275,650218,3,2004-12-19
7275,1022657,5,2005-01-07
7275,2062090,4,2005-03-24
7275,1942496,3,2005-04-27
7275,720436,5,2005-07-05
7275,471064,3,2002-03-25
7275,1846260,3,2001-06-30
7275,2532783,2,2003-01-15
7275,1513903,3,2000-12-09
7275,1109402,2,2003-05-22
7275,535671,1,2004-06-29
7275,1141213,3,2001-04-11
7275,862850,3,2002-09-27
7275,209794,4,2005-07-19
7275,7363,3,2002-02-09
7275,2234203,4,2002-03-20
7275,2121550,3,2002-05-15
7275,700301,3,2002-05-01
7275,2589669,2,2002-06-14
7275,1121545,5,2002-02-21
7275,2267431,3,2002-04-29
7275,214520,3,2002-10-10
7275,2494435,3,2002-06-20
7275,1482288,3,2003-06-14
7275,1083688,4,2003-02-28
7275,2250951,3,2003-01-21
7275,467503,3,2003-10-02
7275,2509853,4,2003-07-09
7275,97578,2,2003-06-27
7275,457692,5,2004-03-22
7275,903549,4,2005-05-11
7275,1836777,5,2005-09-20
7275,1641473,5,2000-12-11
7275,149367,2,2002-03-09
7275,2006681,4,2002-06-05
7275,2563172,3,2003-09-13
7275,2090313,5,2003-07-30
7275,2478643,5,2003-03-27
7275,1226327,3,2004-01-09
7275,2225637,3,2004-04-22
7275,1158199,3,2004-05-27
7275,2633106,3,2004-10-19
7275,497052,3,2004-12-16
7275,2273034,4,2005-05-23
7275,1367127,3,2005-12-22
7275,472452,1,2003-05-31
7275,1266719,2,2002-10-22
7275,1626053,2,2002-03-18
7275,1133422,1,2002-03-26
7275,42790,3,2002-09-06
7275,1428096,1,2003-01-22
7275,934111,3,2004-06-03
7275,1724493,4,2004-02-10
7275,2227565,3,2004-02-27
7275,319609,4,2004-10-27
7275,1121700,4,2004-11-17
7275,1122399,2,2005-02-09
7275,2415589,3,2005-04-24
7275,1826689,4,2005-09-11
7275,1801528,4,2005-10-18
7275,177657,4,2005-11-08
7275,971999,3,2001-01-09
7275,674829,3,2001-01-07
7275,1879749,4,2001-06-22
7275,364535,2,2003-07-15
7275,825497,5,2002-04-01
7275,2177991,3,2002-08-18
7275,2533891,3,2002-06-15
7275,610513,4,2004-04-21
7275,868723,3,2003-06-14
7275,254777,3,2003-10-01
7275,2032670,4,2004-05-09
7275,514172,5,2004-05-10
7275,238740,2,2004-09-10
7275,2032365,2,2004-10-25
7275,1046634,5,2004-10-26
7275,2627394,4,2004-11-30
7275,1806991,4,2004-12-07
7275,1234128,3,2005-01-19
7275,932638,4,2005-09-15
7275,2389750,4,2005-09-26
7275,1959049,1,2002-05-29
7275,2429814,1,2001-04-07
7275,1101235,2,2001-10-13
7275,1509522,4,2002-07-31
7275,2645580,1,2003-06-02
7275,965528,3,2004-07-26
7275,61731,4,2003-04-30
7275,1574503,4,2004-03-31
7275,1527246,2,2004-08-07
7275,1386053,2,2004-01-31
7275,234488,3,2004-04-20
7275,1834640,3,2005-01-10
7275,2453263,3,2005-05-21
7275,1093935,3,2005-06-03
7275,1225643,4,2005-07-03
7275,101395,2,2004-07-15
7275,981235,2,2002-06-04
7275,43177,2,2000-12-29
7275,1643961,2,2002-11-23
7275,861862,5,2002-08-13
7275,924960,3,2003-05-27
7275,893778,1,2004-01-02
7275,1510783,3,2004-02-21
7275,710348,3,2003-02-11
7275,2208125,4,2004-05-27
7275,518309,3,2004-12-26
7275,1105839,3,2004-04-26
7275,1242344,1,2005-08-29
7275,146879,4,2004-06-08
7275,2173904,3,2004-10-09
7275,996721,4,2004-12-07
7275,2547194,3,2005-01-04
7275,126698,3,2005-03-23
7275,1570077,5,2005-04-04
7275,69809,3,2005-06-29
7275,304384,2,2005-10-06
7275,1921824,3,2005-10-20
7275,1089773,4,2005-12-05
7275,355538,4,2005-07-05
7275,1876949,3,2002-02-20
7275,1788183,3,2002-01-29
7275,1173756,2,2002-03-14
7275,1506336,4,2004-01-27
7275,196846,4,2002-04-26
7275,1019317,3,2005-08-03
7275,293561,4,2003-03-06
7275,417792,2,2003-04-10
7275,2416188,3,2005-08-24
7275,73858,1,2003-12-05
7275,2531096,3,2004-02-06
7275,217612,4,2004-03-10
7275,1449738,4,2004-10-11
7275,1511249,3,2005-01-03
7275,1461053,1,2005-02-20
7275,2155693,4,2005-03-10
7275,390831,3,2005-10-24
7275,860880,4,2005-07-10
7275,1425286,2,2001-08-14
7275,717555,2,2005-07-22
7275,52439,3,2005-08-02
7275,123384,3,2003-03-04
7275,2283630,5,2003-07-09
7275,1211514,3,2005-09-02
7275,1719990,2,2004-01-07
7275,2550101,2,2004-08-08
7275,2155681,3,2005-02-04
7275,2346172,2,2005-03-07
7275,1695718,3,2005-04-13
7275,837170,3,2005-04-25
7275,1180676,3,2005-05-12
7275,1490439,5,2005-09-14
7275,328212,2,2004-01-10
7275,2124135,2,2001-01-05
7275,2305904,3,2001-05-26
7275,433359,1,2002-08-29
7275,803468,1,2002-04-04
7275,2383871,3,2003-10-06
7275,2441692,4,2004-07-06
7275,2039857,4,2005-09-10
7275,1473980,3,2005-08-24
7275,2302848,3,2004-06-02
7275,2488357,5,2003-11-20
7275,1394988,5,2003-08-17
7275,293514,3,2004-06-29
7275,302344,3,2004-05-09
7275,341692,4,2004-05-04
7275,1294041,1,2004-12-08
7275,481049,3,2004-12-28
7275,2171089,3,2005-01-19
7275,2091184,2,2005-02-10
7275,61765,4,2005-03-26
7275,345704,3,2005-04-12
7275,565510,4,2001-02-02
7275,1718989,4,2005-07-10
7275,1607747,3,2001-05-11
7275,1298291,2,2002-03-31
7275,414293,3,2002-03-02
7275,87656,4,2001-10-11
7275,1081546,3,2003-04-28
7275,1119094,3,2004-04-01
7275,179273,5,2003-07-12
7275,468502,2,2004-04-30
7275,3392,5,2004-05-11
7275,2245883,3,2004-04-14
7275,1524964,3,2004-08-31
7275,811288,1,2004-11-02
7275,946156,4,2004-12-27
7275,1559989,3,2005-03-16
7275,591678,3,2005-06-01
7275,1887657,3,2005-06-20
7275,884354,3,2005-10-12
7275,1277993,1,2005-10-24
7275,2208809,3,2002-04-04
7275,2491645,3,2001-08-26
7275,864333,5,2002-11-18
7275,1230380,4,2004-02-04
7275,323883,3,2004-05-07
7275,2581032,3,2005-08-24
7275,2488901,4,2003-12-30
7275,529409,4,2003-11-01
7275,2392025,3,2004-03-11
7275,110390,5,2004-05-23
7275,28774,4,2004-09-27
7275,2455107,2,2004-11-01
7275,2271389,4,2004-11-23
7275,325844,3,2005-03-28
7275,1265668,4,2005-06-10
7275,2245866,2,2005-10-21
7275,2211740,2,2005-10-29
7275,127659,4,2005-11-03
7275,2364377,3,2005-12-16
7275,2124347,4,2004-03-09
7275,1710306,3,2000-11-18
7275,1602217,4,2001-06-02
7275,947615,5,2002-07-27
7275,410402,3,2003-07-22
7275,1030269,3,2003-07-27
7275,38514,4,2004-07-16
7275,1899234,3,2003-11-03
7275,1028463,2,2003-07-23
7275,1009885,5,2004-05-20
7275,2488244,4,2004-07-31
7275,512041,4,2004-04-26
7275,1714209,3,2004-07-20
7275,2385738,3,2005-02-06
7275,1110156,3,2005-02-21
7275,915589,5,2005-02-28
7275,515441,3,2005-05-16
7275,1898310,3,2005-10-13
7275,355883,2,2000-11-25
7275,220216,5,2004-05-02
7275,1654495,1,2002-12-06
7275,1985419,4,2002-08-07
7275,1916277,3,2004-04-18
7275,2504241,2,2003-02-14
7275,1085786,4,2004-06-29
7275,1696279,3,2004-04-15
7275,503600,3,2004-06-08
7275,257392,1,2004-10-18
7275,716815,4,2004-12-02
7275,620833,1,2005-01-20
7275,1329619,3,2005-04-21
7275,2314419,2,2000-12-12
7275,2266740,3,2005-07-15
7275,706832,3,2001-07-12
7275,527559,4,2003-02-24
7275,2555683,2,2003-03-25
7275,291198,1,2003-03-05
7275,1776051,3,2002-03-17
7275,391850,3,2002-05-21
7275,2464924,5,2002-12-18
7275,1753346,3,2002-10-26
7275,528750,3,2003-05-20
7275,1819258,2,2005-08-18
7275,664230,4,2003-10-26
7275,2070798,4,2004-09-06
7275,648875,2,2005-01-04
7275,1776108,5,2005-01-20
7275,1967925,1,2005-02-17
7275,1755138,3,2005-09-19
7275,1089326,2,2005-10-24
7275,1526115,5,2001-05-05
7275,1084626,2,2001-07-12
7275,2006914,3,2001-02-21
7275,1882738,4,2001-03-11
7275,2194583,4,2002-08-24
7275,1255543,2,2003-06-10
7275,1797063,3,2003-12-08
7275,554343,4,2004-07-23
7275,952156,3,2004-07-05
7275,284790,4,2004-05-28
7275,1375430,2,2004-07-16
7275,1477732,3,2005-01-25
7275,1546115,3,2005-02-25
7275,869629,5,2005-03-24
7275,1380299,2,2005-05-30
7275,2338019,3,2005-11-15
7275,2633100,4,2005-11-18
7275,2260760,4,2005-12-30
7275,1163050,3,2001-03-06
7275,544,5,2002-12-11
7275,727508,2,2002-07-16
7275,1585261,4,2001-05-25
7275,2079664,5,2004-04-19
7275,474583,2,2001-06-23
7275,341814,3,2002-03-04
7275,524011,3,2002-05-01
7275,1951741,3,2002-08-17
7275,2237449,2,2004-04-06
7275,1241060,5,2004-03-26
7275,1939029,4,2004-05-11
7275,904882,2,2004-05-28
7275,2064981,4,2004-06-10
7275,914532,4,2004-03-10
7275,597873,3,2004-04-30
7275,703470,4,2004-06-02
7275,2040710,3,2004-09-20
7275,2365581,3,2004-11-10
7275,2331524,2,2004-11-16
7275,2188743,2,2005-01-10
7275,344733,3,2005-04-03
7275,566587,3,2005-04-13
7275,2571748,3,2005-04-30
7275,2202279,3,2005-06-20
7275,1270144,3,2005-11-14
7275,2214779,1,2005-07-07
7275,2399225,2,2002-02-25
7275,1840269,2,2002-04-02
7275,1588727,2,2001-01-16
7275,1012590,4,2001-02-28
7275,1358685,5,2002-11-04
7275,2447492,4,2005-08-11
7275,2640816,3,2004-07-08
7275,818752,5,2004-08-23
7275,56225,3,2005-04-19
7275,1110480,3,2005-06-27
7275,1125150,2,2005-12-18
7275,155620,5,2003-01-25
7275,1416480,2,2001-11-06
7275,1380915,5,2004-07-23
7275,332698,5,2002-05-04
7275,650828,4,2003-12-21
7275,1021961,4,2003-05-02
7275,612111,4,2003-01-11
7275,585900,3,2004-07-30
7275,778902,4,2005-08-22
7275,2499661,2,2005-08-29
7275,432266,3,2004-05-03
7275,965104,3,2004-05-31
7275,1551980,2,2004-08-30
7275,56882,3,2004-08-17
7275,215003,1,2005-03-17
7275,1682342,1,2005-06-18
7275,1789619,5,2005-12-18
7275,342073,3,2001-02-09
7275,1243711,4,2002-12-31
7275,495324,3,2001-02-01
7275,1252103,2,2001-03-02
7275,1827859,2,2001-08-21
7275,1367955,5,2002-03-22
7275,2291750,5,2002-01-04
7275,1788855,3,2005-08-21
7275,487086,2,2003-12-26
7275,2021088,4,2004-05-27
7275,1398135,3,2004-06-29
7275,1969393,5,2004-04-25
7275,1797985,4,2004-11-20
7275,62753,3,2005-01-04
7275,1217641,2,2005-05-31
7275,2303843,2,2005-04-30
7275,1353181,4,2005-06-13
7275,2032380,4,2005-06-16
7275,773694,1,2005-10-03
7275,210050,1,2005-07-05
7275,2121649,4,2005-07-06
7275,1922072,2,2000-12-12
7275,786787,2,2000-12-07
7275,1572396,1,2001-04-17
7275,1897305,2,2004-05-27
7275,2550530,3,2003-03-27
7275,400243,3,2002-06-22
7275,95714,4,2004-01-06
7275,493009,4,2004-02-18
7275,792808,3,2005-08-27
7275,1800300,3,2004-07-08
7275,2457095,2,2004-03-28
7275,524142,4,2004-05-26
7275,823802,5,2004-09-25
7275,2486316,5,2004-10-12
7275,2013162,1,2004-10-27
7275,2440793,3,2004-12-05
7275,570428,2,2005-01-31
7275,421639,2,2001-06-12
7275,2122407,3,2003-01-09
7275,101068,4,2005-07-11
7275,700864,2,2001-01-18
7275,93184,4,2004-05-05
7275,1594618,2,2004-05-14
7275,2627800,3,2002-05-23
7275,1854699,3,2002-06-15
7275,1399502,3,2001-06-29
7275,1414501,3,2002-12-28
7275,1460897,2,2005-07-17
7275,1364011,1,2004-05-14
7275,1876520,1,2002-05-13
7275,2433077,5,2004-02-29
7275,836435,3,2003-03-27
7275,2133028,3,2003-04-10
7275,378348,2,2003-03-26
7275,1493193,2,2004-07-19
7275,2153388,5,2004-08-11
7275,481456,3,2004-10-19
7275,1073236,5,2004-11-17
7275,1573230,3,2004-12-03
7275,1297963,4,2005-01-27
7275,296959,2,2005-03-20
7275,2524896,2,2005-11-06
7275,1220793,5,2005-11-22
7275,1504494,3,2002-03-29
7275,66885,3,2000-12-07
7275,2219287,4,2002-07-17
7275,1349824,2,2001-04-04
7275,614631,2,2002-09-20
7275,526466,4,2005-02-20
7275,2141037,4,2003-11-25
7275,424309,2,2002-10-02
7275,1621315,1,2002-08-17
7275,2362418,2,2003-02-20
7275,1611056,4,2005-08-09
7275,1583615,2,2004-02-19
7275,941366,4,2004-01-29
7275,62361,4,2004-12-06
7275,1105029,3,2005-02-01
7275,1406633,5,2005-02-14
7275,2547275,5,2005-03-03
7275,1794722,2,2005-05-03
7275,101564,3,2005-12-07
7275,1100798,2,2002-07-20
7275,617941,1,2003-09-23
7275,588071,1,2003-06-19
7275,2398923,3,2004-02-01
7275,669035,3,2004-02-15
7275,2497281,5,2004-07-16
7275,1114552,5,2004-02-02
7275,2151492,4,2004-10-19
7275,142,4,2004-12-22
7275,133473,3,2005-05-22
7275,879221,3,2005-09-28
7275,2441636,4,2005-10-28
7275,1894863,3,2005-07-06
7275,1239121,2,2001-05-07
7275,2299951,3,2002-03-05
7275,1739491,4,2002-01-07
7275,1414487,3,2004-04-01
7275,847313,3,2003-02-13
7275,2556589,5,2002-06-07
7275,179873,4,2003-05-15
7275,1547984,4,2003-01-16
7275,1167549,4,2005-08-23
7275,17338,3,2003-11-24
7275,770860,2,2004-09-01
7275,752931,4,2004-04-27
7275,792551,5,2004-09-07
7275,1764923,3,2004-10-02
7275,1994520,3,2005-01-13
7275,869262,5,2005-03-11
7275,1117356,4,2005-04-27
7275,2126890,3,2005-04-28
7275,434171,2,2005-06-19
7275,754458,5,2005-06-25
7275,1520710,4,2005-11-08
7275,2190310,3,2001-02-20
7275,1778918,4,2004-06-04
7275,328961,1,2001-12-15
7275,2598766,4,2002-01-31
7275,248982,5,2002-06-27
7275,682970,2,2002-03-05
7275,56854,1,2002-05-23
7275,641770,3,2002-10-05
7275,1071266,4,2003-02-27
7275,2404644,3,2003-11-02
7275,1301832,4,2004-05-04
7275,587879,1,2003-04-07
7275,2199393,4,2004-01-30
7275,2075528,2,2004-09-04
7275,2202734,2,2004-04-06
7275,1289189,2,2004-12-09
7275,763571,3,2005-04-20
7275,395104,4,2005-06-10
7275,269967,2,2005-10-06
7275,1257450,3,2001-06-01
7275,2092609,4,2002-06-14
7275,1729454,3,2004-06-08
7275,2099107,2,2004-01-15
7275,382965,3,2003-01-17
7275,2205498,3,2002-02-21
7275,2107067,2,2002-08-27
7275,368973,3,2002-12-04
7275,2584120,4,2005-08-11
7275,2333840,4,2004-04-15
7275,792155,1,2004-08-26
7275,236160,4,2004-08-30
7275,1501666,3,2004-10-14
7275,727803,5,2004-11-09
7275,727140,5,2005-01-19
7275,990851,4,2005-01-19
7275,1076117,2,2005-03-19
7275,367952,5,2005-04-04
7275,2331318,2,2003-09-26
7275,2044119,3,2003-04-03
7275,1732840,5,2001-04-29
7275,709050,4,2001-10-28
7275,1418739,2,2001-12-16
7275,1427482,3,2002-06-19
7275,1797132,4,2002-02-20
7275,1085861,4,2002-07-16
7275,211368,1,2004-07-20
7275,107787,3,2002-10-17
7275,1609746,1,2004-12-14
7275,1512213,3,2004-12-29
7275,1586546,4,2005-01-03
7275,29185,5,2005-01-12
7275,1086800,4,2005-02-11
7275,151821,3,2005-06-22
7275,1268424,3,2005-10-28
7275,1872236,3,2000-11-26
7275,408200,2,2002-05-14
7275,1161915,3,2001-07-09
7275,299857,2,2002-08-18
7275,2276627,2,2002-02-14
7275,680006,3,2002-11-05
7275,739139,1,2002-06-15
7275,1303781,4,2003-03-31
7275,1703573,3,2005-08-06
7275,1796576,3,2004-05-17
7275,1960731,3,2005-08-20
7275,1549479,2,2003-08-06
7275,1954678,3,2005-08-30
7275,653361,2,2004-08-26
7275,366605,3,2004-11-22
7275,1884549,5,2005-01-20
7275,1932113,4,2005-02-25
7275,1120581,2,2005-03-26
7275,1412061,2,2005-04-29
7275,758589,3,2001-10-24
7275,941661,1,2000-12-05
7275,1615874,4,2001-04-06
7275,54864,2,2000-11-14
7275,705960,3,2001-04-26
7275,1823524,4,2001-11-30
7275,2206066,5,2002-02-16
7275,1156244,3,2003-03-15
7275,316928,2,2005-08-13
7275,617603,5,2004-03-23
7275,855883,3,2004-06-29
7275,2084213,5,2004-05-21
7275,323168,4,2004-07-05
7275,1363250,3,2004-11-19
7275,2217940,2,2004-12-23
7275,383451,3,2004-12-29
7275,1098468,4,2004-12-30
7275,237449,2,2005-03-08
7275,1694879,3,2005-05-21
7275,2644350,3,2005-11-28
7275,154214,3,2004-05-11
7275,1754537,3,2002-08-04
7275,569051,3,2003-02-12
7275,1647714,1,2002-06-20
7275,977944,3,2005-08-19
7275,2171685,3,2003-12-22
7275,2219228,4,2004-08-30
7275,811678,2,2004-03-29
7275,18786,3,2004-08-17
7275,1416132,3,2004-11-29
7275,857904,4,2005-03-22
7275,1259083,4,2005-09-11
7275,2490151,5,2005-09-18
7275,2048340,4,2005-10-29
7275,2199182,2,2000-12-30
7275,1830337,4,2003-07-08
7275,1492520,2,2003-02-26
7275,713496,4,2002-08-30
7275,2555803,2,2002-05-02
7275,1487011,3,2004-02-14
7275,708226,3,2005-07-28
7275,2024230,3,2005-08-03
7275,577109,4,2003-11-08
7275,1314158,4,2004-02-03
7275,1994646,5,2004-06-05
7275,1758591,4,2004-04-07
7275,2624475,2,2004-10-27
7275,400221,4,2004-12-12
7275,1602783,1,2005-06-17
7275,2366229,3,2005-07-07
7275,1346708,2,2001-02-06
7275,2262372,3,2002-03-12
7275,2120864,4,2002-06-14
7275,341649,2,2002-11-08
7275,769162,3,2003-04-29
7275,1291455,3,2004-02-23
7275,877585,3,2004-01-03
7275,1901897,1,2003-11-10
7275,2162729,4,2004-01-12
7275,1781530,3,2004-06-17
7275,648980,5,2004-02-11
7275,1979083,2,2004-05-27
7275,434304,4,2004-09-07
7275,2582552,5,2005-01-31
7275,1641063,3,2005-04-03
7275,2561841,4,2005-04-28
7275,2095846,4,2005-07-04
7275,1086168,4,2005-10-11
7275,2641580,3,2005-11-26
7275,1278035,4,2005-12-11
7275,427460,4,2004-08-29
7275,1865516,4,2003-10-28
7275,993544,3,2005-08-01
7275,369756,5,2002-10-24
7275,1797678,2,2003-03-30
7275,1214640,1,2004-03-28
7275,2542194,4,2004-03-18
7275,2335640,3,2004-06-06
7275,1552084,2,2004-12-01
7275,1734419,1,2005-02-18
7275,2166018,3,2005-03-09
7275,2047178,3,2005-03-10
7275,1425639,3,2005-05-23
7275,174107,3,2005-06-24
7275,390062,3,2005-10-02
7275,2564111,3,2005-10-14
7275,588285,1,2005-10-31
7275,118341,3,2003-12-25
7275,287595,4,2001-01-12
7275,2167210,3,2003-11-10
7275,2252455,3,2001-09-13
7275,1546976,4,2003-06-09
7275,216575,2,2003-06-17
7275,918385,2,2002-05-12
7275,986066,3,2003-11-04
7275,1675624,3,2002-08-07
7275,2194265,5,2004-06-27
7275,562206,5,2003-08-21
7275,2253438,4,2003-07-01
7275,52630,2,2003-05-19
7275,414536,3,2004-03-13
7275,2078420,3,2004-07-19
7275,1494821,3,2004-07-11
7275,2587667,4,2004-06-08
7275,1318946,5,2004-11-03
7275,2587540,3,2005-01-06
7275,2183290,3,2005-01-11
7275,1446533,4,2005-01-25
7275,2013826,1,2005-02-12
7275,1446944,3,2005-05-22
7275,1622041,5,2005-05-27
7275,1825316,1,2005-09-14
7275,2112430,3,2005-11-09
7275,580231,4,2002-03-07
7275,1830000,4,2005-07-23
7275,285765,3,2004-01-08
7275,924254,5,2004-05-02
7275,2042162,3,2002-09-05
7275,2038196,2,2005-08-10
7275,1141250,4,2004-09-12
7275,1734762,5,2004-05-10
7275,322009,3,2004-08-14
7275,1213950,4,2004-08-04
7275,2158561,1,2005-01-06
7275,2338800,4,2005-01-19
7275,2641801,2,2005-04-04
7275,490418,3,2005-09-15
7275,315751,1,2001-03-11
7275,2374004,4,2002-12-25
7275,409850,3,2002-05-01
7275,1955985,2,2004-08-18
7275,2491575,2,2002-11-04
7275,1272342,4,2005-08-26
7275,470596,3,2005-06-23
7275,814719,1,2004-04-20
7275,993657,2,2004-09-16
7275,2154855,3,2004-07-28
7275,213442,3,2004-06-01
7275,1511815,4,2004-07-03
7275,808792,3,2004-10-26
7275,1054416,4,2005-02-13
7275,312238,2,2004-12-21
7275,2024669,4,2005-01-19
7275,303270,2,2005-03-02
7275,915138,3,2005-06-28
7275,268738,4,2005-11-14
7275,364896,5,2005-12-07
7275,1656393,2,2003-09-23
7275,1429631,5,2003-09-29
7275,223663,5,2003-12-15
7275,1336421,4,2004-02-09
7275,743598,2,2004-06-15
7275,2067491,5,2004-07-25
7275,77358,4,2004-11-04
7275,1493769,3,2005-01-09
7275,1900514,4,2005-02-10
7275,2236975,4,2005-06-30
7275,2252212,4,2005-11-02
7275,1073119,4,2005-11-15
7275,1332549,4,2005-08-01
7275,902478,1,2002-07-05
7275,1025838,3,2001-07-19
7275,1957786,2,2002-02-25
7275,1685912,3,2004-04-20
7275,490714,5,2003-08-06
7275,2417531,1,2003-02-21
7275,1715337,4,2004-04-28
7275,136030,5,2004-06-17
7275,108592,4,2004-05-10
7275,379720,2,2004-10-28
7275,669086,2,2005-02-06
7275,21591,3,2005-03-13
7275,708669,4,2005-03-14
7275,1750007,3,2005-03-23
7275,1882379,4,2005-06-01
7275,1158485,4,2005-06-29
7275,92786,4,2005-09-15
7275,81010,5,2005-10-08
7275,1835954,5,2005-10-24
7275,2125944,3,2001-01-03
7275,1358866,3,2001-11-01
7275,132489,1,2003-08-26
7275,1467218,4,2005-07-25
7275,2259509,3,2002-05-16
7275,1726438,4,2002-07-19
7275,1405132,1,2003-11-19
7275,657095,2,2002-06-23
7275,1578321,1,2002-11-19
7275,216834,3,2003-07-23
7275,165377,3,2004-04-23
7275,2422329,3,2004-01-12
7275,1386910,4,2004-09-07
7275,1348610,3,2004-01-27
7275,1511920,3,2004-12-16
7275,1433635,4,2004-12-20
7275,1220185,3,2005-04-05
7275,1593250,4,2005-05-30
7275,382633,3,2005-06-10
7275,1691507,3,2003-10-21
7275,2421730,5,2001-08-02
7275,1982967,5,2002-02-22
7275,18909,3,2004-06-21
7275,1421913,2,2002-04-29
7275,2245950,3,2002-09-16
7275,522278,4,2002-08-21
7275,153263,2,2004-02-24
7275,1499958,3,2004-04-13
7275,370643,4,2004-02-16
7275,1349682,5,2004-06-08
7275,589943,5,2004-08-28
7275,927953,5,2004-11-01
7275,1622992,3,2004-11-10
7275,2119859,3,2005-01-19
7275,841829,1,2005-06-14
7275,1891773,3,2005-06-29
7275,1664010,5,2005-10-14
7275,2049687,2,2002-07-13
7275,2229650,3,2002-08-24
7275,436424,4,2002-07-10
7275,1902838,3,2002-06-23
7275,267344,2,2001-03-02
7275,1274158,4,2003-07-08
7275,829101,3,2002-02-07
7275,764945,3,2003-10-09
7275,1880210,1,2002-03-23
7275,164099,5,2004-07-28
7275,865076,4,2004-06-17
7275,1408249,3,2005-08-29
7275,340727,1,2004-10-18
7275,2484058,3,2005-01-23
7275,534993,5,2005-05-02
7275,2238450,2,2005-05-25
7275,492618,3,2005-09-22
7275,740199,1,2000-12-01
7275,970605,4,2001-10-17
7275,114873,3,2003-04-02
7275,2517398,4,2001-10-11
7275,1417622,3,2002-01-24
7275,2563721,2,2001-07-12
7275,1722233,2,2003-11-12
7275,2140141,3,2002-11-22
7275,1959929,2,2003-03-23
7275,495789,2,2005-08-16
7275,1737529,4,2004-02-28
7275,2374782,5,2004-06-30
7275,452562,2,2004-06-28
7275,2424335,3,2004-10-02
7275,562161,4,2004-11-08
7275,1186032,4,2004-11-21
7275,1581897,4,2004-11-29
7275,1039628,1,2005-05-24
7275,2189638,2,2005-12-09
7275,830932,2,2002-01-30
7275,608938,4,2002-04-20
7275,1871627,3,2002-04-30
7275,2485784,5,2002-02-03
7275,1517724,3,2004-10-20
7275,1408815,1,2004-11-20
7275,2598367,4,2005-02-27
7275,1301979,3,2005-03-08
7275,1667063,2,2005-03-22
7275,1387402,4,2005-04-06
7275,1701654,3,2005-06-06
7275,1757577,2,2005-07-10
7275,698521,3,2001-05-12
7275,1531703,3,2001-03-31
7275,62912,3,2001-05-04
7275,467083,3,2004-09-07
7275,872085,4,2003-06-12
7275,2555139,4,2002-09-10
7275,502758,2,2002-03-26
7275,1640546,4,2002-03-03
7275,1233447,2,2004-03-26
7275,2120927,4,2004-06-01
7275,910244,3,2004-02-11
7275,1207990,3,2004-04-27
7275,335221,4,2004-02-15
7275,1528404,1,2004-07-20
7275,2333025,4,2004-06-17
7275,916568,2,2004-11-22
7275,1295246,3,2005-05-10
7275,1633863,3,2005-06-21
7275,826948,5,2005-06-28
7275,1446638,3,2000-11-26
7275,988064,2,2001-07-10
7275,1379641,3,2005-07-31
7275,2029906,4,2003-08-19
7275,406365,3,2003-01-03
7275,383858,4,2004-01-16
7275,1230395,4,2005-08-28
7275,1739082,1,2004-03-04
7275,2350502,3,2004-06-24
7275,1872933,3,2004-05-23
7275,1215114,2,2004-11-15
7275,294123,3,2005-02-22
7275,1314517,3,2005-03-22
7275,862596,2,2005-11-20
7275,1296953,2,2001-03-04
7275,2114918,1,2002-03-02
7275,1717060,4,2005-07-08
7275,550341,4,2003-05-16
7275,1234576,3,2001-08-26
7275,1494238,4,2002-11-19
7275,1995445,3,2004-02-06
7275,1502539,3,2002-08-25
7275,1080173,3,2004-05-15
7275,1759665,2,2004-05-13
7275,503079,2,2003-07-17
7275,568252,3,2004-08-10
7275,2535238,2,2004-11-08
7275,631006,2,2004-12-15
7275,153356,5,2005-01-06
7275,2116286,1,2005-04-05
7275,2099952,2,2005-10-05
7275,578699,2,2001-07-30
7275,1037138,2,2000-12-01
7275,2562130,3,2001-03-08
7275,760242,4,2002-04-30
7275,1143156,4,2001-02-20
7275,994658,2,2003-04-08
7275,902047,4,2003-03-27
7275,1021356,3,2003-06-25
7275,2021366,5,2004-06-10
7275,1293345,3,2004-07-22
7275,2104443,2,2003-02-26
7275,2539109,4,2003-07-29
7275,2265561,3,2004-08-23
7275,2280080,3,2004-08-11
7275,2616932,5,2005-08-23
7275,594196,5,2004-06-22
7275,1674153,1,2004-04-01
7275,514415,5,2003-09-25
7275,91979,1,2004-04-27
7275,1839657,4,2003-11-11
7275,158266,3,2004-07-25
7275,1633995,4,2004-03-05
7275,725719,4,2004-08-01
7275,552356,5,2005-01-24
7275,2262698,3,2005-02-24
7275,1802392,2,2005-03-08
7275,1290389,4,2005-04-28
7275,871881,2,2005-06-27
7275,2355625,3,2005-07-08
7275,2133030,3,2000-11-17
7275,418822,2,2001-09-11
7275,614407,1,2002-07-18
7275,2078426,4,2002-12-17
7275,1424084,3,2003-03-30
7275,2598485,4,2005-08-11
7275,2616236,4,2003-08-11
7275,832678,4,2004-06-25
7275,493190,1,2005-01-19
7275,1442154,2,2005-01-19
7275,1236993,4,2005-10-29
7275,1655469,4,2005-12-09
7275,1058842,5,2002-01-16
7275,2430181,4,2002-05-01
7275,391893,3,2002-03-24
7275,919160,3,2002-01-13
7275,330713,5,2002-04-13
7275,1733851,3,2002-05-03
7275,1838538,2,2003-03-26
7275,396368,4,2004-06-05
7275,1453713,4,2003-11-24
7275,631874,5,2005-02-12
7275,1320689,2,2005-03-29
7275,1695239,4,2002-11-09
7275,1104884,4,2001-12-30
7275,927129,3,2003-12-30
7275,286684,3,2002-04-08
7275,2407638,4,2002-12-24
7275,383047,3,2003-08-08
7275,394562,3,2004-01-13
7275,1996999,1,2005-08-14
7275,127205,2,2004-07-13
7275,1075476,3,2004-07-06
7275,94478,4,2005-06-03
7275,400785,3,2005-09-27
7275,1852262,5,2001-09-02
7275,1015365,3,2000-12-10
7275,2559608,4,2002-03-20
7275,968184,1,2001-11-22
7275,2638348,3,2002-10-08
7275,1341267,2,2004-05-30
7275,1825647,3,2002-12-21
7275,611616,5,2004-03-24
7275,1464441,2,2005-08-06
7275,1950890,2,2003-08-20
7275,1221368,4,2005-08-21
7275,1759392,2,2005-08-30
7275,1503517,3,2004-05-10
7275,1951977,3,2004-09-28
7275,243430,4,2004-10-11
7275,2566931,5,2004-10-22
7275,60498,3,2005-03-13
7275,798909,3,2005-06-20
7275,1445834,2,2005-11-03
7275,1464628,5,2005-11-19
7275,2606685,4,2002-10-17
7275,690158,3,2002-05-07
7275,2197357,3,2002-10-27
7275,67900,3,2003-01-23
7275,243612,3,2003-04-18
7275,902748,3,2003-01-24
7275,271028,3,2003-02-21
7275,301009,1,2004-05-26
7275,2297074,3,2003-09-08
7275,1806201,5,2004-12-09
7275,2337144,1,2005-01-29
7275,2337926,4,2005-02-07
7275,52856,5,2005-06-11
7275,1436917,3,2005-06-12
7275,131178,4,2005-11-06
7275,1182550,2,2001-05-02
7275,1703544,3,2005-07-13
7275,339762,3,2001-07-30
7275,214451,3,2002-05-20
7275,1897386,3,2004-05-08
7275,1856091,4,2002-01-31
7275,1298511,3,2002-04-14
7275,913572,3,2002-08-14
7275,463102,5,2002-09-04
7275,1676869,4,2003-07-05
7275,396140,3,2003-06-05
7275,9321,2,2003-06-30
7275,1331155,3,2003-06-06
7275,866475,3,2004-08-10
7275,798490,2,2004-04-16
7275,1142246,4,2004-04-20
7275,508897,4,2004-11-19
7275,251324,4,2004-11-26
7275,245841,3,2004-12-06
7275,1949871,1,2005-02-08
7275,1887035,4,2005-03-22
7275,2623871,3,2005-04-07
7275,1342995,3,2005-04-19
7275,1383882,3,2005-06-07
7275,1936252,1,2000-12-28
7275,980993,3,2000-11-23
7275,472180,3,2002-01-20
7275,1575746,2,2004-04-25
7275,712653,3,2004-07-19
7275,270484,4,2003-09-17
7275,721996,4,2004-01-07
7275,1454387,3,2003-02-14
7275,1508115,5,2005-07-27
7275,1639238,4,2004-07-06
7275,693593,4,2004-04-24
7275,2622809,4,2005-08-22
7275,393669,5,2004-03-09
7275,1537336,2,2004-04-04
7275,815207,4,2004-06-07
7275,1704966,3,2004-07-11
7275,1184378,5,2004-05-06
7275,1236929,3,2004-09-10
7275,2253306,4,2005-01-12
7275,155281,3,2005-01-29
7275,550659,3,2005-05-03
7275,2503265,4,2005-11-28
7275,1504523,5,2005-12-21
7275,1824009,3,2001-10-26
7275,1076756,4,2004-07-05
7275,235551,4,2002-07-15
7275,763155,4,2004-09-02
7275,1010136,5,2005-09-09
7275,880548,4,2004-04-11
7275,1971298,3,2004-07-21
7275,250149,5,2004-09-06
7275,2438141,3,2004-12-31
7275,50214,3,2005-06-05
7275,2293836,3,2005-06-27
7275,2494857,2,2000-11-24
7275,2076738,4,2001-01-29
7275,254535,4,2004-08-10
7275,505713,3,2004-03-19
7275,1594708,3,2002-04-07
7275,1053172,2,2004-01-20
7275,2378112,3,2004-08-06
7275,2091625,1,2003-07-20
7275,1107775,2,2004-05-25
7275,2522503,3,2004-09-25
7275,26334,3,2004-10-08
7275,1908136,4,2005-01-03
7275,712541,2,2005-05-19
7275,632821,5,2005-06-01
7275,464335,4,2005-12-17
7275,248730,3,2001-03-10
7275,37868,4,2001-03-13
7275,1661084,3,2001-02-24
7275,946158,4,2001-02-10
7275,1450015,2,2001-03-31
7275,948733,4,2003-03-11
7275,1718526,2,2002-11-03
7275,63890,3,2002-07-25
7275,2437306,2,2003-03-13
7275,10638,4,2002-09-04
7275,30885,3,2004-04-06
7275,1973557,4,2005-08-30
7275,2591100,4,2004-07-08
7275,1814467,4,2004-06-20
7275,1910693,3,2005-01-05
7275,10954,4,2005-01-22
7275,1100167,3,2005-02-11
7275,2239734,4,2005-03-04
7275,2054870,3,2005-04-15
7275,478633,2,2005-05-12
7275,471462,5,2005-06-27
7275,1540315,4,2005-09-06
7275,1514089,1,2005-09-20
7275,2357912,3,2005-09-28
7275,1233457,3,2002-11-30
7275,1659198,2,2003-09-01
7275,14391,4,2004-01-10
7275,601778,5,2002-07-09
7275,1758625,3,2005-08-03
7275,609555,4,2003-03-31
7275,250785,4,2004-08-10
7275,2053020,2,2004-08-24
7275,1514867,3,2004-02-19
7275,2525542,2,2004-03-12
7275,2078245,2,2004-05-17
7275,2340602,4,2004-11-07
7275,84619,3,2004-11-07
7275,846510,3,2004-12-29
7275,267378,3,2005-01-02
7275,1970337,2,2005-03-28
7275,1464733,5,2005-05-18
7275,185319,3,2005-06-16
7275,2062244,3,2005-09-22
7275,1002943,3,2005-11-01
7275,327821,4,2003-04-11
7275,1090296,5,2002-10-29
7275,1739440,1,2001-03-17
7275,2472204,3,2004-12-04
7275,120365,4,2003-05-20
7275,612116,3,2004-01-06
7275,749992,5,2004-08-23
7275,2543825,3,2003-11-11
7275,190547,3,2004-06-22
7275,2038623,4,2004-11-30
7275,1706691,4,2005-03-19
7275,85562,2,2005-06-14
7275,609639,1,2005-10-14
7275,2372141,4,2000-11-01
7275,878408,5,2002-05-16
7275,1815283,2,2002-04-19
7275,2541854,4,2004-01-21
7275,1521960,3,2002-08-10
7275,2591965,2,2001-06-29
7275,139989,3,2002-07-16
7275,2530042,3,2004-04-25
7275,719246,3,2003-04-16
7275,1477600,5,2003-03-22
7275,1755096,4,2004-01-19
7275,120748,5,2003-03-30
7275,1800377,3,2005-08-22
7275,2361378,5,2003-10-31
7275,1984995,4,2004-02-26
7275,2291306,2,2004-03-03
7275,762835,3,2004-05-26
7275,1689683,4,2004-09-20
7275,722591,4,2004-10-01
7275,1346943,3,2005-04-28
7275,627717,5,2005-06-15
7275,2301767,2,2005-09-16
7275,1788839,3,2005-09-23
7275,155396,3,2004-11-27
7275,542580,5,2001-04-14
7275,2001318,3,2002-04-23
7275,2342019,5,2003-02-14
7275,1877497,3,2004-05-03
7275,1344086,4,2002-09-17
7275,1744702,4,2004-05-17
7275,997358,4,2004-07-21
7275,874983,4,2004-08-09
7275,203369,3,2004-11-11
7275,2216837,3,2004-12-10
7275,665537,3,2005-01-24
7275,822509,3,2005-03-21
7275,2143348,5,2005-05-09
7275,3321,2,2005-12-31
7275,2490799,3,2000-12-30
7275,613260,3,2003-06-11
7275,2343748,4,2004-08-27
7275,2550711,3,2004-09-18
7275,1479273,2,2005-01-27
7275,570293,2,2005-05-20
7275,1309403,3,2005-10-08
7275,1428005,2,2005-11-13
7275,1332122,3,2005-11-30
7275,333323,3,2001-03-27
7275,2469483,4,2000-11-25
7275,513050,2,2003-02-11
7275,2365059,3,2003-01-18
7275,387106,4,2004-03-01
7275,1674912,1,2004-01-05
7275,1655662,3,2004-04-06
7275,1376324,2,2004-06-23
7275,299599,3,2005-02-28
7275,64996,5,2005-03-17
7275,1359449,1,2005-04-06
7275,1324068,3,2005-04-16
7275,186973,4,2004-11-26
7275,1955169,2,2000-12-10
7275,180715,4,2001-07-28
7275,156518,3,2001-09-29
7275,1804968,3,2003-08-04
7275,1662883,3,2002-04-23
7275,658059,3,2002-03-03
7275,611729,3,2002-06-15
7275,788358,3,2004-06-14
7275,2155298,1,2003-03-21
7275,1269998,4,2002-09-10
7275,1377693,3,2002-09-19
7275,163721,3,2003-07-14
7275,2562833,3,2004-10-19
7275,407877,4,2004-12-01
7275,1374572,5,2005-01-26
7275,1167135,4,2005-03-07
7275,1009335,4,2005-03-16
7275,354983,3,2004-05-17
7275,1414746,3,2001-06-08
7275,1042584,2,2001-07-10
7275,1424040,3,2001-01-23
7275,167005,2,2001-03-03
7275,2456062,2,2004-08-24
7275,1344702,3,2002-11-02
7275,824478,4,2003-09-03
7275,1874720,5,2002-06-24
7275,2309047,3,2001-11-30
7275,1194911,3,2002-05-02
7275,2071037,4,2002-08-05
7275,2461433,3,2005-08-02
7275,450285,5,2002-08-21
7275,2258212,3,2004-02-11
7275,980739,2,2003-12-29
7275,513285,3,2004-02-10
7275,1839750,4,2004-08-21
7275,156668,4,2004-10-27
7275,2646591,2,2005-05-20
7275,722174,3,2005-06-30
7275,2176634,3,2005-12-09
7275,341933,3,2005-07-08
7275,531533,4,2000-11-15
7275,1716332,4,2002-11-10
7275,198152,5,2004-04-21
7275,858248,3,2003-07-07
7275,2347744,3,2003-11-13
7275,2086905,2,2003-05-13
7275,651541,2,2004-07-12
7275,622720,4,2004-05-17
7275,660279,3,2004-05-09
7275,2121879,2,2004-09-20
7275,2295501,2,2004-10-21
7275,1622201,1,2004-10-28
7275,423195,3,2005-01-06
7275,1847407,1,2005-01-31
7275,1041130,2,2005-02-24
7275,2595923,5,2005-04-06
7275,1811259,3,2005-04-13
7275,2206985,3,2005-06-23
7275,679545,3,2005-06-24
7275,1833347,4,2005-11-03
7275,2292741,3,2005-12-30
7275,2066490,3,2000-11-02
7275,1232442,2,2001-10-03
7275,2155108,2,2001-02-21
7275,2130621,1,2005-07-15
7275,595001,4,2002-02-02
7275,1166309,2,2002-04-15
7275,1600000,3,2004-04-07
7275,504729,4,2003-07-11
7275,834344,4,2005-08-16
7275,178746,5,2003-09-23
7275,2222062,5,2003-08-22
7275,2275994,3,2004-05-22
7275,1476874,4,2004-10-29
7275,211664,4,2004-12-31
7275,1999811,5,2005-11-05
7275,2156165,2,2001-09-11
7275,1657258,1,2001-04-28
7275,214501,4,2002-08-02
7275,1193090,2,2003-03-14
7275,1348456,3,2003-02-27
7275,1835795,4,2003-10-21
7275,2510301,4,2002-08-20
7275,1820313,3,2002-08-09
7275,609352,5,2004-05-04
7275,571932,3,2004-05-20
7275,752702,4,2004-05-19
7275,619826,4,2004-09-20
7275,2561009,4,2004-10-01
7275,2296538,5,2004-10-14
7275,1906855,4,2004-12-08
7275,320856,3,2005-01-19
7275,1039996,1,2005-02-16
7275,295393,4,2005-05-06
7275,1650935,3,2005-06-21
7275,1902417,3,2005-06-21
7275,2376860,3,2005-09-12
7275,2427704,5,2005-10-21
7275,1315577,5,2005-10-25
7275,490337,5,2005-10-28
7275,2456207,4,2001-03-28
7275,564225,1,2001-02-12
7275,1425393,5,2005-07-11
7275,1172676,3,2002-06-15
7275,2339332,2,2001-07-27
7275,1317256,2,2001-09-20
7275,2329289,3,2001-10-26
7275,670416,3,2002-08-06
7275,1039760,4,2002-05-03
7275,227387,5,2002-06-01
7275,2426928,1,2003-04-15
7275,1559083,3,2003-11-22
7275,218859,5,2003-12-05
7275,1565023,5,2004-01-17
7275,1053828,5,2004-04-21
7275,1528604,2,2004-06-22
7275,1684485,3,2004-10-06
7275,83621,3,2004-12-13
7275,717135,5,2005-02-11
7275,1871894,2,2005-03-07
7275,2377647,3,2005-10-28
7275,1821847,3,2005-07-05
7275,335615,4,2002-01-24
7275,2094973,5,2001-09-19
7275,1964531,2,2003-12-09
7275,93769,3,2002-05-14
7275,1314027,5,2002-02-04
7275,1998654,3,2005-07-23
7275,1851346,5,2005-08-05
7275,1302012,2,2004-05-24
7275,1995618,3,2003-03-31
7275,518823,4,2005-08-17
7275,2184768,3,2003-02-24
7275,720060,5,2004-03-22
7275,169053,3,2004-10-20
7275,336882,2,2004-11-11
7275,357431,3,2005-01-19
7275,485334,3,2005-03-01
7275,1984315,3,2005-06-15
7275,747972,3,2005-10-15
7275,1937908,1,2005-07-07
7275,152441,4,2003-09-10
7275,849654,4,2005-07-13
7275,497986,3,2000-12-15
7275,730856,3,2002-03-29
7275,111109,3,2002-05-30
7275,1777731,2,2004-07-15
7275,715339,2,2003-07-13
7275,929407,4,2003-01-19
7275,1481112,3,2004-07-14
7275,405637,3,2004-06-29
7275,1355066,2,2004-08-13
7275,781672,4,2004-10-03
7275,1019827,2,2004-10-05
7275,1617915,3,2004-10-18
7275,984023,3,2004-11-25
7275,1017068,3,2005-02-17
7275,2143960,3,2005-03-05
7275,828657,5,2005-04-03
7275,1850620,4,2005-09-23
7275,1919975,4,2002-09-05
7275,381625,4,2003-11-19
7275,467431,2,2005-08-12
7275,1601558,3,2005-08-25
7275,1106196,3,2004-10-26
7275,2533665,2,2004-12-31
7275,798394,3,2005-02-23
7275,85824,3,2005-04-03
7275,1840584,5,2005-04-11
7275,394189,2,2005-12-30
7275,53880,1,2001-01-26
7275,422071,3,2000-11-12
7275,716173,4,2005-07-07
7275,1882757,2,2003-09-02
7275,1094010,3,2002-06-19
7275,850522,3,2003-07-24
7275,1663881,1,2003-10-21
7275,1466370,4,2001-12-05
7275,1974679,1,2002-03-13
7275,78684,2,2002-04-01
7275,2574484,2,2002-05-26
7275,2435795,3,2004-03-31
7275,2473818,2,2003-06-09
7275,2176304,4,2004-06-25
7275,2117910,4,2004-08-19
7275,1230729,3,2004-04-22
7275,212982,3,2004-06-04
7275,1198828,4,2004-05-19
7275,1039037,4,2004-08-13
7275,1369971,5,2004-10-18
7275,2150322,2,2005-01-19
7275,523313,2,2005-02-23
7275,2004939,3,2005-03-29
7275,1332725,3,2005-06-02
7275,886247,4,2005-10-16
7275,431326,2,2005-10-17
7275,2202688,3,2005-10-25
7275,1493247,3,2004-01-31
7275,2220370,3,2003-04-12
7275,1812757,3,2002-09-24
7275,2457319,2,2002-10-30
7275,1566002,1,2001-12-29
7275,870526,3,2002-03-26
7275,1874163,5,2002-03-30
7275,1634520,1,2004-04-26
7275,1229498,3,2003-06-19
7275,360005,4,2005-08-14
7275,2459434,5,2004-08-11
7275,630732,2,2004-11-29
7275,1299887,2,2005-02-17
7275,1914814,3,2005-03-03
7275,2118863,4,2005-03-16
7275,924758,4,2005-04-08
7275,208435,3,2005-05-23
7275,2009653,1,2005-06-01
7275,665018,2,2005-10-06
7275,1030295,3,2005-12-05
7275,2044355,2,2001-09-01
7275,2295594,2,2002-05-05
7275,766133,4,2003-09-11
7275,2315912,3,2005-08-04
7275,2455675,2,2002-07-29
7275,1446061,4,2003-04-16
7275,316149,2,2004-09-15
7275,1319103,2,2004-01-05
7275,77313,2,2003-05-18
7275,854849,3,2004-06-23
7275,2314123,4,2004-06-29
7275,978708,4,2004-06-15
7275,399643,5,2004-08-16
7275,1130380,3,2004-03-11
7275,1531093,3,2004-04-29
7275,91234,3,2004-08-19
7275,307517,3,2004-09-28
7275,1591124,3,2004-12-08
7275,416435,5,2005-01-04
7275,983437,5,2005-03-04
7275,750327,4,2005-04-03
7275,1325678,3,2005-09-22
7275,1806913,3,2001-03-07
7275,1090951,5,2002-03-22
7275,145745,5,2002-07-17
7275,1880039,4,2004-03-01
7275,16272,3,2002-06-28
7275,1408476,4,2002-06-25
7275,2021943,3,2002-08-03
7275,1242653,3,2002-10-14
7275,718423,3,2004-03-14
7275,443835,2,2003-07-13
7275,2011630,5,2005-01-30
7275,1582952,3,2005-02-07
7275,504620,1,2005-10-27
7275,1370564,1,2003-11-26
7275,662888,3,2001-03-11
7275,2195802,4,2002-07-13
7275,831839,3,2003-04-01
7275,2477339,4,2003-02-14
7275,1753194,3,2002-12-06
7275,1371451,5,2004-01-10
7275,1802986,2,2004-06-29
7275,1771348,3,2004-11-07
7275,636421,1,2004-12-01
7275,2465503,4,2005-06-10
7275,1720731,3,2005-06-24
7275,2402803,4,2002-08-25
7275,2591450,3,2001-12-10
7275,1369633,3,2002-01-31
7275,2277114,5,2002-05-29
7275,1290148,4,2001-12-05
7275,2484680,3,2003-08-08
7275,936113,2,2003-03-04
7275,1322292,4,2002-09-04
7275,1281098,4,2003-06-19
7275,1692069,4,2003-02-21
7275,531396,4,2005-08-08
7275,929499,5,2004-07-23
7275,273541,3,2003-01-12
7275,1987833,2,2004-04-12
7275,1841951,4,2004-01-05
7275,2505048,3,2004-05-07
7275,738379,2,2004-11-01
7275,750067,2,2004-12-13
7275,763551,5,2005-01-04
7275,1163417,4,2005-01-24
7275,958604,3,2005-04-04
7275,101238,3,2005-05-25
7275,1276397,2,2005-07-02
7275,764200,4,2001-12-07
7275,2586314,2,2002-03-26
7275,1097099,4,2002-01-14
7275,805055,3,2003-04-06
7275,2346201,3,2004-06-21
7275,1873821,3,2005-01-12
7275,1236561,4,2005-02-09
7275,1677070,4,2005-04-01
7275,1194439,3,2005-11-11
7275,1843643,4,2005-11-23
7275,1691319,3,2005-07-05
7275,427173,4,2002-10-10
7275,2432980,4,2002-08-18
7275,733919,4,2004-08-12
7275,334643,2,2002-06-29
7275,2360137,2,2004-09-07
7275,379952,3,2003-03-04
7275,1696428,2,2002-11-05
7275,1810833,5,2003-06-19
7275,354918,4,2003-06-02
7275,1016561,3,2004-02-11
7275,1329443,3,2004-06-09
7275,226048,3,2004-05-12
7275,923109,4,2004-04-03
7275,1300416,4,2004-08-03
7275,561184,3,2004-10-07
7275,1645937,3,2004-11-04
7275,82279,2,2004-11-29
7275,1292165,5,2005-03-02
7275,2637085,3,2005-05-11
7275,2432559,3,2005-11-12
7275,2028530,4,2005-11-29
7275,1753013,3,2001-04-20
7275,464069,5,2001-05-08
7275,1816535,4,2001-07-24
7275,2152930,3,2001-10-29
7275,2141630,3,2003-09-24
7275,158086,4,2003-01-19
7275,1291710,1,2004-09-11
7275,830745,4,2003-03-19
7275,243260,3,2003-07-22
7275,1378126,4,2004-04-12
7275,652618,3,2004-01-05
7275,591238,3,2004-08-26
7275,1031029,1,2004-12-11
7275,1490137,5,2005-09-28
7275,486644,3,2005-12-01
7275,1030342,4,2005-12-09
7275,638564,2,2001-01-21
7275,2208120,3,2001-01-15
7275,377214,3,2000-11-25
7275,1617710,3,2001-06-23
7275,218271,3,2002-03-24
7275,2263064,2,2002-08-14
7275,2423640,2,2002-09-18
7275,970975,2,2005-08-11
7275,1009033,5,2004-03-09
7275,716292,2,2004-03-15
7275,969304,3,2004-01-28
7275,2626214,3,2004-09-13
7275,663880,3,2004-12-07
7275,1041187,4,2004-12-15
7275,655121,3,2005-04-11
7275,2209986,5,2005-05-26
7275,2164873,3,2005-06-13
7275,266023,4,2005-06-19
7275,1854660,1,2005-10-17
7275,949829,3,2005-10-20
7275,101722,3,2005-11-10
7275,1199363,2,2001-06-19
7275,572873,2,2002-05-05
7275,566978,3,2001-12-19
7275,1343948,4,2003-09-25
7275,459343,3,2004-04-14
7275,319229,3,2002-08-20
7275,1611338,3,2004-08-22
7275,305344,2,2003-02-24
7275,80548,3,2004-06-28
7275,1202670,2,2004-06-02
7275,84208,5,2004-08-17
7275,2526805,4,2004-12-25
7275,1477639,3,2005-10-14
7275,1279398,5,2005-07-15
7275,322287,2,2002-11-16
7275,1459464,5,2003-12-02
7275,915168,3,2002-10-26
7275,211010,5,2004-08-21
7275,29293,2,2003-10-30
7275,1923189,5,2004-03-01
7275,430972,4,2004-08-29
7275,1924228,2,2004-05-09
7275,1396761,3,2004-11-22
7275,2510054,3,2004-12-02
7275,2395450,4,2005-01-19
7275,1015350,4,2005-11-22
7275,844028,5,2002-09-30
7275,1888914,3,2002-12-28
7275,1031993,1,2002-05-09
7275,1994815,2,2003-09-15
7275,434585,3,2002-08-20
7275,2226510,3,2004-04-06
7275,327401,3,2004-01-07
7275,2121940,3,2004-01-02
7275,1952102,4,2004-03-02
7275,489311,3,2004-10-01
7275,1978089,3,2004-11-06
7275,1529028,3,2004-11-12
7275,1226957,3,2005-01-04
7275,326839,2,2005-03-21
7275,1939632,2,2005-12-15
7275,1710658,2,2005-12-15
7275,759289,2,2001-09-16
7275,163288,1,2002-01-28
7275,492111,3,2005-07-08
7275,1800528,4,2001-05-09
7275,1403217,3,2005-07-22
7275,949240,5,2004-06-15
7275,1881106,3,2005-07-25
7275,1867548,1,2003-05-11
7275,2557876,5,2002-12-27
7275,855822,5,2003-07-10
7275,2276790,3,2004-01-29
7275,1830031,5,2004-12-07
7275,2220099,3,2005-01-03
7275,30274,3,2005-03-11
7275,1219960,3,2005-03-19
7275,2278766,4,2001-06-01
7275,2026793,4,2005-07-08
7275,639533,3,2001-02-26
7275,2313035,2,2001-05-18
7275,1466405,2,2001-08-12
7275,1874848,2,2001-05-05
7275,282654,3,2002-12-15
7275,1912542,1,2003-08-11
7275,2190324,3,2004-05-25
7275,35996,5,2003-02-14
7275,875233,5,2003-08-21
7275,1722514,3,2003-08-28
7275,1447179,4,2004-10-16
7275,1943395,2,2005-03-15
7275,170551,3,2005-03-25
7275,2490190,2,2005-04-27
7275,388421,3,2005-07-10
7275,686137,1,2000-11-03
7275,1763740,4,2001-03-01
7275,74441,3,2001-03-07
7275,203347,5,2002-06-26
7275,1192843,3,2003-01-15
7275,112039,1,2003-12-12
7275,512629,4,2003-04-21
7275,1378512,3,2005-08-17
7275,1557231,2,2004-02-28
7275,899796,4,2003-09-07
7275,81437,3,2004-06-30
7275,2559013,3,2004-11-17
7275,2439696,5,2004-11-27
7275,1516101,2,2004-11-28
7275,2491732,4,2004-12-26
7275,761014,4,2005-01-09
7275,2294628,4,2005-03-16
7275,743813,3,2005-03-23
7275,1215846,2,2005-04-18
7275,1823851,3,2005-04-25
7275,406992,3,2005-09-12
7275,2508883,4,2005-09-24
7275,520996,3,2005-12-04
7275,1165740,3,2005-07-08
7275,2279562,3,2000-12-19
7275,76119,3,2002-02-17
7275,2450942,2,2003-09-16
7275,333573,4,2001-02-21
7275,1774783,2,2001-05-18
7275,1340179,3,2003-03-03
7275,32504,3,2003-06-10
7275,2221106,4,2002-01-03
7275,232877,4,2003-09-15
7275,789666,2,2003-02-12
7275,805379,1,2003-03-06
7275,103623,4,2003-12-08
7275,1905121,3,2004-06-13
7275,2030141,4,2004-08-10
7275,1794725,4,2004-02-16
7275,2204264,2,2004-10-17
7275,633643,5,2004-11-03
7275,1286816,4,2004-11-15
7275,390289,2,2004-12-31
7275,1663459,4,2005-01-19
7275,1764173,4,2005-04-01
7275,1311480,3,2005-10-16
7275,2568149,1,2000-11-02
7275,1512029,3,2004-06-15
7275,2105602,1,2003-07-23
7275,642983,3,2001-02-02
7275,2198089,5,2002-09-27
7275,541831,3,2003-05-21
7275,1988735,2,2003-05-27
7275,1205107,5,2003-01-01
7275,265507,4,2002-12-10
7275,1762067,5,2003-05-18
7275,2332797,3,2004-03-15
7275,774602,3,2004-03-02
7275,620010,2,2004-07-29
7275,46263,4,2004-12-11
7275,2105453,3,2005-01-09
7275,1391647,3,2005-01-10
7275,779616,3,2005-01-12
7275,298087,3,2005-02-21
7275,296555,3,2005-03-03
7275,1627382,2,2005-06-12
7275,1559582,3,2002-05-14
7275,306569,4,2000-10-03
7275,266443,4,2002-04-27
7275,444798,1,2001-09-09
7275,2049876,1,2002-04-18
7275,2504095,3,2005-07-21
7275,1064540,1,2003-03-12
7275,1681961,3,2004-06-30
7275,2090715,2,2004-08-06
7275,1803019,2,2004-07-23
7275,1692524,5,2005-09-01
7275,109781,4,2004-02-26
7275,1143430,4,2004-04-26
7275,470222,5,2004-07-24
7275,2548362,4,2004-07-25
7275,363845,5,2005-05-27
7275,553908,4,2005-06-10
7275,624654,4,2005-06-11
7275,1939988,1,2005-10-05
7275,2191674,3,2005-10-10
7275,2498718,3,2005-11-26
7275,10268,3,2001-07-18
7275,1643146,1,2002-01-28
7275,1883016,4,2004-11-22
7275,1480781,2,2001-08-24
7275,988817,3,2002-08-30
7275,194044,3,2004-01-26
7275,2587773,3,2003-05-24
7275,1376404,3,2002-09-21
7275,158121,3,2002-02-15
7275,211464,2,2002-12-17
7275,2412920,2,2003-11-17
7275,1173994,5,2003-06-27
7275,1683247,2,2004-09-13
7275,614613,1,2004-03-10
7275,1652819,3,2004-08-30
7275,1818907,4,2005-04-22
7275,797834,3,2005-09-26
7275,1181649,5,2005-10-03
7275,459816,3,2000-12-10
7275,1145912,2,2002-04-11
7275,341982,2,2002-08-20
7275,1634461,3,2001-09-09
7275,132354,3,2002-12-10
7275,2135015,5,2004-07-07
7275,1569728,3,2003-04-09
7275,1426049,5,2004-02-04
7275,2051737,3,2004-10-08
7275,192681,2,2004-11-07
7275,2259118,3,2005-04-04
7275,2324905,3,2005-07-05
7275,760643,2,2000-12-05
7275,1970003,2,2000-12-15
7275,2167896,2,2003-02-11
7275,1902604,4,2002-05-15
7275,849916,4,2005-02-20
7275,50095,4,2001-12-27
7275,2279609,1,2003-04-19
7275,2290591,2,2002-09-22
7275,477028,3,2003-05-02
7275,1613983,2,2003-11-10
7275,588163,3,2004-12-02
7275,1909393,2,2004-12-23
7275,479547,4,2005-01-02
7275,1168138,2,2005-05-15
7275,1345162,3,2005-10-08
7275,2470844,4,2005-11-15
7275,2557364,3,2001-11-20
7275,1431998,3,2003-04-07
7275,2693,2,2002-02-21
7275,1029185,5,2002-12-17
7275,559090,3,2004-02-26
7275,2328632,4,2002-10-24
7275,1236960,5,2004-04-13
7275,459145,3,2004-11-26
7275,2523748,4,2004-12-26
7275,967953,3,2005-01-08
7275,938884,2,2005-05-23
7275,1769985,3,2005-06-10
7275,798248,5,2005-10-14
7275,2264084,5,2005-10-31
7275,611791,4,2005-11-30
7275,1196870,3,2005-12-27
7275,950421,5,2001-12-02
7275,2179898,4,2001-09-22
7275,2079426,1,2003-12-11
7275,858298,3,2003-02-18
7275,525446,5,2002-09-10
7275,1046839,4,2004-04-14
7275,2264422,3,2003-04-28
7275,616822,5,2004-02-26
7275,964889,1,2005-09-15
7275,696482,4,2004-01-29
7275,159159,3,2004-01-27
7275,1019682,4,2004-10-10
7275,747452,4,2004-11-23
7275,1858243,4,2004-11-27
7275,2524491,2,2005-04-07
7275,488267,4,2005-11-16
7275,1745927,3,2002-02-23
7275,2079663,3,2001-07-29
7275,415762,4,2002-02-21
7275,223043,3,2002-06-15
7275,1258876,3,2003-03-16
7275,2293798,5,2003-01-09
7275,704998,3,2004-05-12
7275,70456,5,2004-03-23
7275,1596128,4,2005-08-18
7275,1827007,3,2003-11-10
7275,1359730,3,2003-03-28
7275,2287125,4,2004-06-03
7275,995426,3,2004-06-02
7275,2282751,4,2004-01-26
7275,2397396,4,2004-04-02
7275,1283171,5,2004-06-12
7275,855079,2,2004-09-22
7275,2222374,3,2004-11-04
7275,192420,5,2004-11-29
7275,920088,2,2005-03-22
7275,2492268,3,2005-05-20
7275,730064,5,2005-06-02
7275,721406,3,2005-06-02
7275,1656649,4,2005-09-02
7275,2191815,5,2005-07-09
7275,512541,3,2001-10-26
7275,253047,4,2001-08-02
7275,354294,3,2002-05-30
7275,780850,2,2000-12-27
7275,1196837,2,2001-06-23
7275,1779681,3,2003-04-10
7275,2502728,3,2004-05-05
7275,1762296,1,2005-08-20
7275,1262941,2,2003-04-29
7275,1539828,1,2004-08-18
7275,1278647,4,2004-07-07
7275,2270041,1,2005-01-29
7275,573736,3,2005-02-11
7275,493500,3,2005-06-08
7275,912309,2,2001-06-20
7275,439970,2,2002-06-26
7275,1196440,5,2003-12-10
7275,2521287,2,2002-11-13
7275,1852437,5,2003-08-21
7275,109023,3,2003-01-05
7275,1714546,3,2003-09-05
7275,2289940,3,2004-08-04
7275,594244,5,2004-10-24
7275,1937441,4,2004-11-19
7275,1431356,3,2005-02-25
7275,589682,4,2005-05-22
7275,1015971,2,2005-10-31
7275,1776584,5,2005-12-08
7275,591288,3,2001-08-24
7275,464626,2,2001-03-02
7275,2598647,3,2001-04-23
7275,638657,2,2002-05-21
7275,1912847,3,2002-08-12
7275,2350141,3,2002-05-06
7275,2180090,4,2002-05-26
7275,1383921,2,2003-03-17
7275,2130611,2,2003-07-02
7275,2110669,2,2004-08-30
7275,987447,4,2004-02-19
7275,134397,1,2004-08-23
7275,523905,5,2004-08-09
7275,1000410,3,2004-08-06
7275,1152594,3,2004-01-16
7275,2057165,1,2005-02-17
7275,384941,4,2005-03-02
7275,2029705,2,2005-06-21
7275,133993,2,2005-10-04
7275,1841247,5,2005-10-11
7275,2579257,5,2005-10-17
7275,1391246,3,2005-07-15
7275,1202962,3,2001-12-22
7275,752642,3,2001-03-09
7275,537186,2,2001-05-07
7275,128040,2,2004-07-10
7275,871332,4,2002-07-22
7275,1391691,4,2001-11-08
7275,2006715,4,2003-11-26
7275,2386069,1,2003-10-11
7275,487818,3,2004-03-09
7275,597410,1,2004-07-31
7275,1221519,3,2005-05-14
7275,1075444,3,2005-10-03
7275,164685,3,2005-12-14
7275,2245465,3,2001-02-23
7275,1527361,5,2003-12-24
7275,395662,3,2001-03-28
7275,536103,4,2001-06-21
7275,2407453,4,2004-02-06
7275,1528748,3,2002-02-04
7275,946972,2,2003-03-19
7275,563632,3,2002-07-31
7275,1476797,4,2005-08-14
7275,1638987,3,2004-03-15
7275,2218735,5,2003-12-21
7275,1100983,4,2004-10-12
7275,2101050,5,2004-11-25
7275,511899,3,2005-04-29
7275,1827533,3,2005-09-12
7275,1903604,3,2005-09-27
7275,2403240,4,2005-11-01
7275,1334971,3,2005-11-03
7275,1279037,1,2005-12-27
7275,1157212,3,2003-03-08
7275,1900026,5,2001-06-29
7275,1908103,2,2001-02-23
7275,1976216,3,2001-05-17
7275,791625,4,2003-07-29
7275,1300628,3,2001-07-07
7275,1270913,3,2002-04-17
7275,2202461,3,2003-05-21
7275,2450203,4,2004-03-13
7275,1010200,3,2002-10-27
7275,421240,3,2003-10-16
7275,323005,4,2004-05-12
7275,1511565,5,2004-10-29
7275,1692152,2,2005-04-04
7275,1075030,4,2005-04-07
7275,418279,5,2005-10-20
7275,2177576,4,2005-12-28
7275,826696,4,2001-01-05
7275,1318530,3,2002-07-31
7275,2385134,2,2000-12-05
7275,2408204,5,2001-01-03
7275,1561310,3,2002-08-08
7275,1125365,3,2002-04-23
7275,1306287,2,2003-01-09
7275,110521,3,2003-01-12
7275,2580101,5,2004-03-02
7275,188190,3,2003-05-31
7275,1841818,3,2004-06-11
7275,1060623,3,2004-05-20
7275,1054796,3,2004-06-22
7275,951057,2,2004-11-18
7275,1920565,2,2005-02-10
7275,2201591,4,2005-04-06
7275,1244123,4,2005-05-13
7275,11731,3,2001-12-30
7275,606605,3,2005-07-07
7275,425469,1,2005-07-22
7275,1384373,4,2003-09-22
7275,893731,3,2003-06-22
7275,2029766,3,2003-03-23
7275,844451,5,2002-08-11
7275,2103032,4,2004-03-12
7275,118113,4,2003-03-21
7275,200362,3,2005-08-16
7275,1819722,1,2004-07-08
7275,1991863,4,2004-04-06
7275,1048884,4,2004-05-15
7275,2360665,2,2004-09-21
7275,1201248,5,2005-03-14
7275,1550730,4,2005-04-18
7275,1347915,2,2005-06-28
7275,1576405,3,2005-09-13
7275,919477,3,2005-10-09
7275,1735742,4,2005-10-12
7275,2475656,1,2002-03-09
7275,515493,3,2002-02-24
7275,121182,4,2001-02-28
7275,21785,5,2002-03-25
7275,2160851,4,2004-08-27
7275,2595820,2,2003-11-11
7275,2056022,2,2003-01-18
7275,1660384,3,2003-10-30
7275,1830528,2,2003-12-03
7275,664483,4,2004-05-25
7275,400440,3,2004-10-28
7275,603543,2,2004-12-01
7275,1613778,2,2005-01-03
7275,802610,4,2005-01-12
7275,326356,3,2005-01-25
7275,895738,3,2005-03-10
7275,1888243,3,2005-03-18
7275,1036836,4,2005-04-15
7275,2545270,3,2005-04-21
7275,210861,4,2005-06-01
7275,2198999,4,2005-06-16
7275,816435,3,2005-10-13
7275,1118120,4,2005-10-22
7275,879334,4,2000-12-08
7275,84303,4,2002-03-08
7275,1808989,4,2002-02-09
7275,71530,2,2003-06-19
7275,2397248,4,2003-04-21
7275,258319,3,2005-08-30
7275,2000004,2,2004-08-02
7275,423522,3,2004-06-17
7275,2000237,5,2004-08-02
7275,2375033,2,2004-06-13
7275,1311575,4,2004-04-13
7275,1615850,4,2004-11-09
7275,151874,5,2004-12-06
7275,2222006,4,2005-04-05
7275,646392,3,2005-06-26
7275,2341509,3,2005-06-26
7275,2509611,3,2005-11-05
7275,1882180,5,2004-03-31
7275,1609651,3,2000-12-07
7275,2525782,4,2004-05-24
7275,1615318,4,2003-06-27
7275,936417,3,2002-10-24
7275,1523608,3,2003-05-27
7275,1643666,4,2002-04-22
7275,1945671,3,2003-04-06
7275,798104,5,2004-09-12
7275,2529418,3,2004-05-27
7275,667166,3,2003-03-31
7275,1168767,3,2004-07-15
7275,1675643,4,2004-05-17
7275,1466543,4,2004-09-14
7275,307427,2,2004-03-06
7275,599898,4,2004-06-12
7275,2307846,5,2004-07-26
7275,1602759,4,2004-10-18
7275,2607433,4,2005-06-13
7275,441361,4,2005-09-12
7275,1790033,3,2005-11-02
7275,712405,3,2000-12-21
7275,1953718,3,2003-02-15
7275,1777527,1,2001-08-06
7275,141445,4,2003-03-05
7275,1476304,3,2005-07-19
7275,621146,3,2002-04-13
7275,1295586,2,2003-01-14
7275,1227261,2,2003-04-20
7275,1419774,4,2002-09-10
7275,1146580,3,2003-02-13
7275,508335,1,2004-05-30
7275,2458647,4,2003-07-10
7275,1103615,2,2004-02-27
7275,1452100,4,2004-08-13
7275,398887,2,2004-07-26
7275,1359627,5,2003-11-28
7275,2117432,3,2004-02-08
7275,692048,3,2004-03-10
7275,2247982,3,2004-08-17
7275,1354129,4,2004-10-19
7275,720737,5,2005-01-19
7275,1472668,4,2004-12-06
7275,1792548,3,2004-12-29
7275,279998,2,2005-06-18
7275,589729,4,2005-10-10
7275,1675007,3,2005-12-08
7275,785077,1,2001-12-18
7275,1723768,4,2001-02-04
7275,1867391,1,2004-01-26
7275,2161216,3,2002-01-16
7275,866366,3,2001-06-06
7275,432721,3,2002-08-21
7275,563942,3,2003-11-14
7275,2540648,5,2002-09-09
7275,600449,3,2005-08-14
7275,1991835,5,2004-07-23
7275,1731864,5,2004-11-19
7275,1819039,3,2004-12-13
7275,2176465,4,2005-02-10
7275,1421042,3,2005-04-23
7275,1418609,5,2005-06-21
7275,2095812,4,2005-12-14
7275,2558779,2,2002-07-16
7275,1635523,3,2002-11-25
7275,994031,2,2002-02-22
7275,1531338,4,2002-07-27
7275,1822245,3,2003-07-17
7275,375738,3,2002-02-16
7275,1479342,3,2002-02-25
7275,639210,3,2004-02-16
7275,2404243,3,2004-02-16
7275,2556238,5,2002-08-04
7275,197482,4,2002-12-04
7275,2031412,1,2003-03-23
7275,538005,1,2005-08-24
7275,364064,4,2003-04-24
7275,2166735,2,2005-09-02
7275,2287036,4,2004-04-05
7275,1045232,4,2004-07-10
7275,303087,3,2004-08-21
7275,479481,4,2004-05-04
7275,1432044,4,2004-10-01
7275,52920,4,2004-10-24
7275,2220012,5,2004-11-03
7275,1546620,4,2004-12-10
7275,877998,2,2005-01-10
7275,13432,2,2005-05-14
7275,861597,5,2005-10-04
7275,433713,3,2002-12-24
7275,1495562,3,2002-12-03
7275,2276659,2,2004-03-30
7275,2261891,4,2005-08-31
7275,2243558,4,2005-09-01
7275,624336,4,2004-04-19
7275,675604,4,2004-08-04
7275,439283,3,2004-07-08
7275,2460127,3,2004-01-26
7275,898009,3,2004-06-19
7275,426942,3,2005-01-27
7275,1044034,3,2005-04-05
7275,2545730,4,2005-06-01
7275,1955798,4,2000-08-30
7275,1470272,3,2004-01-02
7275,1784621,4,2001-11-01
7275,2304974,3,2002-06-21
7275,943314,4,2003-12-01
7275,357588,4,2003-04-03
7275,2067162,2,2005-08-27
7275,1404840,4,2005-08-31
7275,908626,3,2004-04-24
7275,2326980,5,2004-02-23
7275,1516350,5,2004-05-10
7275,2588416,4,2004-10-20
7275,1885714,1,2004-12-29
7275,456519,1,2005-02-15
7275,113262,2,2005-02-17
7275,1213065,3,2005-02-23
7275,2557240,3,2005-05-14
7275,2121720,2,2005-09-06
7275,1160362,4,2005-09-12
7275,322064,1,2005-11-07
7275,1229628,4,2005-12-31
7275,1261789,3,2002-09-26
7275,1519378,3,2005-02-06
7275,2114300,3,2002-02-05
7275,665505,4,2005-07-17
7275,918189,3,2002-07-02
7275,2055478,2,2002-05-04
7275,520704,3,2003-07-21
7275,71743,4,2004-03-16
7275,493680,5,2004-04-08
7275,854460,4,2004-05-17
7275,583875,5,2004-10-27
7275,2501068,3,2005-02-01
7275,922944,5,2005-04-22
7275,1495747,4,2005-10-03
7275,109177,5,2005-11-11
7275,1312680,2,2005-12-13
7275,2221981,4,2003-09-01
7275,1539389,2,2003-12-16
7275,1084484,2,2004-04-12
7275,16983,5,2004-04-28
7275,1842751,5,2004-12-08
7275,455688,3,2005-05-16
7275,1806515,3,2005-10-09
7275,2118461,4,2005-10-22
7275,2322250,4,2001-01-16
7275,1501011,2,2000-11-28
7275,2035000,4,2005-07-12
7275,2386868,2,2002-07-08
7275,2019050,2,2003-04-18
7275,1587469,1,2003-03-10
7275,1634498,4,2002-10-09
7275,1186997,3,2002-04-24
7275,1842592,1,2005-07-31
7275,1584855,4,2002-08-01
7275,1108065,3,2003-08-09
7275,2067462,3,2002-09-20
7275,1585696,3,2005-08-08
7275,281424,2,2004-08-30
7275,1448505,3,2004-09-02
7275,1009800,3,2004-11-05
7275,1934139,3,2004-12-29
7275,328844,3,2005-02-18
7275,1081489,4,2005-10-14
7275,522180,2,2005-11-27
7275,446674,2,2001-04-06
7275,1330494,4,2001-01-13
7275,1028480,5,2001-01-25
7275,1125516,2,2002-03-03
7275,861911,4,2002-03-10
7275,862852,4,2003-05-10
7275,298981,4,2003-05-26
7275,2273135,3,2004-06-12
7275,202623,5,2004-06-21
7275,255470,5,2004-07-18
7275,1887043,4,2004-12-08
7275,2061495,3,2005-09-10
7275,1548363,3,2005-04-06
7275,890367,3,2005-09-28
7275,1622338,3,2005-11-02
7275,2231278,3,2005-11-05
7275,1931937,3,2000-11-30
7275,508111,4,2000-12-14
7275,230967,4,2002-10-01
7275,1460630,4,2003-07-16
7275,1229664,3,2002-03-21
7275,2254751,3,2001-07-28
7275,874384,4,2003-12-09
7275,872408,3,2005-07-30
7275,387418,1,2003-10-10
7275,2575011,2,2005-08-06
7275,1282313,4,2005-09-02
7275,541826,4,2003-06-27
7275,1491023,5,2003-09-30
7275,977703,3,2004-04-26
7275,2149357,4,2004-09-28
7275,800983,3,2004-12-01
7275,341330,2,2004-12-19
7275,696609,3,2005-01-25
7275,61928,3,2005-05-28
7275,423167,4,2001-11-27
7275,2101985,5,2005-07-07
7275,700019,4,2000-12-16
7275,2409465,4,2005-07-13
7275,499357,3,2001-02-13
7275,2222089,2,2000-12-08
7275,1351112,4,2001-03-14
7275,2556523,5,2001-10-19
7275,1543836,2,2003-06-30
7275,1988633,5,2001-10-09
7275,2140471,3,2003-03-24
7275,1247574,3,2004-02-02
7275,805179,2,2004-09-20
7275,2205307,4,2004-11-07
7275,2452430,4,2005-01-13
7275,617717,4,2005-05-02
7275,500952,5,2005-06-22
7275,907859,3,2005-06-26
7275,1218545,3,2005-10-26
7275,766680,3,2004-01-22
7275,2614258,4,2001-05-08
7275,268750,1,2001-02-16
7275,1660348,3,2005-07-13
7275,204154,2,2004-06-17
7275,1133296,2,2005-02-20
7275,803605,3,2002-04-20
7275,978956,3,2002-04-11
7275,1029163,2,2002-05-05
7275,2630923,3,2004-02-04
7275,2296189,5,2003-12-16
7275,429260,1,2004-03-28
7275,2377537,5,2003-08-07
7275,676989,5,2004-01-27
7275,397212,5,2004-03-28
7275,2529630,3,2004-09-30
7275,2328881,3,2004-11-03
7275,1897930,1,2004-11-17
7275,7372,3,2004-11-24
7275,1301132,3,2004-12-14
7275,1114324,4,2005-02-16
7275,675386,4,2005-02-28
7275,2051980,3,2005-03-01
7275,1579484,4,2005-03-27
7275,2375867,3,2005-11-04
7275,2497498,1,2005-12-10
7275,2158527,2,2002-05-10
7275,1942272,3,2004-07-08
7275,2031731,2,2002-07-25
7275,1819034,5,2002-08-17
7275,1823860,5,2005-08-10
7275,1898799,4,2005-08-18
7275,2627352,3,2003-10-25
7275,332558,2,2003-03-31
7275,1736710,4,2004-06-10
7275,2487127,1,2004-03-29
7275,2625109,4,2005-01-10
7275,97611,3,2005-01-27
7275,2098223,2,2005-03-10
7275,1532976,5,2005-06-25
7275,491730,5,2002-03-21
7275,525945,3,2002-12-22
7275,2142056,2,2005-07-14
7275,1391654,3,2001-05-27
7275,1561564,5,2005-07-18
7275,1898263,2,2004-05-01
7275,167848,3,2002-04-25
7275,2594516,3,2003-03-05
7275,1501005,4,2002-06-03
7275,1404658,2,2002-09-10
7275,673871,4,2003-06-27
7275,967062,3,2005-08-16
7275,1467395,2,2003-03-26
7275,873478,3,2003-04-30
7275,745317,2,2004-02-06
7275,2073904,3,2004-05-29
7275,2264990,4,2004-07-25
7275,1945029,4,2004-11-03
7275,2402139,3,2004-11-09
7275,2127419,3,2005-01-19
7275,893014,3,2005-05-20
7275,1133199,1,2000-11-28
7275,2518672,3,2005-07-09
7275,1749656,3,2004-06-18
7275,385136,3,2004-04-11
7275,2407926,1,2001-03-31
7275,1334279,3,2004-06-22
7275,1246024,5,2001-12-16
7275,414048,2,2002-07-10
7275,636724,2,2005-08-29
7275,156303,1,2004-04-27
7275,772337,3,2004-03-11
7275,1932594,2,2004-07-09
7275,1360550,5,2004-06-30
7275,367727,3,2005-10-15
7275,1632041,3,2005-12-22
7275,2559719,4,2001-08-01
7275,3694,4,2000-11-03
7275,1453603,3,2002-09-06
7275,2267187,4,2002-05-25
7275,1174107,4,2002-11-25
7275,1130863,2,2002-02-06
7275,155159,1,2003-03-26
7275,917333,2,2002-10-14
7275,1422740,3,2004-05-04
7275,756162,5,2003-09-30
7275,1151120,4,2003-10-09
7275,637631,3,2003-11-30
7275,1073300,2,2004-04-22
7275,1881811,3,2004-01-22
7275,254486,3,2004-09-30
7275,738299,4,2004-10-30
7275,978886,2,2005-01-11
7275,1953635,4,2005-02-27
7275,1266186,3,2005-03-25
7275,491203,3,2005-06-30
7275,985941,3,2005-09-13
7275,79940,5,2001-06-02
7275,2649097,2,2002-04-21
7275,749139,5,2000-10-24
7275,852193,3,2000-12-13
7275,342020,4,2002-01-28
7275,595994,3,2002-07-28
7275,1715603,5,2002-09-20
7275,987574,4,2004-04-12
7275,1059045,4,2004-05-29
7275,1902291,4,2003-09-25
7275,1238194,3,2004-04-08
7275,1997963,4,2003-11-18
7275,1392721,2,2005-01-19
7275,2207522,5,2005-03-09
7275,237278,3,2005-03-11
7275,1544814,1,2005-06-12
7275,1327883,2,2001-07-11
7275,2617995,2,2002-07-11
7275,706276,1,2001-07-04
7275,2616235,4,2005-07-19
7275,1456866,4,2005-08-01
7275,1663694,3,2004-01-24
7275,1913241,5,2004-02-09
7275,2330113,5,2005-05-05
7275,705060,4,2005-10-18
7275,43816,4,2001-01-16
7275,1630645,2,2001-04-07
7275,139258,1,2005-07-11
7275,292269,4,2004-04-30
7275,2504007,3,2002-06-06
7275,292654,4,2002-02-04
7275,1282507,4,2002-05-01
7275,680004,3,2002-06-04
7275,5027,1,2003-11-12
7275,2151845,3,2003-11-14
7275,2217548,4,2004-05-01
7275,987337,4,2004-08-23
7275,577584,3,2003-11-21
7275,2479824,4,2004-11-04
7275,2336198,2,2004-11-10
7275,202572,3,2004-11-22
7275,628166,2,2005-02-28
7275,1552299,3,2005-03-08
7275,629794,3,2005-04-02
7275,1192119,4,2001-05-25
7275,124504,3,2001-06-26
7275,947104,5,2000-11-18
7275,1882178,2,2003-06-02
7275,2114992,4,2002-03-13
7275,538012,4,2002-06-11
7275,359000,4,2004-03-06
7275,348850,3,2005-07-20
7275,163057,2,2002-09-12
7275,1251992,3,2004-03-17
7275,1137421,1,2002-08-15
7275,266867,4,2003-03-08
7275,673305,3,2004-05-13
7275,2308509,3,2003-06-17
7275,182203,1,2003-07-18
7275,2098312,4,2004-07-10
7275,1602153,3,2004-06-28
7275,2334317,4,2004-06-08
7275,560365,3,2004-11-22
7275,2090706,2,2005-01-11
7275,306635,1,2005-02-22
7275,402568,3,2005-03-06
7275,99051,3,2005-04-03
7275,2025890,2,2005-06-12
7275,166399,3,2005-06-13
7275,2298323,3,2005-07-02
7275,1142721,5,2005-09-13
7275,370295,3,2005-09-19
7275,2077378,4,2001-03-27
7275,381979,2,2003-02-14
7275,1057992,2,2002-05-04
7275,1453265,3,2002-06-24
7275,1084635,1,2004-06-06
7275,714792,4,2005-07-22
7275,1375303,2,2002-05-17
7275,2225732,4,2004-04-22
7275,119226,3,2002-09-13
7275,1293514,3,2002-10-29
7275,2536309,4,2003-10-12
7275,1406013,4,2004-01-01
7275,956739,4,2003-12-30
7275,1877958,4,2003-12-13
7275,1926651,4,2004-03-31
7275,1974683,5,2004-05-02
7275,277541,3,2004-11-03
7275,612634,4,2004-11-17
7275,605031,4,2004-12-20
7275,542131,3,2005-03-23
7275,44518,4,2005-03-26
7275,1388228,4,2005-12-21
7275,1037245,3,2005-12-23
7275,485601,3,2002-10-17
7275,1520998,2,2003-03-04
7275,948801,3,2001-02-24
7275,2239209,4,2003-02-15
7275,1399249,3,2002-08-17
7275,410076,2,2002-07-09
7275,545441,4,2003-01-08
7275,133129,3,2003-02-16
7275,1590625,5,2005-05-14
7275,2096123,1,2004-03-08
7275,107080,3,2004-08-16
7275,573928,5,2004-05-16
7275,314028,2,2004-06-22
7275,2406736,4,2004-02-23
7275,79880,4,2004-01-02
7275,2283022,4,2004-04-15
7275,1328011,1,2004-08-08
7275,642384,5,2004-10-12
7275,2471919,4,2005-01-28
7275,1167040,3,2005-02-06
7275,2613654,4,2005-04-28
7275,1317086,3,2001-05-11
7275,1695287,4,2000-12-02
7275,312486,3,2002-08-06
7275,191869,4,2001-06-28
7275,1962300,4,2002-09-14
7275,1228106,2,2002-05-31
7275,464478,3,2004-01-05
7275,2214487,4,2002-05-09
7275,1013299,5,2002-08-13
7275,1690279,3,2004-04-06
7275,1713608,4,2004-05-01
7275,1754362,3,2004-08-10
7275,1553787,3,2004-10-04
7275,2324483,4,2004-11-16
7275,2182661,3,2004-12-20
7275,1779383,4,2005-01-31
7275,52896,5,2005-03-04
7275,345297,2,2005-03-05
7275,1588949,2,2001-06-08
7275,1140568,4,2002-03-19
7275,128310,3,2003-01-04
7275,1188325,4,2002-04-02
7275,1044319,3,2002-08-26
7275,1639792,1,2002-03-14
7275,1648316,3,2003-06-02
7275,1879665,3,2004-09-21
7275,213406,4,2004-12-18
7275,2463846,4,2005-01-27
7275,189443,4,2005-04-18
7275,1655232,3,2005-06-23
7275,2424058,2,2003-08-16
7275,1352530,2,2001-02-21
7275,1077871,4,2002-09-16
7275,1189856,3,2001-06-13
7275,2398117,3,2001-09-07
7275,1910747,4,2004-02-11
7275,2338809,3,2003-02-18
7275,1504089,4,2003-10-16
7275,1985660,5,2003-12-13
7275,1763703,4,2004-05-21
7275,1765595,4,2005-03-27
7275,1546472,2,2005-11-10
7275,790471,3,2000-11-27
7275,721078,5,2002-07-06
7275,2033529,2,2002-08-29
7275,955571,5,2001-03-10
7275,2226693,3,2001-11-16
7275,925487,2,2002-09-05
7275,256676,3,2002-07-18
7275,507519,4,2003-07-07
7275,2017112,3,2003-05-03
7275,2138018,4,2004-06-28
7275,781021,3,2004-01-09
7275,164647,3,2002-09-19
7275,1523894,4,2002-12-29
7275,1688249,1,2003-04-18
7275,2385226,3,2004-09-07
7275,2497415,5,2004-05-10
7275,1164766,1,2004-02-11
7275,2500583,1,2004-06-14
7275,20036,4,2004-11-22
7275,2097766,4,2004-12-15
7275,1771766,3,2004-12-26
7275,2050198,4,2005-01-29
7275,1921815,3,2001-01-03
7275,1127117,3,2002-02-07
7275,1591210,4,2000-12-20
7275,2165004,2,2002-02-16
7275,1424169,1,2003-01-16
7275,1685327,3,2001-09-02
7275,1795821,3,2002-05-11
7275,1827698,4,2002-07-24
7275,1895874,2,2003-02-27
7275,78404,1,2002-08-07
7275,334376,5,2002-08-08
7275,2490731,5,2003-05-26
7275,1951417,2,2002-11-01
7275,1611900,3,2003-01-18
7275,2000906,3,2003-08-19
7275,1674931,3,2004-03-22
7275,1173630,3,2003-11-25
7275,712609,2,2004-03-21
7275,1679462,4,2004-05-27
7275,1330263,2,2004-08-29
7275,2526414,3,2004-04-12
7275,2268496,2,2004-08-12
7275,260961,5,2005-02-02
7275,2109360,2,2005-02-15
7275,2559259,4,2005-04-09
7275,2150689,2,2005-05-03
7275,1364103,4,2005-05-06
7275,1909474,1,2005-12-06
7275,1460343,2,2003-09-11
7275,1522938,3,2001-06-21
7275,1278005,2,2001-07-22
7275,2378918,3,2002-10-04
7275,667957,2,2004-03-09
7275,644918,4,2004-01-27
7275,2562864,3,2004-07-21
7275,16707,2,2004-12-20
7275,1579164,4,2004-06-01
7275,2154110,5,2004-02-27
7275,1623049,2,2004-11-12
7275,1339428,3,2005-01-27
7275,2444537,2,2005-02-23
7275,1297529,4,2005-03-22
7275,519944,4,2005-12-29
7275,1043061,3,2001-11-11
7275,482590,5,2003-02-12
7275,240748,3,2003-08-11
7275,19144,5,2001-12-25
7275,1173570,3,2002-07-10
7275,767753,1,2004-09-04
7275,219481,4,2004-04-22
7275,749353,2,2004-08-28
7275,2237065,4,2004-05-06
7275,1821068,3,2004-02-22
7275,2621962,4,2005-06-19
7275,2463542,4,2005-10-07
7275,1407566,4,2001-09-12
7275,2480144,1,2002-11-19
7275,1586341,5,2002-02-14
7275,370904,3,2002-04-30
7275,941522,3,2002-09-21
7275,721741,4,2005-07-27
7275,1338191,2,2002-07-17
7275,35024,3,2005-08-03
7275,1806898,4,2002-11-22
7275,422234,4,2003-10-30
7275,2001326,3,2003-02-14
7275,1997624,2,2003-09-25
7275,1823627,2,2003-07-03
7275,2519046,4,2003-10-27
7275,2256391,3,2003-12-14
7275,2075314,3,2004-05-12
7275,1906240,1,2004-01-16
7275,2238060,2,2004-08-18
7275,1312553,3,2004-10-01
7275,231159,3,2005-03-09
7275,401314,2,2005-03-13
7275,933998,4,2005-09-25
7275,1348653,2,2005-11-30
7275,1006590,5,2005-12-12
7275,924192,4,2005-12-29
7275,1492391,4,2002-09-22
7275,654912,3,2002-01-07
7275,1480807,3,2003-02-15
7275,1144718,1,2003-02-14
7275,2232563,3,2004-02-08
7275,47400,3,2003-03-25
7275,1707198,3,2004-04-04
7275,1852040,2,2004-05-15
7275,1225100,3,2004-03-08
7275,1512652,5,2004-01-20
7275,2539837,3,2004-09-21
7275,102834,4,2005-01-20
7275,1010649,3,2005-03-25
7275,1856265,4,2005-04-04
7275,2203451,3,2005-11-22
7275,1191135,1,2001-02-24
7275,239518,2,2000-11-29
7275,775895,3,2003-06-17
7275,1491101,5,2004-02-21
7275,1062414,3,2004-05-04
7275,1895257,3,2004-11-09
7275,880562,3,2004-12-20
7275,850499,3,2005-03-06
7275,1987400,3,2005-11-18
7275,1326195,3,2005-12-20
7275,401814,3,2001-02-03
7275,1900290,2,2001-03-02
7275,1112774,2,2002-05-21
7275,2086515,5,2001-10-18
7275,2067348,2,2002-03-18
7275,257710,2,2003-02-17
7275,1406201,5,2003-07-31
7275,2615035,3,2003-05-16
7275,1529851,2,2002-08-29
7275,229439,5,2003-05-27
7275,2245428,3,2003-03-27
7275,2074629,4,2003-01-19
7275,538855,3,2003-01-27
7275,1340811,3,2003-09-11
7275,954111,3,2004-02-11
7275,2399030,3,2004-09-07
7275,2021814,3,2005-02-24
7275,2146603,3,2005-03-11
7275,1583424,3,2005-06-27
7275,505046,3,2005-07-08
7275,695758,2,2001-07-20
7275,1369127,2,2002-01-09
7275,2379827,4,2004-02-15
7275,478688,3,2004-05-17
7275,201338,2,2003-02-26
7275,2414859,5,2005-08-25
7275,391521,3,2002-06-21
7275,458475,1,2002-08-07
7275,2636791,3,2005-09-06
7275,553115,3,2003-09-05
7275,1565442,3,2004-07-21
7275,640049,3,2004-01-19
7275,2422781,5,2005-12-13
7275,361241,4,2001-01-11
7275,345238,3,2002-06-28
7275,755549,2,2004-01-18
7275,1911794,2,2005-07-28
7275,1765144,4,2003-11-04
7275,1384847,4,2002-10-05
7275,2055639,3,2003-01-23
7275,1074559,4,2003-02-20
7275,2209110,3,2004-07-26
7275,1184388,3,2005-03-08
7275,730016,4,2005-04-23
7275,51013,3,2000-12-28
7275,1290587,5,2002-04-24
7275,1203523,3,2005-07-13
7275,280614,1,2000-12-11
7275,1542104,4,2002-08-07
7275,1749986,5,2004-06-29
7275,1070499,4,2002-05-30
7275,2242475,4,2002-12-10
7275,1543422,3,2003-03-11
7275,1988192,2,2003-08-07
7275,1434336,5,2004-05-22
7275,1448656,3,2004-05-15
7275,315662,4,2004-04-16
7275,1877253,2,2004-11-10
7275,670196,4,2005-03-10
7275,1741700,3,2005-03-23
7275,1490709,3,2005-06-26
7275,1819621,4,2005-09-26
7275,241696,5,2005-11-04
7275,877698,5,2003-08-11
7275,1345617,4,2002-04-28
7275,350266,3,2001-02-01
7275,356103,3,2002-08-12
7275,185372,2,2002-05-09
7275,2579150,3,2005-07-28
7275,21823,4,2003-03-21
7275,1033224,1,2002-06-30
7275,2414964,3,2003-01-14
7275,127061,3,2003-09-02
7275,492882,3,2004-01-25
7275,2367301,3,2004-08-03
7275,2211364,4,2004-10-11
7275,1915747,3,2004-10-18
7275,1611301,4,2005-01-19
7275,1749330,4,2005-03-21
7275,114130,3,2005-04-05
7275,1652017,5,2005-04-29
7275,2599583,1,2002-01-21
7275,77509,3,2000-11-03
7275,103692,3,2001-06-09
7275,1626320,5,2002-02-17
7275,1231568,2,2002-09-15
7275,2256962,2,2003-10-11
7275,510438,1,2002-04-07
7275,330777,2,2002-06-20
7275,1739532,5,2002-10-24
7275,1706182,5,2005-08-09
7275,866578,2,2005-08-10
7275,684648,3,2003-10-29
7275,1158474,4,2003-11-01
7275,1451157,1,2004-05-05
7275,507002,2,2004-08-26
7275,2265021,3,2004-08-11
7275,539219,3,2004-09-29
7275,539743,3,2004-11-29
7275,795223,5,2004-12-08
7275,2303836,5,2005-02-21
7275,2507507,1,2005-04-03
7275,24059,5,2005-04-13
7275,2638818,4,2005-06-01
7275,2446246,3,2005-09-15
7275,309424,3,2001-08-05
7275,1144773,3,2005-07-09
7275,2366001,2,2001-01-29
7275,2486211,5,2004-06-01
7275,2008999,4,2000-12-18
7275,740329,4,2001-02-18
7275,941000,2,2001-10-07
7275,112790,3,2001-05-18
7275,1407217,4,2001-05-17
7275,1316786,2,2002-03-12
7275,925414,2,2002-12-05
7275,43024,3,2002-11-26
7275,1118220,5,2004-02-28
7275,301086,3,2004-03-15
7275,320177,3,2005-06-06
7275,2429654,3,2004-12-10
7275,2514759,3,2005-02-15
7275,1141065,5,2005-03-26
7275,2371819,2,2005-05-06
7275,1213178,3,2005-11-09
7275,1070602,4,2005-11-28
7275,2017935,1,2000-11-22
7275,658361,2,2001-06-19
7275,2042206,3,2002-01-24
7275,1414512,4,2001-07-03
7275,360347,5,2003-12-14
7275,1727360,3,2002-04-28
7275,392830,3,2004-01-23
7275,954717,4,2004-03-03
7275,292741,2,2004-05-03
7275,545072,4,2004-01-08
7275,1671560,4,2002-09-18
7275,472058,4,2004-07-08
7275,955454,2,2004-08-09
7275,128018,4,2004-04-10
7275,2004980,3,2004-05-12
7275,1633011,3,2004-06-17
7275,1300759,4,2004-09-21
7275,1190339,2,2004-09-23
7275,543889,2,2005-01-12
7275,1400108,3,2005-03-18
7275,2438075,2,2005-05-10
7275,1961675,3,2004-01-26
7275,44490,2,2001-05-19
7275,2573509,3,2002-04-04
7275,1138507,5,2001-02-20
7275,795105,3,2004-09-05
7275,230125,2,2002-09-24
7275,70476,3,2002-07-04
7275,1561134,4,2002-08-06
7275,1290314,3,2004-04-13
7275,1470700,4,2004-01-06
7275,2179833,3,2004-03-10
7275,1544409,4,2003-10-27
7275,744129,3,2004-01-13
7275,1920318,4,2004-02-14
7275,1840535,5,2004-09-08
7275,1704416,3,2004-06-29
7275,442222,2,2004-11-26
7275,1550207,3,2004-11-29
7275,2082805,4,2005-02-24
7275,2470766,4,2005-03-03
7275,884388,4,2005-05-10
7275,709867,4,2005-05-17
7275,863203,2,2005-09-19
