11753,41412,4,2004-03-25
11753,1348415,3,2003-07-31
11753,166100,5,2004-03-09
11753,1780429,5,2004-07-30
11753,395732,2,2003-06-24
11753,1535240,4,2004-07-12
11753,2043200,5,2004-03-16
11753,1424751,4,2004-02-14
11753,478418,5,2004-04-08
11753,1582325,4,2003-05-25
11753,1750887,4,2005-11-01
11753,2169283,5,2003-04-25
11753,2098985,4,2003-05-14
11753,1572469,2,2003-05-05
11753,1510343,5,2003-08-07
11753,1181550,3,2004-02-01
11753,321628,4,2003-07-27
11753,1679848,4,2003-06-27
11753,556669,1,2003-06-07
11753,2419024,3,2003-06-08
11753,1940966,3,2005-06-30
11753,1546695,5,2003-07-10
11753,2251698,4,2004-08-20
11753,1538173,5,2004-05-23
11753,79520,5,2003-10-27
11753,1485100,5,2003-07-17
11753,2150833,3,2003-11-06
11753,1254193,5,2004-10-17
11753,234535,4,2004-04-11
11753,956229,2,2004-01-05
11753,256562,4,2004-01-19
11753,811466,5,2004-10-11
11753,2201323,2,2005-03-28
11753,1130625,4,2003-08-26
11753,1721179,3,2003-08-20
11753,162854,5,2004-05-21
11753,241715,5,2003-05-09
11753,2493120,1,2005-10-10
11753,1573490,5,2003-08-28
11753,1567202,2,2004-02-01
11753,803128,2,2003-04-29
11753,1760730,5,2004-09-27
11753,2426917,4,2004-01-23
11753,530588,2,2003-07-22
11753,2561529,4,2004-09-14
11753,1121380,5,2003-03-25
11753,1433307,5,2003-10-28
11753,2582384,3,2004-05-05
11753,197315,5,2005-04-05
11753,603668,5,2005-08-12
11753,860246,5,2003-10-06
11753,359867,5,2004-07-28
11753,1221986,4,2004-08-17
11753,114267,3,2004-01-07
11753,1653681,5,2005-11-15
11753,509860,5,2003-05-26
11753,347785,4,2003-10-02
11753,775924,3,2003-12-30
11753,174783,1,2004-08-06
11753,1827543,4,2003-05-13
11753,2625242,5,2003-05-19
11753,215948,4,2004-06-10
11753,2563107,2,2003-11-01
11753,196846,1,2003-04-24
11753,1393827,5,2003-11-17
11753,251967,5,2003-10-04
11753,1935192,4,2004-08-23
11753,1698881,5,2005-06-04
11753,1971394,5,2003-04-05
11753,1394988,5,2003-10-02
11753,207017,4,2004-10-18
11753,67833,5,2005-07-07
11753,1064067,2,2003-06-08
11753,1079880,5,2004-03-02
11753,1396860,4,2003-08-20
11753,2605544,3,2003-06-25
11753,16649,5,2004-01-20
11753,1268509,5,2004-07-25
11753,1196694,3,2004-09-21
11753,952156,3,2004-05-10
11753,70483,3,2003-10-16
11753,1943605,5,2003-06-27
11753,716096,5,2003-04-25
11753,2428854,3,2003-10-14
11753,943867,4,2003-06-02
11753,1751055,1,2005-06-27
11753,914958,3,2003-10-26
11753,1646435,5,2004-04-07
11753,1382130,5,2005-04-03
11753,2293134,5,2004-10-11
11753,2622066,2,2003-08-25
11753,2550506,3,2004-07-12
11753,1260894,5,2004-04-14
11753,1032619,5,2004-10-29
11753,1057722,3,2005-05-16
11753,1487084,4,2003-11-02
11753,297255,3,2003-06-17
11753,406554,5,2004-07-06
11753,2331318,2,2003-05-21
11753,2364213,3,2003-12-08
11753,456090,4,2003-08-20
11753,2538537,3,2004-11-28
11753,17634,5,2003-05-18
11753,585383,5,2004-01-27
11753,1795251,4,2004-07-24
11753,1656819,4,2003-04-23
11753,327366,5,2003-05-05
11753,2618658,5,2005-09-29
11753,335441,5,2004-01-05
11753,2275914,5,2005-09-01
11753,504296,5,2003-06-18
11753,1095165,5,2004-05-20
11753,589406,5,2005-02-23
11753,1331224,5,2003-12-30
11753,1767072,4,2004-01-03
11753,510838,3,2003-09-02
11753,1106844,5,2005-07-10
11753,1722588,3,2003-10-20
11753,449907,1,2003-05-13
11753,1495432,3,2004-08-14
11753,1185298,5,2004-05-12
11753,2054485,5,2003-09-02
11753,2573436,4,2003-11-22
11753,2233752,4,2004-01-10
11753,1426989,2,2004-07-13
11753,2477018,3,2003-06-23
11753,2296108,4,2003-04-19
11753,2575953,3,2003-11-10
11753,1597157,5,2003-04-17
11753,934264,2,2004-02-13
11753,1711854,3,2003-09-03
11753,2510042,5,2003-04-24
11753,217402,4,2003-12-23
11753,1012199,4,2003-09-01
11753,1641613,5,2004-07-11
11753,639235,3,2004-06-30
11753,1854712,4,2004-09-28
11753,1449138,1,2004-12-06
11753,66570,2,2003-05-29
11753,2429098,4,2003-04-27
11753,2241438,4,2004-02-28
11753,2208906,4,2003-09-24
11753,738885,5,2003-10-10
11753,2179518,5,2003-06-11
11753,2011830,3,2003-09-24
11753,1702313,3,2003-11-12
11753,262404,4,2004-07-12
11753,261849,1,2003-07-24
11753,40112,4,2003-06-08
11753,634649,1,2005-05-18
11753,1348778,5,2005-05-26
11753,2212303,3,2003-04-30
11753,491115,4,2003-07-08
11753,763255,2,2005-03-02
11753,197101,3,2003-06-11
11753,2044807,4,2004-07-17
11753,397561,3,2004-06-30
11753,722591,5,2004-02-13
11753,1523169,5,2003-06-09
11753,218038,4,2004-06-18
11753,507498,3,2003-04-17
11753,2558018,5,2003-05-06
11753,932166,3,2003-04-21
11753,1601254,4,2003-07-18
11753,1641329,1,2005-11-17
11753,1929633,3,2005-12-12
11753,1123989,5,2004-11-10
11753,1971717,3,2003-07-18
11753,795418,4,2003-10-15
11753,142811,5,2004-10-11
11753,806314,5,2005-04-06
11753,2567407,5,2005-06-15
11753,681961,2,2004-03-12
11753,1274643,4,2005-02-01
11753,831364,3,2003-08-03
11753,765965,5,2003-12-26
11753,214501,4,2003-04-19
11753,2096810,3,2003-10-20
11753,1628326,4,2005-04-01
11753,754495,5,2005-06-27
11753,2456207,4,2003-08-18
11753,2446344,1,2003-12-29
11753,2216264,4,2003-04-17
11753,2291292,1,2003-07-17
11753,693999,3,2004-05-18
11753,1875008,3,2004-01-19
11753,201988,5,2005-10-22
11753,1597630,3,2004-02-10
11753,34660,2,2003-07-09
11753,613002,5,2003-08-24
11753,647979,4,2004-05-30
11753,906812,4,2004-10-06
11753,2243977,4,2005-06-28
11753,1983362,2,2003-07-27
11753,400840,4,2003-08-05
11753,1734035,4,2004-03-29
11753,829699,1,2004-08-17
11753,1023436,5,2005-06-12
11753,1689121,5,2003-11-18
11753,1373119,4,2003-05-05
11753,1506872,5,2003-11-13
11753,1116271,4,2003-05-31
11753,1116290,4,2004-05-30
11753,308307,3,2003-04-18
11753,1139247,2,2003-07-13
11753,2641824,4,2004-07-12
11753,2637923,4,2003-05-01
11753,2089600,4,2003-07-14
11753,2164117,4,2003-07-16
11753,556582,4,2005-03-23
11753,305344,1,2003-09-15
11753,770522,1,2003-06-09
11753,1719118,1,2003-08-18
11753,459524,5,2003-11-06
11753,1138344,5,2004-01-13
11753,1919156,5,2004-07-01
11753,498716,4,2005-03-12
11753,1148674,4,2004-10-25
11753,1388677,3,2003-07-28
11753,948452,5,2004-02-27
11753,605617,5,2003-08-14
11753,1870089,5,2004-01-17
11753,1210199,5,2004-07-30
11753,2390399,4,2004-04-09
11753,546576,3,2003-07-20
11753,2123456,4,2003-12-03
11753,1523658,2,2003-04-21
11753,1640921,5,2004-10-09
11753,1657966,3,2003-05-30
11753,228459,3,2004-04-20
11753,19318,4,2004-09-07
11753,2416747,3,2005-07-24
11753,974697,5,2004-01-29
11753,1719599,3,2003-11-22
11753,1798965,5,2003-12-26
11753,1602754,5,2004-07-09
11753,2177340,5,2003-05-11
11753,2503033,5,2003-09-01
11753,1817513,4,2003-08-10
11753,942630,4,2004-09-30
11753,411512,3,2003-09-08
11753,580939,3,2003-09-29
11753,2153796,4,2003-11-04
11753,2309376,2,2003-08-11
11753,1038183,4,2003-09-10
11753,135067,1,2003-11-11
11753,2517164,5,2004-08-29
11753,1591100,5,2003-05-13
11753,989027,3,2003-05-12
11753,2467794,4,2004-10-28
11753,939574,4,2005-04-25
11753,1769444,4,2003-07-23
11753,2110669,4,2004-08-27
11753,1178168,5,2005-06-14
11753,1746291,3,2004-08-25
11753,2038367,5,2003-05-05
11753,130969,1,2003-08-18
11753,1714475,5,2003-08-08
11753,1891860,2,2003-07-18
11753,399830,5,2003-06-13
11753,1442867,5,2004-06-20
11753,733118,2,2003-12-18
11753,588949,5,2003-07-07
11753,672979,4,2004-08-27
11753,1569513,2,2003-11-10
11753,2237907,4,2003-05-21
11753,17864,4,2004-02-14
11753,137243,5,2005-02-22
11753,1855452,5,2004-03-27
11753,937523,5,2005-07-18
11753,1511558,5,2004-03-25
11753,2607433,3,2003-06-01
11753,532308,3,2003-05-02
11753,1327900,5,2003-07-10
11753,582993,3,2003-10-23
11753,2002983,1,2004-11-19
11753,1791534,2,2003-07-22
11753,47653,3,2003-07-01
11753,852658,5,2003-10-23
11753,2450534,5,2004-02-10
11753,1160772,2,2004-05-16
11753,370806,5,2005-07-16
11753,1132861,4,2003-06-03
11753,949401,3,2003-05-30
11753,2599727,3,2003-12-08
11753,2033214,4,2004-09-08
11753,1043497,5,2003-12-01
11753,1148655,5,2003-11-04
11753,1779542,4,2003-06-17
11753,2609107,4,2003-08-14
11753,567956,4,2003-06-08
11753,2301118,2,2003-07-18
11753,862852,3,2004-02-10
11753,387418,2,2003-11-30
11753,384214,5,2004-03-01
11753,2188443,5,2004-05-01
11753,424223,5,2004-05-20
11753,1607539,5,2004-07-05
11753,1232103,4,2003-06-09
11753,2609234,1,2004-07-21
11753,79732,5,2005-07-02
11753,332558,3,2003-05-07
11753,2347632,4,2003-06-27
11753,1743850,3,2004-06-18
11753,2402139,2,2003-04-29
11753,1994582,5,2005-10-04
11753,590114,2,2003-06-23
11753,108176,5,2003-11-25
11753,1135850,5,2004-02-16
11753,1083799,5,2003-07-16
11753,2217548,5,2003-07-20
11753,1820515,5,2004-02-11
11753,2632653,1,2003-08-08
11753,410076,3,2003-08-23
11753,1927842,5,2004-02-02
11753,955885,5,2003-10-09
11753,2113137,4,2004-09-18
11753,1845344,5,2003-07-22
11753,1938494,4,2003-07-24
11753,395796,5,2004-09-08
11753,1515355,5,2003-03-20
11753,582676,4,2005-08-20
11753,2502873,2,2003-08-10
11753,1119551,1,2003-05-04
11753,761478,3,2003-06-09
11753,2626737,4,2003-11-04
11753,1420709,2,2004-08-09
11753,2354493,3,2005-06-05
11753,1908051,2,2003-09-21
11753,1816485,5,2004-05-16
11753,2232563,3,2004-05-03
11753,152090,4,2005-03-03
11753,617786,4,2003-07-01
11753,2199989,5,2003-05-24
11753,1573483,5,2003-08-13
11753,1964163,5,2004-10-31
11753,1086900,5,2003-04-20
11753,2048446,4,2005-07-29
11753,314043,3,2004-02-22
11753,1753560,4,2003-04-23
11753,443447,5,2003-07-17
11753,383952,4,2004-04-12
11753,1305625,5,2003-08-25
11753,1668322,5,2003-07-12
11753,1822847,4,2003-04-21
11753,1449101,2,2003-12-01
11753,1848593,5,2004-01-29
11753,2513188,5,2004-02-11
11753,463962,4,2004-03-06
11753,474437,5,2005-02-12
11753,1098946,1,2003-06-02
11753,2641559,5,2003-07-18
11753,1398107,4,2003-05-12
11753,2025567,5,2004-04-17
11753,984082,4,2003-06-13
11753,2021849,5,2004-10-19
11753,1441086,4,2003-04-21
11753,1550207,5,2004-09-10
11753,568523,4,2003-09-15
