5714,802657,2,2005-07-19
5714,160977,5,2004-05-01
5714,223752,5,2003-10-27
5714,1277134,3,2004-06-03
5714,813117,5,2004-08-13
5714,1296163,3,2004-10-25
5714,1242432,5,2005-03-05
5714,903692,4,2005-12-31
5714,1400720,5,2005-07-14
5714,754781,5,2004-11-10
5714,1361508,4,2005-01-23
5714,2519847,3,2005-12-27
5714,2625420,2,2004-05-19
5714,2517586,4,2005-08-26
5714,908205,3,2004-08-16
5714,1953178,5,2005-01-05
5714,2161330,5,2005-01-19
5714,1041701,5,2005-12-21
5714,2344483,4,2004-08-31
5714,2312349,3,2003-10-19
5714,1723799,5,2004-05-01
5714,129971,5,2003-09-26
5714,1921624,5,2004-07-08
5714,1783200,5,2004-09-09
5714,1553605,4,2004-05-31
5714,2162424,4,2004-12-26
5714,2584295,4,2004-12-29
5714,1895348,4,2005-04-20
5714,1377173,4,2005-06-08
5714,2593573,4,2005-06-09
5714,1750434,5,2005-06-11
5714,2004175,4,2004-05-01
5714,2612079,5,2005-07-26
5714,2174660,4,2004-05-01
5714,389078,5,2004-05-21
5714,2160560,5,2005-08-30
5714,1611849,5,2004-06-20
5714,1984086,5,2004-08-30
5714,923062,1,2005-06-30
5714,387693,3,2005-12-30
5714,599993,1,2004-11-27
5714,2016890,5,2003-10-20
5714,205729,4,2004-05-01
5714,1445871,4,2004-05-21
5714,2491085,5,2004-04-13
5714,1397377,5,2005-01-19
5714,2501155,5,2005-09-08
5714,788994,5,2005-09-19
5714,2267005,3,2005-08-19
5714,2163291,5,2004-02-04
5714,2097995,4,2004-08-26
5714,1315056,5,2004-04-21
5714,1839770,4,2004-10-30
5714,2160787,3,2005-01-10
5714,224358,5,2005-06-10
5714,200255,5,2005-06-16
5714,2484906,5,2005-07-08
5714,1688718,2,2005-07-17
5714,2223218,4,2004-05-01
5714,674169,4,2005-08-02
5714,2295507,4,2004-07-13
5714,513053,5,2003-12-02
5714,303948,3,2004-09-05
5714,1713081,4,2004-09-18
5714,1998745,4,2004-11-05
5714,478418,2,2005-01-01
5714,749564,4,2005-06-22
5714,2491032,4,2005-12-15
5714,1261164,3,2005-08-08
5714,399838,5,2004-04-04
5714,491331,5,2004-11-09
5714,1797641,5,2004-12-10
5714,824262,5,2005-04-28
5714,933168,5,2005-06-23
5714,351708,5,2005-12-31
5714,436707,5,2003-10-18
5714,1489561,5,2005-08-24
5714,138354,4,2004-01-25
5714,808102,5,2004-08-24
5714,2528901,5,2004-12-12
5714,1734796,5,2005-01-24
5714,279960,4,2005-04-27
5714,1220170,4,2004-08-06
5714,16355,2,2004-02-10
5714,2101308,1,2004-11-11
5714,1493907,3,2005-07-26
5714,423270,5,2004-07-28
5714,2061934,5,2004-07-02
5714,1448110,4,2004-05-31
5714,1056058,5,2004-07-26
5714,617585,5,2004-09-19
5714,2054068,5,2004-09-20
5714,786312,5,2004-11-06
5714,2213289,5,2005-03-12
5714,2399169,5,2005-04-20
5714,731006,4,2005-04-22
5714,559369,4,2005-05-05
5714,1823259,5,2005-06-29
5714,1314463,4,2005-12-27
5714,816549,4,2004-05-01
5714,1987073,5,2004-02-23
5714,887680,4,2005-08-02
5714,43751,4,2004-07-23
5714,1468700,4,2004-04-05
5714,1036139,5,2004-01-31
5714,924839,5,2004-08-24
5714,2007468,4,2004-11-09
5714,1814632,1,2005-04-03
5714,1313694,5,2005-12-17
5714,964733,5,2005-12-23
5714,525356,2,2004-01-05
5714,2102030,4,2004-05-01
5714,100723,5,2004-02-20
5714,1822703,4,2004-09-04
5714,2508428,4,2004-06-06
5714,121448,5,2005-01-03
5714,650326,4,2005-01-13
5714,849756,5,2005-04-13
5714,1865743,3,2004-05-01
5714,320901,5,2004-06-02
5714,1830763,3,2004-08-23
5714,1094517,2,2005-02-06
5714,788755,5,2005-02-24
5714,1732859,4,2005-03-08
5714,1727433,4,2005-04-09
5714,1241908,5,2005-06-28
5714,1564651,3,2005-07-09
5714,2056262,5,2005-09-05
5714,1829263,5,2004-02-29
5714,756163,5,2004-01-14
5714,1434636,3,2004-12-31
5714,2528088,5,2005-03-12
5714,145361,5,2005-03-21
5714,819314,4,2003-09-14
5714,148599,5,2004-03-17
5714,2216056,5,2005-07-28
5714,2442663,4,2004-06-17
5714,116045,5,2004-10-30
5714,875956,5,2004-10-30
5714,603874,3,2004-12-28
5714,1149582,4,2005-04-07
5714,999378,5,2005-04-30
5714,41153,3,2005-07-08
5714,987860,1,2005-07-08
5714,324280,5,2005-07-09
5714,2141387,5,2004-08-06
5714,824766,3,2004-09-17
5714,1449494,4,2004-12-31
5714,303865,5,2005-04-06
5714,1474282,5,2005-05-01
5714,2261758,5,2005-06-15
5714,1541266,5,2005-12-30
5714,791521,5,2003-11-26
5714,2421085,5,2004-02-23
5714,502410,5,2005-08-12
5714,546876,3,2004-05-01
5714,832048,5,2003-10-18
5714,1366847,4,2004-07-04
5714,613945,4,2004-09-18
5714,688590,4,2005-01-11
5714,2368791,4,2005-04-21
5714,795633,5,2005-11-23
5714,23421,5,2005-12-22
5714,583554,5,2005-07-16
5714,1108304,4,2004-01-08
5714,2001180,5,2004-05-01
5714,461910,3,2005-08-16
5714,356771,4,2004-03-03
5714,1001129,2,2004-09-04
5714,2241715,4,2004-06-09
5714,1638374,5,2004-10-21
5714,322302,4,2004-11-13
5714,1196121,4,2005-01-12
5714,1100937,5,2005-01-13
5714,1453955,5,2005-04-04
5714,762076,5,2005-05-24
5714,217164,5,2005-06-18
5714,1810074,5,2005-07-01
5714,1232563,5,2005-10-10
5714,2257670,5,2005-07-15
5714,2119294,5,2004-05-01
5714,1704384,4,2005-07-18
5714,2395343,4,2004-05-01
5714,207861,5,2004-07-17
5714,858113,4,2004-04-30
5714,1604385,5,2004-01-04
5714,1801389,5,2004-01-14
5714,503235,4,2004-08-17
5714,335415,4,2004-10-18
5714,1035499,4,2004-12-25
5714,2262753,5,2005-02-21
5714,1640123,5,2005-05-23
5714,2304204,5,2004-05-01
5714,2138757,5,2003-09-15
5714,100821,4,2004-05-01
5714,1927580,4,2004-02-03
5714,1081447,5,2005-02-02
5714,1787976,5,2005-06-22
5714,1568814,5,2005-07-14
5714,220627,5,2005-07-19
5714,1484055,4,2005-08-09
5714,1139040,4,2005-08-19
5714,2372640,5,2005-08-21
5714,2621909,5,2004-05-01
5714,2345046,5,2004-08-26
5714,1287463,5,2004-01-02
5714,103619,4,2005-02-28
5714,2077030,4,2005-05-09
5714,2250843,5,2005-05-18
5714,125501,5,2005-06-26
5714,1927329,4,2003-10-09
5714,912093,2,2004-04-03
5714,2000314,3,2004-06-18
5714,2621026,4,2004-12-21
5714,585590,3,2005-01-24
5714,1862392,4,2005-07-19
5714,284830,5,2005-07-22
5714,670539,5,2004-03-29
5714,727242,1,2004-12-08
5714,2595156,2,2005-05-18
5714,2121285,5,2005-07-03
5714,2389998,5,2005-12-22
5714,1489477,5,2005-08-02
5714,1567202,3,2004-02-12
5714,1340967,4,2004-04-20
5714,2294328,5,2004-05-01
5714,612872,5,2005-09-03
5714,2387609,5,2004-01-15
5714,1596471,3,2004-09-19
5714,1167572,4,2004-09-20
5714,1095174,5,2005-03-19
5714,2249758,3,2005-12-31
5714,2046974,5,2005-07-26
5714,1191780,5,2005-06-24
5714,2551806,5,2004-05-28
5714,218543,4,2004-05-01
5714,1750544,5,2004-04-05
5714,2314003,5,2004-01-01
5714,1788346,1,2004-05-01
5714,1737972,5,2005-01-03
5714,246987,5,2005-01-28
5714,913797,4,2005-02-24
5714,1517627,5,2005-03-27
5714,797976,5,2005-06-07
5714,887389,3,2003-10-16
5714,357916,5,2004-05-01
5714,489458,5,2004-05-03
5714,1001365,4,2004-07-06
5714,2329026,5,2004-07-04
5714,1081870,5,2005-02-03
5714,2231254,5,2005-03-07
5714,811409,5,2005-06-15
5714,1784803,2,2005-06-30
5714,54166,5,2005-11-05
5714,2532251,2,2003-12-04
5714,2364646,5,2005-07-23
5714,1436160,5,2005-08-25
5714,266172,4,2004-06-02
5714,1388590,4,2004-11-09
5714,1257272,5,2004-12-01
5714,415672,5,2004-12-13
5714,389966,5,2004-12-20
5714,1575462,5,2004-12-31
5714,720084,5,2005-01-12
5714,1314869,1,2005-05-16
5714,620086,4,2005-12-04
5714,2220239,5,2003-10-04
5714,2411610,5,2004-05-01
5714,373557,5,2003-09-29
5714,1589582,5,2003-10-08
5714,864172,3,2004-05-01
5714,1045166,5,2004-01-22
5714,1827952,3,2005-03-13
5714,1206859,5,2005-06-29
5714,2260021,5,2005-10-01
5714,617974,5,2005-08-07
5714,488286,5,2005-08-08
5714,1791274,5,2005-08-16
5714,187512,5,2003-10-27
5714,1240130,4,2005-01-04
5714,1880844,4,2005-02-15
5714,1743448,5,2005-06-22
5714,999229,5,2005-07-01
5714,1480734,5,2005-07-26
5714,771940,4,2003-12-23
5714,504211,3,2005-08-21
5714,2227155,5,2004-05-24
5714,1762591,5,2004-09-28
5714,539201,5,2004-11-08
5714,226010,4,2005-06-27
5714,1663277,5,2004-06-29
5714,2540195,5,2004-06-17
5714,2357792,5,2004-07-18
5714,179880,5,2005-10-29
5714,472747,5,2003-10-09
5714,471015,5,2004-04-23
5714,2077168,5,2005-06-27
5714,31063,5,2005-07-03
5714,230485,5,2004-08-22
5714,2439493,1,2004-05-01
5714,1047830,4,2004-02-07
5714,1330841,4,2005-08-08
5714,668540,4,2003-10-13
5714,1861131,4,2004-05-01
5714,364750,5,2004-05-01
5714,2552097,5,2005-09-02
5714,1068821,5,2005-09-04
5714,345908,4,2005-06-23
5714,1569462,3,2005-07-02
5714,530789,5,2005-07-04
5714,458685,3,2005-11-30
5714,1371822,5,2003-11-10
5714,2028072,4,2003-09-16
5714,1736931,5,2005-08-20
5714,1847948,4,2004-07-08
5714,446060,5,2004-04-30
5714,1952860,5,2004-07-19
5714,1087387,4,2004-10-27
5714,1669517,5,2005-01-05
5714,1277166,3,2005-01-22
5714,53785,3,2005-01-26
5714,1220571,5,2005-03-16
5714,566255,1,2005-05-07
5714,693288,4,2005-11-14
5714,1068681,1,2005-07-20
5714,1479701,4,2005-07-21
5714,441912,5,2004-09-13
5714,147386,4,2004-09-19
5714,18753,3,2004-09-20
5714,2159724,5,2004-12-14
5714,146462,5,2005-06-19
5714,473993,5,2005-07-16
5714,549551,5,2004-01-01
5714,2185614,3,2004-05-16
5714,705111,5,2005-01-07
5714,273530,1,2005-01-19
5714,765640,3,2005-02-10
5714,2286409,5,2005-03-24
5714,121053,5,2005-10-26
5714,1545709,4,2003-10-22
5714,173301,5,2004-05-01
5714,1374368,5,2004-06-26
5714,1456567,5,2004-03-19
5714,1480090,5,2004-09-21
5714,1760553,5,2004-10-12
5714,1792877,4,2004-10-27
5714,592069,5,2004-11-02
5714,349322,5,2005-07-12
5714,1510334,5,2004-05-01
5714,882420,4,2003-10-15
5714,605717,5,2003-10-07
5714,208093,4,2004-01-13
5714,2290659,4,2004-03-08
5714,1945889,5,2004-11-29
5714,1041555,5,2005-03-22
5714,1206290,5,2005-04-08
5714,1963661,5,2005-06-25
5714,62054,5,2005-06-29
5714,1331071,5,2005-09-28
5714,2607470,5,2005-07-05
5714,1772050,5,2004-05-01
5714,924960,2,2003-10-15
5714,704538,4,2005-07-27
5714,2137900,4,2005-08-22
5714,414046,5,2004-05-25
5714,504297,5,2004-08-08
5714,1192404,5,2004-07-24
5714,146757,5,2004-09-20
5714,1954597,4,2004-10-28
5714,589626,5,2005-01-04
5714,887893,5,2005-04-03
5714,772817,5,2004-08-06
5714,2498006,5,2004-05-01
5714,1485178,5,2005-08-21
5714,1357088,4,2004-05-27
5714,1862727,1,2004-08-14
5714,958659,5,2005-01-31
5714,1644628,5,2005-02-07
5714,297701,5,2005-03-25
5714,771776,5,2005-05-18
5714,684876,5,2004-05-04
5714,1707631,4,2004-10-06
5714,2607224,3,2004-11-15
5714,1928290,4,2005-04-06
5714,976347,5,2005-05-04
5714,211166,4,2005-05-04
5714,683881,5,2005-12-20
5714,1765796,5,2005-07-17
5714,390670,5,2005-07-20
5714,1062476,3,2004-03-09
5714,1751917,5,2004-07-09
5714,1819758,5,2004-01-20
5714,1041536,5,2004-11-10
5714,1136807,4,2005-01-22
5714,1112335,4,2005-01-27
5714,232264,5,2005-02-01
5714,2603700,4,2004-05-01
5714,73688,4,2004-05-01
5714,2425261,1,2004-08-20
5714,2040859,1,2004-11-23
5714,2143270,5,2004-12-20
5714,7116,4,2004-12-23
5714,311027,4,2005-02-25
5714,2630040,3,2005-06-27
5714,2216321,4,2005-10-01
5714,2556407,5,2005-07-18
5714,2448677,4,2005-09-05
5714,2134078,5,2004-09-29
5714,1587216,3,2005-01-10
5714,2620792,5,2005-03-25
5714,604434,5,2005-04-01
5714,737660,3,2005-06-27
5714,2515381,5,2004-09-06
5714,1177340,5,2004-10-27
5714,2236981,5,2005-12-30
5714,1759382,4,2004-05-01
5714,1500388,5,2004-10-04
5714,716815,4,2005-02-16
5714,2293761,4,2005-03-09
5714,1614178,4,2005-06-26
5714,1017223,5,2005-06-29
5714,853427,4,2004-05-01
5714,291198,4,2004-05-01
5714,2208519,4,2004-05-01
5714,1337153,5,2005-08-02
5714,1952572,5,2004-07-27
5714,1788733,5,2005-01-02
5714,2300921,5,2005-03-04
5714,2355507,4,2005-04-13
5714,440656,5,2005-04-16
5714,864222,5,2005-09-08
5714,1675978,5,2005-11-21
5714,2315439,5,2005-12-28
5714,1424662,5,2005-07-24
5714,1091889,5,2004-02-24
5714,54388,4,2004-07-03
5714,746511,3,2004-09-15
5714,2243157,5,2004-01-02
5714,2362208,3,2004-08-10
5714,1558352,4,2004-05-14
5714,952156,4,2004-05-29
5714,2138363,5,2004-08-05
5714,994114,5,2004-11-06
5714,1116390,5,2004-12-02
5714,1092521,4,2005-02-12
5714,1499497,4,2005-06-07
5714,2260496,2,2005-06-21
5714,1153001,3,2004-05-01
5714,1535913,5,2003-10-28
5714,2266403,5,2004-05-30
5714,1411878,5,2005-04-13
5714,1968345,5,2005-09-06
5714,254490,4,2005-08-06
5714,1020599,4,2004-01-27
5714,98586,4,2003-10-28
5714,435929,5,2005-09-08
5714,818752,5,2004-07-12
5714,535385,4,2004-08-03
5714,788852,5,2004-11-20
5714,2236651,5,2005-01-09
5714,1326015,5,2005-04-04
5714,1384040,3,2005-08-04
5714,1999176,4,2005-08-05
5714,1517590,3,2005-08-09
5714,128389,5,2004-04-27
5714,2249634,5,2004-11-21
5714,1588657,4,2005-06-14
5714,872784,3,2005-06-27
5714,2011737,5,2005-09-08
5714,894835,3,2005-10-03
5714,2521883,5,2005-08-01
5714,1841907,3,2005-08-01
5714,1048044,5,2005-08-08
5714,1107858,4,2004-06-02
5714,1775518,5,2004-03-29
5714,2611526,5,2004-07-14
5714,306622,5,2004-11-03
5714,1060057,1,2005-02-24
5714,1659896,2,2005-07-21
5714,2230705,5,2003-12-01
5714,1318548,5,2004-08-15
5714,2457095,2,2004-11-01
5714,705665,5,2005-01-02
5714,829258,4,2005-01-19
5714,1295906,5,2005-03-07
5714,1070584,5,2005-03-29
5714,2010594,5,2005-06-28
5714,1876520,5,2004-05-01
5714,1032518,5,2004-06-08
5714,409104,5,2004-08-10
5714,496770,5,2004-09-18
5714,1594618,4,2004-10-19
5714,2413875,5,2005-05-14
5714,268698,5,2005-11-12
5714,1828966,5,2004-05-01
5714,607560,5,2004-04-06
5714,1371990,5,2005-08-15
5714,9734,5,2004-10-24
5714,1281114,5,2004-12-29
5714,220401,5,2005-01-06
5714,1181087,5,2005-11-11
5714,300777,5,2005-07-05
5714,1100798,4,2004-05-01
5714,902293,5,2004-05-01
5714,835265,1,2005-07-20
5714,424315,5,2005-07-30
5714,1275796,4,2004-08-12
5714,2568908,4,2004-09-05
5714,480290,5,2003-12-30
5714,236887,5,2003-10-29
5714,80064,5,2004-01-24
5714,690334,5,2004-09-06
5714,1828001,5,2004-09-04
5714,187721,4,2004-11-05
5714,2398923,1,2004-12-01
5714,1605822,3,2005-07-08
5714,2354258,5,2004-08-25
5714,505441,5,2004-05-01
5714,1634325,5,2005-07-26
5714,57778,5,2005-08-09
5714,105221,5,2003-10-13
5714,1161417,5,2004-07-01
5714,1493690,4,2004-03-08
5714,935806,4,2004-08-03
5714,2608884,4,2004-09-21
5714,1285093,5,2004-10-24
5714,2022746,4,2005-01-31
5714,244599,5,2005-02-06
5714,2429730,5,2005-06-16
5714,1508075,1,2005-06-24
5714,978526,5,2005-12-02
5714,2613898,5,2005-12-29
5714,2640158,4,2004-05-18
5714,1416070,4,2004-05-01
5714,1044020,5,2003-09-29
5714,1215094,5,2004-09-18
5714,1890832,5,2004-10-04
5714,783585,4,2004-11-22
5714,1545368,5,2004-12-13
5714,1120498,3,2005-03-14
5714,2470948,5,2005-06-12
5714,1844442,5,2005-09-07
5714,2006269,5,2005-12-15
5714,2475373,5,2004-05-01
5714,1300172,5,2004-07-21
5714,761585,4,2003-11-17
5714,1204995,5,2005-08-17
5714,1674112,4,2005-10-19
5714,2117647,4,2004-03-24
5714,1587063,5,2005-09-02
5714,1476635,4,2004-03-08
5714,1482775,3,2004-03-01
5714,1823320,4,2005-06-27
5714,735278,5,2003-10-03
5714,1267521,5,2004-03-24
5714,540293,5,2004-09-06
5714,1361024,5,2005-06-25
5714,1184537,4,2004-05-01
5714,557981,5,2004-05-01
5714,23573,5,2005-08-08
5714,1949422,4,2005-08-23
5714,436750,4,2004-06-16
5714,2353872,4,2004-08-13
5714,1268483,5,2004-09-19
5714,1135948,4,2004-07-10
5714,1531490,4,2003-10-04
5714,1885294,4,2003-11-04
5714,1278877,5,2003-10-08
5714,1723956,4,2004-02-20
5714,1947053,5,2004-06-18
5714,1009089,3,2004-06-16
5714,2341756,5,2005-02-09
5714,36197,5,2005-04-12
5714,559922,5,2005-04-21
5714,2182012,5,2005-07-10
5714,984288,4,2005-07-26
5714,2409398,4,2004-06-15
5714,1276060,5,2004-10-19
5714,556725,5,2005-05-30
5714,2194079,3,2005-07-17
5714,1536427,5,2005-07-17
5714,1080008,3,2005-07-24
5714,1062029,3,2004-05-01
5714,46360,5,2003-12-19
5714,1751977,5,2004-03-07
5714,2144070,4,2004-06-01
5714,1943141,5,2004-09-22
5714,1151715,5,2005-05-08
5714,1291455,4,2004-01-05
5714,1462326,4,2005-08-22
5714,403724,5,2004-08-19
5714,1031887,4,2005-06-27
5714,743367,2,2004-03-06
5714,458495,5,2004-05-01
5714,2359204,4,2005-01-02
5714,1800262,3,2005-06-21
5714,2065019,5,2005-06-24
5714,180443,5,2004-01-02
5714,1825375,5,2004-05-01
5714,1740297,4,2003-10-14
5714,664388,5,2004-10-07
5714,2600064,5,2004-11-27
5714,857273,4,2005-05-06
5714,2518807,5,2005-09-13
5714,960614,5,2005-12-07
5714,580231,5,2003-09-21
5714,940576,4,2005-07-20
5714,394216,5,2005-07-24
5714,453469,3,2004-05-17
5714,2083367,3,2004-05-01
5714,2099297,5,2003-12-10
5714,1691950,5,2004-04-07
5714,720214,5,2003-12-24
5714,466763,3,2004-08-18
5714,313115,4,2004-09-13
5714,628924,5,2005-05-03
5714,482902,3,2005-06-26
5714,2250323,3,2005-09-11
5714,616131,5,2005-07-06
5714,466104,5,2005-07-07
5714,34029,3,2004-05-01
5714,2053416,4,2003-11-05
5714,1262887,5,2005-07-17
5714,2491575,5,2004-09-02
5714,1143750,1,2004-07-17
5714,2356837,5,2004-10-31
5714,2056309,5,2005-05-04
5714,2385436,5,2005-10-02
5714,2522653,5,2005-07-11
5714,1209885,4,2005-08-23
5714,1974633,5,2004-06-01
5714,2588486,5,2004-10-23
5714,1470710,5,2005-02-26
5714,1953458,5,2005-12-25
5714,745313,5,2005-07-14
5714,1752749,3,2005-07-15
5714,1954411,4,2004-06-02
5714,1734,3,2005-08-06
5714,1366643,5,2004-03-17
5714,274191,5,2004-05-01
5714,1877483,4,2004-08-13
5714,1281639,5,2004-11-28
5714,1688862,5,2005-01-19
5714,1282160,4,2005-02-23
5714,2115291,5,2005-04-15
5714,862881,5,2005-04-18
5714,434308,5,2005-07-27
5714,2435356,4,2005-08-05
5714,738116,4,2005-08-19
5714,900992,4,2004-01-30
5714,2239501,5,2004-10-21
5714,2609871,3,2004-10-23
5714,1132764,5,2004-11-23
5714,1103863,5,2005-02-02
5714,381806,3,2005-06-11
5714,595455,4,2005-06-16
5714,153708,5,2005-10-28
5714,2162506,4,2005-11-22
5714,1493881,2,2005-07-05
5714,1033949,5,2003-10-06
5714,2239881,4,2004-01-30
5714,1515900,5,2004-06-04
5714,388643,1,2004-05-01
5714,1088899,5,2003-12-04
5714,2216127,5,2004-11-28
5714,2224178,5,2005-01-25
5714,1554738,5,2005-07-21
5714,2061373,5,2003-10-07
5714,1225799,4,2005-08-04
5714,293565,4,2004-09-05
5714,837404,4,2004-06-04
5714,417031,5,2004-09-26
5714,1301050,5,2004-12-18
5714,2185396,4,2004-09-22
5714,906808,5,2004-12-07
5714,45018,1,2005-03-10
5714,713640,5,2005-03-16
5714,33568,4,2005-06-04
5714,1071305,5,2004-05-01
5714,2174801,5,2003-12-08
5714,344411,5,2004-07-28
5714,1876964,5,2004-07-24
5714,824527,4,2004-11-18
5714,2391342,5,2005-03-12
5714,1481825,5,2005-04-10
5714,1450376,3,2005-07-08
5714,799102,5,2003-11-28
5714,2553514,5,2003-10-20
5714,1198211,5,2004-03-14
5714,1419286,4,2004-08-13
5714,1784170,4,2005-08-20
5714,36541,3,2004-01-31
5714,612384,1,2004-05-29
5714,806605,1,2004-08-24
5714,2626121,5,2005-01-10
5714,223660,5,2005-02-07
5714,1778555,4,2005-07-18
5714,605803,5,2003-10-21
5714,2031127,3,2005-08-16
5714,1974807,5,2005-08-17
5714,266932,3,2004-08-02
5714,1282734,5,2004-07-06
5714,1872933,3,2004-05-23
5714,2350502,5,2004-11-08
5714,2583201,5,2005-01-02
5714,505260,5,2005-03-22
5714,1233994,5,2005-10-23
5714,195761,5,2005-07-22
5714,372018,5,2004-05-01
5714,1296679,2,2005-08-18
5714,1317349,5,2005-08-29
5714,1435721,5,2004-09-25
5714,627429,5,2005-03-01
5714,461931,5,2005-05-24
5714,1540447,4,2005-06-12
5714,762612,5,2005-07-10
5714,1137522,5,2005-07-10
5714,674346,5,2005-07-14
5714,541491,4,2004-06-14
5714,159035,5,2004-03-31
5714,698964,5,2005-01-04
5714,307361,5,2005-01-11
5714,2490049,4,2005-06-15
5714,1060699,4,2005-06-17
5714,1636145,4,2005-10-03
5714,978983,5,2004-08-23
5714,1730088,5,2004-10-01
5714,1368689,4,2004-10-05
5714,2287580,5,2004-12-11
5714,1971796,4,2005-06-29
5714,1241893,4,2005-06-30
5714,421914,3,2005-06-30
5714,127911,4,2005-12-19
5714,291062,4,2005-07-25
5714,2520496,5,2005-08-03
5714,795341,5,2004-05-13
5714,781303,4,2005-02-02
5714,1765418,5,2005-04-04
5714,775449,5,2005-12-21
5714,1787550,4,2005-07-12
5714,16051,4,2005-07-21
5714,242308,5,2005-07-22
5714,2546621,4,2004-02-04
5714,1071088,5,2004-04-17
5714,1631986,5,2003-12-29
5714,2311304,5,2004-07-08
5714,623920,5,2005-01-10
5714,788866,5,2005-12-22
5714,1776165,4,2005-07-11
5714,108297,5,2004-05-01
5714,1419816,5,2003-10-09
5714,641972,4,2004-05-01
5714,2142951,5,2003-10-12
5714,834017,1,2004-12-06
5714,1887601,4,2005-01-27
5714,1148389,2,2005-05-08
5714,2078484,4,2004-03-30
5714,1908871,5,2003-12-24
5714,2557390,4,2004-07-09
5714,1036336,4,2004-08-31
5714,1826418,5,2004-06-11
5714,1094767,5,2004-05-24
5714,1169161,5,2004-09-29
5714,705166,5,2004-11-29
5714,1886300,1,2005-01-20
5714,1144887,4,2005-02-09
5714,2552013,5,2005-02-14
5714,1301819,5,2005-03-04
5714,278035,5,2005-09-30
5714,44412,5,2005-12-07
5714,1197004,4,2003-09-12
5714,181328,2,2004-08-30
5714,870590,4,2004-05-01
5714,396140,3,2004-05-01
5714,485669,5,2003-10-02
5714,1540060,5,2004-08-31
5714,1129582,4,2004-09-22
5714,1928583,5,2004-10-22
5714,1396735,1,2005-01-07
5714,147078,5,2005-03-08
5714,866475,4,2005-04-04
5714,2159783,5,2005-05-10
5714,2498525,5,2005-05-27
5714,1675183,1,2005-09-05
5714,122019,3,2005-10-14
5714,1831333,5,2005-07-05
5714,675374,4,2005-07-20
5714,2214887,5,2003-10-17
5714,1454488,5,2003-09-29
5714,1282786,4,2004-08-13
5714,90934,4,2004-06-01
5714,1236929,3,2004-07-30
5714,1941703,5,2005-01-04
5714,1489460,5,2005-04-22
5714,363047,4,2005-05-09
5714,1432549,4,2005-06-24
5714,1308196,5,2004-05-01
5714,763155,5,2004-06-04
5714,595572,5,2003-10-21
5714,423715,5,2004-06-11
5714,1428452,5,2004-11-14
5714,734015,5,2005-02-22
5714,2221589,5,2005-04-22
5714,1625682,5,2005-06-08
5714,637808,5,2003-10-01
5714,1976969,5,2004-01-05
5714,325587,4,2004-09-27
5714,2515580,5,2004-11-29
5714,1935793,1,2005-03-09
5714,2223033,3,2005-05-21
5714,2181759,3,2005-06-28
5714,619331,5,2005-10-21
5714,2366877,4,2005-07-19
5714,1114187,4,2004-05-07
5714,259812,5,2004-07-23
5714,15538,5,2003-10-24
5714,2194719,5,2004-05-29
5714,202114,4,2005-04-17
5714,1819629,4,2005-06-25
5714,1427590,4,2005-12-27
5714,2626336,2,2004-01-09
5714,294944,5,2004-08-23
5714,2210044,4,2004-05-04
5714,1731259,5,2004-05-01
5714,1712791,4,2004-06-08
5714,1787251,5,2004-12-28
5714,103095,5,2005-04-13
5714,1882830,5,2005-05-20
5714,1906026,3,2005-07-07
5714,2607455,5,2004-05-01
5714,1359827,4,2004-06-08
5714,355597,4,2005-07-28
5714,2306557,5,2004-05-23
5714,2169171,5,2004-05-06
5714,808845,5,2004-06-29
5714,855878,5,2004-08-02
5714,807045,5,2004-10-26
5714,952063,1,2005-04-21
5714,250399,5,2005-11-01
5714,336245,4,2004-09-08
5714,722591,5,2004-04-20
5714,2566795,1,2004-04-21
5714,2141429,4,2004-09-21
5714,1122030,4,2004-09-27
5714,1680156,4,2005-02-15
5714,593240,5,2005-04-26
5714,1655166,5,2005-04-28
5714,914045,5,2003-10-20
5714,296478,5,2004-05-01
5714,608168,4,2004-05-01
5714,841292,1,2005-08-09
5714,484960,5,2005-08-09
5714,737472,4,2004-09-18
5714,1483020,4,2004-10-11
5714,1008008,5,2004-11-17
5714,2249750,4,2005-04-30
5714,2031947,4,2005-11-09
5714,1273493,3,2005-12-17
5714,74533,5,2005-07-15
5714,2318337,4,2004-05-01
5714,134790,5,2004-09-01
5714,1325445,5,2005-07-27
5714,264190,5,2003-10-26
5714,1693966,4,2005-08-01
5714,915352,5,2005-08-04
5714,2108674,4,2004-05-01
5714,932166,4,2003-09-30
5714,2645276,5,2004-01-08
5714,1378848,2,2004-08-10
5714,214722,5,2005-02-02
5714,1965726,5,2005-03-05
5714,769807,1,2005-06-06
5714,291639,5,2005-11-11
5714,17984,5,2004-05-01
5714,1580936,4,2004-05-01
5714,2025284,4,2004-06-28
5714,1555416,4,2004-07-17
5714,2107647,5,2004-09-15
5714,1231676,5,2004-11-30
5714,2365059,4,2005-01-09
5714,1292855,4,2005-03-22
5714,688988,5,2005-06-06
5714,1452949,5,2005-12-24
5714,1377693,1,2003-12-29
5714,1257469,5,2004-04-22
5714,2551046,4,2003-10-18
5714,2253583,4,2004-03-17
5714,1826784,5,2004-01-15
5714,1190033,5,2004-03-15
5714,1252582,5,2005-01-08
5714,580572,5,2005-01-09
5714,2604501,5,2005-02-14
5714,738964,4,2005-12-20
5714,79439,5,2005-07-07
5714,158222,5,2005-07-10
5714,2121767,3,2005-07-15
5714,2519245,3,2004-06-27
5714,2534061,2,2004-05-01
5714,2077309,4,2004-05-01
5714,383642,1,2004-09-20
5714,357246,5,2005-03-27
5714,1172530,3,2005-06-16
5714,959819,5,2004-06-14
5714,2175255,5,2005-08-02
5714,1096051,4,2004-08-27
5714,486856,3,2005-09-03
5714,2554896,4,2003-12-29
5714,757767,5,2004-01-26
5714,988266,5,2004-09-18
5714,1416785,1,2004-12-26
5714,1041130,5,2005-01-07
5714,1695078,4,2005-04-25
5714,1954652,5,2005-05-20
5714,1594336,4,2005-07-06
5714,2635415,4,2005-07-08
5714,57012,3,2005-07-16
5714,425537,4,2005-07-30
5714,454129,5,2004-02-21
5714,1139743,5,2004-01-09
5714,2530666,5,2004-04-20
5714,2606908,5,2005-07-18
5714,44694,4,2004-05-01
5714,1777614,3,2005-08-15
5714,840836,5,2005-08-16
5714,2047991,4,2004-02-03
5714,1372915,4,2004-07-18
5714,2440193,5,2004-10-19
5714,320856,3,2005-01-19
5714,986364,5,2005-05-16
5714,704381,4,2004-05-01
5714,120579,5,2003-10-02
5714,2243412,5,2004-02-25
5714,1389295,5,2004-05-02
5714,2606799,2,2005-03-09
5714,2386526,4,2005-06-02
5714,1125521,4,2005-06-21
5714,1741568,5,2005-10-03
5714,1567783,4,2005-07-12
5714,575972,5,2005-07-15
5714,690747,4,2004-02-16
5714,1410446,4,2004-05-01
5714,1575873,3,2004-04-20
5714,761998,4,2004-08-29
5714,2362681,5,2005-07-09
5714,1146000,4,2004-09-05
5714,901269,4,2004-08-17
5714,537620,5,2004-04-24
5714,2559537,1,2005-01-19
5714,312997,4,2005-05-19
5714,587610,5,2005-06-24
5714,1888813,5,2005-09-06
5714,1019827,5,2005-10-11
5714,1483333,5,2004-01-02
5714,1106196,5,2003-10-02
5714,647979,4,2004-02-22
5714,1325664,5,2004-02-03
5714,362622,5,2004-08-30
5714,2256485,1,2004-08-19
5714,1641072,5,2005-01-22
5714,1214181,3,2005-02-09
5714,1987821,5,2005-03-13
5714,1180994,5,2005-04-10
5714,183689,4,2004-05-01
5714,1871917,5,2004-02-23
5714,2104056,4,2004-05-01
5714,1174231,4,2003-09-15
5714,830888,5,2004-06-14
5714,2133849,1,2004-12-25
5714,2127108,4,2005-01-23
5714,1392112,5,2005-02-03
5714,2512258,5,2005-02-21
5714,2230476,4,2005-02-23
5714,803330,4,2004-05-01
5714,1364250,4,2004-05-01
5714,692479,5,2004-07-06
5714,425260,5,2004-01-16
5714,1244125,4,2004-07-17
5714,397938,5,2005-08-15
5714,2516145,5,2004-03-23
5714,1519213,5,2004-07-01
5714,1299887,5,2005-02-21
5714,2479161,3,2005-06-20
5714,2155789,5,2005-06-28
5714,2531111,4,2004-04-18
5714,798296,3,2004-05-01
5714,1940801,3,2005-08-09
5714,1840900,4,2003-10-09
5714,2490112,5,2005-07-12
5714,1813897,3,2005-07-14
5714,644725,5,2003-10-12
5714,471869,5,2003-12-09
5714,14225,3,2004-01-15
5714,1365298,5,2004-04-07
5714,2555482,4,2005-05-09
5714,305902,4,2005-12-21
5714,2376413,5,2005-12-31
5714,2418086,4,2005-07-27
5714,671876,3,2004-08-17
5714,521074,4,2005-08-21
5714,641785,2,2003-10-11
5714,846928,5,2004-07-20
5714,2085665,4,2004-06-10
5714,916421,4,2004-06-07
5714,1397082,4,2004-08-03
5714,1453035,4,2004-11-01
5714,556659,5,2004-11-28
5714,753710,5,2005-07-25
5714,1364899,5,2005-08-03
5714,904842,3,2004-09-02
5714,141266,4,2005-08-10
5714,35186,5,2004-09-30
5714,1520143,5,2004-12-16
5714,138012,5,2005-04-04
5714,1639560,5,2005-07-10
5714,265084,5,2004-09-12
5714,5652,5,2004-11-01
5714,946655,5,2004-11-30
5714,1118663,5,2005-02-02
5714,120548,5,2005-06-24
5714,77668,5,2005-11-07
5714,1834315,4,2005-07-21
5714,2073292,3,2005-07-30
5714,1469394,5,2004-09-20
5714,1442124,4,2004-11-30
5714,720770,5,2004-12-07
5714,2043149,4,2004-08-23
5714,1879733,5,2004-05-01
5714,1280700,4,2005-08-20
5714,475537,5,2004-05-28
5714,238705,5,2005-01-19
5714,538735,5,2005-01-29
5714,2193337,5,2005-02-11
5714,40489,5,2005-04-15
5714,1841679,4,2005-07-09
5714,1875014,4,2005-07-09
5714,2255117,3,2004-05-24
5714,1074745,5,2004-05-01
5714,137376,5,2004-05-01
5714,1508328,5,2004-07-13
5714,2605347,5,2004-07-28
5714,767904,4,2004-09-21
5714,1066610,5,2005-03-28
5714,2065042,5,2005-05-07
5714,563804,4,2005-05-16
5714,827526,5,2005-05-17
5714,710835,4,2005-09-25
5714,263898,5,2005-12-18
5714,305344,1,2003-10-07
5714,180823,5,2004-03-29
5714,2622943,4,2004-12-02
5714,232463,5,2005-09-30
5714,688499,5,2005-10-27
5714,2082786,5,2005-11-08
5714,2027759,3,2005-12-09
5714,1563172,4,2004-05-01
5714,2510054,4,2004-05-10
5714,1153549,5,2004-05-01
5714,1333864,5,2004-10-22
5714,567198,3,2005-01-19
5714,2018665,5,2004-11-24
5714,1725226,4,2005-01-11
5714,2077046,2,2005-04-26
5714,406952,5,2004-08-24
5714,1227992,2,2004-08-23
5714,2177964,5,2004-10-19
5714,10251,4,2003-09-24
5714,1205174,4,2005-02-19
5714,1303235,3,2003-12-24
5714,291020,5,2005-02-03
5714,615474,4,2005-02-25
5714,1523710,5,2005-06-03
5714,2375380,3,2005-07-08
5714,2118562,5,2004-05-01
5714,2217027,5,2004-02-11
5714,89574,3,2004-12-31
5714,2147527,2,2005-11-18
5714,2576836,5,2005-05-26
5714,416892,5,2005-06-29
5714,1978865,5,2005-07-12
5714,1176776,5,2003-10-16
5714,859068,5,2004-01-04
5714,1532684,4,2004-08-20
5714,793736,4,2004-08-12
5714,439789,4,2004-10-04
5714,625054,5,2005-01-11
5714,1022452,3,2005-03-01
5714,681217,4,2005-06-29
5714,512629,4,2005-07-04
5714,885927,4,2004-01-25
5714,2396030,5,2003-10-19
5714,1636755,4,2004-07-08
5714,476695,4,2004-10-26
5714,1705283,5,2004-11-15
5714,586020,3,2005-01-07
5714,288575,5,2004-05-01
5714,138835,4,2005-08-19
5714,1018992,5,2003-12-30
5714,142263,5,2005-08-25
5714,1327840,4,2004-05-25
5714,620010,3,2004-07-27
5714,2097753,4,2004-11-24
5714,1096226,5,2005-01-04
5714,1769515,4,2005-05-14
5714,952388,5,2005-09-20
5714,96686,4,2005-07-05
5714,468708,4,2005-07-05
5714,352062,4,2005-07-19
5714,741168,5,2004-02-06
5714,2399709,4,2003-11-08
5714,1679040,5,2005-08-07
5714,2353364,5,2004-11-10
5714,1863477,4,2005-05-16
5714,2261860,4,2005-06-26
5714,428414,4,2004-05-01
5714,180691,5,2005-08-03
5714,338723,5,2005-02-15
5714,173122,5,2005-03-21
5714,1151002,3,2005-06-18
5714,1444062,5,2003-12-15
5714,1974869,5,2003-12-02
5714,416755,5,2004-05-01
5714,490380,4,2004-12-17
5714,1514961,5,2004-12-22
5714,419620,5,2005-04-18
5714,911534,5,2005-05-25
5714,336413,4,2005-06-24
5714,502405,5,2005-06-27
5714,1483654,3,2005-12-16
5714,1087451,4,2005-12-25
5714,1223912,4,2004-06-25
5714,669635,5,2004-05-01
5714,450850,5,2004-05-01
5714,2218543,3,2005-08-01
5714,822043,2,2004-05-01
5714,2554803,5,2004-06-08
5714,841633,5,2004-06-21
5714,1701762,3,2004-09-06
5714,1241161,5,2004-11-22
5714,177901,5,2005-09-13
5714,41850,5,2005-10-31
5714,1153933,4,2005-12-09
5714,2274498,5,2004-01-28
5714,1210488,5,2004-05-01
5714,2478472,5,2004-07-28
5714,2366462,1,2004-10-21
5714,949364,5,2005-05-02
5714,2216322,5,2005-05-24
5714,1324872,5,2005-07-04
5714,2281942,3,2005-12-10
5714,1018174,5,2005-07-07
5714,1484157,4,2004-08-11
5714,2102886,2,2005-07-31
5714,50543,4,2005-08-30
5714,2100834,1,2004-09-05
5714,564436,5,2004-09-30
5714,1105224,5,2005-01-12
5714,2223526,5,2005-05-14
5714,1273176,5,2005-06-08
5714,946517,4,2005-06-16
5714,2103785,5,2005-07-08
5714,1121764,5,2004-01-29
5714,2051135,5,2004-02-17
5714,1419739,3,2004-02-02
5714,2091589,4,2004-08-18
5714,2222575,4,2004-01-29
5714,1527509,5,2004-12-27
5714,1102369,5,2005-06-26
5714,375816,3,2005-06-27
5714,2179375,4,2005-12-09
5714,853459,5,2005-07-15
5714,902603,5,2004-04-21
5714,714757,5,2004-07-08
5714,1301848,5,2005-08-22
5714,1599442,4,2004-05-20
5714,1488616,4,2005-09-06
5714,241304,4,2004-04-12
5714,1747219,5,2004-09-21
5714,262630,5,2004-11-17
5714,981307,4,2004-12-08
5714,501174,5,2005-02-02
5714,21536,4,2005-06-25
5714,1438804,5,2005-10-21
5714,461155,5,2004-08-21
5714,240923,5,2003-10-14
5714,201414,4,2004-05-01
5714,1465344,5,2005-08-16
5714,2516981,5,2004-06-06
5714,484528,5,2004-04-20
5714,901294,4,2004-07-23
5714,2239335,4,2004-11-18
5714,2563395,4,2005-01-10
5714,1864636,5,2005-05-14
5714,2583188,4,2005-12-22
5714,1590061,4,2005-12-29
5714,1313200,5,2005-07-07
5714,337793,3,2005-07-29
5714,42839,5,2004-04-06
5714,402266,3,2004-11-08
5714,715172,4,2004-12-07
5714,1925168,5,2005-04-01
5714,1035969,4,2005-05-24
5714,749009,1,2005-06-29
5714,2573432,3,2005-10-03
5714,2267592,5,2005-11-16
5714,2393347,1,2004-05-01
5714,818667,5,2003-10-21
5714,2273335,5,2004-03-14
5714,1717979,4,2004-12-21
5714,2622866,4,2005-04-27
5714,128040,5,2005-06-14
5714,1915754,5,2005-07-03
5714,1190035,4,2005-08-09
5714,763240,5,2004-07-19
5714,2522009,4,2004-05-01
5714,2444787,5,2004-12-01
5714,1279037,4,2005-02-01
5714,366656,5,2004-07-12
5714,1107588,3,2004-01-25
5714,2450203,4,2004-10-30
5714,1613188,5,2005-05-19
5714,2089494,1,2005-06-27
5714,973711,5,2005-09-30
5714,1448684,5,2005-12-23
5714,950231,1,2005-07-14
5714,2085641,5,2003-09-30
5714,2184762,5,2004-11-10
5714,2634028,5,2004-11-12
5714,2417258,5,2005-02-09
5714,913814,4,2005-03-14
5714,1130999,5,2005-06-28
5714,2196874,3,2005-09-16
5714,2380363,4,2005-07-27
5714,1690473,4,2005-08-02
5714,252633,5,2005-08-27
5714,2061034,3,2004-10-22
5714,1374350,5,2004-11-01
5714,1493188,5,2005-06-07
5714,1799476,5,2005-12-29
5714,1753554,5,2004-03-30
5714,2146910,5,2004-06-07
5714,1492614,4,2004-08-17
5714,726339,4,2004-07-15
5714,57541,4,2004-07-10
5714,972204,1,2004-03-05
5714,2160851,4,2004-09-18
5714,603543,3,2004-12-01
5714,24577,5,2004-12-28
5714,2023416,3,2005-02-09
5714,1980015,5,2005-11-06
5714,1610538,5,2005-08-04
5714,2534070,5,2004-03-12
5714,1087248,5,2004-01-29
5714,354581,5,2005-09-08
5714,571639,5,2004-12-02
5714,1564267,5,2004-12-14
5714,2604931,4,2003-11-08
5714,373579,5,2003-10-19
5714,1569852,5,2004-05-01
5714,1432799,4,2003-10-09
5714,982586,5,2005-08-22
5714,705069,3,2005-09-04
5714,2328430,2,2004-09-20
5714,896279,4,2005-03-03
5714,270005,5,2005-06-08
5714,158305,3,2005-09-06
5714,1606219,4,2005-10-19
5714,2142901,5,2005-07-15
5714,1750424,5,2005-07-24
5714,1039502,4,2005-07-25
5714,837133,4,2005-07-27
5714,1268316,5,2003-10-20
5714,1504759,4,2005-02-12
5714,979424,5,2005-05-15
5714,794784,5,2005-12-28
5714,1570091,4,2005-07-27
5714,1138870,5,2004-07-11
5714,1217933,5,2004-01-10
5714,2086214,5,2004-09-03
5714,2480365,5,2004-06-24
5714,708120,4,2004-10-20
5714,207793,4,2005-04-03
5714,1119879,4,2005-04-10
5714,2537666,4,2005-11-01
5714,824655,3,2005-08-02
5714,2631339,3,2004-05-12
5714,538005,5,2005-08-17
5714,1406700,5,2003-09-24
5714,47653,3,2004-09-01
5714,567512,5,2004-06-20
5714,296232,5,2004-07-31
5714,1679255,3,2004-12-21
5714,2261846,5,2004-12-29
5714,989629,5,2005-02-08
5714,441344,5,2005-03-25
5714,1164175,4,2005-05-19
5714,2105400,5,2005-06-30
5714,1800093,2,2005-10-02
5714,2129231,5,2005-12-16
5714,1195894,5,2005-12-30
5714,2344901,4,2005-07-15
5714,2180222,5,2004-09-01
5714,2044724,4,2004-08-17
5714,1359607,5,2004-09-28
5714,961675,4,2005-01-07
5714,297262,5,2005-01-11
5714,2385504,4,2005-06-17
5714,1037705,5,2005-12-26
5714,2236255,4,2005-07-07
5714,1071153,5,2004-05-01
5714,944840,5,2005-07-28
5714,675585,4,2003-09-24
5714,1905715,5,2004-05-23
5714,994692,5,2005-05-09
5714,2133714,5,2005-05-21
5714,23057,5,2005-07-06
5714,1232260,5,2004-05-01
5714,407314,4,2003-10-09
5714,2501363,5,2004-01-10
5714,415219,3,2004-01-24
5714,1142675,5,2004-12-05
5714,776513,5,2004-12-14
5714,1380413,5,2004-12-27
5714,673884,3,2005-01-26
5714,1959731,5,2005-04-28
5714,1656439,4,2005-09-19
5714,1265998,5,2005-07-14
5714,1641705,5,2003-10-27
5714,301861,5,2004-02-25
5714,1441568,4,2004-05-01
5714,2115663,5,2004-03-16
5714,1262767,5,2004-03-30
5714,1128482,5,2004-04-04
5714,2551179,5,2005-03-28
5714,1934459,4,2005-04-27
5714,1395688,5,2005-05-24
5714,330918,5,2005-09-12
5714,181364,5,2005-10-02
5714,2118461,5,2005-12-19
5714,2537083,4,2003-09-24
5714,671997,4,2004-01-11
5714,969461,3,2004-06-14
5714,1152455,4,2005-08-19
5714,2609544,4,2004-01-19
5714,378342,4,2004-03-15
5714,744776,5,2004-10-01
5714,328844,4,2004-11-01
5714,260862,4,2004-11-06
5714,890041,4,2004-12-07
5714,2522206,4,2005-02-09
5714,1680367,5,2005-06-28
5714,486514,5,2005-07-31
5714,2248230,2,2004-05-01
5714,2351402,5,2004-04-02
5714,522056,5,2003-10-16
5714,1159926,5,2004-09-04
5714,1642318,5,2004-02-27
5714,953949,5,2004-06-11
5714,1145476,5,2005-02-10
5714,392651,4,2005-06-21
5714,632420,4,2005-09-03
5714,479087,4,2005-12-22
5714,2187764,1,2004-05-06
5714,238659,4,2004-05-01
5714,2329676,5,2005-07-22
5714,387418,2,2003-10-10
5714,192011,5,2004-05-01
5714,977703,4,2004-04-29
5714,1699254,5,2004-10-01
5714,1614714,5,2005-01-19
5714,2013713,4,2005-06-28
5714,1976050,5,2005-09-08
5714,1361282,5,2005-09-14
5714,1627485,4,2005-07-23
5714,2646769,4,2003-10-12
5714,645522,4,2005-07-26
5714,2299904,3,2004-03-30
5714,2370204,2,2003-12-29
5714,154698,5,2003-12-17
5714,1651924,4,2004-06-29
5714,1402285,5,2004-11-01
5714,223334,5,2004-11-16
5714,186806,4,2004-11-23
5714,1140063,3,2005-06-16
5714,2612664,5,2005-07-03
5714,2167552,4,2004-10-27
5714,380146,5,2005-02-14
5714,1724905,5,2005-03-13
5714,1151192,1,2005-06-02
5714,362840,3,2005-06-17
5714,1109556,4,2004-01-02
5714,1221607,5,2004-05-01
5714,639390,5,2004-06-17
5714,371250,5,2004-12-09
5714,2560026,5,2004-12-27
5714,186734,4,2005-06-29
5714,1918794,4,2004-05-01
5714,1530578,5,2005-07-24
5714,1416977,5,2004-01-02
5714,727434,4,2004-02-20
5714,2389549,5,2004-08-16
5714,1677642,1,2004-09-18
5714,1876574,5,2004-11-15
5714,1564191,1,2005-01-26
5714,1977604,5,2005-03-04
5714,96794,5,2005-06-22
5714,782236,4,2005-08-03
5714,1518654,5,2005-08-07
5714,1555643,5,2005-08-08
5714,1794140,4,2005-08-10
5714,1676513,5,2004-02-03
5714,1932594,2,2004-05-02
5714,2182369,5,2005-02-21
5714,97608,4,2005-05-29
5714,1372346,5,2005-06-22
5714,653953,2,2005-10-01
5714,1410264,5,2005-12-19
5714,333164,3,2005-07-14
5714,895819,4,2003-10-18
5714,1061195,4,2003-12-30
5714,405572,4,2004-10-31
5714,1939583,5,2005-02-10
5714,324441,5,2005-04-30
5714,1255224,4,2005-07-04
5714,270477,5,2005-07-10
5714,2636825,5,2005-08-08
5714,431856,5,2004-08-31
5714,1884816,3,2004-08-31
5714,519020,5,2004-09-18
5714,1750752,5,2004-11-11
5714,650647,5,2005-02-13
5714,41927,3,2005-02-14
5714,235077,1,2005-06-21
5714,1960475,5,2005-09-09
5714,1768341,4,2005-10-03
5714,1609700,3,2005-12-18
5714,943418,3,2004-05-01
5714,1856085,5,2004-05-01
5714,2103116,5,2003-09-12
5714,1883576,5,2004-01-23
5714,1663694,2,2004-06-14
5714,1663888,3,2004-05-27
5714,433014,5,2004-05-07
5714,2163626,4,2005-07-17
5714,500829,5,2005-07-27
5714,2542888,5,2005-08-02
5714,531010,4,2004-07-13
5714,219807,5,2004-05-18
5714,2590052,5,2004-02-29
5714,2540263,5,2004-06-28
5714,330275,5,2004-12-26
5714,1561565,4,2005-09-13
5714,289710,5,2004-08-29
5714,2359163,4,2004-08-11
5714,409260,3,2004-01-29
5714,2077566,4,2005-09-04
5714,12168,4,2004-09-20
5714,2117086,5,2004-11-12
5714,392939,4,2005-08-08
5714,1312225,5,2005-08-19
5714,1554567,4,2004-07-04
5714,2643457,4,2004-03-26
5714,2059781,5,2004-11-26
5714,586792,4,2005-04-02
5714,1099833,1,2005-06-16
5714,1263525,4,2005-06-21
5714,377334,4,2005-09-08
5714,1150431,5,2005-07-25
5714,1289400,5,2005-08-04
5714,2291170,4,2004-08-21
5714,33253,3,2004-07-01
5714,373898,5,2004-09-06
5714,1399249,3,2005-01-19
5714,1246924,2,2005-06-25
5714,191869,3,2003-09-16
5714,901384,4,2005-07-20
5714,2632787,5,2004-05-02
5714,1331145,1,2005-07-25
5714,1639792,1,2004-05-01
5714,767570,4,2004-08-08
5714,26015,5,2005-08-11
5714,1037952,4,2005-01-20
5714,2577223,4,2005-01-30
5714,1336792,4,2005-05-01
5714,1009577,5,2005-11-21
5714,805988,5,2005-07-08
5714,1684251,5,2005-07-09
5714,1901592,5,2005-07-11
5714,211076,5,2005-07-26
5714,1763703,4,2005-07-30
5714,846528,5,2003-10-31
5714,2344962,5,2005-08-19
5714,1411622,4,2003-10-24
5714,545122,5,2004-09-04
5714,814013,4,2004-12-17
5714,2047229,4,2004-12-29
5714,1106186,5,2005-02-27
5714,2068909,1,2005-04-06
5714,2080908,5,2005-06-17
5714,241038,5,2005-06-20
5714,2248584,5,2005-07-01
5714,2432882,5,2005-07-08
5714,1507727,5,2005-08-03
5714,2517017,5,2004-03-21
5714,793327,5,2005-08-21
5714,1573062,1,2003-12-30
5714,78129,4,2004-05-24
5714,356403,5,2004-06-04
5714,2511110,5,2004-10-11
5714,1662247,5,2004-11-01
5714,1441851,4,2004-12-28
5714,2180254,5,2005-04-06
5714,113983,5,2004-05-18
5714,2250546,2,2005-07-26
5714,88012,5,2004-01-22
5714,1807199,5,2005-02-26
5714,377329,5,2005-03-01
5714,2298148,5,2005-04-12
5714,2317466,4,2005-04-23
5714,550921,3,2005-07-10
5714,2111611,4,2004-03-08
5714,657616,2,2004-07-25
5714,281184,4,2004-05-01
5714,1192113,5,2004-01-03
5714,936677,5,2004-06-07
5714,2001199,5,2004-04-26
5714,2512006,3,2005-01-10
5714,399111,4,2004-05-01
5714,2091384,4,2005-07-19
5714,3363,5,2004-05-03
5714,146587,4,2004-05-01
5714,623238,5,2005-08-08
5714,735776,5,2004-07-15
5714,366316,4,2004-12-12
5714,1042769,5,2005-06-25
5714,1361355,5,2004-05-18
5714,2215427,5,2005-07-26
5714,879545,5,2005-08-19
5714,2232581,5,2004-02-23
5714,2125956,5,2004-07-29
5714,2238060,3,2004-08-16
5714,1694379,4,2004-11-30
5714,1687347,5,2004-12-21
5714,1258780,5,2005-05-04
5714,2396324,3,2005-06-13
5714,1906240,4,2005-10-23
5714,770945,5,2004-08-06
5714,1196799,5,2005-01-03
5714,2551538,4,2005-02-01
5714,1525021,4,2005-07-21
5714,730018,4,2005-07-29
5714,147822,5,2004-05-01
5714,1605293,5,2003-09-21
5714,863285,5,2005-09-07
5714,119954,5,2004-02-09
5714,1030373,4,2004-01-12
5714,1162672,5,2004-03-20
5714,1768875,5,2004-12-18
5714,343139,3,2005-06-23
5714,351698,3,2005-07-27
5714,316155,5,2004-08-14
5714,1952069,4,2003-12-23
5714,1640132,5,2004-06-09
5714,775020,5,2004-08-11
5714,133874,4,2004-09-21
5714,836224,5,2004-11-06
5714,1286545,5,2005-06-26
5714,1415998,3,2005-07-04
5714,2307144,5,2005-11-22
5714,941279,1,2005-12-31
5714,159730,5,2005-07-09
5714,88188,4,2005-07-26
5714,391521,2,2005-07-29
5714,820649,5,2005-08-15
5714,766569,4,2004-05-01
5714,1139853,3,2004-12-02
5714,1187915,5,2005-02-27
5714,1414732,5,2005-06-01
5714,757333,5,2005-06-19
5714,1162805,5,2005-07-06
5714,2162631,3,2005-08-07
5714,703388,4,2004-06-23
5714,349522,5,2004-03-30
5714,2601857,5,2004-08-25
5714,1184388,4,2005-05-06
5714,849689,5,2005-06-21
5714,237263,3,2004-09-01
5714,953667,4,2005-07-25
5714,953264,5,2004-08-18
5714,1988192,3,2004-09-19
5714,2155697,5,2004-12-22
5714,1811148,5,2005-02-27
5714,1848166,5,2005-04-19
5714,270763,5,2005-12-26
5714,412628,4,2005-07-22
5714,1550216,4,2004-05-01
5714,1914222,4,2005-02-27
5714,1404949,4,2005-07-06
5714,47825,4,2004-05-01
5714,2356560,1,2005-07-13
5714,92161,5,2004-09-06
5714,1326341,5,2004-05-01
5714,1524706,4,2004-08-26
5714,119790,3,2005-06-26
5714,956614,5,2005-07-04
5714,201427,5,2005-02-27
5714,1430277,3,2005-05-25
5714,1555081,4,2004-05-16
5714,2111672,3,2004-01-31
5714,1397841,3,2005-04-10
5714,784112,5,2004-03-08
5714,13584,4,2004-05-01
5714,1921572,4,2004-05-01
5714,1552802,4,2005-08-04
5714,2573496,5,2003-10-20
5714,600160,4,2004-05-01
5714,2114350,5,2004-02-06
5714,2051123,5,2004-06-07
5714,483107,5,2004-06-26
5714,2519568,5,2004-07-07
5714,1933110,5,2005-02-07
5714,1434507,5,2005-06-25
5714,1396502,5,2005-07-02
5714,997236,5,2005-10-03
5714,1015188,5,2005-11-02
