593,2625420,2,2004-05-18
593,1650301,2,2005-05-03
593,169158,4,2004-05-24
593,778929,4,2004-04-22
593,1223281,3,2005-03-18
593,641094,3,2005-02-10
593,1780628,2,2005-07-11
593,1033629,3,2004-05-24
593,522419,3,2004-10-09
593,646551,1,2003-10-15
593,155342,1,2003-03-30
593,2508819,3,2003-08-12
593,767537,5,2004-03-17
593,826184,2,2003-09-10
593,925661,5,2004-08-22
593,2093957,3,2004-03-24
593,1080197,1,2003-12-08
593,863476,2,2003-07-21
593,2223069,2,2004-11-30
593,1314869,1,2005-05-16
593,2100574,1,2005-12-03
593,968808,2,2003-05-11
593,277223,1,2003-04-16
593,2304856,3,2004-10-09
593,2439493,1,2003-02-12
593,152436,1,2003-05-15
593,2425261,1,2004-08-24
593,1122020,1,2003-05-06
593,946568,5,2003-09-08
593,617854,1,2003-07-18
593,2541078,1,2003-05-04
593,1266917,3,2003-08-21
593,921783,4,2003-08-14
593,1189875,3,2003-05-07
593,410007,5,2003-02-24
593,2521550,4,2005-08-31
593,1900,4,2004-12-21
593,888755,3,2005-09-29
593,398593,4,2005-05-02
593,1096072,4,2003-10-30
593,2230418,2,2003-06-08
593,199435,3,2004-12-28
593,157667,2,2004-09-17
593,1664010,3,2005-10-12
593,2302855,3,2005-12-07
593,219746,2,2003-08-03
593,1050799,4,2004-04-02
593,997132,4,2004-11-28
593,406471,5,2005-12-03
593,1667663,2,2004-05-07
593,2233771,3,2005-09-23
593,2156708,1,2005-05-30
593,442972,5,2004-10-28
593,2606799,3,2005-05-16
593,17707,1,2005-11-25
593,789014,3,2005-03-22
593,798296,1,2003-02-13
593,2160651,5,2003-10-17
593,822087,5,2004-04-26
593,410174,3,2004-04-02
593,898713,4,2003-07-26
593,305344,3,2003-03-23
593,2508842,2,2003-04-01
593,1901599,4,2005-08-16
593,572423,2,2004-01-30
593,1173778,1,2004-01-16
593,404516,3,2004-11-27
593,273356,4,2003-04-29
593,752642,1,2003-05-12
593,1765038,4,2005-10-19
593,2056022,2,2005-07-23
593,134743,2,2005-05-27
593,581010,3,2005-11-21
593,1392347,2,2003-06-30
593,559366,2,2003-03-23
593,2220732,1,2004-01-03
593,410630,4,2004-02-01
593,1806515,3,2005-08-24
593,2118461,3,2005-12-20
593,672564,1,2004-05-03
593,387418,2,2003-08-14
593,1266206,5,2003-07-01
593,2520755,3,2004-06-11
593,1460693,2,2005-01-21
593,1461435,1,2003-02-12
593,47158,5,2003-07-30
593,171083,5,2004-01-21
593,1639792,1,2003-02-12
593,2013176,3,2005-07-12
593,1094592,3,2005-02-08
593,1332524,3,2003-07-15
593,2292257,3,2004-07-13
