10699,876388,3,2005-07-14
10699,1907667,3,2005-08-03
10699,1990901,4,2005-08-19
10699,779760,4,2005-08-27
10699,1109700,5,2005-05-15
10699,94611,5,2005-09-11
10699,1850680,1,2005-09-18
10699,701730,5,2005-10-05
10699,1169433,4,2004-10-29
10699,637428,3,2004-11-26
10699,2519847,5,2004-12-03
10699,2031699,3,2005-07-04
10699,915001,5,2005-08-30
10699,2477239,3,2005-09-13
10699,1049643,5,2004-08-23
10699,124237,3,2004-10-12
10699,1393236,3,2005-03-19
10699,1558312,2,2005-10-04
10699,161893,5,2005-10-24
10699,404901,4,2005-01-02
10699,1759189,4,2005-03-04
10699,978324,4,2005-05-02
10699,1495289,4,2005-06-22
10699,2500070,5,2005-10-10
10699,455149,4,2004-07-07
10699,2098584,2,2005-09-27
10699,1167579,4,2005-10-17
10699,940556,5,2004-08-31
10699,1478381,4,2005-08-30
10699,2641886,3,2005-09-03
10699,1517471,4,2004-10-26
10699,2646060,2,2005-05-02
10699,923084,4,2004-10-25
10699,749564,4,2005-06-22
10699,824262,4,2005-08-01
10699,933168,5,2005-08-05
10699,1188167,5,2004-10-02
10699,2177447,3,2004-10-15
10699,308618,4,2005-11-10
10699,2554745,5,2004-06-19
10699,1400206,4,2004-07-09
10699,2412767,5,2004-05-14
10699,709091,4,2005-03-16
10699,659831,4,2005-04-13
10699,2270454,5,2005-10-02
10699,1355717,3,2004-07-24
10699,2417256,1,2005-04-21
10699,1823259,4,2004-09-28
10699,786312,3,2004-11-15
10699,631636,4,2004-12-08
10699,216591,4,2005-01-23
10699,2163009,4,2005-02-22
10699,681347,5,2005-09-10
10699,1284351,4,2004-10-04
10699,1189269,5,2004-11-14
10699,2469844,5,2005-01-25
10699,887680,4,2005-05-16
10699,1602952,3,2005-06-02
10699,854753,4,2005-07-14
10699,1511955,5,2005-04-25
10699,1248452,4,2005-05-05
10699,2258907,4,2005-12-20
10699,2585433,4,2004-09-19
10699,328364,4,2004-11-12
10699,1241908,5,2004-11-20
10699,1094517,4,2005-04-25
10699,2151090,3,2005-05-05
10699,1778344,1,2005-10-19
10699,1911350,5,2005-12-04
10699,2558074,4,2005-07-11
10699,2189331,3,2005-03-19
10699,200058,4,2005-04-12
10699,2583185,4,2005-04-23
10699,1116472,1,2005-10-10
10699,48614,3,2005-07-17
10699,1787809,3,2005-08-01
10699,875956,4,2005-09-16
10699,2637578,5,2005-10-25
10699,973538,5,2005-08-14
10699,1737894,5,2004-10-18
10699,856436,4,2005-03-14
10699,1474282,5,2005-05-24
10699,939973,2,2005-12-12
10699,30978,3,2005-08-17
10699,591768,4,2005-08-29
10699,1107636,5,2004-11-03
10699,832048,3,2005-01-27
10699,244266,4,2005-02-22
10699,2201939,5,2005-04-17
10699,1063104,5,2005-06-09
10699,1810074,5,2005-07-22
10699,2355491,3,2004-11-15
10699,1341523,5,2005-10-20
10699,2553910,5,2004-12-15
10699,172764,3,2005-04-21
10699,858113,3,2005-09-09
10699,1956967,5,2004-10-14
10699,88897,1,2005-04-18
10699,1927580,5,2005-06-29
10699,2353991,2,2005-12-21
10699,1357095,4,2005-09-02
10699,1700252,4,2004-09-20
10699,2618477,3,2005-10-06
10699,412935,5,2005-11-28
10699,1245772,3,2005-02-24
10699,727242,1,2004-05-17
10699,190510,5,2005-02-18
10699,919983,4,2005-04-30
10699,521825,4,2005-09-19
10699,883478,2,2005-10-27
10699,1091770,4,2005-11-29
10699,40563,3,2005-08-14
10699,478176,4,2004-05-25
10699,367760,5,2004-11-12
10699,1167572,4,2005-02-27
10699,1322872,4,2005-06-21
10699,2037839,2,2005-08-19
10699,2100210,3,2005-08-29
10699,1820046,3,2004-10-12
10699,2642530,5,2005-09-08
10699,2474273,2,2005-09-12
10699,2250230,4,2005-07-28
10699,91050,4,2005-08-22
10699,88959,4,2005-08-30
10699,913797,4,2005-02-24
10699,1326319,4,2005-03-22
10699,2170930,1,2005-10-06
10699,1944765,5,2005-10-13
10699,287325,5,2005-11-14
10699,404199,4,2005-07-27
10699,1313457,4,2004-09-29
10699,2627825,5,2004-11-27
10699,541454,4,2005-05-08
10699,1354341,3,2005-09-09
10699,1132940,5,2005-07-06
10699,2473643,5,2005-05-08
10699,2246410,3,2005-05-21
10699,380824,4,2005-09-07
10699,32555,4,2005-10-13
10699,1654632,5,2005-07-13
10699,1950722,2,2005-01-10
10699,829701,3,2005-01-31
10699,273118,4,2005-05-19
10699,368514,4,2005-06-16
10699,1949578,4,2005-10-14
10699,486087,4,2004-07-06
10699,1601449,5,2005-03-02
10699,1513514,5,2005-11-13
10699,654228,4,2005-03-18
10699,2237185,4,2005-04-15
10699,328223,3,2005-05-26
10699,406221,4,2005-10-14
10699,2261623,1,2005-11-26
10699,2024858,4,2005-08-19
10699,395280,4,2004-09-27
10699,599880,5,2004-11-20
10699,609908,3,2005-01-19
10699,1193430,4,2005-01-27
10699,781165,5,2005-03-17
10699,915726,5,2005-04-26
10699,1035352,3,2005-07-31
10699,1819462,1,2005-04-26
10699,1003438,5,2005-06-28
10699,2049497,3,2005-07-25
10699,2439493,1,2004-08-09
10699,792106,2,2005-08-09
10699,989579,5,2004-11-16
10699,1276485,3,2005-03-20
10699,1416471,3,2005-05-11
10699,214520,3,2005-02-21
10699,1386457,4,2005-04-26
10699,2079955,4,2005-06-06
10699,2491181,5,2005-09-15
10699,1094952,5,2005-10-07
10699,852739,3,2004-11-14
10699,1060432,3,2005-05-16
10699,320708,5,2004-07-27
10699,2479003,5,2005-02-08
10699,1984521,3,2005-07-25
10699,2046161,4,2004-06-22
10699,2215319,5,2005-08-24
10699,238740,4,2004-09-18
10699,2281177,4,2005-02-16
10699,1437150,2,2005-06-03
10699,1563935,1,2005-08-15
10699,677213,3,2005-03-17
10699,756170,5,2005-03-24
10699,251982,4,2005-06-09
10699,1192404,4,2004-09-07
10699,600819,3,2005-09-30
10699,1509270,4,2005-11-13
10699,941190,3,2005-07-20
10699,991596,5,2005-08-04
10699,1288745,5,2004-09-30
10699,1139937,5,2005-01-31
10699,1646880,5,2005-11-14
10699,533714,2,2005-11-15
10699,1258099,4,2004-06-21
10699,2301300,5,2004-10-10
10699,556429,4,2005-03-11
10699,683881,4,2005-04-06
10699,2172463,4,2005-04-23
10699,955025,3,2005-09-15
10699,609298,4,2005-10-24
10699,2446366,5,2005-11-02
10699,1140762,4,2005-11-21
10699,1346243,4,2005-12-15
10699,2251042,3,2004-11-30
10699,538221,3,2005-05-29
10699,1886021,4,2005-11-11
10699,61765,4,2005-12-27
10699,2095168,5,2005-07-05
10699,698713,3,2004-07-07
10699,2040859,1,2004-11-23
10699,2317703,5,2004-11-25
10699,1978892,5,2005-02-03
10699,113774,3,2005-09-21
10699,1367805,4,2005-12-02
10699,1587216,4,2005-07-12
10699,1313714,4,2004-11-07
10699,1502134,2,2005-03-27
10699,27467,4,2005-06-07
10699,1584350,5,2004-10-03
10699,1272831,3,2005-01-19
10699,1177340,4,2005-01-24
10699,2236554,2,2005-03-14
10699,862592,5,2005-04-10
10699,1065665,5,2005-09-20
10699,480664,3,2005-12-12
10699,640743,3,2005-01-24
10699,1004805,2,2005-02-18
10699,63728,5,2005-05-15
10699,1337153,4,2005-08-04
10699,1382013,3,2005-08-13
10699,795786,5,2005-03-25
10699,2208519,4,2005-12-20
10699,721473,3,2005-07-07
10699,2193184,5,2005-07-28
10699,953430,5,2004-09-21
10699,1092521,3,2005-02-18
10699,952126,5,2005-05-15
10699,572523,5,2005-09-24
10699,814040,5,2005-11-29
10699,1887661,4,2005-08-10
10699,1704440,3,2005-10-04
10699,927567,5,2005-11-20
10699,1517590,4,2004-08-23
10699,1129831,5,2005-07-30
10699,1853299,5,2004-05-23
10699,2455079,3,2004-11-16
10699,309713,3,2005-01-11
10699,704768,4,2005-02-01
10699,319113,5,2005-02-17
10699,232047,3,2005-04-06
10699,2024703,4,2005-04-26
10699,2640999,1,2005-10-24
10699,909349,4,2005-11-30
10699,2521941,1,2005-01-23
10699,1827859,4,2005-03-27
10699,965779,5,2005-11-22
10699,1897305,4,2004-06-07
10699,597776,3,2004-09-23
10699,2230705,4,2004-11-02
10699,2614986,2,2004-12-13
10699,1341553,5,2005-02-18
10699,406122,5,2005-05-20
10699,1589483,5,2005-05-23
10699,1307150,1,2005-07-02
10699,256659,5,2005-10-25
10699,2287920,3,2005-08-02
10699,2413875,3,2005-08-29
10699,496770,5,2004-08-11
10699,820559,4,2005-02-03
10699,101068,3,2005-02-28
10699,2596745,5,2005-09-26
10699,612127,3,2005-10-09
10699,1960404,4,2005-01-31
10699,1105029,4,2005-02-25
10699,271536,5,2005-04-11
10699,713582,4,2005-04-23
10699,2141037,2,2005-09-26
10699,1604574,4,2005-09-26
10699,2188435,4,2004-06-02
10699,183968,4,2005-08-22
10699,1796852,4,2005-08-24
10699,925846,3,2005-08-25
10699,1961377,3,2005-01-12
10699,2136927,4,2005-02-27
10699,1039270,4,2005-06-24
10699,1677869,4,2005-11-07
10699,975062,3,2005-08-06
10699,1725588,4,2005-11-03
10699,2513009,5,2005-05-02
10699,1215094,5,2004-07-03
10699,1120498,4,2005-01-19
10699,1744160,4,2005-02-01
10699,2275859,3,2005-06-15
10699,811963,4,2005-07-06
10699,1026638,4,2005-01-19
10699,2417151,5,2005-02-11
10699,882321,4,2005-04-04
10699,1858770,4,2005-11-02
10699,1106241,1,2005-08-14
10699,2458973,5,2005-08-26
10699,1515930,3,2005-03-09
10699,1076614,5,2005-09-18
10699,2616210,2,2005-12-06
10699,1320869,5,2005-06-08
10699,1143382,3,2005-11-14
10699,2227421,4,2005-08-29
10699,2535720,5,2005-08-30
10699,2023451,4,2005-02-13
10699,1191879,3,2005-03-15
10699,685264,5,2005-07-12
10699,394421,2,2005-08-13
10699,1970266,5,2005-08-23
10699,366354,5,2004-06-16
10699,2330167,3,2005-10-01
10699,2230286,5,2004-11-16
10699,2068409,5,2005-01-19
10699,1002249,3,2005-03-08
10699,1336252,4,2005-03-10
10699,1635670,4,2005-01-04
10699,238267,3,2005-09-13
10699,1272917,2,2005-11-10
10699,2133317,5,2004-11-05
10699,1881209,5,2005-01-12
10699,2166018,4,2005-02-23
10699,1929457,5,2005-06-09
10699,90810,3,2004-11-03
10699,2377222,4,2004-11-14
10699,1328494,4,2005-11-01
10699,414536,4,2005-11-03
10699,836150,4,2005-07-08
10699,2387221,2,2005-07-20
10699,2044896,3,2005-07-25
10699,466763,4,2004-11-11
10699,1192767,4,2005-01-24
10699,1028430,3,2005-03-28
10699,2552319,3,2005-04-03
10699,2046786,5,2005-04-21
10699,2515390,5,2005-05-28
10699,1328028,4,2005-10-27
10699,1859041,4,2004-08-24
10699,2194694,2,2004-11-17
10699,514892,5,2005-03-24
10699,419387,5,2005-04-09
10699,1543240,5,2005-05-03
10699,2646481,4,2005-05-11
10699,1296336,4,2005-05-24
10699,659526,5,2005-05-27
10699,1859995,5,2005-11-26
10699,1970845,3,2004-08-16
10699,611641,4,2005-08-22
10699,2183302,4,2005-02-09
10699,1525051,4,2005-06-02
10699,2243988,2,2005-06-27
10699,2188580,3,2005-12-16
10699,1032165,3,2004-06-02
10699,86773,4,2005-09-07
10699,2422329,4,2004-06-11
10699,1279851,4,2004-11-11
10699,1325888,5,2005-03-01
10699,373103,4,2005-06-29
10699,2628749,4,2005-08-01
10699,994565,5,2004-10-10
10699,1684416,5,2005-04-25
10699,1557148,4,2005-09-13
10699,336211,3,2005-09-27
10699,1820746,5,2005-10-12
10699,1664010,5,2005-10-13
10699,1077806,5,2004-10-25
10699,2152071,5,2005-06-07
10699,38147,5,2005-08-20
10699,2335260,4,2005-09-13
10699,322797,5,2005-08-16
10699,1460421,4,2005-04-12
10699,901819,5,2005-09-17
10699,659540,4,2004-08-09
10699,1784170,3,2005-07-23
10699,2284726,3,2005-08-09
10699,1207990,5,2004-09-08
10699,910244,4,2004-10-18
10699,1999791,4,2004-12-01
10699,254078,5,2004-12-21
10699,100654,5,2005-01-29
10699,1591596,3,2005-02-27
10699,608825,2,2005-05-15
10699,1615158,5,2005-09-22
10699,896920,5,2005-11-07
10699,2203429,2,2005-11-11
10699,1872933,4,2004-09-19
10699,504243,4,2004-09-30
10699,1962128,4,2004-11-03
10699,2612179,3,2005-05-31
10699,1479863,1,2005-09-19
10699,854441,1,2005-10-11
10699,704812,4,2005-12-23
10699,1390285,4,2004-12-28
10699,1365319,5,2005-07-06
10699,2195626,4,2005-08-28
10699,1292190,5,2004-08-09
10699,1345676,5,2004-08-09
10699,2177421,3,2005-01-04
10699,762612,4,2005-01-05
10699,158266,4,2005-05-28
10699,1064326,4,2005-11-19
10699,2051207,5,2005-07-27
10699,612275,4,2005-06-20
10699,2644424,3,2005-09-24
10699,107072,5,2005-08-01
10699,2475492,4,2004-11-09
10699,2252259,4,2005-04-10
10699,149353,4,2005-08-03
10699,760211,5,2004-07-07
10699,165532,3,2004-10-07
10699,1887644,1,2004-10-24
10699,2625520,3,2005-06-28
10699,3728,5,2004-11-12
10699,2510050,3,2005-01-31
10699,983272,5,2005-06-26
10699,1434064,3,2004-09-26
10699,1891833,5,2005-01-26
10699,2262127,2,2005-06-01
10699,1838160,3,2004-05-30
10699,886660,4,2004-11-17
10699,2264259,4,2004-11-18
10699,177615,4,2004-12-30
10699,2478825,4,2005-01-29
10699,1848868,4,2005-02-22
10699,1513038,4,2005-03-11
10699,1457939,4,2005-03-15
10699,1979338,4,2005-10-27
10699,1964566,4,2005-12-11
10699,1813139,3,2004-07-07
10699,332751,4,2004-06-08
10699,1572111,5,2005-08-16
10699,396140,3,2005-03-01
10699,1202285,4,2005-09-19
10699,1555729,3,2005-12-02
10699,1159861,5,2004-07-21
10699,1057364,4,2004-10-12
10699,318409,3,2004-11-10
10699,990605,3,2005-04-26
10699,1428452,4,2004-11-14
10699,771637,4,2005-01-07
10699,235665,4,2005-03-26
10699,524032,5,2005-10-04
10699,495664,4,2005-07-13
10699,1343112,3,2004-08-02
10699,2332012,3,2005-08-28
10699,2088903,3,2004-10-07
10699,52037,3,2005-01-24
10699,2192069,4,2005-06-29
10699,894217,4,2005-10-18
10699,1279413,3,2005-08-01
10699,1477153,2,2004-07-14
10699,334857,5,2005-06-04
10699,1833068,3,2005-11-05
10699,1668710,5,2005-11-29
10699,2577580,4,2005-07-31
10699,1218125,4,2005-08-23
10699,693162,4,2004-06-28
10699,1011106,5,2004-11-16
10699,1272475,3,2005-01-11
10699,168939,4,2005-04-05
10699,1450391,3,2005-05-15
10699,1063873,3,2005-05-26
10699,927007,4,2004-06-14
10699,1755096,5,2004-10-24
10699,1835168,5,2005-03-24
10699,338545,4,2005-04-04
10699,1399712,4,2005-04-21
10699,2648079,5,2005-04-27
10699,2547515,4,2005-10-03
10699,1394126,4,2005-10-28
10699,898642,5,2004-11-11
10699,1896093,4,2005-09-25
10699,2010849,4,2005-07-05
10699,662514,5,2005-07-09
10699,2225743,1,2005-03-28
10699,635619,4,2005-04-11
10699,959340,3,2005-06-02
10699,258170,3,2005-06-11
10699,2550711,4,2005-10-05
10699,731528,5,2005-11-01
10699,1912781,4,2005-02-07
10699,197897,4,2005-05-01
10699,1666471,4,2005-06-10
10699,286650,4,2005-06-27
10699,2384902,4,2005-07-06
10699,1440903,4,2005-07-23
10699,419722,5,2004-06-22
10699,230112,1,2004-08-26
10699,2022462,4,2004-10-27
10699,2250055,4,2004-12-15
10699,2246939,4,2004-12-31
10699,2306848,3,2005-02-11
10699,1377693,5,2005-03-19
10699,1759369,4,2005-03-25
10699,2147668,3,2004-11-23
10699,2471478,4,2005-07-02
10699,229131,5,2005-10-24
10699,491531,1,2004-06-02
10699,837258,4,2005-08-10
10699,1792137,1,2005-08-21
10699,423195,4,2004-09-29
10699,1661932,4,2005-01-04
10699,2284890,4,2005-03-22
10699,1232297,5,2005-05-11
10699,1957291,5,2005-06-27
10699,1132540,5,2005-09-13
10699,563705,3,2005-09-19
10699,375329,4,2005-11-22
10699,601028,4,2004-09-07
10699,2299298,4,2005-08-03
10699,384821,4,2005-08-22
10699,587424,4,2005-08-23
10699,1197388,4,2004-12-08
10699,2352463,4,2004-12-29
10699,1858261,3,2005-06-02
10699,74183,4,2005-06-23
10699,1256636,4,2005-09-15
10699,581930,5,2005-12-14
10699,2376860,4,2005-08-23
10699,2114016,5,2005-09-15
10699,2606799,2,2005-07-10
10699,2349507,5,2004-06-08
10699,2642916,5,2005-04-15
10699,1389295,4,2005-05-16
10699,2051520,3,2005-11-19
10699,1104138,3,2005-11-23
10699,1336148,5,2005-12-20
10699,523957,5,2004-07-15
10699,435841,5,2005-03-22
10699,1984315,3,2005-04-06
10699,1079165,4,2005-09-06
10699,2248675,5,2005-10-12
10699,828181,5,2005-11-04
10699,731469,4,2005-12-25
10699,1146000,3,2004-05-28
10699,587610,4,2005-09-02
10699,754030,5,2004-11-01
10699,1150016,3,2004-11-08
10699,1947378,3,2005-02-18
10699,511883,5,2005-05-26
10699,1252436,4,2005-11-15
10699,1169796,4,2005-11-16
10699,362622,2,2004-07-08
10699,181666,4,2005-02-14
10699,611883,5,2005-06-15
10699,1119614,5,2005-06-23
10699,1641072,3,2005-09-10
10699,2102846,3,2005-09-18
10699,720724,4,2005-06-13
10699,244806,3,2005-12-28
10699,803330,4,2004-08-18
10699,535886,3,2005-01-26
10699,1299887,5,2005-03-12
10699,1419073,4,2005-03-22
10699,1273258,4,2005-04-05
10699,425260,5,2005-09-20
10699,2521797,4,2004-10-28
10699,1089478,4,2005-05-16
10699,2339544,5,2005-04-28
10699,2544834,4,2005-09-24
10699,1600619,1,2005-08-16
10699,58485,4,2005-09-14
10699,656599,5,2005-12-14
10699,2444240,5,2005-08-10
10699,522020,3,2004-06-28
10699,2065658,3,2005-01-19
10699,1826924,4,2005-04-11
10699,295533,4,2005-09-30
10699,423827,1,2005-10-25
10699,1617329,4,2004-06-29
10699,1822277,2,2005-07-30
10699,2553915,4,2004-10-14
10699,725541,5,2004-10-17
10699,1623432,5,2005-03-15
10699,1980432,2,2005-08-03
10699,1024888,5,2004-08-18
10699,2481849,4,2004-11-16
10699,2153906,5,2004-11-26
10699,2028530,4,2005-01-25
10699,580083,2,2005-12-14
10699,1462330,3,2005-08-08
10699,34413,4,2004-07-26
10699,930351,5,2005-03-17
10699,2575496,3,2005-05-18
10699,1706689,5,2005-09-23
10699,2520402,4,2005-11-13
10699,305344,1,2004-05-14
10699,849295,5,2005-06-29
10699,520005,5,2005-07-08
10699,1470113,5,2004-06-20
10699,155041,4,2005-11-05
10699,2147031,5,2005-11-26
10699,1107752,4,2005-07-06
10699,1898558,5,2004-10-29
10699,1940764,2,2005-02-03
10699,905467,4,2005-05-28
10699,1403217,2,2005-08-04
10699,1585504,5,2005-08-12
10699,831301,5,2005-08-15
10699,2276790,4,2004-08-21
10699,788321,2,2004-10-03
10699,2115337,4,2004-10-10
10699,1851609,4,2004-10-19
10699,2232047,4,2005-04-06
10699,2605725,4,2005-10-06
10699,639533,2,2004-06-07
10699,342796,2,2005-08-19
10699,2365589,4,2005-08-23
10699,303558,4,2004-08-30
10699,2242260,3,2005-05-01
10699,641176,5,2005-06-04
10699,1943981,5,2005-11-02
10699,74441,4,2004-05-28
10699,2004485,3,2005-07-23
10699,2462978,4,2004-09-02
10699,2631950,5,2005-02-16
10699,2377864,3,2005-08-31
10699,2221106,5,2005-09-05
10699,492185,3,2005-11-10
10699,896791,4,2005-07-05
10699,828236,4,2005-08-17
10699,2378998,5,2004-06-01
10699,2133569,4,2005-02-13
10699,2317837,2,2005-06-05
10699,1205750,3,2005-06-12
10699,2599739,4,2005-10-30
10699,2396995,4,2005-12-05
10699,2144856,2,2005-07-25
10699,2150746,4,2005-08-02
10699,862928,3,2004-07-15
10699,1210432,5,2005-03-23
10699,1462211,2,2005-10-11
10699,688051,3,2005-10-24
10699,2079894,5,2005-12-26
10699,1643146,5,2005-07-22
10699,1400325,4,2005-08-06
10699,397585,4,2005-08-15
10699,243351,4,2004-07-16
10699,2521265,5,2005-04-02
10699,1275067,4,2005-09-11
10699,1774948,4,2005-09-26
10699,2040942,4,2004-06-30
10699,1444287,4,2004-11-15
10699,1244949,5,2005-01-24
10699,1244384,5,2005-02-16
10699,726511,4,2004-07-26
10699,970073,5,2005-03-16
10699,1428547,5,2004-10-28
10699,1078863,4,2005-09-14
10699,1453686,3,2004-08-25
10699,2607642,4,2004-10-17
10699,2433645,3,2004-11-13
10699,547440,5,2004-12-30
10699,454769,2,2005-03-16
10699,2447195,4,2005-04-22
10699,159159,5,2004-06-17
10699,1562707,5,2005-01-20
10699,168318,3,2005-03-13
10699,525446,4,2005-03-15
10699,1527509,3,2005-07-08
10699,2043681,4,2004-07-19
10699,1675680,3,2004-07-04
10699,2396314,5,2005-04-25
10699,296599,4,2005-06-09
10699,270210,4,2005-06-15
10699,1943181,1,2005-07-03
10699,2550288,4,2005-09-20
10699,1762296,3,2005-08-19
10699,154565,5,2004-06-13
10699,981307,4,2004-12-23
10699,2507922,3,2005-06-02
10699,546619,5,2005-10-08
10699,1431356,4,2005-07-30
10699,1187252,2,2004-09-30
10699,495,5,2004-11-08
10699,2532502,4,2005-02-11
10699,517454,4,2005-07-04
10699,1469735,5,2005-09-23
10699,1934002,4,2005-12-10
10699,1588467,5,2005-08-09
10699,2012184,3,2005-08-15
10699,851778,3,2004-10-12
10699,1431104,4,2005-03-09
10699,429701,5,2005-06-01
10699,1313200,5,2005-06-09
10699,1978780,4,2005-09-02
10699,240232,2,2005-11-05
10699,776353,4,2005-12-21
10699,398853,4,2005-08-19
10699,1590926,3,2004-09-10
10699,1580032,4,2004-09-26
10699,188163,2,2004-10-08
10699,1391691,4,2004-11-09
10699,469944,5,2004-11-21
10699,2126973,1,2004-12-09
10699,1717979,4,2005-01-23
10699,430318,4,2005-09-19
10699,262201,4,2005-10-26
10699,1661014,4,2005-08-29
10699,917530,4,2005-01-24
10699,2528277,5,2005-01-29
10699,1741802,4,2005-02-11
10699,2097043,2,2005-03-29
10699,1413792,4,2005-05-26
10699,2112078,3,2005-07-02
10699,880773,4,2004-09-04
10699,69860,4,2004-11-09
10699,1836907,4,2005-08-03
10699,2529188,4,2004-09-18
10699,2425709,3,2004-11-26
10699,929903,3,2005-03-01
10699,936816,5,2005-01-23
10699,2197579,4,2005-04-26
10699,1213698,4,2005-05-18
10699,1425521,4,2005-06-03
10699,686940,5,2005-11-09
10699,107863,4,2005-11-30
10699,2372243,4,2004-06-16
10699,2056022,2,2004-10-04
10699,1985806,5,2005-01-26
10699,1330588,4,2005-02-06
10699,915643,2,2005-04-25
10699,2174663,5,2005-05-12
10699,1551180,4,2005-09-24
10699,504047,2,2005-10-12
10699,881941,2,2005-10-14
10699,471654,5,2004-11-18
10699,624316,4,2005-07-01
10699,2341509,3,2005-11-27
10699,1758002,3,2004-09-30
10699,327575,3,2005-06-15
10699,1407062,4,2005-10-01
10699,837165,3,2004-07-14
10699,994534,4,2004-05-26
10699,2264638,3,2005-01-19
10699,981800,5,2005-05-21
10699,2113107,4,2005-10-23
10699,2528749,3,2005-02-19
10699,1784184,3,2005-02-28
10699,1618124,4,2005-06-06
10699,588639,3,2005-06-11
10699,2545505,2,2005-11-07
10699,1047037,4,2005-09-01
10699,567512,3,2004-12-01
10699,1021411,4,2005-11-30
10699,1605846,4,2004-10-27
10699,230265,3,2005-02-22
10699,961675,4,2005-05-26
10699,2545730,5,2005-06-01
10699,286886,4,2004-11-26
10699,2234465,5,2004-10-01
10699,761430,5,2004-10-28
10699,828344,4,2005-01-30
10699,785162,5,2005-04-26
10699,438688,5,2005-11-16
10699,776513,4,2004-11-20
10699,1530856,2,2005-01-06
10699,1283414,3,2005-03-14
10699,1974130,5,2005-04-11
10699,2576502,2,2005-10-03
10699,616958,3,2004-09-13
10699,1265998,5,2005-08-12
10699,1662380,4,2004-11-10
10699,2526155,2,2005-06-11
10699,467122,5,2005-09-14
10699,1949855,4,2005-10-12
10699,2118461,5,2005-10-27
10699,1470983,3,2005-11-08
10699,894537,3,2005-12-13
10699,2609544,4,2005-07-09
10699,1379440,4,2005-08-08
10699,2316845,3,2004-09-01
10699,1418521,4,2004-05-31
10699,2241897,4,2004-09-09
10699,598736,5,2005-03-20
10699,1211416,4,2005-04-02
10699,200321,3,2005-06-21
10699,2591096,4,2005-10-26
10699,1638460,3,2005-10-29
10699,1013320,5,2005-12-10
10699,1116110,4,2005-07-30
10699,2572218,5,2005-08-15
10699,874874,5,2004-10-20
10699,1528691,4,2005-04-09
10699,168523,2,2005-04-13
10699,2183894,4,2005-04-14
10699,552175,1,2005-07-09
10699,387418,1,2004-05-14
10699,375177,3,2004-06-15
10699,1366080,4,2004-08-19
10699,1457266,2,2005-01-31
10699,2329676,4,2005-02-13
10699,1436125,5,2005-06-07
10699,1548670,5,2005-07-05
10699,691808,3,2005-07-08
10699,690754,4,2004-09-28
10699,2205307,5,2005-01-07
10699,232984,4,2005-02-11
10699,256660,2,2005-04-26
10699,1429082,5,2005-06-01
10699,1187854,3,2005-10-27
10699,803605,4,2004-11-26
10699,255597,4,2005-12-16
10699,354269,5,2005-06-28
10699,1367304,3,2005-09-26
10699,1424096,5,2005-07-13
10699,762651,5,2004-06-21
10699,2454216,2,2005-08-22
10699,1826320,4,2005-10-24
10699,1979429,5,2005-10-25
10699,116863,4,2005-08-06
10699,1760487,3,2005-08-08
10699,1493528,4,2004-11-23
10699,1515049,3,2005-10-04
10699,2558878,4,2005-07-07
10699,981733,4,2005-07-13
10699,1932594,3,2004-07-12
10699,1486829,5,2004-10-18
10699,88438,4,2004-10-30
10699,2153721,3,2005-01-24
10699,2296816,4,2005-01-31
10699,667455,5,2005-03-23
10699,1724513,3,2005-05-23
10699,2330287,3,2005-11-03
10699,1600098,5,2005-11-03
10699,2387950,3,2004-10-06
10699,2044173,4,2005-01-31
10699,79989,5,2005-02-03
10699,1160030,5,2005-05-26
10699,431856,5,2005-10-14
10699,2156368,4,2005-07-29
10699,739313,4,2004-12-04
10699,1663888,3,2004-05-15
10699,2009400,4,2005-08-15
10699,493758,5,2005-08-19
10699,1847346,4,2005-08-26
10699,1338994,5,2004-06-23
10699,1738284,4,2004-10-06
10699,466977,4,2004-11-16
10699,412460,4,2004-12-23
10699,1235952,3,2005-02-25
10699,1257028,4,2005-03-09
10699,132570,5,2005-10-04
10699,1444028,3,2005-12-13
10699,1304554,3,2005-12-19
10699,1510017,2,2005-08-11
10699,2138452,4,2004-06-28
10699,1984358,4,2004-09-20
10699,1467096,4,2005-12-06
10699,292751,5,2005-08-12
10699,2384478,5,2005-02-25
10699,1466354,2,2005-09-07
10699,154869,2,2005-09-09
10699,1721740,4,2005-10-23
10699,586935,4,2005-07-15
10699,2131794,3,2005-07-23
10699,1399249,3,2004-06-06
10699,372743,4,2005-08-19
10699,1403808,3,2004-08-27
10699,1806931,5,2004-11-03
10699,2489648,5,2005-01-10
10699,717000,5,2005-02-01
10699,1150431,5,2005-02-27
10699,133129,4,2005-05-13
10699,977018,3,2005-12-19
10699,1851578,4,2005-07-22
10699,333843,4,2004-07-06
10699,739922,4,2004-09-28
10699,1996510,4,2004-12-11
10699,1183619,4,2005-01-25
10699,2402252,4,2005-11-09
10699,321900,5,2005-07-16
10699,2463846,3,2005-01-27
10699,1279360,4,2005-04-06
10699,68243,4,2005-05-05
10699,1770199,4,2005-06-12
10699,1237450,1,2005-08-22
10699,1763703,4,2004-08-30
10699,2583029,5,2004-08-19
10699,1421192,3,2005-02-25
10699,2339135,5,2005-07-02
10699,586659,5,2005-11-04
10699,132718,4,2005-08-09
10699,744795,5,2004-06-20
10699,2143500,3,2005-01-12
10699,153939,3,2005-01-25
10699,2566514,4,2005-02-05
10699,1772340,4,2005-05-01
10699,136160,5,2005-11-19
10699,1797765,3,2005-07-21
10699,1542002,5,2004-11-12
10699,559021,5,2005-03-29
10699,1963140,5,2005-06-08
10699,884578,1,2005-09-23
10699,1652073,4,2005-09-26
10699,1197891,4,2005-10-13
10699,1648992,3,2005-07-17
10699,195591,4,2005-08-19
10699,2007421,3,2005-08-22
10699,363609,4,2004-11-20
10699,2283211,5,2004-05-27
10699,2125956,5,2005-01-23
10699,694202,1,2005-02-26
10699,17035,1,2005-09-25
10699,760943,4,2005-09-26
10699,544804,4,2005-08-17
10699,808489,4,2005-09-24
10699,1338725,4,2005-01-22
10699,274364,3,2005-08-09
10699,791523,5,2005-03-23
10699,1455542,3,2005-12-21
10699,1056504,4,2005-07-09
10699,2615035,4,2004-08-17
10699,470330,3,2004-06-16
10699,775020,4,2004-11-29
10699,437742,5,2004-12-29
10699,1852505,2,2005-02-13
10699,901648,3,2005-06-21
10699,629062,4,2004-08-20
10699,500720,4,2004-10-17
10699,224933,5,2005-01-25
10699,317103,5,2005-02-03
10699,1629801,3,2005-03-11
10699,11452,4,2005-03-14
10699,1023208,4,2005-06-30
10699,1311020,4,2005-08-10
10699,1746684,5,2005-08-19
10699,1184388,4,2005-01-26
10699,824691,3,2005-02-23
10699,1396655,4,2005-03-08
10699,1019519,5,2005-04-10
10699,965075,5,2005-01-25
10699,206893,5,2005-02-01
10699,2262183,5,2005-03-16
10699,1350969,3,2005-06-02
10699,828095,3,2004-07-27
10699,295002,4,2005-08-17
10699,1599252,4,2005-09-02
10699,172507,4,2004-06-19
10699,981658,4,2004-09-23
10699,1844850,4,2004-11-23
10699,2264749,4,2005-02-23
10699,220024,5,2005-03-25
10699,100213,5,2005-12-05
10699,2237988,4,2004-09-20
10699,2257349,4,2004-10-05
10699,1360388,5,2005-03-18
10699,255120,4,2005-03-24
10699,2293751,2,2005-10-26
10699,2142405,4,2005-08-22
10699,1654359,3,2005-09-08
10699,1882941,4,2004-07-08
10699,1414512,3,2005-04-15
10699,900899,3,2005-05-03
10699,2062455,4,2005-05-08
10699,1071693,5,2005-05-13
10699,1560518,5,2005-11-16
10699,17374,4,2005-12-14
10699,564449,5,2004-11-24
10699,1055714,5,2004-12-28
10699,1933110,4,2005-04-11
10699,2113140,5,2005-06-20
10699,1104589,4,2005-11-05
10699,1174883,4,2005-11-26
