13921,1022378,1,2004-07-13
13921,1457332,1,2004-03-19
13921,824097,4,2004-08-09
13921,2381246,3,2004-03-17
13921,1575876,4,2004-03-22
13921,976861,4,2004-11-09
13921,755735,3,2005-01-19
13921,1989800,5,2005-03-14
13921,2193455,5,2005-03-23
13921,1524454,5,2005-04-22
13921,466862,2,2005-10-26
13921,705162,4,2005-12-04
13921,1661229,2,2004-06-03
13921,610615,3,2004-05-14
13921,2630970,5,2004-03-31
13921,461110,1,2004-05-12
13921,1623132,3,2004-08-09
13921,1976449,2,2004-09-08
13921,66414,3,2004-11-11
13921,1345108,2,2005-11-05
13921,428294,3,2004-05-10
13921,467816,1,2004-09-07
13921,2253124,3,2004-06-07
13921,2121612,5,2004-06-15
13921,203006,4,2004-08-02
13921,1337685,3,2004-10-11
13921,232549,3,2005-01-08
13921,2339348,3,2005-05-25
13921,1275804,3,2005-11-14
13921,2213550,4,2004-04-16
13921,296525,3,2004-08-16
13921,213183,4,2004-11-16
13921,37188,3,2004-12-24
13921,1682908,3,2005-06-16
13921,2220945,5,2004-08-29
13921,1977959,3,2004-04-13
13921,381326,3,2004-08-10
13921,2176918,4,2004-04-19
13921,845136,2,2004-05-18
13921,1098265,3,2004-06-24
13921,2023755,4,2004-09-23
13921,740724,2,2005-01-26
13921,1091730,3,2005-03-16
13921,227042,1,2005-05-10
13921,2628653,2,2005-06-23
13921,1998055,5,2004-05-19
13921,1333,3,2005-08-17
13921,776655,3,2004-05-11
13921,1113647,3,2004-05-07
13921,1661882,3,2004-07-25
13921,1937737,3,2004-12-14
13921,347375,4,2005-01-24
13921,1952672,3,2005-02-17
13921,322178,1,2005-03-17
13921,89266,3,2005-06-28
13921,2565719,3,2004-06-27
13921,104851,4,2004-04-23
13921,1523159,3,2004-06-22
13921,1897382,3,2004-05-14
13921,2137424,4,2005-04-01
13921,2268573,2,2004-03-13
13921,507921,4,2004-03-18
13921,308602,3,2004-07-13
13921,1791540,4,2004-06-20
13921,1073138,4,2004-09-30
13921,353813,5,2004-12-13
13921,959291,4,2005-01-30
13921,350836,4,2005-04-28
13921,2219000,4,2005-06-08
13921,1774665,4,2005-06-30
13921,1890622,3,2004-03-30
13921,643172,2,2004-07-12
13921,212536,3,2004-09-15
13921,1128457,2,2004-05-28
13921,2384246,4,2004-07-29
13921,76597,5,2004-12-10
13921,450336,3,2005-03-01
13921,1184563,4,2005-04-17
13921,1666429,4,2005-10-24
13921,722818,4,2005-07-07
13921,1685886,5,2004-08-16
13921,1976768,4,2004-08-09
13921,2602249,2,2004-05-20
13921,952677,4,2004-04-19
13921,836201,5,2004-07-28
13921,2297121,3,2004-06-21
13921,2494854,3,2005-03-02
13921,2082618,2,2005-05-04
13921,2280276,2,2004-03-29
13921,1135678,4,2004-06-01
13921,1400056,4,2004-12-05
13921,1405935,3,2005-08-28
13921,882552,2,2004-06-08
13921,549515,1,2005-01-25
13921,2141632,3,2005-04-06
13921,490147,3,2004-07-03
13921,1912383,4,2004-07-03
13921,1413219,4,2004-08-04
13921,1154813,1,2004-04-14
13921,216738,5,2004-05-11
13921,964493,2,2004-10-05
13921,240214,3,2004-10-25
13921,786312,2,2005-03-03
13921,2341069,3,2004-06-23
13921,389017,1,2004-09-14
13921,2056324,2,2004-07-11
13921,2400130,1,2004-09-14
13921,820624,3,2004-03-16
13921,1632126,5,2004-07-19
13921,827100,3,2005-05-16
13921,1015684,1,2005-12-08
13921,2102030,2,2004-03-10
13921,1261143,3,2004-03-22
13921,1459488,5,2005-02-22
13921,352193,3,2005-05-16
13921,2121810,1,2004-05-01
13921,2132087,5,2004-09-16
13921,2637521,4,2005-08-22
13921,2586886,5,2004-06-14
13921,355744,2,2004-04-08
13921,1056348,3,2004-06-22
13921,1150025,3,2004-07-04
13921,669564,4,2004-06-06
13921,330292,3,2004-10-15
13921,299496,3,2005-04-16
13921,1524682,3,2005-04-25
13921,2129475,2,2005-06-09
13921,1075602,3,2005-10-27
13921,7601,3,2004-05-27
13921,1054626,1,2004-03-13
13921,2310877,3,2004-05-26
13921,479267,3,2005-08-18
13921,1564572,4,2004-07-19
13921,2083924,3,2004-08-31
13921,802293,3,2004-04-08
13921,944069,4,2004-03-15
13921,926374,4,2004-04-02
13921,2070937,1,2004-10-06
13921,470500,3,2005-02-24
13921,1040970,5,2005-04-06
13921,627019,2,2005-06-30
13921,2426984,2,2005-07-06
13921,1206067,4,2004-08-09
13921,1321983,3,2004-04-06
13921,657343,4,2004-06-07
13921,612959,5,2004-06-25
13921,1684177,3,2004-08-30
13921,2595185,4,2004-10-25
13921,1450406,1,2005-03-09
13921,2168749,3,2005-03-14
13921,489352,3,2005-05-21
13921,1181925,1,2005-06-29
13921,1447712,2,2005-11-10
13921,1747332,5,2004-06-07
13921,739473,3,2004-08-23
13921,2001875,4,2004-03-22
13921,862743,3,2004-06-22
13921,880219,3,2004-07-28
13921,2265877,1,2004-06-14
13921,1341649,3,2004-07-07
13921,2520513,4,2004-09-30
13921,1764820,3,2004-10-06
13921,484043,3,2004-10-10
13921,945086,4,2005-04-06
13921,660937,5,2005-08-24
13921,2246845,3,2004-04-09
13921,1849148,3,2004-07-04
13921,2327223,4,2004-10-22
13921,2311930,4,2005-02-25
13921,289980,4,2005-12-23
13921,312743,3,2005-07-12
13921,1953910,3,2004-05-21
13921,1512369,4,2004-05-07
13921,1288554,5,2004-04-13
13921,1607574,3,2004-09-13
13921,560291,2,2004-03-18
13921,1695221,4,2004-09-11
13921,1659538,3,2004-10-13
13921,1084367,2,2004-11-30
13921,1338247,3,2005-01-08
13921,1859573,3,2005-05-03
13921,1001129,3,2005-05-24
13921,1216371,4,2005-10-06
13921,1184954,4,2005-11-11
13921,662412,3,2004-06-05
13921,2604976,4,2004-07-13
13921,224880,3,2004-07-09
13921,2169446,3,2004-07-23
13921,2277519,3,2004-08-26
13921,1411981,2,2004-05-03
13921,796682,3,2004-06-03
13921,920597,1,2004-12-15
13921,333080,3,2005-01-26
13921,2642782,3,2005-03-08
13921,1689531,3,2005-10-16
13921,2485022,3,2004-07-20
13921,728335,3,2004-10-14
13921,185438,3,2005-03-08
13921,2344669,3,2005-05-16
13921,968279,3,2005-06-23
13921,2162539,1,2004-04-01
13921,732363,4,2005-08-21
13921,2556305,3,2004-08-30
13921,292601,2,2004-04-12
13921,2263654,3,2004-03-15
13921,1631631,3,2004-09-01
13921,1046367,3,2004-10-27
13921,2014292,3,2004-11-21
13921,1634668,4,2005-02-03
13921,20735,2,2005-03-05
13921,2278960,1,2005-09-25
13921,831643,3,2004-03-11
13921,1504360,4,2004-09-09
13921,1860633,4,2004-07-19
13921,572122,5,2004-05-14
13921,1802239,3,2004-03-04
13921,2074775,4,2004-05-16
13921,528527,2,2004-06-26
13921,1990316,3,2004-06-14
13921,1647020,3,2004-08-01
13921,2240305,4,2004-12-15
13921,388195,4,2005-05-08
13921,737489,1,2005-05-28
13921,727242,1,2004-05-20
13921,2396197,3,2004-03-19
13921,1361023,3,2004-06-29
13921,316087,4,2005-02-11
13921,1884467,4,2004-07-01
13921,1402114,4,2004-03-09
13921,2294328,2,2004-06-18
13921,1722939,4,2005-05-23
13921,1716429,3,2005-07-03
13921,868892,4,2004-07-23
13921,1262868,1,2004-09-29
13921,762987,2,2004-12-16
13921,2174151,4,2005-01-09
13921,33609,2,2005-02-14
13921,248239,3,2004-05-26
13921,111211,2,2005-08-27
13921,778615,4,2004-03-06
13921,820052,3,2004-05-31
13921,1716007,2,2005-08-18
13921,873624,4,2004-04-11
13921,2221050,4,2004-03-20
13921,2408309,1,2005-08-30
13921,1101438,3,2004-08-23
13921,1501028,3,2004-08-21
13921,2627712,1,2004-08-18
13921,1963970,3,2004-12-09
13921,2636960,2,2004-12-20
13921,255960,2,2005-10-02
13921,246693,3,2005-10-10
13921,1213539,3,2004-03-18
13921,788185,3,2004-03-16
13921,1689950,4,2004-06-24
13921,2188135,3,2004-07-12
13921,753195,3,2004-08-13
13921,325001,3,2004-07-04
13921,646706,2,2004-10-05
13921,1979650,2,2005-03-11
13921,2426902,1,2005-03-16
13921,2175107,4,2005-03-28
13921,214296,2,2005-04-23
13921,251863,4,2005-09-15
13921,2196595,1,2005-09-27
13921,1792741,1,2004-05-18
13921,96641,2,2005-08-01
13921,1785838,3,2004-03-09
13921,334159,1,2005-08-31
13921,2500685,3,2004-10-05
13921,2462187,2,2004-11-11
13921,758402,2,2005-07-12
13921,2003550,3,2004-05-04
13921,1761229,4,2004-07-13
13921,936509,3,2004-08-31
13921,1041295,4,2004-03-19
13921,510319,4,2004-07-01
13921,1273374,2,2004-04-28
13921,853580,3,2004-08-16
13921,574499,4,2004-07-08
13921,10712,2,2004-10-26
13921,122830,1,2004-10-30
13921,164845,1,2005-03-04
13921,1021301,2,2005-03-05
13921,2519921,5,2004-09-01
13921,1346081,2,2004-03-20
13921,221882,5,2004-04-13
13921,1240130,3,2004-04-20
13921,1145000,2,2004-07-08
13921,413917,4,2004-06-25
13921,793998,2,2004-12-03
13921,1356347,4,2004-12-08
13921,2127699,2,2004-12-19
13921,1137785,5,2005-05-24
13921,1614730,3,2004-05-01
13921,2027912,4,2004-08-17
13921,793027,4,2005-08-14
13921,507499,3,2004-03-07
13921,64588,5,2004-08-02
13921,2261623,4,2004-03-05
13921,1682081,1,2004-08-16
13921,646398,1,2004-05-10
13921,703380,2,2004-07-18
13921,972186,3,2004-06-06
13921,2357216,5,2004-08-23
13921,2089742,3,2004-10-11
13921,219846,3,2004-12-17
13921,2237185,3,2005-02-23
13921,1385052,3,2005-04-30
13921,342691,4,2005-07-29
13921,1769539,3,2005-08-07
13921,455044,2,2004-05-08
13921,2316813,3,2004-04-13
13921,1329972,5,2004-06-25
13921,1828505,3,2004-08-18
13921,488350,3,2004-11-29
13921,1139570,3,2004-04-04
13921,1739615,3,2005-08-04
13921,2032181,3,2004-03-14
13921,1280640,2,2004-08-02
13921,687769,1,2004-07-22
13921,1882954,3,2004-08-04
13921,1100363,4,2004-10-18
13921,1193636,3,2004-12-07
13921,2339981,3,2005-03-04
13921,1819462,1,2005-04-28
13921,1157288,3,2005-12-10
13921,2439493,2,2004-03-18
13921,1761530,2,2004-05-14
13921,861860,2,2004-05-03
13921,1025764,3,2004-08-15
13921,2552425,3,2004-05-06
13921,530789,3,2004-06-01
13921,1180532,5,2004-03-22
13921,2548293,3,2004-07-07
13921,448190,1,2004-09-22
13921,2019396,4,2004-10-19
13921,2062090,3,2005-01-24
13921,71795,4,2005-02-18
13921,294943,3,2005-06-03
13921,2425255,3,2005-10-23
13921,357481,3,2005-07-08
13921,2601604,3,2004-09-04
13921,2132548,3,2004-06-08
13921,1360140,3,2004-04-28
13921,2225116,5,2004-06-21
13921,2468097,1,2005-01-04
13921,720436,5,2005-03-03
13921,2112095,3,2005-04-22
13921,1863627,3,2005-05-09
13921,1850615,1,2005-07-12
13921,807065,4,2004-08-24
13921,1123516,4,2004-06-23
13921,1755612,4,2004-07-28
13921,1147101,4,2004-12-09
13921,1147370,3,2005-03-02
13921,609742,2,2005-04-04
13921,2375945,2,2005-05-22
13921,1874439,3,2005-06-28
13921,204537,2,2005-12-21
13921,2415589,4,2005-07-31
13921,2507392,3,2005-08-03
13921,1655003,2,2004-06-15
13921,2018815,2,2004-05-31
13921,1455018,4,2004-10-19
13921,1779522,4,2004-10-22
13921,1917946,2,2005-03-08
13921,1416455,4,2005-06-20
13921,54197,3,2004-08-28
13921,1848289,1,2004-07-12
13921,2291222,3,2004-06-23
13921,1561649,3,2004-06-11
13921,1381258,5,2004-06-30
13921,872361,3,2004-07-22
13921,446168,5,2004-11-17
13921,1267693,5,2005-02-03
13921,1045551,2,2005-09-27
13921,569679,3,2005-10-09
13921,2297858,3,2005-12-14
13921,1616563,3,2005-12-31
13921,174783,2,2004-05-20
13921,1517010,3,2004-06-04
13921,2418035,4,2004-04-29
13921,1656839,3,2004-07-27
13921,373938,4,2004-10-18
13921,922459,2,2005-03-28
13921,969328,5,2005-12-13
13921,317543,5,2004-03-13
13921,1122887,3,2004-08-23
13921,1386800,5,2004-06-01
13921,725368,3,2004-03-15
13921,910059,3,2005-08-30
13921,344347,3,2004-06-19
13921,1200256,4,2004-04-12
13921,1993937,3,2004-06-30
13921,1301420,2,2005-03-01
13921,1587574,5,2005-05-23
13921,906871,2,2004-09-08
13921,2283820,2,2004-07-13
13921,1219057,3,2004-03-08
13921,1731602,5,2004-10-19
13921,2454567,5,2004-12-21
13921,779653,5,2004-12-29
13921,192307,3,2005-01-01
13921,1649966,5,2005-02-17
13921,555073,3,2005-12-18
13921,2077564,5,2004-05-21
13921,1595359,3,2004-08-30
13921,1861093,1,2004-08-04
13921,1117919,4,2004-09-17
13921,1176119,5,2004-11-30
13921,52439,4,2005-01-12
13921,551569,4,2005-02-28
13921,990182,3,2005-05-01
13921,1403686,3,2005-06-07
13921,1154249,2,2005-09-28
13921,2115636,1,2005-07-12
13921,2069790,4,2004-06-29
13921,1494982,3,2004-03-26
13921,810636,2,2004-05-05
13921,1267391,3,2004-06-09
13921,2497507,1,2004-04-06
13921,2019520,1,2004-10-16
13921,2260833,3,2005-01-25
13921,1963115,5,2004-05-28
13921,1198759,3,2005-07-25
13921,929208,5,2004-05-07
13921,659285,3,2004-03-16
13921,1232231,2,2004-09-09
13921,147563,4,2004-09-22
13921,1903822,3,2004-10-08
13921,2040859,1,2004-11-23
13921,884354,4,2005-02-13
13921,361630,4,2005-03-28
13921,827537,5,2005-05-17
13921,7116,2,2005-06-14
13921,2581032,3,2004-05-26
13921,2455107,3,2004-08-14
13921,1395008,1,2004-04-18
13921,681476,3,2005-08-16
13921,2530071,2,2004-06-14
13921,964228,3,2004-03-11
13921,345916,5,2004-03-18
13921,1434856,4,2004-04-11
13921,2081430,2,2004-08-21
13921,247932,3,2005-06-07
13921,480288,4,2004-03-28
13921,1836230,3,2004-07-12
13921,1169880,4,2004-04-14
13921,1901318,4,2004-06-20
13921,616603,3,2004-09-23
13921,1177340,3,2005-01-03
13921,392245,5,2005-02-08
13921,2280249,1,2005-04-22
13921,1004390,2,2005-04-28
13921,1621533,4,2005-10-11
13921,2331739,3,2004-03-09
13921,1101354,3,2005-08-09
13921,68814,1,2004-07-20
13921,1762226,1,2004-11-15
13921,1268509,4,2004-12-27
13921,1953075,3,2005-04-09
13921,1167144,3,2005-09-27
13921,1185151,1,2005-10-23
13921,704254,1,2005-12-02
13921,2566598,2,2005-07-07
13921,2169947,3,2004-04-27
13921,252863,2,2005-02-19
13921,552107,2,2004-03-14
13921,2314419,3,2004-12-31
13921,1871629,3,2005-01-20
13921,1717110,5,2005-04-21
13921,2032825,3,2004-03-14
13921,1394991,3,2004-08-22
13921,2387409,2,2004-03-30
13921,265049,1,2004-07-30
13921,952156,3,2004-07-31
13921,378033,1,2004-05-01
13921,1275826,4,2004-12-21
13921,70483,4,2004-03-31
13921,2365581,4,2004-03-20
13921,895565,4,2004-09-21
13921,927462,3,2004-10-27
13921,1903324,1,2004-12-08
13921,884203,5,2004-12-25
13921,566587,3,2005-09-08
13921,2556053,3,2004-05-25
13921,1358685,4,2004-04-23
13921,2159060,5,2004-08-16
13921,818752,3,2004-07-23
13921,1021657,1,2004-06-01
13921,1322507,3,2004-12-28
13921,2450433,3,2005-03-09
13921,2098047,3,2005-03-28
13921,1641028,4,2005-04-12
13921,67658,3,2005-04-21
13921,1258912,2,2005-11-12
13921,1287939,3,2005-12-29
13921,540783,3,2005-07-16
13921,1380915,4,2004-04-28
13921,332698,4,2004-03-08
13921,1592339,3,2005-02-20
13921,1094273,3,2004-06-13
13921,2540318,5,2004-04-12
13921,2067221,2,2005-08-26
13921,206308,5,2004-05-22
13921,410168,3,2004-05-15
13921,423238,3,2004-08-09
13921,1348967,4,2004-12-31
13921,97256,1,2005-02-01
13921,2640999,1,2005-10-24
13921,2303843,4,2004-05-18
13921,1868213,2,2004-05-03
13921,1217641,4,2004-04-09
13921,505875,2,2004-07-23
13921,1081108,3,2004-11-26
13921,1893197,1,2005-01-03
13921,751076,2,2005-01-06
13921,1883897,2,2005-04-13
13921,1689421,5,2004-07-04
13921,493009,5,2004-04-08
13921,793406,1,2004-03-25
13921,1320706,3,2004-07-16
13921,1265961,4,2004-06-26
13921,524142,3,2004-06-04
13921,823802,4,2004-10-08
13921,2188149,4,2005-06-08
13921,1828803,3,2004-04-12
13921,2461063,2,2005-08-10
13921,414243,1,2004-03-20
13921,2300816,2,2004-07-16
13921,2459120,3,2004-10-22
13921,1286999,5,2005-01-07
13921,765311,4,2005-01-12
13921,2480147,3,2005-03-29
13921,152946,5,2005-05-16
13921,2601788,3,2005-06-20
13921,1276625,5,2005-12-29
13921,1794722,5,2005-07-20
13921,1514786,5,2005-08-27
13921,2551557,4,2004-03-04
13921,2019679,4,2004-09-22
13921,1813617,2,2004-10-19
13921,2532276,4,2004-11-18
13921,1488606,4,2005-02-04
13921,1330901,2,2005-02-17
13921,1965450,1,2005-03-16
13921,1468619,3,2005-05-19
13921,2276431,3,2005-08-04
13921,2268348,5,2005-08-10
13921,1720420,3,2004-03-23
13921,2136927,2,2004-04-12
13921,1377696,3,2004-05-03
13921,1564150,3,2004-03-30
13921,1290937,3,2004-06-11
13921,1883094,1,2004-04-10
13921,78293,2,2005-05-21
13921,1738642,2,2005-11-15
13921,1605822,5,2004-03-24
13921,847313,3,2004-03-22
13921,1167549,4,2004-03-04
13921,163515,3,2004-07-17
13921,2602667,4,2004-06-28
13921,364749,3,2004-09-08
13921,1819380,4,2005-08-16
13921,1493690,3,2004-07-26
13921,2092541,4,2004-04-14
13921,532611,1,2004-06-10
13921,1702242,2,2004-08-13
13921,607191,4,2004-07-26
13921,242209,3,2004-06-25
13921,596918,4,2004-07-07
13921,553551,2,2005-01-05
13921,2357681,5,2005-02-17
13921,1876190,3,2005-05-02
13921,1294647,2,2005-05-22
13921,1967173,5,2005-06-22
13921,2233352,3,2004-09-02
13921,170382,4,2004-05-18
13921,856858,2,2004-07-22
13921,1454112,3,2004-08-16
13921,1287017,2,2005-03-10
13921,2232059,3,2005-05-17
13921,2251669,2,2005-11-21
13921,458414,3,2005-12-17
13921,2417914,2,2004-04-21
13921,2417151,4,2004-06-29
13921,2169153,3,2004-04-29
13921,378387,3,2004-03-12
13921,489321,3,2004-04-13
13921,615914,2,2005-01-19
13921,2134424,3,2005-06-10
13921,1500112,4,2004-03-26
13921,513960,3,2004-06-07
13921,2366808,3,2004-04-30
13921,1013603,3,2004-08-10
13921,184077,5,2004-11-22
13921,151821,4,2005-06-16
13921,204384,5,2005-06-22
13921,2431028,3,2005-09-27
13921,841654,2,2005-10-06
13921,408200,3,2004-03-18
13921,299857,3,2004-07-27
13921,1627565,4,2004-07-31
13921,594805,3,2004-07-21
13921,1774181,4,2004-07-06
13921,1059101,1,2005-08-15
13921,68371,1,2004-04-05
13921,865768,4,2004-07-27
13921,1240406,4,2004-10-04
13921,1601196,1,2004-10-21
13921,661071,3,2004-10-28
13921,1184537,1,2005-04-29
13921,2223524,4,2004-06-16
13921,2134665,5,2004-04-15
13921,121184,4,2004-07-24
13921,2029979,2,2004-07-25
13921,1540255,3,2004-07-02
13921,2535720,3,2005-04-29
13921,1437396,5,2005-10-09
13921,1661471,5,2005-09-09
13921,1000517,3,2004-04-26
13921,2007199,2,2004-03-11
13921,2352383,2,2004-06-14
13921,2191242,3,2004-08-04
13921,507603,1,2005-03-23
13921,1492520,2,2004-08-30
13921,1753201,2,2004-05-20
13921,173571,5,2004-03-09
13921,1200477,3,2004-04-30
13921,342274,3,2005-02-21
13921,580598,3,2004-05-03
13921,831912,3,2005-04-13
13921,891055,3,2005-08-08
13921,2641580,3,2005-08-11
13921,1291455,4,2004-04-22
13921,1272917,3,2004-06-28
13921,2644654,4,2005-08-29
13921,2162729,4,2004-03-22
13921,626627,2,2004-03-06
13921,1741701,4,2005-01-19
13921,466842,3,2005-04-21
13921,1605531,1,2005-11-10
13921,1900382,2,2004-06-09
13921,816213,3,2004-08-29
13921,2601915,3,2005-08-02
13921,1214640,3,2004-09-29
13921,2469549,2,2004-10-27
13921,69599,4,2005-04-18
13921,1303244,2,2005-11-07
13921,1796842,3,2005-07-12
13921,1028645,3,2004-03-11
13921,2185910,4,2004-08-31
13921,414536,3,2004-04-14
13921,539688,3,2005-02-26
13921,2206366,3,2004-04-21
13921,2051858,2,2004-08-09
13921,344489,5,2004-07-08
13921,2119945,4,2004-11-09
13921,1221349,3,2004-12-13
13921,922965,4,2005-01-06
13921,1941022,2,2005-02-14
13921,2278760,3,2004-07-18
13921,37432,2,2004-10-31
13921,1648285,1,2004-11-29
13921,1714672,3,2004-12-12
13921,677564,3,2005-02-18
13921,2082635,3,2005-03-23
13921,2552319,3,2005-04-03
13921,361886,2,2005-12-31
13921,2076278,5,2005-07-07
13921,2119965,3,2004-03-15
13921,1927110,3,2004-03-05
13921,1522023,3,2004-08-29
13921,1509808,4,2004-05-14
13921,2511119,3,2004-06-24
13921,1592205,4,2004-09-17
13921,467170,1,2005-03-19
13921,681348,1,2005-05-17
13921,1741303,3,2005-09-18
13921,1009014,3,2005-11-01
13921,2595332,4,2004-08-11
13921,813622,5,2004-09-08
13921,1537599,5,2004-05-05
13921,1508368,2,2004-08-31
13921,721820,3,2004-11-08
13921,810735,5,2005-06-23
13921,1363990,2,2004-07-19
13921,2315538,2,2004-04-25
13921,274191,4,2004-06-08
13921,1686030,4,2004-08-03
13921,782241,3,2004-06-26
13921,2276966,5,2004-10-06
13921,1197576,3,2004-10-16
13921,1051506,3,2005-01-20
13921,1060477,2,2004-12-02
13921,669086,4,2004-12-21
13921,2235113,3,2005-02-01
13921,475474,5,2005-02-02
13921,421870,1,2005-04-21
13921,1353446,5,2004-05-04
13921,2617127,3,2004-03-22
13921,1681664,5,2004-04-22
13921,908903,3,2005-09-07
13921,2609871,1,2004-05-15
13921,2063663,3,2004-11-15
13921,1289509,3,2004-12-25
13921,493551,3,2005-01-10
13921,175410,4,2005-06-07
13921,748091,3,2005-06-15
13921,454832,2,2005-10-13
13921,2379311,3,2004-06-17
13921,1982967,3,2004-03-12
13921,2482384,1,2005-07-22
13921,2072472,3,2004-04-09
13921,1162819,3,2005-08-23
13921,1438622,3,2004-04-19
13921,1585334,2,2004-05-07
13921,772534,3,2005-02-15
13921,1684416,1,2005-05-20
13921,2545548,3,2005-06-01
13921,896633,2,2005-09-13
13921,2435473,4,2005-10-12
13921,1664010,4,2005-10-13
13921,2399094,2,2004-03-10
13921,1750739,2,2004-05-21
13921,313560,1,2004-10-17
13921,1777158,5,2005-02-12
13921,2404723,1,2005-06-02
13921,2255529,3,2005-09-23
13921,1409104,5,2005-10-18
13921,2020481,2,2005-07-12
13921,2342550,2,2004-06-07
13921,559019,3,2004-11-28
13921,134288,2,2005-01-23
13921,2091241,3,2005-04-19
13921,204405,5,2005-06-24
13921,2374782,3,2005-12-30
13921,774055,5,2004-12-05
13921,1184046,2,2004-06-30
13921,1019960,2,2004-08-31
13921,2083283,4,2005-01-06
13921,339623,3,2005-03-07
13921,2350701,2,2005-12-12
13921,59218,1,2005-12-28
13921,572481,1,2004-06-10
13921,406841,2,2005-08-02
13921,1207990,4,2004-08-03
13921,173242,2,2004-04-22
13921,2260509,5,2004-05-19
13921,1311019,3,2004-06-29
13921,938923,2,2005-01-20
13921,2369705,4,2005-02-26
13921,303491,4,2005-10-05
13921,2567935,3,2004-08-03
13921,240091,3,2005-07-20
13921,34155,2,2004-05-11
13921,1762909,3,2004-06-02
13921,157443,5,2004-03-19
13921,1902140,3,2004-04-30
13921,2417674,5,2004-10-18
13921,3018,2,2004-11-04
13921,1104283,3,2005-02-18
13921,862596,3,2005-09-22
13921,2119135,2,2004-07-27
13921,2553799,4,2004-06-02
13921,2410790,4,2004-08-02
13921,1613327,3,2004-05-10
13921,585441,1,2004-09-23
13921,1659194,1,2004-11-01
13921,1167175,4,2004-11-21
13921,1892414,3,2005-01-25
13921,2458451,3,2005-11-08
13921,2420828,4,2004-06-21
13921,1460369,3,2004-06-16
13921,729769,3,2005-08-19
13921,2562130,2,2005-08-31
13921,550163,3,2004-08-29
13921,1816495,3,2004-09-29
13921,2043032,3,2005-04-19
13921,65286,3,2005-07-06
13921,902420,4,2004-12-02
13921,2210857,4,2004-03-20
13921,2397276,2,2004-05-09
13921,935151,5,2004-04-01
13921,151549,3,2004-10-21
13921,111192,4,2005-06-29
13921,285330,3,2005-11-28
13921,2520496,1,2005-08-02
13921,374581,2,2004-03-08
13921,2637886,5,2004-05-05
13921,1793353,4,2005-09-07
13921,88887,3,2004-05-22
13921,333736,3,2004-08-29
13921,2259547,2,2004-07-19
13921,2542703,4,2005-06-01
13921,81129,4,2005-06-02
13921,1249358,3,2005-09-21
13921,98579,5,2005-10-11
13921,1975223,5,2005-10-12
13921,779811,3,2005-07-24
13921,1182659,3,2004-04-08
13921,2318397,4,2004-08-24
13921,802351,5,2004-07-13
13921,760211,4,2004-06-09
13921,1075476,1,2004-07-06
13921,138447,1,2004-09-24
13921,2219087,3,2004-09-30
13921,121765,2,2004-10-05
13921,364192,2,2004-11-07
13921,1459699,3,2005-03-01
13921,160449,3,2005-03-01
13921,1982293,2,2004-07-10
13921,2600981,3,2004-06-17
13921,1799948,2,2004-05-02
13921,343857,3,2004-03-08
13921,1464011,1,2004-11-14
13921,2199353,3,2004-12-20
13921,526580,3,2005-04-15
13921,2573440,3,2005-09-18
13921,2357769,4,2004-06-14
13921,732837,4,2004-07-17
13921,1561788,4,2004-03-19
13921,1812544,2,2004-06-05
13921,177615,3,2004-05-03
13921,1474202,2,2004-03-05
13921,1060685,2,2004-06-22
13921,865254,4,2004-06-14
13921,2007237,4,2004-06-30
13921,16201,2,2004-09-13
13921,2372931,2,2005-06-25
13921,370735,2,2005-09-08
13921,1772215,5,2004-07-06
13921,866475,4,2004-11-16
13921,1257921,4,2005-11-03
13921,1762119,5,2005-07-05
13921,1766217,2,2004-05-23
13921,2420191,2,2004-07-19
13921,2560285,3,2004-07-19
13921,1048453,4,2004-10-10
13921,758872,3,2004-11-17
13921,1702561,2,2005-02-07
13921,2559364,3,2005-02-09
13921,1381239,3,2004-08-08
13921,536257,3,2005-08-13
13921,2451473,4,2004-06-28
13921,684531,3,2004-02-29
13921,2442155,4,2005-08-25
13921,2460844,2,2004-06-29
13921,148350,3,2004-09-13
13921,2448192,3,2004-04-13
13921,606755,3,2004-06-23
13921,517441,1,2004-10-22
13921,2252518,5,2004-10-27
13921,553651,1,2005-05-31
13921,235551,4,2005-06-17
13921,2293836,2,2005-06-27
13921,887619,5,2004-09-12
13921,2531588,1,2004-06-13
13921,601640,4,2004-04-14
13921,2636989,3,2004-04-19
13921,1828732,2,2004-06-15
13921,26334,2,2004-04-02
13921,2293662,4,2004-08-12
13921,418092,4,2004-08-14
13921,1234754,2,2004-11-07
13921,704058,2,2004-12-23
13921,1594708,4,2005-03-01
13921,1804717,2,2005-03-28
13921,1935793,1,2005-04-04
13921,2211440,1,2005-05-19
13921,1718526,3,2004-06-01
13921,1492263,2,2004-04-06
13921,302958,3,2004-03-11
13921,2194719,5,2004-03-26
13921,1022576,4,2004-04-14
13921,188108,1,2004-10-20
13921,1540315,4,2004-12-16
13921,1160661,4,2005-05-07
13921,2296531,3,2005-02-23
13921,1561408,3,2005-04-04
13921,1433720,1,2004-06-09
13921,595095,4,2004-03-22
13921,2456714,3,2004-03-05
13921,241873,3,2004-08-23
13921,2559018,3,2004-09-22
13921,2525542,2,2004-10-26
13921,2290732,3,2005-04-13
13921,672097,4,2005-05-28
13921,2413320,2,2004-03-08
13921,1528530,4,2004-06-07
13921,1497131,4,2004-04-20
13921,2641400,1,2004-09-27
13921,205223,3,2004-09-27
13921,2455393,3,2005-03-05
13921,1351706,3,2005-04-01
13921,514721,2,2005-10-05
13921,85562,4,2005-10-24
13921,33781,3,2004-04-13
13921,1822001,1,2004-03-14
13921,1265076,3,2004-06-22
13921,1258107,3,2004-05-28
13921,352986,3,2004-03-22
13921,2345100,3,2004-05-26
13921,2342397,3,2004-07-01
13921,2291306,1,2004-03-01
13921,381855,3,2004-06-15
13921,2398212,4,2004-09-17
13921,467475,2,2004-12-08
13921,2616724,3,2004-12-12
13921,139989,4,2005-02-27
13921,2627190,2,2005-03-07
13921,1521960,3,2005-04-02
13921,976373,2,2005-09-27
13921,1031366,3,2005-07-25
13921,2198796,3,2005-07-31
13921,1877497,2,2004-06-22
13921,331432,1,2004-08-24
13921,1416875,2,2004-10-09
13921,662651,4,2004-10-21
13921,2103302,3,2005-04-02
13921,1652322,2,2005-09-13
13921,2611810,3,2005-10-22
13921,1211523,3,2005-07-28
13921,2273811,3,2004-09-07
13921,361543,3,2004-07-21
13921,1595876,5,2004-05-19
13921,1253144,3,2004-12-03
13921,32963,4,2004-12-12
13921,843836,3,2004-12-18
13921,316591,5,2005-01-09
13921,619980,4,2005-03-25
13921,2225743,1,2005-03-28
13921,392648,2,2004-08-20
13921,811674,3,2004-05-29
13921,815695,3,2004-12-03
13921,64789,4,2005-01-11
13921,2305082,3,2005-02-01
13921,2364091,3,2005-03-06
13921,1438837,3,2005-09-23
13921,671869,4,2004-05-05
13921,2081866,2,2004-03-29
13921,1377693,5,2004-03-11
13921,1359766,2,2004-03-11
13921,1082921,5,2004-06-07
13921,230112,2,2004-05-01
13921,87160,5,2004-12-25
13921,2307291,4,2005-02-10
13921,1424040,4,2004-03-15
13921,1638238,3,2004-04-15
13921,2345215,3,2004-05-29
13921,938314,2,2004-04-21
13921,158222,3,2004-06-23
13921,2176634,3,2004-07-12
13921,370508,4,2004-03-13
13921,1519374,3,2005-03-09
13921,2157469,3,2004-03-12
13921,491531,1,2004-06-02
13921,2174089,4,2005-08-05
13921,2449892,5,2004-05-05
13921,2554776,2,2004-06-02
13921,1041130,3,2004-07-10
13921,2246924,1,2004-10-05
13921,284852,1,2005-02-16
13921,757767,3,2005-03-18
13921,216534,3,2005-05-25
13921,2072811,3,2005-11-09
13921,2424006,3,2004-04-07
13921,2050510,3,2004-06-01
13921,1124113,5,2004-09-22
13921,987662,3,2004-11-02
13921,2561691,4,2004-12-11
13921,835271,3,2004-12-22
13921,332466,3,2005-03-17
13921,765965,3,2005-03-25
13921,2095365,1,2005-12-03
13921,333844,3,2004-09-14
13921,2153128,4,2004-03-09
13921,1820313,3,2004-03-14
13921,2270184,5,2004-07-01
13921,1372915,3,2004-07-18
13921,752702,2,2004-06-02
13921,2252640,3,2005-06-26
13921,1039760,4,2004-09-13
13921,693999,4,2005-08-20
13921,242881,3,2004-04-20
13921,1102923,4,2004-05-11
13921,1865249,3,2004-04-02
13921,990444,3,2004-05-06
13921,2297770,4,2004-11-09
13921,1250757,3,2005-01-31
13921,2606799,1,2005-05-16
13921,2328384,1,2004-09-09
13921,1728133,3,2004-03-16
13921,2450378,4,2004-03-08
13921,1984315,3,2004-07-27
13921,1158311,1,2004-05-10
13921,234484,1,2004-04-13
13921,951094,4,2004-07-23
13921,1821847,4,2005-03-02
13921,209736,3,2005-03-13
13921,1581343,3,2004-07-05
13921,1051191,3,2004-07-01
13921,929407,3,2005-01-01
13921,2466381,1,2004-08-13
13921,1053630,4,2004-07-16
13921,2256485,1,2004-11-18
13921,1837889,4,2004-12-09
13921,1499412,2,2005-05-14
13921,53332,3,2005-07-12
13921,818926,5,2004-05-12
13921,924710,3,2004-08-13
13921,635070,3,2004-05-13
13921,1149194,3,2004-10-11
13921,2311078,3,2004-12-17
13921,2204470,1,2005-02-18
13921,1013375,5,2005-05-07
13921,759737,2,2005-12-13
13921,404170,4,2004-03-23
13921,331278,3,2004-03-28
13921,2491429,3,2004-09-07
13921,1847499,1,2004-04-01
13921,800938,3,2004-06-18
13921,2598096,2,2004-09-26
13921,1924584,3,2005-06-05
13921,2389674,3,2005-09-22
13921,798296,3,2004-08-25
13921,1841924,3,2004-08-12
13921,1583299,3,2004-08-11
13921,595922,3,2004-08-12
13921,1565851,3,2004-06-09
13921,795080,4,2005-01-03
13921,2418629,3,2005-03-29
13921,118028,2,2005-10-13
13921,2540753,2,2005-07-12
13921,293258,3,2004-06-25
13921,1349978,3,2004-09-07
13921,2329617,2,2004-08-24
13921,2173970,1,2004-10-13
13921,1379669,2,2004-12-13
13921,321312,2,2005-03-03
13921,113166,3,2005-04-13
13921,16272,2,2005-05-14
13921,831839,2,2004-05-18
13921,2565354,4,2004-04-21
13921,719598,5,2004-06-14
13921,1960748,2,2004-08-30
13921,1676033,2,2004-07-02
13921,2272468,1,2004-05-30
13921,104749,4,2004-06-24
13921,115341,5,2004-10-13
13921,1014255,3,2005-03-08
13921,1371451,4,2005-05-21
13921,2607472,2,2005-06-04
13921,1020215,3,2005-11-25
13921,2421912,4,2005-07-10
13921,2466682,4,2004-03-18
13921,724097,2,2005-07-19
13921,929499,3,2004-05-22
13921,2505048,5,2004-04-28
13921,1507644,3,2004-07-20
13921,729150,2,2005-03-12
13921,902762,1,2005-04-16
13921,1742122,2,2005-06-02
13921,444467,2,2005-02-20
13921,1665564,2,2004-07-01
13921,1189557,3,2004-03-13
13921,303917,1,2004-08-23
13921,319058,2,2005-03-04
13921,1074542,5,2004-06-22
13921,271105,5,2004-08-11
13921,2301581,4,2004-05-20
13921,1364764,2,2005-04-14
13921,2174723,2,2004-05-24
13921,2107425,4,2004-08-06
13921,39479,3,2004-05-08
13921,894232,4,2004-08-05
13921,2345344,3,2004-08-02
13921,1291710,5,2004-12-06
13921,2360992,1,2004-12-13
13921,692018,3,2005-02-14
13921,1414883,5,2005-03-09
13921,582688,4,2005-06-17
13921,323314,4,2004-06-28
13921,685687,2,2004-06-02
13921,1646266,3,2004-08-04
13921,266023,3,2004-09-10
13921,214619,2,2004-07-13
13921,1508328,3,2004-11-10
13921,1493676,4,2005-04-01
13921,539709,3,2005-05-06
13921,305344,1,2004-02-04
13921,181524,2,2004-03-15
13921,632347,3,2004-05-28
13921,934456,4,2004-08-16
13921,2308843,3,2004-10-04
13921,363989,1,2004-12-22
13921,1351594,3,2005-04-02
13921,1053026,3,2005-09-18
13921,688499,5,2005-12-22
13921,211010,4,2004-04-23
13921,1367125,4,2004-04-16
13921,1315245,2,2004-09-09
13921,1138896,3,2004-11-02
13921,2259736,2,2004-12-07
13921,1279667,4,2005-01-29
13921,1498317,4,2005-03-02
13921,2226525,2,2005-10-12
13921,1379086,5,2005-10-20
13921,2075758,4,2005-10-27
13921,1466974,2,2004-06-25
13921,844028,2,2004-07-26
13921,1746049,3,2004-07-26
13921,434585,4,2004-08-09
13921,1140336,3,2004-04-28
13921,34935,2,2004-07-28
13921,2134803,3,2004-10-04
13921,2121940,4,2005-02-15
13921,1001797,4,2005-02-21
13921,1595828,2,2005-06-01
13921,1952583,3,2005-07-03
13921,1505280,3,2005-08-10
13921,695276,1,2004-06-14
13921,1394575,5,2004-03-08
13921,788321,2,2004-05-03
13921,455855,2,2004-10-01
13921,1107578,2,2004-12-03
13921,1766397,1,2004-12-26
13921,329207,3,2005-04-04
13921,639533,2,2004-07-30
13921,1491246,4,2004-03-23
13921,264379,1,2004-04-10
13921,2455083,2,2005-08-29
13921,926387,4,2004-06-21
13921,1322178,3,2004-06-25
13921,2179321,3,2004-03-31
13921,677957,2,2005-02-25
13921,1799922,3,2004-03-16
13921,971333,4,2005-08-01
13921,2510346,4,2004-03-23
13921,1983848,5,2004-03-19
13921,1978865,3,2004-08-02
13921,98977,5,2004-11-22
13921,490882,3,2004-12-16
13921,1022452,2,2005-02-27
13921,2081894,4,2005-03-26
13921,1712758,5,2005-05-05
13921,934493,1,2005-11-21
13921,1972540,3,2005-07-13
13921,333573,5,2004-04-01
13921,657427,4,2004-05-18
13921,2059696,3,2004-03-05
13921,2178027,4,2004-04-20
13921,1540437,5,2004-08-05
13921,1323395,3,2004-10-06
13921,1182475,3,2004-11-09
13921,1621023,3,2004-12-21
13921,330814,3,2005-01-10
13921,1282472,2,2005-03-16
13921,1504567,3,2005-06-13
13921,46263,3,2004-03-12
13921,138835,2,2004-08-16
13921,558180,4,2004-04-07
13921,1854952,3,2004-03-23
13921,844963,3,2004-03-30
13921,1338520,2,2004-05-25
13921,2264003,3,2004-06-07
13921,603092,3,2005-01-25
13921,2263535,5,2005-05-10
13921,2602560,4,2005-05-10
13921,746113,3,2005-12-12
13921,2410143,3,2004-04-23
13921,1064540,3,2004-09-03
13921,1445494,1,2004-06-02
13921,2358741,2,2004-04-13
13921,722341,1,2004-07-19
13921,1290460,1,2004-10-17
13921,2448201,1,2004-10-24
13921,320729,4,2005-01-26
13921,1135039,3,2005-03-08
13921,15966,3,2004-05-01
13921,1734579,3,2005-08-23
13921,504608,3,2004-03-14
13921,884508,5,2005-08-29
13921,561303,4,2004-06-04
13921,2598216,3,2004-04-01
13921,1643146,1,2004-10-25
13921,2412920,2,2004-11-22
13921,2178278,3,2005-04-26
13921,1173994,3,2005-05-21
13921,1752968,4,2004-09-13
13921,2396765,3,2004-07-29
13921,1430286,3,2004-08-14
13921,700282,3,2004-05-18
13921,2540213,3,2004-10-03
13921,2615986,2,2005-09-10
13921,1483654,2,2005-11-11
13921,431404,4,2004-05-01
13921,1595693,3,2004-03-06
13921,803964,3,2004-03-22
13921,2315012,1,2004-03-16
13921,652324,3,2004-04-15
13921,49142,3,2004-05-26
13921,2486520,3,2004-11-02
13921,1586276,3,2005-01-25
13921,243616,5,2005-03-19
13921,1065445,1,2005-06-15
13921,2513991,2,2005-06-29
13921,2544573,2,2005-07-14
13921,496432,1,2004-03-10
13921,2472546,3,2005-07-24
13921,82874,5,2004-03-17
13921,1688096,2,2004-05-29
13921,459145,5,2004-06-14
13921,1312611,4,2004-11-10
13921,901049,3,2004-12-15
13921,614137,3,2005-03-08
13921,1742381,3,2005-06-07
13921,1934293,3,2005-09-07
13921,2179898,3,2004-03-27
13921,1795368,2,2004-08-06
13921,801632,3,2004-04-19
13921,1556872,1,2004-07-22
13921,1991989,2,2004-07-08
13921,1258821,3,2004-10-19
13921,2260008,3,2005-07-13
13921,1417402,3,2004-03-29
13921,2315130,4,2005-08-11
13921,274114,4,2004-06-05
13921,2399654,4,2004-04-06
13921,2265799,2,2004-10-24
13921,2287125,4,2005-02-11
13921,1500975,3,2005-04-13
13921,1981965,5,2005-04-22
13921,860626,4,2005-07-02
13921,1983816,2,2005-12-12
13921,1877200,4,2004-12-04
13921,422658,2,2004-06-29
13921,374857,3,2004-10-02
13921,82300,5,2004-10-26
13921,669940,2,2004-11-21
13921,780850,3,2005-01-29
13921,1591386,2,2005-04-02
13921,315833,5,2004-03-23
13921,603113,3,2004-07-21
13921,1354421,3,2004-08-11
13921,980292,3,2005-05-19
13921,1140649,3,2004-05-11
13921,97968,3,2004-05-29
13921,1674265,4,2004-10-11
13921,1039019,4,2004-11-23
13921,2601112,3,2004-11-27
13921,368136,4,2004-12-21
13921,339113,3,2005-05-03
13921,2398295,1,2005-07-01
13921,133993,2,2005-10-04
13921,490057,4,2004-03-20
13921,128040,2,2004-04-23
13921,1516237,4,2004-08-31
13921,1892942,4,2004-03-12
13921,1725925,3,2004-07-29
13921,79143,3,2004-10-12
13921,2337191,4,2004-12-04
13921,763240,4,2004-05-24
13921,1819122,3,2004-06-02
13921,1235087,5,2005-09-02
13921,2234592,4,2004-07-13
13921,731889,2,2004-07-02
13921,459386,3,2004-08-09
13921,2587909,5,2004-10-26
13921,238432,4,2004-12-29
13921,998915,1,2005-03-14
13921,1176201,1,2005-04-02
13921,482097,1,2005-10-14
13921,1334971,2,2005-11-27
13921,548443,3,2004-09-07
13921,1204867,5,2004-07-27
13921,2450203,3,2004-03-17
13921,1282705,4,2004-03-15
13921,1775667,3,2005-02-19
13921,983702,3,2004-08-23
13921,1537868,4,2004-03-19
13921,730301,2,2004-06-07
13921,1639302,3,2004-04-17
13921,1073198,1,2004-10-18
13921,1762434,3,2004-11-11
13921,923450,3,2005-03-09
13921,105802,3,2005-04-03
13921,1075030,4,2005-04-07
13921,1313077,5,2005-04-12
13921,1932946,3,2005-06-03
13921,1327480,1,2004-06-07
13921,1306287,3,2004-05-02
13921,1130999,5,2005-08-11
13921,345261,3,2004-07-25
13921,1920565,3,2005-08-30
13921,975654,4,2004-03-11
13921,2330119,3,2004-04-29
13921,755831,3,2004-03-17
13921,187648,4,2004-03-30
13921,1840579,4,2004-10-20
13921,164631,3,2004-11-09
13921,1151201,1,2005-02-16
13921,2634028,1,2005-03-29
13921,2029766,3,2004-05-31
13921,1596596,4,2005-08-06
13921,375134,4,2004-04-03
13921,1545274,4,2004-10-25
13921,625594,2,2005-02-26
13921,1038987,3,2005-02-23
13921,457773,3,2005-05-20
13921,2311775,4,2005-08-06
13921,2056022,2,2004-01-23
13921,2260983,3,2004-05-17
13921,2343251,5,2004-06-10
13921,1621754,4,2004-10-06
13921,1460783,5,2005-01-31
13921,326356,2,2005-04-14
13921,1337368,1,2005-06-07
13921,1187408,3,2004-06-05
13921,1279971,4,2004-04-05
13921,85244,3,2004-10-01
13921,2224950,2,2004-10-02
13921,390717,2,2004-10-14
13921,172903,2,2004-10-27
13921,605128,1,2005-01-19
13921,765056,3,2005-03-17
13921,1556420,3,2005-10-19
13921,2341509,3,2005-11-30
13921,2524669,3,2004-08-19
13921,245114,4,2004-05-27
13921,873299,3,2004-09-07
13921,736460,4,2004-07-19
13921,1208152,2,2004-06-24
13921,810159,3,2004-10-17
13921,1878892,4,2005-01-20
13921,558981,3,2004-06-22
13921,140284,2,2004-07-14
13921,1754240,3,2004-04-16
13921,1476304,3,2005-08-31
13921,2416290,1,2004-01-25
13921,1057996,4,2004-04-06
13921,248938,5,2005-01-05
13921,2192935,3,2005-06-07
13921,2124800,5,2005-07-06
13921,1239283,2,2004-03-21
13921,1258393,3,2004-03-23
13921,1127200,3,2004-05-20
13921,332240,3,2004-04-11
13921,252524,2,2004-05-06
13921,324599,3,2004-10-25
13921,1728164,5,2004-11-22
13921,2081582,3,2005-04-25
13921,1594542,4,2005-09-06
13921,940066,2,2004-08-14
13921,2521204,4,2004-08-24
13921,597883,3,2004-08-06
13921,989629,3,2004-05-23
13921,2035220,4,2004-09-24
13921,2261846,3,2005-02-21
13921,2618568,3,2004-05-12
13921,1903412,2,2005-07-31
13921,1438161,3,2004-06-18
13921,1297465,5,2004-08-04
13921,1288835,2,2004-09-17
13921,2370571,5,2004-12-06
13921,1987321,4,2004-12-23
13921,1716507,1,2004-12-29
13921,2262335,1,2005-06-25
13921,1516350,4,2004-06-05
13921,784004,4,2004-05-28
13921,1847632,2,2004-10-27
13921,482382,2,2004-11-09
13921,293906,2,2005-03-06
13921,1198655,2,2005-03-14
13921,2505378,3,2005-04-27
13921,2588416,3,2005-05-30
13921,1229628,2,2005-09-19
13921,1190829,1,2004-03-05
13921,1519378,4,2004-03-21
13921,1158559,4,2004-03-16
13921,489220,4,2004-07-09
13921,1053297,5,2004-05-04
13921,2183802,4,2004-10-26
13921,489530,1,2005-05-15
13921,1885155,2,2005-10-24
13921,1339313,3,2004-07-02
13921,805082,3,2004-06-25
13921,61155,1,2005-08-23
13921,1338265,4,2004-06-29
13921,2075785,5,2004-12-15
13921,1917603,2,2004-12-23
13921,612663,2,2005-02-09
13921,2118461,4,2005-12-20
13921,2511288,3,2005-02-20
13921,1835277,4,2004-06-09
13921,17421,1,2004-04-23
13921,1098174,1,2004-10-02
13921,569504,4,2004-09-28
13921,2067462,5,2005-01-09
13921,767871,3,2005-01-20
13921,2157060,2,2005-04-13
13921,580431,3,2005-04-24
13921,1490775,4,2004-04-27
13921,2593295,4,2004-03-29
13921,65902,5,2004-05-21
13921,1538953,4,2004-04-15
13921,995424,4,2004-05-04
13921,1125538,3,2004-03-11
13921,521618,1,2004-11-29
13921,687110,3,2004-12-23
13921,2061495,3,2005-03-21
13921,318198,4,2004-04-07
13921,1074851,5,2004-04-16
13921,387418,2,2004-02-09
13921,1923886,4,2004-05-18
13921,427377,1,2005-03-19
13921,754161,4,2005-06-21
13921,292028,2,2005-07-06
13921,2508312,1,2004-06-26
13921,2241408,4,2004-07-20
13921,2646769,3,2004-09-18
13921,2299904,2,2004-09-21
13921,810344,4,2005-01-20
13921,201085,3,2005-02-22
13921,1994971,4,2005-06-18
13921,835881,3,2005-09-04
13921,1488261,3,2005-10-26
13921,2352102,4,2005-12-20
13921,354269,4,2004-02-05
13921,1711294,3,2004-03-28
13921,1884270,2,2005-08-04
13921,1421327,2,2004-07-30
13921,2224657,3,2004-04-16
13921,434240,4,2004-03-23
13921,1031096,3,2004-10-06
13921,914572,3,2004-10-08
13921,1241174,3,2004-10-17
13921,1897930,2,2004-12-06
13921,912577,3,2005-01-04
13921,332558,2,2004-03-05
13921,1335208,3,2004-09-22
13921,1062085,5,2004-12-20
13921,2066809,3,2005-03-05
13921,258627,4,2005-05-08
13921,1769424,5,2005-05-14
13921,38767,3,2005-11-28
13921,102349,2,2004-08-24
13921,491060,3,2004-05-25
13921,1941636,1,2004-06-01
13921,538906,2,2004-10-11
13921,1092195,2,2004-12-27
13921,893014,3,2005-05-16
13921,21364,1,2005-06-02
13921,2191509,1,2005-10-17
13921,1444903,2,2004-06-08
13921,461065,3,2004-07-23
13921,1932594,3,2004-05-02
13921,794999,5,2004-05-28
13921,848209,2,2004-11-04
13921,1513737,4,2004-11-14
13921,2345476,3,2004-12-31
13921,85196,3,2005-03-01
13921,1578405,4,2005-04-15
13921,2410196,3,2005-05-03
13921,2537089,2,2005-05-07
13921,252761,3,2004-07-16
13921,2110579,1,2004-06-18
13921,1929982,2,2005-02-27
13921,1491561,4,2005-05-03
13921,2132683,4,2005-10-11
13921,1174107,1,2005-12-03
13921,1119267,5,2004-04-12
13921,1984813,3,2004-06-17
13921,39907,3,2005-08-31
13921,2022302,4,2004-04-27
13921,1997963,2,2004-04-05
13921,2529081,4,2004-04-23
13921,374654,3,2004-03-19
13921,2185950,2,2004-09-22
13921,2273981,4,2004-11-25
13921,1222253,3,2005-01-19
13921,860704,3,2005-05-24
13921,1693482,2,2005-06-13
13921,1765047,5,2005-06-25
13921,2442131,3,2005-06-29
13921,1724355,3,2005-10-20
13921,1625483,3,2005-12-17
13921,710440,4,2004-04-13
13921,1378278,3,2004-08-05
13921,620714,4,2005-08-23
13921,141736,3,2004-05-18
13921,2602641,3,2004-06-08
13921,1612915,2,2004-03-09
13921,524265,1,2004-06-09
13921,1872828,3,2004-06-15
13921,1456866,3,2004-09-12
13921,2511717,3,2004-09-23
13921,1163897,4,2005-04-07
13921,2267074,4,2004-03-30
13921,1001928,4,2004-04-14
13921,452481,5,2004-03-23
13921,1245465,3,2004-09-19
13921,1164762,1,2004-12-08
13921,2167015,3,2005-01-19
13921,1015659,3,2005-01-28
13921,2438449,4,2005-11-01
13921,1461435,1,2005-11-09
13921,289710,4,2004-02-18
13921,1129076,4,2004-03-08
13921,1250637,1,2004-03-15
13921,383757,3,2004-07-26
13921,1386193,4,2004-03-18
13921,267163,3,2004-05-26
13921,1246773,3,2004-12-22
13921,1310697,4,2005-01-11
13921,809298,1,2005-04-15
13921,2400344,3,2005-07-20
13921,979847,2,2004-04-16
13921,1199011,3,2004-03-16
13921,1170831,3,2005-02-15
13921,1590849,4,2004-09-11
13921,1069347,2,2004-05-17
13921,2262963,4,2005-07-23
13921,1915179,4,2004-04-13
13921,680162,3,2004-06-21
13921,2613654,3,2004-03-18
13921,357961,3,2004-07-13
13921,1489710,2,2004-03-24
13921,102727,1,2004-07-20
13921,1899294,3,2005-11-28
13921,1311777,1,2005-05-21
13921,2564322,4,2005-06-15
13921,2239668,4,2004-05-25
13921,1339103,5,2004-02-29
13921,2585949,2,2004-07-08
13921,1680877,4,2004-03-08
13921,1163386,5,2004-09-21
13921,1876268,4,2004-12-03
13921,1046721,1,2004-12-27
13921,2233519,3,2005-11-13
13921,1044319,5,2004-06-28
13921,1233297,2,2004-03-13
13921,2165012,2,2005-08-15
13921,524248,3,2004-07-01
13921,1083291,2,2004-09-20
13921,1420020,3,2005-04-06
13921,1127081,3,2005-04-06
13921,2049412,3,2005-06-15
13921,57633,3,2004-05-29
13921,2354764,3,2004-08-23
13921,1084454,3,2004-09-01
13921,1752551,1,2004-09-07
13921,908886,3,2004-04-14
13921,922586,4,2005-09-08
13921,312151,1,2004-08-27
13921,256676,3,2004-03-24
13921,642551,3,2004-06-01
13921,1573062,2,2004-08-03
13921,734347,1,2004-05-24
13921,1128624,4,2004-08-23
13921,883409,4,2004-08-26
13921,345035,3,2005-03-21
13921,1547066,3,2005-05-17
13921,1688249,3,2005-06-03
13921,600137,3,2005-10-25
13921,516686,2,2005-12-06
13921,2406315,5,2004-07-02
13921,1521385,5,2004-06-23
13921,1460870,4,2004-04-06
13921,2526414,4,2004-03-23
13921,470977,3,2004-12-23
13921,1583194,5,2005-04-11
13921,604335,5,2005-05-03
13921,1427889,1,2005-06-27
13921,2460347,1,2005-12-19
13921,2433016,4,2004-03-24
13921,1297529,4,2005-07-15
13921,652848,1,2004-12-05
13921,2136526,3,2004-06-24
13921,1985710,5,2004-07-21
13921,849144,3,2004-08-07
13921,954353,3,2004-06-23
13921,62174,1,2004-04-15
13921,513177,4,2004-11-12
13921,2536604,3,2004-11-19
13921,238823,2,2004-04-30
13921,2390079,1,2004-05-27
13921,2302245,3,2004-04-02
13921,2065427,3,2004-09-24
13921,2392270,3,2004-10-13
13921,803361,3,2005-01-09
13921,1593194,2,2005-01-19
13921,2407806,2,2005-03-09
13921,1000571,3,2005-04-20
13921,2621962,4,2005-04-22
13921,220781,2,2005-09-14
13921,2186332,1,2004-05-18
13921,2396324,3,2004-07-19
13921,59005,1,2004-08-26
13921,2597934,4,2004-07-07
13921,20774,3,2004-11-03
13921,828704,3,2005-01-12
13921,977473,2,2005-05-16
13921,2238060,5,2005-09-15
13921,1437199,4,2005-10-11
13921,2526741,1,2005-11-09
13921,2450940,4,2004-04-13
13921,834215,3,2004-07-25
13921,1316286,3,2004-08-10
13921,1176777,4,2005-02-19
13921,1112365,1,2004-08-06
13921,1707198,3,2004-04-14
13921,2462308,2,2004-05-25
13921,1852040,2,2004-04-02
13921,134928,3,2004-07-06
13921,115691,4,2004-10-25
13921,455531,5,2004-11-05
13921,1908878,1,2004-11-20
13921,210595,4,2005-07-13
13921,1606382,2,2004-03-30
13921,1076210,3,2005-08-08
13921,1405445,3,2004-07-21
13921,616093,1,2004-03-18
13921,574749,5,2004-03-26
13921,2578914,4,2004-08-31
13921,1062414,3,2004-06-15
13921,2435544,1,2004-09-27
13921,1991224,1,2004-10-22
13921,1733625,3,2004-11-19
13921,501667,5,2005-02-02
13921,1279961,2,2005-02-07
13921,702482,1,2005-03-13
13921,2145905,1,2005-04-01
13921,1787721,4,2005-04-14
13921,427902,3,2005-05-02
13921,1168921,1,2005-10-12
13921,863285,3,2005-11-17
13921,2266504,3,2005-11-21
13921,28391,1,2005-07-18
13921,1171523,3,2004-06-23
13921,229439,2,2004-03-29
13921,1401974,3,2004-05-03
13921,2590310,2,2004-07-05
13921,775020,4,2004-04-30
13921,325371,4,2004-10-21
13921,2441556,3,2005-02-09
13921,2205007,4,2005-05-14
13921,802427,3,2005-05-24
13921,2021814,3,2005-10-31
13921,17369,2,2004-06-07
13921,821037,3,2004-03-25
13921,1505249,2,2004-08-04
13921,553632,3,2005-03-14
13921,2165398,3,2004-08-26
13921,542071,4,2004-05-17
13921,623671,1,2004-06-16
13921,703388,3,2004-05-24
13921,1764869,2,2004-09-01
13921,1053310,3,2004-07-13
13921,1739024,5,2004-11-16
13921,390241,3,2005-05-24
13921,2419137,2,2005-10-03
13921,1360936,4,2004-04-01
13921,1703053,1,2004-10-14
13921,2032127,3,2005-01-19
13921,2106217,3,2005-01-27
13921,731483,2,2005-03-01
13921,2274199,3,2005-04-14
13921,237263,3,2005-05-10
13921,2460130,3,2005-06-22
13921,1310940,3,2005-12-28
13921,188613,4,2004-08-19
13921,1604329,4,2004-05-25
13921,1033224,2,2004-04-28
13921,828095,4,2004-07-27
13921,1722660,3,2004-04-21
13921,1217120,5,2004-07-15
13921,2063699,3,2004-04-29
13921,1639345,1,2004-12-20
13921,1085127,2,2004-12-22
13921,2239896,2,2005-02-02
13921,998114,4,2005-02-26
13921,2416810,3,2005-03-23
13921,78846,3,2005-04-19
13921,2306984,3,2005-05-08
13921,1359521,1,2005-06-15
13921,114130,1,2005-11-27
13921,2070926,3,2004-03-30
13921,749726,3,2005-08-20
13921,1220994,3,2004-05-27
13921,1041076,2,2004-05-10
13921,2331946,1,2004-05-15
13921,402825,2,2005-01-08
13921,1933317,3,2005-02-16
13921,2586603,4,2005-03-01
13921,1956081,2,2005-11-25
13921,2538907,5,2004-05-17
13921,1441735,3,2004-07-19
13921,2429654,2,2004-04-03
13921,2170453,1,2004-07-09
13921,217405,4,2004-11-30
13921,2237988,3,2005-03-11
13921,2278024,5,2005-11-01
13921,2110090,4,2004-04-20
13921,2243515,4,2004-07-17
13921,183793,4,2004-07-20
13921,900899,3,2004-10-05
13921,1546260,3,2005-03-15
13921,1556070,3,2005-04-29
13921,1900788,1,2005-05-12
13921,503936,4,2005-05-15
13921,2630920,4,2005-06-21
13921,27799,4,2005-10-25
13921,2087064,4,2005-12-08
13921,1441086,3,2004-05-18
13921,1174883,1,2004-05-19
13921,945992,3,2005-08-14
13921,638992,1,2004-03-25
13921,600165,4,2004-09-19
13921,2502877,1,2004-10-22
13921,2108611,4,2004-10-24
13921,230125,2,2004-10-31
13921,1602924,4,2004-12-21
13921,1054222,2,2005-04-18
