12260,306466,4,2003-01-17
12260,2400678,3,2003-12-03
12260,1712147,2,2004-07-06
12260,2543544,3,2003-11-15
12260,1561326,2,2003-05-07
12260,42362,3,2004-05-08
12260,1172232,5,2002-08-23
12260,390508,4,2003-11-28
12260,1744889,3,2002-10-02
12260,1174530,4,2003-01-17
12260,25382,4,2004-04-08
12260,1128809,1,2004-01-18
12260,1179646,2,2004-04-21
12260,1379923,4,2004-01-08
12260,146851,4,2004-08-24
12260,167993,5,2004-11-09
12260,117277,4,2004-11-12
12260,712664,5,2004-11-24
12260,75971,4,2005-01-02
12260,1167278,4,2005-02-09
12260,1205593,4,2005-02-24
12260,2287143,3,2005-03-02
12260,644003,4,2005-04-06
12260,114393,5,2005-09-23
12260,1265764,4,2005-09-29
12260,1696725,2,2004-02-04
12260,2006624,3,2003-03-12
12260,769,5,2005-07-22
12260,1174811,3,2002-08-04
12260,130189,5,2003-07-28
12260,1811208,4,2003-06-18
12260,327122,4,2004-01-16
12260,1957175,3,2003-11-09
12260,163546,4,2003-12-15
12260,1739354,4,2004-02-05
12260,290706,4,2004-04-08
12260,1684516,4,2004-10-07
12260,393783,4,2004-12-14
12260,110825,3,2005-01-05
12260,632028,4,2005-06-07
12260,151365,3,2005-06-23
12260,603277,3,2002-09-21
12260,1022105,5,2003-09-21
12260,1859725,3,2004-01-07
12260,1230594,4,2003-12-04
12260,2482518,4,2005-07-21
12260,955916,3,2004-04-28
12260,2478691,4,2003-01-13
12260,1275804,4,2005-08-12
12260,1895686,3,2005-08-12
12260,1606064,4,2004-05-20
12260,2640864,5,2004-08-08
12260,2529894,3,2004-08-28
12260,652121,2,2004-01-20
12260,667665,3,2004-05-23
12260,2211030,4,2004-06-29
12260,2488972,3,2004-05-17
12260,1969251,4,2004-09-29
12260,844049,3,2004-11-28
12260,643091,4,2004-10-05
12260,2472537,5,2004-10-29
12260,845634,3,2004-11-01
12260,2311816,1,2004-12-13
12260,467816,3,2004-12-28
12260,2367508,4,2005-01-24
12260,2316326,4,2005-01-29
12260,2165916,5,2005-05-04
12260,1436407,5,2005-09-24
12260,2344483,3,2002-09-24
12260,2565462,4,2003-12-02
12260,1854303,5,2003-10-03
12260,361407,4,2002-09-22
12260,1905155,3,2003-12-15
12260,1716791,4,2003-01-10
12260,900977,3,2004-09-16
12260,1861514,3,2004-01-15
12260,805776,5,2005-09-08
12260,1257106,4,2004-06-29
12260,1686685,2,2004-01-06
12260,818736,3,2004-02-17
12260,928691,4,2004-06-25
12260,2162424,3,2004-08-11
12260,1620735,3,2004-11-16
12260,2430016,4,2004-11-27
12260,1569053,3,2005-03-02
12260,1971581,5,2005-06-02
12260,417466,3,2003-06-27
12260,1977959,4,2002-08-07
12260,906509,2,2004-06-02
12260,2439795,3,2002-11-24
12260,2174660,4,2003-07-03
12260,1753877,3,2003-11-03
12260,1944180,3,2003-10-28
12260,627640,5,2003-08-12
12260,705304,5,2004-06-16
12260,243914,4,2004-06-11
12260,1113763,4,2004-01-30
12260,2428959,4,2003-09-15
12260,2563204,3,2004-07-20
12260,1759189,2,2003-12-16
12260,2604070,4,2004-01-14
12260,958382,4,2004-06-26
12260,585929,4,2005-01-11
12260,1387049,2,2005-01-13
12260,2605003,4,2005-01-19
12260,2299825,4,2005-02-10
12260,239248,4,2005-03-08
12260,273782,2,2005-03-15
12260,1464429,4,2005-05-15
12260,1116377,3,2002-09-23
12260,638998,2,2002-09-17
12260,796788,4,2002-10-16
12260,2037102,1,2002-09-24
12260,1622035,3,2005-02-19
12260,683427,3,2003-12-05
12260,922922,4,2003-07-04
12260,1981100,5,2003-10-19
12260,2509293,3,2003-12-29
12260,2071798,4,2004-08-02
12260,1835515,1,2004-06-19
12260,2168178,3,2004-08-12
12260,1224731,3,2004-11-22
12260,1946471,5,2004-12-02
12260,2245164,4,2004-12-15
12260,1524898,3,2005-01-20
12260,623400,2,2005-01-25
12260,322178,1,2005-01-28
12260,20918,4,2005-02-07
12260,439978,1,2005-02-23
12260,966598,5,2005-05-18
12260,2206505,4,2004-07-27
12260,1275927,5,2003-11-25
12260,844267,4,2004-03-29
12260,2502155,4,2004-06-16
12260,2541025,2,2005-02-27
12260,1227064,5,2004-01-21
12260,2262263,3,2004-04-18
12260,17690,3,2004-06-30
12260,324026,5,2004-05-19
12260,1446040,4,2004-08-05
12260,2162641,4,2004-06-21
12260,602366,4,2004-10-26
12260,1319527,3,2005-01-01
12260,287169,2,2005-01-23
12260,2646714,3,2005-01-26
12260,227967,5,2005-04-05
12260,1517471,2,2005-05-20
12260,1478381,4,2005-05-26
12260,2309792,4,2005-05-27
12260,465792,3,2005-06-08
12260,1016732,4,2005-09-20
12260,2268573,1,2002-12-05
12260,2512231,3,2003-01-15
12260,2475820,3,2002-12-10
12260,700601,5,2004-06-10
12260,179803,5,2003-06-11
12260,2076162,2,2003-12-09
12260,947651,2,2004-05-07
12260,1900253,4,2004-04-10
12260,2439674,4,2004-04-30
12260,2198778,4,2004-09-21
12260,89177,1,2004-09-30
12260,1275209,2,2004-10-13
12260,83576,3,2004-10-22
12260,378553,4,2004-12-09
12260,303948,4,2004-12-27
12260,672416,5,2005-01-12
12260,1281099,5,2005-02-23
12260,2244849,3,2005-05-23
12260,2030523,4,2005-05-24
12260,2405290,5,2005-06-28
12260,557562,1,2002-12-17
12260,1010923,4,2004-08-01
12260,2186942,5,2004-04-16
12260,2049949,5,2005-08-11
12260,442234,3,2003-04-22
12260,1114339,2,2004-01-07
12260,1918652,4,2004-04-13
12260,2384246,3,2004-04-17
12260,1866775,3,2004-06-25
12260,650247,2,2004-12-30
12260,941576,1,2005-02-10
12260,1951869,1,2005-11-11
12260,2514164,5,2005-12-29
12260,1026298,3,2003-03-31
12260,607637,5,2003-05-30
12260,1938019,4,2003-10-20
12260,1594839,4,2005-02-20
12260,1572469,3,2002-12-02
12260,2387904,4,2003-11-06
12260,1859420,4,2004-06-15
12260,1990523,4,2004-01-17
12260,2601090,5,2004-01-06
12260,1806317,5,2004-06-03
12260,1658806,3,2004-04-12
12260,1818146,4,2004-08-17
12260,795489,4,2004-09-15
12260,2270124,5,2004-10-19
12260,2259345,5,2004-11-14
12260,1399335,3,2004-12-20
12260,1976768,4,2005-03-09
12260,385593,3,2005-05-20
12260,2185698,4,2005-06-24
12260,2602282,4,2002-12-03
12260,1384113,4,2005-08-11
12260,1220170,1,2003-10-16
12260,1358681,1,2003-10-27
12260,1231344,4,2003-06-22
12260,1654627,5,2003-10-02
12260,1632290,4,2003-12-30
12260,1973183,5,2003-11-02
12260,1314890,4,2003-12-26
12260,2203244,2,2004-01-09
12260,1683079,4,2004-01-14
12260,1077945,2,2004-04-15
12260,43530,3,2004-05-08
12260,132279,3,2004-05-07
12260,1938835,3,2004-12-02
12260,1805888,5,2005-01-05
12260,684754,4,2005-01-09
12260,2280950,5,2005-02-01
12260,1408822,4,2005-03-15
12260,1849945,5,2005-04-28
12260,1135038,4,2003-01-15
12260,1078514,4,2002-12-25
12260,929308,4,2002-11-27
12260,1580049,2,2004-05-17
12260,2559892,2,2004-01-29
12260,1662316,4,2003-08-14
12260,1489314,1,2003-08-20
12260,2366006,2,2003-12-10
12260,642060,2,2003-12-29
12260,1309167,3,2004-06-19
12260,2073205,3,2004-08-30
12260,786312,2,2004-11-06
12260,1527895,5,2004-11-10
12260,1076366,3,2004-12-08
12260,838138,4,2005-01-19
12260,671330,2,2005-01-24
12260,581620,4,2005-01-31
12260,2157796,4,2005-06-08
12260,176576,3,2005-06-25
12260,2335635,2,2002-09-18
12260,1232953,4,2003-04-17
12260,2203834,3,2002-11-25
12260,2168831,1,2003-01-17
12260,949660,3,2003-02-21
12260,2105661,4,2003-02-24
12260,1576329,5,2003-02-13
12260,309333,4,2003-11-15
12260,1765712,4,2004-06-05
12260,1942723,3,2004-09-28
12260,195813,5,2005-04-18
12260,2541939,4,2005-11-03
12260,2319808,5,2005-11-08
12260,957047,4,2005-07-14
12260,129952,3,2002-11-09
12260,66109,2,2003-10-27
12260,1115274,2,2004-05-16
12260,2102030,4,2003-05-13
12260,1230110,1,2004-02-07
12260,2397283,4,2005-09-10
12260,2314776,3,2003-11-14
12260,1744913,4,2004-06-24
12260,570414,2,2004-08-14
12260,637473,3,2004-09-18
12260,1620331,4,2004-11-09
12260,1696335,4,2004-11-09
12260,650326,3,2005-01-09
12260,1120757,3,2005-01-19
12260,409592,1,2005-02-18
12260,1402224,3,2005-07-11
12260,974864,2,2002-12-03
12260,1486254,4,2002-11-25
12260,745411,4,2002-12-15
12260,2178659,1,2003-10-17
12260,1009622,3,2004-08-16
12260,1085863,5,2004-06-10
12260,1672446,5,2004-04-04
12260,1932377,5,2004-05-17
12260,2425055,4,2004-08-03
12260,243113,2,2004-10-04
12260,841620,3,2004-10-22
12260,1372463,3,2004-11-11
12260,1589575,4,2004-12-15
12260,1515534,5,2004-12-17
12260,2625236,5,2005-02-01
12260,1319761,1,2005-02-23
12260,164973,4,2005-05-25
12260,530740,5,2003-01-07
12260,290951,4,2003-10-28
12260,756163,4,2004-01-16
12260,1721623,1,2004-01-18
12260,1906860,3,2004-05-20
12260,1784150,4,2004-10-31
12260,1439015,5,2004-11-10
12260,1718418,3,2005-01-20
12260,1500479,3,2005-01-22
12260,1998353,3,2005-04-11
12260,148156,5,2005-06-01
12260,1259356,4,2005-06-20
12260,819314,5,2002-09-18
12260,1033433,2,2003-08-01
12260,630153,3,2005-02-20
12260,155342,1,2003-01-05
12260,2299784,1,2003-12-20
12260,1469133,3,2003-10-27
12260,1115632,2,2003-11-24
12260,1176800,2,2004-01-10
12260,1286550,1,2003-10-15
12260,923889,4,2004-04-11
12260,1814136,4,2003-12-24
12260,1429472,5,2004-04-21
12260,2467174,4,2004-11-16
12260,704050,3,2004-11-26
12260,1177657,4,2005-01-10
12260,1084116,3,2005-01-20
12260,2054789,3,2005-01-25
12260,1340178,4,2005-03-24
12260,1329723,3,2005-03-28
12260,1851951,4,2005-04-17
12260,614096,4,2004-06-28
12260,1377570,2,2003-02-12
12260,851855,3,2004-06-21
12260,2520513,3,2003-05-30
12260,285631,4,2004-08-28
12260,2291823,4,2004-09-13
12260,722396,5,2004-11-18
12260,1634727,3,2004-08-04
12260,1898907,4,2004-04-23
12260,2416491,3,2004-10-21
12260,329751,4,2004-11-09
12260,1564649,3,2004-12-13
12260,695379,4,2005-01-13
12260,747312,3,2005-02-09
12260,976905,5,2005-02-14
12260,372216,2,2005-02-15
12260,2084925,1,2004-01-05
12260,53243,3,2003-12-18
12260,1730160,4,2003-12-08
12260,158450,4,2003-07-23
12260,738726,3,2003-12-13
12260,21740,3,2005-09-02
12260,394897,4,2005-02-01
12260,688590,2,2004-02-04
12260,1294723,4,2004-04-13
12260,226434,4,2004-08-10
12260,1436952,4,2004-09-20
12260,1094702,1,2004-10-17
12260,1746455,4,2005-11-17
12260,701830,2,2004-11-16
12260,2173196,5,2005-01-01
12260,1285021,4,2005-01-19
12260,374858,1,2005-01-26
12260,1949179,4,2005-02-21
12260,216690,2,2005-04-21
12260,1371121,3,2005-05-31
12260,1578868,5,2005-10-07
12260,1848403,2,2003-11-03
12260,2029461,5,2003-06-17
12260,1338745,1,2003-04-15
12260,1108304,3,2004-09-10
12260,2084891,4,2003-01-24
12260,1289074,3,2003-01-22
12260,1659538,3,2003-06-25
12260,1820960,3,2005-08-15
12260,2014569,4,2003-12-01
12260,827588,2,2003-10-22
12260,1652711,4,2004-01-12
12260,1278953,4,2004-03-03
12260,1423956,4,2004-07-06
12260,782482,3,2004-04-20
12260,918243,4,2004-06-10
12260,1645706,4,2004-07-26
12260,527198,3,2004-10-15
12260,1847231,3,2004-11-25
12260,1860012,5,2004-12-09
12260,2306772,4,2005-01-12
12260,1839064,5,2005-02-07
12260,2279494,4,2005-11-07
12260,1175717,4,2004-07-01
12260,147653,5,2004-04-25
12260,2604976,3,2003-12-09
12260,2364029,5,2003-03-05
12260,1493889,3,2003-07-03
12260,2141730,2,2002-12-06
12260,372887,2,2004-07-01
12260,58528,4,2005-08-22
12260,1834223,5,2004-07-15
12260,490398,3,2004-01-18
12260,1405343,3,2004-01-14
12260,208113,4,2004-05-22
12260,1801037,5,2004-05-22
12260,1764637,4,2004-06-10
12260,1058392,3,2004-08-04
12260,229617,4,2004-10-17
12260,2561713,2,2005-03-28
12260,738855,3,2005-04-25
12260,1706364,4,2005-05-26
12260,1746056,3,2002-12-20
12260,2265966,4,2002-11-02
12260,1103969,2,2004-11-26
12260,2581672,3,2004-01-07
12260,7730,4,2003-08-07
12260,2247402,4,2004-07-06
12260,323682,3,2003-10-20
12260,1927580,3,2003-11-24
12260,793180,3,2004-04-17
12260,802513,1,2004-06-29
12260,1407746,2,2004-04-07
12260,9172,5,2004-09-07
12260,1447639,4,2004-10-20
12260,1492594,4,2004-11-04
12260,2192288,5,2004-12-07
12260,212606,3,2005-03-21
12260,1495889,5,2005-04-21
12260,1597177,1,2005-06-05
12260,1123128,4,2005-10-21
12260,293284,4,2005-11-07
12260,819068,2,2004-05-22
12260,797901,3,2002-11-26
12260,495198,1,2004-06-09
12260,2027708,2,2003-04-08
12260,409968,3,2003-01-11
12260,2640550,2,2003-01-08
12260,2367285,3,2002-12-27
12260,2052508,4,2004-06-12
12260,555841,4,2004-04-13
12260,436122,3,2004-06-04
12260,1196853,2,2004-11-06
12260,2619515,1,2004-11-15
12260,2162539,4,2004-12-14
12260,1715246,2,2005-01-11
12260,920808,4,2005-01-12
12260,1658953,3,2005-01-19
12260,186506,3,2005-01-31
12260,694176,3,2005-03-07
12260,2509503,3,2005-06-01
12260,1009287,5,2005-09-23
12260,498447,5,2005-09-27
12260,206240,4,2005-10-07
12260,798382,5,2003-01-16
12260,1969676,4,2003-09-11
12260,1000192,2,2003-11-10
12260,336699,2,2002-10-22
12260,755584,1,2003-12-02
12260,1941596,3,2003-01-08
12260,59913,3,2003-12-05
12260,2526173,2,2005-08-24
12260,269554,2,2005-04-22
12260,397735,5,2004-02-04
12260,2396806,1,2004-02-08
12260,1452529,3,2004-09-07
12260,1990316,5,2004-06-14
12260,1453633,4,2004-10-01
12260,19226,4,2005-02-18
12260,512117,4,2004-03-24
12260,689794,4,2005-07-27
12260,428168,5,2004-05-03
12260,1134816,4,2002-09-21
12260,727242,1,2003-12-19
12260,1045893,3,2004-05-08
12260,581199,4,2003-01-04
12260,1796217,4,2004-04-14
12260,103852,5,2004-05-05
12260,1098901,4,2004-11-01
12260,257622,3,2005-01-02
12260,608538,3,2005-01-19
12260,434567,5,2005-02-22
12260,2002075,3,2005-10-01
12260,999901,3,2005-07-16
12260,780160,3,2002-11-08
12260,80683,4,2002-09-13
12260,2330565,3,2002-09-19
12260,867275,3,2003-12-10
12260,1206842,4,2003-01-16
12260,1968788,3,2004-05-23
12260,2294328,1,2003-09-04
12260,1662714,5,2003-11-23
12260,882429,5,2004-07-21
12260,1327846,2,2004-10-31
12260,180030,4,2004-11-05
12260,2045603,4,2004-12-20
12260,339560,3,2004-12-29
12260,2068218,2,2005-01-03
12260,787352,4,2005-01-06
12260,1574687,2,2005-02-17
12260,1275651,4,2004-06-07
12260,1849973,3,2005-07-22
12260,485715,4,2004-01-29
12260,979952,4,2003-08-28
12260,1815688,3,2003-11-19
12260,1308015,3,2003-12-11
12260,1652587,2,2004-07-29
12260,1601656,3,2004-05-21
12260,97827,5,2004-05-13
12260,1262868,3,2004-05-13
12260,964614,5,2003-11-13
12260,671020,3,2004-04-06
12260,1227567,4,2004-09-28
12260,706264,2,2004-11-11
12260,2048442,5,2005-01-04
12260,282136,4,2005-01-07
12260,709755,4,2005-01-21
12260,2633970,3,2005-02-01
12260,2531593,3,2005-03-04
12260,2171841,5,2005-03-09
12260,647290,4,2005-06-17
12260,294098,3,2004-06-01
12260,1149287,2,2003-01-04
12260,1750544,4,2002-09-14
12260,1396456,3,2004-09-03
12260,2278477,2,2002-11-08
12260,1178418,2,2003-07-28
12260,2113753,1,2005-08-24
12260,2221050,4,2004-02-07
12260,1788346,1,2003-05-13
12260,1477208,2,2004-05-06
12260,1505415,5,2004-02-07
12260,1776625,2,2004-10-03
12260,2019560,2,2004-10-20
12260,1673967,3,2004-10-25
12260,961262,5,2004-11-01
12260,391909,5,2004-11-23
12260,2637080,3,2004-11-24
12260,2314003,4,2005-03-07
12260,434146,5,2005-03-14
12260,1856275,2,2005-04-18
12260,1494162,5,2002-11-11
12260,2262925,5,2004-05-16
12260,1816971,5,2004-06-23
12260,1728556,3,2004-07-19
12260,128265,3,2004-05-13
12260,2117492,3,2005-03-12
12260,486255,4,2004-04-11
12260,125765,1,2004-04-24
12260,1761809,3,2004-08-09
12260,2329026,3,2004-09-28
12260,273019,5,2004-10-07
12260,1251664,3,2004-11-03
12260,1423083,4,2005-05-19
12260,835847,2,2003-06-08
12260,750903,3,2003-01-12
12260,110288,3,2003-01-06
12260,302850,5,2002-11-15
12260,1132940,3,2002-07-16
12260,60889,5,2002-11-18
12260,2508208,3,2004-04-12
12260,1575462,3,2003-11-02
12260,1078129,3,2004-01-20
12260,2598730,2,2004-04-12
12260,2198958,4,2004-09-14
12260,1829322,3,2004-07-11
12260,1614823,5,2004-10-30
12260,206954,3,2004-11-11
12260,732462,4,2004-11-18
12260,2129706,3,2005-01-19
12260,705352,4,2005-01-19
12260,138544,5,2005-02-08
12260,165552,3,2005-05-25
12260,114174,3,2005-06-16
12260,868680,4,2003-01-17
12260,1137400,4,2005-07-25
12260,2624474,3,2002-11-12
12260,829701,4,2003-11-12
12260,1041295,3,2004-06-06
12260,671071,4,2004-01-19
12260,791026,3,2004-01-13
12260,943450,2,2004-04-23
12260,574499,3,2004-04-26
12260,1706056,4,2004-07-29
12260,122830,4,2004-07-24
12260,2417351,3,2004-09-28
12260,415594,4,2004-10-07
12260,1710237,5,2004-10-24
12260,1762173,5,2004-10-27
12260,1703879,4,2004-11-13
12260,699305,4,2004-11-18
12260,352890,5,2004-12-16
12260,501862,2,2004-12-21
12260,2051379,4,2004-12-28
12260,1247902,5,2005-01-08
12260,1392228,4,2005-01-23
12260,1232164,3,2005-01-27
12260,2243765,3,2005-02-01
12260,1720348,4,2005-04-19
12260,701615,3,2004-08-31
12260,2243365,5,2002-10-04
12260,1476005,5,2002-09-20
12260,1419527,3,2003-06-17
12260,1418477,1,2003-05-28
12260,2358564,4,2004-06-07
12260,1926431,4,2004-01-04
12260,2309547,4,2003-08-26
12260,1240130,3,2003-11-25
12260,1751371,2,2003-12-22
12260,137070,5,2004-05-23
12260,2550324,4,2004-11-15
12260,521082,3,2005-01-02
12260,2536362,3,2005-01-23
12260,2178924,3,2005-02-18
12260,1905942,4,2005-02-22
12260,1121636,5,2005-03-14
12260,622501,3,2002-12-23
12260,2237185,3,2002-08-15
12260,1980654,5,2003-12-10
12260,1687248,2,2004-01-12
12260,1384495,5,2005-08-24
12260,1224296,2,2003-12-03
12260,1166912,3,2003-05-11
12260,2084375,3,2004-07-27
12260,1285643,2,2004-06-09
12260,2089742,3,2003-12-05
12260,2081884,4,2004-04-08
12260,2507129,4,2004-11-04
12260,2559082,3,2004-12-06
12260,344593,2,2005-02-05
12260,2617189,5,2005-02-16
12260,2203976,4,2005-03-24
12260,507499,3,2005-05-27
12260,2414026,4,2005-05-31
12260,2017425,2,2005-06-11
12260,1908261,5,2005-07-03
12260,1506108,4,2002-09-19
12260,1532433,3,2003-12-02
12260,2233086,4,2004-04-14
12260,2002671,2,2003-01-27
12260,2087888,5,2004-06-13
12260,84721,3,2004-04-16
12260,1457703,2,2004-08-03
12260,593225,4,2004-12-19
12260,245488,4,2004-12-31
12260,533680,3,2005-01-05
12260,260314,5,2005-01-07
12260,2173078,4,2005-01-19
12260,857134,5,2005-02-09
12260,1606561,5,2005-06-11
12260,76104,3,2005-06-15
12260,664203,4,2004-01-12
12260,1903352,3,2003-11-28
12260,2075828,3,2005-07-26
12260,204096,1,2005-07-29
12260,1355906,3,2003-05-18
12260,152228,3,2004-06-27
12260,765129,4,2003-06-17
12260,2333673,4,2003-06-14
12260,596474,3,2004-05-27
12260,770160,4,2004-01-13
12260,1003143,2,2003-10-17
12260,2389225,5,2003-11-21
12260,2247785,2,2004-08-30
12260,192889,2,2004-05-10
12260,2024639,2,2004-09-17
12260,1740800,4,2004-09-27
12260,1732175,4,2004-11-17
12260,860672,4,2005-01-05
12260,270264,3,2003-01-14
12260,1463088,4,2002-11-14
12260,2439493,1,2003-03-20
12260,1576023,5,2004-02-20
12260,530789,3,2004-01-14
12260,2509010,4,2003-10-13
12260,1142880,4,2003-11-21
12260,1356923,3,2004-06-20
12260,1194070,3,2004-10-11
12260,479781,1,2004-11-21
12260,1315696,5,2004-12-26
12260,2145072,3,2005-01-10
12260,1131926,3,2005-01-19
12260,1014989,4,2005-01-31
12260,2206502,4,2005-05-21
12260,959020,4,2005-05-26
12260,1422981,3,2005-06-04
12260,1078893,4,2002-10-09
12260,203985,4,2003-07-25
12260,772738,2,2002-12-07
12260,1386457,3,2004-09-03
12260,1083688,5,2004-04-06
12260,2289850,4,2004-06-21
12260,579625,3,2003-01-24
12260,1424172,4,2004-07-06
12260,165374,4,2004-04-23
12260,1465932,4,2004-10-25
12260,2125322,5,2004-12-01
12260,1731543,1,2005-01-01
12260,22086,3,2005-01-07
12260,427770,4,2005-02-01
12260,1443700,4,2005-02-10
12260,1429854,4,2005-02-14
12260,596550,3,2005-05-22
12260,1954358,4,2005-06-29
12260,2400569,3,2005-10-13
12260,2237816,4,2005-11-16
12260,838542,4,2003-03-04
12260,1019455,5,2004-08-27
12260,254113,4,2003-11-02
12260,1684232,5,2003-10-28
12260,1770738,5,2003-01-22
12260,1729469,4,2004-01-03
12260,1352043,5,2003-06-11
12260,1867734,3,2002-12-15
12260,2090313,4,2002-11-27
12260,2478643,5,2003-01-10
12260,1250516,2,2003-03-17
12260,1436522,3,2003-09-27
12260,672194,3,2004-05-12
12260,1169296,1,2004-04-13
12260,1226327,4,2004-01-09
12260,2117562,4,2004-04-09
12260,629457,5,2004-04-09
12260,1575065,4,2004-06-07
12260,1882748,4,2004-08-06
12260,2211557,3,2004-11-30
12260,2107634,4,2004-12-02
12260,233162,4,2005-01-04
12260,2551483,4,2005-01-19
12260,1147370,3,2005-01-23
12260,2548920,3,2005-02-07
12260,225338,4,2004-01-05
12260,2593441,5,2002-11-10
12260,1779522,2,2002-11-06
12260,1400535,4,2003-06-08
12260,2159701,1,2004-07-13
12260,1504250,3,2004-03-22
12260,2185614,1,2004-04-10
12260,1187678,3,2004-07-01
12260,2336531,3,2004-11-06
12260,1279798,3,2004-11-26
12260,596648,5,2004-12-07
12260,115401,5,2004-12-08
12260,2442531,3,2005-01-19
12260,1824389,3,2005-05-24
12260,1801528,3,2005-11-14
12260,2280225,4,2003-09-02
12260,1467880,2,2004-08-12
12260,2609677,1,2003-11-20
12260,626906,2,2004-01-12
12260,1712930,5,2003-05-10
12260,1381258,5,2004-06-30
12260,1985841,1,2004-01-09
12260,1241521,3,2004-09-02
12260,238740,2,2004-08-30
12260,293031,5,2004-10-09
12260,271419,3,2004-12-06
12260,783610,5,2004-12-10
12260,2627394,3,2005-01-13
12260,1904119,2,2005-05-17
12260,1965252,1,2003-11-17
12260,1334149,5,2005-07-31
12260,1209343,5,2002-10-17
12260,965528,3,2002-11-24
12260,1887120,3,2003-01-08
12260,2546942,2,2003-05-04
12260,1626388,3,2003-12-28
12260,2546127,3,2004-08-18
12260,2628647,5,2004-08-03
12260,756170,5,2004-05-30
12260,844558,4,2004-04-22
12260,588373,2,2004-12-05
12260,33696,5,2004-12-13
12260,196658,4,2004-12-23
12260,890310,3,2004-12-29
12260,684872,2,2005-01-11
12260,1206778,5,2005-02-05
12260,2398075,3,2005-02-23
12260,401810,5,2005-05-03
12260,1430108,3,2005-05-25
12260,632346,4,2002-12-28
12260,57186,3,2003-03-20
12260,1772050,4,2002-10-16
12260,1873379,3,2003-01-15
12260,492714,2,2002-10-14
12260,2023883,3,2002-09-16
12260,811575,4,2003-09-10
12260,406146,3,2003-07-01
12260,1280553,2,2003-04-26
12260,2323112,4,2003-12-29
12260,1510349,3,2004-07-14
12260,1754114,3,2004-05-11
12260,121914,3,2004-04-13
12260,19573,4,2004-11-28
12260,2080674,1,2004-12-27
12260,2517368,4,2005-01-26
12260,2357399,5,2005-02-01
12260,1279601,4,2005-02-09
12260,58489,4,2005-05-24
12260,819608,4,2005-10-08
12260,1577182,4,2004-01-17
12260,2635437,5,2005-02-20
12260,318457,3,2003-12-19
12260,2524965,5,2003-03-27
12260,22603,2,2003-10-27
12260,1045223,4,2004-08-19
12260,2267950,3,2004-05-12
12260,2298501,4,2004-07-04
12260,158013,4,2004-11-21
12260,2388479,5,2004-12-30
12260,1246772,3,2005-01-10
12260,925257,4,2005-02-12
12260,1167086,4,2005-02-20
12260,290630,3,2005-05-27
12260,768299,3,2005-05-27
12260,2293077,3,2005-05-28
12260,377725,4,2005-05-28
12260,1813272,5,2005-05-31
12260,72090,3,2005-09-30
12260,1402989,5,2005-07-06
12260,1534723,4,2002-12-15
12260,29414,3,2003-09-09
12260,250509,1,2002-09-14
12260,852524,3,2003-12-27
12260,2624124,5,2004-07-26
12260,485175,2,2002-09-18
12260,123384,2,2002-11-13
12260,1540380,3,2003-12-14
12260,537912,3,2004-09-15
12260,2550101,2,2003-11-11
12260,713777,5,2004-01-30
12260,1781500,4,2004-04-16
12260,2371861,5,2004-06-22
12260,1353855,4,2004-09-04
12260,551569,4,2004-11-01
12260,2216105,3,2004-11-09
12260,2155681,1,2004-12-10
12260,1205948,5,2005-01-03
12260,1383737,3,2005-01-04
12260,222518,4,2005-01-09
12260,661207,3,2005-01-19
12260,1289030,3,2005-02-14
12260,2630254,5,2005-03-06
12260,1707631,4,2005-04-11
12260,966311,5,2005-09-26
12260,904417,3,2005-07-05
12260,1692897,4,2004-01-21
12260,328212,2,2004-01-10
12260,668042,2,2003-03-25
12260,1369715,1,2002-11-24
12260,1646553,3,2003-04-14
12260,944932,4,2003-04-03
12260,2316786,3,2004-03-15
12260,438749,4,2003-02-11
12260,2082182,3,2003-12-08
12260,686204,5,2004-04-30
12260,2584104,4,2004-10-17
12260,302344,4,2004-11-21
12260,803468,2,2004-12-22
12260,2466658,4,2004-12-28
12260,1377526,4,2005-02-10
12260,1839381,4,2005-02-11
12260,288342,4,2005-07-19
12260,1843816,3,2003-12-05
12260,873447,5,2002-09-17
12260,1771252,2,2002-12-17
12260,7116,4,2002-11-09
12260,2075252,4,2003-01-11
12260,1340867,4,2003-03-29
12260,2577383,4,2005-08-21
12260,896610,5,2004-03-16
12260,2264426,5,2003-12-11
12260,2440639,5,2003-11-17
12260,2512828,1,2004-04-18
12260,292813,3,2004-05-03
12260,1743364,3,2004-02-08
12260,311027,4,2004-03-23
12260,1961138,2,2004-07-13
12260,767832,5,2004-07-23
12260,1524964,4,2004-12-08
12260,451825,4,2005-01-06
12260,1718989,5,2005-01-31
12260,2289987,3,2005-05-23
12260,1730537,3,2002-10-03
12260,728801,3,2002-10-27
12260,1587216,5,2003-06-30
12260,2263503,4,2003-04-30
12260,1484938,3,2003-12-21
12260,2631526,3,2003-11-03
12260,2202978,5,2005-09-08
12260,1511325,4,2004-02-09
12260,1313714,2,2004-11-07
12260,2600762,1,2004-12-31
12260,2231960,3,2005-01-11
12260,2057248,2,2005-02-07
12260,1309536,5,2005-02-08
12260,1150494,5,2005-05-03
12260,1620287,3,2005-05-23
12260,1704890,4,2005-06-22
12260,2525160,5,2004-09-09
12260,484168,3,2002-12-21
12260,1845829,2,2004-02-07
12260,202678,3,2002-11-04
12260,2157162,3,2005-08-08
12260,2035595,2,2002-11-02
12260,1291186,5,2004-04-06
12260,1899234,4,2003-12-12
12260,162915,4,2003-02-12
12260,1177340,2,2004-06-09
12260,327305,3,2004-04-28
12260,2040676,4,2005-09-08
12260,217267,3,2003-12-10
12260,461075,1,2004-08-30
12260,9730,3,2004-01-28
12260,1009885,5,2004-05-20
12260,1069902,4,2004-09-20
12260,2425085,5,2005-01-03
12260,947615,3,2005-01-06
12260,2094500,3,2005-01-07
12260,2500722,4,2005-01-29
12260,147093,3,2005-02-11
12260,1110156,3,2005-02-21
12260,2542967,4,2005-04-06
12260,2310889,2,2003-08-18
12260,1338509,4,2003-01-05
12260,1837712,3,2002-10-27
12260,2181724,2,2003-09-28
12260,1948376,2,2003-08-12
12260,2504241,2,2003-01-08
12260,738545,4,2003-11-26
12260,1266917,5,2003-06-11
12260,868881,1,2005-08-28
12260,2244176,4,2003-07-05
12260,2494000,3,2003-08-26
12260,1308068,3,2003-10-20
12260,2347098,5,2004-07-28
12260,869426,1,2004-08-13
12260,1352970,3,2004-03-03
12260,1252629,4,2004-05-14
12260,1535334,3,2004-06-08
12260,1476374,4,2004-06-21
12260,100121,3,2005-01-30
12260,1126663,4,2005-05-17
12260,1965691,4,2005-05-25
12260,899448,5,2005-05-28
12260,1557007,4,2005-06-09
12260,2294658,3,2005-06-18
12260,79451,4,2005-07-15
12260,1114362,5,2002-12-16
12260,1737810,3,2002-10-04
12260,679049,3,2005-08-02
12260,804027,5,2002-12-17
12260,2307940,1,2002-11-10
12260,2171114,1,2004-04-29
12260,1381691,4,2003-12-06
12260,2632313,1,2004-04-02
12260,664230,4,2003-10-26
12260,1226877,4,2004-07-30
12260,986993,4,2004-02-17
12260,2070798,4,2004-05-21
12260,119691,1,2004-09-03
12260,959444,4,2004-10-05
12260,1281636,5,2004-11-13
12260,1463732,4,2004-11-19
12260,1755138,3,2004-12-15
12260,127581,2,2005-01-29
12260,2360874,5,2005-02-02
12260,2073920,4,2005-02-08
12260,1279509,4,2005-02-09
12260,1006570,5,2005-02-24
12260,1323790,4,2005-05-29
12260,998129,4,2004-01-19
12260,1227730,2,2002-07-24
12260,171529,1,2003-10-17
12260,1593063,5,2004-01-20
12260,1316775,5,2004-06-15
12260,2360101,3,2004-01-08
12260,1994713,2,2004-06-28
12260,952156,2,2004-09-28
12260,542907,3,2004-12-08
12260,2155211,5,2005-01-05
12260,1885310,5,2005-02-09
12260,453265,5,2005-02-24
12260,1593811,5,2005-02-24
12260,743536,2,2005-03-21
12260,2035212,3,2005-05-25
12260,1324721,3,2002-12-24
12260,1952604,1,2004-04-23
12260,553063,3,2002-09-14
12260,341814,2,2002-11-28
12260,70483,4,2002-08-24
12260,1951741,4,2002-09-19
12260,221926,2,2003-04-04
12260,1751471,4,2002-12-19
12260,1777406,2,2002-12-29
12260,1241060,3,2004-01-06
12260,1134023,5,2004-02-03
12260,1243196,2,2004-01-15
12260,2331728,5,2003-10-22
12260,1235063,5,2003-08-27
12260,222433,4,2004-07-29
12260,2265995,4,2004-04-09
12260,46716,3,2004-07-17
12260,189653,5,2004-11-18
12260,2378379,4,2004-12-01
12260,1003663,4,2005-06-18
12260,1458218,2,2005-01-08
12260,904882,3,2005-01-10
12260,322218,4,2005-01-26
12260,663602,2,2005-02-07
12260,2052702,3,2005-02-08
12260,5530,5,2005-05-22
12260,1210601,4,2005-06-21
12260,1270144,4,2005-10-08
12260,1147641,1,2002-11-01
12260,2308589,4,2003-01-16
12260,454878,3,2003-12-29
12260,1881328,1,2003-06-04
12260,2633545,3,2004-05-18
12260,1287939,3,2004-06-01
12260,1715948,4,2004-09-16
12260,2424683,1,2004-08-15
12260,1986548,1,2004-08-31
12260,98586,3,2004-09-29
12260,1048594,3,2004-12-05
12260,2450433,3,2004-12-21
12260,1648077,5,2004-12-21
12260,959035,4,2005-01-24
12260,56225,3,2005-01-28
12260,1517590,3,2002-12-25
12260,155620,4,2002-10-20
12260,2123185,3,2003-01-17
12260,2304924,4,2003-10-20
12260,1905883,4,2004-08-03
12260,2397150,4,2003-07-13
12260,758052,4,2003-03-11
12260,1433573,3,2002-09-19
12260,165060,2,2003-06-18
12260,585900,3,2004-04-15
12260,2213131,4,2004-06-17
12260,2645476,5,2003-10-22
12260,1684267,4,2004-02-18
12260,2415196,3,2004-01-09
12260,206308,4,2004-08-18
12260,1551980,3,2004-06-10
12260,2432340,2,2004-09-30
12260,1817364,4,2004-10-04
12260,194631,4,2004-10-18
12260,1094273,3,2004-11-13
12260,1785367,3,2004-12-07
12260,116767,4,2004-12-13
12260,650828,4,2004-12-27
12260,409574,4,2004-12-31
12260,638020,2,2005-10-25
12260,1212887,3,2002-12-04
12260,1827859,4,2002-09-26
12260,2558998,4,2004-04-22
12260,1924239,5,2003-11-08
12260,1793530,3,2002-10-18
12260,1065658,4,2002-12-15
12260,118706,2,2004-08-04
12260,416045,1,2003-01-15
12260,488494,5,2004-05-10
12260,1586613,3,2003-12-16
12260,1019190,2,2003-11-11
12260,436841,5,2004-01-30
12260,2647976,3,2004-04-25
12260,247305,4,2004-05-20
12260,1969393,4,2004-07-07
12260,2090164,4,2004-10-04
12260,1549823,2,2004-12-02
12260,1571988,4,2004-12-22
12260,918708,4,2005-01-12
12260,2127421,2,2005-05-18
12260,1951713,4,2005-07-01
12260,315168,5,2005-12-15
12260,1836356,3,2002-09-15
12260,2557067,4,2004-05-31
12260,596995,2,2003-05-25
12260,298238,5,2005-08-11
12260,1919269,5,2003-06-06
12260,1132445,3,2004-02-18
12260,1871701,4,2004-07-04
12260,1387538,4,2004-09-10
12260,2457095,3,2004-06-30
12260,1265961,4,2004-06-26
12260,861329,5,2004-09-20
12260,1416445,1,2004-10-26
12260,2027969,4,2004-12-20
12260,2135859,5,2005-01-06
12260,2601606,3,2005-01-24
12260,200682,4,2005-06-30
12260,449926,5,2005-09-24
12260,504989,3,2005-07-11
12260,2521901,5,2003-10-23
12260,1547886,3,2002-10-27
12260,2905,2,2002-10-30
12260,1876520,1,2002-09-16
12260,1807535,4,2003-01-09
12260,633956,4,2004-01-16
12260,1134057,3,2005-08-08
12260,2266686,2,2003-07-27
12260,758694,3,2003-01-06
12260,240816,3,2004-07-26
12260,1936110,1,2003-03-14
12260,2330830,4,2005-08-29
12260,2615679,5,2003-07-04
12260,1250231,3,2004-01-03
12260,550883,1,2004-01-09
12260,669502,4,2003-10-22
12260,2291860,3,2004-06-22
12260,1837337,4,2004-05-05
12260,1149094,5,2004-06-24
12260,1285743,1,2004-06-21
12260,2300816,1,2004-09-23
12260,2408176,4,2004-10-30
12260,740962,4,2004-11-20
12260,2570045,4,2004-11-24
12260,996973,3,2005-02-13
12260,2147969,5,2005-02-13
12260,2488565,4,2005-02-16
12260,2325330,4,2004-07-28
12260,2571332,1,2004-09-01
12260,2256573,5,2005-10-20
12260,2328480,4,2004-06-16
12260,2177239,4,2003-03-14
12260,2406829,4,2003-04-10
12260,271453,3,2004-01-19
12260,2012582,4,2004-02-10
12260,1824936,2,2003-11-13
12260,1406633,4,2003-12-08
12260,1755837,4,2004-09-08
12260,2302897,4,2004-04-30
12260,232083,5,2004-06-25
12260,2592095,5,2004-07-31
12260,1174659,3,2004-08-15
12260,1875999,4,2004-09-23
12260,739108,4,2004-09-24
12260,1615638,2,2004-09-25
12260,1894993,4,2004-09-28
12260,62361,2,2004-10-27
12260,1105029,3,2005-01-07
12260,1558023,2,2005-01-11
12260,881355,4,2005-01-25
12260,1121232,5,2005-02-17
12260,1646516,5,2005-04-11
12260,755503,3,2005-05-15
12260,2049806,5,2003-01-15
12260,857675,3,2003-01-16
12260,124561,3,2002-10-12
12260,2233998,3,2002-12-16
12260,590607,4,2003-06-10
12260,669035,4,2003-11-14
12260,2230766,3,2003-12-29
12260,1774943,5,2003-11-30
12260,1538505,3,2003-11-27
12260,344064,4,2004-01-16
12260,965865,4,2004-03-19
12260,1371426,3,2004-12-03
12260,2544655,5,2005-01-11
12260,1880009,2,2005-01-28
12260,2574828,2,2005-03-23
12260,1899390,5,2005-04-05
12260,2407308,5,2005-05-21
12260,1854849,4,2005-09-13
12260,1239121,2,2002-12-18
12260,2299951,4,2002-10-31
12260,2602667,2,2004-02-08
12260,1725588,5,2003-08-28
12260,132951,3,2002-11-20
12260,916053,5,2005-08-20
12260,2127497,5,2004-01-29
12260,252540,5,2004-04-26
12260,1702242,3,2004-05-28
12260,2267357,4,2004-06-07
12260,1569306,4,2004-06-13
12260,227829,2,2004-09-20
12260,537601,1,2004-10-25
12260,378924,5,2005-01-19
12260,1376923,3,2005-02-18
12260,2043935,5,2005-02-22
12260,651851,4,2005-02-23
12260,838052,3,2002-09-18
12260,56854,2,2002-09-19
12260,496436,4,2002-10-15
12260,2268858,5,2003-11-30
12260,554137,1,2002-10-18
12260,783585,1,2002-11-26
12260,2492416,4,2003-10-27
12260,762260,1,2004-01-12
12260,185018,4,2004-05-14
12260,1951053,5,2004-10-28
12260,760481,2,2004-11-24
12260,2188949,4,2005-02-04
12260,1669894,1,2005-01-20
12260,658268,1,2005-02-12
12260,157944,3,2005-02-14
12260,1215094,4,2005-03-16
12260,1374112,4,2005-05-29
12260,767232,4,2005-06-10
12260,954555,5,2005-10-02
12260,889036,4,2005-11-12
12260,1218225,3,2002-12-24
12260,425245,4,2003-12-11
12260,2633486,5,2002-10-30
12260,543146,5,2003-05-17
12260,2205498,4,2002-09-14
12260,2389792,1,2004-02-07
12260,2222864,3,2002-09-18
12260,1771365,3,2003-01-26
12260,792155,4,2004-06-01
12260,1482775,1,2003-11-24
12260,2459030,3,2003-11-07
12260,236160,4,2004-07-29
12260,2134424,5,2004-11-18
12260,1347777,2,2004-12-25
12260,1653464,3,2005-01-04
12260,2417914,3,2005-01-19
12260,2392084,4,2005-02-01
12260,2437705,4,2005-02-10
12260,1714054,4,2005-02-14
12260,1753780,4,2005-11-01
12260,65860,5,2005-07-14
12260,1599561,3,2002-10-03
12260,716158,4,2004-01-16
12260,2338157,1,2002-10-02
12260,181003,3,2004-09-02
12260,993713,4,2004-01-28
12260,2076358,2,2002-10-14
12260,107787,4,2002-11-28
12260,871654,3,2004-01-21
12260,2137371,3,2003-12-23
12260,203738,1,2004-04-17
12260,2189341,3,2004-08-19
12260,1418739,1,2004-10-01
12260,1305946,4,2004-10-24
12260,2180691,4,2004-11-13
12260,1951089,3,2004-12-14
12260,1668874,5,2005-01-27
12260,458972,4,2005-04-25
12260,1961236,3,2005-06-01
12260,1308730,5,2005-10-28
12260,408200,2,2002-11-10
12260,919805,4,2003-01-26
12260,2147545,3,2003-11-25
12260,589882,2,2003-10-31
12260,1838084,3,2004-04-12
12260,778430,4,2004-07-09
12260,538985,4,2004-11-01
12260,1406180,2,2005-04-02
12260,512101,3,2005-09-13
12260,2407922,5,2005-10-26
12260,922517,3,2005-07-09
12260,562156,3,2004-01-13
12260,1727232,2,2002-10-14
12260,29431,4,2004-09-15
12260,1479892,1,2003-02-11
12260,998502,4,2003-01-14
12260,1015048,2,2004-08-16
12260,1672508,3,2004-08-11
12260,1042060,3,2004-07-12
12260,1262539,2,2003-11-05
12260,1149820,5,2003-04-02
12260,1278877,1,2004-04-28
12260,219897,5,2004-06-13
12260,2390188,5,2004-10-14
12260,184705,3,2004-11-16
12260,2341756,3,2005-02-09
12260,2282644,2,2005-02-10
12260,86982,3,2005-05-04
12260,637266,4,2004-11-27
12260,770583,1,2003-04-02
12260,1401895,4,2003-11-12
12260,2479092,5,2004-07-28
12260,2009933,3,2003-11-19
12260,1319658,5,2003-08-16
12260,1704919,4,2004-05-17
12260,2501912,5,2004-08-12
12260,269327,1,2004-10-27
12260,2274452,5,2004-12-12
12260,884391,5,2004-12-22
12260,18786,4,2005-05-25
12260,2461740,4,2005-06-06
12260,735893,3,2005-10-24
12260,2645828,5,2002-11-20
12260,1492520,5,2003-01-22
12260,1771126,3,2003-01-14
12260,1487011,4,2003-12-20
12260,799442,2,2003-12-13
12260,290360,3,2003-11-17
12260,455843,5,2003-09-30
12260,729128,3,2004-05-06
12260,439457,5,2003-10-16
12260,2194079,3,2003-11-29
12260,577109,4,2003-11-16
12260,752897,2,2004-02-10
12260,265156,4,2004-04-11
12260,2585864,3,2004-06-26
12260,2088393,3,2004-10-15
12260,1258738,4,2004-11-09
12260,1538962,4,2004-11-11
12260,1577677,4,2004-11-27
12260,23051,3,2005-01-09
12260,773102,2,2005-01-23
12260,378670,5,2005-02-07
12260,28172,3,2005-02-14
12260,1749100,4,2005-05-23
12260,2261989,3,2005-05-26
12260,1917839,1,2005-06-28
12260,623709,3,2002-11-10
12260,1652942,4,2004-04-25
12260,1291455,4,2003-11-21
12260,1915183,4,2003-06-07
12260,2601024,3,2003-10-12
12260,2234481,3,2004-06-15
12260,2040853,3,2004-05-25
12260,434304,5,2004-05-28
12260,1999361,5,2004-10-04
12260,1229545,5,2004-10-07
12260,708721,4,2004-10-09
12260,648980,3,2004-11-19
12260,1829594,3,2004-12-06
12260,2302148,3,2005-01-13
12260,1641063,3,2005-02-13
12260,662832,5,2003-06-09
12260,816213,3,2003-03-05
12260,2365084,3,2002-10-23
12260,502177,3,2002-12-09
12260,641023,4,2003-10-18
12260,1260761,5,2004-02-04
12260,1371031,4,2004-06-10
12260,1997031,3,2004-02-05
12260,38913,5,2004-05-25
12260,2227988,4,2004-12-06
12260,2385481,2,2005-01-23
12260,1385823,3,2005-06-01
12260,1756823,4,2005-06-08
12260,931520,2,2005-11-25
12260,1518289,3,2002-09-18
12260,1500283,3,2003-08-30
12260,2245381,5,2004-04-12
12260,785207,4,2005-07-19
12260,624971,3,2003-03-27
12260,414536,3,2004-04-10
12260,2298015,4,2004-02-27
12260,1638450,3,2004-08-03
12260,1001701,4,2004-06-11
12260,793892,3,2004-06-16
12260,1832690,5,2004-08-05
12260,1953510,5,2004-09-21
12260,1715879,1,2004-10-03
12260,2355655,3,2004-11-01
12260,123376,4,2004-11-16
12260,1008517,4,2004-12-15
12260,2351006,3,2005-01-21
12260,1546976,4,2005-02-11
12260,2509434,3,2005-02-14
12260,2449356,3,2005-02-20
12260,1655656,1,2005-02-22
12260,1612505,3,2005-04-02
12260,1640646,5,2005-04-20
12260,1450660,5,2005-05-21
12260,2204336,3,2003-11-24
12260,1370816,3,2002-12-31
12260,909432,4,2002-11-28
12260,1025593,5,2004-07-31
12260,96367,5,2005-08-01
12260,304887,3,2002-11-21
12260,2260832,2,2002-12-19
12260,1548908,4,2003-10-25
12260,2279366,3,2003-11-11
12260,1170138,1,2005-02-16
12260,2096010,2,2003-04-28
12260,375196,1,2005-09-01
12260,1449802,4,2004-04-19
12260,322009,3,2004-05-05
12260,466763,5,2004-04-11
12260,1279794,2,2004-04-21
12260,10630,5,2004-06-02
12260,974618,4,2004-06-03
12260,1662938,5,2004-10-13
12260,1322561,2,2004-10-16
12260,1969285,4,2004-11-11
12260,940043,5,2004-12-27
12260,1192767,3,2004-12-30
12260,361141,3,2005-01-01
12260,993597,4,2005-01-12
12260,2038196,3,2005-01-19
12260,763193,2,2005-02-05
12260,2202223,5,2005-04-28
12260,139107,2,2005-04-29
12260,1776870,3,2005-05-25
12260,2515390,3,2005-06-20
12260,2201708,4,2003-02-17
12260,2163718,3,2003-11-27
12260,2426395,2,2002-09-19
12260,279070,5,2003-05-08
12260,2461028,5,2002-10-03
12260,1222167,3,2003-05-23
12260,560992,3,2003-12-28
12260,1741728,3,2004-07-05
12260,1106863,3,2003-07-06
12260,149511,3,2003-11-02
12260,281392,5,2003-11-17
12260,1081560,4,2004-04-23
12260,1890819,5,2004-05-10
12260,2098006,4,2004-05-31
12260,1394387,1,2004-10-03
12260,1143750,1,2004-10-05
12260,1093688,2,2005-06-14
12260,2024669,3,2004-12-03
12260,2150751,3,2005-01-25
12260,2560210,4,2005-02-13
12260,257630,4,2005-04-17
12260,538668,3,2003-11-07
12260,757829,3,2003-06-19
12260,842962,4,2005-08-03
12260,1429631,4,2002-12-03
12260,1921001,4,2005-08-16
12260,1902672,3,2004-04-08
12260,743598,2,2004-06-15
12260,2054241,4,2004-04-06
12260,2617068,5,2004-06-10
12260,47344,4,2004-11-16
12260,78936,3,2004-12-06
12260,2158514,1,2005-01-06
12260,1080430,2,2005-01-19
12260,553087,3,2005-01-25
12260,1900514,5,2005-02-04
12260,365653,4,2005-03-11
12260,1905572,5,2005-05-25
12260,1093988,3,2005-10-31
12260,2401147,4,2004-08-10
12260,2395978,4,2002-12-07
12260,1146886,3,2003-05-16
12260,181295,2,2005-07-31
12260,973313,1,2002-08-01
12260,304825,3,2003-09-12
12260,1804940,4,2004-06-22
12260,675361,5,2005-08-27
12260,1183715,3,2003-11-04
12260,2308200,1,2003-12-02
12260,1042938,4,2004-07-06
12260,815690,3,2004-07-28
12260,940981,5,2004-08-03
12260,323798,5,2004-10-22
12260,419691,3,2004-11-04
12260,2359486,2,2004-11-06
12260,1465422,3,2004-12-22
12260,2548738,5,2004-12-28
12260,1163868,3,2004-12-29
12260,2524353,4,2005-01-13
12260,664935,4,2005-05-30
12260,1072072,2,2002-11-10
12260,1543296,4,2003-12-05
12260,966426,4,2003-11-16
12260,912391,3,2005-02-20
12260,2617127,3,2004-06-22
12260,1799047,4,2003-03-25
12260,1289938,5,2005-08-25
12260,2203225,1,2004-01-13
12260,2151795,5,2003-09-03
12260,593849,4,2004-03-17
12260,1386910,5,2004-09-07
12260,550777,3,2004-10-02
12260,1467206,4,2004-11-12
12260,1107098,5,2004-11-23
12260,1343436,2,2005-01-05
12260,1655708,2,2005-01-26
12260,2096352,3,2005-03-03
12260,391661,5,2002-09-18
12260,2453978,5,2004-06-08
12260,2482384,4,2002-11-03
12260,1993796,1,2004-01-18
12260,2442646,4,2003-06-10
12260,2051329,4,2004-06-26
12260,895134,5,2004-09-09
12260,1060399,5,2004-01-06
12260,2555431,5,2004-05-06
12260,2032377,4,2004-04-19
12260,2223821,4,2004-05-10
12260,2078462,5,2004-05-17
12260,459828,4,2004-07-01
12260,1773272,4,2004-04-23
12260,1285927,3,2004-07-28
12260,1821991,3,2004-06-23
12260,337681,3,2004-09-23
12260,1293883,3,2004-10-07
12260,962359,5,2004-10-25
12260,593949,3,2005-01-10
12260,605397,5,2005-10-05
12260,1902838,4,2002-09-14
12260,493144,3,2003-12-11
12260,577547,4,2003-05-27
12260,1055424,2,2003-12-30
12260,1715752,4,2003-09-02
12260,996883,1,2004-04-16
12260,1072890,4,2004-05-10
12260,1014165,3,2003-12-23
12260,1096430,3,2004-04-22
12260,2460025,4,2004-07-24
12260,296452,2,2004-01-20
12260,534993,5,2004-05-25
12260,1932079,2,2004-08-28
12260,256549,5,2004-08-01
12260,2258984,5,2004-09-15
12260,2165339,3,2004-09-20
12260,1069086,3,2004-12-17
12260,668693,3,2004-12-18
12260,1544026,3,2005-01-09
12260,873976,3,2005-01-19
12260,1869763,3,2005-04-06
12260,1723484,4,2005-11-21
12260,731874,4,2004-06-09
12260,318171,5,2003-01-07
12260,681577,4,2003-07-06
12260,1120729,5,2004-01-29
12260,1393159,3,2004-08-06
12260,1708920,3,2004-06-24
12260,2463905,3,2004-04-19
12260,49890,4,2004-05-02
12260,9107,4,2004-02-06
12260,2163655,4,2004-05-19
12260,562161,4,2004-09-17
12260,859837,3,2004-09-28
12260,2424335,3,2004-10-02
12260,1027674,4,2004-10-22
12260,1694402,5,2004-11-01
12260,962274,5,2004-11-09
12260,559019,4,2005-01-28
12260,114873,4,2005-02-08
12260,1295669,4,2003-01-07
12260,2485784,4,2002-09-20
12260,1486742,3,2004-08-11
12260,1255394,5,2002-11-19
12260,95943,3,2003-05-27
12260,500325,1,2003-12-29
12260,61404,3,2004-07-29
12260,839224,5,2004-06-25
12260,2173328,3,2004-09-12
12260,507094,2,2004-10-07
12260,1198528,4,2004-10-17
12260,446306,4,2004-10-31
12260,2560088,3,2004-12-21
12260,13590,3,2005-01-10
12260,962544,3,2005-01-13
12260,1181651,4,2005-03-24
12260,2506142,5,2005-09-13
12260,2223273,4,2004-04-24
12260,15233,4,2004-02-06
12260,717972,2,2004-01-15
12260,572481,1,2002-10-18
12260,1138703,4,2003-01-03
12260,1207990,3,2004-09-08
12260,335221,2,2003-09-28
12260,1480215,4,2004-01-21
12260,2280260,3,2004-01-03
12260,329958,3,2003-12-22
12260,880178,3,2004-08-03
12260,560086,3,2005-01-19
12260,33758,4,2005-01-19
12260,32885,4,2005-01-23
12260,910244,3,2005-01-26
12260,2453949,3,2005-02-15
12260,2444178,4,2005-02-23
12260,585385,2,2005-05-12
12260,378346,5,2005-05-22
12260,1128728,3,2005-09-27
12260,1641025,4,2004-07-01
12260,2043784,2,2003-03-14
12260,1029625,3,2003-10-18
12260,2264014,2,2004-01-07
12260,2367690,4,2004-05-24
12260,2532510,5,2004-10-04
12260,1599029,5,2004-10-15
12260,689205,3,2004-11-01
12260,2358215,5,2004-12-07
12260,2010641,4,2004-12-31
12260,418260,3,2005-01-01
12260,128234,5,2005-01-10
12260,379499,2,2005-01-19
12260,948398,4,2005-01-23
12260,1962128,3,2005-02-15
12260,193822,5,2005-03-04
12260,1872933,4,2005-05-29
12260,1217553,5,2005-07-10
12260,1709910,4,2003-11-03
12260,1700054,3,2003-01-09
12260,1995445,5,2003-01-09
12260,2222535,5,2004-04-12
12260,1080173,4,2004-05-29
12260,1167175,5,2004-04-23
12260,2080562,3,2004-01-28
12260,623645,5,2004-01-14
12260,1060593,3,2003-11-05
12260,770088,4,2002-11-08
12260,2153636,1,2003-11-30
12260,2535238,3,2004-05-11
12260,1743600,3,2005-01-23
12260,1539813,3,2005-01-27
12260,1892414,3,2005-03-02
12260,957175,3,2005-03-20
12260,2225125,1,2005-05-07
12260,568252,5,2005-05-24
12260,2420828,3,2003-05-21
12260,74427,4,2002-09-15
12260,905537,3,2003-10-24
12260,902047,5,2004-05-08
12260,2358990,3,2003-12-16
12260,386912,4,2003-05-21
12260,771180,2,2003-12-10
12260,1266537,3,2004-04-15
12260,2268553,3,2003-05-16
12260,552356,5,2004-04-20
12260,877394,2,2004-01-08
12260,1360421,5,2004-08-07
12260,1158194,4,2004-05-26
12260,207060,4,2004-03-12
12260,220250,4,2003-12-27
12260,91979,5,2004-09-14
12260,345977,1,2004-01-12
12260,1730699,4,2003-12-22
12260,805366,3,2004-01-18
12260,2568268,4,2004-05-09
12260,354174,2,2004-05-21
12260,490240,3,2004-07-03
12260,1815083,5,2004-11-24
12260,9366,2,2005-03-18
12260,1874838,5,2005-05-27
12260,1313638,4,2005-06-03
12260,256370,5,2005-09-09
12260,2092891,3,2003-10-24
12260,1312635,2,2002-11-08
12260,2617170,3,2002-11-29
12260,1424084,1,2002-11-16
12260,2210857,3,2003-01-03
12260,1824028,3,2004-07-29
12260,1978682,2,2004-09-03
12260,754866,4,2004-10-01
12260,2636616,5,2005-01-19
12260,1232534,4,2005-01-19
12260,975592,2,2002-10-03
12260,94170,3,2005-07-14
12260,4315,4,2004-09-10
12260,1684977,4,2002-10-17
12260,1872591,3,2002-07-09
12260,2400283,2,2002-10-10
12260,2637886,2,2002-11-25
12260,471672,4,2004-05-13
12260,1558286,2,2003-12-04
12260,2019879,5,2005-09-01
12260,781303,2,2004-09-07
12260,746654,4,2004-09-01
12260,1212908,4,2003-12-14
12260,1118180,5,2004-09-08
12260,1492039,4,2004-02-24
12260,93094,4,2004-01-17
12260,2318994,4,2004-05-04
12260,2494580,4,2004-07-26
12260,1798814,5,2004-04-06
12260,396293,4,2004-08-12
12260,541135,3,2004-05-06
12260,305604,5,2004-05-15
12260,2542703,3,2004-06-25
12260,1255348,4,2004-10-30
12260,1063549,5,2004-12-08
12260,2259960,4,2004-12-12
12260,648585,4,2004-12-15
12260,1606186,4,2005-01-10
12260,84462,4,2005-01-28
12260,723787,1,2005-02-23
12260,1963576,5,2002-10-30
12260,1222199,3,2003-04-24
12260,589847,4,2004-01-20
12260,927129,4,2003-11-10
12260,1786832,3,2003-07-17
12260,1219733,3,2003-01-05
12260,1724148,4,2004-03-24
12260,655504,4,2004-10-15
12260,1731384,4,2004-11-29
12260,1535425,5,2004-12-16
12260,2399530,2,2004-12-31
12260,485668,4,2005-02-05
12260,1275360,3,2005-05-30
12260,714682,5,2005-10-05
12260,57344,3,2005-01-19
12260,507140,5,2004-04-27
12260,2291269,2,2003-04-08
12260,2533227,3,2002-11-12
12260,429034,4,2004-07-31
12260,1393600,2,2003-12-02
12260,580988,4,2003-06-09
12260,611616,3,2004-01-07
12260,402321,4,2003-03-26
12260,1233627,4,2003-05-20
12260,2442243,4,2003-12-16
12260,801569,4,2003-10-20
12260,1502298,4,2003-11-28
12260,507426,4,2004-05-16
12260,455999,3,2004-09-16
12260,1180559,4,2004-09-18
12260,1803872,5,2004-10-18
12260,542107,4,2004-10-26
12260,251595,3,2004-11-22
12260,2141435,4,2004-12-12
12260,1655277,5,2005-02-01
12260,863866,3,2005-02-03
12260,243430,4,2005-02-05
12260,615750,4,2005-06-01
12260,1747859,4,2003-12-17
12260,2322222,4,2003-08-26
12260,1838160,2,2003-11-29
12260,377367,4,2004-09-10
12260,2357769,5,2005-07-29
12260,1802901,3,2002-10-23
12260,243612,3,2002-10-25
12260,1803723,5,2002-11-05
12260,1149415,5,2003-06-17
12260,2027196,4,2004-01-26
12260,1847757,4,2004-08-02
12260,1885932,3,2004-08-03
12260,1877042,5,2004-12-22
12260,2048985,3,2005-02-03
12260,75976,4,2005-02-06
12260,1713238,4,2005-02-12
12260,2341658,3,2004-02-06
12260,2369453,4,2003-01-11
12260,1298511,5,2003-07-05
12260,1975762,5,2004-01-29
12260,1540100,3,2004-01-06
12260,396140,3,2003-06-04
12260,934740,3,2004-08-12
12260,1331155,1,2003-06-06
12260,1343107,4,2003-11-07
12260,696244,2,2003-11-28
12260,147078,4,2004-08-30
12260,919719,1,2004-04-26
12260,2536640,3,2004-06-17
12260,1000301,4,2004-12-16
12260,2480624,5,2004-12-31
12260,1705409,5,2005-01-11
12260,356262,3,2005-01-19
12260,2324555,3,2005-02-03
12260,1347816,3,2005-02-05
12260,1146589,4,2005-02-23
12260,1942311,4,2005-03-04
12260,1403479,2,2005-03-17
12260,1588548,5,2005-05-24
12260,270484,4,2002-10-21
12260,565401,2,2003-01-06
12260,1941703,3,2003-06-06
12260,2429116,5,2004-06-07
12260,577934,4,2004-08-06
12260,318409,3,2004-06-20
12260,2318762,3,2004-07-15
12260,525071,4,2004-09-19
12260,2428423,5,2004-11-17
12260,940516,2,2005-01-20
12260,130617,5,2005-05-13
12260,2060094,3,2003-05-13
12260,1444057,1,2003-03-18
12260,2606932,3,2003-01-14
12260,2522005,3,2004-07-06
12260,871675,4,2004-04-30
12260,1284186,1,2004-01-29
12260,432244,5,2004-06-16
12260,536257,3,2004-04-11
12260,2425662,3,2004-10-28
12260,1261117,4,2004-07-11
12260,1447828,5,2004-10-11
12260,2431150,4,2004-12-06
12260,1473325,4,2004-12-15
12260,1561422,3,2004-12-26
12260,2015346,5,2005-01-19
12260,2086711,3,2005-01-19
12260,2574524,5,2005-02-02
12260,169348,2,2005-02-14
12260,495712,3,2005-03-28
12260,1842087,5,2005-06-08
12260,2087907,4,2005-07-21
12260,1053172,4,2003-03-17
12260,2333336,5,2003-10-24
12260,1313129,5,2004-01-05
12260,193510,4,2004-04-22
12260,2088903,4,2004-05-17
12260,601892,4,2005-01-19
12260,267349,4,2005-05-24
12260,376600,4,2005-12-10
12260,2135531,3,2002-10-29
12260,111736,1,2004-01-03
12260,1607555,3,2004-02-09
12260,1968331,4,2002-11-29
12260,2640760,5,2002-10-12
12260,998688,2,2004-06-27
12260,1512836,1,2004-01-21
12260,967756,4,2003-03-12
12260,2440601,4,2002-10-31
12260,1691325,4,2004-01-15
12260,2195899,5,2002-11-22
12260,1373956,3,2004-09-10
12260,2647888,4,2003-11-22
12260,1296404,1,2004-02-19
12260,302958,2,2004-03-11
12260,83110,4,2004-11-23
12260,1095635,2,2004-12-23
12260,1008986,3,2005-01-12
12260,2163565,4,2005-03-14
12260,1369468,3,2003-01-16
12260,2290732,4,2003-11-10
12260,1300485,3,2003-12-12
12260,437586,2,2003-01-13
12260,1816884,1,2003-10-25
12260,1932397,3,2004-07-30
12260,922551,3,2004-10-01
12260,1406883,2,2004-12-30
12260,1575386,2,2005-01-19
12260,2139217,3,2005-01-19
12260,1204665,3,2005-01-20
12260,749189,4,2005-01-25
12260,1521076,3,2005-01-29
12260,1574825,3,2005-02-02
12260,271840,3,2005-02-08
12260,663356,4,2005-03-20
12260,133408,4,2005-06-28
12260,1261357,4,2005-10-06
12260,1431663,3,2003-04-26
12260,2581665,5,2004-03-15
12260,1326135,5,2002-10-30
12260,611741,3,2002-09-21
12260,1274870,5,2005-08-15
12260,1663717,1,2003-03-14
12260,1266708,3,2004-04-30
12260,257445,2,2004-07-16
12260,738804,5,2004-04-16
12260,958803,5,2004-04-24
12260,1708934,4,2004-06-14
12260,1666483,3,2004-04-29
12260,585045,3,2004-06-26
12260,1735893,2,2004-10-26
12260,120365,4,2004-11-09
12260,208229,4,2004-12-10
12260,1870240,4,2005-01-21
12260,916090,2,2005-01-31
12260,1257748,4,2005-06-12
12260,1874436,3,2005-09-20
12260,577485,5,2005-09-27
12260,10374,5,2003-01-04
12260,975229,3,2004-01-11
12260,139989,3,2004-04-10
12260,772009,3,2002-09-30
12260,1245472,4,2004-05-18
12260,679042,2,2003-03-04
12260,2349577,1,2004-06-15
12260,854949,5,2004-06-22
12260,1076412,3,2004-01-15
12260,2011000,3,2004-06-02
12260,440236,4,2003-12-26
12260,1710591,3,2004-05-27
12260,1984995,3,2004-02-07
12260,2291306,5,2004-02-19
12260,1991643,4,2004-05-23
12260,331875,3,2004-09-29
12260,1787821,5,2004-11-05
12260,1187504,3,2004-11-16
12260,338545,3,2004-12-12
12260,307891,1,2004-12-30
12260,494910,5,2005-02-02
12260,2412367,5,2005-02-15
12260,2010923,1,2005-02-21
12260,2303427,4,2005-05-24
12260,2264371,2,2003-12-12
12260,1720861,2,2003-11-18
12260,914045,3,2002-12-19
12260,2636478,2,2003-01-14
12260,567875,2,2004-06-19
12260,2506950,4,2004-06-29
12260,649226,3,2003-01-13
12260,439280,4,2003-07-01
12260,1201843,5,2004-04-19
12260,2202863,1,2004-07-24
12260,1119716,3,2004-11-14
12260,898642,3,2004-11-30
12260,2326818,4,2004-12-01
12260,524390,4,2004-12-13
12260,902495,4,2005-01-19
12260,1783681,5,2005-01-23
12260,1523581,4,2005-06-08
12260,84270,4,2005-06-16
12260,2600138,4,2002-10-13
12260,808435,2,2004-05-04
12260,1075277,4,2005-08-01
12260,1421402,3,2003-01-11
12260,1000079,1,2002-09-12
12260,2044809,4,2003-05-27
12260,714207,3,2004-08-09
12260,673040,2,2003-03-20
12260,1595876,3,2004-10-20
12260,612848,4,2004-10-27
12260,1829259,3,2004-11-02
12260,32963,4,2004-11-21
12260,1479374,4,2004-11-23
12260,2550711,4,2004-12-01
12260,34827,3,2004-12-12
12260,1628766,3,2004-12-24
12260,1054188,2,2005-01-19
12260,1748698,3,2005-05-07
12260,2303113,4,2005-03-09
12260,233761,3,2002-11-30
12260,1833607,5,2004-06-18
12260,1746477,4,2003-01-18
12260,1810693,3,2003-01-01
12260,2506942,3,2003-06-18
12260,46650,2,2004-05-31
12260,707563,4,2004-07-05
12260,1156852,3,2004-10-14
12260,1199475,2,2004-12-29
12260,570909,2,2005-01-25
12260,1555917,4,2005-10-16
12260,2010413,4,2002-10-18
12260,576723,3,2003-01-08
12260,1269998,1,2002-09-25
12260,150556,5,2004-05-26
12260,1917470,3,2003-11-23
12260,448916,5,2004-01-07
12260,2561723,5,2004-01-03
12260,448086,2,2003-12-13
12260,2509303,4,2004-08-05
12260,193838,4,2004-08-29
12260,1961980,2,2004-09-27
12260,1184029,1,2004-10-11
12260,407877,2,2004-10-12
12260,1930691,5,2004-10-27
12260,578840,5,2004-11-01
12260,2080228,5,2004-11-11
12260,1796916,4,2004-12-03
12260,962188,4,2004-12-19
12260,1106166,4,2005-01-07
12260,1027246,3,2005-01-19
12260,1111433,5,2005-05-31
12260,463279,1,2005-02-15
12260,2645469,3,2005-02-16
12260,637213,3,2005-04-01
12260,1514687,3,2005-04-03
12260,860285,4,2005-04-22
12260,1306008,3,2005-06-10
12260,114616,5,2005-07-03
12260,2035310,4,2005-09-13
12260,2130099,5,2005-10-31
12260,1995860,3,2002-11-08
12260,824478,5,2003-01-23
12260,1194911,4,2002-12-20
12260,508267,3,2003-09-02
12260,2048038,1,2004-02-05
12260,848036,3,2003-10-27
12260,438340,3,2003-12-29
12260,237405,2,2004-09-23
12260,1070700,4,2004-10-27
12260,430983,4,2004-11-30
12260,1338397,3,2004-12-21
12260,1905069,4,2005-01-19
12260,2301859,5,2005-03-07
12260,479808,2,2005-05-09
12260,319934,3,2005-09-11
12260,734925,4,2005-11-14
12260,888450,1,2003-11-04
12260,2331421,3,2002-12-09
12260,491531,2,2003-10-16
12260,2563112,5,2003-06-02
12260,1406473,3,2003-10-21
12260,1096051,2,2004-08-09
12260,1638308,4,2004-01-07
12260,2121879,2,2004-02-29
12260,1132540,5,2004-03-30
12260,1025458,4,2004-11-05
12260,1317671,3,2004-11-29
12260,811388,4,2005-01-23
12260,1041130,1,2005-02-05
12260,2433502,2,2005-03-28
12260,2554035,3,2003-10-29
12260,1882248,2,2004-06-06
12260,2229922,4,2004-07-09
12260,1254363,3,2005-08-13
12260,1711278,4,2003-01-06
12260,111338,4,2003-01-27
12260,522710,3,2004-03-31
12260,687235,5,2003-12-23
12260,1526116,2,2004-07-05
12260,1009667,4,2004-07-06
12260,1679839,3,2003-10-24
12260,2273182,5,2004-03-16
12260,1828179,3,2004-05-07
12260,1902609,2,2004-04-06
12260,1755543,3,2004-10-05
12260,66540,2,2004-10-08
12260,1111250,2,2004-10-11
12260,1049030,4,2004-10-17
12260,2130621,4,2004-10-25
12260,39968,4,2005-01-19
12260,2291263,5,2005-01-29
12260,2412555,2,2005-02-03
12260,268872,4,2005-02-07
12260,2131964,4,2005-02-13
12260,561695,3,2005-03-13
12260,835271,4,2005-05-26
12260,75923,4,2005-10-05
12260,752853,1,2004-01-28
12260,2504403,1,2003-01-05
12260,1566744,5,2003-12-02
12260,1771283,2,2003-12-05
12260,2561009,4,2002-10-30
12260,2184436,3,2003-09-04
12260,1820313,2,2002-10-19
12260,336595,4,2002-09-20
12260,2238629,1,2003-01-19
12260,2045846,3,2003-04-17
12260,880786,2,2003-05-14
12260,1374197,2,2004-02-05
12260,83312,4,2003-09-19
12260,267549,5,2004-05-30
12260,1660195,3,2004-09-28
12260,1839686,2,2004-11-19
12260,364980,3,2004-11-30
12260,720889,4,2004-12-13
12260,2648568,5,2004-12-29
12260,1684617,4,2005-01-08
12260,795783,5,2005-01-08
12260,1372915,4,2005-01-10
12260,636256,4,2005-05-04
12260,913524,5,2005-05-18
12260,206453,3,2005-10-20
12260,1494062,5,2005-12-04
12260,287545,2,2003-07-03
12260,1511901,5,2002-12-07
12260,550615,2,2002-10-23
12260,915773,4,2002-12-06
12260,174108,3,2003-01-17
12260,242881,5,2003-11-07
12260,170613,3,2003-04-25
12260,1891149,3,2005-08-30
12260,306658,5,2003-11-14
12260,1435990,4,2004-02-09
12260,2349507,1,2004-07-06
12260,1701374,5,2004-05-17
12260,2146949,4,2004-07-22
12260,2016488,4,2004-11-23
12260,2051520,4,2004-11-29
12260,14831,2,2004-12-03
12260,1865249,3,2005-01-07
12260,2621969,4,2005-02-11
12260,1269270,3,2005-10-11
12260,335615,5,2003-02-12
12260,1788180,3,2003-05-27
12260,1884794,3,2003-05-11
12260,1572933,3,2003-01-18
12260,271346,3,2002-09-25
12260,690747,1,2002-09-17
12260,1111757,5,2003-07-17
12260,735821,5,2004-07-05
12260,1984315,4,2003-12-24
12260,2463759,2,2003-12-23
12260,723983,3,2004-03-21
12260,1622038,5,2004-04-15
12260,2474060,4,2004-10-06
12260,1538815,3,2004-10-18
12260,773361,4,2004-12-21
12260,485334,3,2005-02-02
12260,1351555,4,2005-02-23
12260,50075,5,2005-03-07
12260,2640644,3,2005-04-05
12260,113799,4,2005-06-02
12260,1642687,4,2005-09-27
12260,1504990,4,2002-12-04
12260,97046,5,2004-06-09
12260,508247,5,2004-03-23
12260,2484715,4,2003-12-19
12260,2614232,5,2004-06-04
12260,1495940,1,2004-12-09
12260,1631898,3,2005-01-11
12260,1571489,4,2003-03-22
12260,1078549,2,2002-09-26
12260,1539849,5,2002-09-05
12260,33626,4,2003-12-08
12260,2479015,5,2004-07-09
12260,381625,5,2003-02-12
12260,66490,3,2004-02-11
12260,647979,2,2004-02-19
12260,1945922,4,2004-02-06
12260,1342357,4,2004-04-12
12260,896636,3,2004-06-26
12260,1840584,4,2004-04-10
12260,725564,4,2004-05-12
12260,1996328,3,2004-06-16
12260,2508962,3,2004-09-27
12260,362622,3,2004-10-15
12260,2478549,4,2004-12-13
12260,1931936,4,2004-12-19
12260,586891,5,2005-01-11
12260,1041253,3,2005-01-23
12260,889489,3,2005-02-01
12260,1236627,4,2005-03-23
12260,2074165,5,2005-06-06
12260,1749522,3,2005-09-16
12260,651562,2,2005-07-12
12260,236442,3,2002-11-13
12260,1823645,4,2003-12-03
12260,2288856,2,2002-12-28
12260,2473818,1,2004-01-24
12260,1646846,4,2004-06-23
12260,2216803,3,2004-02-08
12260,2176304,4,2003-11-03
12260,1692256,3,2004-05-23
12260,1698123,3,2003-11-19
12260,1666154,3,2003-12-16
12260,1036997,4,2004-10-08
12260,884300,4,2004-04-19
12260,308716,3,2004-12-28
12260,1305234,4,2005-01-02
12260,1667778,2,2005-01-04
12260,200565,3,2005-01-12
12260,1429816,5,2005-06-10
12260,1369971,5,2005-09-26
12260,1048813,5,2002-12-01
12260,1716209,3,2002-12-23
12260,375046,4,2002-09-25
12260,591184,4,2002-10-10
12260,1937878,1,2003-09-26
12260,750646,4,2004-09-16
12260,1405379,3,2003-05-28
12260,2247454,2,2003-05-07
12260,1181703,3,2004-04-17
12260,1941862,5,2005-09-06
12260,564375,4,2004-01-13
12260,683604,5,2003-10-19
12260,491513,4,2004-05-01
12260,844999,3,2004-05-23
12260,2029803,5,2004-08-04
12260,184162,3,2004-06-27
12260,1217897,3,2004-08-12
12260,360005,2,2004-12-17
12260,437909,4,2004-12-20
12260,797705,3,2005-01-03
12260,280280,2,2005-01-11
12260,625056,5,2005-02-10
12260,1197972,4,2005-02-13
12260,2119826,1,2005-09-22
12260,789014,1,2002-11-27
12260,2144766,2,2005-07-19
12260,2015053,4,2005-07-19
12260,869329,2,2003-03-20
12260,538495,4,2003-12-21
12260,798296,3,2002-09-14
12260,1972387,4,2004-06-10
12260,1829685,2,2002-11-27
12260,573605,5,2004-07-08
12260,491255,3,2003-03-11
12260,1840900,2,2004-01-01
12260,1074020,2,2003-01-17
12260,2430041,2,2003-03-20
12260,902299,3,2004-01-12
12260,2395345,5,2004-05-26
12260,1652435,3,2004-04-10
12260,1845847,4,2004-06-23
12260,91234,4,2004-09-28
12260,578782,3,2004-11-15
12260,247442,3,2005-01-24
12260,2243193,5,2005-01-28
12260,269307,3,2005-02-04
12260,1148130,5,2005-05-13
12260,1012955,4,2005-09-13
12260,416435,3,2005-10-07
12260,205982,4,2002-10-14
12260,1880039,5,2004-01-18
12260,16272,3,2002-09-18
12260,1062416,3,2002-09-25
12260,2006192,4,2003-09-25
12260,1182702,4,2002-11-28
12260,2571075,5,2003-11-16
12260,2436368,5,2004-08-20
12260,2056377,3,2003-02-20
12260,1836116,4,2003-11-20
12260,2074533,3,2003-10-21
12260,1511136,4,2004-07-16
12260,2330371,5,2003-12-07
12260,1055475,2,2003-12-29
12260,1321145,5,2004-04-06
12260,352793,4,2004-06-16
12260,2167515,2,2004-05-14
12260,2021943,5,2004-09-17
12260,399971,4,2004-10-02
12260,160247,3,2004-10-06
12260,560221,5,2004-10-21
12260,2440242,3,2004-12-06
12260,206564,3,2004-12-18
12260,18856,2,2005-01-19
12260,315560,2,2005-02-01
12260,982098,2,2005-02-07
12260,1582952,3,2005-02-07
12260,1608968,3,2005-03-02
12260,1353135,5,2005-06-12
12260,748962,5,2005-09-21
12260,2364883,5,2005-10-13
12260,804044,4,2005-07-22
12260,1885736,4,2005-07-28
12260,2453089,1,2003-12-30
12260,719598,4,2004-01-13
12260,1753194,3,2002-12-06
12260,60973,4,2003-11-01
12260,2622096,3,2004-04-17
12260,2184167,3,2003-12-30
12260,408765,2,2003-11-05
12260,2527740,4,2003-11-28
12260,2240832,2,2004-02-25
12260,2091116,4,2004-05-18
12260,836701,3,2004-07-13
12260,894205,3,2005-01-10
12260,1132093,4,2005-01-23
12260,2321890,4,2005-01-24
12260,1088988,2,2005-01-29
12260,217139,5,2005-02-03
12260,923970,4,2005-02-21
12260,1774934,5,2005-05-04
12260,2101198,5,2005-07-07
12260,1617329,4,2003-06-16
12260,1116290,4,2003-12-28
12260,54870,3,2002-10-05
12260,936113,4,2002-10-31
12260,1351421,3,2003-12-23
12260,517392,1,2003-12-16
12260,1992205,3,2004-05-13
12260,2299596,5,2004-07-05
12260,729150,4,2004-09-10
12260,173260,4,2004-10-05
12260,1507644,3,2004-10-06
12260,1043398,3,2004-10-10
12260,2056111,5,2004-11-06
12260,1735607,4,2004-11-11
12260,240762,4,2004-12-28
12260,2421912,4,2005-02-07
12260,2533530,4,2005-02-15
12260,415005,4,2005-05-20
12260,750263,4,2004-06-18
12260,2411869,3,2003-03-25
12260,393945,4,2003-01-24
12260,1391299,4,2004-08-14
12260,1494683,3,2003-10-23
12260,2178729,2,2004-01-11
12260,2385435,3,2003-12-21
12260,2556552,4,2004-04-12
12260,2346201,5,2004-05-17
12260,1557449,4,2005-01-02
12260,1438306,3,2005-01-13
12260,1355003,4,2005-01-13
12260,556100,3,2005-02-16
12260,2234687,3,2005-04-14
12260,2502329,1,2005-09-12
12260,2450551,5,2002-10-23
12260,144717,5,2004-08-30
12260,46187,3,2004-04-07
12260,2050590,2,2004-07-31
12260,334643,3,2002-09-14
12260,1283346,4,2003-01-17
12260,717980,2,2003-03-23
12260,413885,4,2003-12-30
12260,289278,2,2003-04-04
12260,11043,3,2003-12-08
12260,636429,4,2004-04-09
12260,164804,4,2004-04-06
12260,697867,3,2004-05-19
12260,2560014,3,2004-07-31
12260,8212,4,2004-09-29
12260,1821967,5,2004-10-10
12260,271064,4,2005-02-22
12260,1602112,5,2005-05-13
12260,1447844,3,2005-06-21
12260,1214955,4,2005-06-23
12260,1008927,4,2005-07-02
12260,832046,5,2005-10-26
12260,2497558,4,2004-05-16
12260,1381305,4,2005-07-26
12260,2207196,3,2003-01-10
12260,1952639,5,2004-04-21
12260,1131767,5,2004-02-18
12260,1497891,3,2003-12-28
12260,543880,3,2003-11-08
12260,852418,4,2003-08-07
12260,1535595,3,2004-04-08
12260,2546451,3,2003-12-29
12260,475537,2,2004-06-16
12260,278880,3,2004-06-01
12260,1911653,4,2004-03-26
12260,1558712,4,2004-04-26
12260,34413,4,2004-04-08
12260,120801,3,2004-10-10
12260,1606799,3,2004-11-05
12260,2591003,4,2005-01-07
12260,2508831,4,2005-01-11
12260,990533,3,2005-01-19
12260,1126892,5,2005-02-02
12260,529760,4,2005-06-01
12260,2599895,3,2005-10-10
12260,4783,3,2003-01-16
12260,2076250,4,2003-01-08
12260,2255117,3,2002-12-03
12260,827526,3,2003-10-20
12260,2045624,3,2003-10-29
12260,1715689,3,2005-07-29
12260,685687,4,2003-12-03
12260,2497423,4,2003-04-14
12260,1294471,1,2002-12-03
12260,1041187,3,2004-05-26
12260,4977,4,2004-05-11
12260,1492392,4,2003-11-10
12260,1508328,2,2004-04-22
12260,645373,4,2004-04-15
12260,1304766,5,2004-08-18
12260,1534677,4,2005-01-23
12260,101722,3,2005-06-21
12260,902175,3,2004-03-19
12260,314057,3,2003-01-09
12260,1774623,3,2002-08-23
12260,305344,3,2003-04-26
12260,2629002,3,2002-09-28
12260,2212144,2,2003-01-01
12260,2123058,4,2003-12-07
12260,415135,3,2004-01-18
12260,665822,5,2004-02-16
12260,80548,3,2004-05-05
12260,2616127,3,2003-12-23
12260,1810013,3,2004-01-18
12260,1416136,4,2004-08-21
12260,2614527,5,2004-06-18
12260,1537742,5,2004-09-29
12260,1181558,3,2004-10-02
12260,212367,4,2004-10-02
12260,904023,2,2004-12-22
12260,983558,4,2005-01-04
12260,1596727,4,2005-01-06
12260,1080426,4,2005-01-12
12260,2084507,5,2005-01-24
12260,632347,4,2005-02-06
12260,1983567,5,2005-05-31
12260,798319,2,2002-09-24
12260,1169007,4,2002-12-25
12260,915168,5,2003-06-03
12260,2360906,4,2003-03-31
12260,210185,4,2004-04-20
12260,2510054,3,2003-11-14
12260,1534444,1,2004-01-20
12260,1923189,4,2004-06-21
12260,847865,3,2004-06-02
12260,1529481,2,2004-04-09
12260,360376,3,2004-08-11
12260,211010,3,2004-09-28
12260,440555,2,2004-12-05
12260,747592,3,2003-04-02
12260,844028,5,2002-10-16
12260,2285454,4,2005-07-21
12260,1296959,5,2004-04-19
12260,1159683,4,2005-09-03
12260,412641,2,2004-08-01
12260,1957148,3,2003-06-12
12260,1373034,4,2002-12-10
12260,37456,1,2003-03-19
12260,2222151,5,2004-06-20
12260,2104114,4,2004-04-24
12260,1274768,2,2003-12-27
12260,1469524,5,2004-07-04
12260,1714630,3,2004-10-25
12260,1541780,4,2004-11-30
12260,1502648,3,2004-12-15
12260,2274547,5,2005-01-12
12260,897360,2,2005-01-24
12260,2043854,4,2005-05-24
12260,26430,4,2005-06-06
12260,2130179,4,2005-07-07
12260,949240,3,2004-02-06
12260,1762143,3,2004-06-17
12260,1585504,4,2002-11-30
12260,995240,4,2003-03-25
12260,2134111,5,2004-02-08
12260,1240094,2,2003-05-23
12260,218648,3,2004-03-23
12260,2276790,2,2004-01-28
12260,2353371,4,2004-09-19
12260,2094692,4,2004-10-09
12260,2409280,3,2005-01-19
12260,1784106,3,2005-01-28
12260,2220099,4,2005-02-07
12260,1419750,4,2005-02-20
12260,2076368,5,2005-03-02
12260,1038737,4,2002-09-15
12260,1653320,2,2002-10-15
12260,282654,3,2002-07-24
12260,524628,4,2002-11-04
12260,35996,4,2003-10-20
12260,196301,2,2003-10-01
12260,55339,3,2004-01-29
12260,1816566,5,2004-12-07
12260,753136,4,2004-12-16
12260,827240,1,2004-12-24
12260,1396901,4,2005-02-03
12260,2487272,4,2005-04-13
12260,2453988,5,2005-05-31
12260,1943174,5,2003-12-15
12260,74441,5,2003-01-12
12260,2508883,3,2004-06-30
12260,1450106,5,2002-09-17
12260,1836353,4,2004-04-05
12260,2106486,5,2003-02-12
12260,425626,2,2003-01-17
12260,2185762,4,2004-04-20
12260,685480,4,2004-09-14
12260,832928,4,2003-12-17
12260,1327112,4,2004-07-27
12260,464571,4,2003-12-17
12260,490882,3,2004-02-04
12260,1782693,4,2004-04-18
12260,469782,5,2004-09-24
12260,431915,4,2004-09-29
12260,2114185,1,2004-11-21
12260,1846220,2,2004-12-15
12260,35224,3,2005-01-09
12260,1497603,2,2005-02-12
12260,2470297,5,2005-03-08
12260,26762,3,2005-05-24
12260,2056901,4,2005-10-17
12260,2110025,3,2003-11-12
12260,1750358,3,2004-01-07
12260,2059696,4,2003-03-11
12260,869845,3,2003-01-16
12260,256278,1,2004-02-09
12260,63971,3,2003-10-24
12260,1256952,4,2003-09-17
12260,370179,2,2004-04-21
12260,1438606,4,2004-09-13
12260,1222913,3,2004-07-01
12260,2535663,3,2004-06-03
12260,22316,5,2004-08-05
12260,1251781,2,2004-10-18
12260,1537650,4,2004-10-21
12260,2380603,2,2004-11-24
12260,2509840,4,2004-12-13
12260,1725246,5,2005-01-25
12260,1216398,3,2005-01-25
12260,1539757,3,2005-01-30
12260,586652,5,2005-02-17
12260,2611470,3,2005-03-01
12260,2463820,3,2005-04-28
12260,549137,5,2005-07-03
12260,415125,5,2005-10-03
12260,1471593,3,2005-10-07
12260,161013,2,2003-04-16
12260,2105602,3,2004-04-15
12260,1288627,3,2002-09-15
12260,2244693,4,2004-04-22
12260,423304,3,2004-07-06
12260,2501215,5,2003-10-22
12260,2603460,2,2003-10-20
12260,844963,4,2003-12-22
12260,2128882,4,2004-06-02
12260,274639,4,2004-07-06
12260,2347992,4,2004-10-18
12260,2503033,3,2004-10-25
12260,588280,5,2004-11-07
12260,1391647,3,2004-11-27
12260,418026,4,2004-12-31
12260,2457269,4,2005-02-16
12260,137546,5,2005-02-27
12260,1233694,4,2005-03-01
12260,420297,5,2005-03-08
12260,716194,4,2005-04-03
12260,2258673,5,2005-10-09
12260,2257323,2,2003-12-24
12260,2090715,3,2004-08-06
12260,1431130,3,2002-10-13
12260,1551571,4,2004-04-26
12260,536793,1,2002-12-27
12260,2079894,3,2004-02-09
12260,1969716,4,2004-07-19
12260,2612187,4,2004-06-07
12260,1634654,1,2004-01-04
12260,572037,4,2004-06-04
12260,296755,4,2004-10-22
12260,894896,4,2004-11-12
12260,914070,2,2004-12-15
12260,2565643,3,2004-12-24
12260,2040501,3,2005-01-19
12260,2165037,4,2005-01-24
12260,2348555,2,2005-01-25
12260,1971788,4,2005-05-21
12260,300435,1,2005-05-26
12260,10268,4,2003-02-14
12260,1342328,4,2005-02-20
12260,639257,1,2003-01-15
12260,1551751,4,2002-12-21
12260,2343834,4,2003-01-26
12260,335223,1,2003-06-09
12260,230211,1,2004-04-10
12260,2260267,3,2004-07-02
12260,2111271,4,2004-08-07
12260,1568024,3,2003-11-05
12260,1978190,3,2004-05-19
12260,355916,3,2004-01-11
12260,2173818,4,2004-01-14
12260,712122,4,2004-09-08
12260,1387124,5,2004-09-23
12260,1774948,3,2004-10-25
12260,655601,2,2004-11-08
12260,914296,5,2004-12-07
12260,355078,4,2005-01-05
12260,634268,3,2005-01-19
12260,534713,3,2005-02-01
12260,194044,4,2005-02-02
12260,1643146,2,2005-02-04
12260,1126516,3,2005-02-21
12260,1442887,4,2005-03-22
12260,571278,3,2005-04-07
12260,2158814,3,2005-05-09
12260,1505004,3,2005-05-23
12260,2110213,1,2005-06-09
12260,19656,5,2005-11-03
12260,2269475,5,2005-07-05
12260,2085397,3,2004-03-07
12260,1779226,3,2004-01-28
12260,987785,1,2002-09-17
12260,1634917,3,2003-01-15
12260,850880,2,2004-08-05
12260,2172301,4,2004-06-09
12260,1722955,4,2004-05-13
12260,792339,4,2004-12-15
12260,1942527,3,2005-01-11
12260,1799431,4,2005-05-16
12260,2576015,4,2005-05-25
12260,2094114,5,2005-06-09
12260,1697451,4,2003-01-09
12260,2159557,4,2002-12-09
12260,1610936,4,2002-12-16
12260,2542792,3,2003-03-24
12260,1595693,2,2003-01-03
12260,2434919,4,2004-03-29
12260,2486520,2,2003-11-08
12260,428558,2,2004-05-16
12260,586428,1,2004-09-16
12260,2615152,3,2003-12-08
12260,1709353,1,2004-03-11
12260,1011513,2,2004-01-14
12260,1855732,2,2004-02-09
12260,1162071,5,2004-08-03
12260,1979820,3,2004-09-16
12260,2102700,2,2004-10-10
12260,1123618,2,2004-10-28
12260,97157,3,2004-11-16
12260,2359778,4,2004-12-20
12260,647111,2,2005-01-26
12260,530000,4,2005-02-11
12260,742261,4,2005-02-15
12260,2255861,5,2005-09-15
12260,1066078,4,2005-10-20
12260,2549156,2,2003-11-21
12260,657547,4,2004-06-30
12260,1431998,3,2004-08-13
12260,1697241,2,2004-01-01
12260,2085051,5,2003-10-16
12260,1770828,1,2004-01-18
12260,1452925,3,2003-12-03
12260,778170,3,2003-11-20
12260,1805778,2,2004-09-04
12260,887729,3,2004-09-24
12260,2454960,3,2004-10-16
12260,695414,4,2004-11-29
12260,1742381,2,2005-01-09
12260,1836827,4,2005-04-08
12260,1531105,1,2005-05-24
12260,480408,3,2005-09-12
12260,1212152,3,2005-11-17
12260,1484157,5,2003-01-25
12260,411512,3,2003-01-15
12260,858298,4,2003-05-08
12260,2318764,3,2004-05-20
12260,1085414,4,2003-10-27
12260,1046839,3,2003-10-26
12260,2540384,3,2003-08-16
12260,449226,3,2003-05-14
12260,295708,1,2003-11-04
12260,159159,3,2004-01-28
12260,1497344,4,2004-02-09
12260,1239467,5,2004-02-04
12260,740929,2,2004-11-19
12260,556576,4,2004-12-09
12260,24995,2,2005-02-03
12260,1871132,4,2005-02-16
12260,1786501,5,2005-03-21
12260,2258079,5,2005-05-22
12260,1556409,3,2005-06-27
12260,1977824,5,2005-01-05
12260,1294575,4,2003-10-17
12260,1198998,5,2002-10-08
12260,374422,4,2002-10-22
12260,551539,3,2003-08-19
12260,2492268,3,2004-06-18
12260,1675680,3,2003-10-22
12260,1533624,3,2004-04-09
12260,1440478,5,2004-06-08
12260,1373215,4,2004-01-08
12260,788395,5,2004-05-28
12260,2397396,4,2004-07-08
12260,1418874,3,2004-08-24
12260,2188622,5,2004-10-17
12260,44969,4,2004-10-20
12260,2452050,3,2004-11-09
12260,1209157,3,2004-11-17
12260,329860,5,2004-11-22
12260,1081194,4,2004-11-30
12260,859907,4,2005-01-19
12260,802019,5,2005-02-18
12260,1012947,4,2005-05-09
12260,1656649,5,2005-06-01
12260,1012651,3,2005-09-10
12260,772605,3,2005-10-25
12260,2554860,3,2003-01-15
12260,1403018,4,2004-06-02
12260,1930402,4,2004-01-29
12260,2371929,3,2002-09-17
12260,2518760,4,2004-08-06
12260,1604964,4,2004-02-05
12260,300908,5,2004-10-26
12260,2516636,3,2004-11-10
12260,1630882,4,2004-11-12
12260,94879,4,2005-01-12
12260,1564200,3,2005-02-03
12260,502067,5,2005-06-01
12260,1431356,4,2005-02-20
12260,1848938,3,2004-01-29
12260,589682,4,2002-10-03
12260,109023,4,2003-01-05
12260,2360300,3,2004-05-08
12260,1863511,2,2003-06-25
12260,317325,3,2004-04-24
12260,1363447,4,2005-02-18
12260,1961172,3,2005-08-30
12260,980292,4,2004-08-28
12260,1556712,5,2004-04-25
12260,2126215,4,2004-01-09
12260,1605780,1,2004-04-22
12260,1723068,3,2004-07-05
12260,2405523,4,2004-09-24
12260,1720535,1,2004-10-10
12260,1968161,2,2004-10-22
12260,861322,4,2004-11-10
12260,594244,3,2004-11-11
12260,1294335,5,2004-11-22
12260,1412712,4,2004-03-26
12260,227151,4,2002-10-24
12260,1945316,4,2004-01-21
12260,537691,2,2002-10-01
12260,908661,3,2005-08-05
12260,66392,3,2002-10-04
12260,1783225,4,2003-11-24
12260,131513,3,2003-01-20
12260,1319949,4,2004-08-29
12260,152553,5,2004-06-23
12260,2252846,4,2005-08-26
12260,1212086,4,2003-06-14
12260,781860,4,2004-07-12
12260,402266,3,2004-07-08
12260,2255877,3,2004-08-10
12260,2350141,3,2004-10-25
12260,2598647,3,2004-11-29
12260,2601112,4,2004-12-03
12260,280622,4,2004-12-27
12260,1000410,3,2005-01-06
12260,1431104,3,2005-01-08
12260,2557152,4,2005-02-08
12260,133993,3,2005-02-16
12260,490057,3,2002-10-31
12260,752642,2,2002-09-28
12260,282887,2,2004-01-07
12260,2006715,4,2004-01-16
12260,1772964,4,2002-10-14
12260,542817,1,2002-09-19
12260,2378666,2,2003-11-13
12260,1892942,3,2003-12-12
12260,1026479,4,2004-10-08
12260,671338,2,2004-11-23
12260,2556396,5,2005-01-01
12260,235688,5,2005-01-07
12260,1717979,4,2005-01-31
12260,1562980,4,2005-05-25
12260,183880,4,2005-05-28
12260,130969,2,2005-10-04
12260,1918910,3,2003-12-15
12260,946972,3,2002-11-07
12260,1188440,2,2004-01-20
12260,2192324,1,2003-07-07
12260,763240,4,2003-01-17
12260,44300,1,2003-12-07
12260,1638987,2,2003-05-27
12260,2493238,5,2004-08-01
12260,239887,2,2004-01-21
12260,2587909,1,2003-11-28
12260,1512175,3,2004-08-03
12260,5107,3,2004-09-27
12260,2590072,3,2005-01-19
12260,367152,4,2005-01-21
12260,1622827,4,2005-01-24
12260,2122411,3,2005-02-06
12260,238432,3,2005-03-08
12260,805207,4,2003-01-25
12260,1459851,2,2003-11-14
12260,2472010,3,2005-08-07
12260,1537868,4,2004-07-02
12260,2614156,5,2003-10-17
12260,323005,4,2004-06-13
12260,460500,4,2005-01-10
12260,2297058,4,2005-01-19
12260,889674,4,2005-02-03
12260,341977,4,2005-02-13
12260,1501422,2,2005-03-20
12260,1836600,5,2005-04-05
12260,2332857,4,2005-05-02
12260,105802,4,2005-05-04
12260,600694,4,2005-06-29
12260,1069088,1,2003-01-20
12260,1244123,4,2002-09-27
12260,848324,4,2004-05-26
12260,707558,5,2002-12-31
12260,1404717,4,2003-12-17
12260,1127601,4,2003-06-09
12260,1306287,3,2004-07-12
12260,110521,3,2003-01-12
12260,2255880,2,2003-05-10
12260,2503967,3,2004-07-23
12260,524863,5,2003-05-13
12260,162575,1,2004-02-17
12260,1935445,3,2004-05-10
12260,529629,5,2004-05-23
12260,1836939,5,2004-10-05
12260,742766,4,2004-12-19
12260,2514270,3,2004-12-27
12260,1060623,3,2005-01-11
12260,537341,2,2005-01-19
12260,17864,3,2003-04-26
12260,1179982,2,2004-02-20
12260,453863,3,2004-07-22
12260,694235,4,2003-05-19
12260,1264424,5,2003-07-17
12260,2258897,3,2004-08-13
12260,511401,1,2004-07-25
12260,2176229,3,2004-06-16
12260,2022748,2,2004-09-26
12260,1384373,4,2004-09-28
12260,1239055,3,2004-11-06
12260,802539,3,2004-11-12
12260,1152249,3,2005-03-14
12260,1561960,1,2005-01-29
12260,397001,5,2005-02-01
12260,1081152,2,2005-02-26
12260,1344526,5,2005-11-10
12260,121182,3,2002-09-17
12260,91176,2,2003-12-28
12260,1621754,3,2002-11-11
12260,2293307,2,2002-08-23
12260,2311775,4,2005-08-06
12260,2321519,1,2002-10-25
12260,2439640,4,2003-01-25
12260,624270,4,2003-12-28
12260,2056022,2,2003-02-12
12260,1551180,4,2003-11-18
12260,1855652,4,2005-08-18
12260,1464523,4,2003-07-25
12260,1982344,5,2004-06-02
12260,1902131,2,2004-01-12
12260,1323717,4,2004-04-10
12260,2535512,2,2004-08-13
12260,4597,4,2004-09-21
12260,1660356,3,2004-10-02
12260,1299338,3,2004-10-14
12260,1573880,4,2004-12-08
12260,1330588,3,2004-12-14
12260,1124753,2,2004-12-14
12260,400440,3,2004-12-16
12260,326356,3,2005-01-25
12260,1414072,4,2005-02-01
12260,123356,3,2005-02-07
12260,1296800,3,2005-02-17
12260,2458087,3,2005-05-26
12260,2581398,4,2005-09-29
12260,1185653,3,2005-10-11
12260,1321918,5,2003-01-22
12260,1118824,5,2002-09-15
12260,2486146,2,2003-04-01
12260,2444174,3,2003-05-30
12260,1850690,5,2002-12-19
12260,273054,4,2002-10-11
12260,241391,5,2003-02-14
12260,891800,5,2004-04-06
12260,1076760,5,2004-08-13
12260,1955076,5,2003-12-01
12260,336645,3,2004-04-06
12260,784283,3,2004-11-08
12260,2000004,3,2004-12-28
12260,2633388,4,2005-01-19
12260,2448021,4,2005-01-19
12260,80325,4,2005-02-03
12260,1676845,4,2005-03-01
12260,1299355,5,2005-05-17
12260,1312412,3,2002-09-18
12260,1882180,5,2003-01-03
12260,1838184,4,2005-07-24
12260,2064995,4,2002-09-16
12260,1529772,3,2003-10-17
12260,1327900,3,2003-05-12
12260,1851539,3,2003-06-03
12260,1675643,4,2003-12-02
12260,577920,4,2004-04-20
12260,1081393,4,2004-02-26
12260,369475,5,2004-08-01
12260,745449,3,2004-07-29
12260,307427,3,2004-12-07
12260,242206,4,2005-01-03
12260,1416948,3,2005-01-03
12260,2525782,4,2005-01-20
12260,2059769,4,2005-02-01
12260,360846,1,2005-02-08
12260,1002780,4,2005-02-11
12260,2366900,4,2005-03-07
12260,2280423,5,2005-05-26
12260,1156415,5,2005-10-21
12260,578191,1,2004-04-11
12260,47236,2,2003-11-23
12260,1267699,4,2002-10-03
12260,508335,5,2004-01-03
12260,140284,5,2004-04-22
12260,1298086,3,2004-08-11
12260,2117432,2,2004-02-08
12260,241630,4,2004-05-26
12260,1282366,5,2004-05-31
12260,458422,5,2004-10-23
12260,1550359,3,2004-10-27
12260,1802619,5,2005-01-06
12260,2264638,4,2005-01-19
12260,1814870,3,2005-01-19
12260,34631,4,2005-06-27
12260,296506,4,2005-10-02
12260,1908325,4,2004-09-06
12260,2226220,2,2004-07-23
12260,599584,2,2002-10-16
12260,844375,5,2004-09-15
12260,604078,4,2002-09-18
12260,985009,4,2003-03-23
12260,129097,3,2004-02-07
12260,556508,1,2003-12-29
12260,1885319,1,2004-01-02
12260,1817346,3,2004-01-02
12260,576590,5,2004-05-20
12260,119873,3,2004-03-06
12260,346760,5,2004-04-06
12260,911185,5,2004-04-26
12260,671575,4,2004-06-17
12260,2375687,4,2004-11-30
12260,1033731,4,2004-12-12
12260,571460,5,2004-12-27
12260,380236,5,2005-01-20
12260,626826,5,2005-01-24
12260,758383,4,2005-02-22
12260,2254502,3,2004-06-22
12260,1979447,2,2003-11-20
12260,735859,3,2003-11-12
12260,639210,3,2004-01-06
12260,315561,5,2003-06-21
12260,663071,4,2005-08-15
12260,1354717,2,2003-12-02
12260,2057144,4,2004-04-24
12260,493842,4,2004-05-25
12260,4306,3,2004-05-12
12260,733746,4,2004-01-08
12260,940310,3,2004-02-09
12260,411290,5,2004-01-09
12260,2450534,2,2004-04-06
12260,2105872,2,2004-06-02
12260,390856,5,2004-04-08
12260,774250,3,2004-06-06
12260,1456916,4,2004-08-09
12260,1432044,3,2004-09-29
12260,1352666,3,2004-11-11
12260,2614431,2,2005-01-03
12260,1830265,3,2005-01-13
12260,1875549,3,2005-01-29
12260,1259296,3,2005-02-08
12260,433891,4,2005-02-18
12260,1045232,4,2005-02-27
12260,2243450,4,2005-05-31
12260,948230,3,2005-09-27
12260,1530133,4,2005-07-06
12260,1617225,3,2005-07-19
12260,1487760,4,2005-07-25
12260,1112977,3,2004-06-26
12260,2262335,2,2002-11-24
12260,1943826,4,2004-05-05
12260,2126762,3,2004-01-28
12260,1230845,2,2004-02-07
12260,1795110,3,2004-07-09
12260,1001736,5,2004-09-06
12260,1093643,5,2004-10-25
12260,2631260,4,2004-11-14
12260,702403,4,2004-12-19
12260,593867,3,2004-12-23
12260,2137106,3,2005-01-03
12260,297262,4,2005-01-09
12260,2110111,4,2005-01-22
12260,2545730,4,2005-05-31
12260,1640608,5,2005-10-18
12260,2304974,5,2004-06-28
12260,1237971,3,2004-04-26
12260,204236,4,2004-02-16
12260,1909826,2,2003-03-15
12260,69528,3,2005-08-20
12260,828344,3,2003-12-19
12260,729927,4,2003-12-04
12260,2406895,4,2003-06-03
12260,1807774,5,2003-12-02
12260,2220732,1,2003-12-28
12260,16800,4,2004-07-29
12260,624388,3,2004-10-04
12260,2588416,4,2004-10-22
12260,1232888,5,2004-12-01
12260,1213065,4,2004-12-07
12260,141899,2,2004-12-20
12260,161791,5,2004-12-27
12260,2225876,4,2005-01-03
12260,1317231,2,2005-01-27
12260,2648869,3,2005-01-31
12260,1866323,2,2005-05-24
12260,1261789,4,2003-11-27
12260,1519378,5,2005-02-06
12260,2006759,4,2004-05-20
12260,1284016,2,2004-01-12
12260,1034381,4,2003-11-02
12260,1930954,4,2002-10-06
12260,2246117,1,2003-03-25
12260,1443908,2,2002-11-14
12260,690741,5,2002-12-30
12260,2376328,5,2004-06-12
12260,2392333,3,2003-11-19
12260,824546,4,2003-11-24
12260,1389153,1,2004-01-07
12260,2029168,3,2004-01-18
12260,408046,3,2004-02-10
12260,968832,1,2004-09-29
12260,1448572,5,2004-12-06
12260,17462,2,2004-12-12
12260,1401665,1,2004-12-25
12260,240447,3,2004-12-31
12260,115525,3,2005-01-25
12260,2338230,4,2005-04-06
12260,373371,3,2003-01-19
12260,1080635,4,2004-05-24
12260,1879437,4,2003-01-03
12260,1262145,3,2005-08-14
12260,502614,4,2005-01-19
12260,1706873,4,2004-04-25
12260,780783,5,2005-02-23
12260,489488,3,2004-04-27
12260,836850,4,2004-01-15
12260,2512427,4,2004-09-17
12260,1415903,1,2004-11-05
12260,1528396,3,2004-11-07
12260,2011545,4,2004-11-19
12260,1497096,2,2004-11-23
12260,1626426,5,2004-12-06
12260,10470,4,2004-12-07
12260,1602325,3,2004-12-22
12260,2143764,3,2005-01-19
12260,1298173,5,2005-02-13
12260,2221981,5,2005-02-15
12260,2102905,4,2005-02-15
12260,1798943,4,2005-04-26
12260,2273,5,2005-06-07
12260,461358,3,2005-06-22
12260,1806515,3,2005-09-12
12260,30926,2,2004-02-09
12260,218132,2,2004-01-11
12260,713326,3,2003-05-07
12260,523779,2,2002-10-12
12260,1920548,3,2005-07-28
12260,1296497,3,2002-10-07
12260,2297386,5,2002-07-15
12260,1179801,2,2003-04-25
12260,2245480,4,2004-06-14
12260,2644536,5,2004-01-13
12260,690939,5,2003-11-28
12260,2476470,3,2004-05-24
12260,2607295,5,2004-09-12
12260,1418521,3,2004-08-06
12260,30941,4,2004-09-18
12260,1184498,4,2004-10-14
12260,2013164,2,2004-11-04
12260,1934139,5,2004-12-19
12260,281424,3,2004-12-21
12260,1636781,3,2005-01-05
12260,1712605,4,2005-01-06
12260,2368300,4,2005-01-07
12260,1612701,4,2005-01-09
12260,2272523,3,2005-01-19
12260,2113356,4,2005-02-01
12260,1330494,4,2003-05-25
12260,374238,2,2003-01-06
12260,861911,2,2002-12-31
12260,876910,1,2002-11-19
12260,673187,4,2002-08-20
12260,2061495,3,2003-12-23
12260,75818,2,2003-01-07
12260,424947,3,2004-05-21
12260,149891,3,2004-08-27
12260,2649336,3,2004-06-30
12260,311234,2,2004-02-05
12260,1906568,4,2004-01-26
12260,544290,5,2004-10-11
12260,168523,1,2004-11-08
12260,51411,4,2005-02-03
12260,230967,3,2002-12-15
12260,1460630,4,2002-10-17
12260,2254751,3,2004-09-07
12260,2090850,2,2002-12-19
12260,1777599,3,2002-11-12
12260,387418,1,2003-10-16
12260,2477546,4,2003-09-30
12260,2336203,2,2004-07-23
12260,524985,4,2004-01-09
12260,872408,2,2003-12-10
12260,1749426,3,2004-06-02
12260,2188443,4,2004-04-10
12260,588531,3,2005-01-12
12260,2255950,3,2004-10-29
12260,1580437,4,2004-12-08
12260,1342591,3,2005-01-19
12260,1235326,4,2005-02-11
12260,2341679,5,2005-06-18
12260,849923,4,2005-09-28
12260,2352636,4,2005-07-14
12260,2222089,4,2002-12-20
12260,725721,4,2002-11-15
12260,669468,3,2003-01-18
12260,1834423,5,2004-06-25
12260,202659,3,2004-06-21
12260,690754,3,2004-04-21
12260,146987,5,2003-06-10
12260,873134,3,2004-01-04
12260,2246362,4,2003-12-09
12260,870288,3,2004-04-09
12260,1011940,5,2004-06-21
12260,88006,3,2004-09-21
12260,1351112,4,2004-09-23
12260,1835026,3,2004-09-29
12260,1232634,4,2005-01-11
12260,1246775,3,2005-01-26
12260,2257189,3,2005-02-21
12260,1513926,4,2005-03-21
12260,1481993,4,2005-04-01
12260,2588755,3,2005-05-18
12260,912577,3,2002-10-29
12260,340618,4,2002-12-26
12260,2298508,3,2002-10-16
12260,1287727,4,2004-09-08
12260,803605,3,2003-01-11
12260,1405557,3,2002-10-18
12260,429260,2,2002-09-23
12260,2426830,4,2004-06-03
12260,676989,3,2003-11-10
12260,590473,4,2004-09-09
12260,1803697,2,2005-08-24
12260,1436573,5,2004-08-04
12260,1906516,3,2003-12-08
12260,1301132,4,2004-01-08
12260,1043135,3,2003-12-17
12260,397212,4,2004-04-16
12260,398660,4,2004-09-13
12260,2053907,5,2004-06-01
12260,295520,3,2004-11-08
12260,1827621,2,2004-11-08
12260,1556566,5,2004-11-20
12260,2520933,2,2004-11-23
12260,2051980,4,2005-02-01
12260,1010609,4,2005-02-05
12260,467622,5,2005-05-15
12260,2381134,5,2005-06-15
12260,2158527,2,2003-05-24
12260,2196083,4,2002-12-06
12260,1476295,2,2003-02-27
12260,2311296,4,2003-11-18
12260,1078954,4,2003-07-11
12260,264234,4,2004-02-07
12260,1587747,4,2004-06-04
12260,860995,1,2004-04-26
12260,346937,5,2004-05-01
12260,2004870,4,2004-10-19
12260,933266,4,2004-10-29
12260,307806,3,2004-11-11
12260,2565300,3,2004-11-12
12260,1876141,2,2004-12-18
12260,2544565,1,2005-01-02
12260,97611,3,2005-01-30
12260,2272954,2,2005-02-02
12260,114182,1,2005-02-13
12260,2376106,5,2005-02-20
12260,1026258,4,2005-05-18
12260,912204,5,2005-11-16
12260,1296689,4,2002-12-01
12260,617493,4,2002-11-20
12260,525654,1,2002-09-15
12260,421509,3,2004-05-21
12260,1833897,3,2003-05-22
12260,1995463,3,2003-12-08
12260,2214251,4,2003-11-20
12260,2296718,3,2004-05-25
12260,1867416,4,2004-08-26
12260,2384834,3,2004-09-27
12260,1486911,4,2004-09-28
12260,952636,3,2004-10-18
12260,1306646,5,2005-01-03
12260,2370719,3,2005-03-22
12260,1749656,3,2004-01-18
12260,311070,3,2005-12-22
12260,1013077,3,2002-11-20
12260,1427259,4,2002-11-02
12260,1836027,3,2003-10-26
12260,1919986,3,2004-07-13
12260,915926,1,2002-12-17
12260,1706487,3,2003-04-25
12260,785992,1,2004-05-11
12260,1130233,3,2004-03-08
12260,359255,3,2004-05-16
12260,822041,4,2004-02-11
12260,1932594,2,2004-04-27
12260,2215788,4,2004-06-14
12260,794999,5,2004-06-08
12260,40445,4,2004-07-24
12260,1975414,3,2004-12-12
12260,1273881,5,2004-12-20
12260,492291,3,2004-12-24
12260,1578405,4,2005-01-03
12260,2528792,2,2005-01-06
12260,1026604,5,2005-01-09
12260,2054421,3,2005-01-26
12260,2548147,5,2005-01-30
12260,2445183,3,2005-10-11
12260,958687,3,2003-01-07
12260,1672386,3,2004-06-06
12260,1174107,2,2003-06-12
12260,356615,3,2002-09-12
12260,533849,4,2003-02-13
12260,155159,1,2003-01-25
12260,1922115,1,2003-07-11
12260,2065759,4,2004-07-12
12260,1762695,1,2004-06-24
12260,637631,5,2003-11-29
12260,1073300,2,2004-01-10
12260,1333911,5,2004-08-28
12260,487920,5,2004-02-29
12260,1884698,4,2004-11-16
12260,1050200,3,2004-10-12
12260,565986,4,2004-11-01
12260,1409759,3,2004-11-03
12260,654022,4,2004-11-15
12260,271971,4,2004-11-15
12260,1734507,3,2004-12-01
12260,1173092,3,2005-01-03
12260,2296816,2,2005-01-19
12260,756162,5,2005-05-24
12260,915103,3,2003-01-08
12260,1609195,4,2003-01-06
12260,1715603,4,2002-10-21
12260,1854495,4,2003-04-15
12260,1333546,3,2003-01-25
12260,640795,5,2004-07-28
12260,1720763,4,2005-08-17
12260,324148,2,2003-12-22
12260,614897,5,2003-04-06
12260,94041,1,2003-11-25
12260,1244268,3,2003-11-26
12260,2213256,1,2004-03-16
12260,1918987,3,2004-10-17
12260,451743,4,2004-12-15
12260,519020,5,2005-01-05
12260,1970422,5,2005-02-02
12260,390505,4,2005-04-01
12260,1007118,3,2005-04-11
12260,134065,2,2005-05-24
12260,1040662,5,2005-06-07
12260,2209849,3,2005-06-10
12260,1447743,2,2003-01-23
12260,57697,4,2003-05-12
12260,2404750,4,2003-01-18
12260,1663888,5,2003-11-03
12260,162303,5,2005-08-15
12260,2535089,3,2003-04-17
12260,1802414,4,2003-10-24
12260,116140,4,2004-02-05
12260,2147262,5,2004-07-19
12260,2471527,2,2004-10-26
12260,1738284,4,2004-12-21
12260,1311001,3,2005-02-16
12260,2009400,4,2005-12-14
12260,2186836,4,2005-07-07
12260,2495108,5,2002-10-28
12260,820670,2,2002-10-07
12260,1461435,1,2003-01-12
12260,292654,5,2002-11-23
12260,2068034,3,2002-10-07
12260,1450883,4,2003-05-19
12260,863734,2,2005-08-15
12260,1190765,2,2004-04-06
12260,2151845,3,2003-05-18
12260,1846139,4,2003-10-26
12260,241068,2,2004-08-31
12260,1036692,4,2004-03-05
12260,202572,2,2004-08-03
12260,1995067,5,2004-11-21
12260,1163477,3,2005-05-22
12260,1550961,3,2005-05-29
12260,2438449,4,2005-11-01
12260,1416389,3,2003-12-03
12260,1290993,1,2003-01-13
12260,430641,4,2005-07-31
12260,2084600,1,2003-07-16
12260,2124351,3,2002-12-28
12260,924352,5,2003-10-19
12260,1055656,2,2004-01-02
12260,1883836,2,2004-01-16
12260,1495878,4,2003-12-08
12260,809298,5,2004-05-12
12260,1307268,4,2004-05-30
12260,2374589,3,2004-06-15
12260,621908,3,2004-09-15
12260,560599,5,2004-11-10
12260,1733594,1,2004-11-27
12260,2437756,4,2005-01-21
12260,266867,3,2005-02-05
12260,2167752,3,2005-02-10
12260,1563438,2,2005-09-14
12260,62694,4,2005-07-06
12260,1902897,5,2002-12-15
12260,1057992,2,2003-03-31
12260,2456295,3,2003-01-07
12260,1293514,4,2004-01-15
12260,2170206,2,2002-12-19
12260,1895554,3,2003-12-27
12260,2348236,4,2004-02-04
12260,89809,4,2004-07-08
12260,460258,1,2004-09-28
12260,2393366,3,2004-10-11
12260,1931847,4,2004-12-27
12260,385195,5,2005-01-19
12260,1339032,4,2005-01-30
12260,906826,1,2005-02-07
12260,238115,4,2005-05-14
12260,714507,5,2005-05-28
12260,1575181,4,2005-06-17
12260,2262963,4,2003-05-28
12260,1173289,2,2003-01-23
12260,1399249,3,2003-12-01
12260,151004,3,2002-09-15
12260,1885547,3,2004-02-09
12260,410076,1,2003-06-14
12260,1925397,4,2003-12-03
12260,694284,5,2003-01-02
12260,1688316,1,2003-01-09
12260,445900,1,2004-07-30
12260,2613654,4,2003-11-16
12260,372743,3,2003-12-16
12260,341868,4,2004-06-02
12260,1834875,4,2004-02-13
12260,1820593,3,2004-01-14
12260,1098238,3,2004-01-13
12260,480499,3,2004-04-27
12260,1872980,3,2004-08-29
12260,426605,3,2004-08-28
12260,573928,3,2004-10-26
12260,378078,3,2004-11-01
12260,485501,4,2004-11-29
12260,1892868,3,2005-01-24
12260,434605,2,2005-04-01
12260,2236180,2,2005-04-07
12260,779720,3,2005-04-17
12260,667231,4,2005-05-05
12260,1182765,3,2005-11-18
12260,761580,3,2005-07-07
12260,228978,5,2002-11-19
12260,1835511,3,2003-11-25
12260,660487,3,2002-11-09
12260,2214487,4,2002-09-16
12260,1339501,3,2005-08-01
12260,2013443,5,2004-02-04
12260,1935323,4,2003-10-16
12260,2034632,4,2003-11-24
12260,2279264,4,2004-06-23
12260,628089,3,2004-03-23
12260,2361118,1,2003-12-12
12260,1056238,3,2004-07-07
12260,2061156,4,2004-06-11
12260,713536,3,2004-10-10
12260,606207,2,2004-11-14
12260,1014889,4,2004-12-29
12260,81890,4,2005-01-24
12260,1512938,4,2005-01-28
12260,401206,5,2005-02-03
12260,1163386,5,2005-03-17
12260,2544521,5,2005-04-17
12260,332703,5,2005-05-09
12260,1583150,5,2005-11-15
12260,1972735,5,2002-12-07
12260,774088,3,2003-02-11
12260,1639792,2,2002-09-15
12260,1233297,3,2003-07-05
12260,137362,5,2002-07-31
12260,101554,4,2002-10-29
12260,432949,2,2002-10-08
12260,2489436,3,2003-02-26
12260,2513271,3,2004-06-29
12260,1318289,3,2003-11-10
12260,2156931,1,2005-08-31
12260,1112208,5,2004-02-21
12260,524792,5,2004-09-25
12260,2190400,4,2004-12-29
12260,2148958,4,2005-01-27
12260,86636,3,2005-02-01
12260,2165019,5,2005-05-05
12260,341838,3,2005-05-18
12260,2086749,4,2005-06-24
12260,1423541,4,2005-07-05
12260,1868345,5,2005-07-12
12260,2607018,4,2003-11-14
12260,173613,4,2004-02-03
12260,57633,2,2002-12-17
12260,2346284,3,2002-12-10
12260,788189,5,2003-02-24
12260,2124138,3,2003-10-16
12260,2404773,5,2004-04-09
12260,1868129,4,2003-09-19
12260,232377,3,2003-10-28
12260,1631730,3,2003-11-29
12260,1855677,4,2004-08-27
12260,996167,3,2004-06-29
12260,744319,4,2004-10-04
12260,1417112,5,2005-03-03
12260,922278,4,2005-03-15
12260,2617557,5,2005-03-28
12260,892176,3,2005-06-13
12260,2268620,5,2002-10-02
12260,790471,4,2003-01-12
12260,565161,2,2003-01-09
12260,772426,2,2004-04-13
12260,1507727,2,2002-09-18
12260,507519,3,2004-06-18
12260,2017112,1,2002-11-21
12260,1342168,4,2004-01-19
12260,1523894,4,2002-12-23
12260,817878,2,2004-01-09
12260,399533,2,2003-01-16
12260,516686,3,2005-02-19
12260,2378642,5,2003-10-08
12260,509864,3,2003-11-08
12260,1368086,5,2004-04-25
12260,744795,4,2004-01-02
12260,1114889,5,2004-06-13
12260,20036,4,2004-11-23
12260,1189474,1,2005-01-30
12260,2143500,2,2005-02-17
12260,744875,3,2005-02-23
12260,196069,3,2003-12-26
12260,1591210,3,2004-08-28
12260,2325432,2,2002-11-26
12260,1062068,2,2002-12-22
12260,1234382,4,2004-01-12
12260,594094,4,2003-12-02
12260,162473,1,2002-11-25
12260,903666,4,2004-01-08
12260,969785,1,2003-10-23
12260,2615036,2,2003-12-01
12260,1930717,3,2004-04-09
12260,1328814,4,2004-05-11
12260,811530,4,2004-08-09
12260,2107407,5,2004-10-25
12260,184228,5,2004-10-26
12260,1627496,4,2004-11-01
12260,779492,3,2002-08-26
12260,1723456,5,2005-07-26
12260,2378918,4,2002-11-11
12260,551584,2,2003-04-06
12260,2429762,5,2003-08-02
12260,759729,1,2003-12-18
12260,2637736,2,2004-04-23
12260,261835,4,2003-12-15
12260,794738,2,2004-07-30
12260,2154110,5,2004-04-11
12260,511724,2,2004-10-11
12260,2299436,4,2004-10-16
12260,46140,5,2005-01-10
12260,234672,3,2005-01-10
12260,650350,4,2005-01-31
12260,765766,4,2005-05-22
12260,157806,5,2005-05-27
12260,2258440,5,2005-06-20
12260,558924,3,2004-08-09
12260,2366625,5,2003-03-27
12260,240748,3,2002-09-21
12260,2562286,3,2002-12-17
12260,2352586,3,2002-12-27
12260,1079152,5,2002-07-16
12260,1173570,2,2002-09-22
12260,1876615,4,2004-09-15
12260,2429160,2,2003-08-25
12260,1116107,1,2002-10-27
12260,1814879,3,2003-04-24
12260,986800,2,2003-07-02
12260,1771658,4,2003-01-12
12260,1363778,4,2003-10-25
12260,2122377,4,2005-08-26
12260,143938,1,2003-07-04
12260,1496560,4,2004-03-23
12260,2477652,3,2003-12-13
12260,2150722,4,2004-04-08
12260,526341,3,2004-09-16
12260,255033,3,2004-08-10
12260,923631,4,2004-09-17
12260,511264,3,2004-12-01
12260,1168238,3,2004-12-07
12260,2044185,4,2005-01-19
12260,485639,3,2005-02-25
12260,1692639,4,2005-09-07
12260,2202169,4,2005-10-09
12260,1436065,4,2004-01-07
12260,1794840,3,2003-03-08
12260,1348653,4,2003-12-24
12260,40136,3,2005-08-13
12260,2001326,2,2003-11-18
12260,242681,3,2003-11-01
12260,2493008,3,2004-09-02
12260,1944505,2,2003-11-25
12260,1282240,5,2004-01-12
12260,2283211,5,2004-05-26
12260,1098176,4,2004-06-07
12260,1794799,5,2004-09-22
12260,1605937,5,2004-10-11
12260,2469431,5,2004-10-18
12260,760943,2,2005-09-27
12260,1730100,4,2004-12-17
12260,1715942,1,2004-12-28
12260,2396324,3,2005-01-24
12260,1692974,4,2005-01-27
12260,2526741,4,2005-01-28
12260,512278,4,2004-04-13
12260,1643133,4,2005-08-05
12260,1160896,4,2004-08-30
12260,928156,5,2002-12-31
12260,2158545,5,2005-01-19
12260,1707198,2,2003-11-25
12260,1311651,2,2004-02-02
12260,296936,3,2003-12-10
12260,115691,3,2004-01-14
12260,1852040,2,2004-04-13
12260,1225100,3,2004-01-03
12260,973216,5,2004-06-25
12260,1176777,4,2004-10-07
12260,986111,5,2004-10-19
12260,878821,4,2004-10-22
12260,1910601,5,2004-10-26
12260,206640,5,2004-12-21
12260,431015,4,2005-01-06
12260,751917,5,2005-02-22
12260,665128,5,2005-04-03
12260,2225278,3,2005-04-28
12260,808489,4,2005-05-17
12260,2554739,3,2005-06-02
12260,1515932,2,2005-06-10
12260,2190079,5,2005-06-28
12260,1212565,5,2005-09-07
12260,767692,5,2005-11-05
12260,1193400,5,2005-07-17
12260,2116484,3,2004-04-26
12260,378468,3,2004-02-20
12260,711263,2,2002-10-05
12260,459107,3,2003-12-30
12260,1296263,5,2003-11-16
12260,1396717,1,2002-10-30
12260,2430599,3,2005-08-09
12260,27753,4,2004-05-11
12260,1340633,4,2003-10-20
12260,2496250,4,2004-06-17
12260,1818516,4,2004-06-30
12260,1053115,3,2004-04-16
12260,1277423,4,2004-08-29
12260,8524,5,2004-07-04
12260,1062414,4,2004-10-01
12260,2609372,4,2004-11-03
12260,918028,4,2004-11-22
12260,337063,5,2004-12-06
12260,2614351,3,2004-12-29
12260,2075925,4,2004-12-31
12260,501667,1,2005-01-19
12260,1787721,3,2005-01-21
12260,850499,4,2005-02-15
12260,926783,4,2005-06-23
12260,1987400,3,2005-09-14
12260,83926,4,2005-12-19
12260,1039555,2,2002-11-29
12260,448827,5,2004-05-27
12260,1599807,4,2003-04-04
12260,1836871,5,2002-07-17
12260,2426066,4,2003-10-16
12260,1257454,2,2004-05-10
12260,2208977,3,2003-01-14
12260,229439,3,2003-10-21
12260,1256654,5,2003-01-08
12260,2207914,2,2003-09-16
12260,1193917,2,2004-05-03
12260,422229,5,2003-10-21
12260,1634219,4,2004-08-20
12260,195059,1,2004-08-01
12260,1306553,4,2004-06-25
12260,520132,3,2004-09-20
12260,729029,2,2004-10-03
12260,316155,2,2004-10-08
12260,706870,4,2004-10-13
12260,239740,5,2004-10-15
12260,1820110,5,2005-01-03
12260,441248,4,2004-11-14
12260,279477,1,2004-11-29
12260,629389,2,2004-12-27
12260,2021814,2,2005-05-24
12260,201389,1,2004-05-18
12260,2320697,4,2002-10-19
12260,499837,1,2002-10-24
12260,478688,4,2004-07-27
12260,545067,4,2003-12-09
12260,123974,5,2005-08-25
12260,1261006,5,2004-01-12
12260,743344,2,2004-02-08
12260,2307511,4,2004-02-06
12260,1486878,5,2004-04-02
12260,1769615,4,2005-01-06
12260,1601761,4,2005-01-29
12260,1550718,4,2005-02-15
12260,443447,5,2003-12-17
12260,543824,5,2004-08-10
12260,1765144,2,2002-11-15
12260,1384386,5,2003-07-10
12260,1610435,3,2004-09-15
12260,2320706,3,2003-11-04
12260,1908523,5,2004-05-21
12260,772989,3,2004-06-09
12260,247774,3,2004-04-12
12260,606306,2,2004-11-18
12260,451837,3,2004-12-13
12260,1278132,5,2004-12-28
12260,520080,3,2005-01-04
12260,1854352,2,2005-01-07
12260,1388038,4,2005-01-13
12260,1569405,2,2005-05-09
12260,969948,4,2002-09-24
12260,1456579,2,2003-01-14
12260,1608171,3,2003-11-10
12260,449440,4,2002-11-27
12260,1023052,4,2003-10-27
12260,747879,3,2002-11-14
12260,2604057,4,2003-11-05
12260,1076696,2,2003-11-01
12260,1790681,4,2005-03-11
12260,1893596,4,2003-12-28
12260,1392450,5,2004-02-05
12260,622442,3,2004-04-30
12260,1793885,3,2004-08-03
12260,966588,4,2004-01-15
12260,379339,4,2004-08-09
12260,122690,3,2004-10-18
12260,106239,4,2004-11-08
12260,1360936,5,2004-11-09
12260,2375388,3,2004-11-12
12260,642588,4,2004-12-30
12260,1533807,2,2005-02-15
12260,1027550,4,2005-02-18
12260,107876,4,2005-02-26
12260,843641,4,2005-04-25
12260,1608147,3,2005-05-26
12260,2511730,3,2004-08-01
12260,356103,4,2002-12-06
12260,948109,3,2003-01-14
12260,2169015,3,2002-09-09
12260,2594706,1,2002-10-02
12260,2000928,4,2004-04-14
12260,2414964,4,2003-01-14
12260,58915,2,2003-12-09
12260,2366768,4,2004-03-22
12260,2220847,2,2004-08-05
12260,285710,3,2004-06-01
12260,2367301,4,2004-08-03
12260,954742,1,2004-11-19
12260,1085127,3,2004-12-22
12260,79416,5,2005-01-06
12260,1059038,3,2005-01-06
12260,1647308,4,2005-02-09
12260,1887202,2,2005-03-10
12260,2648599,4,2004-08-13
12260,1739532,1,2003-03-11
12260,2517304,4,2004-08-30
12260,1305981,2,2003-09-18
12260,773397,3,2003-07-31
12260,1763574,4,2004-01-04
12260,668033,5,2004-04-29
12260,1307875,5,2004-04-30
12260,1563360,5,2004-08-01
12260,2010226,5,2004-07-05
12260,1066555,5,2004-09-25
12260,595160,4,2004-12-29
12260,1827694,5,2005-01-03
12260,1705480,4,2005-01-22
12260,1806884,4,2005-02-28
12260,1584565,4,2005-05-20
12260,2183733,5,2005-05-27
12260,1049071,2,2005-09-29
12260,1899016,4,2005-10-06
12260,1985040,4,2003-01-25
12260,1036877,5,2003-04-18
12260,2054430,5,2005-07-26
12260,983743,2,2003-01-15
12260,1998163,3,2004-05-30
12260,1931285,2,2004-01-16
12260,924943,2,2003-11-10
12260,1578940,4,2004-05-04
12260,1016510,3,2004-09-13
12260,1686044,4,2004-06-15
12260,72402,5,2004-05-09
12260,1337228,4,2004-05-11
12260,2170453,5,2004-07-05
12260,1683055,5,2004-09-13
12260,2237988,3,2004-09-03
12260,750275,3,2004-12-23
12260,1345275,4,2005-01-04
12260,761292,4,2005-03-01
12260,1672507,4,2005-03-20
12260,2169713,5,2005-04-16
12260,1517158,4,2004-01-03
12260,2111672,3,2003-01-03
12260,1023991,3,2003-12-29
12260,2425802,3,2005-08-29
12260,1259374,3,2004-06-24
12260,1924957,2,2004-06-08
12260,1300759,4,2004-09-21
12260,1927048,2,2004-10-16
12260,292741,4,2004-11-19
12260,1053731,3,2004-11-28
12260,1400108,4,2005-02-10
12260,1658491,3,2005-01-25
12260,718938,3,2005-01-31
12260,1131818,2,2005-02-16
12260,271688,4,2005-03-01
12260,1451407,3,2005-03-21
12260,1435175,4,2005-04-06
12260,2569476,4,2005-05-03
12260,293562,3,2005-05-14
12260,1992341,5,2005-05-24
12260,2380838,4,2005-06-28
12260,2118159,4,2002-12-10
12260,1441086,3,2003-10-16
12260,2391629,4,2004-01-21
12260,2195240,3,2003-05-20
12260,2205373,3,2002-12-27
12260,2468330,4,2003-01-04
12260,1000804,4,2004-03-31
12260,1607300,4,2003-11-08
12260,1920318,3,2004-01-15
12260,892775,2,2004-06-23
12260,1104589,5,2004-04-19
12260,1388741,3,2004-04-23
12260,1704416,3,2004-06-02
12260,1987806,3,2004-08-09
12260,770268,5,2004-07-31
12260,1840535,4,2004-10-11
12260,1619362,4,2004-11-03
12260,1189445,4,2004-11-10
12260,1396502,4,2004-12-21
12260,735,5,2005-02-08
12260,2082805,3,2005-02-12
12260,1023054,3,2005-02-12
12260,2015789,5,2005-02-28
12260,1519024,4,2005-04-06
12260,748200,4,2005-06-01
