8345,2084572,4,2004-03-11
8345,899232,3,2004-02-26
8345,1457332,3,2004-08-25
8345,134188,5,2004-06-01
8345,923969,1,2004-07-25
8345,716091,3,2004-12-09
8345,573364,4,2005-03-15
8345,2630970,4,2004-06-15
8345,478149,4,2004-04-21
8345,1916420,1,2004-08-24
8345,1624072,3,2004-12-29
8345,1871338,3,2005-06-13
8345,955916,2,2004-05-23
8345,2204961,4,2004-05-24
8345,251490,2,2004-03-22
8345,1380686,4,2004-03-08
8345,1713660,3,2004-09-26
8345,2492369,2,2005-07-05
8345,900977,3,2004-06-08
8345,2193246,5,2004-06-23
8345,2213550,5,2004-03-04
8345,610608,5,2004-11-29
8345,2078509,1,2005-01-04
8345,1053801,3,2005-02-27
8345,596013,4,2005-04-06
8345,2563204,4,2005-07-07
8345,1585301,5,2004-04-16
8345,1098265,5,2004-06-18
8345,1498941,4,2004-08-25
8345,2387616,3,2005-01-09
8345,454575,3,2004-07-05
8345,269469,3,2004-03-01
8345,2183726,3,2004-07-06
8345,637278,4,2004-09-10
8345,1460930,5,2004-11-13
8345,2441175,3,2005-10-06
8345,1792108,1,2004-02-23
8345,600104,4,2004-04-07
8345,2443756,4,2004-04-12
8345,2541025,5,2004-06-02
8345,2262263,2,2005-10-05
8345,470108,2,2005-10-09
8345,576586,3,2004-07-12
8345,959291,3,2005-08-07
8345,500292,3,2004-03-16
8345,1713081,2,2004-06-02
8345,2153864,4,2004-06-22
8345,89177,1,2004-06-02
8345,1452752,4,2005-05-17
8345,1774665,1,2005-10-22
8345,562201,1,2004-06-08
8345,1693596,2,2005-08-09
8345,483465,2,2004-08-04
8345,1197338,3,2004-11-29
8345,1292906,3,2005-01-04
8345,2355791,3,2004-05-31
8345,697010,2,2004-08-25
8345,2596383,4,2005-08-29
8345,2245771,1,2004-10-01
8345,2435985,3,2004-11-24
8345,1130717,3,2005-02-07
8345,566325,4,2004-03-16
8345,1740732,2,2004-05-20
8345,1338852,4,2004-05-21
8345,334292,4,2005-08-29
8345,1632290,3,2004-07-10
8345,1585588,4,2004-11-30
8345,2141632,4,2005-04-13
8345,488900,4,2005-10-13
8345,786312,3,2004-11-06
8345,1411989,4,2005-08-19
8345,452132,5,2004-07-01
8345,458459,4,2004-03-20
8345,1575680,4,2004-11-05
8345,2107724,3,2005-01-04
8345,1277035,2,2005-11-21
8345,2559803,4,2004-05-10
8345,1559165,1,2004-07-27
8345,2109681,1,2004-08-30
8345,1654895,5,2004-07-09
8345,1286562,3,2004-08-24
8345,1642643,4,2004-06-01
8345,1647801,3,2004-06-11
8345,2108097,5,2005-04-15
8345,1954032,4,2005-06-21
8345,747485,4,2004-04-21
8345,1959288,4,2004-05-18
8345,2632701,4,2005-03-11
8345,1085863,3,2005-03-14
8345,108015,3,2004-06-22
8345,1564572,3,2004-07-08
8345,172760,4,2004-05-13
8345,2023435,1,2004-07-28
8345,1686846,3,2005-06-23
8345,165523,5,2004-05-12
8345,2462683,5,2004-08-02
8345,1572689,5,2005-01-24
8345,875956,4,2005-09-19
8345,95300,3,2005-07-18
8345,156078,4,2004-05-20
8345,1687926,4,2004-08-20
8345,1989053,1,2004-07-27
8345,1103557,5,2004-08-24
8345,2450136,3,2004-07-20
8345,1060836,5,2004-10-28
8345,627422,3,2005-11-09
8345,1414075,4,2005-08-01
8345,2308722,3,2004-03-24
8345,555674,3,2004-05-21
8345,1366847,3,2004-07-01
8345,2421085,3,2004-10-18
8345,2522648,4,2005-05-20
8345,1140497,4,2005-10-10
8345,1288554,5,2004-06-22
8345,993921,5,2004-08-06
8345,1092228,3,2004-05-17
8345,1455472,3,2004-04-27
8345,2089877,3,2004-03-29
8345,1661389,2,2004-05-11
8345,2148699,4,2004-05-27
8345,1453955,2,2004-04-06
8345,2029461,5,2005-04-19
8345,1260775,4,2005-06-29
8345,2384985,4,2004-06-01
8345,1801389,3,2004-05-15
8345,1447639,4,2005-07-13
8345,663808,2,2004-03-15
8345,837339,5,2004-05-21
8345,1407746,3,2004-04-19
8345,180305,1,2005-04-19
8345,2448822,1,2004-08-17
8345,1685050,4,2004-09-09
8345,2014292,1,2004-07-29
8345,220627,3,2004-12-24
8345,2344175,2,2005-10-05
8345,1638955,1,2005-11-20
8345,673728,4,2004-06-02
8345,2035151,4,2004-09-30
8345,2281080,3,2004-11-16
8345,1860504,4,2005-05-11
8345,1272478,5,2005-10-20
8345,1099072,2,2004-04-28
8345,727242,1,2004-05-06
8345,1772247,5,2004-05-11
8345,322771,2,2004-04-26
8345,670539,3,2004-08-31
8345,1929487,3,2004-05-07
8345,1759688,3,2005-03-06
8345,1921715,3,2004-04-12
8345,401707,3,2004-08-24
8345,291676,1,2004-08-20
8345,247940,2,2004-05-25
8345,1402114,4,2004-05-19
8345,496887,4,2004-02-19
8345,138980,2,2004-07-19
8345,2292433,4,2004-12-27
8345,2324209,2,2004-12-29
8345,1568641,5,2005-10-12
8345,1104788,5,2004-05-14
8345,286100,1,2005-02-20
8345,2100210,3,2004-02-20
8345,944542,5,2004-03-31
8345,2354096,5,2004-08-11
8345,2109316,3,2004-06-21
8345,240876,4,2004-11-08
8345,1707905,3,2005-11-16
8345,649714,2,2004-09-06
8345,2636960,3,2004-03-16
8345,72570,1,2004-07-08
8345,2305671,3,2005-09-06
8345,1505415,2,2004-07-30
8345,1998574,5,2004-08-11
8345,398641,4,2004-10-05
8345,2404124,3,2004-10-27
8345,1452686,4,2004-11-04
8345,769670,2,2004-11-18
8345,1783108,2,2005-04-21
8345,2360427,1,2004-06-02
8345,1852933,4,2004-05-15
8345,586905,4,2004-04-16
8345,1184323,4,2004-08-07
8345,1792741,3,2004-08-12
8345,2187583,5,2005-08-12
8345,1173615,2,2004-08-11
8345,138544,5,2004-09-25
8345,819306,4,2005-01-25
8345,510319,5,2004-05-30
8345,2053610,2,2004-02-26
8345,376505,5,2004-05-09
8345,943450,5,2004-06-19
8345,757081,3,2004-08-24
8345,858589,3,2004-10-18
8345,368514,3,2004-10-20
8345,164845,1,2005-03-17
8345,1605580,3,2004-03-28
8345,1838030,2,2004-12-05
8345,2618739,3,2004-04-14
8345,1081611,3,2004-09-02
8345,1611281,4,2004-10-28
8345,1635625,4,2005-03-17
8345,1648404,4,2004-06-15
8345,263520,5,2004-05-05
8345,2467777,4,2004-06-02
8345,904999,3,2004-09-27
8345,2056988,4,2005-12-02
8345,2227160,3,2004-08-07
8345,1566652,4,2004-05-26
8345,2038142,3,2004-05-02
8345,1779192,4,2005-08-29
8345,1679204,4,2004-09-10
8345,1339700,2,2004-11-17
8345,614872,3,2005-02-14
8345,855808,5,2005-05-11
8345,1572555,1,2004-05-17
8345,560793,3,2004-07-08
8345,2391686,3,2004-09-12
8345,2011828,1,2005-05-21
8345,1196022,4,2005-06-20
8345,367344,4,2005-10-03
8345,2439493,1,2004-07-30
8345,464389,3,2004-04-21
8345,1025764,2,2004-07-18
8345,2552425,4,2004-03-11
8345,530789,3,2004-06-01
8345,1014989,4,2004-09-13
8345,2544430,4,2005-02-07
8345,2580440,3,2004-05-26
8345,340408,2,2005-03-14
8345,917008,2,2005-11-04
8345,87900,3,2004-07-10
8345,1037622,2,2004-04-20
8345,642009,3,2004-05-10
8345,2590197,3,2004-03-10
8345,1514087,2,2004-07-30
8345,2551483,4,2005-01-25
8345,1630870,4,2005-04-25
8345,2551462,3,2004-05-21
8345,157539,2,2004-06-15
8345,2053984,4,2004-03-11
8345,1892264,5,2004-07-07
8345,2202265,3,2004-06-07
8345,1897848,3,2005-03-07
8345,1545709,4,2004-05-24
8345,473720,2,2004-03-15
8345,1803100,3,2004-06-20
8345,1668910,5,2004-06-02
8345,276182,4,2004-02-24
8345,1985841,1,2004-06-20
8345,1247123,2,2004-07-11
8345,1671927,3,2004-06-24
8345,850291,1,2004-09-21
8345,1045551,4,2005-09-27
8345,1705400,2,2004-04-19
8345,1965304,3,2004-06-24
8345,2052334,3,2004-02-20
8345,58489,5,2004-05-28
8345,666032,3,2004-05-24
8345,47495,1,2004-08-10
8345,823699,4,2004-03-15
8345,2116569,4,2004-08-12
8345,165401,3,2004-11-29
8345,1770331,4,2005-02-04
8345,1356928,3,2004-03-15
8345,1577182,5,2004-03-08
8345,1839661,5,2004-03-17
8345,771776,3,2005-08-12
8345,1288745,3,2004-04-11
8345,207639,3,2005-01-19
8345,1531203,5,2005-03-10
8345,1140679,5,2005-05-11
8345,2635437,5,2005-07-03
8345,1024854,4,2005-10-25
8345,1538616,4,2004-04-15
8345,249605,3,2004-06-24
8345,1948813,3,2004-04-13
8345,808635,3,2004-05-07
8345,2592894,4,2004-04-29
8345,932578,1,2004-07-04
8345,2136306,4,2004-09-05
8345,310383,2,2004-04-12
8345,1274432,5,2004-07-01
8345,698713,5,2004-05-03
8345,191823,5,2004-10-04
8345,2101124,2,2005-04-04
8345,2562526,4,2005-05-04
8345,2105426,5,2005-05-28
8345,970447,1,2005-10-06
8345,278257,1,2004-08-26
8345,2013981,1,2005-07-13
8345,1157824,5,2004-04-03
8345,1030269,5,2004-03-15
8345,1898310,4,2004-09-01
8345,487114,2,2004-06-08
8345,2035595,3,2004-08-06
8345,6905,3,2004-05-09
8345,1069902,2,2004-09-20
8345,461075,1,2004-10-03
8345,442118,5,2004-10-08
8345,174717,3,2005-05-11
8345,342811,3,2005-09-20
8345,271435,3,2004-07-06
8345,1123488,3,2005-05-18
8345,1221212,4,2004-03-07
8345,54713,2,2004-11-21
8345,2013714,5,2005-06-29
8345,2569181,3,2004-03-30
8345,269691,2,2004-04-28
8345,1079020,1,2004-08-21
8345,814040,4,2004-09-02
8345,1022668,3,2004-08-02
8345,1611123,4,2004-12-13
8345,2001037,2,2005-01-12
8345,2571661,3,2005-03-09
8345,829528,4,2005-06-03
8345,2379843,5,2005-10-03
8345,561755,4,2004-03-08
8345,540005,2,2005-07-18
8345,390637,5,2004-06-14
8345,1283798,4,2004-06-03
8345,1921599,5,2004-08-06
8345,1939029,4,2004-05-11
8345,452264,2,2004-07-26
8345,1878997,5,2004-03-24
8345,1210590,3,2004-10-11
8345,1322507,3,2004-10-19
8345,2436290,3,2005-01-19
8345,1377751,4,2004-04-16
8345,1905883,3,2004-03-12
8345,758052,3,2004-04-25
8345,902372,4,2004-02-23
8345,2213131,5,2004-09-14
8345,1796464,3,2004-08-07
8345,1385993,1,2005-01-25
8345,2098129,4,2004-03-29
8345,147861,4,2004-03-02
8345,2483873,2,2004-04-13
8345,2421668,3,2004-06-29
8345,597776,3,2005-08-04
8345,2457095,2,2004-09-15
8345,2188149,5,2004-10-17
8345,388737,4,2005-09-12
8345,2296902,4,2005-09-13
8345,793877,4,2005-10-30
8345,1442559,4,2005-11-16
8345,1429828,3,2004-06-22
8345,1345784,4,2005-09-06
8345,699606,4,2004-05-25
8345,1107368,3,2005-01-08
8345,1617342,4,2005-03-23
8345,2068865,3,2004-08-25
8345,2551557,1,2004-05-31
8345,1229045,4,2004-05-02
8345,919378,1,2004-07-12
8345,2645752,1,2005-01-10
8345,82700,4,2005-03-07
8345,1363937,3,2005-05-23
8345,1370513,2,2005-06-28
8345,590607,5,2004-03-05
8345,2285492,3,2004-07-07
8345,1114552,3,2004-09-18
8345,2544655,1,2005-04-15
8345,2051802,3,2005-06-13
8345,1769674,4,2005-09-13
8345,1369078,5,2004-09-02
8345,163515,3,2004-07-17
8345,108457,1,2004-08-05
8345,1634325,4,2004-08-12
8345,487522,1,2004-06-15
8345,453968,4,2004-10-06
8345,596918,4,2004-10-25
8345,1371592,3,2005-01-28
8345,587879,4,2004-05-12
8345,1337310,1,2004-09-24
8345,981808,3,2004-08-12
8345,960073,5,2004-03-12
8345,1068255,4,2004-05-08
8345,1327359,3,2004-10-14
8345,713544,4,2005-02-15
8345,973443,3,2005-05-06
8345,2417151,5,2005-11-30
8345,2031796,2,2004-08-03
8345,2076358,4,2004-05-21
8345,2062488,5,2004-06-02
8345,823875,3,2005-01-19
8345,607854,3,2005-02-17
8345,2214512,4,2005-03-08
8345,2515847,2,2004-02-24
8345,1209122,5,2005-03-16
8345,1920204,3,2004-05-28
8345,1956788,5,2004-03-12
8345,2134665,2,2004-09-20
8345,2269093,2,2004-11-23
8345,1086650,5,2005-10-05
8345,1907060,3,2004-04-13
8345,1671101,2,2004-05-05
8345,2343458,4,2004-06-25
8345,217908,5,2004-12-20
8345,2484861,1,2005-06-15
8345,1767486,3,2004-05-25
8345,1492520,5,2004-04-15
8345,173571,3,2004-03-09
8345,2595733,5,2004-04-27
8345,1119453,3,2004-08-12
8345,368278,1,2004-09-22
8345,400221,5,2004-12-12
8345,182291,3,2004-03-31
8345,964272,5,2004-05-14
8345,2198862,3,2004-05-16
8345,1513789,4,2004-06-05
8345,52912,4,2004-05-10
8345,2574288,2,2004-10-28
8345,1934773,3,2004-12-06
8345,322080,4,2004-12-06
8345,2440615,4,2005-06-21
8345,955719,4,2004-05-13
8345,2387458,5,2004-04-05
8345,2627834,3,2004-06-08
8345,893087,4,2004-08-03
8345,115507,4,2004-08-11
8345,1374834,2,2005-02-24
8345,2606956,5,2005-05-26
8345,752493,3,2004-06-22
8345,289009,3,2004-08-25
8345,939767,3,2004-08-10
8345,2499020,5,2004-05-24
8345,941768,4,2004-05-15
8345,1830000,5,2005-07-21
8345,1025593,1,2004-03-16
8345,1496868,5,2004-06-11
8345,1714672,4,2004-06-15
8345,1180049,4,2004-04-15
8345,2221588,2,2004-04-13
8345,1844793,3,2004-04-18
8345,1241102,2,2004-10-11
8345,2552319,3,2005-04-03
8345,2266655,4,2005-11-11
8345,844207,4,2004-03-09
8345,1637683,4,2004-06-22
8345,2491575,2,2004-06-04
8345,1816995,2,2004-07-21
8345,509366,2,2004-08-18
8345,46567,5,2004-09-11
8345,1737223,4,2004-06-30
8345,2511119,4,2004-06-24
8345,2461028,4,2005-04-21
8345,1383211,4,2005-09-01
8345,1093117,3,2004-05-25
8345,2247242,2,2004-07-12
8345,956954,4,2004-09-28
8345,2434469,5,2005-01-24
8345,1373997,3,2005-06-15
8345,613529,2,2005-06-30
8345,2145466,2,2005-10-03
8345,143120,3,2004-03-05
8345,2241714,4,2004-11-26
8345,419691,5,2004-07-17
8345,1163868,3,2004-03-18
8345,2101288,5,2004-06-12
8345,157667,1,2004-09-01
8345,1901576,3,2004-10-20
8345,699825,3,2004-07-26
8345,1591359,5,2004-07-15
8345,1681664,4,2004-09-17
8345,1617240,5,2005-02-25
8345,966426,3,2005-10-04
8345,2473228,5,2005-12-14
8345,2060183,2,2004-02-20
8345,1576577,5,2004-08-26
8345,2265003,5,2005-09-14
8345,2482384,3,2005-09-16
8345,1009833,4,2005-10-04
8345,1664010,4,2005-10-13
8345,663488,4,2004-03-03
8345,2567000,4,2004-04-27
8345,737233,4,2004-08-16
8345,939840,4,2004-05-19
8345,1932079,3,2004-08-24
8345,520455,3,2005-01-02
8345,1740879,5,2005-02-11
8345,1528328,4,2004-03-26
8345,1157897,2,2004-08-02
8345,1238050,3,2004-09-14
8345,820820,4,2004-08-16
8345,559019,5,2004-08-18
8345,2193619,5,2004-10-01
8345,1097589,4,2005-04-11
8345,984933,4,2005-05-24
8345,1485270,5,2004-06-11
8345,86379,3,2004-02-23
8345,2450515,1,2004-08-16
8345,818160,3,2004-05-03
8345,2411968,4,2004-10-18
8345,2079671,2,2004-11-30
8345,572481,1,2004-06-10
8345,195934,2,2005-08-06
8345,433561,5,2004-08-09
8345,2036626,4,2004-06-11
8345,880178,4,2004-08-16
8345,948398,4,2005-07-06
8345,298288,3,2004-04-25
8345,715168,2,2004-06-22
8345,1829522,5,2004-06-23
8345,2612179,3,2004-08-16
8345,417348,4,2004-08-26
8345,380903,4,2004-09-24
8345,677997,3,2004-10-24
8345,2285620,4,2005-02-03
8345,272174,2,2005-02-11
8345,234531,4,2005-03-24
8345,2393002,4,2005-09-10
8345,532628,4,2004-05-18
8345,984799,4,2004-05-17
8345,2490563,1,2004-10-13
8345,705292,3,2004-11-15
8345,2297136,1,2005-05-11
8345,217357,2,2005-12-03
8345,550163,3,2005-08-25
8345,1210528,1,2004-08-11
8345,2490049,5,2005-09-01
8345,1535660,3,2004-07-23
8345,464736,3,2004-06-01
8345,1247778,3,2004-04-08
8345,354174,2,2004-07-28
8345,578699,1,2004-10-05
8345,103850,5,2005-01-19
8345,203652,5,2005-03-08
8345,2220164,3,2005-03-21
8345,2210857,4,2004-07-09
8345,1838542,1,2004-05-14
8345,1342096,4,2004-03-23
8345,946904,1,2004-05-25
8345,89360,4,2004-06-28
8345,2069137,4,2004-05-20
8345,2252259,4,2004-06-10
8345,1029578,4,2004-06-11
8345,1798814,4,2004-12-13
8345,1248764,5,2005-05-02
8345,831439,4,2004-05-05
8345,1599458,4,2005-08-03
8345,2397044,1,2004-08-19
8345,400785,3,2004-08-14
8345,760211,3,2004-06-09
8345,432313,2,2004-08-24
8345,750416,3,2004-09-30
8345,1861592,4,2005-02-22
8345,2597664,5,2005-05-31
8345,2133228,1,2004-08-30
8345,8004,2,2004-06-07
8345,2481035,1,2004-03-15
8345,2291269,3,2004-09-20
8345,2486149,3,2005-01-26
8345,620995,5,2004-05-16
8345,1758120,1,2004-08-06
8345,1014074,4,2004-08-26
8345,2038959,3,2005-03-13
8345,1904002,3,2005-07-06
8345,39838,3,2004-04-29
8345,2212303,3,2004-03-22
8345,214451,5,2004-06-06
8345,1897386,3,2004-05-24
8345,1171997,3,2004-03-01
8345,463102,3,2004-05-08
8345,485669,4,2004-07-02
8345,1662724,2,2004-09-09
8345,2395642,2,2004-09-19
8345,251324,5,2004-10-04
8345,2361062,3,2004-10-22
8345,405075,3,2005-04-06
8345,54890,3,2005-12-11
8345,1766217,3,2004-07-10
8345,550515,5,2004-03-11
8345,1941703,4,2005-08-19
8345,2394335,3,2004-05-24
8345,1108021,3,2004-05-31
8345,1300105,3,2004-05-22
8345,2597845,5,2004-07-17
8345,1768878,3,2004-08-17
8345,2345015,4,2004-07-06
8345,514358,3,2004-04-22
8345,2554657,3,2004-11-06
8345,869468,3,2005-02-28
8345,172439,3,2004-03-23
8345,601892,2,2004-03-15
8345,1137883,3,2004-06-01
8345,1505705,1,2004-05-11
8345,1567740,3,2004-11-23
8345,948733,2,2004-06-08
8345,193446,4,2004-06-15
8345,30885,4,2004-09-03
8345,616839,3,2004-02-27
8345,2194719,5,2004-05-18
8345,2444893,4,2004-10-07
8345,1531352,2,2005-06-21
8345,2563645,3,2005-09-06
8345,765201,5,2005-12-28
8345,884279,1,2004-03-04
8345,2487358,1,2004-08-03
8345,2559018,4,2004-09-22
8345,2099429,3,2004-11-08
8345,595095,5,2004-11-23
8345,222383,5,2005-02-03
8345,1940324,4,2005-06-07
8345,1904916,4,2004-03-05
8345,1001461,2,2004-03-25
8345,371039,4,2004-07-26
8345,1370695,4,2004-11-10
8345,1274870,4,2005-10-11
8345,2584101,4,2004-08-17
8345,1587311,4,2004-03-12
8345,1168312,3,2004-07-10
8345,1399712,3,2005-08-17
8345,679042,4,2004-04-17
8345,1795873,1,2004-09-14
8345,408214,1,2004-06-02
8345,127985,4,2004-10-21
8345,624266,1,2005-01-05
8345,2202863,1,2005-09-17
8345,315146,3,2005-09-19
8345,2126733,3,2004-08-05
8345,391012,2,2004-06-03
8345,1431557,4,2004-05-19
8345,1496999,5,2004-06-16
8345,1115010,4,2004-05-12
8345,1211523,3,2004-08-13
8345,936828,4,2004-08-11
8345,1541262,3,2004-06-28
8345,1782434,5,2004-11-30
8345,1512543,4,2004-05-14
8345,369420,3,2004-03-21
8345,2645469,4,2004-08-24
8345,87160,4,2005-01-06
8345,2082323,2,2004-08-18
8345,2271752,3,2004-04-05
8345,1556831,1,2005-02-19
8345,2176634,4,2004-05-30
8345,1432358,5,2004-03-24
8345,495230,2,2004-07-03
8345,1518875,4,2005-04-25
8345,1029129,1,2004-05-20
8345,2131757,4,2004-08-09
8345,1290508,3,2004-06-11
8345,594712,3,2004-07-23
8345,1041130,3,2004-11-01
8345,29154,5,2005-10-04
8345,691616,2,2004-07-13
8345,1197388,3,2004-02-26
8345,811104,4,2004-06-04
8345,974252,5,2004-04-22
8345,2242918,2,2004-06-01
8345,1656115,1,2004-06-22
8345,264923,3,2004-11-03
8345,1574597,4,2005-02-17
8345,587424,4,2005-02-18
8345,747497,4,2005-09-14
8345,44694,3,2004-08-16
8345,1597609,2,2004-10-26
8345,1168586,4,2004-12-27
8345,1190083,3,2005-02-21
8345,1801755,4,2005-06-09
8345,2315936,4,2005-06-21
8345,1147583,5,2004-07-22
8345,2365141,2,2004-06-09
8345,758580,4,2004-04-22
8345,1570806,3,2004-07-07
8345,1865249,4,2004-06-16
8345,2146949,1,2004-07-11
8345,1565070,2,2005-04-12
8345,1691933,5,2005-05-30
8345,2549502,3,2005-09-19
8345,1663227,5,2004-02-26
8345,735821,4,2004-06-15
8345,1819818,4,2005-01-28
8345,1759820,2,2004-05-22
8345,901720,3,2004-06-17
8345,156430,1,2005-03-11
8345,1591646,5,2005-10-12
8345,1345636,2,2004-05-16
8345,2436178,2,2004-06-25
8345,490021,5,2004-02-27
8345,896636,5,2004-03-28
8345,2345303,2,2005-09-16
8345,889489,3,2005-12-15
8345,1597348,4,2005-07-16
8345,1466370,4,2004-03-31
8345,1871917,5,2004-05-25
8345,869321,4,2005-07-26
8345,1381007,2,2004-05-03
8345,356644,1,2004-07-12
8345,1039037,2,2004-08-30
8345,983872,3,2005-04-08
8345,229271,3,2005-10-04
8345,2624542,3,2004-03-01
8345,810962,2,2004-10-12
8345,754358,4,2004-10-18
8345,2506955,4,2004-11-17
8345,2216730,1,2005-05-10
8345,1961303,3,2005-10-15
8345,1890409,3,2005-07-13
8345,2111125,4,2004-12-09
8345,520507,3,2004-12-29
8345,1788335,1,2005-03-16
8345,682963,3,2005-06-20
8345,956121,3,2004-05-15
8345,689091,2,2004-08-03
8345,565214,4,2004-06-03
8345,421817,3,2004-05-22
8345,843060,1,2004-08-22
8345,2368266,3,2005-11-11
8345,657488,4,2004-05-03
8345,1634480,2,2004-05-20
8345,1753194,4,2004-02-24
8345,2527740,4,2004-05-25
8345,252124,1,2004-07-16
8345,755163,4,2004-09-28
8345,1020215,3,2004-10-13
8345,1355938,3,2004-03-15
8345,3423,1,2005-08-23
8345,2495613,2,2004-05-18
8345,2327365,1,2004-09-24
8345,2125071,1,2004-10-13
8345,2419897,3,2004-10-27
8345,2465085,3,2004-02-26
8345,2038833,3,2005-08-26
8345,1046122,4,2004-03-27
8345,199369,2,2004-07-17
8345,466883,4,2004-08-13
8345,1754027,4,2004-05-22
8345,435619,3,2005-09-24
8345,1226341,3,2004-08-20
8345,1724877,2,2004-07-16
8345,1190983,3,2004-07-08
8345,1472020,3,2004-08-10
8345,1850289,5,2004-09-26
8345,144717,4,2005-02-10
8345,369006,4,2005-09-28
8345,1165782,4,2004-07-18
8345,2591003,4,2004-06-18
8345,1958912,5,2004-06-10
8345,1609686,4,2004-09-07
8345,2058741,5,2005-02-11
8345,2546451,4,2005-06-20
8345,827526,4,2004-07-14
8345,1596582,3,2004-05-26
8345,1981146,3,2004-10-20
8345,158105,4,2004-12-01
8345,2313914,5,2005-01-03
8345,305344,1,2004-05-06
8345,1927008,4,2004-06-25
8345,665822,5,2004-05-14
8345,2538506,1,2004-07-31
8345,1486047,2,2004-10-01
8345,387170,5,2004-12-01
8345,1902253,5,2005-03-03
8345,1765736,5,2005-03-09
8345,2203382,4,2004-04-12
8345,2296462,2,2004-09-16
8345,2003856,3,2004-06-29
8345,2210794,3,2004-03-17
8345,2423393,5,2004-06-27
8345,638866,3,2004-08-28
8345,1320933,5,2004-03-23
8345,1924228,4,2004-10-25
8345,2097496,4,2004-12-07
8345,314959,4,2005-10-04
8345,2511644,4,2003-12-25
8345,16591,2,2005-08-01
8345,2638967,3,2004-05-12
8345,733228,2,2004-07-19
8345,67468,4,2004-07-12
8345,1403217,2,2005-08-09
8345,344054,3,2004-06-29
8345,590598,3,2004-05-03
8345,2411860,3,2004-08-18
8345,97530,4,2004-08-03
8345,1505280,3,2004-09-28
8345,2220099,4,2004-11-30
8345,75391,5,2004-12-09
8345,395263,2,2005-11-17
8345,16994,5,2004-07-28
8345,1006672,2,2004-08-23
8345,1060981,5,2004-04-13
8345,1840881,5,2004-09-09
8345,915057,2,2004-07-16
8345,430100,1,2004-10-01
8345,74441,4,2004-05-11
8345,2510346,4,2004-03-18
8345,126150,4,2004-09-02
8345,2209196,3,2004-08-24
8345,1393576,2,2004-03-03
8345,2571912,4,2004-10-11
8345,1829253,3,2004-11-07
8345,2450942,3,2005-07-12
8345,2011615,3,2004-05-13
8345,2340119,5,2004-04-23
8345,740905,4,2004-06-28
8345,44481,3,2004-11-02
8345,189162,4,2004-11-16
8345,1986877,1,2004-12-13
8345,256278,4,2005-04-17
8345,510924,1,2005-04-21
8345,1981802,2,2005-06-21
8345,447797,2,2004-03-30
8345,98655,3,2004-06-02
8345,1600811,4,2004-06-19
8345,1884004,4,2005-02-01
8345,1495469,5,2005-12-16
8345,1694669,1,2004-07-03
8345,2210475,3,2005-08-30
8345,634023,2,2004-08-02
8345,632567,5,2005-08-25
8345,1125572,4,2004-04-21
8345,2304851,5,2005-02-28
8345,194044,5,2005-06-17
8345,142653,3,2005-11-09
8345,1444287,4,2005-07-08
8345,791756,3,2005-07-21
8345,2414266,3,2004-04-22
8345,1152642,3,2004-07-15
8345,1569353,2,2004-08-13
8345,545595,4,2005-03-20
8345,771549,4,2005-11-05
8345,657652,2,2005-07-08
8345,1003874,4,2005-07-28
8345,2168288,3,2004-07-22
8345,20559,3,2004-07-09
8345,1829617,2,2004-09-16
8345,697619,3,2005-08-25
8345,2457111,3,2004-08-17
8345,360264,5,2005-05-22
8345,140565,4,2005-05-30
8345,517900,5,2005-10-12
8345,2179898,3,2004-05-27
8345,2153971,3,2004-03-05
8345,2332894,2,2004-06-17
8345,1484157,1,2004-11-23
8345,2530099,2,2005-04-25
8345,22015,2,2005-07-26
8345,2260008,3,2004-05-11
8345,1994630,2,2004-05-25
8345,1623720,5,2004-06-02
8345,2250032,3,2004-05-19
8345,2449686,3,2005-03-29
8345,705294,3,2004-11-15
8345,2199617,4,2004-06-04
8345,2344090,5,2004-07-12
8345,1864989,5,2004-04-13
8345,1975107,3,2004-10-07
8345,1460170,4,2004-10-25
8345,2151753,5,2005-02-05
8345,2138785,5,2005-06-17
8345,1783225,4,2004-06-15
8345,969462,3,2004-06-23
8345,2221362,4,2005-01-06
8345,133993,2,2005-10-04
8345,663343,4,2005-11-10
8345,1957036,5,2004-06-09
8345,2348266,5,2004-06-17
8345,399889,5,2004-10-22
8345,80482,4,2005-01-07
8345,211377,4,2005-03-21
8345,1309432,4,2005-06-19
8345,2600671,4,2005-08-09
8345,2553655,3,2004-04-20
8345,1494196,1,2004-07-14
8345,1545458,3,2004-10-06
8345,482097,3,2005-10-18
8345,1470606,3,2004-08-18
8345,1872629,3,2004-09-14
8345,2441883,3,2004-06-23
8345,2515371,3,2004-07-30
8345,2325061,3,2004-05-13
8345,904187,2,2005-09-13
8345,1525206,4,2005-10-21
8345,297904,4,2004-07-20
8345,607842,5,2004-04-13
8345,1323792,5,2004-07-07
8345,1279181,4,2004-12-20
8345,2329541,1,2005-02-02
8345,252633,3,2004-06-23
8345,2029766,2,2004-05-17
8345,2196243,2,2004-07-17
8345,685546,4,2004-06-28
8345,1560410,2,2005-12-21
8345,1769069,5,2004-03-26
8345,1448239,3,2004-07-27
8345,1130374,5,2004-06-09
8345,794480,4,2005-08-30
8345,2195372,4,2004-08-30
8345,620146,5,2004-04-23
8345,2535512,4,2004-09-13
8345,1833930,2,2004-09-21
8345,2056022,2,2004-11-05
8345,2522394,1,2004-12-28
8345,682402,5,2005-07-16
8345,101083,3,2004-08-05
8345,2097277,3,2004-06-03
8345,1673564,3,2004-06-17
8345,2387816,3,2004-05-31
8345,2219709,4,2005-11-03
8345,1523608,1,2004-07-18
8345,2607433,4,2004-06-09
8345,817916,2,2004-04-21
8345,478715,5,2004-08-18
8345,1642992,4,2004-12-11
8345,2411000,3,2004-06-19
8345,1872817,5,2004-04-13
8345,2212967,4,2004-04-20
8345,2023003,4,2004-08-06
8345,998625,3,2004-08-18
8345,271141,2,2005-01-19
8345,2126849,4,2004-12-04
8345,2226220,3,2004-06-26
8345,934315,4,2004-05-13
8345,2140045,4,2004-04-26
8345,1233955,3,2004-04-06
8345,2403156,3,2004-07-18
8345,760923,3,2004-06-30
8345,252524,4,2004-05-26
8345,2299899,3,2005-01-29
8345,386241,3,2004-09-10
8345,2494244,1,2004-06-27
8345,567512,3,2004-05-15
8345,1190248,2,2004-04-07
8345,2087490,3,2004-04-05
8345,1349663,3,2004-07-13
8345,13586,3,2004-06-04
8345,1961942,2,2005-06-03
8345,2276659,2,2004-03-03
8345,1760618,4,2004-07-21
8345,1303931,3,2004-04-20
8345,1622637,2,2004-03-31
8345,675604,5,2004-07-11
8345,2150356,2,2004-10-19
8345,990248,5,2005-01-19
8345,1820071,4,2005-11-28
8345,1762077,2,2004-06-03
8345,7576,3,2004-04-15
8345,1175842,5,2004-03-22
8345,135878,4,2004-11-10
8345,357588,3,2005-03-03
8345,934230,3,2005-11-21
8345,2554525,1,2004-06-02
8345,918761,2,2004-07-30
8345,838343,4,2004-04-02
8345,2576502,3,2004-05-11
8345,1402913,5,2004-04-08
8345,422795,3,2004-08-15
8345,2470408,3,2004-04-08
8345,677583,4,2004-06-23
8345,530891,5,2004-06-16
8345,25452,4,2004-08-09
8345,2360817,4,2005-08-24
8345,1674534,3,2004-09-23
8345,936639,1,2004-10-04
8345,1253513,2,2005-06-20
8345,223488,3,2005-11-13
8345,2386868,3,2004-02-24
8345,1120153,5,2004-07-25
8345,2245480,4,2004-07-08
8345,2364958,3,2004-04-08
8345,1826544,2,2004-05-26
8345,1355792,1,2004-08-13
8345,85693,5,2004-09-23
8345,1625448,4,2005-10-27
8345,613783,4,2004-04-16
8345,65902,5,2004-06-03
8345,1042459,1,2004-06-23
8345,2290244,5,2004-07-06
8345,255470,4,2004-07-17
8345,2061495,3,2005-03-28
8345,2615895,4,2005-04-01
8345,622515,1,2005-05-31
8345,600710,3,2005-09-23
8345,1135956,3,2005-11-27
8345,387418,2,2004-02-13
8345,1069480,4,2004-07-22
8345,2145564,4,2004-08-02
8345,690754,5,2004-05-24
8345,142543,2,2004-05-20
8345,2603678,4,2004-09-09
8345,1130923,4,2005-01-13
8345,292028,2,2005-05-09
8345,435218,3,2005-07-07
8345,340618,3,2005-07-16
8345,353102,3,2004-07-29
8345,1900774,4,2004-10-20
8345,1009511,4,2005-05-12
8345,1287947,4,2004-09-03
8345,1540869,4,2005-09-02
8345,8895,4,2004-05-03
8345,2098449,5,2004-05-20
8345,2594516,4,2004-04-09
8345,280112,2,2004-05-18
8345,1474031,3,2005-08-04
8345,774730,4,2004-03-13
8345,1089664,1,2004-06-07
8345,2309368,3,2004-06-30
8345,491060,2,2004-06-08
8345,1138735,3,2004-06-07
8345,1893841,1,2004-08-02
8345,705011,3,2004-08-26
8345,2228643,1,2004-08-15
8345,981733,3,2004-07-13
8345,437892,5,2004-08-06
8345,2321310,2,2004-07-12
8345,1932594,2,2004-05-29
8345,794999,5,2004-05-28
8345,1182922,3,2004-09-24
8345,2064058,5,2005-02-21
8345,2537089,2,2005-06-20
8345,857360,5,2005-09-27
8345,988945,2,2004-07-28
8345,2490948,5,2004-07-19
8345,726045,1,2005-07-13
8345,1534107,5,2004-05-27
8345,182875,3,2004-09-16
8345,2519183,5,2004-03-08
8345,1059045,3,2004-07-18
8345,227257,5,2004-07-19
8345,393928,3,2004-05-24
8345,263199,5,2004-11-22
8345,451743,3,2004-12-10
8345,1777156,1,2005-04-26
8345,2185950,4,2005-11-14
8345,1476360,1,2005-07-05
8345,1230428,3,2004-06-10
8345,2602641,5,2004-05-25
8345,1859919,2,2004-11-22
8345,1064668,2,2004-11-23
8345,1663888,4,2005-05-17
8345,1194316,2,2004-03-31
8345,804335,5,2004-09-05
8345,756838,3,2004-06-14
8345,1385357,4,2004-04-04
8345,1776785,2,2004-05-28
8345,1666901,2,2004-06-20
8345,6082,3,2004-08-09
8345,1446032,5,2004-05-09
8345,1865929,2,2004-09-09
8345,1183532,3,2004-09-22
8345,1094390,1,2004-09-30
8345,775822,3,2004-04-22
8345,2384478,5,2004-12-28
8345,723223,3,2004-03-13
8345,2261394,4,2004-09-04
8345,426005,4,2004-08-06
8345,2131794,2,2005-07-23
8345,918773,5,2004-03-19
8345,272565,2,2004-06-14
8345,33253,2,2004-07-01
8345,2642897,2,2004-06-29
8345,2005413,5,2004-08-18
8345,829168,5,2004-09-03
8345,1181483,2,2004-10-01
8345,635152,3,2004-10-30
8345,1899294,2,2004-12-22
8345,2262963,5,2005-03-18
8345,1082734,3,2004-05-24
8345,606207,3,2004-09-27
8345,2214487,3,2005-10-23
8345,2558201,4,2004-07-06
8345,2472158,2,2004-04-04
8345,1653428,3,2004-06-24
8345,1233297,3,2005-01-23
8345,1187163,4,2005-01-25
8345,1655232,3,2005-03-08
8345,1694590,4,2004-06-15
8345,1241148,2,2004-09-21
8345,1763703,4,2004-09-28
8345,655194,1,2005-07-17
8345,1809440,1,2004-08-02
8345,947403,3,2004-06-03
8345,164647,4,2004-05-14
8345,334527,5,2004-06-22
8345,2612624,4,2004-09-10
8345,1559922,2,2004-10-06
8345,1475176,5,2005-01-01
8345,88571,3,2005-01-04
8345,790471,4,2005-01-20
8345,687010,4,2005-04-06
8345,535270,2,2004-05-10
8345,361576,2,2004-05-20
8345,1337954,1,2004-05-02
8345,1064308,3,2004-02-22
8345,850307,5,2004-07-26
8345,2003621,5,2004-07-19
8345,2157820,3,2004-06-16
8345,1126567,3,2004-04-01
8345,1826290,3,2004-08-27
8345,1115940,2,2004-02-24
8345,1869071,2,2004-07-07
8345,138649,3,2004-02-24
8345,569549,4,2004-07-19
8345,1688430,2,2004-06-23
8345,615869,5,2004-06-15
8345,2392270,5,2004-09-08
8345,1995132,4,2004-03-23
8345,2232581,4,2004-07-27
8345,1790259,5,2004-05-17
8345,1440251,2,2004-08-23
8345,2296120,3,2004-03-10
8345,2132239,4,2004-03-22
8345,10728,4,2005-07-19
8345,2492163,3,2004-07-09
8345,2189218,1,2004-06-13
8345,632265,3,2004-05-06
8345,1061120,2,2004-06-24
8345,1852040,2,2004-05-27
8345,544804,4,2004-09-21
8345,221557,4,2005-04-06
8345,1760540,3,2005-07-11
8345,1621048,3,2005-08-04
8345,1062414,4,2004-03-03
8345,926619,4,2004-05-18
8345,2171605,4,2004-07-15
8345,501667,5,2004-12-24
8345,399298,4,2005-04-13
8345,938212,2,2005-04-14
8345,448827,5,2004-05-20
8345,14974,3,2004-04-30
8345,1340811,2,2004-09-12
8345,1421444,4,2004-05-03
8345,1103929,2,2004-08-29
8345,198464,3,2004-09-30
8345,521793,4,2004-11-07
8345,1865947,2,2004-12-30
8345,443186,1,2005-03-07
8345,2553138,4,2004-07-08
8345,1070787,2,2004-07-08
8345,1472772,4,2004-06-01
8345,1618889,4,2004-06-23
8345,1740681,4,2004-12-01
8345,1711016,2,2004-08-02
8345,1938999,3,2004-02-29
8345,1997813,5,2005-03-12
8345,389400,3,2005-06-08
8345,25584,5,2005-06-28
8345,1929004,4,2005-09-21
8345,2268901,2,2005-10-03
8345,1429820,4,2004-04-02
8345,696672,5,2004-05-28
8345,1566816,3,2004-06-26
8345,1191319,5,2004-05-25
8345,2460130,4,2005-06-23
8345,692831,2,2004-04-21
8345,2219917,2,2004-04-15
8345,344193,3,2004-09-14
8345,1442506,2,2004-05-03
8345,657212,5,2004-02-25
8345,1532085,3,2004-06-07
8345,2057056,3,2004-04-09
8345,1647308,4,2005-02-23
8345,1059038,1,2005-04-18
8345,1359521,3,2005-06-09
8345,1550216,3,2005-11-10
8345,1481812,5,2004-05-25
8345,2233585,1,2004-05-11
8345,2067143,4,2004-11-28
8345,258370,4,2004-12-18
8345,113104,1,2005-05-02
8345,238912,2,2004-04-09
8345,369317,1,2004-03-07
8345,844154,2,2004-05-18
8345,1686044,5,2004-08-27
8345,1548623,1,2004-08-20
8345,814660,5,2004-07-16
8345,234240,4,2005-02-16
8345,1213178,5,2005-11-30
8345,365996,5,2004-05-12
8345,900899,4,2004-08-20
8345,1443672,4,2005-09-02
8345,1025133,3,2005-01-28
8345,1519024,3,2005-07-27
8345,2195240,2,2004-03-29
8345,770268,4,2004-07-31
8345,234568,3,2004-09-19
8345,1048213,4,2004-11-09
8345,1961675,3,2005-05-24
