10394,1712923,3,2005-08-04
10394,2010119,4,2005-10-03
10394,1422686,4,2005-09-02
10394,303948,3,2005-08-13
10394,125296,4,2005-09-03
10394,1227322,1,2005-07-22
10394,719014,3,2005-08-23
10394,1456676,4,2005-09-29
10394,2388205,3,2005-08-25
10394,547561,3,2005-08-27
10394,1207292,3,2005-09-21
10394,1487216,1,2005-12-31
10394,564451,4,2005-07-15
10394,1784150,3,2005-08-21
10394,2242128,3,2005-08-09
10394,2079367,3,2005-08-30
10394,108442,4,2005-09-16
10394,1001129,3,2005-07-22
10394,8999,3,2005-11-01
10394,846661,2,2005-08-07
10394,1613540,3,2005-08-17
10394,1944765,3,2005-10-11
10394,1314869,2,2005-07-22
10394,2369150,1,2005-08-15
10394,1130133,3,2005-12-31
10394,2237185,4,2005-09-04
10394,2439493,1,2005-07-25
10394,388863,3,2005-09-12
10394,2391213,2,2005-08-30
10394,1563935,1,2005-08-10
10394,2547219,3,2005-09-19
10394,632193,3,2005-11-01
10394,2523426,3,2005-10-10
10394,651625,3,2005-10-24
10394,1256816,4,2005-09-28
10394,1221645,3,2005-08-16
10394,1743858,3,2005-09-03
10394,2332009,4,2005-09-15
10394,662917,2,2005-11-08
10394,1105029,1,2005-08-20
10394,1163442,4,2005-12-27
10394,2065164,3,2005-12-03
10394,2427474,4,2005-09-25
10394,236160,3,2005-07-29
10394,1106241,1,2005-08-30
10394,408200,3,2005-08-19
10394,1279012,2,2005-09-21
10394,2397061,3,2005-10-20
10394,907456,3,2005-10-15
10394,97893,3,2005-10-24
10394,1922607,3,2005-09-05
10394,1609906,3,2005-09-06
10394,2260832,3,2005-11-19
10394,2560486,4,2005-08-07
10394,2250382,2,2005-09-15
10394,1679359,3,2005-08-31
10394,1664010,3,2005-10-12
10394,57816,3,2005-08-08
10394,2297136,1,2005-08-12
10394,1512053,5,2005-12-01
10394,1394012,3,2005-09-30
10394,1063188,5,2005-10-28
10394,1079613,3,2005-08-01
10394,2198341,3,2005-10-09
10394,2608144,3,2005-08-30
10394,303177,3,2005-10-10
10394,654283,5,2005-08-10
10394,3321,3,2005-12-31
10394,1323985,4,2005-10-22
10394,2305725,4,2005-11-29
10394,186728,5,2005-09-12
10394,953256,3,2005-10-21
10394,2606799,1,2005-07-26
10394,1557557,3,2005-08-10
10394,2544308,3,2005-09-16
10394,1069917,5,2005-09-11
10394,1493247,3,2005-08-05
10394,504620,1,2005-08-12
10394,943778,4,2005-08-23
10394,2352307,3,2005-10-26
10394,1523077,4,2005-12-20
10394,305344,1,2005-07-22
10394,2538506,3,2005-08-21
10394,1694750,3,2005-08-04
10394,1728528,2,2005-09-30
10394,635056,3,2005-11-21
10394,1403217,2,2005-08-10
10394,1158779,5,2005-09-28
10394,1506186,3,2005-11-21
10394,2075608,4,2005-12-06
10394,2135226,3,2005-09-14
10394,510641,3,2005-10-29
10394,1335658,3,2005-09-21
10394,1110164,3,2005-08-03
10394,1857226,1,2005-08-09
10394,1998465,4,2005-10-20
10394,1696450,4,2005-11-01
10394,1084059,3,2005-11-02
10394,555528,3,2005-08-12
10394,2056022,2,2005-07-22
10394,1806515,3,2005-08-20
10394,2118461,3,2005-12-20
10394,2175538,4,2005-09-15
10394,387418,3,2005-08-06
10394,691808,3,2005-08-03
10394,1114324,1,2005-07-24
10394,671319,3,2005-08-23
10394,492291,2,2005-08-22
10394,495490,3,2005-08-13
10394,1461435,1,2005-07-22
10394,1559741,4,2005-08-06
10394,2122667,3,2005-07-30
10394,128311,2,2005-10-06
10394,64455,5,2005-12-31
10394,742199,3,2005-08-08
10394,2339135,2,2005-08-19
10394,2143500,2,2005-07-25
10394,2460052,3,2005-10-24
10394,998236,3,2005-11-26
10394,350193,2,2005-11-11
10394,461227,4,2005-11-27
10394,1959417,3,2005-08-09
10394,1058930,3,2005-08-29
10394,1612901,3,2005-09-05
10394,1257454,1,2005-08-12
10394,2460130,3,2005-08-23
10394,2279990,3,2005-11-08
10394,1088839,4,2005-07-22
10394,709867,3,2005-08-01
