6212,991725,3,2002-09-30
6212,892914,2,2003-04-12
6212,2535052,3,2003-08-15
6212,76196,1,2001-12-27
6212,1622305,3,2003-03-06
6212,449743,1,2002-11-27
6212,291238,2,2005-11-01
6212,185495,1,2003-08-27
6212,1474981,5,2005-10-17
6212,2554745,1,2002-04-08
6212,1227322,1,2005-05-25
6212,165698,3,2003-07-24
6212,1428435,3,2000-05-11
6212,1787989,4,2000-03-08
6212,282888,3,2002-05-12
6212,1048793,2,2002-08-27
6212,2000309,5,2005-08-28
6212,2604976,2,2002-03-13
6212,779336,5,2002-05-23
6212,1272379,1,2002-03-06
6212,1832860,4,2000-01-28
6212,1054564,3,2002-11-06
6212,1116219,2,2002-10-27
6212,387341,3,2002-01-17
6212,1166912,3,2005-09-21
6212,227076,2,2002-03-25
6212,2439493,1,2003-06-02
6212,492714,1,2002-08-20
6212,1964931,3,2005-10-07
6212,202678,2,2002-09-09
6212,1876520,1,2002-05-13
6212,2495881,2,2005-05-25
6212,381160,1,2001-02-27
6212,767958,3,2001-06-29
6212,2441155,3,2003-05-06
6212,1285389,3,2001-02-25
6212,2199712,3,2003-08-25
6212,506372,5,2002-01-25
6212,2083367,3,2002-08-16
6212,370754,3,2002-03-07
6212,509366,2,2003-07-15
6212,1664010,3,2005-10-12
6212,2375585,3,2003-04-28
6212,550341,3,2001-12-08
6212,2057438,3,2002-02-08
6212,1298511,4,2002-09-19
6212,406471,5,2005-03-25
6212,71594,2,2000-04-13
6212,539264,2,2000-04-20
6212,1433785,2,2005-10-06
6212,531125,1,2005-09-09
6212,856368,1,2003-06-19
6212,784305,2,2002-02-27
6212,2127205,3,2003-06-06
6212,1943911,2,2003-02-14
6212,1328029,3,2005-12-09
6212,1996154,4,2002-01-29
6212,1590217,4,2002-08-27
6212,789014,1,2003-02-17
6212,798296,1,2002-10-03
6212,1234660,3,2003-08-21
6212,1181558,4,2002-06-26
6212,305344,2,2003-08-28
6212,1203545,5,2005-06-17
6212,1403217,1,2005-06-17
6212,558995,4,2003-01-23
6212,864044,5,2005-04-19
6212,739009,2,2005-12-14
6212,724151,4,2005-04-14
6212,2101995,5,2002-08-17
6212,2566731,1,2001-05-03
6212,321218,2,2003-07-31
6212,1134088,4,2002-07-22
6212,1587746,5,2002-04-24
6212,1769444,1,2003-07-23
6212,752642,1,2001-06-16
6212,911003,3,2002-10-25
6212,267689,3,2002-06-05
6212,2056022,4,2003-02-28
6212,2238663,4,2005-05-16
6212,1677370,3,2005-06-14
6212,2067849,5,2003-04-23
6212,1300500,3,2001-03-17
6212,1047788,4,2002-09-08
6212,411290,3,2005-04-14
6212,2097548,3,2005-07-22
6212,5256,4,2005-08-28
6212,387418,1,2005-05-24
6212,1029163,1,2002-05-20
6212,2341353,4,2002-11-02
6212,1809784,1,2001-02-23
6212,1137157,4,2002-12-05
6212,356615,1,2002-05-17
6212,1342551,2,2003-05-14
6212,622909,3,2005-12-18
6212,769335,5,2005-09-05
6212,1824061,1,2001-08-18
6212,1639792,1,2002-04-05
6212,2020475,2,2001-06-30
6212,2360801,2,2003-05-24
6212,1375887,5,2003-07-01
