12249,1945809,1,2001-06-26
12249,1281187,3,2003-07-24
12249,2581970,3,2002-11-10
12249,439011,5,2002-12-06
12249,1330766,1,2003-12-26
12249,1141370,1,2004-02-07
12249,1294425,3,2003-11-01
12249,530441,4,2003-12-01
12249,1074029,1,2004-01-18
12249,375269,5,2004-11-19
12249,1869884,3,2005-02-15
12249,1103135,5,2005-02-16
12249,1291393,1,2005-10-23
12249,1066843,4,2002-11-12
12249,2032427,1,2005-08-11
12249,1876625,3,2004-05-15
12249,2158667,2,2003-11-23
12249,2616966,5,2003-12-27
12249,2477414,5,2004-07-18
12249,1146418,5,2005-03-19
12249,2408126,5,2005-09-20
12249,1971852,3,2005-11-25
12249,76196,1,2001-12-11
12249,643182,3,2002-04-09
12249,364764,3,2002-08-14
12249,2507180,3,2002-09-10
12249,908205,1,2003-10-20
12249,2259594,5,2004-03-04
12249,1197032,2,2003-09-18
12249,2625420,2,2004-12-06
12249,1502043,4,2004-12-31
12249,1650301,2,2005-05-13
12249,2348376,1,2005-06-29
12249,2562208,2,2001-11-18
12249,2260788,1,2003-06-09
12249,2030564,1,2003-12-04
12249,223183,5,2003-01-13
12249,957447,3,2005-09-05
12249,1955896,5,2004-01-10
12249,502355,3,2004-05-21
12249,1363333,3,2005-02-17
12249,1310250,3,2005-10-24
12249,503548,3,2005-11-28
12249,1482784,4,2005-07-12
12249,2331306,1,2003-06-01
12249,1454357,2,2003-09-06
12249,1757470,1,2004-09-04
12249,535268,4,2004-08-16
12249,2474387,2,2004-09-12
12249,298900,2,2004-09-18
12249,860203,3,2005-01-19
12249,989228,5,2005-01-31
12249,303321,4,2005-04-07
12249,538483,5,2005-06-12
12249,724399,1,2005-11-18
12249,241801,3,2005-11-22
12249,1618095,3,2003-04-05
12249,769782,5,2001-09-12
12249,1803042,5,2002-11-24
12249,1900854,3,2003-09-14
12249,2586076,5,2005-09-25
12249,1740618,3,2004-09-23
12249,2451008,3,2004-08-07
12249,2648436,2,2005-01-19
12249,2170890,5,2005-05-13
12249,1754787,5,2005-09-28
12249,2402990,2,2003-01-21
12249,690505,2,2004-05-09
12249,1353849,5,2005-08-17
12249,1647196,3,2003-02-14
12249,1964248,4,2005-09-04
12249,1495252,1,2003-10-20
12249,850194,2,2003-10-06
12249,263494,5,2004-07-24
12249,933531,3,2004-09-11
12249,1679065,1,2005-01-19
12249,888619,5,2005-02-14
12249,1362880,3,2005-02-22
12249,2074781,4,2005-02-22
12249,1924821,1,2005-03-28
12249,200255,3,2005-10-10
12249,1124336,1,2005-09-08
12249,748877,3,2001-09-28
12249,834267,2,2004-05-23
12249,2410056,3,2005-02-26
12249,2637948,3,2002-07-29
12249,1602333,3,2002-03-26
12249,2475820,2,2002-11-25
12249,603908,4,2002-07-01
12249,1838568,4,2003-05-19
12249,119496,4,2005-08-24
12249,1858921,4,2004-03-24
12249,1888772,4,2003-10-21
12249,941624,4,2004-09-15
12249,2600558,5,2004-11-04
12249,1488117,4,2005-01-05
12249,610033,5,2005-05-15
12249,1809046,4,2005-11-17
12249,1492122,1,2003-09-24
12249,1034415,3,2001-09-07
12249,125296,3,2004-08-24
12249,1232084,2,2004-01-11
12249,344554,4,2005-08-30
12249,489679,4,2005-01-19
12249,1098965,5,2005-01-27
12249,757996,4,2005-02-17
12249,2048686,2,2001-10-30
12249,1029224,1,2001-06-23
12249,2013752,4,2005-07-16
12249,1493656,2,2001-12-14
12249,10273,3,2002-03-18
12249,1765286,4,2003-09-23
12249,483284,4,2002-09-27
12249,806909,5,2003-12-29
12249,78535,4,2004-02-16
12249,128921,1,2003-12-15
12249,2382057,2,2005-09-04
12249,2540853,3,2003-11-13
12249,427928,3,2003-10-16
12249,654189,4,2004-05-10
12249,86365,4,2004-08-23
12249,2626694,4,2004-10-26
12249,1094578,5,2005-03-04
12249,879812,1,2005-04-17
12249,1115773,4,2005-06-05
12249,2148703,2,2005-09-12
12249,433215,4,2005-09-30
12249,444370,3,2005-10-04
12249,1120202,5,2005-10-31
12249,564603,2,2003-08-07
12249,1574252,4,2005-07-23
12249,404652,1,2003-11-29
12249,1608294,3,2003-01-11
12249,2265270,2,2003-11-21
12249,1927897,5,2003-12-20
12249,1519094,2,2003-10-27
12249,902532,2,2005-08-27
12249,2101308,1,2004-10-23
12249,1681133,3,2005-10-11
12249,1128779,3,2005-11-12
12249,779661,2,2001-10-28
12249,252105,2,2001-10-11
12249,530670,2,2001-06-03
12249,780937,3,2002-11-11
12249,832907,3,2004-08-25
12249,61472,2,2003-09-15
12249,870375,4,2004-05-04
12249,776081,2,2004-01-10
12249,950698,4,2004-07-28
12249,2244599,5,2004-09-12
12249,1540839,5,2005-01-19
12249,641013,2,2005-03-22
12249,1375808,5,2005-04-02
12249,1735228,3,2005-09-17
12249,855711,3,2005-09-25
12249,2172311,3,2005-11-04
12249,2203834,3,2002-01-31
12249,992186,4,2002-08-07
12249,2561861,3,2002-08-18
12249,408167,4,2003-05-28
12249,920882,3,2003-05-08
12249,1988873,3,2003-06-18
12249,85550,4,2004-07-19
12249,1770682,4,2005-09-09
12249,1477234,1,2003-09-23
12249,303637,2,2004-05-04
12249,1179117,1,2004-07-09
12249,962439,5,2005-02-27
12249,2067044,4,2005-05-28
12249,1967164,1,2005-10-24
12249,1230110,1,2004-02-07
12249,1048793,2,2002-12-31
12249,570929,3,2003-03-28
12249,255552,3,2003-11-07
12249,2137489,3,2003-10-14
12249,80916,2,2003-10-18
12249,302785,2,2003-09-27
12249,2286671,4,2004-10-01
12249,207574,1,2005-02-23
12249,2266083,2,2005-07-01
12249,476110,3,2005-12-08
12249,639664,4,2005-12-10
12249,1413757,1,2001-06-28
12249,381129,3,2001-09-09
12249,1521970,2,2002-04-26
12249,2250224,3,2003-04-24
12249,2178659,1,2003-10-17
12249,514877,2,2004-01-20
12249,348070,4,2004-07-05
12249,1207614,4,2004-09-07
12249,2582726,5,2004-07-21
12249,2631605,4,2004-09-14
12249,1263381,5,2005-06-16
12249,1189678,4,2005-06-07
12249,711031,1,2005-11-05
12249,541870,2,2004-08-29
12249,1150754,5,2002-11-12
12249,346231,3,2003-11-25
12249,1327201,5,2004-05-28
12249,1375880,1,2003-10-28
12249,1319449,1,2004-05-15
12249,2495094,3,2004-09-06
12249,153102,4,2005-02-20
12249,1784150,5,2005-03-28
12249,1135631,5,2005-04-06
12249,114551,3,2005-03-31
12249,1308744,1,2005-10-29
12249,1033433,3,2003-08-11
12249,2537646,3,2001-10-19
12249,746609,2,2003-08-10
12249,1020606,3,2003-02-17
12249,2245347,2,2002-10-25
12249,2580283,3,2005-09-02
12249,1665326,4,2005-09-06
12249,1448885,3,2003-12-06
12249,126397,4,2004-01-11
12249,2053014,5,2004-02-06
12249,2213566,4,2004-12-08
12249,1742767,5,2001-04-23
12249,318199,3,2002-04-17
12249,1307137,4,2004-04-12
12249,1923334,4,2005-08-13
12249,2043555,1,2005-08-22
12249,1997619,3,2004-05-23
12249,2235671,3,2004-02-06
12249,1256124,1,2004-02-05
12249,1344568,4,2004-05-18
12249,682611,3,2004-11-17
12249,403766,3,2005-01-02
12249,1843338,1,2005-09-16
12249,1729930,3,2005-09-18
12249,1845337,4,2005-10-22
12249,1715887,5,2005-11-16
12249,213704,1,2002-01-21
12249,1259696,3,2002-02-23
12249,2515643,1,2002-06-23
12249,470232,3,2003-01-17
12249,1226844,2,2003-04-02
12249,2533524,3,2003-08-05
12249,717542,2,2003-11-07
12249,411519,3,2004-02-04
12249,394897,1,2004-01-02
12249,944968,3,2004-09-06
12249,2522648,4,2004-10-19
12249,2284938,1,2005-03-27
12249,1782505,3,2005-06-19
12249,1960529,2,2005-07-06
12249,1044325,2,2002-11-19
12249,2427520,1,2005-08-05
12249,285031,3,2003-07-30
12249,1834234,1,2004-07-04
12249,550771,2,2004-07-09
12249,414603,3,2003-12-30
12249,1001129,2,2004-10-10
12249,1122403,4,2004-11-28
12249,1559166,3,2005-02-04
12249,1526507,3,2005-03-23
12249,1189488,3,2005-11-16
12249,1809808,1,2001-06-13
12249,1780355,3,2002-05-11
12249,581955,1,2003-10-13
12249,1643984,4,2003-06-25
12249,1657342,3,2002-06-28
12249,224880,1,2002-11-03
12249,730709,3,2003-01-14
12249,955706,1,2003-02-26
12249,1099254,5,2005-08-23
12249,1911527,4,2003-12-22
12249,2403277,2,2004-08-20
12249,1996226,5,2004-11-10
12249,1087061,4,2005-01-12
12249,1705503,4,2005-05-02
12249,29318,1,2005-06-17
12249,501042,1,2005-10-31
12249,651102,4,2005-11-27
12249,1801709,4,2005-12-22
12249,2073766,3,2005-07-17
12249,831842,4,2002-02-26
12249,155885,2,2002-02-11
12249,1721134,2,2003-06-30
12249,2006556,1,2005-08-10
12249,1254310,1,2003-12-04
12249,2643247,1,2003-11-11
12249,541239,3,2004-06-21
12249,1331266,5,2005-01-31
12249,2366924,4,2005-05-25
12249,182198,1,2005-12-07
12249,1811360,4,2005-11-02
12249,2129436,5,2002-05-14
12249,1014928,3,2004-09-04
12249,962098,2,2003-04-22
12249,11492,3,2003-07-08
12249,826291,4,2003-07-10
12249,1150912,2,2005-08-13
12249,2507148,4,2003-03-07
12249,654338,3,2005-08-21
12249,1708625,1,2003-03-22
12249,779144,1,2003-11-23
12249,2238783,5,2004-02-21
12249,1330878,5,2004-06-24
12249,1171859,3,2004-08-22
12249,811466,1,2005-06-27
12249,1709239,3,2003-11-15
12249,2053837,1,2001-10-24
12249,986319,4,2002-02-09
12249,323904,5,2005-07-29
12249,1583994,3,2002-07-31
12249,2466210,1,2003-12-10
12249,2244190,3,2003-02-24
12249,912093,4,2003-03-30
12249,956264,2,2003-03-24
12249,1332983,1,2004-02-14
12249,1498400,1,2004-01-20
12249,1843540,3,2005-01-22
12249,2030513,3,2005-02-07
12249,830282,5,2005-04-26
12249,96125,5,2005-09-16
12249,1203672,3,2002-02-20
12249,1862392,3,2003-06-13
12249,1947698,1,2001-11-07
12249,900455,2,2001-09-21
12249,1020186,3,2002-02-10
12249,2162200,3,2005-08-02
12249,474617,3,2003-05-21
12249,2006223,5,2004-04-15
12249,356100,3,2004-06-05
12249,980181,5,2004-03-30
12249,2476029,1,2005-08-26
12249,1801615,3,2004-09-08
12249,795665,4,2004-04-18
12249,70071,1,2004-10-28
12249,473452,3,2004-11-01
12249,2054945,5,2004-12-22
12249,1579340,5,2005-04-12
12249,2590873,3,2005-11-02
12249,1885311,3,2005-11-22
12249,312299,3,2005-07-05
12249,508380,3,2001-09-06
12249,467036,3,2001-12-28
12249,50356,1,2001-06-19
12249,235789,3,2005-07-25
12249,1855500,4,2004-04-14
12249,627312,3,2002-12-18
12249,1567202,1,2003-01-15
12249,2424677,4,2004-06-02
12249,2287213,5,2004-09-07
12249,1512617,5,2004-08-23
12249,1376175,5,2004-10-12
12249,530289,2,2005-03-21
12249,1258163,5,2005-05-01
12249,921502,4,2005-06-14
12249,2017924,3,2005-09-19
12249,933692,1,2005-11-20
12249,706264,2,2001-06-29
12249,974911,2,2002-11-06
12249,2617956,1,2001-12-20
12249,615453,1,2003-02-21
12249,671503,3,2002-01-23
12249,1532125,4,2004-02-25
12249,1997436,1,2003-11-09
12249,614672,3,2002-04-03
12249,1272379,1,2002-01-25
12249,1404346,2,2004-02-06
12249,529963,5,2002-08-01
12249,695555,3,2003-05-27
12249,2170930,1,2005-09-02
12249,2352563,2,2003-09-04
12249,1110523,5,2004-07-30
12249,495481,4,2004-09-23
12249,1139957,1,2004-09-28
12249,67329,3,2005-09-13
12249,363550,5,2005-11-19
12249,195120,5,2005-07-10
12249,1592917,3,2003-04-14
12249,2068876,5,2003-08-17
12249,2088377,1,2003-10-06
12249,2414559,3,2004-05-12
12249,1045227,5,2004-05-04
12249,104899,1,2004-07-11
12249,1475543,2,2005-01-19
12249,1631874,4,2005-03-05
12249,1726810,3,2005-03-07
12249,2648181,4,2005-11-08
12249,1620655,3,2005-07-11
12249,313419,4,2001-09-11
12249,1425332,3,2003-03-15
12249,1883721,1,2004-02-19
12249,784766,4,2004-07-23
12249,1314869,4,2004-09-17
12249,1327781,3,2004-10-04
12249,2466815,3,2005-03-20
12249,1937449,3,2005-04-20
12249,2395715,5,2005-10-04
12249,1261084,1,2001-06-16
12249,2440819,2,2004-09-13
12249,1377848,5,2005-07-19
12249,2209897,1,2001-12-10
12249,664543,2,2003-04-30
12249,460446,1,2004-02-01
12249,354326,1,2005-07-26
12249,2032944,3,2002-12-07
12249,2041493,2,2003-01-01
12249,1130133,2,2003-06-14
12249,671071,1,2003-02-20
12249,1356204,5,2005-08-25
12249,2043344,1,2003-09-05
12249,1234055,4,2003-09-04
12249,1794651,4,2004-03-25
12249,1148114,3,2004-08-18
12249,312661,1,2005-01-25
12249,385778,2,2005-04-18
12249,2297762,4,2005-04-29
12249,621283,5,2005-05-12
12249,905074,1,2005-06-12
12249,2321663,1,2005-07-03
12249,1882485,5,2005-11-18
12249,692876,3,2005-09-29
12249,2165233,5,2003-07-05
12249,330341,1,2003-08-27
12249,2412709,1,2003-09-03
12249,2183706,2,2003-11-25
12249,1893319,5,2004-10-29
12249,1377620,4,2005-02-09
12249,912110,2,2005-10-23
12249,2534406,1,2005-11-04
12249,1730191,1,2002-04-22
12249,1191031,2,2001-06-29
12249,1820891,3,2002-08-02
12249,2054829,3,2003-08-26
12249,556134,5,2002-09-21
12249,514617,4,2002-11-06
12249,974588,1,2004-01-22
12249,969845,4,2003-06-21
12249,1024885,3,2003-05-13
12249,1166912,1,2003-05-26
12249,928664,5,2004-09-03
12249,539162,4,2004-09-02
12249,689026,2,2004-01-27
12249,1815541,5,2004-11-13
12249,867886,3,2005-01-07
12249,1174916,3,2005-01-08
12249,1485830,5,2005-02-05
12249,920932,3,2005-05-01
12249,2414026,3,2005-06-26
12249,1133946,1,2004-01-08
12249,2196925,4,2004-06-22
12249,807754,4,2005-07-31
12249,753097,2,2003-09-30
12249,1850670,4,2002-12-31
12249,1053758,4,2003-04-07
12249,2593882,1,2003-06-26
12249,2062350,5,2003-06-19
12249,770344,4,2004-07-18
12249,1084720,4,2004-07-26
12249,881120,2,2005-04-26
12249,2199270,1,2005-09-28
12249,1605122,2,2001-06-24
12249,2065983,2,2003-03-14
12249,397407,4,2002-09-09
12249,2379951,1,2002-09-06
12249,2300581,3,2003-08-27
12249,1779104,3,2002-09-09
12249,397684,5,2005-08-07
12249,1468092,2,2005-08-15
12249,472747,3,2003-07-03
12249,277489,3,2005-08-20
12249,1933255,2,2003-11-16
12249,2331152,3,2004-05-15
12249,1653468,3,2004-08-08
12249,382234,4,2004-09-09
12249,2416772,2,2004-09-22
12249,1819462,1,2005-03-17
12249,2479753,5,2005-03-18
12249,658115,4,2005-06-02
12249,246287,4,2005-06-16
12249,428831,1,2005-06-25
12249,1953981,3,2005-09-11
12249,1389360,1,2005-11-12
12249,310327,4,2005-11-14
12249,547130,1,2005-07-09
12249,1491850,5,2005-07-09
12249,288133,2,2001-10-24
12249,2439493,1,2003-01-14
12249,765860,1,2002-06-20
12249,479924,3,2003-10-12
12249,1592729,4,2003-05-04
12249,1993563,5,2003-06-30
12249,1093011,2,2003-08-19
12249,530789,1,2003-11-19
12249,173226,4,2003-06-16
12249,1382766,3,2003-08-23
12249,1302220,3,2004-04-04
12249,418653,3,2004-09-05
12249,727924,1,2004-09-10
12249,212329,3,2005-06-15
12249,302406,3,2005-10-22
12249,2108370,3,2002-11-19
12249,1943529,3,2004-11-27
12249,73094,3,2001-09-15
12249,203985,3,2001-11-20
12249,131464,5,2001-11-26
12249,2037043,4,2005-08-01
12249,1198604,5,2005-02-08
12249,476743,2,2004-01-02
12249,2503684,2,2004-02-24
12249,595831,3,2004-01-26
12249,526568,2,2004-04-03
12249,2529179,5,2005-06-13
12249,582315,3,2005-06-16
12249,2161543,5,2005-10-02
12249,308088,1,2002-10-23
12249,1125733,3,2003-09-08
12249,734534,4,2002-08-22
12249,349285,1,2002-12-03
12249,548190,4,2003-06-19
12249,1248794,1,2003-10-13
12249,152436,1,2003-02-18
12249,164430,3,2004-03-17
12249,800617,4,2003-07-12
12249,116726,2,2003-10-15
12249,1736976,3,2004-01-17
12249,1457927,2,2003-09-02
12249,1850618,5,2004-04-30
12249,1678588,1,2004-02-10
12249,2279699,3,2004-02-29
12249,1153034,5,2004-08-24
12249,384681,4,2004-02-05
12249,624997,3,2004-09-03
12249,1017698,2,2004-11-02
12249,2005212,5,2005-02-16
12249,633802,5,2005-09-17
12249,460870,3,2005-12-03
12249,2269039,1,2003-04-11
12249,1182305,3,2003-11-21
12249,365596,1,2003-10-22
12249,1880074,3,2004-03-24
12249,1526298,1,2004-09-12
12249,2115756,5,2005-03-29
12249,2052691,3,2005-06-03
12249,2631410,4,2005-06-11
12249,787298,4,2005-09-30
12249,302434,4,2003-12-04
12249,1730430,1,2005-08-20
12249,1712930,4,2005-07-02
12249,1857615,2,2003-09-11
12249,1287267,3,2004-01-29
12249,1515401,4,2003-12-01
12249,782308,5,2004-09-19
12249,1438139,3,2004-10-17
12249,2456542,3,2004-11-16
12249,1665211,3,2005-02-24
12249,1539150,3,2005-07-10
12249,1101235,3,2002-05-14
12249,2484583,3,2002-03-13
12249,1977932,3,2003-08-15
12249,833390,4,2005-08-02
12249,2482738,1,2002-09-11
12249,1563935,1,2005-08-05
12249,1241834,4,2003-08-23
12249,2290263,1,2003-12-13
12249,127696,3,2004-08-09
12249,491694,3,2005-05-03
12249,18739,1,2005-12-15
12249,431571,1,2002-02-05
12249,57186,2,2003-10-21
12249,462107,4,2001-09-02
12249,561536,3,2003-07-14
12249,459448,1,2004-07-15
12249,754884,3,2004-06-29
12249,791243,3,2003-02-12
12249,2597191,4,2005-08-25
12249,1243621,1,2004-02-27
12249,1329870,3,2005-09-05
12249,582181,3,2003-07-15
12249,2066003,1,2003-10-22
12249,121458,5,2004-10-19
12249,1038251,4,2004-12-29
12249,152296,4,2005-02-28
12249,353443,3,2005-10-14
12249,2646842,5,2005-10-14
12249,524295,2,2005-07-05
12249,1386964,2,2005-07-14
12249,918562,5,2001-09-10
12249,2348253,5,2003-05-21
12249,1510091,1,2002-04-06
12249,1783249,4,2002-09-04
12249,63149,3,2004-08-05
12249,2514060,2,2004-01-08
12249,1639569,4,2003-06-06
12249,1684628,4,2003-11-11
12249,2253553,4,2004-07-04
12249,628431,3,2004-08-04
12249,457302,2,2004-11-15
12249,2368314,3,2004-12-09
12249,48222,3,2005-01-26
12249,1125226,4,2005-03-24
12249,638525,5,2005-10-06
12249,1216083,1,2005-10-09
12249,246973,3,2005-10-27
12249,1679094,4,2005-07-25
12249,2398061,2,2003-10-31
12249,1971394,5,2003-04-05
12249,1258969,2,2004-02-26
12249,976909,5,2005-08-11
12249,785453,5,2005-08-30
12249,2310492,4,2004-03-05
12249,402470,3,2004-03-17
12249,684876,5,2004-06-24
12249,1556391,5,2005-02-02
12249,165247,5,2005-03-15
12249,584399,5,2005-06-12
12249,1140762,2,2005-09-28
12249,382186,1,2001-06-15
12249,1434888,3,2003-02-24
12249,680148,3,2001-10-01
12249,2188378,3,2001-11-11
12249,584144,4,2005-02-20
12249,1132726,3,2004-04-26
12249,257673,5,2005-08-14
12249,2149059,3,2004-09-13
12249,1869082,3,2004-01-10
12249,1263759,5,2004-03-02
12249,1129687,3,2005-01-03
12249,1560283,2,2005-04-06
12249,2471947,3,2005-04-12
12249,2195361,4,2003-09-23
12249,448083,4,2005-01-10
12249,482373,5,2005-03-17
12249,1052129,5,2002-05-25
12249,946568,2,2003-03-25
12249,821220,1,2005-08-07
12249,817295,5,2003-07-17
12249,379848,1,2003-09-16
12249,255507,3,2003-11-01
12249,1420702,3,2004-03-29
12249,1717145,5,2004-03-14
12249,1275277,2,2004-10-05
12249,1683296,3,2004-10-13
12249,1256816,1,2005-09-29
12249,247932,2,2005-10-04
12249,400451,4,2002-03-26
12249,1290175,3,2003-04-29
12249,324169,4,2003-12-01
12249,2336556,1,2003-02-14
12249,447839,3,2003-05-25
12249,1028463,5,2005-03-10
12249,957118,3,2003-09-19
12249,152807,2,2005-03-16
12249,388941,1,2005-09-27
12249,1093198,1,2005-10-25
12249,223526,5,2005-12-03
12249,1990957,4,2001-11-06
12249,959536,4,2001-12-18
12249,183466,5,2001-10-09
12249,2255316,4,2003-07-04
12249,1820248,1,2005-08-04
12249,1415739,5,2003-11-07
12249,2290970,3,2003-08-04
12249,1182864,5,2003-07-14
12249,1832101,1,2005-03-23
12249,1490035,1,2005-05-31
12249,522846,1,2005-06-15
12249,1871800,2,2005-07-05
12249,85850,5,2005-07-18
12249,622731,2,2003-12-05
12249,1189875,2,2003-05-28
12249,871915,1,2003-09-24
12249,1449358,5,2003-12-20
12249,190585,3,2004-08-06
12249,1215467,2,2004-03-27
12249,1131302,1,2004-09-01
12249,141026,5,2005-02-08
12249,2245645,5,2005-05-30
12249,2347958,1,2005-06-09
12249,2555373,1,2005-07-10
12249,373891,5,2004-12-05
12249,1371678,1,2001-06-21
12249,2195071,4,2002-07-06
12249,2577898,3,2002-02-08
12249,596759,3,2003-03-14
12249,886478,5,2002-06-02
12249,1697201,2,2005-08-03
12249,2060291,1,2004-03-13
12249,1258763,4,2005-08-19
12249,310287,3,2003-04-26
12249,838661,5,2003-06-24
12249,1691661,1,2003-10-20
12249,1480219,5,2004-02-25
12249,663026,5,2004-07-10
12249,2456767,1,2004-12-14
12249,2571118,3,2004-12-19
12249,981619,4,2005-05-15
12249,962019,3,2005-09-19
12249,2596083,1,2005-10-08
12249,1470697,2,2005-12-18
12249,533527,1,2001-10-19
12249,568605,3,2004-01-02
12249,98818,4,2003-08-01
12249,1205651,4,2004-09-14
12249,2583709,4,2003-01-05
12249,1911857,1,2004-01-21
12249,874505,4,2005-08-17
12249,1087416,1,2005-06-25
12249,2462689,4,2005-08-26
12249,2561868,5,2005-08-29
12249,469770,1,2003-08-19
12249,2333055,2,2003-10-21
12249,2647713,4,2004-01-18
12249,1878071,1,2005-03-04
12249,1914257,3,2005-03-06
12249,447836,5,2005-06-03
12249,1702841,1,2005-06-10
12249,319335,2,2002-02-28
12249,814764,3,2005-03-20
12249,790249,1,2005-07-28
12249,140399,5,2003-11-04
12249,2134425,4,2002-08-21
12249,573203,3,2004-02-04
12249,875181,1,2004-01-22
12249,1533865,4,2004-01-27
12249,799672,4,2004-09-02
12249,2424683,1,2004-08-15
12249,1666107,5,2004-12-03
12249,1123870,3,2005-01-01
12249,2380197,1,2005-03-05
12249,270890,3,2005-04-11
12249,2109443,5,2005-04-11
12249,166501,2,2005-05-12
12249,640520,3,2005-12-28
12249,1396259,3,2001-11-30
12249,276617,1,2002-11-09
12249,1783491,1,2003-05-09
12249,153632,2,2004-03-16
12249,554437,5,2005-08-29
12249,1752077,5,2003-12-10
12249,128389,1,2004-04-25
12249,473625,3,2004-08-30
12249,139724,3,2004-10-22
12249,1284665,5,2005-03-18
12249,433120,1,2005-06-14
12249,769702,2,2005-07-02
12249,1340232,3,2004-06-25
12249,1756533,1,2003-10-02
12249,2323551,4,2003-11-14
12249,943867,4,2003-05-21
12249,606249,1,2003-11-24
12249,2147894,2,2004-03-17
12249,501823,5,2004-03-13
12249,1639552,3,2004-09-05
12249,85309,1,2004-03-31
12249,187472,5,2005-01-06
12249,406405,3,2005-02-23
12249,1662101,5,2005-03-08
12249,1060057,1,2005-03-16
12249,1497067,3,2005-09-25
12249,972914,3,2005-07-13
12249,1260360,3,2005-07-16
12249,1229252,1,2001-06-18
12249,2101808,2,2002-03-20
12249,1885242,5,2003-11-22
12249,1905719,5,2005-08-16
12249,1373445,1,2003-04-16
12249,1805916,3,2003-08-13
12249,1156589,2,2004-04-27
12249,1563196,4,2004-03-29
12249,692399,1,2004-10-14
12249,688936,5,2004-11-23
12249,2630169,5,2005-03-16
12249,2558262,1,2005-06-06
12249,564367,4,2005-07-07
12249,1876520,1,2002-05-03
12249,700005,4,2003-06-16
12249,2433077,1,2002-07-16
12249,1814839,3,2002-09-08
12249,604013,3,2003-04-13
12249,2481676,3,2004-01-12
12249,1047050,3,2004-03-22
12249,2386059,4,2004-06-05
12249,1200461,4,2004-09-27
12249,856510,3,2005-03-08
12249,604715,5,2005-05-24
12249,1986360,2,2005-07-01
12249,130165,3,2005-10-07
12249,1220648,1,2005-07-16
12249,300899,3,2003-06-26
12249,2541385,5,2001-11-08
12249,1957360,3,2005-07-22
12249,1274354,1,2002-06-18
12249,1178526,2,2005-08-02
12249,1693002,5,2004-03-31
12249,1048062,4,2004-08-31
12249,1492086,1,2003-12-14
12249,1894993,2,2004-02-25
12249,2199629,4,2005-01-23
12249,1039022,3,2005-04-20
12249,543769,1,2005-06-13
12249,2301278,5,2005-06-18
12249,781009,5,2005-10-09
12249,332241,4,2005-12-27
12249,364618,3,2005-07-14
12249,613682,1,2001-09-20
12249,2011258,5,2001-12-26
12249,1812759,4,2005-07-17
12249,61447,2,2001-12-19
12249,360956,1,2002-02-21
12249,184178,4,2003-11-15
12249,204177,1,2003-07-20
12249,101277,1,2003-01-10
12249,2398923,1,2003-11-16
12249,1564226,1,2003-12-19
12249,1842351,2,2005-01-19
12249,1991704,2,2005-01-19
12249,741228,5,2005-02-26
12249,2350832,3,2005-09-05
12249,1819371,3,2005-11-12
12249,1311570,3,2005-11-22
12249,1452675,3,2004-09-01
12249,1872461,2,2002-03-07
12249,1074173,1,2001-06-27
12249,206751,4,2003-08-23
12249,149489,4,2005-08-12
12249,1800652,5,2005-08-16
12249,931479,4,2003-08-19
12249,682944,3,2004-05-19
12249,936724,2,2004-03-18
12249,1785544,3,2004-01-27
12249,526202,3,2004-08-06
12249,30703,4,2005-01-03
12249,927054,1,2005-03-01
12249,2557622,5,2005-04-19
12249,618427,3,2005-11-15
12249,1778918,4,2002-10-10
12249,1242416,3,2002-10-28
12249,682970,2,2002-01-12
12249,496436,1,2002-08-29
12249,2027294,1,2003-12-03
12249,120762,5,2004-10-21
12249,2207195,3,2005-02-01
12249,763571,3,2005-03-16
12249,443572,3,2005-04-14
12249,1863578,5,2005-05-09
12249,609240,4,2005-09-11
12249,2614085,4,2005-10-26
12249,2547071,2,2005-11-01
12249,1968389,4,2005-11-18
12249,2442320,1,2004-02-05
12249,129052,3,2003-09-06
12249,803074,2,2002-11-20
12249,66644,5,2005-08-24
12249,1905560,4,2005-02-23
12249,716363,5,2005-03-17
12249,983187,5,2005-06-23
12249,1368684,2,2005-06-24
12249,1751912,2,2001-09-28
12249,134304,1,2002-01-29
12249,644159,2,2001-06-27
12249,775171,1,2002-11-15
12249,95862,1,2003-02-28
12249,2120610,5,2005-08-17
12249,1245317,2,2004-09-05
12249,2649033,5,2004-10-10
12249,1098690,1,2005-01-19
12249,151821,1,2005-06-16
12249,2116261,5,2005-10-17
12249,2237945,5,2005-11-01
12249,394302,1,2003-04-08
12249,2062998,1,2005-07-18
12249,115055,3,2002-05-03
12249,566630,1,2002-01-31
12249,1413633,3,2005-07-26
12249,1734770,5,2004-08-02
12249,1430614,2,2002-08-10
12249,1131740,3,2003-03-08
12249,1999342,4,2004-07-04
12249,789527,3,2003-06-24
12249,1810141,3,2005-06-20
12249,1005606,4,2005-06-27
12249,1727232,2,2002-04-01
12249,1479892,3,2001-09-29
12249,2062002,5,2002-04-24
12249,279835,2,2003-06-21
12249,280826,3,2003-10-15
12249,2505164,5,2005-08-27
12249,932763,5,2004-01-04
12249,1853670,4,2004-08-21
12249,673382,1,2004-01-08
12249,1687753,2,2004-03-23
12249,1591705,3,2004-12-29
12249,1753736,3,2005-09-27
12249,2029979,1,2005-10-15
12249,1312574,5,2005-11-14
12249,1740987,5,2005-07-13
12249,507603,1,2005-07-23
12249,327366,3,2003-11-21
12249,938931,2,2002-05-25
12249,1259220,5,2005-07-30
12249,859304,5,2005-08-09
12249,1788769,5,2005-08-12
12249,2047094,5,2004-08-13
12249,1146626,5,2003-09-16
12249,1656284,1,2003-11-03
12249,1682012,1,2004-05-30
12249,2574175,3,2004-10-21
12249,1604238,3,2005-06-20
12249,1789330,4,2005-11-17
12249,1551333,1,2001-08-30
12249,237162,4,2001-06-19
12249,2372711,2,2001-10-05
12249,1355675,4,2002-03-21
12249,2194953,2,2003-11-30
12249,1592835,4,2005-09-03
12249,2331668,5,2004-07-01
12249,1505169,2,2003-09-30
12249,1180319,1,2003-09-23
12249,2235803,5,2003-12-02
12249,577109,1,2003-11-02
12249,86298,4,2004-01-07
12249,1176234,5,2005-01-26
12249,1148946,2,2005-02-13
12249,2088393,4,2005-09-11
12249,2085644,1,2005-10-25
12249,21678,3,2005-11-01
12249,589793,5,2005-12-28
12249,2321435,2,2001-12-23
12249,1873315,4,2003-07-19
12249,1568735,3,2003-10-28
12249,306454,3,2003-04-08
12249,244905,4,2004-03-11
12249,2511081,1,2003-11-19
12249,2582552,1,2004-04-09
12249,1207251,4,2004-05-31
12249,2456613,4,2004-02-19
12249,514046,3,2004-08-18
12249,1106934,5,2005-01-30
12249,378532,3,2005-02-24
12249,2312108,1,2005-09-24
12249,257648,3,2005-10-08
12249,1769057,3,2005-10-22
12249,1151638,4,2001-12-18
12249,933003,3,2003-10-14
12249,2202365,3,2005-07-30
12249,749586,1,2004-07-17
12249,659281,3,2003-10-11
12249,1207913,3,2004-10-24
12249,680736,2,2005-03-01
12249,2513380,1,2005-10-19
12249,2052127,5,2005-07-06
12249,188568,3,2002-01-02
12249,506372,5,2003-10-23
12249,916460,1,2002-01-04
12249,2623609,4,2003-05-27
12249,1448064,5,2005-08-15
12249,17038,3,2003-11-06
12249,1728296,3,2005-08-24
12249,614689,5,2004-02-22
12249,1117099,4,2003-11-11
12249,1494821,2,2004-11-15
12249,1669229,4,2005-02-05
12249,2210523,4,2005-02-11
12249,1448637,4,2005-11-18
12249,832895,1,2001-06-19
12249,105617,1,2002-05-28
12249,1049239,1,2003-07-14
12249,2083367,3,2002-09-26
12249,1149588,4,2003-12-17
12249,1120985,5,2002-12-07
12249,2434258,3,2005-08-21
12249,729527,4,2005-08-26
12249,2007658,4,2005-09-04
12249,1165724,1,2005-09-04
12249,2250323,2,2003-08-22
12249,793113,3,2003-09-02
12249,1239704,5,2004-11-06
12249,1969285,4,2004-11-11
12249,672374,3,2005-03-08
12249,2270154,1,2005-12-01
12249,78199,5,2005-12-02
12249,1303306,1,2002-03-24
12249,1100172,4,2005-07-19
12249,285386,1,2002-07-08
12249,1447381,5,2002-10-15
12249,1741728,1,2003-10-15
12249,469195,3,2005-08-19
12249,1808587,5,2004-01-20
12249,675283,4,2003-06-16
12249,1434975,4,2003-09-08
12249,257630,2,2004-01-15
12249,1143750,1,2004-03-22
12249,57886,5,2004-11-28
12249,1848790,3,2005-02-24
12249,81335,4,2002-05-19
12249,2565754,3,2002-01-09
12249,1517673,2,2002-11-26
12249,766333,3,2003-06-13
12249,777010,3,2003-09-23
12249,1761724,2,2004-02-16
12249,1312661,1,2004-08-27
12249,2217283,5,2004-10-21
12249,92249,3,2005-01-03
12249,2266509,5,2005-01-19
12249,1011721,5,2005-05-12
12249,1998723,4,2001-06-10
12249,1150730,3,2001-09-07
12249,898603,1,2003-09-16
12249,1437343,5,2003-05-10
12249,1694083,5,2003-11-28
12249,2101288,1,2004-04-13
12249,887191,2,2004-08-16
12249,202968,1,2005-01-19
12249,2310373,3,2005-05-19
12249,460419,1,2005-09-16
12249,2466211,5,2005-11-28
12249,1026446,1,2005-07-24
12249,945621,3,2004-01-18
12249,2349059,1,2002-07-08
12249,1634435,3,2005-02-20
12249,1726438,2,2003-03-08
12249,1688374,2,2002-11-02
12249,573291,5,2005-02-19
12249,895914,1,2003-12-22
12249,133494,5,2005-01-26
12249,1570765,4,2005-04-11
12249,1387446,4,2005-05-27
12249,818416,1,2005-06-16
12249,41920,3,2005-02-25
12249,287653,4,2001-11-07
12249,425179,2,2001-12-06
12249,990419,3,2003-12-08
12249,2636167,3,2003-03-21
12249,1497593,5,2004-08-11
12249,1758606,5,2005-09-05
12249,1072312,5,2004-09-17
12249,205023,5,2005-01-25
12249,2337950,3,2005-04-18
12249,1664010,5,2005-10-12
12249,2467476,5,2005-12-14
12249,1902838,1,2001-06-16
12249,1346042,5,2005-07-22
12249,34822,3,2003-07-23
12249,34762,2,2003-11-18
12249,937001,2,2003-09-16
12249,2628863,3,2004-01-07
12249,1014165,2,2003-11-10
12249,1912997,1,2004-02-05
12249,1351081,5,2004-04-02
12249,2227665,5,2004-08-05
12249,1250617,4,2005-12-06
12249,1940995,1,2001-06-26
12249,1973114,1,2004-01-09
12249,1584972,1,2002-08-03
12249,1091156,3,2001-10-13
12249,357564,5,2002-03-09
12249,823630,3,2003-09-16
12249,1597157,4,2003-01-05
12249,89248,1,2003-10-28
12249,411030,2,2003-12-23
12249,607735,1,2004-11-13
12249,1436430,5,2004-10-19
12249,1831550,5,2005-03-02
12249,2097763,1,2005-04-09
12249,481076,5,2005-06-25
12249,1905364,5,2005-07-11
12249,1679132,1,2002-08-02
12249,481584,1,2001-06-27
12249,2104954,5,2003-09-13
12249,589790,3,2003-07-07
12249,2026118,3,2003-09-09
12249,2463196,2,2003-09-15
12249,1420548,1,2005-01-11
12249,1386841,4,2005-03-21
12249,314718,5,2005-04-29
12249,314418,3,2001-10-08
12249,420220,3,2005-07-25
12249,2635011,2,2005-07-27
12249,100922,2,2002-03-15
12249,76754,3,2003-05-03
12249,2399992,2,2004-02-07
12249,1176925,2,2004-05-19
12249,612384,5,2003-09-15
12249,905622,1,2003-10-01
12249,582444,3,2004-09-11
12249,80354,3,2004-10-30
12249,2111332,1,2005-10-04
12249,858942,1,2005-12-02
12249,1799044,5,2005-12-30
12249,156898,1,2003-07-11
12249,168793,1,2004-03-03
12249,924023,5,2004-04-02
12249,95100,3,2003-09-16
12249,753107,1,2005-09-07
12249,2282497,3,2003-12-23
12249,909744,5,2004-11-11
12249,455024,3,2004-09-12
12249,639235,3,2004-09-14
12249,1298756,3,2005-03-13
12249,862596,1,2005-09-17
12249,283679,5,2005-10-16
12249,200189,3,2005-11-15
12249,446645,5,2005-12-01
12249,1802658,3,2001-09-11
12249,2119135,3,2002-01-18
12249,101807,1,2001-06-19
12249,190282,5,2001-05-23
12249,550341,4,2001-10-05
12249,462171,2,2001-10-06
12249,856563,3,2004-07-03
12249,1964939,5,2004-05-18
12249,291407,3,2002-09-26
12249,994848,1,2003-02-13
12249,260771,5,2004-06-14
12249,219746,4,2003-08-03
12249,623663,3,2003-09-08
12249,2263041,4,2003-09-29
12249,175854,2,2004-12-02
12249,1095748,5,2005-04-13
12249,952078,1,2005-06-21
12249,1627297,4,2005-09-19
12249,2297136,1,2005-09-24
12249,930919,3,2005-10-22
12249,1826902,3,2001-10-18
12249,573902,4,2005-07-17
12249,197102,1,2001-06-18
12249,1698085,1,2001-10-28
12249,414207,3,2002-01-03
12249,1198555,3,2002-10-27
12249,1039883,4,2002-06-24
12249,1720569,4,2003-09-03
12249,256350,3,2004-01-30
12249,877394,2,2003-08-28
12249,366160,3,2003-09-22
12249,1888070,3,2004-11-05
12249,79482,3,2005-01-04
12249,540404,3,2005-04-03
12249,795082,3,2005-10-24
12249,1587673,3,2003-11-28
12249,981455,1,2002-08-05
12249,1072007,3,2003-07-08
12249,1955660,2,2004-04-26
12249,1599256,3,2005-01-08
12249,1442154,1,2005-01-19
12249,2489526,4,2005-07-06
12249,931040,5,2002-10-23
12249,1139477,2,2002-11-07
12249,2078107,1,2005-08-11
12249,213226,2,2003-06-05
12249,2152856,2,2003-06-25
12249,68979,2,2003-09-24
12249,2509048,4,2004-03-29
12249,497352,3,2004-09-03
12249,942442,1,2005-01-06
12249,882170,5,2005-04-12
12249,269776,4,2005-05-03
12249,2099073,3,2005-09-22
12249,1637213,3,2005-10-03
12249,1975223,1,2005-10-17
12249,2120193,3,2005-10-28
12249,2644448,2,2002-01-16
12249,687348,2,2004-01-18
12249,1527,4,2002-10-31
12249,740658,1,2003-04-19
12249,505171,1,2003-11-01
12249,2514777,1,2003-11-03
12249,1933128,5,2004-04-13
12249,1114354,4,2004-07-07
12249,207541,4,2004-04-27
12249,236037,3,2005-06-28
12249,2430907,1,2005-09-16
12249,2353114,1,2005-09-23
12249,2517592,5,2005-10-25
12249,111999,3,2002-06-10
12249,1851429,2,2002-09-11
12249,120549,2,2003-04-22
12249,1659519,4,2003-10-21
12249,338515,3,2004-07-27
12249,1854658,4,2005-08-29
12249,1652076,1,2004-10-19
12249,785937,3,2005-01-12
12249,1843005,5,2005-01-30
12249,1232733,1,2005-02-12
12249,2415253,1,2005-03-19
12249,2246248,4,2005-06-12
12249,2227935,4,2002-05-26
12249,2575043,4,2004-07-10
12249,2048985,1,2003-11-18
12249,590581,1,2003-11-24
12249,340453,3,2003-10-15
12249,1544666,5,2003-09-20
12249,1795371,1,2004-03-27
12249,2578647,5,2004-11-08
12249,2137979,4,2004-12-24
12249,2192371,3,2004-12-27
12249,1390057,1,2005-04-06
12249,719120,3,2005-07-01
12249,2645431,1,2005-11-08
12249,1662293,2,2002-07-08
12249,663405,3,2002-05-02
12249,536039,2,2003-06-27
12249,1922270,3,2003-09-03
12249,671556,4,2003-03-18
12249,572694,2,2003-04-30
12249,1346630,1,2004-01-12
12249,1282217,1,2004-03-16
12249,166910,4,2004-02-21
12249,332651,5,2004-06-12
12249,383004,1,2005-04-13
12249,1599233,3,2005-05-31
12249,634668,3,2005-12-08
12249,1312448,1,2001-10-06
12249,362587,5,2003-10-30
12249,409376,4,2004-09-03
12249,918600,1,2005-08-14
12249,1602735,4,2005-08-16
12249,2191408,3,2005-08-27
12249,533713,3,2004-09-10
12249,816555,5,2004-05-14
12249,2348416,1,2004-09-06
12249,1629440,5,2004-09-25
12249,155366,3,2005-02-01
12249,2585641,4,2005-10-29
12249,733759,5,2002-01-29
12249,1000880,4,2004-04-04
12249,1821474,3,2003-05-08
12249,1489751,3,2003-11-05
12249,59270,4,2004-02-20
12249,950677,3,2004-08-30
12249,2491745,5,2005-08-17
12249,871675,3,2004-02-18
12249,2498721,3,2004-09-13
12249,1086481,2,2004-01-12
12249,933819,5,2004-04-28
12249,1137010,3,2004-07-20
12249,204211,5,2005-01-23
12249,757582,2,2005-02-06
12249,117492,1,2002-03-19
12249,1845604,2,2002-03-30
12249,465497,3,2004-07-23
12249,1645546,5,2003-05-26
12249,18830,4,2004-08-08
12249,1476235,3,2004-09-19
12249,1039413,5,2005-05-13
12249,2613921,5,2005-06-24
12249,606918,4,2001-09-16
12249,369812,1,2002-10-11
12249,1512836,1,2002-03-13
12249,2385864,3,2003-04-02
12249,2375169,2,2005-08-12
12249,1996817,1,2003-02-24
12249,2100306,1,2003-10-17
12249,1846449,4,2003-10-21
12249,2489036,1,2004-09-12
12249,1993930,3,2004-10-28
12249,2304779,5,2005-11-15
12249,2487603,3,2004-07-16
12249,2296658,1,2003-02-12
12249,1245147,4,2002-08-09
12249,1845415,2,2001-10-19
12249,1725988,3,2002-04-05
12249,1767388,1,2003-09-11
12249,595717,2,2003-11-10
12249,773432,5,2005-08-15
12249,28277,3,2003-02-12
12249,515341,1,2003-12-31
12249,2563277,1,2004-06-20
12249,1399457,5,2004-09-17
12249,1932397,1,2004-12-12
12249,1970337,4,2005-01-05
12249,1466453,4,2005-01-20
12249,433641,5,2005-04-14
12249,2479620,1,2005-07-02
12249,726265,1,2005-10-17
12249,868720,3,2005-12-27
12249,1220618,4,2002-10-26
12249,2452199,4,2002-10-11
12249,2601377,2,2004-01-26
12249,1666703,4,2005-08-02
12249,1233854,1,2003-11-07
12249,1429789,3,2004-01-13
12249,1927387,4,2005-08-25
12249,2593551,3,2003-09-18
12249,1239108,5,2005-09-07
12249,153563,1,2004-02-05
12249,979812,3,2004-02-27
12249,1059977,3,2004-01-17
12249,667911,1,2004-01-20
12249,759051,1,2004-09-02
12249,498026,5,2004-10-27
12249,1044572,4,2004-11-14
12249,2529543,4,2005-04-15
12249,863787,3,2005-06-29
12249,262681,1,2005-12-08
12249,78840,3,2001-12-18
12249,1546703,4,2001-12-12
12249,2047862,3,2002-04-02
12249,2126702,2,2005-08-04
12249,104462,1,2003-08-17
12249,1978839,1,2003-04-16
12249,1718788,2,2005-09-02
12249,722591,3,2003-06-21
12249,852950,3,2004-08-18
12249,304870,2,2005-02-10
12249,1123424,4,2005-09-13
12249,790517,1,2005-10-10
12249,813177,1,2005-11-06
12249,2016521,5,2005-07-03
12249,573802,4,2005-07-29
12249,93325,1,2002-08-25
12249,624266,3,2003-04-30
12249,579399,3,2003-12-15
12249,442972,4,2004-07-24
12249,262365,5,2005-04-24
12249,2554942,5,2005-10-03
12249,1521183,3,2002-07-24
12249,1911583,2,2003-05-12
12249,2225743,1,2004-03-25
12249,2331924,5,2003-11-12
12249,225930,3,2003-06-17
12249,924316,5,2003-02-27
12249,1819434,3,2004-09-14
12249,542520,1,2004-03-29
12249,425281,3,2004-08-13
12249,1276071,5,2004-06-03
12249,458766,3,2004-06-18
12249,1229321,5,2005-02-09
12249,2083745,3,2005-02-14
12249,705361,5,2005-03-18
12249,2270315,4,2005-10-02
12249,545519,5,2005-10-09
12249,2491272,2,2005-10-23
12249,331454,4,2005-07-10
12249,1203835,3,2004-06-01
12249,1017063,3,2004-01-18
12249,722340,4,2004-03-24
12249,935158,3,2005-09-18
12249,1736418,1,2004-07-13
12249,1714909,1,2005-02-09
12249,236043,4,2005-02-23
12249,1478249,3,2005-09-10
12249,2585997,4,2003-10-23
12249,832750,1,2001-10-01
12249,1694970,1,2001-12-27
12249,180715,3,2001-09-29
12249,761382,3,2005-07-31
12249,2361605,2,2002-08-13
12249,1951516,3,2005-08-13
12249,110039,3,2004-02-15
12249,1093671,4,2004-09-26
12249,1116511,2,2004-11-20
12249,2583754,2,2005-02-28
12249,2617292,4,2005-11-23
12249,295485,1,2002-01-29
12249,646840,1,2002-02-18
12249,908540,5,2005-07-26
12249,2534061,1,2002-08-01
12249,1479054,4,2005-08-22
12249,2322307,1,2004-01-12
12249,2212422,1,2003-11-12
12249,1857889,1,2003-11-24
12249,1749795,2,2004-09-14
12249,1910089,4,2004-07-06
12249,1440377,4,2004-10-02
12249,1478491,5,2004-10-17
12249,2452323,4,2005-05-08
12249,218417,4,2004-05-22
12249,2619357,1,2003-09-02
12249,676644,4,2003-06-23
12249,2166473,2,2003-09-05
12249,891561,5,2004-05-02
12249,2404885,2,2004-03-25
12249,1844527,3,2004-01-10
12249,698775,1,2004-01-26
12249,1800459,5,2004-08-17
12249,989264,2,2004-07-18
12249,1606220,5,2005-03-05
12249,141685,5,2005-04-12
12249,689920,5,2005-10-06
12249,1717964,3,2005-11-06
12249,70281,5,2003-12-20
12249,2179353,3,2003-07-28
12249,2245443,3,2002-12-30
12249,451220,3,2004-02-12
12249,1554712,5,2003-09-29
12249,765965,1,2004-01-13
12249,1719276,3,2004-09-03
12249,182134,3,2004-07-20
12249,467409,3,2004-10-14
12249,819953,1,2005-02-15
12249,1122699,4,2005-06-19
12249,2300261,1,2005-09-17
12249,1132743,3,2005-10-24
12249,2006870,1,2005-12-20
12249,1052855,5,2005-07-22
12249,2092366,1,2004-07-21
12249,939940,1,2002-02-07
12249,1907373,2,2002-09-14
12249,1002879,1,2003-01-03
12249,386947,3,2002-07-13
12249,1204611,1,2005-08-22
12249,498886,3,2004-02-13
12249,1857672,3,2004-01-24
12249,2013012,1,2003-12-13
12249,2089599,1,2004-01-06
12249,1598788,5,2004-06-04
12249,832987,5,2004-12-21
12249,2629402,5,2005-01-04
12249,2367141,1,2005-02-11
12249,292681,4,2005-04-22
12249,1570161,4,2005-06-10
12249,872221,5,2005-09-20
12249,616697,1,2005-12-22
12249,704381,3,2003-08-12
12249,1763990,1,2001-09-29
12249,1333390,4,2003-08-17
12249,1748472,1,2002-12-08
12249,1809255,4,2002-12-25
12249,919298,3,2002-09-18
12249,106870,3,2003-12-03
12249,1848548,1,2003-07-30
12249,2346383,3,2004-04-08
12249,1566682,4,2004-10-15
12249,2606799,5,2005-01-31
12249,2203182,4,2005-02-15
12249,1607320,1,2005-03-13
12249,1438031,2,2005-03-19
12249,1557557,3,2005-06-16
12249,1713439,4,2005-11-21
12249,564625,3,2001-11-21
12249,2473413,3,2001-08-29
12249,1514430,3,2002-01-16
12249,761476,2,2002-03-27
12249,408457,2,2002-07-19
12249,330482,5,2003-08-19
12249,1206536,2,2004-09-07
12249,910979,1,2004-02-13
12249,75761,1,2003-10-18
12249,1787038,4,2005-01-31
12249,233730,5,2005-06-23
12249,943436,2,2003-12-02
12249,354673,3,2003-01-05
12249,1024021,5,2003-02-21
12249,401178,3,2003-08-15
12249,901269,3,2003-07-16
12249,2022945,3,2003-02-12
12249,946629,5,2005-08-15
12249,2510262,2,2003-02-14
12249,876035,1,2004-03-09
12249,578248,4,2005-08-27
12249,2484715,1,2003-08-12
12249,1182810,3,2004-01-26
12249,1071052,5,2005-05-24
12249,2319768,5,2005-06-30
12249,1633756,1,2005-09-07
12249,2069874,4,2002-12-19
12249,1220231,5,2005-08-27
12249,47776,5,2004-11-30
12249,2258714,2,2005-06-13
12249,164187,4,2005-09-18
12249,39896,3,2005-11-07
12249,2516131,1,2005-12-29
12249,215078,2,2003-06-17
12249,1859983,3,2001-10-18
12249,1733925,5,2004-08-02
12249,431326,3,2002-08-18
12249,1314842,5,2005-08-21
12249,1595652,4,2004-04-29
12249,745337,5,2004-08-14
12249,1988375,4,2004-04-21
12249,1714727,3,2004-10-18
12249,716173,3,2004-12-06
12249,896415,1,2005-01-25
12249,1703289,3,2005-03-21
12249,1595644,1,2005-04-20
12249,392597,3,2005-04-29
12249,869321,2,2005-09-26
12249,2302920,3,2003-07-29
12249,248342,3,2003-12-17
12249,2540809,1,2003-06-03
12249,1367651,3,2002-03-24
12249,1612953,3,2003-04-25
12249,1964458,5,2002-07-02
12249,1073989,1,2004-01-13
12249,1681098,3,2004-07-22
12249,1013488,5,2003-12-19
12249,2539534,1,2004-01-22
12249,308752,2,2004-01-11
12249,1460861,3,2004-11-24
12249,1604656,1,2004-12-29
12249,1265711,5,2005-06-17
12249,316972,3,2002-02-20
12249,1007654,5,2003-05-29
12249,798296,1,2002-09-28
12249,1829685,1,2002-07-14
12249,1499151,4,2005-08-23
12249,2002781,5,2004-03-26
12249,2120700,5,2004-09-11
12249,491448,5,2004-10-31
12249,2479097,3,2004-11-24
12249,676351,2,2004-11-29
12249,1528215,3,2005-01-10
12249,1821729,3,2005-02-21
12249,807111,2,2005-06-20
12249,2468549,1,2004-07-31
12249,1804320,1,2002-12-20
12249,1880039,1,2004-01-18
12249,978866,5,2002-11-01
12249,2397008,3,2004-01-20
12249,274652,3,2005-08-24
12249,928480,5,2004-03-11
12249,2267322,1,2003-10-10
12249,2209533,3,2004-11-22
12249,2116843,4,2004-12-15
12249,1160626,3,2005-04-05
12249,1370564,1,2003-10-16
12249,1731009,2,2002-12-04
12249,755163,1,2002-11-05
12249,1185379,3,2003-08-07
12249,2106683,5,2004-09-08
12249,1047700,4,2004-08-31
12249,2432433,4,2004-05-21
12249,1250000,2,2005-11-08
12249,474045,1,2001-10-25
12249,385553,4,2002-05-18
12249,604568,3,2003-07-29
12249,417746,4,2005-08-14
12249,1742122,1,2004-01-14
12249,1800144,3,2003-04-05
12249,2067117,3,2004-02-28
12249,738967,3,2004-09-23
12249,904842,1,2004-12-22
12249,2547639,3,2005-03-19
12249,383108,2,2005-06-29
12249,516655,5,2005-12-15
12249,153387,5,2005-07-23
12249,623258,4,2005-07-28
12249,216703,2,2002-08-11
12249,785497,2,2003-03-03
12249,2251794,3,2003-09-29
12249,1856481,3,2003-05-31
12249,1172584,1,2003-04-03
12249,1488203,5,2004-12-12
12249,1412844,4,2004-08-14
12249,2049584,2,2004-09-20
12249,704626,5,2004-10-31
12249,1770540,1,2005-04-08
12249,689548,2,2005-04-15
12249,1661121,4,2001-07-01
12249,1552356,4,2003-04-22
12249,2360137,1,2003-07-28
12249,323450,2,2004-01-30
12249,1151483,3,2004-09-15
12249,1290688,4,2004-08-08
12249,1298475,3,2005-02-06
12249,226048,3,2005-03-26
12249,1572171,5,2004-01-21
12249,47016,3,2003-01-08
12249,581281,1,2005-07-18
12249,475475,4,2001-10-17
12249,1211384,4,2002-10-23
12249,2043149,2,2002-11-16
12249,2323142,3,2003-04-20
12249,1618998,2,2002-10-22
12249,789116,4,2005-08-29
12249,590313,5,2004-03-14
12249,1697771,3,2005-02-13
12249,780840,5,2005-02-18
12249,697935,1,2005-05-04
12249,1672832,2,2005-06-28
12249,2297986,5,2005-10-06
12249,566035,3,2003-12-30
12249,2622230,5,2001-09-01
12249,249078,1,2001-07-02
12249,1533686,3,2001-10-20
12249,2138723,3,2004-05-07
12249,1496580,4,2003-03-26
12249,2273640,5,2005-08-12
12249,1041187,1,2004-01-07
12249,1230351,1,2003-02-15
12249,106714,4,2003-02-12
12249,664443,4,2004-01-04
12249,2259860,3,2003-09-20
12249,612534,4,2004-04-13
12249,283412,5,2005-06-22
12249,1147657,3,2005-09-24
12249,1685538,5,2005-10-20
12249,1845582,2,2005-11-25
12249,2473867,3,2005-11-26
12249,1384223,3,2005-12-01
12249,406948,4,2005-12-10
12249,90436,5,2001-04-05
12249,1674496,1,2003-09-16
12249,305344,4,2003-03-20
12249,2041470,3,2005-08-08
12249,1281253,3,2004-05-06
12249,749591,2,2003-10-05
12249,2607494,2,2005-08-17
12249,1971072,4,2004-03-04
12249,2115145,3,2005-08-26
12249,2576976,2,2003-10-18
12249,1601699,3,2003-12-04
12249,730007,2,2003-03-31
12249,892188,3,2001-10-18
12249,1945567,2,2002-03-19
12249,2018665,1,2003-10-07
12249,2167703,1,2004-01-26
12249,651524,3,2005-08-26
12249,1975416,5,2003-12-19
12249,1412077,3,2003-08-01
12249,953382,4,2004-08-10
12249,136926,4,2004-02-19
12249,1006470,2,2004-06-22
12249,2342415,4,2005-03-23
12249,1560137,2,2005-05-17
12249,1141203,5,2005-06-27
12249,155041,2,2005-10-10
12249,564572,4,2005-10-28
12249,2374279,4,2005-12-19
12249,2099446,3,2005-07-06
12249,463959,3,2005-01-09
12249,919624,5,2002-12-04
12249,1050908,1,2003-10-02
12249,2164224,3,2004-04-17
12249,675203,4,2003-11-07
12249,2327464,5,2004-10-17
12249,1912300,3,2005-03-14
12249,2311110,4,2005-03-14
12249,1710658,3,2005-11-15
12249,438169,3,2005-07-14
12249,1027768,2,2005-07-22
12249,1166341,3,2003-12-26
12249,2597291,2,2005-08-01
12249,1826093,3,2003-02-26
12249,784302,3,2003-10-04
12249,1060488,1,2003-12-11
12249,265588,4,2004-10-01
12249,1205174,3,2004-12-12
12249,1813675,4,2005-03-09
12249,1403217,1,2005-04-04
12249,1667132,4,2005-09-28
12249,963158,3,2005-11-26
12249,2288907,3,2004-01-09
12249,2037693,2,2002-09-11
12249,1079264,1,2003-06-20
12249,1065795,5,2003-05-27
12249,349411,1,2004-03-03
12249,845230,5,2004-02-28
12249,170551,1,2004-03-15
12249,1307228,3,2004-08-20
12249,1356861,2,2004-06-09
12249,8815,5,2004-09-22
12249,131184,4,2005-01-23
12249,2147527,1,2005-11-18
12249,1263652,3,2001-09-03
12249,1799922,3,2004-08-24
12249,2390219,5,2004-03-12
12249,1450484,4,2003-09-30
12249,1509853,5,2005-07-25
12249,2377882,1,2004-01-06
12249,1863664,4,2003-12-30
12249,2506724,3,2004-08-01
12249,2571912,3,2004-08-31
12249,618778,4,2004-06-10
12249,1374029,1,2004-10-12
12249,2419814,3,2004-12-03
12249,650549,5,2005-10-10
12249,1428930,1,2005-12-06
12249,1595895,5,2004-06-16
12249,693222,3,2001-05-20
12249,678911,5,2005-07-16
12249,1460411,4,2001-11-09
12249,691077,3,2002-11-25
12249,2219048,5,2003-09-15
12249,2494071,3,2003-11-24
12249,866834,4,2003-10-22
12249,1621023,1,2003-10-07
12249,1156011,4,2004-04-04
12249,1290219,4,2004-11-08
12249,2227335,3,2004-11-17
12249,1096082,3,2005-01-26
12249,2450451,1,2005-03-04
12249,2199987,5,2005-10-16
12249,1949010,4,2005-11-14
12249,1651874,1,2002-03-21
12249,1988735,3,2002-09-01
12249,1066090,1,2003-08-05
12249,1869725,1,2004-01-10
12249,1633587,5,2003-07-17
12249,2525813,3,2004-08-10
12249,2057489,3,2005-09-22
12249,2574796,3,2005-09-25
12249,590759,4,2005-10-03
12249,1516387,2,2002-01-06
12249,829296,3,2002-04-28
12249,536793,3,2003-05-01
12249,716092,3,2004-06-02
12249,2210475,3,2003-09-08
12249,1164340,1,2003-10-12
12249,1784780,5,2004-09-22
12249,1494268,3,2005-09-21
12249,1750288,2,2005-10-24
12249,2162095,5,2005-12-06
12249,288420,5,2002-01-02
12249,936932,1,2001-12-24
12249,2125631,3,2002-02-22
12249,1321479,2,2005-07-27
12249,1114717,3,2002-05-20
12249,1406255,5,2005-02-27
12249,2373176,3,2002-10-21
12249,680334,5,2005-08-10
12249,1837730,1,2003-09-25
12249,88009,2,2003-11-24
12249,614613,4,2004-05-31
12249,528534,4,2004-12-10
12249,2275723,5,2005-06-26
12249,1473641,4,2005-11-10
12249,1145912,3,2001-09-11
12249,2584676,1,2003-06-29
12249,111070,3,2003-03-10
12249,2588133,2,2003-08-05
12249,1650616,3,2004-07-17
12249,2487054,1,2003-12-03
12249,271797,3,2004-12-28
12249,1035000,3,2005-01-01
12249,363341,3,2005-05-26
12249,1708366,1,2005-09-24
12249,1200002,4,2005-11-28
12249,789915,3,2005-11-28
12249,1725021,2,2005-07-06
12249,2167896,1,2001-06-15
12249,362008,2,2003-08-07
12249,1178104,4,2002-05-09
12249,2187706,3,2004-09-09
12249,2245483,1,2003-11-24
12249,7383,3,2004-01-30
12249,2189787,4,2004-04-05
12249,1623225,2,2004-09-20
12249,2396388,3,2005-01-23
12249,53719,4,2005-09-22
12249,2315012,1,2005-11-16
12249,307133,5,2005-12-22
12249,979283,3,2002-11-16
12249,2356278,4,2002-01-12
12249,1521233,3,2004-02-23
12249,834621,3,2005-08-10
12249,315524,3,2002-12-25
12249,2076818,3,2005-08-16
12249,1242322,5,2004-01-22
12249,1770828,1,2004-01-14
12249,2122285,2,2005-02-16
12249,2239213,1,2005-04-12
12249,686954,2,2004-06-19
12249,70147,4,2004-01-27
12249,1452669,2,2002-11-01
12249,353368,3,2004-01-12
12249,214523,3,2003-12-30
12249,1909867,2,2004-09-17
12249,255482,5,2005-01-09
12249,855933,1,2002-03-31
12249,1745577,5,2005-07-17
12249,660871,3,2002-10-11
12249,281685,2,2002-11-18
12249,2388628,2,2003-07-14
12249,1187320,1,2002-12-05
12249,788838,4,2004-01-12
12249,2255251,4,2004-01-03
12249,289853,1,2004-02-06
12249,2138510,1,2003-09-29
12249,2504134,4,2004-05-03
12249,1413737,2,2005-03-15
12249,1504248,1,2005-05-07
12249,218926,5,2005-05-29
12249,1498974,5,2005-06-25
12249,738096,5,2005-10-13
12249,137781,2,2005-12-03
12249,2467794,5,2002-04-20
12249,2121920,1,2003-11-12
12249,190446,5,2003-04-02
12249,1480821,4,2005-08-18
12249,1523271,3,2003-11-07
12249,2024106,3,2004-06-22
12249,2008166,2,2004-10-28
12249,459444,2,2004-11-18
12249,2399274,1,2005-01-19
12249,2309785,1,2005-01-19
12249,1565175,2,2005-01-29
12249,149144,5,2005-05-07
12249,275239,1,2005-10-30
12249,2583188,1,2002-08-02
12249,1277566,3,2003-01-17
12249,1709888,1,2004-08-01
12249,317492,4,2005-01-07
12249,1187252,3,2005-02-27
12249,2158747,1,2002-09-19
12249,2457404,5,2003-11-28
12249,1783225,2,2003-11-10
12249,1769444,5,2003-12-12
12249,1556972,4,2003-08-19
12249,1264995,5,2004-03-23
12249,402266,2,2004-07-08
12249,1152594,3,2004-11-13
12249,2030201,4,2004-12-29
12249,961431,4,2005-02-05
12249,2394671,5,2005-02-28
12249,419500,3,2005-04-06
12249,188760,2,2001-12-04
12249,752642,1,2001-06-06
12249,1238991,5,2002-04-19
12249,2153883,4,2003-11-25
12249,617326,3,2004-03-03
12249,939885,2,2003-11-19
12249,1885016,3,2003-07-27
12249,892081,3,2003-10-16
12249,839934,4,2004-11-09
12249,1232251,4,2005-02-28
12249,1934089,4,2005-04-09
12249,926054,3,2001-11-06
12249,750641,1,2002-03-04
12249,747244,4,2004-01-12
12249,555528,2,2002-10-02
12249,579100,3,2005-07-20
12249,713268,3,2003-08-24
12249,1878143,3,2003-10-15
12249,189152,3,2005-08-26
12249,399830,5,2003-06-06
12249,2587909,1,2003-11-28
12249,914445,1,2004-10-04
12249,432225,5,2005-02-15
12249,263413,4,2005-10-12
12249,944313,5,2005-10-20
12249,2559498,1,2005-10-23
12249,1581747,1,2005-10-29
12249,1797882,3,2005-12-27
12249,2445689,1,2002-01-26
12249,302288,2,2002-03-05
12249,18015,4,2004-01-17
12249,391877,3,2002-04-17
12249,609306,4,2003-04-16
12249,1824811,3,2003-08-20
12249,995925,1,2005-09-08
12249,1750779,3,2004-01-27
12249,2434746,3,2004-10-04
12249,439688,1,2005-12-16
12249,2271804,1,2001-06-28
12249,1227662,3,2002-01-01
12249,2021291,4,2005-07-20
12249,2479648,4,2004-01-15
12249,844459,4,2003-10-06
12249,2390353,4,2005-08-04
12249,436856,4,2003-10-20
12249,2530159,4,2004-02-25
12249,769919,1,2005-08-20
12249,188190,1,2003-06-01
12249,1360238,1,2003-08-19
12249,1195844,3,2004-04-28
12249,1153627,5,2004-04-12
12249,937892,3,2005-05-08
12249,1882992,1,2003-09-26
12249,697316,3,2005-08-02
12249,54292,4,2005-08-11
12249,1692024,4,2003-12-06
12249,567377,3,2004-02-18
12249,2450401,4,2005-01-22
12249,1994111,3,2005-01-23
12249,397916,1,2005-02-01
12249,735850,1,2005-05-03
12249,123846,4,2005-10-23
12249,1471250,4,2003-04-21
12249,2205157,1,2003-12-14
12249,2514559,5,2005-07-30
12249,2285798,1,2002-12-04
12249,2056022,2,2005-06-21
12249,2488514,4,2004-04-08
12249,1263924,3,2003-06-20
12249,789894,5,2003-11-25
12249,592277,1,2003-10-02
12249,97670,2,2004-08-29
12249,1855452,3,2004-05-01
12249,624270,5,2004-11-28
12249,1178805,4,2005-03-13
12249,1168571,3,2005-09-14
12249,196360,3,2005-10-15
12249,506935,3,2005-10-17
12249,187081,1,2005-11-30
12249,1299497,5,2001-09-18
12249,1806198,3,2005-07-18
12249,2470711,5,2002-05-05
12249,1351411,1,2002-08-17
12249,1722054,4,2003-08-26
12249,682448,3,2002-08-15
12249,273054,2,2002-10-20
12249,1337183,5,2003-10-14
12249,815569,4,2003-09-02
12249,1723041,2,2003-12-01
12249,1855394,3,2004-08-21
12249,890444,1,2004-06-01
12249,1761625,1,2004-09-20
12249,1947840,3,2005-03-31
12249,101191,4,2005-04-20
12249,1279143,1,2005-09-23
12249,1116818,2,2001-06-21
12249,1667019,2,2003-12-03
12249,16558,3,2002-07-22
12249,1688689,2,2004-08-18
12249,798710,1,2004-09-05
12249,98301,4,2004-11-16
12249,2400396,5,2005-01-23
12249,754457,1,2005-07-03
12249,917680,4,2005-09-16
12249,354344,1,2002-02-09
12249,1147448,3,2003-10-10
12249,2556700,1,2004-08-22
12249,729187,3,2003-04-01
12249,2316429,3,2005-08-05
12249,2597828,2,2003-03-28
12249,1479852,3,2003-11-23
12249,465414,1,2004-08-27
12249,2441914,1,2003-09-16
12249,747321,3,2003-12-13
12249,982331,2,2005-01-26
12249,119309,1,2004-03-17
12249,2511987,4,2004-04-20
12249,1033845,3,2004-12-29
12249,1705380,4,2005-01-19
12249,305667,4,2005-05-24
12249,1232372,3,2005-11-25
12249,1653565,2,2005-12-27
12249,2414873,3,2001-10-28
12249,1794898,3,2002-03-13
12249,1128816,5,2005-08-04
12249,1803687,4,2004-05-09
12249,1051791,3,2003-10-15
12249,1899399,3,2004-06-01
12249,1424345,4,2005-10-17
12249,1078800,4,2004-09-26
12249,2176465,1,2005-02-22
12249,2393478,1,2005-04-12
12249,2380844,3,2005-05-16
12249,1647596,4,2005-09-28
12249,645917,5,2005-07-07
12249,39551,2,2003-08-25
12249,331655,3,2003-05-29
12249,2494244,2,2002-06-26
12249,598570,4,2003-10-28
12249,1360931,2,2005-07-03
12249,2483306,3,2004-01-13
12249,303087,1,2004-06-09
12249,1511725,1,2004-10-16
12249,1374899,1,2005-02-10
12249,636729,5,2005-03-05
12249,848014,1,2005-11-08
12249,2408451,2,2001-06-20
12249,2115977,4,2003-05-04
12249,262059,3,2005-08-16
12249,2506964,4,2005-03-23
12249,1436995,4,2005-04-16
12249,1367174,4,2005-09-10
12249,609754,1,2005-09-13
12249,828045,5,2005-09-22
12249,2167460,1,2005-11-20
12249,1095026,2,2005-12-26
12249,1213114,3,2003-03-15
12249,2296164,4,2001-09-26
12249,1484853,3,2002-03-26
12249,86132,1,2001-12-19
12249,1544780,4,2002-11-15
12249,1570571,2,2004-01-02
12249,150473,3,2003-11-18
12249,669970,3,2002-04-09
12249,472734,3,2005-08-19
12249,7576,3,2003-10-19
12249,2077562,2,2004-07-09
12249,933698,4,2004-01-15
12249,2220732,1,2003-12-28
12249,1277663,3,2004-08-03
12249,60828,1,2005-10-08
12249,77225,4,2005-10-25
12249,1382552,5,2005-12-13
12249,460448,1,2002-01-08
12249,1278271,3,2002-08-08
12249,1340105,4,2005-07-25
12249,2387705,4,2003-01-21
12249,1094374,4,2003-05-02
12249,544033,2,2004-02-05
12249,707496,5,2004-05-22
12249,335589,3,2005-05-16
12249,251953,1,2005-11-07
12249,1043147,5,2005-07-07
12249,1806515,4,2005-07-17
12249,1508362,3,2003-06-03
12249,1293472,5,2004-07-21
12249,2204903,2,2005-01-19
12249,2350117,4,2005-03-13
12249,568496,1,2005-09-23
12249,2118461,5,2005-10-23
12249,2057611,3,2005-10-23
12249,990297,1,2001-12-14
12249,1922670,1,2002-02-19
12249,1534113,1,2002-08-22
12249,1907801,4,2003-02-13
12249,1902730,4,2005-08-24
12249,2331293,1,2004-07-03
12249,612690,1,2003-08-27
12249,802623,1,2003-09-16
12249,1681124,5,2004-11-12
12249,1401726,4,2005-05-05
12249,1064066,5,2005-10-23
12249,1122339,3,2004-04-16
12249,1241221,1,2001-07-02
12249,697427,1,2004-03-04
12249,1548363,1,2005-08-04
12249,1114134,4,2003-09-17
12249,75818,5,2003-05-12
12249,1229259,5,2005-08-15
12249,1865678,3,2003-09-04
12249,800998,4,2003-11-02
12249,2290046,3,2003-09-08
12249,2125368,2,2003-09-22
12249,1709615,1,2003-08-19
12249,1208059,3,2004-08-24
12249,1413602,3,2004-09-29
12249,1206397,5,2004-10-09
12249,1122200,4,2005-02-18
12249,369362,3,2005-07-08
12249,387418,1,2003-07-31
12249,605424,2,2002-10-13
12249,1024568,3,2003-07-11
12249,1389027,3,2004-02-10
12249,228061,2,2005-08-25
12249,539192,3,2003-10-03
12249,308751,1,2004-02-04
12249,56176,3,2004-01-27
12249,257395,5,2005-01-30
12249,2231014,1,2005-09-19
12249,2477534,2,2002-09-07
12249,1113222,4,2003-09-23
12249,2385684,1,2001-06-17
12249,2527057,1,2001-12-24
12249,2540297,4,2002-05-05
12249,2405421,4,2002-04-16
12249,1009379,3,2002-07-08
12249,1694015,4,2004-05-01
12249,2625824,5,2004-09-16
12249,498489,3,2004-11-09
12249,2579029,3,2005-05-28
12249,1922052,4,2005-12-07
12249,469137,3,2001-09-04
12249,581948,3,2002-01-03
12249,1232103,1,2002-09-28
12249,915918,1,2002-11-27
12249,1711294,3,2002-11-12
12249,791775,4,2002-07-19
12249,2296189,1,2003-12-07
12249,348960,1,2005-09-07
12249,770076,3,2004-01-19
12249,320111,4,2004-07-19
12249,1334853,2,2004-03-21
12249,117529,4,2004-10-04
12249,1304342,4,2004-10-17
12249,1114324,3,2004-12-10
12249,871651,3,2005-04-22
12249,1384422,1,2005-07-03
12249,622096,3,2005-10-12
12249,1579451,5,2004-09-12
12249,1009839,2,2003-12-08
12249,1522110,3,2001-12-15
12249,625957,4,2005-07-26
12249,1670869,1,2002-07-17
12249,872215,1,2003-08-13
12249,1399036,5,2005-08-26
12249,1849656,3,2004-06-11
12249,2006959,3,2003-08-23
12249,1942381,4,2004-05-21
12249,1436668,4,2004-01-20
12249,1611206,2,2004-01-20
12249,485301,1,2004-02-11
12249,2378079,2,2005-02-06
12249,1290078,3,2005-02-12
12249,2149035,3,2005-09-12
12249,1906611,4,2003-03-24
12249,1800256,2,2004-02-03
12249,1089664,1,2003-02-13
12249,1383850,4,2004-08-05
12249,1255893,3,2004-01-19
12249,1266214,4,2003-08-14
12249,2344843,1,2003-08-24
12249,1023069,5,2004-06-22
12249,867800,4,2004-04-29
12249,2341063,3,2005-02-06
12249,873478,3,2005-04-20
12249,2097488,1,2005-06-24
12249,454400,5,2005-08-15
12249,108176,2,2003-12-23
12249,1025424,3,2003-08-12
12249,645921,4,2004-05-12
12249,1880119,2,2004-08-18
12249,794999,5,2004-05-28
12249,725942,5,2005-06-30
12249,1072799,4,2005-10-12
12249,433805,1,2002-05-13
12249,1285197,4,2003-04-29
12249,1298036,3,2002-06-07
12249,670984,1,2002-04-08
12249,2290738,3,2003-03-12
12249,69151,3,2003-02-14
12249,155159,1,2003-01-25
12249,1435829,2,2004-08-22
12249,1041603,5,2004-08-02
12249,1116065,1,2005-05-02
12249,1410395,1,2005-06-23
12249,72968,1,2005-11-01
12249,1160597,3,2002-05-10
12249,2099606,2,2002-06-25
12249,1700595,4,2002-01-23
12249,442426,4,2003-03-27
12249,1989121,5,2002-05-04
12249,442724,4,2003-08-23
12249,1420732,3,2003-11-08
12249,955177,1,2003-10-17
12249,1368650,4,2003-11-18
12249,2474649,5,2004-10-02
12249,235077,1,2005-06-20
12249,1619065,1,2005-10-04
12249,1537129,3,2005-12-14
12249,1961167,3,2002-11-22
12249,8118,2,2004-02-15
12249,2211373,3,2004-03-25
12249,1127936,3,2004-02-06
12249,1663888,1,2003-11-03
12249,623854,5,2004-01-30
12249,2450477,4,2004-08-10
12249,745054,2,2004-12-13
12249,1071230,5,2005-01-11
12249,230305,1,2005-01-24
12249,67894,5,2005-05-11
12249,953653,3,2005-11-03
12249,1628841,2,2003-11-24
12249,1793717,4,2002-12-27
12249,1356127,3,2003-10-21
12249,1973859,4,2003-03-24
12249,77348,3,2005-08-31
12249,1439452,3,2005-02-22
12249,1407007,2,2005-05-05
12249,1838581,3,2005-06-18
12249,882896,2,2002-02-16
12249,2282389,5,2005-07-22
12249,30324,3,2003-10-16
12249,827481,3,2003-06-09
12249,482433,2,2003-09-15
12249,1848039,1,2003-12-11
12249,253434,4,2004-03-18
12249,303893,3,2004-02-05
12249,573326,1,2004-02-10
12249,803824,3,2004-09-18
12249,1303098,3,2005-01-09
12249,1266360,2,2005-01-21
12249,172059,2,2005-04-03
12249,1654464,5,2005-09-09
12249,1718564,5,2005-12-27
12249,2209489,3,2002-02-08
12249,2057718,3,2005-07-24
12249,1727410,3,2003-04-08
12249,2295107,3,2005-07-26
12249,775785,1,2003-10-01
12249,203706,1,2005-08-16
12249,692558,3,2003-05-29
12249,353369,3,2005-09-01
12249,2024102,5,2004-06-30
12249,750091,5,2005-06-20
12249,1633923,2,2005-11-08
12249,747559,1,2005-11-27
12249,1279823,2,2002-07-07
12249,378732,4,2003-05-28
12249,2406705,1,2005-09-06
12249,2200465,5,2003-12-06
12249,642384,5,2004-05-11
12249,530014,4,2004-07-27
12249,1528081,4,2005-01-22
12249,2151636,4,2005-03-03
12249,2133447,5,2005-07-05
12249,695419,5,2001-03-26
12249,487031,1,2003-11-03
12249,464478,2,2004-07-06
12249,1009327,4,2004-02-10
12249,561909,5,2005-07-27
12249,2086615,5,2002-08-13
12249,2622037,3,2005-08-10
12249,1942891,3,2003-09-04
12249,682406,2,2003-08-06
12249,385834,3,2003-06-12
12249,1034059,1,2004-06-21
12249,260459,3,2003-11-11
12249,135105,3,2004-07-14
12249,1352912,3,2004-08-13
12249,395796,5,2004-11-01
12249,69632,5,2005-09-28
12249,1191441,5,2005-11-15
12249,1736027,3,2002-05-01
12249,2467046,2,2002-10-21
12249,1140568,2,2003-01-24
12249,668234,1,2003-07-18
12249,1639792,1,2002-03-14
12249,353214,4,2002-06-09
12249,10779,5,2002-09-14
12249,1302590,2,2003-06-24
12249,924256,2,2002-11-23
12249,1841108,4,2002-11-08
12249,1515355,4,2003-02-24
12249,2180132,3,2004-01-23
12249,1294263,5,2003-11-26
12249,466669,3,2004-01-07
12249,2568994,1,2003-12-11
12249,2224734,2,2004-03-21
12249,1960650,5,2004-12-06
12249,1094132,4,2005-05-03
12249,230436,3,2001-08-26
12249,1121060,2,2003-11-24
12249,957133,5,2005-08-24
12249,1052957,1,2005-08-25
12249,232377,4,2003-10-28
12249,1629766,5,2004-07-10
12249,1999051,1,2004-08-28
12249,400103,3,2004-11-29
12249,1690222,2,2005-01-24
12249,292595,1,2005-09-26
12249,1249101,1,2005-06-17
12249,816320,5,2005-06-18
12249,1318646,5,2005-12-24
12249,750578,2,2001-11-18
12249,1156180,3,2003-09-05
12249,709905,1,2002-04-16
12249,2155743,5,2005-08-14
12249,1022893,3,2005-08-19
12249,835568,2,2004-08-05
12249,739978,5,2004-05-28
12249,1881160,5,2004-05-10
12249,2547124,1,2004-02-18
12249,346591,1,2004-10-06
12249,1855397,1,2005-01-24
12249,18709,1,2005-06-23
12249,2355940,5,2005-06-23
12249,1185929,3,2005-11-23
12249,551489,4,2001-09-20
12249,780460,2,2002-04-24
12249,2111970,4,2001-09-27
12249,2368938,3,2003-05-02
12249,1247153,2,2001-06-23
12249,411053,2,2001-08-31
12249,2460785,1,2002-01-13
12249,2016474,3,2002-02-15
12249,1280311,1,2002-01-04
12249,670464,4,2005-06-30
12249,1229414,2,2005-08-11
12249,969785,1,2003-08-20
12249,2154672,1,2003-12-29
12249,229682,3,2004-01-28
12249,853256,2,2004-08-18
12249,358002,3,2005-12-07
12249,34669,1,2005-07-14
12249,1431048,2,2002-03-23
12249,1574909,5,2002-09-16
12249,1195511,2,2002-12-31
12249,1394430,2,2002-12-25
12249,459468,5,2003-10-08
12249,908051,3,2003-06-30
12249,2555706,4,2005-08-27
12249,282964,4,2003-10-17
12249,1869116,4,2004-09-10
12249,1221279,3,2004-09-14
12249,2023774,5,2004-09-05
12249,546641,3,2004-09-20
12249,569118,3,2005-01-19
12249,720376,5,2005-10-02
12249,2005761,3,2005-10-03
12249,2005509,4,2005-11-06
12249,1908051,4,2002-07-30
12249,1306084,3,2005-07-08
12249,995154,3,2003-01-25
12249,2468915,3,2003-04-05
12249,1663639,3,2003-10-19
12249,1744178,4,2003-04-20
12249,1570938,3,2004-02-15
12249,735776,1,2003-12-27
12249,409377,4,2004-04-13
12249,2403480,3,2004-03-11
12249,133298,5,2004-04-17
12249,1455002,5,2005-04-08
12249,1769144,3,2005-05-19
12249,1768472,3,2005-05-22
12249,724337,5,2005-06-22
12249,152858,3,2003-07-17
12249,2349702,3,2002-07-22
12249,683254,1,2002-02-24
12249,2639487,3,2004-03-06
12249,2516537,3,2003-05-18
12249,2283211,2,2004-05-24
12249,714349,1,2004-07-14
12249,2238060,5,2004-08-16
12249,1345436,3,2004-10-15
12249,2367250,3,2005-02-07
12249,2255608,3,2005-03-02
12249,1789683,4,2005-05-02
12249,1822915,3,2002-04-09
12249,706066,4,2005-07-25
12249,842271,3,2003-06-01
12249,1782799,5,2004-07-05
12249,152090,3,2003-03-23
12249,879551,1,2003-07-04
12249,2029858,1,2003-08-24
12249,830855,3,2004-02-03
12249,88489,5,2004-08-14
12249,1852040,1,2004-01-07
12249,2646000,4,2004-07-26
12249,1233312,3,2004-08-24
12249,1286402,5,2005-01-27
12249,977551,1,2005-03-01
12249,852961,1,2005-09-09
12249,1303853,5,2005-11-02
12249,2591268,3,2002-04-14
12249,1664726,1,2003-12-02
12249,433952,3,2004-04-07
12249,586724,2,2004-09-15
12249,118523,3,2004-12-12
12249,1892187,3,2005-03-23
12249,1473379,3,2005-04-04
12249,1106590,4,2005-04-10
12249,1563544,5,2005-04-28
12249,991798,4,2002-02-01
12249,569872,3,2004-02-28
12249,1770852,4,2005-07-21
12249,1086900,4,2002-10-18
12249,780444,1,2003-10-12
12249,1897308,3,2003-01-22
12249,2208977,1,2002-11-05
12249,1606918,4,2003-05-27
12249,1317056,5,2005-01-19
12249,1081156,3,2005-04-01
12249,2320697,1,2001-11-28
12249,1511279,4,2003-01-25
12249,2252978,1,2002-12-28
12249,1869372,1,2003-11-22
12249,255177,3,2004-12-26
12249,1208659,3,2003-08-24
12249,1732882,2,2003-03-03
12249,1327340,3,2003-12-13
12249,1664634,1,2003-09-04
12249,195245,1,2003-10-28
12249,812587,2,2003-12-05
12249,1885566,3,2004-07-27
12249,1510838,4,2004-12-10
12249,1497560,5,2005-03-28
12249,2287814,3,2005-09-21
12249,202957,1,2005-10-21
12249,2058721,5,2005-11-12
12249,890734,5,2005-12-11
12249,315497,1,2005-07-12
12249,2599401,5,2001-11-30
12249,1617185,3,2002-01-28
12249,1597569,2,2002-03-10
12249,1632068,3,2002-08-28
12249,372319,2,2003-08-10
12249,788892,3,2005-09-01
12249,376277,2,2004-05-05
12249,1305625,1,2003-09-16
12249,285174,5,2004-10-01
12249,144938,1,2005-03-22
12249,1790121,5,2005-06-16
12249,1456579,3,2002-07-16
12249,1895930,2,2005-07-22
12249,588133,5,2003-03-28
12249,1711710,2,2002-11-13
12249,1362044,3,2002-02-08
12249,1580788,4,2004-01-05
12249,841432,1,2005-08-18
12249,749153,5,2004-07-18
12249,294040,1,2003-10-15
12249,659823,1,2003-10-29
12249,2352183,1,2004-02-17
12249,164179,3,2004-08-17
12249,1875010,3,2005-01-20
12249,1722278,3,2005-04-12
12249,1655692,4,2005-08-11
12249,1273549,2,2003-12-24
12249,614170,1,2004-05-24
12249,1444177,5,2004-10-24
12249,1402001,1,2005-10-09
12249,1651209,1,2005-10-26
12249,1978311,5,2005-11-16
12249,2306662,3,2001-09-15
12249,1769749,4,2001-10-13
12249,218261,3,2004-05-11
12249,1058034,3,2003-10-29
12249,1891975,4,2003-08-12
12249,1795680,1,2002-11-25
12249,600817,4,2003-11-26
12249,38879,2,2003-11-06
12249,72398,4,2003-12-16
12249,558252,1,2005-09-06
12249,1205647,5,2004-05-02
12249,214850,3,2004-09-14
12249,2051372,3,2005-04-05
12249,23652,5,2005-09-16
12249,301019,4,2005-07-12
12249,1474753,3,2002-04-10
12249,2434807,3,2003-03-29
12249,1711724,3,2003-08-12
12249,1416989,4,2003-06-09
12249,976914,3,2004-01-12
12249,441723,1,2003-12-26
12249,2279525,3,2004-09-12
12249,171236,5,2004-07-30
12249,1746949,3,2005-02-08
12249,1738753,3,2005-02-14
12249,1699691,5,2005-06-24
12249,1547810,1,2005-10-07
12249,297350,4,2005-10-14
12249,1340602,1,2005-10-29
12249,2351153,3,2001-09-05
12249,974178,1,2002-04-24
12249,440339,1,2002-02-21
12249,2482502,5,2003-10-20
12249,1775187,3,2004-04-16
12249,1423566,1,2004-02-03
12249,875719,4,2002-11-06
12249,2576719,3,2003-08-05
12249,1835584,5,2004-01-20
12249,2634967,1,2004-01-12
12249,2030409,5,2004-03-24
12249,1164061,4,2004-10-09
12249,946102,1,2005-01-19
12249,1306886,5,2005-02-18
12249,1285692,5,2005-11-05
12249,1114518,3,2005-07-07
12249,559886,1,2002-10-23
12249,1887488,1,2001-06-18
12249,2332186,5,2003-08-18
12249,2368378,4,2004-04-25
12249,1804819,1,2005-08-31
12249,2420260,1,2003-11-19
12249,1596438,3,2003-12-16
12249,1434507,5,2003-10-22
12249,496716,1,2004-03-28
12249,2638766,4,2004-09-18
12249,1203467,1,2005-03-07
12249,453585,4,2005-03-16
12249,502274,1,2005-10-19
12249,271018,1,2005-11-09
12249,1535440,5,2005-11-16
