16842,1575876,1,2004-05-16
16842,1291728,3,2004-07-19
16842,442739,3,2004-12-23
16842,582478,2,2005-08-17
16842,1704203,3,2005-03-21
16842,546017,5,2005-06-18
16842,2625420,3,2004-05-13
16842,2207774,5,2005-02-03
16842,803945,3,2005-04-26
16842,1192830,5,2004-01-04
16842,392722,1,2004-03-15
16842,467801,4,2004-06-30
16842,1818298,5,2004-09-12
16842,541295,4,2003-11-13
16842,1986819,2,2004-03-05
16842,381289,2,2004-07-21
16842,1618095,3,2003-12-22
16842,1192932,5,2004-11-28
16842,2219206,5,2004-12-03
16842,351900,1,2005-04-09
16842,1743136,2,2004-07-25
16842,676278,1,2004-04-15
16842,827257,5,2004-07-10
16842,176755,4,2005-03-06
16842,1810944,2,2003-12-02
16842,1379793,3,2004-09-12
16842,1289334,2,2004-03-21
16842,1124203,3,2004-05-10
16842,234621,4,2004-07-12
16842,916084,1,2004-02-23
16842,16355,2,2004-02-10
16842,437449,2,2005-01-11
16842,1745523,2,2005-02-17
16842,2271716,2,2004-04-12
16842,503348,1,2004-04-10
16842,391337,3,2005-08-10
16842,2039201,3,2005-09-28
16842,257118,2,2004-03-15
16842,116168,3,2003-12-08
16842,1002367,2,2004-08-06
16842,2100684,3,2005-03-22
16842,761891,3,2005-10-08
16842,116390,3,2003-12-22
16842,2624477,3,2004-01-20
16842,2149167,2,2004-08-04
16842,874550,1,2005-01-24
16842,474691,3,2004-01-12
16842,1456997,2,2005-05-06
16842,2473639,4,2005-09-27
16842,151330,2,2004-06-30
16842,2039412,2,2005-07-01
16842,1611660,3,2004-01-17
16842,505375,1,2004-03-15
16842,36857,4,2004-02-24
16842,2356109,1,2005-07-04
16842,1532336,2,2004-08-17
16842,1001129,2,2004-10-18
16842,378857,3,2004-03-12
16842,837492,2,2004-08-19
16842,1897496,4,2005-01-09
16842,2425195,3,2005-03-26
16842,728026,5,2004-01-22
16842,2410252,1,2004-03-31
16842,1303385,3,2004-12-10
16842,578621,1,2005-01-11
16842,2289197,1,2005-06-18
16842,1462959,5,2005-10-14
16842,17240,3,2005-07-11
16842,2266901,3,2004-04-29
16842,161104,1,2004-01-23
16842,785608,5,2004-03-29
16842,1824145,5,2004-08-26
16842,438189,2,2004-11-16
16842,2401053,4,2005-03-03
16842,855724,3,2004-04-19
16842,787352,1,2005-01-27
16842,1567202,1,2005-11-29
16842,973106,3,2003-11-27
16842,1447366,3,2005-01-28
16842,2388249,1,2004-03-07
16842,2040270,4,2004-03-13
16842,291477,1,2005-04-16
16842,2227804,5,2005-11-27
16842,195504,5,2005-08-24
16842,1718861,2,2004-04-07
16842,90612,3,2005-03-15
16842,1011630,2,2004-05-17
16842,2061336,3,2003-12-19
16842,523688,1,2004-05-06
16842,636262,3,2005-09-26
16842,2582384,3,2003-11-15
16842,1310748,3,2004-07-13
16842,825779,5,2005-12-18
16842,470843,3,2004-04-02
16842,1445633,5,2004-03-30
16842,786434,5,2004-02-12
16842,1927527,2,2005-03-02
16842,1387521,4,2005-12-03
16842,430386,5,2004-05-31
16842,2391686,3,2004-09-12
16842,2439493,1,2003-11-09
16842,1576023,1,2004-09-03
16842,1354457,3,2005-04-17
16842,245830,3,2005-04-27
16842,689744,1,2004-04-01
16842,2116582,3,2004-02-19
16842,97578,2,2004-08-16
16842,656229,4,2004-08-15
16842,23558,1,2005-06-01
16842,1262523,1,2004-01-30
16842,497959,3,2004-04-26
16842,207583,4,2005-05-23
16842,2396772,5,2005-08-14
16842,839123,5,2005-09-03
16842,2185614,3,2004-05-16
16842,2432162,4,2005-05-20
16842,1452127,5,2005-07-03
16842,2293896,4,2004-06-04
16842,1796572,5,2005-06-26
16842,1158759,5,2004-06-20
16842,1563935,1,2005-08-15
16842,926990,3,2004-10-21
16842,1984088,1,2005-04-29
16842,910059,3,2005-08-30
16842,2199315,3,2005-07-21
16842,961046,5,2005-08-16
16842,392859,3,2004-05-10
16842,156099,3,2004-03-31
16842,1274046,4,2004-05-28
16842,1913414,5,2005-09-25
16842,2398061,3,2004-08-20
16842,797665,5,2003-12-28
16842,1358905,2,2004-03-03
16842,154669,1,2004-08-20
16842,2420754,4,2005-02-01
16842,2549948,5,2005-06-17
16842,1331862,5,2005-09-13
16842,1473980,3,2005-09-25
16842,1437808,3,2005-08-16
16842,490288,5,2004-02-23
16842,311027,1,2004-03-10
16842,147563,1,2004-04-23
16842,2040859,1,2004-11-23
16842,548756,1,2004-01-26
16842,2641809,1,2004-04-08
16842,1766494,3,2005-04-27
16842,671612,2,2004-03-01
16842,1883291,2,2004-06-17
16842,75384,4,2004-10-02
16842,2058636,5,2005-11-01
16842,1500388,3,2004-01-12
16842,1109553,2,2004-10-15
16842,356965,5,2004-07-28
16842,349407,1,2004-02-14
16842,1436117,3,2004-06-30
16842,1949044,3,2004-10-18
16842,1837003,3,2005-07-07
16842,1780012,2,2005-02-09
16842,1275275,1,2005-11-16
16842,1390768,3,2005-07-15
16842,5931,5,2005-12-14
16842,332698,2,2003-12-30
16842,856005,5,2004-02-19
16842,520685,3,2004-07-27
16842,1244450,5,2004-04-09
16842,1261827,5,2004-04-03
16842,1700613,3,2004-12-03
16842,1060057,1,2005-02-24
16842,2355818,4,2005-05-17
16842,1419103,1,2004-06-17
16842,1165353,2,2005-08-30
16842,905284,3,2004-06-17
16842,454528,3,2004-07-19
16842,786787,3,2005-01-08
16842,16388,3,2005-11-17
16842,2329945,1,2005-08-15
16842,394895,5,2005-08-20
16842,2300816,5,2004-07-16
16842,1964202,4,2004-04-24
16842,650794,2,2005-01-20
16842,1769920,5,2005-05-23
16842,2111066,1,2005-06-09
16842,300777,4,2005-07-05
16842,2216024,3,2005-01-08
16842,2558401,5,2005-06-28
16842,1515671,5,2005-07-02
16842,763571,3,2005-07-05
16842,1067919,5,2004-02-10
16842,617988,2,2005-10-04
16842,440463,2,2005-12-26
16842,1135596,4,2004-08-14
16842,2520438,3,2004-01-04
16842,2280536,1,2005-02-26
16842,2267504,3,2005-06-01
16842,1910647,5,2003-12-27
16842,1742854,2,2004-08-05
16842,1649971,3,2004-08-30
16842,1216717,2,2004-09-30
16842,841465,3,2005-01-31
16842,1058965,2,2005-04-15
16842,2309163,5,2005-10-20
16842,1339061,5,2004-03-11
16842,1351682,4,2004-02-15
16842,585442,5,2004-05-28
16842,1472204,2,2005-02-28
16842,1976839,1,2005-11-10
16842,1059661,4,2004-09-16
16842,1954578,5,2004-06-23
16842,1629418,4,2004-01-07
16842,355195,4,2004-08-03
16842,507603,1,2005-03-28
16842,890593,3,2004-06-14
16842,167956,3,2004-02-01
16842,1979788,1,2004-03-03
16842,1727395,4,2004-11-18
16842,1296168,2,2004-12-19
16842,1326880,4,2005-05-24
16842,2582552,2,2004-04-09
16842,1888506,5,2004-01-21
16842,1481538,5,2005-11-25
16842,2623259,3,2004-07-11
16842,1091280,3,2005-07-27
16842,1440051,2,2005-07-28
16842,2194265,2,2004-03-06
16842,2444816,4,2005-02-19
16842,193011,3,2004-03-11
16842,941768,3,2004-07-23
16842,1953510,3,2005-10-23
16842,2260832,1,2004-08-28
16842,1714672,1,2003-11-13
16842,2015402,4,2004-01-23
16842,2384546,2,2004-06-30
16842,2190720,5,2004-07-21
16842,1621913,3,2004-11-29
16842,2077352,3,2005-12-30
16842,1548969,3,2005-08-15
16842,1320025,3,2005-02-27
16842,1956480,1,2005-06-16
16842,804976,1,2004-02-12
16842,2369612,1,2004-01-22
16842,2054241,1,2004-04-02
16842,1312661,3,2004-09-06
16842,862644,3,2005-03-25
16842,1957786,5,2005-08-18
16842,157667,3,2005-04-18
16842,871585,1,2004-04-07
16842,464683,2,2004-05-05
16842,1117094,4,2005-06-30
16842,1276023,4,2004-01-12
16842,853024,5,2004-02-27
16842,1072312,3,2004-09-22
16842,1664010,4,2005-10-17
16842,1482568,5,2004-03-18
16842,296452,3,2004-02-19
16842,1409104,4,2005-03-12
16842,2327743,1,2005-03-17
16842,1702974,5,2005-10-13
16842,1704072,3,2004-05-11
16842,518550,1,2003-12-08
16842,708563,1,2004-02-02
16842,2466704,4,2005-02-23
16842,329958,1,2004-02-08
16842,1952500,1,2005-02-13
16842,29875,1,2005-09-24
16842,2227543,4,2005-08-24
16842,916379,2,2004-01-27
16842,533712,1,2004-07-15
16842,1844104,5,2003-12-30
16842,2384387,1,2004-03-07
16842,759774,2,2004-04-09
16842,2352549,1,2005-05-14
16842,2222535,1,2005-11-08
16842,2414197,5,2004-11-26
16842,2327122,3,2004-03-22
16842,1306039,3,2004-04-20
16842,1610234,2,2004-04-27
16842,2043032,1,2004-10-26
16842,2444023,5,2004-08-31
16842,1342096,3,2004-08-15
16842,2577127,2,2004-03-28
16842,78885,4,2004-08-29
16842,494153,5,2004-10-27
16842,2098406,4,2005-03-25
16842,2355625,5,2005-05-18
16842,110544,2,2004-03-04
16842,32592,5,2004-06-08
16842,1097058,5,2005-12-29
16842,1474385,3,2005-07-25
16842,1409842,1,2005-08-13
16842,2171969,4,2005-03-24
16842,1193818,3,2005-05-08
16842,86641,5,2005-07-25
16842,1148389,1,2003-11-27
16842,402321,1,2004-07-04
16842,1071071,1,2005-08-08
16842,2264634,3,2004-06-02
16842,621092,4,2005-03-18
16842,1285169,3,2004-04-01
16842,1545735,3,2004-09-02
16842,656049,3,2004-06-01
16842,1207822,3,2005-05-08
16842,1873543,4,2005-09-09
16842,2645431,1,2005-09-12
16842,684857,4,2005-08-21
16842,2212700,5,2005-04-05
16842,1271038,1,2004-08-18
16842,500119,4,2004-02-19
16842,458819,2,2003-12-10
16842,1704223,2,2004-07-12
16842,26334,1,2004-02-09
16842,938503,3,2004-08-10
16842,2136609,3,2004-10-17
16842,2208561,1,2004-03-19
16842,1598194,4,2004-04-13
16842,2242333,3,2004-05-13
16842,2626336,1,2004-04-02
16842,504947,3,2004-09-14
16842,869958,2,2004-06-28
16842,977932,5,2005-10-19
16842,1961707,4,2005-07-07
16842,2291306,1,2004-02-22
16842,722591,4,2004-10-11
16842,2473451,5,2005-06-18
16842,1693079,5,2004-03-12
16842,494486,4,2004-04-28
16842,809505,3,2004-01-30
16842,1409059,2,2004-03-02
16842,240499,2,2004-10-08
16842,2181507,3,2005-05-10
16842,328226,2,2005-07-19
16842,46650,3,2004-05-31
16842,253816,1,2005-02-13
16842,2386443,5,2005-08-19
16842,1117829,1,2004-12-13
16842,1490538,1,2005-02-10
16842,813338,2,2005-12-13
16842,2345215,4,2003-11-19
16842,322412,1,2004-05-19
16842,151192,3,2003-12-21
16842,41033,5,2004-11-29
16842,654316,3,2005-02-02
16842,938374,3,2005-06-26
16842,982059,4,2003-12-08
16842,1463359,3,2003-12-02
16842,1030570,1,2004-02-21
16842,2313668,1,2005-09-19
16842,2299574,4,2004-07-15
16842,202590,3,2004-03-30
16842,362622,2,2004-04-01
16842,79257,5,2005-06-29
16842,759737,3,2005-08-07
16842,1355241,3,2004-08-03
16842,2528657,3,2004-11-21
16842,308716,3,2005-01-25
16842,456343,3,2004-07-06
16842,2626881,1,2005-01-06
16842,2130070,3,2005-04-06
16842,314618,2,2005-12-13
16842,1567970,3,2004-08-31
16842,1130380,4,2005-12-04
16842,2286924,1,2004-11-27
16842,504620,1,2005-08-12
16842,2487916,3,2005-02-19
16842,1209526,3,2004-09-16
16842,1554657,4,2004-05-19
16842,2510339,2,2005-06-15
16842,1713221,3,2005-10-13
16842,2201507,3,2005-10-19
16842,1419882,5,2005-11-09
16842,1553965,2,2004-09-08
16842,2104126,2,2004-01-03
16842,1221785,4,2004-08-03
16842,2394112,2,2005-05-25
16842,1935358,5,2005-12-06
16842,1845014,1,2004-04-26
16842,2182671,3,2005-08-05
16842,2513522,5,2004-05-23
16842,949121,3,2004-10-28
16842,825353,1,2005-11-25
16842,1172778,3,2004-02-18
16842,1391782,2,2004-04-23
16842,221694,4,2004-05-01
16842,2313687,4,2005-03-08
16842,2186680,4,2005-07-11
16842,1794996,1,2003-12-09
16842,1262848,4,2004-08-13
16842,1811201,3,2003-11-25
16842,372083,3,2004-07-30
16842,953916,2,2004-04-27
16842,2335616,3,2004-02-03
16842,2098742,1,2005-03-15
16842,305344,3,2003-11-07
16842,2538506,1,2004-07-31
16842,2614527,3,2004-06-16
16842,1799082,2,2003-12-19
16842,425162,1,2003-11-20
16842,1195601,1,2004-07-03
16842,844028,5,2004-08-23
16842,1177332,3,2004-02-12
16842,966636,2,2004-05-23
16842,167551,3,2004-04-15
16842,2158876,2,2004-03-16
16842,577384,2,2004-03-02
16842,170551,1,2004-03-15
16842,2147527,4,2005-12-01
16842,291023,3,2004-03-20
16842,1362421,3,2004-09-27
16842,264955,5,2005-01-03
16842,596964,1,2005-03-08
16842,651230,1,2005-05-26
16842,932142,3,2004-01-03
16842,2404795,4,2004-03-17
16842,2470712,1,2004-03-16
16842,541891,4,2004-05-03
16842,257405,2,2004-08-08
16842,502633,4,2004-01-10
16842,2516844,4,2005-12-20
16842,1939988,5,2005-12-21
16842,2074458,5,2005-08-25
16842,2320177,1,2004-12-12
16842,1441546,1,2003-11-15
16842,1377286,4,2004-10-07
16842,2315012,1,2004-02-16
16842,888463,5,2004-05-10
16842,394170,2,2004-06-30
16842,871810,2,2004-12-20
16842,1481728,5,2005-11-22
16842,1741825,1,2004-09-28
16842,1770828,2,2005-03-14
16842,578399,3,2004-06-07
16842,364280,3,2004-06-15
16842,1562707,1,2005-07-04
16842,1486389,1,2005-12-19
16842,608501,1,2004-03-31
16842,535815,4,2004-03-29
16842,2319476,3,2004-04-12
16842,1258532,4,2004-04-17
16842,1127221,1,2004-03-22
16842,1043885,4,2004-05-11
16842,1745577,5,2004-11-28
16842,993924,2,2005-08-02
16842,1780593,3,2004-08-28
16842,2495347,3,2004-05-21
16842,578091,1,2005-03-08
16842,1442089,3,2005-07-11
16842,240923,3,2004-08-08
16842,524609,4,2004-09-07
16842,609236,5,2004-01-31
16842,452873,3,2005-04-27
16842,752642,1,2003-11-25
16842,2413021,2,2004-08-20
16842,227799,2,2005-02-06
16842,922812,5,2005-10-10
16842,2472715,1,2004-05-27
16842,452884,1,2004-01-05
16842,1432209,4,2004-05-14
16842,43298,5,2004-08-02
16842,2636781,3,2004-11-01
16842,1373474,1,2004-12-28
16842,883379,3,2005-03-18
16842,600251,3,2005-10-27
16842,1280563,2,2005-07-06
16842,1284951,2,2004-01-22
16842,1257438,5,2004-08-23
16842,1204867,1,2005-05-01
16842,110521,3,2004-02-27
16842,1360238,4,2004-01-21
16842,319186,1,2004-08-04
16842,1303806,3,2005-05-12
16842,1641526,3,2004-02-24
16842,1968388,5,2004-06-21
16842,1872445,3,2004-06-21
16842,48747,4,2004-08-08
16842,1124753,3,2004-04-08
16842,2512986,2,2004-09-19
16842,2056022,3,2004-09-23
16842,219888,3,2005-01-10
16842,2103047,5,2005-07-04
16842,77210,3,2005-12-05
16842,1761899,3,2003-12-08
16842,557397,4,2004-04-05
16842,76916,1,2005-04-28
16842,1411966,5,2005-08-27
16842,224149,4,2004-03-25
16842,92483,4,2004-02-19
16842,1732365,5,2005-11-26
16842,979235,3,2005-07-18
16842,1960666,2,2004-02-11
16842,1034831,3,2005-02-07
16842,2223893,1,2005-02-16
16842,1546706,3,2003-12-13
16842,1038208,2,2004-01-31
16842,2333359,3,2004-10-03
16842,2307238,5,2005-07-25
16842,2633719,5,2004-07-08
16842,2033736,1,2004-03-03
16842,2373208,5,2004-06-11
16842,755743,1,2004-06-07
16842,2608393,3,2004-08-02
16842,616750,2,2004-02-21
16842,336578,5,2004-10-22
16842,1119442,2,2004-12-23
16842,1365170,3,2005-06-11
16842,908626,3,2004-05-06
16842,1963603,4,2004-06-02
16842,632448,2,2004-10-10
16842,1441077,2,2004-02-02
16842,833416,1,2005-02-22
16842,1376712,4,2005-11-28
16842,1216341,2,2005-12-04
16842,1084484,3,2004-05-14
16842,1904381,3,2004-12-17
16842,2118461,5,2005-10-23
16842,543618,5,2005-07-25
16842,2474924,2,2004-09-03
16842,444411,2,2004-10-27
16842,474398,5,2004-12-06
16842,1672133,3,2005-03-10
16842,387418,2,2003-11-05
16842,237465,4,2004-09-06
16842,721443,5,2003-11-20
16842,2326482,5,2005-09-01
16842,396595,5,2004-08-17
16842,2089769,5,2004-08-17
16842,857031,1,2004-03-05
16842,2648290,5,2005-07-21
16842,348960,1,2005-09-09
16842,1037799,4,2004-02-22
16842,1221216,5,2004-04-10
16842,109619,4,2004-11-17
16842,1114324,3,2004-11-14
16842,1380143,2,2004-07-27
16842,2018945,3,2004-02-05
16842,2564065,2,2005-08-11
16842,1864902,2,2004-09-09
16842,2124693,5,2005-01-08
16842,361073,4,2005-06-28
16842,1615672,2,2004-01-25
16842,2322633,3,2004-07-02
16842,564647,1,2004-05-01
16842,17252,4,2004-05-29
16842,2495333,1,2005-07-16
16842,1932594,3,2004-08-16
16842,9399,4,2005-03-15
16842,1063716,4,2004-03-27
16842,629683,4,2004-09-26
16842,1907018,2,2003-12-19
16842,2575787,3,2004-03-17
16842,445409,1,2004-08-18
16842,409565,2,2004-05-02
16842,798951,1,2004-12-09
16842,1755630,4,2005-03-14
16842,2176348,2,2005-05-13
16842,2484471,2,2004-03-22
16842,2452321,1,2004-03-20
16842,1210181,1,2005-11-18
16842,1539444,3,2004-01-17
16842,39687,5,2004-09-09
16842,12912,5,2004-09-02
16842,2092461,4,2004-08-13
16842,728900,3,2004-09-30
16842,1812378,1,2004-12-02
16842,375199,3,2005-05-09
16842,1155329,3,2005-11-04
16842,77828,2,2004-06-05
16842,2519055,2,2004-06-01
16842,1893120,3,2004-09-04
16842,622909,1,2005-12-17
16842,1880481,3,2004-09-08
16842,792223,1,2004-04-12
16842,1516938,1,2004-03-21
16842,776939,4,2005-07-03
16842,2586070,3,2003-12-02
16842,1994034,3,2004-04-27
16842,52948,1,2004-08-10
16842,140071,3,2004-04-13
16842,381955,2,2004-08-30
16842,1984967,2,2005-02-24
16842,1918750,3,2004-08-06
16842,1937233,3,2005-08-23
16842,128311,1,2004-01-25
16842,1249490,5,2005-01-25
16842,676227,4,2005-04-01
16842,170248,1,2005-12-23
16842,2636305,1,2005-07-13
16842,872591,2,2004-01-03
16842,35456,2,2004-04-13
16842,2190288,2,2005-02-09
16842,682099,1,2005-08-31
16842,712609,3,2004-09-06
16842,591207,3,2004-03-21
16842,1002509,1,2004-12-31
16842,2338841,5,2005-09-16
16842,874948,3,2005-07-19
16842,2145515,1,2005-08-05
16842,1517985,3,2005-08-19
16842,2134981,3,2005-03-07
16842,2282718,5,2004-05-20
16842,1006655,3,2004-06-24
16842,2630854,4,2004-01-04
16842,1506588,3,2004-01-29
16842,1440251,1,2004-08-23
16842,2232563,3,2004-02-11
16842,977551,1,2004-08-23
16842,1852040,1,2004-01-24
16842,1235772,3,2004-05-20
16842,2106009,3,2003-12-14
16842,30288,1,2004-01-26
16842,1912389,3,2004-01-05
16842,2097405,5,2004-02-02
16842,1946419,5,2004-11-24
16842,1987400,4,2005-03-19
16842,287566,5,2005-09-25
16842,586717,5,2005-09-26
16842,1326195,1,2005-12-22
16842,2134062,2,2003-12-17
16842,1196556,2,2004-08-10
16842,520132,1,2004-07-26
16842,1539350,3,2005-02-09
16842,2306815,1,2003-11-19
16842,211959,1,2005-09-26
16842,1534085,3,2004-06-15
16842,489702,1,2005-08-05
16842,1198556,2,2005-09-04
16842,2359031,3,2004-04-24
16842,2105439,3,2004-01-04
16842,850878,2,2004-01-12
16842,717097,4,2004-04-15
16842,2327204,4,2004-07-24
16842,349726,4,2004-07-16
16842,1125075,2,2005-09-20
16842,2480163,2,2004-02-23
16842,498123,4,2003-11-26
16842,256452,4,2005-05-14
16842,233703,5,2005-11-21
16842,449391,1,2005-07-21
16842,1688640,1,2004-12-04
16842,2241769,3,2004-09-19
16842,508929,4,2004-10-24
16842,1272199,5,2005-12-08
