9766,1990901,5,2004-09-16
9766,1693641,5,2005-07-26
9766,1224344,3,2002-08-05
9766,2241806,5,2005-08-30
9766,2360117,4,2003-11-24
9766,308495,4,2004-09-28
9766,282391,5,2004-10-26
9766,1745265,5,2004-10-27
9766,2238860,5,2004-11-16
9766,1205593,4,2004-11-17
9766,146851,4,2005-02-17
9766,1242432,4,2005-03-05
9766,1149472,5,2005-10-06
9766,471426,3,2005-12-19
9766,1985176,1,2005-12-30
9766,2542474,4,2004-09-09
9766,461110,5,2003-10-02
9766,2115104,5,2005-09-06
9766,2325737,5,2004-10-14
9766,2218269,5,2005-01-11
9766,781833,4,2005-02-20
9766,574843,4,2005-03-01
9766,1174811,4,2005-03-16
9766,1053359,4,2005-03-21
9766,305197,4,2005-04-24
9766,1982309,2,2005-09-26
9766,881779,5,2005-12-02
9766,1112372,4,2003-09-20
9766,264160,3,2005-08-28
9766,908205,5,2004-08-17
9766,2050415,4,2005-04-06
9766,1799814,4,2005-12-31
9766,318939,4,2004-07-25
9766,1981733,4,2005-07-26
9766,272881,3,2005-07-28
9766,2554555,3,2002-10-21
9766,1656835,4,2004-06-16
9766,2551641,4,2005-09-04
9766,1501004,4,2004-06-11
9766,414791,5,2005-01-20
9766,2075887,4,2005-03-15
9766,343099,4,2005-09-17
9766,419746,5,2005-10-02
9766,1222245,5,2005-12-16
9766,2605003,5,2004-08-09
9766,535268,5,2004-07-08
9766,1984086,5,2004-08-10
9766,2645579,4,2004-09-27
9766,537732,4,2004-10-01
9766,1370772,1,2005-02-03
9766,248932,5,2005-03-18
9766,2493113,5,2005-05-22
9766,918897,5,2005-06-25
9766,621640,1,2005-10-11
9766,2063030,4,2004-06-23
9766,2396097,3,2005-08-05
9766,2044715,4,2004-08-21
9766,2069403,5,2004-06-29
9766,1855193,5,2004-10-24
9766,1243789,4,2004-10-24
9766,2205932,5,2004-11-07
9766,1087756,5,2005-04-13
9766,2075702,5,2005-05-03
9766,2059716,5,2005-06-08
9766,276860,2,2005-12-30
9766,2639115,5,2005-08-13
9766,951366,5,2005-08-17
9766,1647196,5,2004-08-06
9766,1637246,4,2004-01-20
9766,1405345,2,2005-08-26
9766,258661,3,2003-12-16
9766,2541025,5,2004-07-09
9766,2294397,5,2004-09-09
9766,794324,5,2004-10-04
9766,1121984,3,2004-12-28
9766,1288766,5,2005-01-09
9766,1572950,5,2005-01-09
9766,267421,5,2005-02-05
9766,1985755,2,2005-06-16
9766,2300312,5,2005-10-13
9766,1455234,4,2005-07-08
9766,2083234,3,2005-07-14
9766,1422640,5,2002-10-12
9766,592214,4,2003-06-14
9766,854454,5,2005-08-08
9766,1931966,5,2004-04-15
9766,303948,4,2004-08-16
9766,1684328,5,2004-10-10
9766,2155399,4,2005-01-30
9766,1041098,4,2005-03-14
9766,2244849,4,2005-04-20
9766,326121,4,2005-05-11
9766,2231293,5,2005-05-18
9766,1894154,3,2005-07-24
9766,534237,5,2005-08-07
9766,141745,4,2003-12-16
9766,491331,2,2005-01-12
9766,2494633,5,2005-01-05
9766,125296,4,2005-01-20
9766,809943,4,2005-06-20
9766,261053,5,2005-07-02
9766,960348,5,2005-07-04
9766,1655609,5,2005-12-26
9766,2041435,2,2004-07-08
9766,1943106,3,2002-08-24
9766,1809272,5,2002-09-10
9766,1675105,3,2005-07-31
9766,1458453,3,2003-10-08
9766,1229372,5,2003-06-12
9766,1227322,3,2003-08-08
9766,1863635,1,2005-08-31
9766,264856,5,2004-07-30
9766,2160223,5,2004-10-27
9766,2491620,5,2004-12-20
9766,2443471,4,2005-07-18
9766,564748,5,2005-08-01
9766,2571693,4,2004-06-23
9766,43530,3,2004-08-16
9766,1551042,5,2004-10-05
9766,2028571,4,2004-10-07
9766,682093,4,2005-01-31
9766,722833,5,2005-03-14
9766,486507,3,2005-06-06
9766,422991,2,2005-09-26
9766,1443679,5,2005-09-29
9766,1246688,2,2005-11-26
9766,2366006,4,2003-12-16
9766,1201932,4,2004-10-07
9766,786312,4,2004-11-03
9766,2380633,5,2004-12-24
9766,2420366,5,2005-03-04
9766,2388205,4,2005-03-22
9766,1653004,5,2005-06-27
9766,2620050,3,2005-11-10
9766,976059,4,2005-07-10
9766,2512344,4,2005-07-16
9766,2039201,4,2005-08-03
9766,1765712,4,2005-08-28
9766,1179117,4,2004-07-15
9766,2444831,5,2005-01-07
9766,1189269,5,2005-01-19
9766,1322839,4,2005-02-01
9766,2404146,5,2005-03-29
9766,766064,5,2005-06-28
9766,2305090,2,2001-12-27
9766,2102030,4,2003-05-13
9766,343789,4,2004-10-21
9766,396400,5,2005-02-16
9766,2528057,3,2005-03-02
9766,1453517,5,2005-03-07
9766,1418339,3,2005-03-07
9766,18360,3,2005-03-27
9766,65841,4,2005-04-20
9766,133853,5,2005-05-31
9766,1954032,5,2005-06-19
9766,1327415,2,2005-12-11
9766,968054,5,2005-12-30
9766,1520166,4,2005-07-11
9766,2337133,1,2004-10-06
9766,1342846,4,2004-10-21
9766,1424487,3,2004-11-08
9766,317922,4,2005-01-28
9766,647216,4,2005-01-29
9766,873556,4,2005-01-31
9766,2145575,5,2005-05-02
9766,552139,1,2005-09-21
9766,8757,5,2005-10-09
9766,1054626,4,2004-08-18
9766,656534,2,2004-02-27
9766,1300489,5,2005-09-08
9766,1375880,3,2004-07-26
9766,286106,2,2005-01-19
9766,2590830,5,2004-08-21
9766,1509395,4,2004-09-19
9766,1143187,5,2005-01-10
9766,1373764,5,2005-02-07
9766,1520095,4,2005-02-11
9766,2560708,5,2005-02-24
9766,4576,4,2005-03-15
9766,2154650,3,2005-03-16
9766,1361689,3,2005-04-25
9766,114551,5,2005-05-13
9766,1809959,5,2005-09-20
9766,438443,5,2005-10-10
9766,1975103,4,2002-06-21
9766,2221430,5,2005-07-23
9766,1294855,5,2004-09-10
9766,313087,5,2004-07-31
9766,2634386,3,2003-05-17
9766,963249,5,2005-08-30
9766,2464928,2,2004-11-28
9766,1567665,2,2005-02-03
9766,1467492,3,2005-03-21
9766,2467174,3,2005-03-28
9766,1309838,5,2005-04-22
9766,120379,5,2005-06-11
9766,2145441,5,2005-06-23
9766,1148988,5,2005-07-15
9766,2002020,5,2005-07-21
9766,709833,2,2003-03-12
9766,2043555,3,2005-08-19
9766,1335582,3,2005-08-20
9766,2220133,4,2003-04-17
9766,158197,4,2004-09-13
9766,1108076,4,2003-08-02
9766,1874840,5,2005-01-12
9766,416518,4,2005-03-21
9766,1280318,5,2005-03-23
9766,536065,3,2005-05-19
9766,717542,4,2005-08-04
9766,1930463,3,2003-07-25
9766,2257811,4,2004-08-17
9766,650960,5,2004-11-15
9766,2103029,5,2004-11-29
9766,1737719,5,2004-12-14
9766,587503,5,2004-12-30
9766,669006,1,2005-03-14
9766,630685,3,2005-05-26
9766,1292749,5,2005-05-31
9766,503051,3,2005-06-16
9766,2087589,5,2005-12-21
9766,1446510,4,2005-07-15
9766,814924,4,2002-04-30
9766,61220,1,2005-07-22
9766,333273,3,2004-02-25
9766,2401585,5,2004-09-12
9766,2288591,3,2005-08-25
9766,1757738,4,2004-07-26
9766,942790,4,2004-11-08
9766,98129,4,2005-05-25
9766,2391951,1,2005-06-06
9766,1191554,5,2005-06-21
9766,2535359,4,2005-09-12
9766,749662,4,2005-09-24
9766,406953,3,2005-12-29
9766,1453451,3,2005-07-14
9766,1475417,5,2005-07-22
9766,2387707,4,2002-10-18
9766,378857,4,2004-03-11
9766,2614709,1,2003-11-16
9766,1977612,4,2005-08-27
9766,2185187,4,2003-08-07
9766,241149,5,2004-11-26
9766,2538880,5,2005-01-26
9766,1493889,5,2005-03-03
9766,1529338,3,2005-03-07
9766,129576,4,2005-05-26
9766,818025,4,2005-05-27
9766,2519638,2,2005-06-04
9766,1276355,5,2005-06-11
9766,111965,1,2005-06-15
9766,29318,1,2005-06-17
9766,2233782,3,2005-06-30
9766,1704384,4,2005-10-06
9766,1220431,4,2005-12-27
9766,716874,5,2005-07-15
9766,2581672,5,2004-07-27
9766,1009409,4,2005-08-27
9766,1927580,3,2004-08-17
9766,494073,4,2004-10-25
9766,2342848,1,2004-11-18
9766,1651495,2,2004-12-15
9766,467230,4,2004-12-22
9766,682319,3,2005-06-10
9766,1066315,5,2005-10-10
9766,2354942,4,2005-12-17
9766,1168676,5,2005-07-18
9766,2087505,5,2003-11-19
9766,961310,5,2004-09-07
9766,956229,3,2003-11-21
9766,852657,5,2005-01-12
9766,994458,4,2005-02-01
9766,2585017,5,2005-06-01
9766,958893,4,2005-11-08
9766,1453633,4,2005-07-05
9766,108871,1,2001-09-25
9766,2251582,4,2005-07-13
9766,1000192,4,2004-03-27
9766,663654,4,2002-03-07
9766,1803931,2,2003-06-21
9766,1958984,3,2005-08-01
9766,1737384,2,2004-12-05
9766,2240305,4,2004-09-24
9766,1327787,4,2005-11-10
9766,684764,5,2005-04-11
9766,451958,4,2005-04-14
9766,1392518,5,2005-10-06
9766,257622,3,2003-07-18
9766,1547923,4,2005-07-26
9766,727242,1,2003-07-08
9766,1114882,2,2004-01-15
9766,1616032,5,2004-06-20
9766,699851,4,2004-05-24
9766,1925061,3,2004-05-04
9766,1774825,5,2004-06-28
9766,438189,2,2004-11-04
9766,1539697,4,2004-11-18
9766,1444489,5,2005-01-03
9766,187896,3,2005-01-19
9766,2595156,4,2005-03-12
9766,2406034,5,2005-03-13
9766,2068022,5,2005-05-09
9766,1170922,5,2005-05-15
9766,2582803,3,2005-06-01
9766,678225,4,2005-06-10
9766,182826,3,2005-10-17
9766,1911219,4,2004-08-10
9766,261107,5,2005-08-09
9766,40563,4,2005-08-21
9766,520196,4,2004-01-06
9766,626901,5,2004-08-26
9766,1879195,4,2004-11-19
9766,884944,4,2005-01-09
9766,1029069,5,2005-01-23
9766,2603723,4,2005-04-25
9766,2001615,3,2005-10-04
9766,1531341,2,2005-07-06
9766,671503,2,2002-03-09
9766,190286,5,2004-03-16
9766,1498767,4,2004-03-02
9766,523495,2,2004-04-11
9766,2368644,5,2004-07-03
9766,1093788,5,2004-11-19
9766,610540,3,2004-12-11
9766,1798240,5,2005-02-26
9766,704223,3,2005-06-22
9766,468635,2,2005-12-19
9766,1813076,4,2004-08-25
9766,1808326,3,2003-09-03
9766,1272379,1,2002-04-02
9766,709184,3,2004-02-14
9766,1578610,2,2004-02-02
9766,1613540,3,2003-05-28
9766,286786,3,2004-01-12
9766,2130859,3,2005-08-30
9766,88959,5,2005-08-30
9766,1680732,4,2004-12-22
9766,930522,5,2005-02-11
9766,2557899,5,2005-04-09
9766,1185600,3,2005-04-16
9766,1189139,4,2005-10-09
9766,1286781,5,2005-11-09
9766,1955464,4,2001-09-27
9766,745238,4,2003-08-14
9766,1562670,4,2003-06-23
9766,1991674,5,2004-09-09
9766,2329026,4,2004-07-05
9766,2035299,4,2004-08-05
9766,1761809,5,2004-06-26
9766,2112205,5,2004-10-23
9766,1778185,2,2004-12-15
9766,1259310,5,2005-02-06
9766,753195,4,2005-03-16
9766,358452,4,2005-04-18
9766,2451835,5,2005-06-01
9766,2044389,4,2005-09-27
9766,2290352,4,2005-10-13
9766,2121865,5,2005-07-09
9766,2626339,4,2005-07-30
9766,1360042,2,2003-05-28
9766,81287,3,2005-08-19
9766,2600136,4,2005-08-30
9766,1314869,4,2004-06-14
9766,1387741,5,2004-07-09
9766,1149590,4,2004-12-17
9766,1904321,4,2004-12-27
9766,1138678,4,2005-01-19
9766,1987007,3,2005-01-24
9766,1309088,1,2005-02-09
9766,1098431,4,2005-02-15
9766,1219841,4,2005-05-16
9766,1759886,4,2005-06-29
9766,2100574,5,2005-11-23
9766,574499,5,2005-07-23
9766,729846,4,2005-08-20
9766,2376861,4,2004-09-22
9766,2476207,5,2004-10-03
9766,1813197,5,2004-10-24
9766,2408589,5,2005-02-11
9766,376505,5,2005-03-11
9766,1038077,5,2005-04-06
9766,1353216,4,2005-04-29
9766,1139518,3,2005-05-08
9766,258601,4,2005-05-25
9766,168757,3,2005-06-14
9766,968759,4,2005-06-16
9766,2561901,3,2005-09-23
9766,1913696,3,2005-11-28
9766,941372,5,2004-03-18
9766,547341,4,2004-10-22
9766,987078,4,2005-01-25
9766,2457240,5,2005-01-25
9766,2120767,4,2005-01-31
9766,652592,3,2005-03-23
9766,454001,5,2005-04-05
9766,1642776,4,2005-04-07
9766,2425967,4,2005-04-19
9766,1705330,4,2005-05-03
9766,777750,3,2005-06-15
9766,113692,5,2005-06-28
9766,2048858,3,2005-09-28
9766,1057513,5,2005-11-08
9766,2237185,5,2001-08-14
9766,359063,3,2005-07-19
9766,1204048,5,2003-01-10
9766,1815541,4,2005-08-09
9766,1674407,5,2004-03-06
9766,1527527,3,2004-04-01
9766,2064258,5,2005-03-01
9766,131938,5,2005-03-05
9766,1172180,3,2005-04-11
9766,1749866,5,2005-06-13
9766,2066039,5,2005-09-14
9766,1276353,2,2005-11-21
9766,1606561,5,2005-07-08
9766,1564978,3,2002-10-08
9766,2153441,5,2005-07-14
9766,1411663,3,2003-07-01
9766,1416235,4,2003-05-13
9766,2464431,5,2004-08-23
9766,2271088,5,2004-02-11
9766,1867344,5,2004-10-15
9766,296094,5,2004-12-25
9766,853491,5,2005-02-16
9766,78143,4,2005-04-06
9766,354316,5,2005-04-09
9766,1751764,5,2005-05-04
9766,1387521,4,2005-12-03
9766,335457,5,2005-12-27
9766,1789382,4,2004-01-07
9766,687769,3,2004-08-14
9766,1370590,5,2004-09-27
9766,2416772,5,2004-10-19
9766,204096,5,2004-12-27
9766,1380094,5,2005-01-03
9766,2391674,4,2005-05-15
9766,592132,4,2005-11-07
9766,2590518,2,2005-11-08
9766,212329,3,2005-07-11
9766,447282,2,2003-12-15
9766,530789,3,2005-07-22
9766,2439493,1,2003-05-12
9766,479924,5,2004-01-16
9766,2344995,4,2002-09-30
9766,1096917,4,2004-06-16
9766,693164,4,2005-08-27
9766,2341581,1,2004-08-22
9766,1014989,5,2004-08-31
9766,1327013,5,2004-03-05
9766,737370,1,2004-08-26
9766,1818241,5,2004-11-16
9766,2434793,1,2004-12-20
9766,1081734,5,2004-12-17
9766,1915206,3,2004-12-20
9766,910386,4,2005-01-28
9766,26068,3,2005-03-20
9766,1330841,1,2005-05-24
9766,315100,4,2005-10-01
9766,1971183,4,2005-10-02
9766,144556,4,2005-10-13
9766,332086,4,2005-07-18
9766,611836,2,2002-03-05
9766,1367949,4,2003-07-04
9766,1307565,2,2005-08-13
9766,2485994,5,2004-08-27
9766,309909,5,2005-01-10
9766,163578,4,2005-02-11
9766,1478210,4,2005-05-16
9766,1355950,5,2005-06-03
9766,582315,4,2005-09-09
9766,137065,4,2005-11-09
9766,76376,5,2005-07-21
9766,1111480,5,2003-08-10
9766,623083,4,2005-08-10
9766,1684232,4,2005-08-18
9766,356035,5,2004-09-10
9766,2159724,1,2004-10-15
9766,1430920,1,2004-10-22
9766,109112,5,2005-01-10
9766,200895,4,2005-06-17
9766,147386,4,2005-06-26
9766,1377657,4,2005-09-21
9766,1087944,4,2004-07-31
9766,1500625,5,2004-11-23
9766,642830,3,2004-12-01
9766,814953,5,2005-05-25
9766,1924629,4,2005-07-01
9766,275685,5,2005-09-27
9766,1771415,5,2005-11-27
9766,1642377,4,2005-12-09
9766,1154874,4,2005-12-16
9766,1801528,3,2005-12-17
9766,1316810,5,2005-07-25
9766,2630158,4,2005-02-19
9766,189887,4,2004-08-18
9766,1066990,3,2005-08-14
9766,1141718,5,2005-08-16
9766,94874,3,2004-10-15
9766,667567,4,2004-11-08
9766,817269,4,2004-11-22
9766,868723,4,2005-04-02
9766,1404024,4,2005-02-14
9766,247846,4,2005-06-11
9766,191666,5,2005-06-25
9766,1116080,4,2005-06-30
9766,35889,5,2005-09-14
9766,613607,4,2005-12-07
9766,1563935,5,2005-07-15
9766,496658,4,2005-07-20
9766,2482738,5,2005-08-18
9766,22709,5,2004-03-09
9766,2613456,4,2005-01-07
9766,299307,3,2005-06-11
9766,1229969,4,2005-06-15
9766,1856000,2,2005-09-08
9766,1138055,5,2005-09-20
9766,2213399,5,2005-10-13
9766,1771397,5,2005-11-23
9766,1676991,5,2005-12-21
9766,554393,1,2002-02-02
9766,57186,3,2001-09-26
9766,2023883,5,2003-12-21
9766,910059,4,2004-09-12
9766,759549,4,2004-08-15
9766,1710762,4,2004-07-27
9766,841861,5,2005-01-28
9766,2611079,4,2005-03-13
9766,219174,4,2005-09-16
9766,2501305,3,2005-10-18
9766,1509725,4,2005-07-17
9766,2162676,4,2005-07-27
9766,2105086,5,2004-06-26
9766,780334,5,2004-06-22
9766,1321505,3,2004-02-04
9766,70864,5,2003-09-22
9766,1345929,5,2004-07-03
9766,756807,5,2004-09-14
9766,1860850,4,2005-01-13
9766,2576843,5,2005-04-05
9766,1126751,1,2005-12-28
9766,2389367,4,2004-07-01
9766,1847393,4,2003-08-28
9766,1400125,4,2005-07-23
9766,1719990,4,2005-07-28
9766,2544270,4,2004-11-09
9766,684876,3,2005-01-07
9766,1731033,3,2005-01-19
9766,282156,4,2005-01-29
9766,2399549,4,2005-03-01
9766,2584528,5,2005-04-09
9766,74320,4,2005-05-27
9766,31059,4,2005-06-13
9766,608392,5,2005-10-13
9766,562320,3,2005-12-04
9766,1978669,3,2005-12-08
9766,328212,5,2004-08-20
9766,463092,4,2005-07-21
9766,570055,5,2005-07-30
9766,1473980,3,2005-08-18
9766,1819758,5,2004-06-28
9766,1394988,5,2003-11-11
9766,197025,4,2004-06-19
9766,844784,5,2004-11-05
9766,1085207,4,2004-12-30
9766,1117923,5,2005-02-13
9766,686204,3,2005-03-17
9766,21691,2,2005-07-03
9766,828444,4,2005-09-18
9766,1120126,3,2005-10-02
9766,110358,5,2001-12-12
9766,2086035,5,2004-07-18
9766,592445,3,2004-09-27
9766,311027,4,2005-02-08
9766,200805,3,2005-04-06
9766,1362091,4,2005-06-14
9766,644453,3,2005-07-05
9766,1275277,4,2004-10-05
9766,737660,4,2005-07-28
9766,2645352,2,2002-11-17
9766,647212,4,2005-08-08
9766,2190418,5,2005-08-23
9766,1859389,4,2005-09-06
9766,1008688,5,2004-10-31
9766,325844,4,2005-01-03
9766,1484938,3,2005-01-23
9766,2604217,4,2005-03-07
9766,673526,4,2005-04-27
9766,1698718,4,2005-05-25
9766,18108,4,2005-09-23
9766,2457662,5,2005-09-30
9766,2364377,3,2005-12-07
9766,1320175,4,2005-07-18
9766,1137509,5,2005-02-20
9766,2512920,2,2005-08-13
9766,1110156,3,2004-05-19
9766,1028463,5,2004-08-27
9766,106256,5,2004-04-30
9766,461075,5,2004-09-27
9766,1903717,5,2004-09-30
9766,1957985,5,2004-12-27
9766,659029,4,2005-01-19
9766,1290490,3,2005-02-11
9766,575167,4,2005-03-06
9766,1291186,4,2005-04-10
9766,150597,1,2005-10-07
9766,1158787,4,2005-10-12
9766,112913,3,2005-11-27
9766,1371236,4,2005-12-01
9766,582405,5,2005-07-09
9766,628120,2,2005-07-13
9766,1376574,4,2005-07-25
9766,151136,4,2005-09-08
9766,1436357,3,2004-08-22
9766,1672877,5,2004-11-02
9766,170162,3,2005-02-17
9766,401128,4,2003-05-01
9766,1250817,4,2001-12-10
9766,1899913,4,2005-07-20
9766,2474887,2,2003-02-18
9766,2166842,4,2005-08-31
9766,1194698,4,2004-03-10
9766,351213,4,2004-03-15
9766,2071782,4,2005-02-02
9766,926900,4,2005-05-21
9766,2042159,4,2005-10-09
9766,1150526,4,2005-10-27
9766,62443,1,2003-03-22
9766,568177,4,2005-08-24
9766,1178902,4,2005-08-29
9766,1436117,5,2004-11-14
9766,2051376,4,2004-11-21
9766,111033,5,2004-12-14
9766,791565,5,2004-12-27
9766,2003544,5,2005-05-05
9766,2596083,4,2005-11-30
9766,1119113,3,2005-07-30
9766,642195,5,2003-10-28
9766,1777406,2,2002-12-08
9766,1825087,5,2004-06-16
9766,511112,4,2005-08-30
9766,1919268,5,2004-09-05
9766,2147354,3,2004-09-27
9766,590003,5,2004-10-11
9766,1307769,2,2005-03-23
9766,2364594,1,2005-04-25
9766,5530,4,2005-05-09
9766,1049700,3,2005-06-17
9766,1500847,5,2005-09-08
9766,90696,2,2005-07-18
9766,1147641,1,2002-03-16
9766,1619911,4,2004-03-25
9766,485461,5,2003-12-15
9766,752626,4,2005-07-31
9766,818752,4,2004-07-20
9766,487300,4,2004-11-13
9766,503356,4,2004-12-16
9766,1986034,4,2003-05-22
9766,2432340,4,2004-09-30
9766,433120,5,2005-01-28
9766,455499,4,2005-02-03
9766,276617,3,2005-05-17
9766,989746,5,2005-06-16
9766,2010173,4,2005-06-19
9766,1277678,3,2003-12-16
9766,1888846,4,2005-08-04
9766,1971321,2,2004-11-18
9766,2512128,5,2004-11-22
9766,1217493,1,2005-01-01
9766,2164063,5,2005-12-05
9766,145941,4,2005-12-11
9766,1161256,4,2001-09-25
9766,1165353,1,2003-09-26
9766,2571545,3,2005-08-16
9766,1444073,3,2004-02-10
9766,200682,4,2005-08-31
9766,1690571,1,2003-12-10
9766,2457095,3,2004-03-12
9766,1462537,5,2004-08-07
9766,1644769,5,2005-03-08
9766,642537,3,2005-03-09
9766,2336079,2,2004-09-13
9766,219832,5,2005-07-17
9766,906079,2,2005-07-19
9766,2905,5,2002-02-06
9766,2329945,1,2005-08-15
9766,706978,1,2004-03-02
9766,2615679,5,2004-06-16
9766,1463378,4,2004-08-10
9766,1935497,3,2005-01-31
9766,1738797,4,2005-05-03
9766,398488,4,2005-06-21
9766,1425403,3,2005-11-19
9766,973784,4,2005-07-24
9766,595778,3,2003-11-11
9766,1504705,5,2005-08-05
9766,1105029,5,2004-08-19
9766,569989,4,2004-11-21
9766,2151359,4,2005-01-04
9766,1701315,3,2005-01-11
9766,1390282,4,2005-04-01
9766,2476306,4,2005-05-01
9766,236815,4,2005-05-22
9766,665936,3,2005-05-24
9766,101564,4,2005-09-21
9766,2298914,1,2005-09-26
9766,10161,5,2005-09-29
9766,1082768,5,2005-10-01
9766,2390968,5,2005-11-21
9766,1005883,5,2005-12-08
9766,347301,4,2005-07-18
9766,2444002,4,2005-08-11
9766,2537558,3,2005-08-13
9766,657997,5,2003-09-09
9766,2398923,5,2004-06-23
9766,2479740,3,2004-11-15
9766,2167214,5,2004-12-23
9766,2050089,2,2005-01-19
9766,1385788,4,2005-01-24
9766,31283,3,2005-03-06
9766,728123,4,2005-03-24
9766,994077,4,2005-09-13
9766,2034059,5,2005-10-13
9766,835265,5,2005-10-13
9766,194902,4,2005-12-07
9766,2407308,5,2005-12-28
9766,2339830,5,2005-07-07
9766,1036350,4,2005-07-07
9766,2427474,4,2004-05-18
9766,1643572,4,2003-02-12
9766,1725588,5,2003-03-11
9766,105221,4,2004-09-10
9766,1503879,1,2005-09-02
9766,762511,3,2004-06-18
9766,419238,3,2005-02-26
9766,2285688,5,2005-03-20
9766,894384,2,2005-04-06
9766,1520304,4,2005-06-13
9766,191348,3,2005-07-08
9766,729532,3,2002-01-17
9766,16475,4,2005-08-13
9766,1871242,5,2004-07-17
9766,1577820,3,2005-10-10
9766,586648,4,2004-08-27
9766,1160588,4,2004-08-02
9766,465036,4,2005-01-28
9766,1650137,5,2005-01-31
9766,69801,4,2005-02-21
9766,949256,2,2005-02-27
9766,1912447,4,2005-03-23
9766,1772284,4,2005-03-29
9766,2299152,4,2005-05-27
9766,2630344,5,2005-10-08
9766,986492,4,2005-10-13
9766,1167536,3,2005-11-21
9766,837071,5,2005-11-23
9766,2640400,4,2005-12-18
9766,1671330,4,2005-08-07
9766,17503,4,2005-08-15
9766,1478291,5,2005-08-15
9766,1138452,5,2005-08-24
9766,1674112,1,2005-08-25
9766,1724818,5,2004-06-19
9766,2232828,5,2004-08-24
9766,2252502,5,2004-11-23
9766,539868,3,2005-05-16
9766,2323080,4,2005-01-23
9766,1293039,4,2005-02-17
9766,450020,3,2005-04-12
9766,2495474,4,2005-05-26
9766,434101,5,2005-06-20
9766,1784276,2,2005-11-10
9766,755820,5,2002-05-07
9766,1295253,2,2004-03-03
9766,2601416,4,2004-09-04
9766,501971,5,2004-08-31
9766,341077,3,2004-09-17
9766,1737149,3,2004-09-18
9766,175833,2,2004-10-12
9766,1721994,5,2004-11-26
9766,39809,5,2005-01-28
9766,1299769,5,2005-02-07
9766,2414331,4,2005-09-29
9766,1438154,4,2005-10-16
9766,2147764,5,2005-11-02
9766,10733,5,2005-11-23
9766,269205,4,2005-07-29
9766,1358623,4,2005-08-23
9766,863227,3,2005-08-26
9766,904868,5,2004-07-07
9766,1583631,3,2004-10-08
9766,979783,2,2004-10-18
9766,2307327,4,2004-12-21
9766,2322405,5,2005-01-19
9766,2339046,4,2005-01-31
9766,2253226,4,2005-03-22
9766,250618,5,2005-10-10
9766,1932106,5,2005-12-27
9766,1727232,4,2004-04-25
9766,2411924,5,2005-07-24
9766,1266272,5,2002-05-08
9766,2189299,3,2005-08-03
9766,2644350,3,2002-12-19
9766,1040587,5,2004-06-17
9766,2260761,4,2005-08-30
9766,562156,3,2004-10-24
9766,2029979,4,2004-11-28
9766,1191552,4,2005-02-21
9766,1004803,5,2005-07-02
9766,2344025,4,2005-09-22
9766,2377750,5,2005-10-29
9766,1119978,4,2005-07-08
9766,710077,5,2005-07-21
9766,340859,5,2005-07-24
9766,1954578,4,2004-06-23
9766,891430,5,2005-05-17
9766,569051,5,2004-07-20
9766,911908,5,2005-08-15
9766,845529,4,2005-08-23
9766,2290349,3,2005-08-30
9766,1273272,2,2005-09-01
9766,2217321,4,2005-01-03
9766,2093771,3,2005-01-24
9766,1864909,5,2005-05-07
9766,637266,4,2005-06-02
9766,799442,5,2004-07-01
9766,2048191,5,2004-03-30
9766,577109,3,2005-01-20
9766,2513034,4,2004-11-10
9766,195203,4,2005-02-13
9766,1373320,3,2005-10-26
9766,1950952,5,2004-11-12
9766,1242336,5,2005-01-06
9766,1410423,5,2005-01-19
9766,432375,5,2005-01-25
9766,1106518,4,2005-04-07
9766,2046664,5,2005-06-14
9766,1913770,3,2005-07-04
9766,1016693,4,2005-09-20
9766,715874,4,2005-12-14
9766,1784950,5,2005-07-25
9766,350810,4,2005-08-23
9766,1214640,4,2004-07-19
9766,1752618,5,2004-08-10
9766,2308382,4,2004-03-03
9766,2112089,5,2004-07-14
9766,2335640,3,2004-06-10
9766,319076,2,2004-08-30
9766,1516357,4,2004-10-23
9766,1473708,4,2004-12-23
9766,2518947,3,2004-12-28
9766,1229674,5,2005-03-14
9766,1819879,4,2005-04-01
9766,713552,3,2005-04-09
9766,2506843,4,2005-05-18
9766,1315370,5,2005-06-17
9766,1841541,4,2005-09-29
9766,1058584,5,2005-09-30
9766,1525586,5,2005-12-11
9766,129796,5,2005-12-18
9766,2621215,3,2005-07-07
9766,910295,3,2004-07-02
9766,746150,5,2005-07-29
9766,906829,3,2004-02-03
9766,1205700,5,2004-07-25
9766,1008517,4,2005-09-08
9766,2613890,4,2003-08-05
9766,1018184,3,2005-02-03
9766,2288496,4,2005-03-01
9766,2546198,3,2005-05-07
9766,1695809,4,2005-05-12
9766,407560,5,2005-05-29
9766,131447,4,2005-10-02
9766,212227,3,2005-12-09
9766,1757032,1,2005-12-27
9766,482666,5,2005-08-10
9766,1435025,5,2005-09-04
9766,322009,3,2004-08-17
9766,96367,5,2004-11-05
9766,2014384,3,2004-12-31
9766,1140255,5,2005-01-03
9766,1969285,5,2005-01-10
9766,763193,4,2005-02-05
9766,2552319,1,2005-04-03
9766,320314,4,2005-05-25
9766,2641801,5,2005-09-12
9766,1330811,5,2005-09-21
9766,2533178,3,2005-09-23
9766,2253129,5,2005-10-14
9766,1538937,5,2005-11-09
9766,1303306,4,2002-10-08
9766,86275,5,2004-11-27
9766,675283,5,2003-05-12
9766,424620,4,2003-07-09
9766,1818059,5,2003-12-22
9766,989327,5,2004-08-19
9766,1523524,5,2005-02-24
9766,998185,5,2005-03-03
9766,1154641,4,2005-03-23
9766,2354740,3,2005-05-26
9766,1142792,5,2005-09-12
9766,982995,5,2005-10-03
9766,2119848,5,2005-10-08
9766,2605785,5,2005-09-02
9766,1312661,5,2004-09-06
9766,896309,5,2004-11-07
9766,1470123,3,2005-01-12
9766,1330370,4,2005-04-06
9766,113256,3,2005-04-08
9766,2594473,5,2005-04-21
9766,936891,4,2005-06-30
9766,2395978,3,2004-03-08
9766,181207,4,2003-01-27
9766,2125410,4,2004-02-06
9766,1042938,5,2004-02-26
9766,126326,5,2004-09-25
9766,398970,4,2004-09-27
9766,377937,4,2004-10-01
9766,1650580,5,2004-10-03
9766,2483794,4,2004-10-12
9766,1206822,5,2004-12-14
9766,1731614,2,2004-12-27
9766,39297,3,2005-03-02
9766,1835142,5,2005-03-02
9766,2075584,5,2005-04-15
9766,1919422,4,2005-04-24
9766,1341059,3,2005-06-24
9766,769048,3,2005-09-23
9766,402287,3,2005-11-08
9766,898603,3,2005-12-27
9766,1248145,4,2005-08-05
9766,151920,4,2002-10-08
9766,508615,4,2004-06-28
9766,1500014,3,2004-08-13
9766,381806,4,2005-03-21
9766,2068042,2,2005-05-01
9766,910339,3,2005-05-23
9766,582768,5,2005-05-30
9766,1463219,4,2005-06-16
9766,2227455,4,2005-09-29
9766,1299572,3,2005-07-05
9766,365957,3,2003-07-02
9766,2337950,5,2005-09-03
9766,1934754,5,2004-07-05
9766,2080752,4,2004-11-17
9766,1841317,3,2005-01-10
9766,612420,3,2005-01-25
9766,2371857,4,2005-05-12
9766,645358,5,2005-06-14
9766,1482393,4,2005-09-17
9766,507636,3,2005-10-06
9766,1664010,5,2005-10-13
9766,1513643,3,2005-12-06
9766,1902838,4,2002-02-04
9766,2296108,4,2003-04-19
9766,2281902,3,2005-09-07
9766,609629,4,2004-08-14
9766,1327207,5,2004-11-29
9766,1920105,5,2005-02-07
9766,695590,5,2005-02-28
9766,2604699,4,2005-03-27
9766,2101762,4,2005-04-06
9766,519520,5,2005-05-09
9766,2468325,4,2005-06-01
9766,486822,4,2005-10-03
9766,1794573,5,2005-07-30
9766,1110579,2,2003-08-12
9766,1775696,3,2005-09-03
9766,969772,1,2004-02-03
9766,2513873,4,2004-09-23
9766,134703,4,2004-09-24
9766,948447,4,2004-11-17
9766,1777762,5,2004-12-18
9766,1725003,3,2005-01-25
9766,2376375,3,2005-02-02
9766,767926,3,2005-05-16
9766,669614,5,2005-09-20
9766,1638114,4,2005-12-31
9766,1441112,4,2003-06-10
9766,1800701,4,2002-03-16
9766,323170,4,2004-06-18
9766,95943,4,2003-03-03
9766,1662097,4,2004-04-27
9766,2516225,5,2004-10-11
9766,1542063,4,2004-10-22
9766,2148252,4,2005-01-07
9766,500016,4,2005-01-27
9766,2457445,3,2005-03-11
9766,1749717,5,2005-03-24
9766,1024806,5,2005-03-26
9766,246244,4,2005-04-04
9766,1927730,5,2005-05-07
9766,1588471,3,2005-09-10
9766,2259174,4,2005-09-14
9766,1693750,5,2005-11-23
9766,237672,4,2005-07-30
9766,385227,1,2003-09-07
9766,803610,4,2004-09-14
9766,1705528,5,2005-08-30
9766,1004790,5,2005-09-02
9766,2259207,4,2005-09-04
9766,329958,1,2004-07-05
9766,806605,5,2004-07-29
9766,1848148,4,2004-08-06
9766,2419242,5,2004-11-16
9766,1872926,4,2005-01-05
9766,1840149,5,2005-01-19
9766,499257,4,2005-05-14
9766,742105,4,2005-09-12
9766,1354427,1,2005-09-14
9766,402449,5,2005-09-25
9766,33758,5,2005-09-26
9766,2247813,4,2005-11-22
9766,1975681,1,2005-07-12
9766,1229752,4,2005-08-14
9766,62346,4,2005-08-19
9766,1739082,2,2004-03-06
9766,1599029,5,2004-09-29
9766,136939,5,2004-10-15
9766,379499,4,2005-01-19
9766,1177576,4,2005-11-27
9766,58995,5,2005-04-08
9766,2057628,3,2005-09-26
9766,475849,3,2003-02-11
9766,2222535,4,2003-11-30
9766,1296679,3,2005-08-18
9766,806267,4,2005-08-24
9766,2379864,4,2004-10-25
9766,2297136,5,2005-02-23
9766,1491740,5,2005-03-08
9766,1633162,5,2005-06-17
9766,216893,2,2005-06-27
9766,2298725,3,2005-12-04
9766,1698085,4,2002-03-23
9766,259822,4,2004-08-04
9766,2382660,4,2004-09-28
9766,1124568,3,2005-01-19
9766,123713,5,2005-02-28
9766,2628826,3,2005-05-21
9766,1084427,4,2005-06-06
9766,750272,5,2005-12-15
9766,1312635,1,2002-11-20
9766,1564968,5,2004-06-12
9766,873713,3,2004-10-25
9766,579190,4,2004-12-31
9766,1459727,3,2005-02-17
9766,1032057,5,2005-02-17
9766,1299169,5,2005-04-06
9766,889342,3,2005-04-15
9766,2280393,5,2005-04-28
9766,2098150,4,2005-05-10
9766,1142168,3,2005-06-21
9766,1135509,5,2005-09-21
9766,1608701,1,2005-07-08
9766,975592,5,2003-07-08
9766,848998,4,2005-07-13
9766,564441,4,2004-08-04
9766,1082272,5,2004-02-17
9766,449909,4,2003-11-07
9766,1117550,4,2004-09-07
9766,529479,4,2004-07-26
9766,287897,4,2004-08-05
9766,309789,5,2004-08-02
9766,936713,5,2004-09-22
9766,2245901,2,2004-10-20
9766,2256731,2,2004-11-17
9766,2189452,4,2005-05-03
9766,2193044,5,2005-06-19
9766,1637213,5,2005-09-14
9766,1743210,4,2005-08-19
9766,2514777,3,2004-08-18
9766,992021,4,2004-11-17
9766,2560328,3,2005-05-15
9766,961774,5,2005-10-14
9766,680501,4,2005-11-27
9766,2149612,3,2005-12-06
9766,1315051,5,2005-07-31
9766,615750,4,2004-01-21
9766,1550132,5,2003-07-15
9766,205438,5,2004-09-29
9766,1115828,3,2004-10-04
9766,1464011,4,2004-11-14
9766,2603478,3,2005-01-02
9766,161964,4,2005-02-11
9766,1117314,5,2005-03-14
9766,187062,4,2005-05-23
9766,2012675,4,2005-11-26
9766,173887,5,2005-11-25
9766,7599,4,2005-11-28
9766,1066186,1,2003-07-29
9766,48657,5,2003-05-19
9766,73023,4,2005-03-02
9766,1427057,4,2004-07-09
9766,1094767,4,2004-12-27
9766,347276,3,2005-01-31
9766,2598393,5,2005-03-16
9766,640871,5,2005-03-27
9766,75976,5,2005-04-18
9766,1871161,2,2005-05-08
9766,1390057,3,2005-06-23
9766,370735,2,2005-09-14
9766,1389070,3,2005-11-07
9766,961995,5,2001-12-27
9766,1298511,3,2003-07-05
9766,709536,5,2005-08-01
9766,798490,4,2005-08-09
9766,420203,4,2004-09-26
9766,690837,5,2004-09-28
9766,481617,5,2004-11-23
9766,2341658,3,2005-02-23
9766,26109,1,2005-03-28
9766,53951,5,2005-04-26
9766,1286400,3,2005-05-16
9766,390371,4,2005-09-15
9766,1136132,5,2005-10-04
9766,2497577,3,2005-11-22
9766,1144787,5,2005-12-11
9766,1295067,3,2002-11-09
9766,2376241,4,2002-10-30
9766,2214887,5,2004-01-05
9766,1984949,5,2005-08-12
9766,491115,5,2003-08-25
9766,2284770,1,2003-06-18
9766,525071,3,2004-09-19
9766,2167190,4,2004-10-01
9766,577934,4,2005-03-09
9766,1421783,5,2005-03-12
9766,2074501,5,2005-03-13
9766,2156560,5,2005-03-22
9766,642563,4,2005-05-04
9766,200734,5,2005-05-08
9766,472180,4,2005-05-25
9766,408114,4,2005-06-01
9766,833785,4,2005-06-13
9766,265043,3,2005-10-10
9766,662784,4,2005-11-24
9766,525624,5,2005-07-13
9766,2491745,2,2005-08-15
9766,2135939,5,2005-08-22
9766,2455567,4,2004-06-29
9766,933819,5,2004-01-18
9766,235665,5,2005-05-26
9766,1827242,2,2005-06-11
9766,2373330,4,2005-09-22
9766,1640822,5,2005-11-09
9766,227295,4,2005-07-12
9766,2170665,5,2003-12-01
9766,228919,3,2005-08-19
9766,1281559,3,2005-08-20
9766,555613,4,2005-01-05
9766,1693704,4,2005-04-17
9766,447707,4,2005-04-20
9766,266801,4,2005-05-18
9766,2011043,5,2005-05-24
9766,132277,5,2005-07-04
9766,391256,5,2005-10-05
9766,665252,4,2005-11-28
9766,1811160,2,2005-07-12
9766,1462076,4,2005-07-14
9766,2036971,5,2003-10-26
9766,432678,5,2003-11-23
9766,2159495,5,2004-10-22
9766,146044,4,2004-11-01
9766,2647888,5,2004-11-11
9766,715542,4,2005-01-03
9766,1573486,4,2005-04-04
9766,2299488,4,2005-05-23
9766,2491423,4,2005-06-16
9766,745586,3,2005-07-03
9766,724691,1,2005-09-27
9766,2163565,2,2005-10-25
9766,282447,4,2005-11-09
9766,1816884,4,2004-08-30
9766,2146820,5,2005-08-18
9766,406958,2,2003-08-01
9766,376082,3,2004-05-03
9766,294118,3,2004-10-01
9766,1327357,5,2004-11-04
9766,1233457,5,2004-11-06
9766,2000621,5,2004-11-16
9766,1500464,5,2004-11-16
9766,912433,4,2004-12-26
9766,1596336,3,2005-01-01
9766,1667731,5,2005-01-19
9766,43729,4,2005-01-28
9766,2156708,4,2005-02-23
9766,2372415,5,2005-03-21
9766,1369468,5,2005-04-12
9766,752643,3,2005-04-23
9766,1106280,4,2005-05-13
9766,1036358,3,2005-06-16
9766,132010,4,2005-11-14
9766,900622,4,2005-12-28
9766,1607020,4,2005-12-29
9766,1739440,5,2004-08-28
9766,59143,5,2004-01-28
9766,569506,3,2004-09-01
9766,807045,4,2005-08-16
9766,878447,5,2004-08-10
9766,952063,5,2004-06-15
9766,2413320,5,2003-11-03
9766,257445,4,2004-07-16
9766,1032244,5,2004-09-07
9766,1655778,5,2004-10-01
9766,2235512,3,2005-03-23
9766,1945404,5,2005-06-28
9766,790834,5,2005-10-07
9766,2358417,5,2005-07-16
9766,1828571,4,2004-03-16
9766,92018,4,2005-03-04
9766,2154402,5,2005-03-14
9766,255383,5,2005-03-26
9766,73834,4,2005-05-31
9766,2160091,5,2005-07-04
9766,2627190,3,2005-12-30
9766,1377598,4,2005-08-23
9766,1030060,4,2003-09-09
9766,509987,2,2004-06-25
9766,2272654,4,2004-07-07
9766,608234,5,2004-10-31
9766,567875,5,2004-11-05
9766,483246,4,2005-05-07
9766,936373,5,2005-06-11
9766,685565,5,2005-09-19
9766,1000232,5,2005-10-02
9766,448155,3,2005-07-13
9766,1112912,4,2004-07-23
9766,684850,3,2003-09-25
9766,1238184,3,2003-05-18
9766,381563,4,2003-07-29
9766,2075696,4,2003-12-29
9766,1479374,2,2005-01-04
9766,9911,5,2005-01-05
9766,1646057,2,2005-03-05
9766,2270315,4,2005-10-02
9766,2501407,5,2005-11-27
9766,834131,5,2005-08-14
9766,1280050,5,2005-09-04
9766,669659,3,2004-08-10
9766,1170335,5,2004-12-19
9766,951907,5,2005-01-05
9766,922057,2,2005-01-23
9766,59938,2,2005-02-02
9766,178803,5,2005-04-05
9766,851525,4,2005-12-08
9766,2170242,5,2005-07-12
9766,1789629,5,2005-07-21
9766,1671947,5,2002-07-03
9766,522924,5,2005-08-02
9766,448916,4,2003-06-28
9766,939176,5,2004-10-18
9766,1160808,5,2005-01-28
9766,1424177,3,2005-02-07
9766,1868770,5,2005-05-09
9766,1759690,5,2005-06-26
9766,1414934,2,2005-12-12
9766,1698579,4,2002-04-09
9766,1441256,1,2005-07-18
9766,2488105,5,2002-06-20
9766,2341148,5,2004-05-26
9766,2433610,5,2004-06-16
9766,2534061,3,2003-05-23
9766,1262243,4,2005-08-04
9766,2345215,4,2003-08-04
9766,1479054,5,2005-08-23
9766,438340,5,2004-03-24
9766,730423,4,2004-08-12
9766,997168,2,2004-11-29
9766,1905069,4,2005-01-31
9766,2464456,5,2005-03-01
9766,430983,3,2005-06-24
9766,1862492,4,2005-07-06
9766,826270,4,2001-09-15
9766,2374724,2,2004-05-13
9766,714837,5,2004-06-24
9766,2519299,4,2004-03-12
9766,131122,5,2004-03-23
9766,701176,4,2004-12-28
9766,57287,5,2005-05-19
9766,1868614,4,2005-06-14
9766,1317671,4,2005-06-29
9766,1915501,4,2005-09-25
9766,2457720,4,2005-11-25
9766,674408,2,2005-12-07
9766,1006456,1,2005-12-17
9766,2411618,4,2003-05-22
9766,57012,4,2005-07-16
9766,458392,4,2004-04-01
9766,1006507,5,2005-07-21
9766,656193,2,2003-08-24
9766,2558445,4,2005-08-27
9766,2204444,5,2003-07-05
9766,1258770,5,2005-03-02
9766,679222,4,2005-11-26
9766,2498370,4,2005-06-17
9766,2300261,4,2005-09-16
9766,42093,4,2005-09-23
9766,1139925,5,2005-07-08
9766,2490545,3,2002-02-03
9766,655837,2,2002-07-14
9766,2542528,5,2004-07-14
9766,1374197,4,2004-10-14
9766,1584904,4,2004-11-11
9766,1917646,4,2005-01-22
9766,137870,5,2005-02-14
9766,2489842,5,2005-03-05
9766,1110113,4,2005-03-18
9766,574834,5,2005-10-05
9766,111009,2,2004-04-26
9766,1091318,5,2004-08-19
9766,1987190,3,2003-02-12
9766,591064,3,2003-07-06
9766,1159968,5,2005-08-14
9766,306658,4,2005-09-07
9766,1633457,4,2004-06-23
9766,770133,5,2005-01-05
9766,2378815,4,2005-01-26
9766,2046105,4,2005-04-11
9766,715565,4,2005-04-16
9766,1001856,5,2005-06-23
9766,480332,4,2005-11-25
9766,1629301,5,2005-12-17
9766,827818,4,2002-04-09
9766,828672,5,2005-07-25
9766,1059382,4,2005-08-01
9766,2008228,3,2003-03-10
9766,954924,3,2005-08-17
9766,398056,1,2003-06-13
9766,618041,5,2004-07-13
9766,2303133,5,2004-09-13
9766,2588704,4,2004-10-31
9766,1890837,4,2005-04-20
9766,811215,5,2005-05-09
9766,282882,5,2005-10-01
9766,2299661,5,2005-12-03
9766,730856,5,2002-03-07
9766,2600616,5,2003-10-06
9766,2607533,5,2005-08-02
9766,901269,4,2003-10-03
9766,438526,2,2005-08-14
9766,1855590,4,2005-08-31
9766,1443152,2,2004-10-16
9766,1019827,1,2004-10-28
9766,2171281,4,2004-11-22
9766,2140543,5,2004-12-18
9766,2089999,2,2005-10-01
9766,710865,3,2005-11-22
9766,1004007,4,2005-11-25
9766,1993756,2,2001-12-11
9766,2432717,4,2005-06-27
9766,1642926,5,2002-10-08
9766,101968,5,2004-06-24
9766,1214181,3,2004-11-25
9766,413150,3,2005-02-21
9766,1943911,3,2005-04-01
9766,753367,5,2005-10-03
9766,1877868,3,2003-02-24
9766,2569890,4,2001-11-07
9766,1859983,3,2002-06-26
9766,1248626,4,2005-08-09
9766,219216,5,2004-08-09
9766,1523919,5,2004-07-28
9766,2234444,3,2004-09-26
9766,2127108,3,2005-01-23
9766,2262501,5,2005-01-25
9766,2618366,5,2005-01-28
9766,591776,4,2005-02-14
9766,641323,4,2005-04-06
9766,759737,3,2005-07-02
9766,366838,3,2005-09-30
9766,1190708,5,2005-07-22
9766,1585108,5,2005-07-25
9766,331278,5,2003-07-07
9766,341541,2,2004-03-06
9766,492058,5,2004-03-27
9766,810615,3,2004-12-08
9766,806188,4,2005-02-13
9766,1197972,5,2005-02-14
9766,813569,3,2005-04-20
9766,2212071,5,2005-09-16
9766,1941862,4,2005-09-18
9766,1979348,5,2005-02-20
9766,798296,1,2002-10-03
9766,143011,3,2003-10-30
9766,2430041,4,2003-07-30
9766,367941,4,2004-07-07
9766,1470972,4,2004-10-01
9766,520507,5,2004-12-29
9766,2396817,3,2005-12-17
9766,522647,4,2005-03-15
9766,569432,4,2005-04-16
9766,682963,4,2005-06-20
9766,834080,4,2005-12-27
9766,369978,5,2005-07-08
9766,1806203,5,2004-11-27
9766,596559,5,2005-08-02
9766,1047203,3,2005-08-03
9766,1480900,4,2004-09-15
9766,1934860,4,2005-08-26
9766,2568624,4,2004-08-16
9766,2445387,3,2003-08-15
9766,1114821,4,2005-08-30
9766,1813897,5,2004-07-27
9766,47269,5,2004-06-19
9766,2089531,5,2005-01-03
9766,1179898,4,2005-01-11
9766,982098,3,2005-02-09
9766,970589,4,2005-03-27
9766,497913,4,2005-04-01
9766,1746724,5,2005-06-16
9766,934993,4,2005-06-18
9766,876370,4,2005-06-19
9766,695873,4,2005-09-30
9766,1370564,3,2003-06-02
9766,607188,3,2003-05-16
9766,346233,3,2003-01-04
9766,408966,3,2003-07-29
9766,2641802,5,2004-06-10
9766,1997127,5,2004-10-13
9766,1432767,5,2004-12-21
9766,681188,4,2005-06-13
9766,2477548,3,2005-12-09
9766,385553,4,2005-08-19
9766,128122,4,2004-06-15
9766,2407568,3,2004-12-21
9766,1419139,3,2005-04-10
9766,1626060,5,2005-04-20
9766,415005,5,2005-05-06
9766,2182816,4,2005-05-31
9766,1070779,4,2005-07-14
9766,1282557,4,2005-02-19
9766,1036908,5,2004-04-01
9766,1041042,5,2005-02-10
9766,163522,5,2005-03-08
9766,1271961,5,2005-04-02
9766,878073,5,2005-04-30
9766,2467275,3,2005-05-08
9766,1998859,5,2005-05-28
9766,2185815,5,2005-06-11
9766,1553532,5,2004-08-05
9766,1587792,4,2005-07-15
9766,508927,4,2005-07-26
9766,1333690,5,2004-07-08
9766,1994322,1,2004-11-12
9766,396985,5,2005-02-17
9766,1410635,4,2005-03-23
9766,2356793,5,2005-04-08
9766,222417,4,2005-04-18
9766,1671223,5,2005-05-21
9766,628251,4,2005-06-16
9766,328950,4,2005-09-26
9766,2357300,4,2005-12-30
9766,2164103,2,2003-01-10
9766,864362,5,2005-08-24
9766,1503631,4,2004-12-15
9766,1618998,3,2005-06-08
9766,823813,2,2005-02-04
9766,2372839,4,2005-03-17
9766,1453093,5,2005-05-19
9766,2435015,5,2005-06-01
9766,1552828,2,2005-06-16
9766,834752,3,2005-06-21
9766,1957039,4,2005-12-23
9766,200957,3,2004-02-03
9766,1430587,4,2005-08-16
9766,1620733,3,2003-06-16
9766,1720449,5,2004-10-30
9766,61496,5,2005-03-21
9766,1114183,4,2005-06-17
9766,1910844,4,2005-06-24
9766,247446,3,2005-09-27
9766,2464003,3,2005-07-12
9766,548581,4,2003-06-16
9766,305344,3,2003-07-30
9766,1258036,5,2004-09-17
9766,314790,5,2004-09-22
9766,530118,4,2004-09-30
9766,749591,5,2004-10-21
9766,1560099,5,2004-11-04
9766,809955,5,2004-11-19
9766,2299243,1,2005-03-26
9766,514199,1,2005-05-30
9766,1352830,3,2005-09-20
9766,2278872,5,2005-12-30
9766,1892467,5,2005-08-23
9766,1287487,2,2004-08-29
9766,1035041,4,2004-12-27
9766,729561,5,2005-01-08
9766,977017,5,2005-03-24
9766,2045166,4,2005-03-26
9766,936034,5,2005-09-19
9766,1174341,4,2005-11-21
9766,844028,5,2003-08-07
9766,1734505,4,2005-08-11
9766,1185017,5,2004-06-16
9766,618571,4,2004-08-04
9766,2040946,4,2004-04-30
9766,2432801,5,2005-04-19
9766,326839,1,2005-05-10
9766,1888060,2,2005-09-20
9766,1710658,3,2005-12-17
9766,244718,1,2005-07-28
9766,1268171,1,2005-08-11
9766,2134111,5,2004-06-18
9766,1210199,5,2004-07-30
9766,440716,3,2004-10-12
9766,1106200,5,2005-01-07
9766,1205174,4,2005-02-01
9766,633083,5,2005-03-08
9766,330677,5,2005-05-12
9766,257923,4,2005-06-16
9766,327874,4,2005-06-30
9766,2232571,5,2005-09-17
9766,1749427,5,2005-09-26
9766,1882903,5,2005-10-11
9766,612080,4,2005-10-27
9766,2375380,4,2005-07-08
9766,2458868,3,2002-11-04
9766,623580,3,2005-07-18
9766,446163,4,2002-05-11
9766,543049,3,2003-08-22
9766,2639788,1,2003-07-17
9766,1720041,3,2005-09-06
9766,2143288,4,2004-07-15
9766,1719780,2,2004-06-23
9766,95194,4,2004-11-15
9766,827240,3,2004-12-24
9766,1890798,1,2004-12-26
9766,1114884,3,2005-01-25
9766,2147527,2,2005-11-16
9766,329904,5,2005-04-14
9766,931022,2,2005-05-27
9766,55339,5,2005-07-02
9766,838612,5,2005-12-13
9766,1937631,5,2004-08-02
9766,1077254,5,2005-07-21
9766,605185,5,2004-08-13
9766,1757773,2,2005-08-04
9766,1522766,5,2005-08-07
9766,1250338,4,2005-09-09
9766,1309805,2,2004-10-18
9766,1899339,5,2004-10-25
9766,586385,5,2004-11-05
9766,1428930,4,2004-12-29
9766,1620029,1,2005-01-28
9766,1022452,5,2005-03-01
9766,211270,3,2005-12-26
9766,611049,3,2005-07-17
9766,32504,3,2003-10-04
9766,2033362,5,2005-08-25
9766,2366547,4,2004-05-17
9766,1104073,5,2004-11-13
9766,1738750,5,2004-12-11
9766,1649068,4,2005-01-13
9766,2573854,4,2005-01-27
9766,1695536,3,2005-02-06
9766,768876,4,2005-02-06
9766,1903679,5,2005-02-07
9766,925282,5,2005-02-08
9766,1235649,4,2005-02-22
9766,981199,5,2005-09-25
9766,2230226,4,2005-11-08
9766,934647,4,2005-11-29
9766,1082888,3,2005-12-21
9766,116278,5,2005-07-27
9766,558042,5,2002-10-17
9766,1066090,2,2003-08-05
9766,1658662,5,2003-07-29
9766,2137304,4,2005-09-03
9766,274639,4,2004-09-14
9766,620010,3,2004-07-29
9766,1486688,5,2004-07-18
9766,203890,3,2004-09-21
9766,2187711,5,2004-10-11
9766,458417,5,2005-01-10
9766,1452396,5,2005-02-24
9766,1934779,4,2005-07-01
9766,488945,4,2003-08-11
9766,1959604,5,2005-07-24
9766,848705,5,2005-09-01
9766,851211,4,2005-08-26
9766,2330519,3,2004-10-06
9766,468708,3,2004-11-11
9766,1553176,3,2005-03-01
9766,659118,5,2005-03-08
9766,1347912,3,2005-03-26
9766,844107,5,2005-05-04
9766,300435,4,2005-05-25
9766,875556,4,2005-06-26
9766,2296292,4,2005-10-04
9766,89581,4,2005-10-24
9766,2542199,5,2005-07-29
9766,780768,4,2005-08-02
9766,343719,4,2004-02-16
9766,771653,4,2005-08-12
9766,275743,4,2003-10-09
9766,230211,4,2004-04-05
9766,1047492,4,2004-02-12
9766,1739170,5,2004-02-18
9766,465717,5,2004-09-26
9766,1832243,4,2004-11-11
9766,573211,4,2005-06-17
9766,1642259,4,2005-11-08
9766,345574,5,2005-07-29
9766,1546584,5,2005-08-06
9766,1149327,5,2004-01-26
9766,2380399,4,2004-02-24
9766,609322,5,2004-09-08
9766,1656050,4,2004-04-14
9766,1202080,5,2004-10-25
9766,792339,4,2004-12-19
9766,1500361,4,2005-02-08
9766,1765301,5,2005-02-15
9766,2081864,2,2005-02-23
9766,2094114,5,2005-06-09
9766,440905,5,2005-07-01
9766,1448938,3,2005-07-04
9766,1083496,5,2005-09-07
9766,2293311,5,2005-09-30
9766,2411675,5,2005-11-10
9766,1088005,5,2005-12-30
9766,1586276,4,2002-11-27
9766,1223912,4,2002-04-02
9766,1500577,4,2005-08-01
9766,2136118,4,2004-07-08
9766,1869907,5,2004-10-20
9766,1807056,3,2004-11-15
9766,510020,3,2005-01-10
9766,2315012,1,2005-02-03
9766,530000,5,2005-03-09
9766,980934,5,2005-09-08
9766,695991,3,2005-12-29
9766,248196,4,2005-07-05
9766,1153216,4,2005-07-07
9766,1557206,4,2005-07-18
9766,95235,5,2003-04-24
9766,1531105,5,2005-07-30
9766,1242322,2,2003-12-05
9766,1517355,3,2003-11-28
9766,435450,5,2004-09-05
9766,2599863,4,2004-09-06
9766,758850,4,2004-10-11
9766,786667,5,2004-10-25
9766,702147,4,2004-11-13
9766,1559769,5,2005-01-20
9766,1073396,4,2005-03-11
9766,108936,5,2005-03-14
9766,2366462,4,2005-04-20
9766,2114361,4,2005-05-11
9766,1769985,3,2005-06-09
9766,1214691,5,2005-09-19
9766,824165,5,2005-09-26
9766,1557347,5,2003-09-08
9766,740929,5,2004-09-10
9766,1323055,3,2004-07-29
9766,1994339,4,2004-09-25
9766,2620402,4,2005-01-11
9766,715020,3,2005-01-30
9766,663708,4,2005-05-31
9766,1810588,3,2005-12-03
9766,1491763,3,2005-07-13
9766,608501,3,2004-09-09
9766,2040119,5,2004-09-07
9766,1343658,4,2003-08-18
9766,54316,4,2003-10-07
9766,931475,4,2005-01-19
9766,878889,5,2004-12-17
9766,859907,4,2005-01-19
9766,289853,5,2005-01-30
9766,1504248,4,2005-02-25
9766,2579654,1,2005-03-07
9766,2202058,4,2005-05-10
9766,1949766,5,2005-05-16
9766,2474026,4,2005-05-26
9766,1318566,4,2005-06-23
9766,2081447,3,2005-06-28
9766,2492268,4,2005-06-28
9766,860626,4,2005-07-02
9766,2418357,5,2005-09-05
9766,788395,4,2005-10-07
9766,1707448,4,2005-10-29
9766,2045876,4,2005-11-07
9766,2005241,5,2005-08-18
9766,857240,2,2003-08-08
9766,2432848,3,2004-07-07
9766,927849,5,2004-08-11
9766,2530964,4,2004-10-14
9766,1704565,5,2005-01-25
9766,1642330,5,2005-03-18
9766,12990,1,2005-05-07
9766,809388,5,2005-06-04
9766,608149,5,2005-06-08
9766,2493476,5,2005-10-09
9766,919510,3,2005-10-12
9766,1440607,5,2005-11-24
9766,2511536,3,2002-04-18
9766,1546152,3,2004-08-12
9766,2583188,5,2005-07-31
9766,589682,4,2003-07-29
9766,980292,5,2004-08-01
9766,694692,5,2004-08-13
9766,2614285,4,2004-11-13
9766,823101,5,2004-11-17
9766,1684731,5,2004-12-28
9766,2248000,4,2005-01-19
9766,1556712,5,2005-01-19
9766,1848938,5,2005-02-10
9766,1897778,4,2005-05-05
9766,614264,3,2005-05-13
9766,1866094,4,2005-06-14
9766,2630797,3,2005-12-09
9766,1934002,4,2005-12-16
9766,2611904,4,2005-12-23
9766,100197,4,2003-03-25
9766,831566,5,2003-05-28
9766,1383921,3,2003-07-29
9766,1532212,5,2004-07-12
9766,2546173,3,2005-08-22
9766,402266,5,2004-06-20
9766,1816521,4,2004-08-13
9766,324162,5,2004-12-25
9766,135763,4,2005-04-02
9766,1371238,4,2005-06-05
9766,2017088,3,2005-09-20
9766,1275094,5,2004-09-05
9766,1391246,5,2005-07-16
9766,886520,4,2005-07-16
9766,282887,5,2004-03-30
9766,279724,5,2005-08-04
9766,1856059,4,2005-08-17
9766,36301,4,2005-09-05
9766,1788627,5,2003-08-14
9766,1772964,5,2004-11-22
9766,1717979,4,2004-11-25
9766,2133545,5,2004-12-16
9766,943265,4,2005-03-08
9766,1965634,5,2005-06-10
9766,1689179,5,2005-06-13
9766,874888,5,2005-06-29
9766,2059098,4,2005-11-13
9766,2410847,5,2005-12-09
9766,592394,4,2005-12-12
9766,203818,3,2005-07-15
9766,286469,4,2005-07-18
9766,36707,3,2004-01-13
9766,2475149,1,2004-07-07
9766,265808,5,2004-07-10
9766,47150,5,2004-10-23
9766,34408,1,2005-03-04
9766,1271456,4,2005-09-16
9766,2096422,3,2005-10-02
9766,1409798,4,2005-12-11
9766,1801221,4,2005-12-16
9766,376119,4,2004-08-23
9766,2395672,5,2005-08-26
9766,995925,5,2005-09-08
9766,1036167,5,2004-07-27
9766,362579,2,2004-08-04
9766,753480,5,2004-11-08
9766,2152273,3,2005-02-25
9766,2530297,3,2005-05-12
9766,2312072,4,2005-05-15
9766,272222,3,2005-06-17
9766,1349278,5,2005-06-26
9766,2018894,3,2005-10-11
9766,995935,5,2005-12-24
9766,2205030,5,2002-10-31
9766,1758059,4,2005-08-07
9766,1654854,5,2003-08-09
9766,1061911,4,2004-11-20
9766,2284110,5,2004-12-14
9766,1684797,5,2005-01-02
9766,2173428,4,2005-01-28
9766,2254697,5,2005-03-01
9766,125687,4,2005-03-16
9766,885386,4,2005-03-21
9766,2369432,3,2005-05-04
9766,622634,3,2005-06-06
9766,1009941,5,2005-06-18
9766,826871,2,2005-06-29
9766,2396973,5,2005-06-29
9766,2051938,3,2005-09-29
9766,1204108,4,2005-10-02
9766,1327480,5,2005-10-05
9766,2309580,4,2005-12-26
9766,2539408,3,2003-02-15
9766,1799557,4,2005-07-15
9766,1313079,4,2004-11-27
9766,100943,2,2002-07-09
9766,1154027,5,2005-07-30
9766,1242697,4,2005-08-16
9766,1850071,5,2005-08-21
9766,551208,2,2004-02-27
9766,577930,5,2004-06-13
9766,369036,4,2004-07-30
9766,1510980,3,2004-11-24
9766,1152249,4,2004-12-14
9766,1559797,5,2005-01-11
9766,1029411,5,2005-01-19
9766,2329196,4,2005-02-23
9766,460308,3,2005-03-08
9766,1347538,4,2005-03-18
9766,10679,5,2005-04-02
9766,1576405,4,2005-09-11
9766,175371,5,2003-05-30
9766,2321519,3,2002-10-04
9766,2147353,4,2005-08-15
9766,846381,5,2005-02-19
9766,1013474,5,2004-08-23
9766,1124753,2,2004-06-30
9766,2103047,5,2004-10-09
9766,603543,3,2004-11-11
9766,326356,4,2005-01-24
9766,602277,4,2005-03-28
9766,400294,3,2005-05-10
9766,277433,3,2005-07-16
9766,2180365,5,2005-08-10
9766,471654,4,2004-08-25
9766,1304749,4,2004-07-14
9766,1855394,4,2004-07-23
9766,1337026,4,2004-07-16
9766,2000237,4,2004-10-18
9766,2487901,5,2004-11-05
9766,1287490,5,2004-11-23
9766,1280761,4,2005-03-10
9766,1352849,5,2005-04-24
9766,184107,1,2005-06-02
9766,585215,5,2005-10-03
9766,1876756,5,2005-10-07
9766,755061,2,2005-12-03
9766,1002780,5,2004-11-22
9766,1999685,4,2005-02-27
9766,1156617,4,2005-03-07
9766,1255150,3,2005-03-14
9766,731034,3,2005-04-11
9766,1454006,1,2005-04-11
9766,361088,5,2005-12-08
9766,973051,5,2005-09-06
9766,2562322,5,2005-07-30
9766,227340,3,2005-08-01
9766,1695976,4,2004-08-27
9766,1309039,5,2005-02-24
9766,981800,5,2005-04-03
9766,603409,4,2005-05-31
9766,2199042,4,2005-06-13
9766,1191362,1,2005-06-17
9766,173816,4,2005-09-26
9766,915193,5,2005-11-08
9766,1968841,5,2005-12-27
9766,2637956,4,2002-11-26
9766,2312280,3,2003-07-30
9766,534960,2,2005-08-17
9766,1625122,4,2005-08-23
9766,1078800,5,2004-07-04
9766,1138870,5,2004-10-23
9766,324090,4,2005-01-11
9766,1991835,5,2005-01-13
9766,257155,3,2005-01-29
9766,2176465,5,2005-02-08
9766,1879449,4,2005-03-06
9766,297131,4,2005-06-04
9766,686579,2,2005-11-09
9766,398194,5,2005-11-24
9766,181312,4,2005-12-09
9766,320226,1,2005-12-23
9766,2163576,5,2005-07-28
9766,1930828,3,2003-05-29
9766,857132,4,2005-09-03
9766,1755396,3,2004-07-22
9766,411290,3,2004-01-11
9766,643372,5,2004-06-17
9766,1255765,4,2004-12-27
9766,896339,4,2005-04-20
9766,1417031,4,2005-09-19
9766,2284571,5,2004-06-25
9766,2545730,4,2005-07-24
9766,2420001,4,2005-09-04
9766,230265,4,2005-02-22
9766,2409333,5,2005-02-28
9766,843519,4,2005-05-06
9766,2200315,1,2003-08-20
9766,503809,4,2005-07-21
9766,2412372,3,2003-05-15
9766,2576196,4,2004-08-19
9766,624388,5,2004-09-07
9766,1986816,5,2004-07-12
9766,2220732,5,2003-12-29
9766,1516350,3,2004-06-17
9766,899414,5,2004-09-27
9766,472734,5,2005-02-14
9766,1221464,4,2005-03-01
9766,1413367,5,2005-09-19
9766,322064,5,2005-10-08
9766,345800,4,2005-12-05
9766,560858,4,2005-12-14
9766,8660,4,2005-12-28
9766,1519378,4,2004-03-17
9766,460448,4,2004-07-22
9766,625067,4,2004-07-20
9766,1284016,2,2004-06-14
9766,1007057,4,2005-08-06
9766,2061394,4,2003-06-13
9766,590311,4,2005-08-17
9766,2057529,5,2004-10-28
9766,2066850,4,2004-11-23
9766,1038880,4,2005-03-28
9766,2055183,5,2005-10-06
9766,1868176,2,2005-10-10
9766,1305784,4,2005-10-11
9766,1806515,3,2005-08-11
9766,863184,4,2004-08-07
9766,1934459,1,2003-07-27
9766,1661501,4,2004-11-02
9766,1585067,5,2005-02-08
9766,1516935,5,2005-05-01
9766,2118461,4,2005-09-13
9766,2061703,5,2005-09-14
9766,750015,3,2005-12-09
9766,830707,5,2005-12-12
9766,201075,5,2005-09-05
9766,1822560,4,2004-09-08
9766,1747805,5,2004-04-21
9766,81912,3,2004-10-11
9766,648972,5,2004-10-11
9766,598709,5,2004-11-04
9766,1628484,5,2004-11-19
9766,644111,4,2004-12-27
9766,1184498,4,2005-02-02
9766,1302968,4,2005-02-07
9766,813354,4,2005-02-09
9766,998475,3,2005-03-03
9766,2157060,5,2005-03-16
9766,1224423,4,2005-03-21
9766,447437,4,2005-05-01
9766,1848136,4,2005-05-13
9766,217973,4,2005-06-02
9766,853755,4,2005-06-29
9766,1226928,5,2004-04-05
9766,400591,5,2004-02-29
9766,2508768,5,2004-06-29
9766,2213706,5,2005-09-06
9766,230967,5,2004-07-08
9766,2149357,5,2004-09-04
9766,397216,4,2005-07-30
9766,387418,3,2003-08-09
9766,1192630,5,2003-06-16
9766,729229,3,2003-10-27
9766,2068497,3,2004-11-02
9766,1823920,2,2005-01-04
9766,266493,4,2005-05-10
9766,754161,5,2005-06-21
9766,479280,5,2005-09-13
9766,1794682,1,2005-09-14
9766,2174754,4,2005-09-24
9766,1860587,5,2005-11-09
9766,326993,1,2005-12-29
9766,950903,3,2005-12-29
9766,725721,3,2002-10-29
9766,2409465,4,2005-08-04
9766,1942182,3,2003-11-02
9766,1367906,4,2005-08-27
9766,1501998,5,2004-08-04
9766,1166090,4,2004-07-21
9766,900096,4,2004-03-28
9766,415253,5,2004-11-17
9766,2221630,1,2005-01-20
9766,535531,4,2005-01-20
9766,1422859,3,2005-03-03
9766,865662,5,2005-03-13
9766,400037,5,2005-06-14
9766,2512104,4,2005-09-17
9766,348960,4,2005-09-07
9766,2276208,3,2005-09-09
9766,1114324,4,2004-11-30
9766,1993723,3,2005-01-01
9766,397212,4,2005-01-03
9766,1151192,1,2005-02-04
9766,2051980,5,2005-03-15
9766,2609234,4,2005-03-15
9766,1334853,4,2005-05-06
9766,506088,2,2005-07-07
9766,566330,1,2005-07-22
9766,1562856,4,2004-08-02
9766,501396,2,2004-02-18
9766,2385565,4,2005-02-06
9766,644837,3,2005-03-13
9766,827200,5,2005-03-22
9766,1731079,5,2005-09-11
9766,1702488,3,2005-10-09
9766,155850,5,2005-07-14
9766,1692938,5,2005-07-22
9766,1052362,4,2005-08-02
9766,1474466,3,2005-08-14
9766,2027291,5,2005-09-01
9766,654630,5,2004-09-21
9766,1774566,4,2004-10-07
9766,363169,5,2004-10-07
9766,575979,5,2004-10-07
9766,340479,3,2004-11-15
9766,935060,3,2005-02-28
9766,893014,4,2005-05-16
9766,1121211,4,2005-05-17
9766,948702,4,2005-09-19
9766,1859236,4,2005-09-22
9766,2096142,3,2005-11-01
9766,311070,1,2002-11-06
9766,1919986,4,2005-08-26
9766,604316,2,2003-09-02
9766,1004258,2,2005-09-07
9766,1135850,5,2003-12-17
9766,861530,5,2005-01-07
9766,512690,4,2005-01-27
9766,1932594,3,2005-02-03
9766,264754,5,2005-04-17
9766,2087075,5,2005-06-14
9766,1491240,5,2005-06-16
9766,2072710,3,2005-11-09
9766,958687,4,2004-08-19
9766,2186938,4,2005-08-07
9766,2216692,5,2003-11-17
9766,395434,3,2005-08-22
9766,2602594,3,2004-08-12
9766,1616437,1,2004-09-19
9766,1824761,4,2004-10-28
9766,333164,3,2004-11-01
9766,850213,5,2004-12-15
9766,1043616,5,2005-01-01
9766,2463585,5,2005-01-19
9766,1116065,4,2005-03-04
9766,2062595,5,2005-03-21
9766,591794,5,2005-06-10
9766,776187,5,2005-06-10
9766,1852162,5,2005-09-12
9766,700490,5,2005-09-17
9766,2536069,2,2005-07-05
9766,2209849,4,2005-07-15
9766,1243566,4,2003-02-17
9766,998059,4,2005-07-28
9766,1799273,4,2004-06-21
9766,2230024,5,2004-07-16
9766,1781647,5,2004-11-22
9766,1773695,4,2004-12-13
9766,2347302,5,2005-01-04
9766,1234392,4,2005-01-30
9766,2071383,3,2005-01-31
9766,2171187,4,2005-02-02
9766,1443203,4,2005-02-03
9766,2062267,5,2005-02-26
9766,2047171,4,2005-03-09
9766,235077,1,2005-06-01
9766,660499,5,2005-06-28
9766,1010684,3,2005-06-29
9766,1649589,5,2005-12-12
9766,1887920,4,2005-07-31
9766,506949,3,2005-08-02
9766,1349907,5,2005-08-19
9766,1168926,5,2003-07-18
9766,1750816,3,2003-09-14
9766,335635,5,2005-08-30
9766,2329296,2,2004-10-11
9766,1663888,3,2005-01-03
9766,1654721,5,2005-06-05
9766,1079680,3,2005-06-22
9766,906865,4,2005-09-04
9766,2346704,5,2005-09-13
9766,1927251,5,2005-09-28
9766,1284692,5,2005-12-23
9766,1617382,2,2005-12-27
9766,2328701,4,2005-07-16
9766,1461435,3,2002-03-06
9766,404437,5,2002-05-04
9766,676564,3,2002-08-20
9766,1702079,3,2003-08-04
9766,694070,5,2005-09-01
9766,1442705,2,2004-08-09
9766,2426915,3,2004-09-12
9766,1001928,4,2004-07-01
9766,1543281,4,2004-11-07
9766,2294205,5,2005-05-10
9766,1450883,4,2005-06-28
9766,2406730,5,2005-09-16
9766,1147594,5,2005-10-12
9766,2367680,4,2005-10-14
9766,1008332,4,2005-11-02
9766,200779,5,2005-12-29
9766,2270384,4,2004-08-25
9766,1154435,4,2003-07-26
9766,610471,5,2005-08-08
9766,290874,4,2005-08-31
9766,2140945,4,2005-09-02
9766,2234167,5,2005-09-06
9766,882322,3,2004-08-07
9766,739917,5,2005-02-22
9766,329475,5,2004-03-10
9766,1602153,4,2004-11-20
9766,1338917,5,2005-03-08
9766,2258315,3,2005-04-18
9766,1485835,4,2005-09-16
9766,2012254,3,2005-09-26
9766,921585,3,2005-12-17
9766,675407,3,2005-09-05
9766,1384935,5,2004-06-15
9766,1893120,4,2004-08-25
9766,514774,4,2004-11-12
9766,1481308,4,2005-05-21
9766,841955,4,2005-06-29
9766,1127529,4,2005-07-12
9766,1562946,5,2005-07-14
9766,2131713,3,2002-01-15
9766,1688316,3,2003-06-30
9766,445900,5,2004-07-30
9766,642384,5,2004-09-14
9766,469152,5,2004-09-13
9766,352167,5,2004-11-17
9766,2186083,5,2005-01-04
9766,983139,5,2005-01-19
9766,602642,5,2005-03-23
9766,2155386,4,2005-06-10
9766,2618537,4,2005-09-12
9766,2406705,3,2005-09-19
9766,734269,3,2003-05-22
9766,931232,3,2002-11-20
9766,1809391,5,2005-08-15
9766,2019776,3,2005-01-31
9766,2548453,5,2004-06-13
9766,1847613,3,2004-08-03
9766,1747917,1,2005-02-03
9766,442963,4,2005-03-28
9766,1563727,5,2005-04-16
9766,2523020,5,2005-12-01
9766,1730369,5,2004-09-14
9766,1227647,2,2002-04-07
9766,1639792,1,2002-04-02
9766,2050168,2,2005-08-16
9766,1341153,5,2004-07-26
9766,136477,5,2004-06-19
9766,2568994,5,2004-11-07
9766,2129443,4,2004-11-22
9766,2156630,4,2005-01-26
9766,1416428,4,2005-02-05
9766,2087606,4,2005-02-11
9766,60582,5,2005-12-12
9766,582829,5,2005-12-27
9766,2197372,4,2005-12-30
9766,1939357,4,2005-08-04
9766,771858,4,2003-07-14
9766,1581500,4,2004-11-22
9766,1325145,4,2005-01-07
9766,2068909,3,2005-04-06
9766,1662625,3,2005-04-11
9766,339888,4,2005-04-17
9766,1700549,4,2005-04-24
9766,263031,4,2005-04-28
9766,514618,4,2005-05-30
9766,1486501,5,2005-06-01
9766,305792,5,2005-06-05
9766,637487,4,2005-09-10
9766,2502966,4,2005-09-20
9766,1171762,5,2005-07-24
9766,507519,5,2003-07-07
9766,2413272,4,2005-08-05
9766,967414,4,2005-03-03
9766,1019400,3,2005-03-17
9766,2355940,4,2005-06-24
9766,1149289,4,2005-10-05
9766,284823,5,2005-12-13
9766,2415603,4,2001-11-07
9766,78404,2,2002-11-20
9766,518137,4,2005-08-18
9766,1552015,4,2003-06-11
9766,853256,3,2004-03-25
9766,2107407,5,2004-10-25
9766,391254,4,2005-04-07
9766,1562800,4,2005-04-20
9766,1033930,4,2005-05-30
9766,551489,3,2005-06-09
9766,490372,5,2005-06-27
9766,1056778,5,2005-09-20
9766,1862862,4,2005-10-06
9766,1896424,4,2005-10-07
9766,1116370,5,2005-11-30
9766,608442,2,2005-07-15
9766,2299436,3,2003-11-20
9766,1305814,4,2005-08-29
9766,1198866,3,2003-09-08
9766,2282041,4,2004-07-08
9766,1720424,5,2004-07-26
9766,742710,2,2004-10-13
9766,1433792,5,2005-01-31
9766,648959,5,2005-03-21
9766,2404769,4,2005-04-27
9766,439871,4,2005-05-02
9766,1475516,4,2005-11-24
9766,1017324,5,2005-07-07
9766,2487973,5,2005-07-08
9766,1173570,4,2004-06-24
9766,1099344,4,2005-08-08
9766,229958,4,2004-06-26
9766,1363781,5,2004-03-12
9766,1182000,5,2004-06-16
9766,1114801,4,2004-12-17
9766,150998,5,2005-01-06
9766,626225,4,2005-03-26
9766,1017411,3,2005-09-16
9766,2267104,5,2005-11-28
9766,663118,5,2003-07-09
9766,714349,4,2004-07-27
9766,112974,5,2004-09-28
9766,466496,2,2005-01-29
9766,2491063,2,2005-02-18
9766,1738371,4,2005-03-21
9766,1658790,5,2005-04-15
9766,704014,4,2005-05-31
9766,401314,2,2005-09-06
9766,2125956,5,2005-09-11
9766,1657710,5,2005-10-11
9766,201108,5,2002-02-26
9766,1710369,1,2004-03-03
9766,1821629,3,2003-08-11
9766,80178,4,2004-08-24
9766,2523125,4,2004-10-20
9766,363868,3,2004-11-20
9766,626090,4,2005-03-09
9766,665128,3,2005-03-31
9766,1018076,5,2005-04-20
9766,486798,4,2005-05-05
9766,391708,5,2005-07-25
9766,2581812,2,2003-09-17
9766,1995265,3,2004-10-22
9766,1697573,3,2004-12-12
9766,2075925,4,2004-12-31
9766,271598,5,2005-01-11
9766,672941,4,2005-03-06
9766,2491105,4,2005-03-15
9766,2145905,5,2005-04-01
9766,1486956,4,2005-04-25
9766,13856,4,2005-04-29
9766,2614125,3,2005-06-02
9766,586319,5,2005-07-17
9766,1794003,4,2001-10-02
9766,2135585,4,2005-07-18
9766,1368132,5,2005-07-28
9766,1836871,5,2004-09-07
9766,629389,4,2004-09-07
9766,1937532,3,2004-12-19
9766,310948,5,2005-12-26
9766,1182139,4,2005-03-02
9766,1327699,4,2005-04-25
9766,1833140,3,2005-05-19
9766,104224,3,2005-06-07
9766,1507492,4,2005-09-13
9766,1436386,3,2005-09-30
9766,2320697,3,2002-10-19
9766,859047,5,2005-08-01
9766,2238483,4,2005-08-02
9766,1700666,4,2005-08-18
9766,2612306,5,2004-12-29
9766,1748255,5,2004-10-02
9766,1366326,1,2004-11-01
9766,2442104,3,2005-03-02
9766,1606812,4,2005-03-28
9766,1617280,4,2005-05-25
9766,2000256,4,2005-06-15
9766,1897824,4,2005-07-12
9766,543824,5,2004-08-10
9766,744784,4,2004-08-27
9766,461344,5,2004-09-11
9766,511057,1,2005-08-15
9766,433455,4,2005-08-25
9766,2233643,5,2004-07-09
9766,1668548,4,2004-11-05
9766,1766660,4,2004-11-12
9766,453269,4,2004-11-20
9766,2614730,5,2004-12-26
9766,494651,5,2005-01-04
9766,111824,2,2005-01-28
9766,362038,5,2005-02-01
9766,87972,4,2005-02-03
9766,459304,5,2005-02-10
9766,911514,4,2005-03-21
9766,2622406,5,2005-03-26
9766,2381792,4,2005-05-03
9766,1275703,5,2005-06-26
9766,514422,5,2005-07-01
9766,1565184,4,2005-07-03
9766,243940,5,2005-07-16
9766,1453047,1,2004-01-19
9766,2382584,5,2004-06-28
9766,319268,3,2003-08-11
9766,723448,4,2004-08-19
9766,637246,4,2004-10-12
9766,2234535,3,2004-11-01
9766,2513690,5,2005-01-13
9766,224637,4,2005-01-28
9766,2234267,5,2005-03-04
9766,669921,4,2005-09-09
9766,1534085,4,2004-08-05
9766,2227924,5,2005-08-15
9766,954742,5,2004-08-05
9766,382041,1,2005-10-17
9766,2207031,5,2004-07-06
9766,27140,1,2004-08-23
9766,356103,4,2004-11-14
9766,1832524,4,2004-11-14
9766,46154,5,2004-11-17
9766,2368106,5,2005-01-19
9766,2203675,5,2005-05-13
9766,766707,5,2005-07-03
9766,1063601,5,2005-09-17
9766,2351636,3,2005-09-23
9766,1335036,5,2005-10-05
9766,1310883,4,2005-11-24
9766,1769749,5,2003-02-24
9766,2600294,3,2002-03-28
9766,1064648,3,2003-06-26
9766,867245,5,2005-08-17
9766,953604,3,2004-08-18
9766,374741,3,2004-03-18
9766,819654,1,2004-02-05
9766,1561126,5,2004-08-19
9766,2460026,5,2004-12-30
9766,113104,1,2005-02-17
9766,1601968,4,2005-03-29
9766,442899,4,2005-05-13
9766,2521955,5,2005-06-22
9766,1722413,5,2005-09-11
9766,150886,4,2005-09-14
9766,2358416,5,2005-12-20
9766,617654,1,2002-12-15
9766,577533,5,2004-09-13
9766,599968,5,2003-10-16
9766,1792881,5,2004-09-23
9766,1125075,4,2005-02-17
9766,1563698,3,2005-03-02
9766,452299,4,2005-04-04
9766,857219,4,2005-05-17
9766,186266,5,2005-05-23
9766,382138,3,2005-09-16
9766,1041585,5,2005-11-08
9766,1207462,5,2005-12-12
9766,360347,3,2002-04-19
9766,1249961,4,2005-07-25
9766,1937370,4,2005-08-09
9766,1065867,4,2005-02-19
9766,1333264,5,2005-08-18
9766,970253,3,2004-12-19
9766,965381,1,2004-12-22
9766,807592,5,2004-12-24
9766,42477,5,2005-01-27
9766,2152111,5,2005-04-08
9766,115097,4,2005-09-14
9766,456680,5,2005-09-21
9766,843503,4,2005-09-27
9766,1291156,4,2005-10-19
9766,459277,3,2005-07-26
9766,1591986,5,2002-03-27
9766,1465967,3,2005-08-02
9766,2019114,5,2005-08-27
9766,340492,2,2004-08-07
9766,1437431,5,2004-09-29
9766,2341389,5,2005-01-19
9766,44490,4,2005-01-26
9766,267080,5,2005-02-08
9766,1143825,5,2005-03-16
9766,1065921,4,2005-09-23
9766,502274,4,2005-10-12
9766,633738,3,2005-11-06
9766,1226568,3,2005-11-21
9766,1524250,5,2005-12-07
9766,563965,2,2005-12-26
