506,771345,4,2003-03-23
506,1172232,2,2002-08-30
506,1527030,3,2005-09-22
506,1780403,3,2003-12-05
506,2447529,1,2004-08-27
506,982864,2,2001-10-17
506,349440,3,2004-02-26
506,1292217,4,2003-08-30
506,1852563,3,2004-05-27
506,861335,3,2005-02-02
506,1092228,3,2004-12-15
506,1663428,5,2005-04-19
506,198191,4,2005-01-03
506,1990316,3,2004-06-14
506,1479898,3,2004-03-10
506,122746,3,2005-03-12
506,2209618,1,2002-03-27
506,2633850,3,2004-03-22
506,255960,5,2003-02-13
506,590025,3,2003-06-27
506,2237185,2,2001-12-06
506,2088599,2,2003-01-17
506,323550,1,2003-04-21
506,718460,5,2004-09-27
506,2320264,1,2004-12-08
506,2258287,3,2002-07-08
506,2439493,1,2003-05-09
506,2278412,2,2005-03-28
506,174205,3,2004-08-07
506,2632341,2,2002-11-06
506,1459630,3,2004-02-14
506,316684,3,2004-01-22
506,2594005,2,2003-10-15
506,1911322,3,2005-04-28
506,471023,3,2005-12-18
506,328212,2,2004-08-18
506,1632756,4,2005-05-18
506,2566598,4,2002-07-17
506,2646483,3,2003-04-09
506,170811,1,2004-07-20
506,2424657,1,2003-11-09
506,904167,2,2005-10-10
506,1876520,1,2002-05-31
506,2161399,1,2002-11-03
506,2012582,4,2004-08-02
506,1526334,3,2004-04-18
506,2000790,2,2002-05-08
506,134509,5,2004-05-24
506,2578249,3,2005-10-11
506,1297706,4,2005-09-03
506,2601024,2,2003-10-22
506,613894,2,2005-01-19
506,891055,3,2005-05-04
506,2186090,3,2005-06-15
506,580231,4,2001-12-05
506,1961677,3,2005-08-18
506,149511,3,2004-02-17
506,1086084,1,2003-08-08
506,1391057,2,2005-05-18
506,1380722,2,2004-06-30
506,1755632,2,2005-10-27
506,2612179,3,2005-01-28
506,2295818,3,2003-11-07
506,1649046,3,2005-03-24
506,2600981,2,2003-05-15
506,1006933,3,2004-07-24
506,1131853,2,2005-02-16
506,958803,5,2004-11-16
506,2412367,1,2003-10-04
506,2291306,5,2004-03-03
506,762835,4,2004-09-27
506,1787821,2,2005-01-26
506,2001123,3,2005-03-14
506,2010923,3,2005-04-15
506,1191216,4,2004-01-10
506,1932315,4,2005-02-21
506,273215,5,2003-09-27
506,1686237,5,2005-08-24
506,386989,1,2004-08-17
506,2349507,5,2005-06-30
506,1495940,4,2004-03-26
506,1857906,2,2005-03-02
506,794636,5,2004-02-09
506,1483841,2,2003-05-17
506,1571993,3,2002-04-14
506,1634480,3,2003-03-04
506,729150,5,2005-04-06
506,1222333,1,2005-12-02
506,144717,4,2004-08-19
506,2198349,4,2005-02-17
506,2497423,3,2003-05-29
506,355617,4,2005-03-11
506,305344,2,2003-05-02
506,1135569,4,2005-06-18
506,2141712,2,2005-06-04
506,2289506,3,2005-08-13
506,631969,3,2004-05-23
506,1067761,1,2004-02-02
506,2647334,5,2004-05-10
506,2336502,3,2003-10-30
506,1085414,3,2003-10-17
506,2555106,4,2005-05-27
506,780850,1,2005-09-22
506,2068959,4,2004-06-10
506,1836600,2,2004-07-26
506,1281037,3,2004-12-31
506,1089037,3,2003-07-10
506,2428294,2,2005-04-16
506,2305219,1,2005-10-22
506,2394320,3,2004-02-11
506,388564,5,2005-04-18
506,4597,2,2005-04-20
506,1395700,1,2004-06-03
506,286491,3,2004-03-01
506,1605846,3,2004-03-16
506,2220732,1,2004-01-03
506,1241530,2,2004-10-12
506,1261789,3,2004-06-26
506,2170529,2,2005-04-19
506,875855,1,2005-03-08
506,2485183,4,2005-09-12
506,387418,2,2003-08-17
506,8170,4,2003-12-23
506,1988633,3,2002-07-25
506,2325440,1,2002-05-01
506,1405557,2,2004-08-09
506,113416,3,2004-08-18
506,1486829,5,2004-11-19
506,2526291,4,2004-06-20
506,1377588,2,2005-11-04
506,342958,5,2004-01-05
506,345437,3,2003-09-03
506,871772,5,2004-10-02
506,1663888,3,2005-01-28
506,1461435,1,2002-02-17
506,1321009,2,2004-01-25
506,2578968,2,2003-04-28
506,2087606,2,2004-10-14
506,1352530,1,2002-09-30
506,917600,4,2004-10-15
506,2395771,3,2004-06-13
506,16707,4,2005-02-07
506,40136,1,2004-05-22
506,681208,3,2002-12-15
506,1599807,4,2003-08-15
506,2352490,1,2003-05-23
506,462487,3,2004-08-26
506,1195133,3,2004-03-05
506,2564917,1,2004-07-21
506,963047,3,2003-11-30
506,999728,2,2004-12-19
506,1979465,4,2004-08-12
506,2645143,2,2005-01-19
506,2166491,1,2002-03-30
506,486195,2,2001-12-20
506,860432,4,2002-05-04
506,230722,1,2002-07-16
