6996,2031561,2,2003-11-24
6996,903692,3,2005-01-12
6996,487169,2,2004-11-11
6996,2138987,4,2004-06-16
6996,2618501,3,2004-11-13
6996,1807888,1,2005-02-23
6996,269983,2,2005-08-03
6996,161893,3,2005-08-29
6996,1546535,4,2005-11-29
6996,1254903,3,2003-10-09
6996,2604070,3,2004-02-23
6996,1378970,3,2004-05-31
6996,187367,1,2004-09-17
6996,1848102,4,2005-05-02
6996,1499504,2,2004-07-01
6996,1443573,2,2005-02-08
6996,1478381,3,2005-08-17
6996,2646060,3,2004-08-11
6996,1517471,5,2004-01-12
6996,1060536,3,2004-06-28
6996,2384246,5,2004-04-17
6996,1553054,4,2004-09-18
6996,2602249,3,2004-08-08
6996,1682594,1,2004-03-26
6996,1990523,2,2004-01-03
6996,575584,4,2005-03-18
6996,2240135,3,2005-09-17
6996,1016977,3,2005-10-31
6996,1954335,5,2004-04-25
6996,2053711,3,2004-04-05
6996,1033629,3,2004-09-26
6996,786312,3,2004-11-18
6996,2004779,4,2005-03-24
6996,917679,4,2005-10-19
6996,1650789,3,2005-08-31
6996,1002367,3,2004-07-03
6996,310400,3,2005-06-20
6996,1321983,4,2005-04-08
6996,1079651,3,2005-09-26
6996,621751,3,2004-05-11
6996,236717,3,2005-08-18
6996,303865,1,2005-05-10
6996,390033,3,2004-11-15
6996,1288554,4,2004-08-09
6996,209549,1,2003-10-27
6996,1001129,2,2004-10-29
6996,1801389,2,2004-01-26
6996,544022,2,2005-03-28
6996,757837,3,2005-11-14
6996,1860633,3,2004-01-27
6996,269554,2,2003-11-04
6996,1585390,4,2004-11-12
6996,1236938,4,2004-07-13
6996,521825,2,2005-09-01
6996,2119684,2,2005-11-22
6996,557042,3,2004-09-29
6996,377817,3,2005-05-05
6996,858641,3,2005-05-12
6996,784796,2,2005-09-06
6996,590852,4,2005-10-04
6996,2308192,2,2004-05-19
6996,2303969,3,2005-01-01
6996,1618288,3,2005-03-18
6996,778615,2,2004-05-01
6996,357482,3,2004-07-12
6996,1326319,3,2005-05-05
6996,1540127,2,2004-07-18
6996,2329026,3,2004-10-21
6996,1923852,3,2005-04-27
6996,1103080,4,2005-06-17
6996,700661,3,2004-06-19
6996,1792741,3,2005-04-21
6996,793875,5,2005-11-09
6996,111085,3,2004-04-05
6996,636262,1,2005-08-23
6996,1240130,3,2004-11-11
6996,703380,4,2005-02-07
6996,974823,3,2005-02-10
6996,27165,1,2005-07-18
6996,2024858,3,2005-08-19
6996,1124126,3,2005-09-10
6996,599880,3,2004-06-10
6996,1572555,4,2004-03-23
6996,1629666,4,2005-12-05
6996,2439493,2,2004-07-30
6996,1179440,4,2005-03-01
6996,1545711,3,2005-05-20
6996,1087387,2,2005-02-19
6996,2079955,3,2005-11-14
6996,1536419,4,2004-04-06
6996,1874439,3,2005-11-04
6996,2526250,2,2005-10-05
6996,238740,4,2004-09-18
6996,276182,4,2005-11-07
6996,965528,3,2004-01-24
6996,2560039,1,2005-08-18
6996,1648879,3,2004-01-21
6996,1489499,2,2004-03-24
6996,101395,2,2004-04-16
6996,817339,3,2004-03-18
6996,277990,4,2005-11-04
6996,2531820,3,2004-09-13
6996,1992962,3,2005-08-07
6996,1473980,3,2005-08-30
6996,1136807,2,2005-06-13
6996,2200113,3,2004-05-17
6996,70868,3,2004-12-08
6996,1901318,1,2005-07-19
6996,2468565,1,2004-03-05
6996,2296022,5,2005-09-06
6996,2253630,2,2004-03-17
6996,2226984,3,2004-07-04
6996,772891,3,2005-12-20
6996,2090662,4,2004-09-15
6996,1149786,1,2005-06-15
6996,2243157,4,2003-10-30
6996,2260496,2,2005-11-08
6996,376164,5,2005-03-02
6996,1715948,2,2004-09-06
6996,818752,4,2005-01-05
6996,28995,3,2005-06-30
6996,117086,1,2005-12-19
6996,2048892,4,2004-03-23
6996,769702,2,2005-02-26
6996,1774562,3,2005-06-01
6996,918708,4,2005-03-17
6996,1544512,2,2003-10-21
6996,921056,3,2004-10-10
6996,2457095,2,2004-11-01
6996,493009,3,2004-12-01
6996,893398,4,2005-06-27
6996,596255,1,2005-08-18
6996,2607526,2,2004-07-12
6996,2339024,4,2004-01-14
6996,296959,4,2005-02-07
6996,328394,3,2005-03-31
6996,231848,3,2004-03-26
6996,2136927,3,2005-08-30
6996,432620,3,2005-04-07
6996,1868998,3,2005-05-22
6996,772152,4,2004-07-30
6996,895024,3,2004-06-16
6996,2134424,4,2005-01-06
6996,1267521,3,2004-10-13
6996,2456277,4,2004-11-08
6996,1774181,3,2004-09-01
6996,489470,4,2004-09-16
6996,184705,3,2004-11-18
6996,1738984,4,2003-10-24
6996,2641668,3,2004-11-13
6996,1492140,3,2004-12-08
6996,1072669,3,2005-12-02
6996,595870,2,2004-12-09
6996,1814734,5,2005-10-13
6996,1354071,1,2005-11-09
6996,1011651,2,2005-07-12
6996,588285,1,2005-10-31
6996,2508012,3,2003-11-10
6996,1370816,3,2005-07-11
6996,322009,3,2005-08-20
6996,417247,4,2005-08-21
6996,2472638,4,2004-11-27
6996,856810,5,2005-12-29
6996,1091890,5,2005-02-23
6996,2223179,3,2005-03-07
6996,2588486,3,2004-03-12
6996,1398142,5,2004-03-10
6996,1309484,2,2005-06-30
6996,86773,2,2004-03-04
6996,778937,3,2005-11-24
6996,1684416,2,2005-07-17
6996,826171,4,2004-09-29
6996,2072472,1,2005-04-18
6996,1664010,4,2005-10-14
6996,263823,4,2005-08-31
6996,1967189,4,2004-10-28
6996,1408249,3,2005-11-04
6996,396661,3,2005-08-02
6996,943538,3,2004-11-04
6996,659540,2,2004-09-13
6996,910244,4,2004-08-26
6996,499257,2,2005-05-05
6996,793578,4,2005-08-24
6996,504243,3,2005-09-27
6996,2149005,2,2005-07-14
6996,2490049,3,2005-08-09
6996,2474780,2,2005-08-20
6996,490240,3,2004-07-08
6996,1628899,2,2005-05-25
6996,1553985,1,2004-09-20
6996,2550496,2,2004-01-14
6996,359973,3,2004-07-20
6996,1257447,2,2005-02-23
6996,1991491,1,2005-03-07
6996,589847,3,2004-02-07
6996,110043,3,2005-05-24
6996,2566931,4,2004-08-19
6996,1939114,3,2005-09-26
6996,2337144,4,2005-07-17
6996,1838160,2,2003-11-13
6996,1635276,1,2003-12-28
6996,682857,2,2004-07-04
6996,895707,3,2005-01-24
6996,2387369,3,2005-05-15
6996,1910955,3,2004-05-05
6996,2177405,3,2004-09-08
6996,2035269,4,2005-02-12
6996,1344624,1,2005-10-04
6996,1498353,3,2004-03-09
6996,123366,2,2005-08-11
6996,1910693,3,2005-04-12
6996,246714,3,2005-03-28
6996,1002943,3,2005-11-01
6996,710049,2,2005-11-04
6996,2480992,3,2005-11-26
6996,693162,4,2004-01-03
6996,1102845,2,2004-04-23
6996,190547,4,2005-10-11
6996,1370695,3,2005-11-09
6996,1755096,4,2004-01-23
6996,413819,3,2005-01-07
6996,2484843,4,2005-04-22
6996,2550711,2,2005-08-26
6996,1614345,3,2004-09-27
6996,707563,4,2005-01-07
6996,2306848,3,2005-08-17
6996,270692,4,2005-09-01
6996,2507247,3,2005-09-07
6996,1359766,3,2005-11-27
6996,1393438,2,2005-08-09
6996,1526199,3,2004-07-26
6996,491531,1,2005-07-24
6996,1317671,2,2005-10-14
6996,1254363,3,2003-11-07
6996,2111928,3,2005-08-15
6996,2471281,4,2004-07-08
6996,1511156,2,2004-11-05
6996,1729432,3,2005-01-04
6996,1641505,3,2004-10-16
6996,986364,3,2004-12-29
6996,1745826,3,2005-06-13
6996,2009880,5,2005-11-07
6996,1984315,3,2005-06-24
6996,329555,3,2005-07-06
6996,613002,3,2003-11-03
6996,2256485,1,2004-12-17
6996,1939977,3,2004-07-16
6996,1178938,3,2005-09-10
6996,1299887,4,2005-03-16
6996,1130380,3,2005-04-22
6996,682963,3,2005-06-24
6996,492394,3,2005-09-29
6996,804044,4,2004-07-18
6996,17141,3,2005-02-07
6996,912340,3,2005-04-19
6996,2579624,3,2005-10-14
6996,1826924,4,2005-11-21
6996,324080,2,2004-05-21
6996,1091467,3,2005-01-19
6996,765528,1,2005-03-26
6996,763551,2,2005-10-08
6996,206937,5,2005-01-07
6996,1193879,4,2004-02-25
6996,1210116,3,2004-08-09
6996,341347,3,2004-11-03
6996,1686991,3,2005-03-24
6996,1462330,4,2005-12-31
6996,1905090,1,2004-02-19
6996,2595084,4,2004-08-10
6996,2605347,3,2004-12-27
6996,2568589,4,2005-10-12
6996,1854660,1,2005-10-17
6996,314057,3,2004-02-16
6996,305344,1,2003-09-11
6996,2101428,3,2003-10-13
6996,1913100,3,2005-04-20
6996,1183823,4,2004-04-12
6996,1264970,5,2003-10-07
6996,2035291,3,2003-12-15
6996,1403217,1,2005-08-10
6996,2353371,2,2005-08-14
6996,2232047,5,2004-07-25
6996,1851609,4,2005-01-07
6996,120368,4,2005-04-10
6996,22706,3,2005-11-09
6996,1588457,2,2005-11-12
6996,2631679,2,2005-08-03
6996,1048133,4,2003-09-24
6996,677442,3,2005-08-08
6996,353016,5,2004-08-10
6996,1158900,4,2005-02-01
6996,551367,4,2005-06-17
6996,2635015,3,2004-06-30
6996,1590324,4,2005-04-18
6996,2513372,4,2005-10-08
6996,2606862,2,2004-08-16
6996,2167896,3,2004-07-15
6996,1123618,3,2004-10-11
6996,1417705,1,2003-11-30
6996,992291,3,2005-06-22
6996,411512,3,2004-08-18
6996,1772011,3,2003-12-01
6996,1420308,5,2005-10-28
6996,708671,3,2005-07-22
6996,794010,3,2005-03-04
6996,1757759,4,2005-10-18
6996,1773976,4,2005-10-31
6996,2608054,3,2004-08-04
6996,2598647,3,2004-02-06
6996,402266,3,2004-10-16
6996,1628350,3,2005-01-02
6996,603195,5,2005-02-17
6996,133993,1,2005-10-04
6996,94981,1,2005-11-03
6996,1545458,3,2004-07-09
6996,1193144,3,2005-07-18
6996,1306287,3,2004-01-26
6996,2068936,3,2005-02-25
6996,2029766,3,2004-04-20
6996,215558,2,2003-11-18
6996,838325,3,2005-09-27
6996,2000004,3,2004-07-08
6996,286009,3,2005-06-15
6996,2385050,2,2005-03-13
6996,868600,3,2005-06-28
6996,1937848,4,2005-09-19
6996,1354717,2,2004-05-23
6996,2117739,2,2004-01-21
6996,586222,2,2005-06-17
6996,2164462,4,2004-08-13
6996,1124478,4,2005-03-27
6996,2481073,3,2005-12-19
6996,1299809,2,2004-06-09
6996,140164,5,2004-09-15
6996,2576502,2,2004-10-04
6996,530891,3,2004-07-22
6996,1806515,3,2005-09-23
6996,2118461,3,2005-10-22
6996,1643817,2,2004-01-06
6996,1184498,3,2005-03-16
6996,2260934,4,2005-06-24
6996,2439933,3,2005-03-14
6996,521618,1,2005-04-12
6996,387418,1,2003-10-10
6996,433899,2,2004-05-17
6996,2588755,3,2005-06-30
6996,525945,3,2004-08-05
6996,873478,2,2004-01-07
6996,1629989,3,2004-02-21
6996,622686,3,2004-09-08
6996,967062,3,2004-10-31
6996,761806,3,2005-10-17
6996,794999,5,2004-06-22
6996,1932594,1,2004-10-03
6996,103867,3,2004-11-06
6996,1795463,4,2005-09-24
6996,1953635,2,2005-11-30
6996,1091615,3,2005-08-11
6996,1884816,3,2004-12-02
6996,519020,5,2004-12-16
6996,2167607,4,2005-10-09
6996,466977,3,2004-03-13
6996,2481845,2,2004-04-04
6996,1663888,3,2004-04-08
6996,12708,3,2004-06-30
6996,2217548,2,2003-10-11
6996,775822,2,2004-04-16
6996,2186231,4,2005-06-27
6996,1037245,4,2005-12-28
6996,53688,2,2004-09-01
6996,2489039,4,2004-11-08
6996,2502834,3,2005-10-21
6996,2353276,4,2005-11-05
6996,1639792,1,2003-08-31
6996,2059386,3,2004-03-02
6996,57633,3,2003-11-04
6996,1573062,2,2004-07-04
6996,665906,2,2004-04-29
6996,604892,5,2004-11-26
6996,2143500,3,2004-12-19
6996,2195004,5,2004-07-25
6996,950773,3,2005-10-15
6996,536250,3,2005-11-25
6996,1711930,5,2003-12-24
6996,519944,3,2005-09-27
6996,749353,2,2004-08-18
6996,2088276,3,2004-08-03
6996,1250155,4,2004-11-04
6996,715966,3,2005-01-24
6996,1918276,4,2004-08-23
6996,2125956,5,2004-07-29
6996,2238060,5,2004-08-18
6996,157349,5,2005-07-30
6996,836952,3,2004-12-13
6996,529787,4,2005-01-26
6996,1326195,3,2005-09-13
6996,316155,3,2004-07-07
6996,1216664,4,2005-01-19
6996,775020,4,2005-05-16
6996,229439,4,2005-05-24
6996,1450747,3,2005-07-03
6996,838777,2,2005-07-04
6996,1220707,1,2004-07-30
6996,329805,1,2004-05-02
6996,1998877,4,2004-11-11
6996,1549795,3,2005-08-08
6996,749178,3,2004-02-26
6996,237263,2,2005-01-06
6996,2258025,3,2005-10-24
6996,356103,2,2003-10-08
6996,185372,3,2005-04-01
6996,1550216,1,2005-09-20
6996,2534701,1,2004-08-06
6996,2062455,3,2005-03-08
6996,288767,2,2005-11-27
6996,2179833,3,2004-11-07
6996,863782,4,2005-04-20
