11394,2098867,4,2005-07-12
11394,1468812,2,2002-08-21
11394,1109700,4,2001-11-16
11394,716091,4,2005-01-31
11394,976596,3,2004-04-20
11394,163546,5,2005-01-27
11394,1270217,3,2005-05-30
11394,2609870,1,2005-10-18
11394,1081252,4,2005-10-29
11394,2568270,4,2005-11-09
11394,758327,5,2005-11-23
11394,603277,4,2003-09-12
11394,1051186,5,2004-09-14
11394,2292389,5,2004-07-23
11394,166100,4,2004-10-13
11394,2138987,3,2004-11-09
11394,2484814,5,2005-01-10
11394,1348118,1,2005-04-14
11394,1780429,4,2003-06-03
11394,1363573,3,2003-06-10
11394,213183,4,2005-03-04
11394,269983,3,2005-06-09
11394,1546535,4,2005-10-26
11394,954231,4,2005-11-07
11394,1883966,4,2005-07-06
11394,1488298,4,2002-10-18
11394,21983,2,2004-08-18
11394,406121,4,2003-09-15
11394,1254903,2,2003-05-07
11394,1873215,3,2005-09-08
11394,2270293,4,2002-08-19
11394,1752361,5,2004-09-03
11394,1838467,3,2003-07-03
11394,1445871,3,2004-05-20
11394,710534,4,2005-01-21
11394,973476,5,2005-01-30
11394,750281,3,2005-10-15
11394,1228566,3,2003-08-29
11394,2646060,3,2003-05-30
11394,1517471,2,2003-12-30
11394,2262263,4,2004-04-02
11394,862524,4,2004-11-22
11394,499718,4,2005-02-01
11394,470108,5,2005-12-09
11394,1224629,4,2005-07-20
11394,1281099,4,2005-01-19
11394,662340,1,2005-10-14
11394,933168,5,2001-11-12
11394,1553054,4,2004-09-18
11394,272772,4,2004-12-10
11394,2355791,4,2001-06-12
11394,232669,2,2005-07-16
11394,945258,4,2002-09-17
11394,159803,2,2003-08-03
11394,916437,2,2005-08-04
11394,153249,2,2003-10-14
11394,2240135,3,2005-08-28
11394,971977,4,2003-07-07
11394,1990523,4,2004-05-12
11394,507771,4,2005-02-11
11394,983246,2,2003-11-18
11394,2252223,3,2003-06-03
11394,1585588,4,2003-07-21
11394,1144150,3,2004-10-23
11394,2235723,3,2004-10-24
11394,110384,3,2004-12-08
11394,753914,4,2004-12-20
11394,1187565,3,2005-09-04
11394,964493,3,2005-08-02
11394,2003554,3,2003-05-30
11394,1947922,5,2004-11-14
11394,1527895,4,2005-03-07
11394,917679,4,2005-10-19
11394,1602952,3,2004-07-06
11394,263097,4,2004-03-19
11394,966255,3,2004-12-20
11394,1998211,3,2005-01-20
11394,849756,3,2003-08-01
11394,845196,3,2004-11-17
11394,164973,3,2005-07-20
11394,1199825,2,2003-01-22
11394,328364,5,2001-10-25
11394,1376843,3,2004-05-23
11394,1703095,4,2004-03-26
11394,734265,3,2005-12-22
11394,18103,3,2004-06-20
11394,926534,4,2004-09-18
11394,1338051,3,2005-03-19
11394,720940,3,2005-10-12
11394,1033433,5,2000-12-12
11394,297901,4,2004-02-25
11394,1149582,5,2004-11-29
11394,40448,4,2005-01-26
11394,979820,3,2005-06-26
11394,875956,4,2005-09-16
11394,1522223,3,2003-09-22
11394,399548,1,2002-12-04
11394,1575223,3,2003-11-05
11394,84309,3,2004-06-27
11394,229969,2,2003-08-03
11394,250613,2,2005-01-19
11394,1474282,4,2005-05-24
11394,786251,3,2005-09-19
11394,314104,4,2005-09-26
11394,1737894,4,2005-12-30
11394,2213534,3,2003-12-20
11394,2451785,2,2004-02-17
11394,1858250,3,2003-05-09
11394,145615,4,2004-07-14
11394,2403969,5,2005-04-02
11394,1284863,4,2005-04-24
11394,2373995,3,2005-06-02
11394,2544532,4,2005-10-30
11394,512633,3,2005-12-09
11394,1426275,3,2002-12-04
11394,1961247,3,2004-11-16
11394,604949,4,2004-12-02
11394,2604976,2,2005-02-10
11394,136767,1,2005-12-07
11394,1247659,4,2003-07-10
11394,2424776,4,2003-09-16
11394,1927580,4,2004-11-10
11394,937576,1,2004-11-30
11394,1457029,3,2005-04-04
11394,2318181,3,2005-05-10
11394,307567,2,2005-10-26
11394,1245680,3,2001-08-30
11394,984246,4,2001-09-21
11394,2250843,4,2004-06-23
11394,664105,3,2004-12-12
11394,2351599,3,2005-01-10
11394,2500699,4,2005-06-21
11394,831643,5,2002-11-27
11394,870045,4,2005-06-05
11394,1314701,3,2004-04-01
11394,2421605,3,2003-07-08
11394,1236938,5,2004-09-09
11394,2103896,4,2005-10-11
11394,1489477,4,2005-08-04
11394,2237781,3,2004-01-27
11394,268580,4,2003-08-27
11394,1167572,5,2005-05-08
11394,282522,2,2003-07-01
11394,1190481,3,2005-01-06
11394,1710410,4,2005-04-07
11394,33609,5,2005-06-29
11394,570276,5,2005-10-26
11394,1788346,2,2003-05-13
11394,2408309,5,2005-03-26
11394,946646,2,2003-08-14
11394,1384058,5,2003-04-21
11394,887389,2,2003-05-21
11394,1963094,4,2002-06-16
11394,1617677,5,2005-02-03
11394,2220239,2,2003-06-07
11394,22699,3,2005-06-14
11394,1880844,4,2005-07-12
11394,2421516,2,2005-07-14
11394,193179,3,2003-07-29
11394,334051,5,2003-05-20
11394,1240130,4,2004-07-12
11394,154842,3,2005-10-07
11394,2237185,3,2002-09-22
11394,525007,3,2002-10-13
11394,1281248,5,2003-11-07
11394,1750198,3,2003-07-01
11394,1394924,4,2003-05-25
11394,915726,5,2005-07-27
11394,1591355,3,2003-06-11
11394,2024858,4,2005-08-19
11394,488697,3,2003-07-23
11394,645245,3,2004-07-24
11394,1011918,4,2005-05-28
11394,205660,3,2005-06-03
11394,2012686,3,2003-05-27
11394,254887,2,2003-12-03
11394,187322,3,2003-04-23
11394,1878820,3,2003-07-18
11394,2247785,5,2004-07-13
11394,879194,3,2005-02-14
11394,2439493,1,2003-05-07
11394,1861131,1,2004-10-25
11394,517523,5,2004-11-06
11394,2364520,5,2005-01-31
11394,1495038,4,2005-03-31
11394,408918,3,2005-04-27
11394,1240334,4,2005-10-18
11394,1669517,3,2003-03-04
11394,867295,2,2004-03-05
11394,71039,3,2005-07-19
11394,2464121,2,2003-11-14
11394,1815596,3,2004-09-17
11394,2115091,5,2004-11-16
11394,990230,4,2005-09-15
11394,1874439,3,2005-10-29
11394,666852,3,2005-07-28
11394,2390246,3,2003-09-01
11394,50553,3,2005-08-13
11394,1500625,5,2004-11-23
11394,1116080,3,2005-07-09
11394,1381258,5,2004-08-09
11394,238740,4,2004-09-18
11394,2121112,5,2005-04-05
11394,1316037,5,2005-09-19
11394,2404122,5,2005-11-04
11394,768309,1,2005-11-11
11394,1584593,1,2005-12-16
11394,965528,4,2004-01-24
11394,201099,5,2003-08-28
11394,2517394,3,2004-12-21
11394,2560039,3,2005-09-24
11394,583773,3,2004-02-05
11394,277990,2,2004-06-21
11394,817339,3,2005-08-27
11394,2137900,3,2005-06-17
11394,1727296,1,2005-09-28
11394,991596,3,2005-07-23
11394,776228,3,2004-01-05
11394,2531820,5,2003-12-08
11394,1534723,5,2001-08-11
11394,2128440,3,2004-04-23
11394,2301300,4,2003-05-05
11394,1992962,2,2004-06-23
11394,695,3,2005-05-29
11394,1024854,4,2005-09-23
11394,1136807,4,2002-01-10
11394,326804,3,2002-11-16
11394,1733998,2,2005-08-19
11394,345704,4,2003-11-26
11394,1714260,3,2004-06-22
11394,2523426,3,2004-03-05
11394,73688,3,2003-12-01
11394,929208,1,2003-04-29
11394,510719,4,2005-08-17
11394,1362220,4,2005-01-19
11394,698713,3,2005-01-26
11394,1870594,4,2005-09-09
11394,968813,3,2001-08-07
11394,1083137,3,2004-11-05
11394,1313714,4,2004-11-07
11394,247932,2,2005-01-19
11394,1531029,2,2005-02-02
11394,1741962,4,2003-06-11
11394,1960236,3,2005-08-01
11394,1143925,4,2003-08-24
11394,1862998,5,2004-01-27
11394,2632159,4,2004-05-20
11394,461075,1,2004-09-22
11394,2121071,3,2004-11-01
11394,1177340,3,2005-01-20
11394,858204,4,2005-05-26
11394,1624471,3,2005-12-06
11394,164882,4,2003-05-02
11394,1588088,4,2004-06-15
11394,1877582,3,2004-11-30
11394,1105367,3,2005-02-03
11394,2208519,4,2002-10-03
11394,1149786,3,2005-06-15
11394,1887046,3,2005-10-12
11394,1526115,3,2001-09-28
11394,113366,5,2003-07-24
11394,994114,2,2004-02-03
11394,952156,3,2004-03-17
11394,199403,4,2004-08-27
11394,1092521,4,2005-02-12
11394,2465337,2,2005-03-02
11394,1689219,2,2002-08-17
11394,197775,3,2005-08-20
11394,280382,4,2005-07-02
11394,1270144,2,2005-09-19
11394,1147641,1,2002-07-30
11394,818752,3,2004-07-20
11394,598638,5,2005-06-28
11394,28995,4,2005-06-30
11394,1005156,1,2005-11-03
11394,1241232,1,2004-06-08
11394,1853299,3,2004-08-28
11394,4624,4,2004-11-29
11394,769702,2,2005-02-26
11394,1547655,4,2002-03-10
11394,1768211,3,2003-12-22
11394,2645684,3,2005-09-03
11394,1775518,4,2004-03-29
11394,2510760,4,2005-01-27
11394,1865204,4,2005-03-12
11394,596995,3,2003-05-26
11394,1544512,1,2003-10-30
11394,170661,1,2003-08-05
11394,1981842,3,2004-08-16
11394,2483371,1,2004-12-20
11394,406122,2,2005-10-12
11394,1524853,4,2001-11-30
11394,1617342,2,2003-06-26
11394,1828803,3,2002-07-30
11394,296959,4,2002-09-20
11394,1120721,3,2005-04-06
11394,66885,5,2001-03-10
11394,790183,1,2004-02-06
11394,125288,3,2003-05-07
11394,1105029,4,2005-02-08
11394,402365,2,2005-03-25
11394,1390282,3,2005-04-01
11394,1611056,3,2005-04-07
11394,1794722,4,2005-04-23
11394,2410548,4,2003-07-29
11394,532872,3,2005-08-10
11394,1796852,3,2005-08-24
11394,625344,2,2004-03-23
11394,2167214,4,2004-11-03
11394,253900,3,2004-12-27
11394,432620,3,2005-03-04
11394,165838,4,2005-09-23
11394,2136927,4,2005-12-13
11394,1615721,4,2003-07-15
11394,108673,4,2005-03-21
11394,2246014,3,2003-07-30
11394,1987774,2,2004-07-23
11394,130255,2,2005-08-02
11394,554137,2,2003-03-03
11394,587879,4,2003-09-10
11394,2134424,4,2005-01-05
11394,1652323,3,2005-04-29
11394,2417151,5,2005-12-15
11394,29185,5,2003-07-16
11394,51247,3,2005-03-06
11394,646560,4,2005-12-24
11394,557981,3,2003-04-28
11394,1838084,5,2004-06-09
11394,2023451,3,2005-07-08
11394,280012,4,2003-01-22
11394,935529,3,2004-02-03
11394,1323844,5,2004-08-31
11394,1764071,4,2005-02-09
11394,2578230,4,2005-06-13
11394,1684341,3,2002-07-30
11394,1259083,5,2005-08-17
11394,1745404,4,2003-05-14
11394,394421,5,2005-05-31
11394,2491363,4,2004-06-30
11394,1492140,4,2004-12-23
11394,2413817,3,2005-11-03
11394,324047,2,2003-06-03
11394,2379395,4,2004-06-26
11394,986687,2,2003-09-29
11394,952748,3,2003-09-28
11394,330329,4,2004-08-25
11394,2495393,3,2005-03-05
11394,468280,4,2005-03-28
11394,57691,4,2005-09-27
11394,127316,4,2002-12-27
11394,369756,1,2002-12-05
11394,1797678,4,2003-05-20
11394,2385481,3,2005-01-22
11394,1766434,3,2005-01-25
11394,1019491,3,2005-02-27
11394,2166018,4,2005-03-28
11394,1752618,1,2005-04-29
11394,2133317,5,2005-05-16
11394,588285,1,2005-10-31
11394,1672412,3,2004-03-16
11394,414536,4,2004-03-13
11394,327067,4,2004-12-01
11394,785207,4,2005-02-24
11394,1573738,3,2005-04-05
11394,250565,4,2001-05-20
11394,2515390,4,2005-05-23
11394,856810,4,2005-12-28
11394,1845089,4,2003-06-11
11394,2416656,3,2004-04-15
11394,2588486,3,2003-05-14
11394,66892,3,2003-02-14
11394,731592,3,2003-04-23
11394,1316922,4,2004-08-24
11394,1296336,4,2005-10-14
11394,311875,1,2002-12-29
11394,2448589,1,2003-10-25
11394,274191,3,2003-05-16
11394,1729276,4,2004-11-29
11394,2243988,3,2005-03-15
11394,1750007,4,2005-03-18
11394,419691,4,2005-05-06
11394,790612,5,2005-10-03
11394,654518,3,2005-10-17
11394,1882379,3,2005-11-20
11394,2544895,4,2004-07-05
11394,1205069,4,2003-12-23
11394,1279851,3,2004-08-05
11394,1655708,3,2005-02-16
11394,381565,4,2005-04-05
11394,1444657,2,2002-10-05
11394,2254112,3,2003-08-29
11394,388643,1,2003-07-11
11394,2119859,3,2005-01-19
11394,1684416,2,2005-05-03
11394,2354195,4,2005-05-18
11394,1664010,5,2005-10-14
11394,1807151,3,2004-01-20
11394,450048,4,2005-11-08
11394,224115,3,2005-07-08
11394,2610128,4,2003-05-28
11394,1920370,2,2005-03-24
11394,2148574,3,2005-04-10
11394,1226523,4,2005-06-22
11394,463087,3,2003-04-09
11394,1434524,4,2005-06-04
11394,896920,4,2004-02-24
11394,1270100,4,2004-12-01
11394,1999791,4,2004-12-27
11394,1207990,4,2005-01-25
11394,33758,2,2005-10-06
11394,504243,4,2002-08-13
11394,58409,4,2004-01-23
11394,793578,2,2005-08-13
11394,862596,3,2005-10-22
11394,1214431,4,2005-07-16
11394,1268642,5,2003-09-02
11394,2380375,2,2003-06-04
11394,1304156,2,2003-05-24
11394,1520081,4,2003-05-30
11394,1249592,4,2003-12-15
11394,594196,5,2004-07-14
11394,853383,4,2003-05-28
11394,490240,3,2004-08-19
11394,1815083,5,2004-11-24
11394,2490049,4,2005-06-15
11394,1069413,3,2005-10-05
11394,1411052,3,2004-01-14
11394,601815,3,2005-07-22
11394,1645664,2,2003-08-11
11394,2562137,3,2004-04-13
11394,2135891,3,2005-04-24
11394,875984,2,2003-10-28
11394,2570094,2,2005-09-02
11394,779811,4,2004-12-10
11394,1695405,4,2005-04-18
11394,1464441,4,2004-11-25
11394,2566931,4,2005-01-07
11394,1941999,3,2005-03-02
11394,1848868,3,2001-12-04
11394,1364543,4,2003-05-27
11394,895707,4,2005-01-27
11394,2115347,4,2005-05-12
11394,2522284,4,2005-10-03
11394,1298511,2,2003-07-05
11394,2401372,4,2003-05-01
11394,1705409,5,2005-01-11
11394,1202285,3,2005-09-19
11394,2545054,1,2005-08-02
11394,1766217,3,2004-08-28
11394,1362183,4,2003-06-25
11394,2326007,4,2004-03-31
11394,2501686,4,2004-04-17
11394,2177405,3,2004-09-08
11394,238130,4,2005-01-29
11394,1344624,2,2005-10-04
11394,466335,3,2002-10-28
11394,1428452,4,2004-11-14
11394,940635,3,2003-07-09
11394,2332012,4,2005-08-27
11394,894217,5,2005-10-18
11394,2135531,3,2001-10-13
11394,2244291,1,2004-04-02
11394,1477153,3,2005-02-27
11394,2533427,4,2005-03-02
11394,606839,5,2005-03-25
11394,2050437,4,2005-03-31
11394,1629672,1,2005-03-22
11394,246714,3,2005-03-27
11394,2047109,3,2005-11-02
11394,693162,4,2004-03-16
11394,1274640,3,2004-12-09
11394,327821,3,2005-07-04
11394,397561,3,2004-01-08
11394,1755096,4,2004-01-23
11394,1587311,4,2002-07-30
11394,357192,1,2003-09-09
11394,2073589,4,2005-03-14
11394,909477,3,2005-11-01
11394,2639603,4,2005-07-29
11394,1201843,1,2004-08-11
11394,531125,1,2004-07-20
11394,2077980,5,2004-04-07
11394,488256,5,2004-03-25
11394,2534526,3,2005-03-21
11394,2174795,3,2005-05-24
11394,1322896,4,2005-05-29
11394,225691,4,2005-12-05
11394,570624,4,2004-12-05
11394,316591,4,2001-11-15
11394,915352,5,2005-08-10
11394,2550711,3,2004-07-08
11394,2010849,5,2004-09-14
11394,1676211,4,2004-03-08
11394,653964,3,2005-11-08
11394,244325,3,2002-07-22
11394,1967585,3,2003-05-24
11394,2186927,2,2004-06-29
11394,671869,3,2001-10-15
11394,1359766,4,2002-12-28
11394,2493236,3,2004-03-24
11394,1082921,4,2004-06-03
11394,1377693,3,2005-03-19
11394,1586533,3,2005-05-01
11394,922391,4,2005-06-09
11394,213241,2,2003-05-28
11394,364399,2,2004-06-14
11394,2292741,3,2005-05-11
11394,2398821,4,2005-09-17
11394,1132753,4,2002-04-11
11394,1124113,2,2003-09-03
11394,1254363,3,2003-03-30
11394,1685811,2,2003-07-22
11394,2543978,4,2004-05-24
11394,835482,3,2005-08-01
11394,1443099,4,2004-11-16
11394,2129354,3,2004-12-23
11394,2384389,3,2005-04-04
11394,2551054,4,2005-12-12
11394,209736,2,2004-09-04
11394,1336784,4,2004-10-24
11394,720060,5,2005-01-20
11394,745330,2,2005-06-13
11394,587610,4,2005-07-10
11394,1796749,3,2004-09-03
11394,1535731,4,2004-12-13
11394,672503,1,2005-04-08
11394,942848,3,2005-09-21
11394,2165079,4,2005-12-11
11394,2108751,2,2003-09-02
11394,2115293,4,2005-01-04
11394,715493,1,2005-01-05
11394,1641072,4,2005-12-01
11394,2574484,3,2003-10-28
11394,1860251,4,2005-08-03
11394,1939977,4,2003-05-20
11394,2472822,4,2003-07-19
11394,2299231,3,2005-04-30
11394,1332725,3,2005-06-02
11394,803330,4,2004-08-18
11394,425260,3,2004-01-26
11394,89648,3,2004-01-29
11394,2232934,2,2003-11-04
11394,1299887,4,2005-02-16
11394,155977,4,2005-04-29
11394,1463442,4,2005-12-29
11394,798296,3,2003-04-22
11394,1411286,3,2004-04-08
11394,1840900,2,2005-06-07
11394,2368309,2,2001-08-11
11394,2227983,3,2003-10-09
11394,16272,3,2002-07-18
11394,588673,4,2003-12-07
11394,2367964,4,2005-06-01
11394,2257934,3,2005-10-07
11394,932272,3,2003-01-23
11394,1466361,4,2003-10-20
11394,2266432,3,2004-07-08
11394,2418086,3,2004-12-23
11394,397790,1,2005-03-04
11394,572182,4,2005-11-09
11394,22019,2,2003-09-29
11394,308307,3,2002-06-12
11394,35186,5,2004-04-09
11394,2396236,4,2004-06-01
11394,683123,4,2004-10-21
11394,738379,3,2005-11-23
11394,1840067,4,2005-07-20
11394,2234983,3,2004-07-02
11394,1500752,3,2005-09-27
11394,725541,3,2005-11-02
11394,2110498,3,2001-07-24
11394,2594209,3,2002-11-06
11394,1592633,3,2003-06-16
11394,2388095,4,2005-08-03
11394,1587792,2,2002-10-27
11394,561184,3,2004-01-12
11394,1252722,4,2005-01-04
11394,1516689,4,2005-03-16
11394,999482,2,2005-09-23
11394,830745,3,2003-07-02
11394,278880,2,2004-02-23
11394,327807,3,2005-02-18
11394,1037209,1,2005-09-06
11394,1789349,4,2005-11-07
11394,2595084,3,2004-08-09
11394,526174,1,2003-07-07
11394,305344,3,2003-05-22
11394,2092141,4,2003-08-25
11394,2027759,3,2004-05-11
11394,198000,3,2004-08-24
11394,1774623,4,2004-10-21
11394,1053026,4,2005-04-15
11394,2360906,4,2003-03-28
11394,29556,2,2005-06-24
11394,434585,3,2002-09-22
11394,2127784,3,2003-05-31
11394,2276790,4,2004-01-31
11394,56858,4,2004-11-05
11394,1851609,3,2004-11-16
11394,1523710,5,2005-04-13
11394,1880085,5,2005-05-08
11394,16688,3,2005-12-08
11394,787827,4,2003-07-08
11394,177659,2,2004-09-02
11394,446432,3,2004-11-01
11394,2147527,1,2005-11-18
11394,1215727,3,2004-11-02
11394,74441,4,2004-12-28
11394,337827,4,2005-11-30
11394,1068387,2,2003-02-16
11394,2129103,3,2004-08-26
11394,2246531,1,2003-06-24
11394,122901,4,2003-07-12
11394,328642,3,2004-11-23
11394,116563,4,2005-03-11
11394,306569,2,2003-08-21
11394,1516387,3,2004-01-22
11394,1295902,5,2003-05-26
11394,2079894,3,2004-03-11
11394,137131,3,2005-02-02
11394,2134994,1,2005-04-04
11394,2261536,2,2005-06-13
11394,1697148,2,2005-09-26
11394,1731538,2,2004-03-24
11394,2110213,3,2005-06-11
11394,1256465,2,2003-10-04
11394,2125032,3,2003-12-07
11394,396628,3,2003-06-17
11394,75165,2,2005-08-23
11394,1768181,4,2004-11-13
11394,2382515,3,2005-05-01
11394,584352,3,2005-05-10
11394,2167896,4,2001-06-19
11394,50095,4,2003-09-26
11394,310027,2,2005-08-10
11394,2615152,4,2004-08-23
11394,1011513,1,2004-01-14
11394,609451,3,2004-07-04
11394,1453686,2,2003-07-22
11394,2295698,4,2004-04-06
11394,1452925,4,2003-04-25
11394,2549156,3,2005-08-27
11394,1468326,4,2004-11-11
11394,411512,3,2003-06-24
11394,2474295,5,2001-12-25
11394,2321963,3,2003-06-10
11394,2549887,2,2003-08-22
11394,159159,4,2004-01-28
11394,2345097,4,2005-01-19
11394,2054746,2,2005-01-19
11394,488267,3,2005-06-07
11394,1975716,1,2005-06-08
11394,1214332,4,2004-07-28
11394,2088957,2,2003-03-10
11394,544665,3,2003-11-07
11394,569139,4,2004-10-04
11394,1775569,3,2004-12-08
11394,639814,4,2004-12-21
11394,607862,3,2005-03-19
11394,1675680,4,2005-03-31
11394,1505181,1,2005-09-19
11394,1656649,3,2005-11-08
11394,154565,4,2003-06-19
11394,2496826,3,2005-09-17
11394,1757759,4,2005-10-18
11394,1783762,3,2003-06-24
11394,1431356,3,2005-02-26
11394,2598647,3,2001-05-24
11394,339113,3,2005-08-16
11394,637118,3,2004-08-03
11394,1628350,5,2004-11-18
11394,1431104,4,2004-12-06
11394,898239,3,2003-02-15
11394,577616,3,2003-02-21
11394,2460338,5,2003-08-20
11394,746965,4,2003-08-22
11394,325705,3,2005-12-21
11394,511899,3,2003-07-24
11394,1741802,3,2004-05-12
11394,1545458,3,2004-07-09
11394,739156,1,2005-03-18
11394,674372,4,2005-04-10
11394,2264102,4,2002-12-28
11394,830382,3,2004-05-02
11394,1639302,3,2004-09-22
11394,912249,4,2005-03-08
11394,419373,3,2005-12-21
11394,233690,2,2005-07-20
11394,1151472,4,2002-07-23
11394,791836,3,2004-09-11
11394,744208,4,2004-03-31
11394,323101,4,2004-08-11
11394,731988,4,2005-05-22
11394,1211291,3,2005-09-19
11394,1824968,3,2003-07-21
11394,1089037,2,2004-03-27
11394,2029766,4,2003-08-25
11394,433173,3,2002-07-30
11394,854724,3,2004-06-21
11394,121182,2,2002-11-26
11394,726339,3,2003-05-26
11394,1143492,3,2005-05-05
11394,288727,2,2001-09-15
11394,1673564,4,2003-06-06
11394,1315963,3,2004-08-03
11394,817916,3,2003-05-08
11394,307427,3,2005-08-03
11394,2458647,4,2003-01-06
11394,140284,4,2004-12-01
11394,868600,4,2004-12-20
11394,2264638,4,2005-01-19
11394,1872817,4,2005-01-20
11394,2529854,3,2005-10-22
11394,2226220,2,2002-08-18
11394,17128,4,2003-05-05
11394,985009,3,2003-05-17
11394,1233955,1,2003-07-31
11394,765690,4,2003-09-02
11394,2545709,5,2004-07-09
11394,310579,3,2005-03-15
11394,2393478,1,2005-04-11
11394,1609295,3,2001-12-21
11394,643372,4,2005-07-16
11394,586222,4,2002-06-14
11394,538005,1,2005-08-24
11394,2172207,3,2003-09-02
11394,1124521,3,2005-04-18
11394,1852513,3,2002-08-23
11394,2160259,2,2002-12-19
11394,2474140,5,2005-08-15
11394,1279496,4,2004-11-23
11394,1129871,3,2005-03-08
11394,2505378,4,2002-07-28
11394,2236255,4,2002-09-19
11394,828344,3,2004-04-27
11394,1790784,3,2005-05-15
11394,2361408,2,2005-02-25
11394,520704,4,2004-07-31
11394,292487,2,2003-05-10
11394,1813849,2,2003-11-10
11394,587277,4,2004-03-05
11394,718505,4,2004-11-03
11394,1128160,4,2005-05-16
11394,2508722,3,2005-10-06
11394,1195215,5,2005-10-18
11394,10470,3,2005-08-02
11394,25452,2,2003-05-12
11394,2296586,3,2005-01-28
11394,2118461,4,2005-10-22
11394,1211416,2,2002-11-16
11394,1638460,4,2003-08-30
11394,328844,3,2003-05-12
11394,522056,5,2003-11-25
11394,687110,3,2005-08-22
11394,168523,2,2005-10-29
11394,387418,3,2003-09-13
11394,818804,3,2003-06-24
11394,900866,3,2005-11-17
11394,835881,3,2003-02-15
11394,398239,4,2003-07-30
11394,1943182,5,2004-04-26
11394,146987,3,2005-01-08
11394,1752619,5,2005-03-16
11394,664495,3,2005-03-17
11394,354269,5,2001-10-28
11394,2192258,2,2002-11-27
11394,2520933,3,2005-03-02
11394,803605,5,2005-05-22
11394,2280193,3,2005-06-03
11394,1405915,2,2005-06-17
11394,2259997,2,2004-07-04
11394,1194594,3,2004-09-01
11394,967062,3,2004-10-31
11394,1655583,4,2005-05-18
11394,461457,2,2003-03-16
11394,1932594,2,2004-07-19
11394,275527,3,2004-12-22
11394,920435,3,2005-02-04
11394,2153721,4,2002-07-20
11394,1174107,2,2003-10-09
11394,895819,4,2002-10-05
11394,1953635,4,2004-06-22
11394,2330287,4,2005-11-03
11394,852193,4,2003-05-26
11394,1687201,3,2002-12-19
11394,2364743,4,2005-08-11
11394,816755,1,2003-10-08
11394,1644100,5,2003-05-30
11394,519020,5,2004-09-03
11394,80751,1,2005-06-06
11394,2017485,3,2005-07-10
11394,466977,2,2002-10-27
11394,1663888,5,2003-12-11
11394,1798012,5,2003-02-21
11394,387819,4,2003-10-27
11394,726864,4,2004-12-14
11394,1444028,4,2005-11-29
11394,1461435,1,2003-07-18
11394,1163477,4,2003-05-21
11394,2555055,4,2004-11-27
11394,1474447,2,2002-11-25
11394,947104,4,2003-07-19
11394,560599,4,2004-11-08
11394,1995910,3,2003-05-24
11394,1434713,2,2004-04-29
11394,166506,3,2005-04-12
11394,83267,5,2005-12-07
11394,1037245,3,2005-12-27
11394,2261394,4,2004-08-08
11394,1399249,3,2003-10-02
11394,160517,5,2004-03-12
11394,2262963,4,2005-06-29
11394,2394623,3,2004-11-04
11394,2324483,4,2005-02-26
11394,1311895,4,2005-04-06
11394,2591062,3,2005-09-22
11394,1282251,4,2005-11-14
11394,2111055,3,2003-05-09
11394,1639792,1,2002-07-18
11394,1186377,4,2004-11-07
11394,2224734,3,2004-12-21
11394,70125,5,2005-07-06
11394,2084966,3,2002-03-23
11394,57633,4,2003-04-23
11394,1758129,1,2004-01-03
11394,1899679,5,2004-05-31
11394,1203555,4,2004-08-31
11394,2339135,5,2005-06-11
11394,790471,4,2003-08-21
11394,2378642,4,2004-08-12
11394,1791974,4,2004-06-07
11394,2143500,3,2004-12-21
11394,744875,3,2005-02-03
11394,1507727,3,2005-02-15
11394,1573062,3,2005-06-03
11394,1128714,2,2005-12-06
11394,306153,1,2000-11-17
11394,1797765,3,2005-07-24
11394,580942,4,2004-08-18
11394,2331903,5,2004-10-26
11394,722541,4,2005-03-28
11394,559021,5,2005-03-29
11394,1991076,1,2005-10-09
11394,2378918,3,2003-07-11
11394,745950,3,2004-07-26
11394,1929218,3,2003-12-22
11394,979033,3,2003-09-26
11394,849144,3,2004-08-30
11394,1460343,2,2004-11-08
11394,1711930,3,2004-11-15
11394,1276100,4,2004-11-30
11394,923774,2,2005-03-17
11394,1908051,3,2003-09-21
11394,992511,2,2005-03-15
11394,1713902,5,2001-03-15
11394,152858,1,2001-06-24
11394,1586341,4,2004-01-07
11394,2172532,4,2005-07-21
11394,2396324,3,2002-11-24
11394,1440251,1,2004-08-23
11394,2125956,4,2004-07-29
11394,2238060,2,2004-08-18
11394,370904,4,2005-04-19
11394,1075362,3,2001-11-02
11394,2049734,3,2003-07-17
11394,2015275,4,2004-07-09
11394,1112365,1,2004-11-11
11394,164136,3,2005-03-16
11394,1326195,3,2005-08-21
11394,229439,4,2003-06-05
11394,775020,4,2003-12-04
11394,1340811,4,2005-12-26
11394,1023208,2,2004-01-07
11394,2055639,4,2003-01-23
11394,276389,1,2003-07-31
11394,2010898,2,2004-09-14
11394,2638218,2,2005-11-01
11394,1470542,3,2005-08-08
11394,2373440,5,2004-08-17
11394,2078225,4,2005-10-24
11394,2219917,2,2002-08-11
11394,1764962,2,2003-02-21
11394,1352261,4,2004-09-21
11394,1902318,3,2004-11-05
11394,1379412,1,2005-01-05
11394,2361415,2,2003-12-27
11394,1557705,3,2002-06-14
11394,2566592,3,2004-03-26
11394,1073387,4,2005-02-24
11394,1158474,2,2005-05-21
11394,1599252,3,2005-12-15
11394,1578122,1,2002-10-31
11394,1116498,2,2004-03-03
11394,2237988,5,2004-09-03
11394,1213178,3,2005-11-16
11394,1713475,2,2003-06-19
11394,1164061,4,2004-08-26
11394,11942,3,2005-12-02
11394,880327,2,2001-12-30
11394,2179833,3,2005-01-12
11394,1290054,5,2005-09-20
