4318,577397,3,2004-01-15
4318,2625420,2,2004-05-18
4318,1495318,2,2003-07-30
4318,804919,2,2004-07-30
4318,146718,1,2005-08-08
4318,1641247,4,2005-01-25
4318,303948,3,2005-07-08
4318,2266083,4,2005-02-19
4318,794581,2,2005-02-09
4318,301456,5,2005-10-23
4318,1117217,3,2005-12-20
4318,503051,1,2005-07-24
4318,1245471,5,2004-09-29
4318,144543,3,2004-12-07
4318,727242,1,2003-12-19
4318,804704,2,2004-12-22
4318,98179,1,2005-01-26
4318,830370,3,2004-02-21
4318,1314869,1,2005-05-18
4318,496882,2,2004-10-10
4318,2062763,2,2003-05-21
4318,1212329,3,2003-05-01
4318,2062350,4,2003-06-19
4318,443972,2,2005-07-08
4318,2439493,1,2003-03-26
4318,1317497,3,2003-12-18
4318,1563935,1,2005-08-11
4318,1545850,4,2004-04-04
4318,2487812,3,2005-02-15
4318,661571,3,2005-11-25
4318,2053381,1,2004-06-25
4318,1970232,1,2004-05-05
4318,1385788,1,2005-02-16
4318,2550506,3,2005-10-08
4318,1621089,1,2004-11-10
4318,1496429,3,2005-02-14
4318,1198385,2,2003-12-14
4318,2034924,4,2004-05-06
4318,1957050,4,2004-09-21
4318,725616,3,2005-05-02
4318,243821,4,2005-12-17
4318,2635757,2,2004-12-22
4318,1747200,3,2005-09-20
4318,2183749,2,2004-06-04
4318,1303306,2,2003-04-14
4318,807011,3,2003-10-10
4318,1013676,2,2003-10-01
4318,594738,2,2005-04-25
4318,1664010,3,2005-10-12
4318,2297136,1,2005-07-06
4318,219746,1,2003-08-03
4318,1343679,5,2004-06-12
4318,1983679,3,2003-12-02
4318,1784723,2,2003-08-22
4318,244053,3,2005-09-05
4318,907730,1,2003-09-16
4318,1106280,4,2005-01-19
4318,2283114,5,2003-08-27
4318,685565,5,2005-04-11
4318,54614,1,2004-08-17
4318,1357072,5,2003-09-04
4318,87206,4,2004-07-01
4318,1438031,3,2005-03-19
4318,2606799,3,2005-05-16
4318,2445387,3,2003-11-13
4318,2201072,1,2003-05-05
4318,2052413,4,2003-12-11
4318,305344,2,2003-05-11
4318,218962,5,2005-08-23
4318,1658021,3,2003-11-14
4318,2147527,2,2005-11-18
4318,1382837,5,2003-12-08
4318,557578,4,2003-09-02
4318,1525764,2,2005-04-02
4318,1581067,4,2004-03-17
4318,1973613,2,2004-04-14
4318,2082277,4,2003-09-03
4318,1319743,5,2003-08-20
4318,1192972,5,2005-04-25
4318,1795057,4,2004-04-05
4318,555528,4,2003-05-04
4318,2018894,4,2005-08-25
4318,1947662,5,2005-09-25
4318,2056022,2,2005-07-11
4318,986657,2,2005-08-12
4318,2238663,5,2005-05-18
4318,79380,1,2005-10-11
4318,579707,5,2004-05-28
4318,361771,3,2003-08-28
4318,1936518,3,2004-07-29
4318,2270209,1,2005-03-03
4318,2524225,4,2005-06-27
4318,1579261,3,2005-08-01
4318,1806515,3,2005-08-18
4318,2118461,3,2005-12-20
4318,2301593,1,2003-07-20
4318,1122200,3,2003-09-03
4318,387418,3,2003-08-14
4318,754161,3,2005-03-08
4318,2327324,3,2004-11-01
4318,1676513,2,2003-08-05
4318,1604441,4,2005-02-14
4318,512488,1,2005-12-01
4318,1461435,1,2005-04-18
4318,105019,4,2003-11-04
4318,1639792,1,2003-04-01
4318,10779,5,2005-02-26
4318,292595,1,2005-03-02
4318,2460347,1,2005-12-19
4318,569118,1,2003-10-05
4318,48234,5,2005-03-10
4318,2568178,1,2004-02-24
4318,827933,4,2004-07-31
4318,2634967,1,2005-01-10
4318,689472,3,2005-03-20
