5592,765331,1,2005-09-02
5592,712664,2,2005-09-26
5592,1227322,1,2005-06-23
5592,2476665,2,2005-07-25
5592,1338824,3,2005-08-03
5592,2404857,1,2005-09-02
5592,177154,3,2005-08-28
5592,535972,2,2005-11-14
5592,57332,3,2005-09-21
5592,999485,2,2005-07-28
5592,1400312,3,2005-11-04
5592,1249577,4,2005-09-08
5592,2349412,1,2005-07-19
5592,1314869,3,2005-06-23
5592,2439493,1,2005-09-09
5592,2297830,2,2005-10-12
5592,228579,2,2005-11-14
5592,2468305,1,2005-07-31
5592,1695600,4,2005-08-02
5592,1872358,2,2005-08-16
5592,308850,2,2005-10-17
5592,185160,1,2005-10-19
5592,1537052,1,2005-09-19
5592,2423018,3,2005-12-02
5592,2101646,3,2005-07-25
5592,2157614,3,2005-09-26
5592,2007644,1,2005-08-05
5592,2302438,1,2005-09-03
5592,1399793,1,2005-07-30
5592,1664010,3,2005-10-17
5592,2259174,3,2005-09-23
5592,1235495,1,2005-08-08
5592,1510380,4,2005-07-21
5592,86246,3,2005-11-07
5592,1748849,2,2005-08-22
5592,1995446,3,2005-10-22
5592,57287,3,2005-12-19
5592,578248,1,2005-09-28
5592,1824586,2,2005-10-29
5592,2508831,3,2005-11-01
5592,266023,3,2005-07-26
5592,1009033,1,2005-07-26
5592,1715689,2,2005-10-13
5592,305344,1,2005-06-23
5592,844028,5,2005-11-14
5592,2147527,1,2005-11-18
5592,785329,4,2005-08-07
5592,2349218,2,2005-11-15
5592,1828018,2,2005-10-28
5592,1417614,1,2005-12-22
5592,1395295,3,2005-10-18
5592,937315,1,2005-10-20
5592,174507,1,2005-10-25
5592,2524183,1,2005-11-13
5592,2506246,2,2005-08-16
5592,208911,2,2005-12-13
5592,1627044,5,2005-10-21
5592,1128875,2,2005-11-01
5592,2093473,2,2005-11-06
5592,1516350,2,2005-07-22
5592,1623925,2,2005-11-14
5592,1707046,5,2005-08-12
5592,387418,1,2005-12-11
5592,113416,2,2005-08-28
5592,1114324,1,2005-10-10
5592,97608,2,2005-10-05
5592,124748,1,2005-10-02
5592,25755,2,2005-08-07
5592,786616,2,2005-08-02
5592,2628329,3,2005-07-21
5592,1960927,1,2005-07-29
5592,1376350,1,2005-11-02
5592,2460347,1,2005-12-19
5592,88188,2,2005-08-08
5592,2129407,3,2005-09-16
5592,339867,2,2005-08-29
5592,1381014,3,2005-10-27
5592,1445105,2,2005-10-17
