3714,874900,5,2005-08-21
3714,975874,5,2005-08-25
3714,2580478,4,2005-08-26
3714,1765193,3,2005-08-28
3714,1109948,3,2005-08-31
3714,1402412,3,2005-08-31
3714,1844276,2,2005-09-06
3714,1527030,2,2005-09-22
3714,2054779,3,2005-10-01
3714,1526264,2,2005-10-06
3714,2289614,3,2005-10-07
3714,1457332,2,2005-10-18
3714,1712147,4,2005-12-05
3714,66263,2,2005-12-13
3714,2041953,4,2005-08-23
3714,1892661,1,2005-09-07
3714,67315,1,2005-09-15
3714,1550976,4,2005-09-20
3714,2421552,1,2005-09-25
3714,2062437,2,2005-09-26
3714,292223,4,2005-09-28
3714,217004,2,2005-10-03
3714,1684516,4,2005-10-04
3714,2027534,5,2005-10-05
3714,1174811,4,2005-10-07
3714,1422872,1,2005-10-08
3714,2609870,1,2005-10-18
3714,106834,2,2005-10-20
3714,1871287,3,2005-10-26
3714,1705272,3,2005-10-29
3714,14690,3,2005-11-02
3714,307053,3,2005-11-06
3714,1661985,4,2005-11-12
3714,2064195,2,2005-11-21
3714,1137944,3,2005-12-06
3714,1494552,1,2005-12-11
3714,1579371,2,2005-08-26
3714,1574266,3,2005-08-27
3714,1628853,3,2005-09-06
3714,467816,4,2005-11-12
3714,2477239,4,2005-09-13
3714,203006,1,2005-09-14
3714,279376,2,2005-09-20
3714,955896,1,2005-09-28
3714,1969251,3,2005-10-05
3714,2366099,3,2005-10-26
3714,1059527,3,2005-11-09
3714,2484814,3,2005-11-17
3714,2367508,4,2005-11-21
3714,1317314,1,2005-11-22
3714,2643919,3,2005-12-20
3714,331341,2,2005-08-25
3714,905676,2,2005-08-26
3714,2125733,3,2005-08-26
3714,2134686,3,2005-08-26
3714,1040726,1,2005-08-30
3714,624334,3,2005-09-04
3714,1861850,2,2005-09-12
3714,2109236,4,2005-09-20
3714,1871030,2,2005-09-24
3714,2021536,5,2005-09-26
3714,2312349,3,2005-09-30
3714,2520694,3,2005-10-09
3714,1440574,2,2005-10-11
3714,1602923,3,2005-10-15
3714,2239227,3,2005-10-31
3714,281396,4,2005-11-03
3714,535410,3,2005-11-03
3714,2116703,3,2005-11-08
3714,1306700,3,2005-11-10
3714,1903518,3,2005-11-12
3714,1620735,2,2005-11-14
3714,776067,4,2005-11-15
3714,1830660,4,2005-11-18
3714,1420876,4,2005-11-20
3714,415676,3,2005-11-28
3714,2432549,3,2005-12-07
3714,459486,3,2005-08-23
3714,1828647,2,2005-08-23
3714,2373029,3,2005-08-24
3714,363764,2,2005-08-30
3714,1452974,4,2005-08-30
3714,1555742,4,2005-08-30
3714,389078,5,2005-08-31
3714,1522752,3,2005-09-01
3714,1991545,3,2005-09-03
3714,1460015,3,2005-09-11
3714,444983,2,2005-09-26
3714,2604070,3,2005-10-03
3714,1084149,3,2005-10-03
3714,28029,4,2005-10-06
3714,274371,2,2005-10-06
3714,1300107,4,2005-10-07
3714,2419842,3,2005-10-11
3714,2610269,5,2005-10-15
3714,1984086,3,2005-10-30
3714,1063290,2,2005-11-04
3714,2554401,1,2005-11-17
3714,360830,2,2005-11-23
3714,2471853,3,2005-12-03
3714,2423532,3,2005-12-12
3714,1198785,3,2005-08-24
3714,1460653,2,2005-08-28
3714,637649,4,2005-08-29
3714,1547563,3,2005-08-29
3714,1659847,4,2005-08-29
3714,1716005,3,2005-08-30
3714,8826,3,2005-09-01
3714,793754,2,2005-09-12
3714,2410445,4,2005-09-13
3714,2520779,4,2005-09-13
3714,2260468,1,2005-09-13
3714,149072,2,2005-09-26
3714,360787,5,2005-10-17
3714,2144806,2,2005-11-06
3714,1081070,2,2005-11-25
3714,961177,4,2005-08-24
3714,293151,3,2005-08-25
3714,986098,3,2005-08-26
3714,1411143,5,2005-08-30
3714,149028,2,2005-09-04
3714,1478381,4,2005-05-26
3714,2612303,3,2005-09-10
3714,2097995,3,2005-09-11
3714,810678,2,2005-09-15
3714,212729,2,2005-09-26
3714,2541025,1,2005-10-04
3714,2617878,3,2005-10-10
3714,1832262,3,2005-10-26
3714,223035,3,2005-12-03
3714,1874659,4,2005-12-04
3714,796367,3,2005-12-24
3714,1658752,4,2005-08-24
3714,2268573,1,2005-08-27
3714,2475820,3,2005-08-30
3714,303948,3,2005-09-02
3714,2410056,3,2005-09-07
3714,2286538,3,2005-09-10
3714,1355221,3,2005-10-01
3714,1239426,2,2005-10-05
3714,69779,2,2005-10-05
3714,2104926,3,2005-10-11
3714,2282499,3,2005-10-25
3714,2098439,3,2005-11-02
3714,1920295,3,2005-11-14
3714,2283605,1,2005-12-19
3714,2229289,4,2005-08-22
3714,1133469,1,2005-08-24
3714,903779,4,2005-08-25
3714,1845270,2,2005-08-29
3714,2274653,3,2005-08-29
3714,1694648,2,2005-08-29
3714,991290,4,2005-08-31
3714,402377,4,2005-09-05
3714,1938964,2,2005-09-16
3714,2166549,3,2005-09-19
3714,2514164,4,2005-09-21
3714,1183110,4,2005-10-03
3714,1554291,5,2005-10-05
3714,719422,5,2005-10-19
3714,4991,2,2005-10-20
3714,1408019,3,2005-10-22
3714,2382099,3,2005-10-23
3714,2594837,3,2005-11-02
3714,138042,2,2005-11-15
3714,1784308,3,2005-11-22
3714,1890622,2,2005-11-29
3714,2425140,1,2005-12-12
3714,833799,3,2005-12-15
3714,16802,2,2005-12-16
3714,2554745,4,2005-08-22
3714,1456184,3,2005-08-27
3714,1774516,3,2005-09-10
3714,1181914,2,2005-09-15
3714,916412,3,2005-09-18
3714,1594839,5,2005-09-18
3714,2361585,3,2005-09-19
3714,2596383,3,2005-09-24
3714,609446,4,2005-09-27
3714,2601294,3,2005-09-30
3714,619823,3,2005-10-02
3714,1540724,5,2005-11-02
3714,872398,1,2005-10-05
3714,1586699,4,2005-10-05
3714,2608100,2,2005-10-13
3714,503540,3,2005-10-17
3714,441078,1,2005-10-21
3714,2412685,3,2005-10-29
3714,188414,4,2005-10-29
3714,1376909,5,2005-10-30
3714,522813,2,2005-11-14
3714,2348391,2,2005-12-13
3714,311779,2,2005-12-21
3714,731217,3,2005-08-20
3714,1232404,3,2005-08-23
3714,371300,4,2005-08-28
3714,73629,4,2005-08-29
3714,2280276,3,2005-08-30
3714,1949002,2,2005-09-12
3714,730360,2,2005-09-13
3714,80860,3,2005-09-27
3714,1835804,4,2005-10-05
3714,2252223,2,2005-10-07
3714,1319336,4,2005-10-10
3714,1741609,4,2005-11-30
3714,1059489,3,2005-10-18
3714,1284501,3,2005-11-12
3714,2242704,4,2005-08-12
3714,2204685,4,2005-08-22
3714,726634,2,2005-08-24
3714,648734,5,2005-08-27
3714,328224,2,2005-09-01
3714,1089285,3,2005-09-07
3714,1036823,3,2005-09-07
3714,1355994,3,2005-09-07
3714,597507,1,2005-09-08
3714,463590,1,2005-09-14
3714,2289283,2,2005-09-21
3714,471414,2,2005-11-08
3714,434214,2,2005-11-08
3714,2595774,1,2005-11-13
3714,2384773,2,2005-11-16
3714,1572923,4,2005-11-17
3714,168891,2,2005-12-13
3714,2289991,3,2005-08-18
3714,2001128,2,2005-08-25
3714,2038872,5,2005-08-29
3714,1419085,2,2005-09-05
3714,338649,3,2005-09-05
3714,1895592,3,2005-09-07
3714,1669603,3,2005-09-12
3714,2014617,2,2005-09-13
3714,1754214,4,2005-10-05
3714,4016,3,2005-10-06
3714,1564271,4,2005-10-08
3714,1747154,3,2005-10-08
3714,451394,2,2005-10-09
3714,2210685,4,2005-10-24
3714,1442774,3,2005-11-15
3714,2105661,4,2005-11-27
3714,1047145,1,2005-08-29
3714,1264196,4,2005-09-23
3714,1888011,3,2005-09-27
3714,2490722,5,2005-09-28
3714,1650789,4,2005-10-04
3714,2072798,1,2005-10-04
3714,738080,3,2005-10-15
3714,2586258,3,2005-10-23
3714,1819293,4,2005-11-16
3714,1097280,3,2005-11-19
3714,2438608,2,2005-12-02
3714,464476,1,2005-12-07
3714,2586886,3,2005-08-18
3714,92275,4,2005-09-07
3714,2544809,4,2005-09-20
3714,1733406,2,2005-09-21
3714,1404230,2,2005-10-11
3714,1934306,3,2005-10-18
3714,2088280,4,2005-12-21
3714,2000332,5,2005-12-22
3714,1751426,4,2005-12-26
3714,1717732,4,2005-08-21
3714,802293,2,2005-08-18
3714,2070937,2,2005-08-21
3714,308808,4,2005-08-23
3714,2318188,3,2005-08-26
3714,1336398,3,2005-08-27
3714,1414999,4,2005-08-30
3714,1083968,3,2005-09-01
3714,1784150,2,2005-09-07
3714,1743955,3,2005-09-13
3714,1396693,2,2005-09-25
3714,1197820,4,2005-09-29
3714,307552,2,2005-10-21
3714,1793173,3,2005-10-31
3714,602611,2,2005-11-02
3714,2413192,3,2005-11-15
3714,995437,3,2005-11-17
3714,2560462,3,2005-11-22
3714,2516012,3,2005-12-19
3714,461588,4,2005-08-29
3714,630153,3,2005-08-30
3714,416615,3,2005-09-02
3714,1691537,3,2005-09-09
3714,2071995,3,2005-09-11
3714,1066926,4,2005-09-29
3714,1869894,3,2005-10-22
3714,949965,1,2005-12-08
3714,722396,2,2005-08-25
3714,95300,3,2005-08-30
3714,1193305,1,2005-09-05
3714,1335582,2,2005-09-06
3714,2587189,1,2005-09-09
3714,334004,3,2005-09-09
3714,2043555,3,2005-09-10
3714,1387782,4,2005-05-03
3714,1146953,2,2005-09-12
3714,1623070,1,2005-09-13
3714,2018764,2,2005-09-16
3714,2189095,3,2005-09-16
3714,2559951,5,2005-09-19
3714,2280656,4,2005-09-20
3714,372303,3,2005-09-20
3714,329751,3,2005-09-26
3714,425786,3,2005-09-26
3714,108484,3,2005-09-28
3714,2485032,3,2005-10-17
3714,2337078,3,2005-10-18
3714,1451907,5,2005-10-28
3714,1543986,3,2005-12-01
3714,459615,4,2005-08-27
3714,2009161,1,2005-08-31
3714,1436552,3,2005-09-01
3714,861482,4,2005-09-15
3714,428698,3,2005-09-20
3714,633045,2,2005-10-03
3714,1330171,2,2005-10-14
3714,2476271,3,2005-10-27
3714,2207909,3,2005-11-08
3714,2276394,3,2005-11-16
3714,1297340,5,2005-11-16
3714,1591777,3,2005-12-11
3714,1323361,3,2005-12-15
3714,1278822,4,2005-08-25
3714,493082,3,2005-08-27
3714,2275066,2,2005-09-08
3714,1869307,3,2005-09-09
3714,1257939,1,2005-09-09
3714,2260648,3,2005-09-28
3714,2332086,4,2005-09-30
3714,1695221,3,2005-10-03
3714,351113,3,2005-10-11
3714,1333212,3,2005-11-08
3714,560291,3,2005-11-08
3714,1789102,3,2005-11-27
3714,503235,3,2005-08-23
3714,762679,3,2005-08-23
3714,2223740,4,2005-08-24
3714,1220819,3,2005-08-27
3714,2262506,2,2005-08-28
3714,1278808,3,2005-08-30
3714,256860,1,2005-09-02
3714,1643722,3,2005-09-11
3714,1311,2,2005-09-16
3714,1897496,2,2005-09-19
3714,2046352,5,2005-09-20
3714,1050083,3,2005-09-21
3714,360278,1,2005-09-28
3714,1974984,4,2005-09-28
3714,1138061,3,2005-10-05
3714,1090728,1,2005-10-06
3714,1012011,3,2005-10-12
3714,1332310,3,2005-10-20
3714,881648,3,2005-10-31
3714,1134764,2,2005-10-31
3714,2604976,2,2005-10-31
3714,781575,3,2005-11-01
3714,235693,2,2005-11-07
3714,2648260,2,2005-11-24
3714,201218,3,2005-11-29
3714,920597,4,2005-12-03
3714,312145,1,2005-12-31
3714,2138757,2,2005-08-18
3714,1426839,2,2005-08-22
3714,1447639,3,2005-09-06
3714,173915,3,2005-09-13
3714,792693,3,2005-09-16
3714,1927580,3,2005-09-17
3714,837339,2,2005-09-23
3714,699783,3,2005-09-25
3714,2622649,3,2005-09-27
3714,231325,2,2005-10-07
3714,966788,4,2005-10-09
3714,414464,5,2005-10-16
3714,1368833,3,2005-10-20
3714,2612614,2,2005-10-23
3714,1739812,5,2005-10-29
3714,1468440,4,2005-11-02
3714,872323,3,2005-11-07
3714,1641290,3,2005-11-08
3714,2609688,3,2005-11-09
3714,1462777,4,2005-12-06
3714,1187411,3,2005-12-06
3714,517851,2,2005-12-07
3714,312952,5,2005-08-12
3714,336067,2,2005-08-21
3714,1046291,5,2005-08-22
3714,732363,2,2005-08-22
3714,2314767,4,2005-08-26
3714,2317868,3,2005-08-31
3714,1538750,3,2005-06-20
3714,1102360,2,2005-09-07
3714,1421406,3,2005-09-07
3714,2463244,3,2005-09-11
3714,2278960,2,2005-09-18
3714,2370368,4,2005-09-20
3714,1935483,2,2005-09-23
3714,2640550,3,2005-09-24
3714,296608,5,2005-09-29
3714,15181,5,2005-10-02
3714,415098,2,2005-10-04
3714,2618477,2,2005-10-06
3714,1766838,5,2005-10-15
3714,985946,4,2005-10-17
3714,2457212,2,2005-10-17
3714,508050,2,2005-10-25
3714,1454347,4,2005-11-07
3714,1695200,5,2005-11-14
3714,55311,3,2005-12-06
3714,154306,2,2005-12-08
3714,2526173,3,2005-08-12
3714,1231889,3,2005-08-16
3714,1802239,3,2005-08-25
3714,1744265,3,2005-08-30
3714,2133253,2,2005-11-10
3714,957953,4,2005-11-12
3714,1242266,3,2005-09-03
3714,2491399,2,2005-09-06
3714,2052059,5,2005-09-07
3714,608538,3,2005-09-14
3714,706349,3,2005-09-18
3714,1796217,3,2005-09-18
3714,1784475,5,2005-10-21
3714,2370879,3,2005-10-22
3714,2254685,3,2005-11-12
3714,1759688,3,2005-11-23
3714,2294328,2,2005-08-20
3714,40563,3,2005-08-21
3714,33364,5,2005-08-22
3714,268580,3,2005-08-24
3714,1402114,3,2005-08-26
3714,776536,1,2005-08-29
3714,1662714,3,2005-09-02
3714,1224807,3,2005-09-13
3714,1886266,1,2005-09-15
3714,2050982,2,2005-09-23
3714,1588953,3,2005-10-02
3714,869268,3,2005-10-04
3714,1112889,4,2005-10-17
3714,802786,2,2005-10-17
3714,1969623,2,2005-10-21
3714,1320959,1,2005-10-23
3714,1225832,2,2005-11-03
3714,1340826,1,2005-12-30
3714,642071,3,2005-08-29
3714,1190481,5,2005-09-01
3714,1541995,4,2005-09-08
3714,2552186,3,2005-09-12
3714,699437,3,2005-09-12
3714,910404,5,2005-09-14
3714,322815,1,2005-09-19
3714,2000088,5,2005-09-26
3714,1076434,3,2005-09-27
3714,2474273,1,2005-10-23
3714,883910,3,2005-11-18
3714,1281250,4,2005-12-13
3714,2203253,3,2005-08-23
3714,566450,4,2005-08-27
3714,357482,4,2005-09-06
3714,1051532,3,2005-09-07
3714,2391490,3,2005-09-09
3714,1155404,2,2005-09-13
3714,1697695,2,2005-09-14
3714,1453301,4,2005-09-22
3714,847018,4,2005-09-26
3714,2068368,2,2005-09-27
3714,1877734,2,2005-10-07
3714,1971309,3,2005-10-23
3714,91050,3,2005-11-09
3714,769670,3,2005-11-15
3714,363550,1,2005-11-19
3714,1568277,5,2005-11-29
3714,2214785,3,2005-09-01
3714,1586214,3,2005-09-07
3714,908662,4,2005-09-11
3714,1048336,2,2005-09-15
3714,646706,2,2005-10-09
3714,1485032,3,2005-10-10
3714,225880,5,2005-10-12
3714,350685,3,2005-10-17
3714,2613684,3,2005-10-24
3714,1479354,4,2005-11-11
3714,995763,3,2005-11-22
3714,165552,3,2005-08-22
3714,2398509,4,2005-08-26
3714,1131429,3,2005-08-29
3714,1320559,4,2005-08-29
3714,2167595,1,2005-09-11
3714,1132940,2,2005-09-12
3714,110288,2,2005-09-18
3714,1314869,2,2005-09-19
3714,560783,1,2005-09-20
3714,1929014,3,2005-09-25
3714,1474872,3,2005-10-05
3714,1401023,3,2005-11-14
3714,197018,5,2005-11-23
3714,1243537,4,2005-08-23
3714,81721,2,2005-08-26
3714,861649,3,2005-08-31
3714,2053610,4,2005-09-09
3714,1082717,3,2005-10-05
3714,604093,3,2005-10-25
3714,1643250,3,2005-11-01
3714,2260021,2,2005-11-04
3714,1381947,5,2005-11-23
3714,276539,3,2005-11-28
3714,1949578,1,2005-11-29
3714,373557,3,2005-12-05
3714,2043344,3,2005-12-09
3714,2594805,1,2005-08-18
3714,2483028,4,2005-08-24
3714,1224531,4,2005-08-26
3714,2178924,4,2005-08-26
3714,1240130,4,2005-08-30
3714,1957053,3,2005-09-06
3714,2176385,3,2005-09-12
3714,1125401,3,2005-09-15
3714,1191566,3,2005-10-02
3714,1605580,3,2005-10-04
3714,474539,3,2005-10-09
3714,2503865,4,2005-11-04
3714,1137785,5,2005-11-10
3714,99418,4,2005-11-12
3714,1365462,3,2005-08-19
3714,1208393,2,2005-08-21
3714,1985120,3,2005-08-26
3714,2201264,2,2005-08-29
3714,886980,3,2005-08-29
3714,840289,1,2005-09-07
3714,353453,4,2005-09-26
3714,1705196,3,2005-10-07
3714,2507129,4,2005-10-08
3714,1376829,4,2005-10-12
3714,1405051,2,2005-11-07
3714,34816,3,2005-11-20
3714,1682081,1,2005-12-12
3714,1685089,4,2005-12-15
3714,299120,3,2005-08-21
3714,1026162,3,2005-09-06
3714,449973,4,2005-09-06
3714,1718527,2,2005-09-07
3714,627810,3,2005-09-11
3714,1535724,3,2005-09-21
3714,2073753,3,2005-09-27
3714,593225,2,2005-09-29
3714,1662818,4,2005-10-19
3714,1460362,3,2005-11-04
3714,1114387,2,2005-12-03
3714,1656131,3,2005-12-25
3714,1903352,2,2005-08-23
3714,1970006,4,2005-09-04
3714,1572555,3,2005-09-08
3714,187322,2,2005-09-16
3714,1450860,1,2005-09-26
3714,295828,3,2005-10-23
3714,2346813,4,2005-11-13
3714,2381668,3,2005-12-12
3714,547130,4,2005-07-08
3714,589633,1,2005-08-21
3714,2552425,2,2005-09-04
3714,195723,2,2005-09-07
3714,2439493,1,2005-03-26
3714,2628324,2,2005-09-12
3714,1342084,3,2005-09-16
3714,42713,3,2005-09-18
3714,929158,2,2005-09-27
3714,1528534,4,2005-10-13
3714,1352884,3,2005-10-18
3714,2014138,4,2005-10-18
3714,418377,2,2005-10-23
3714,2031917,3,2005-10-27
3714,2359497,3,2005-11-01
3714,1180532,3,2005-12-21
3714,720436,4,2005-08-18
3714,2573421,2,2005-08-30
3714,1025082,3,2005-08-31
3714,457692,4,2005-09-06
3714,21619,3,2005-09-07
3714,896366,2,2005-09-09
3714,1945488,2,2005-09-15
3714,2238242,2,2005-09-22
3714,1862766,4,2005-09-28
3714,170552,1,2005-10-03
3714,2162265,4,2005-10-14
3714,1078893,4,2005-10-26
3714,903549,4,2005-10-30
3714,1863627,3,2005-11-29
3714,1328930,4,2005-08-19
3714,2371635,2,2005-08-24
3714,560636,3,2005-08-29
3714,44402,3,2005-08-30
3714,1188610,4,2005-09-06
3714,2189362,3,2005-09-06
3714,426570,3,2005-09-07
3714,2415395,3,2005-12-28
3714,1774400,4,2005-09-08
3714,233162,4,2005-09-13
3714,2358681,3,2005-09-24
3714,2494022,1,2005-09-30
3714,1132514,2,2005-10-26
3714,2304484,3,2005-10-23
3714,1226327,2,2005-11-21
3714,867295,4,2005-11-29
3714,2227850,4,2005-08-23
3714,373793,3,2005-08-28
3714,2242386,4,2005-08-29
3714,2053984,3,2005-08-30
3714,2329593,1,2005-09-06
3714,934639,3,2005-09-06
3714,2526250,3,2005-09-07
3714,2456520,2,2005-09-11
3714,1652948,1,2005-09-11
3714,2303856,2,2005-09-12
3714,2550612,2,2005-09-23
3714,1397103,3,2005-10-02
3714,291546,2,2005-10-05
3714,851475,2,2005-10-30
3714,2577758,3,2005-11-05
3714,130690,4,2005-11-07
3714,184497,4,2005-11-12
3714,1386988,4,2005-11-28
3714,319609,3,2005-12-06
3714,276182,3,2005-08-21
3714,446168,5,2005-08-22
3714,833381,1,2005-08-23
3714,2142281,2,2005-08-24
3714,474410,3,2005-08-24
3714,2120314,3,2005-08-27
3714,1327217,3,2005-08-30
3714,1455150,4,2005-09-07
3714,351005,2,2005-09-08
3714,2018205,2,2005-04-14
3714,2627141,3,2005-09-19
3714,464061,3,2005-09-22
3714,1875449,4,2005-10-28
3714,1545709,2,2005-11-02
3714,1875585,3,2005-11-14
3714,1857615,3,2005-11-15
3714,2389750,2,2005-11-23
3714,2509431,4,2005-11-29
3714,2458025,3,2005-12-12
3714,2554126,3,2005-08-22
3714,2330405,4,2005-08-26
3714,2206965,3,2005-08-27
3714,166467,2,2005-09-09
3714,2088649,1,2005-09-14
3714,2199480,4,2005-10-05
3714,2245051,2,2005-10-21
3714,591853,2,2005-08-22
3714,1464123,3,2005-08-22
3714,2597191,3,2005-08-22
3714,1127897,2,2005-09-06
3714,126698,4,2005-09-06
3714,1195327,3,2005-09-08
3714,2007142,4,2005-09-22
3714,2647104,2,2005-09-27
3714,1483870,5,2005-09-30
3714,2552613,4,2005-10-02
3714,861862,3,2005-10-05
3714,1882347,2,2005-10-09
3714,2334368,2,2005-10-17
3714,1646865,3,2005-11-05
3714,1468370,5,2005-11-09
3714,713435,5,2005-11-09
3714,1200256,4,2005-11-15
3714,938185,2,2005-11-22
3714,1817965,3,2005-12-05
3714,2432482,4,2005-12-17
3714,32824,4,2005-12-20
3714,251967,3,2005-08-18
3714,1086501,2,2005-08-23
3714,212303,4,2005-08-24
3714,2208103,4,2005-08-25
3714,2531096,5,2005-09-05
3714,1768423,3,2005-09-07
3714,792817,5,2005-09-12
3714,2233486,1,2005-09-18
3714,2353479,5,2005-09-18
3714,1839661,4,2005-09-20
3714,2466892,3,2005-09-27
3714,2258084,3,2005-10-11
3714,1645050,4,2005-10-11
3714,377725,3,2005-10-31
3714,1336377,3,2005-11-05
3714,1711850,4,2005-11-27
3714,555073,2,2005-12-02
3714,1944127,3,2005-08-22
3714,2535468,1,2005-08-23
3714,539607,3,2005-08-29
3714,2508922,3,2005-09-02
3714,1707631,3,2005-09-04
3714,1219132,3,2005-09-08
3714,1535950,4,2005-09-12
3714,1868308,2,2005-09-16
3714,662975,4,2005-09-20
3714,1644703,2,2005-09-29
3714,524907,4,2005-10-05
3714,537912,2,2005-10-09
3714,623715,3,2005-10-16
3714,1180676,2,2005-10-18
3714,421784,5,2005-10-25
3714,504805,5,2005-12-30
3714,2622042,1,2005-08-29
3714,2417066,2,2005-08-29
3714,9396,4,2005-08-31
3714,249605,3,2005-09-07
3714,393470,2,2005-09-10
3714,1473980,3,2005-09-09
3714,297869,4,2005-09-15
3714,290626,2,2005-09-21
3714,1887468,3,2005-09-25
3714,2171241,1,2005-10-11
3714,2240614,3,2005-10-30
3714,576984,3,2005-12-01
3714,565510,4,2005-07-19
3714,1405029,2,2005-08-23
3714,737942,2,2005-09-06
3714,2572926,2,2005-09-07
3714,2104193,3,2005-09-07
3714,2592894,3,2005-09-08
3714,570211,1,2005-09-12
3714,1274432,2,2005-09-15
3714,1428534,2,2005-09-20
3714,1419576,3,2005-09-27
3714,1929891,3,2005-10-04
3714,1656519,1,2005-10-16
3714,892045,4,2005-11-07
3714,2627366,3,2005-12-03
3714,311027,3,2005-12-12
3714,2645398,3,2005-08-21
3714,2581032,4,2005-08-22
3714,513976,3,2005-08-23
3714,749304,1,2005-08-31
3714,2529909,3,2005-09-02
3714,1213911,3,2005-09-27
3714,183147,2,2005-09-28
3714,531420,2,2005-10-04
3714,1218927,1,2005-10-11
3714,2491569,5,2005-10-20
3714,247932,3,2005-11-07
3714,1938247,2,2005-11-23
3714,1963179,3,2005-12-01
3714,1139389,4,2005-12-22
3714,1034375,2,2005-08-21
3714,226696,1,2005-08-24
3714,2040676,4,2005-09-06
3714,1177340,3,2005-09-12
3714,768037,2,2005-09-15
3714,1621533,3,2005-10-02
3714,71562,4,2005-10-17
3714,836810,2,2005-10-21
3714,2466104,3,2005-10-25
3714,1966267,1,2005-11-05
3714,229952,3,2005-12-05
3714,132243,4,2005-12-12
3714,1825489,3,2005-12-19
3714,1423247,3,2005-12-26
3714,1251305,2,2005-09-12
3714,1908565,3,2005-09-30
3714,1838190,2,2005-10-06
3714,1252629,3,2005-10-24
3714,1595080,2,2005-10-24
3714,1788951,3,2005-10-27
3714,716815,4,2005-10-28
3714,761491,3,2005-11-09
3714,567283,3,2005-11-11
3714,2201544,4,2005-08-22
3714,2463564,3,2005-08-25
3714,260956,4,2005-08-29
3714,1274580,1,2005-08-30
3714,518067,2,2005-09-09
3714,2013714,1,2005-09-10
3714,1993413,4,2005-09-11
3714,1748210,3,2005-09-11
3714,736560,2,2005-09-25
3714,2133414,5,2005-10-06
3714,2504570,3,2005-10-17
3714,617411,3,2005-10-24
3714,1717110,3,2005-11-09
3714,664946,4,2005-08-16
3714,1905681,2,2005-08-18
3714,1942741,4,2005-08-22
3714,487229,3,2005-08-29
3714,952156,2,2005-09-12
3714,1579810,4,2005-09-27
3714,922251,2,2005-10-03
3714,350374,1,2005-10-11
3714,1555169,3,2005-10-31
3714,2630979,2,2005-11-14
3714,978511,5,2005-11-28
3714,1818981,4,2005-08-20
3714,1437617,2,2005-08-26
3714,1579179,2,2005-08-29
3714,390637,1,2005-08-29
3714,2059412,4,2005-08-30
3714,496761,2,2005-08-31
3714,2365581,3,2005-09-02
3714,1496860,3,2005-09-08
3714,344257,1,2005-09-11
3714,189417,3,2005-09-15
3714,1921599,4,2005-09-17
3714,172000,3,2005-10-02
3714,646180,5,2005-10-31
3714,1241060,3,2005-10-31
3714,2362873,2,2005-11-07
3714,1458218,3,2005-11-14
3714,187005,2,2005-08-18
3714,2463763,1,2005-08-22
3714,551783,3,2005-08-26
3714,1287939,3,2005-08-29
3714,98586,3,2005-08-29
3714,2640273,3,2005-08-31
3714,2031645,1,2005-09-04
3714,1176913,3,2005-09-19
3714,1366350,2,2005-09-23
3714,36746,3,2005-09-29
3714,1225838,1,2005-10-03
3714,80164,4,2005-10-18
3714,1932535,2,2005-10-22
3714,2198070,4,2005-08-20
3714,1448908,3,2005-10-20
3714,1380915,4,2005-09-06
3714,585900,2,2005-04-18
3714,2128084,4,2005-05-31
3714,1905883,3,2005-09-11
3714,2448367,3,2005-09-12
3714,1945118,5,2005-09-12
3714,1241395,2,2005-09-18
3714,1783491,4,2005-09-20
3714,2311459,4,2005-09-25
3714,2164954,5,2005-09-25
3714,449277,3,2005-09-26
3714,2509522,3,2005-10-19
3714,2067221,4,2005-10-19
3714,1986034,3,2005-10-23
3714,269509,5,2005-11-01
3714,1573422,1,2005-11-28
3714,1357292,3,2005-12-14
3714,2626675,3,2005-08-18
3714,1212887,3,2005-08-24
3714,2234815,3,2005-08-25
3714,2415649,2,2005-08-30
3714,2483873,4,2005-09-01
3714,2303843,3,2005-09-04
3714,1873672,3,2005-09-06
3714,2310154,3,2005-05-03
3714,1574149,2,2005-09-12
3714,1502260,2,2005-09-13
3714,223373,4,2005-10-09
3714,1788268,1,2005-10-11
3714,1918807,4,2005-11-07
3714,1993007,3,2005-11-14
3714,1672221,1,2005-12-07
3714,1827859,1,2005-12-09
3714,773940,3,2005-08-23
3714,1339481,2,2005-08-26
3714,1175411,3,2005-09-02
3714,2592898,2,2005-04-15
3714,687796,2,2005-09-20
3714,1693265,4,2005-09-30
3714,118445,3,2005-10-11
3714,2293028,3,2005-10-16
3714,2013162,1,2005-10-26
3714,792808,2,2005-10-27
3714,596995,2,2005-10-29
3714,2145194,3,2005-10-29
3714,2446276,4,2005-11-16
3714,787428,3,2005-11-17
3714,1068610,3,2005-08-28
3714,1536796,2,2005-09-03
3714,394895,3,2005-09-07
3714,596255,1,2005-09-09
3714,268698,3,2005-09-13
3714,1248428,3,2005-10-03
3714,195206,3,2005-10-05
3714,1443461,4,2005-10-19
3714,1381061,4,2005-10-20
3714,1262327,3,2005-10-21
3714,1757328,1,2005-10-24
3714,320540,4,2005-11-18
3714,1652306,3,2005-11-23
3714,1105029,5,2005-08-20
3714,1734488,3,2005-08-23
3714,2219287,2,2005-08-24
3714,1448369,3,2005-08-25
3714,1406633,3,2005-08-25
3714,1611056,3,2005-08-28
3714,2512558,1,2005-08-31
3714,2254090,3,2005-09-08
3714,457982,4,2005-04-04
3714,968885,4,2005-09-08
3714,713582,3,2005-09-12
3714,1464786,1,2005-09-13
3714,416173,4,2005-10-02
3714,1640262,3,2005-10-03
3714,2058571,4,2005-10-06
3714,2173457,5,2005-10-06
3714,1458165,4,2005-10-11
3714,2068865,2,2005-10-13
3714,623614,5,2005-10-18
3714,1941833,4,2005-11-04
3714,22696,2,2005-11-06
3714,660962,4,2005-11-11
3714,1091602,4,2005-11-14
3714,105596,2,2005-12-28
3714,1589270,1,2005-12-30
3714,886059,2,2005-08-24
3714,1413871,2,2005-08-25
3714,880016,3,2005-08-30
3714,1106131,2,2005-09-02
3714,1900576,5,2005-09-05
3714,925846,3,2005-09-05
3714,1114552,4,2005-09-11
3714,2198740,2,2005-09-25
3714,251890,3,2005-10-02
3714,1750386,2,2005-10-14
3714,2579646,2,2005-10-17
3714,2537558,3,2005-10-30
3714,566430,5,2005-11-19
3714,56423,1,2005-12-04
3714,1465181,2,2005-12-05
3714,494958,3,2005-12-29
3714,2242464,3,2005-08-24
3714,1526334,4,2005-08-29
3714,2608940,4,2005-09-02
3714,1520710,3,2005-09-04
3714,57778,1,2005-09-06
3714,492101,3,2005-09-10
3714,1691274,4,2005-09-12
3714,2051752,3,2005-09-14
3714,700844,3,2005-09-24
3714,415099,3,2005-09-27
3714,888192,4,2005-10-02
3714,2299951,4,2005-10-15
3714,596918,2,2005-10-19
3714,651851,5,2005-10-31
3714,1562892,3,2005-11-04
3714,1910437,4,2005-11-07
3714,364749,2,2005-11-11
3714,2526842,2,2005-12-06
3714,193266,3,2005-12-12
3714,101361,3,2005-12-19
3714,681587,3,2005-09-05
3714,130255,4,2005-08-24
3714,1958713,4,2005-09-01
3714,80142,3,2005-09-03
3714,1215094,4,2005-09-03
3714,1354305,4,2005-09-06
3714,127676,3,2005-09-06
3714,56854,2,2005-09-06
3714,1314438,2,2005-09-11
3714,954555,3,2005-09-20
3714,2591134,3,2005-09-27
3714,2334662,1,2005-10-03
3714,458414,3,2005-10-13
3714,2012142,3,2005-10-14
3714,1701632,4,2005-10-20
3714,1287017,2,2005-10-28
3714,1761040,2,2005-11-21
3714,307555,3,2005-11-23
3714,284660,1,2005-11-28
3714,658268,3,2005-12-05
3714,1669425,5,2005-08-27
3714,704895,4,2005-09-01
3714,183908,3,2005-09-06
3714,2221229,3,2005-09-07
3714,2045760,4,2005-09-14
3714,1967772,4,2005-09-15
3714,21434,3,2005-10-03
3714,739727,1,2005-10-09
3714,2590515,2,2005-10-15
3714,289075,2,2005-10-17
3714,2261416,3,2005-10-23
3714,1631662,4,2005-11-08
3714,1244084,2,2005-11-10
3714,111122,4,2005-12-03
3714,530666,2,2005-12-09
3714,1500112,4,2005-08-21
3714,359681,5,2005-08-23
3714,721369,2,2005-08-29
3714,2470884,2,2005-08-30
3714,1624251,3,2005-09-01
3714,2341923,2,2005-09-02
3714,2096942,1,2005-04-04
3714,2060655,1,2005-09-10
3714,65860,3,2005-09-11
3714,2482691,1,2005-09-12
3714,1961236,2,2005-09-13
3714,1228925,2,2005-09-22
3714,2048786,3,2005-10-04
3714,1205209,5,2005-10-20
3714,974429,3,2005-10-20
3714,841654,4,2005-10-25
3714,2627393,3,2005-10-26
3714,647458,3,2005-11-04
3714,1291486,3,2005-11-15
3714,2494753,4,2005-11-15
3714,1346808,3,2005-11-23
3714,1238395,3,2005-11-30
3714,890669,1,2005-12-06
3714,1951089,3,2005-12-07
3714,646560,4,2005-12-26
3714,593600,3,2005-08-23
3714,2329061,4,2005-08-23
3714,661071,4,2005-08-25
3714,819838,3,2005-08-30
3714,622573,3,2005-09-12
3714,408200,3,2005-09-18
3714,1406565,2,2005-09-20
3714,1871367,3,2005-10-18
3714,1303781,2,2005-11-01
3714,1774181,3,2005-11-02
3714,1680845,4,2005-08-22
3714,1805653,3,2005-08-25
3714,1108317,4,2005-08-30
3714,845192,3,2005-04-02
3714,415073,5,2005-05-01
3714,1041689,4,2005-09-07
3714,1437396,4,2005-09-07
3714,2060936,3,2005-09-08
3714,2489607,4,2005-09-08
3714,1636432,3,2005-10-09
3714,1207884,2,2005-11-08
3714,1279012,1,2005-11-08
3714,1558141,2,2005-11-17
3714,1767839,3,2005-12-19
3714,199435,2,2005-08-19
3714,662116,4,2005-08-23
3714,796459,1,2005-08-23
3714,1178416,1,2005-08-29
3714,2218441,4,2005-08-30
3714,294427,2,2005-09-01
3714,1293829,4,2005-09-06
3714,2352346,3,2005-09-08
3714,1224891,1,2005-09-20
3714,1035219,3,2005-10-17
3714,2219228,5,2005-10-18
3714,628969,4,2005-10-18
3714,181065,2,2005-10-20
3714,519795,3,2005-10-21
3714,1123175,3,2005-10-23
3714,2321388,2,2005-11-17
3714,1647714,3,2005-11-19
3714,453957,1,2005-11-22
3714,1371764,1,2005-08-22
3714,521977,2,2005-09-06
3714,1487011,3,2005-04-11
3714,590239,3,2005-09-15
3714,2130443,3,2005-09-21
3714,1677500,1,2005-09-23
3714,1775115,2,2005-09-28
3714,573574,3,2005-09-30
3714,1336252,3,2005-10-05
3714,2427856,3,2005-10-10
3714,1366589,3,2005-10-19
3714,504296,4,2005-10-30
3714,400221,4,2005-11-21
3714,2122573,2,2005-11-22
3714,2299402,3,2005-12-25
3714,1769353,4,2005-08-23
3714,1245318,3,2005-08-24
3714,1767542,1,2005-08-24
3714,1327129,3,2005-08-27
3714,2641580,3,2005-08-27
3714,1134677,4,2005-08-31
3714,2519403,2,2005-09-02
3714,133381,2,2005-09-02
3714,2162729,3,2005-09-21
3714,2604346,3,2005-10-18
3714,877585,3,2005-11-18
3714,2143565,4,2005-12-13
3714,2581876,1,2005-08-19
3714,662832,2,2005-08-25
3714,2234028,4,2005-08-25
3714,115507,3,2005-08-28
3714,2335640,3,2005-08-28
3714,955719,3,2005-09-02
3714,404531,3,2005-09-02
3714,1421091,3,2005-09-08
3714,1198766,2,2005-09-12
3714,2180593,3,2005-09-19
3714,1657338,2,2005-10-05
3714,2517742,3,2005-10-14
3714,2362812,3,2005-10-25
3714,1761752,3,2005-10-27
3714,2379817,2,2005-11-08
3714,2498692,3,2005-11-08
3714,2227324,3,2005-11-09
3714,2470315,3,2005-11-22
3714,1955775,4,2005-12-17
3714,317398,4,2005-08-23
3714,344489,4,2005-08-29
3714,289009,1,2005-09-06
3714,376968,3,2005-09-16
3714,1304281,2,2005-10-02
3714,1414566,1,2005-10-04
3714,1527472,4,2005-10-09
3714,2136441,3,2005-10-17
3714,1338258,3,2005-10-18
3714,414536,3,2005-10-18
3714,1763857,3,2005-11-08
3714,1737883,4,2005-12-07
3714,869343,1,2005-12-21
3714,1830000,4,2005-07-21
3714,949303,3,2005-08-20
3714,913581,3,2005-08-23
3714,1429543,3,2005-08-23
3714,2418497,2,2005-08-24
3714,2042162,3,2005-08-30
3714,2242081,3,2005-08-30
3714,2102768,3,2005-09-04
3714,1714672,2,2005-09-04
3714,2055810,2,2005-04-27
3714,322009,4,2005-09-12
3714,379949,2,2005-09-19
3714,1883907,1,2005-10-03
3714,1754657,3,2005-10-04
3714,543559,3,2005-10-22
3714,706897,2,2005-11-02
3714,983042,4,2005-11-02
3714,1213950,4,2005-11-02
3714,174218,2,2005-11-14
3714,2081824,3,2005-11-29
3714,100981,5,2005-08-21
3714,1509808,3,2005-08-22
3714,681348,2,2005-08-23
3714,1019987,3,2005-08-25
3714,2530108,1,2005-08-25
3714,2129248,2,2005-08-25
3714,1384455,4,2005-08-26
3714,213408,3,2005-09-04
3714,38448,3,2005-09-08
3714,1655753,3,2005-09-08
3714,1912850,2,2005-09-11
3714,551086,3,2005-09-13
3714,303270,2,2005-09-14
3714,512127,2,2005-09-26
3714,149511,4,2005-09-30
3714,2093851,3,2005-10-05
3714,213442,4,2005-11-23
3714,1627084,2,2005-12-14
3714,915138,3,2005-12-16
3714,397126,4,2005-07-21
3714,380488,1,2005-08-23
3714,1007872,3,2005-08-27
3714,1612253,2,2005-09-03
3714,1080071,3,2005-09-05
3714,483647,3,2005-09-07
3714,663646,4,2005-09-07
3714,1863358,4,2005-09-11
3714,1537599,3,2005-09-12
3714,1654130,4,2005-09-26
3714,659526,3,2005-09-27
3714,1883444,3,2005-10-19
3714,1297976,5,2005-10-25
3714,1228160,1,2005-11-12
3714,308422,4,2005-11-16
3714,2389236,1,2005-11-17
3714,2387856,3,2005-08-24
3714,1349656,3,2005-08-29
3714,1750007,4,2005-04-18
3714,973313,2,2005-09-02
3714,2190792,4,2005-09-05
3714,2023539,5,2005-09-08
3714,867021,4,2005-09-08
3714,2638223,5,2005-09-12
3714,2041319,3,2005-09-20
3714,1901576,3,2005-09-26
3714,2449788,2,2005-10-02
3714,1017644,4,2005-10-03
3714,1204378,3,2005-10-10
3714,2528146,4,2005-10-12
3714,2581980,3,2005-11-02
3714,698560,3,2005-11-08
3714,569984,2,2005-11-11
3714,419691,2,2005-12-03
3714,188145,2,2005-12-03
3714,1982763,3,2005-12-09
3714,2291551,1,2005-08-19
3714,1818881,4,2005-09-02
3714,2408970,3,2005-09-04
3714,1507304,3,2005-09-06
3714,2627653,3,2005-09-06
3714,2023361,3,2005-09-11
3714,1678401,2,2005-09-12
3714,966426,5,2005-09-14
3714,33365,3,2005-09-15
3714,630788,1,2005-09-19
3714,655277,1,2005-09-20
3714,2286785,3,2005-09-24
3714,1909283,2,2005-10-05
3714,203206,3,2005-10-15
3714,1617240,4,2005-10-16
3714,1502317,2,2005-10-30
3714,1741356,5,2005-11-06
3714,409425,4,2005-11-09
3714,780355,1,2005-12-13
3714,2119859,4,2005-08-20
3714,2029003,3,2005-08-23
3714,2239881,2,2005-08-29
3714,2220463,2,2005-08-30
3714,205626,3,2005-09-02
3714,772534,3,2005-09-04
3714,989182,4,2005-09-05
3714,430774,4,2005-09-05
3714,2275248,5,2005-09-17
3714,2442646,2,2005-09-18
3714,2536250,2,2005-09-22
3714,729912,4,2005-09-24
3714,2370596,3,2005-10-06
3714,122752,3,2005-10-09
3714,1664010,5,2005-10-14
3714,88317,4,2005-10-17
3714,851662,4,2005-10-19
3714,1277525,3,2005-10-25
3714,151639,3,2005-11-16
3714,2224178,4,2005-11-23
3714,1723385,3,2005-11-23
3714,1834642,1,2005-08-22
3714,1280428,4,2005-08-22
3714,2520328,3,2005-08-29
3714,1434651,4,2005-09-02
3714,383646,3,2005-09-11
3714,1893088,2,2005-09-26
3714,626407,1,2005-10-06
3714,2546432,1,2005-10-15
3714,714678,3,2005-10-19
3714,668693,4,2005-10-25
3714,2245991,4,2005-10-30
3714,2044868,1,2005-10-31
3714,350837,3,2005-12-05
3714,2405151,3,2005-11-11
3714,109987,2,2005-11-17
3714,840928,3,2005-12-07
3714,438733,3,2005-12-25
3714,558679,4,2005-08-26
3714,1150743,4,2005-08-27
3714,1491877,3,2005-08-30
3714,88383,2,2005-09-06
3714,559019,4,2005-09-17
3714,1946147,3,2005-09-28
3714,369521,2,2005-10-05
3714,1632980,2,2005-10-09
3714,1637685,3,2005-11-01
3714,1693276,2,2005-11-21
3714,2244400,2,2005-11-26
3714,755235,3,2005-12-07
3714,312903,2,2005-12-13
3714,2586787,3,2005-12-26
3714,2560448,2,2005-12-27
3714,1408815,3,2005-08-20
3714,1426220,3,2005-08-22
3714,390955,3,2005-08-29
3714,1676315,3,2005-08-30
3714,107955,3,2005-09-07
3714,2107249,2,2005-09-09
3714,1642678,3,2005-04-30
3714,1252307,4,2005-09-12
3714,2024976,3,2005-09-13
3714,481077,3,2005-09-25
3714,997011,3,2005-09-27
3714,2142701,2,2005-09-28
3714,1964350,3,2005-09-30
3714,1849838,2,2005-10-04
3714,503574,4,2005-10-21
3714,1142380,2,2005-10-23
3714,2469555,5,2005-10-28
3714,818160,1,2005-11-03
3714,52100,1,2005-11-11
3714,876916,2,2005-12-14
3714,388122,2,2005-08-22
3714,572481,2,2005-08-23
3714,1854220,3,2005-08-28
3714,714202,3,2005-08-29
3714,254078,1,2005-09-13
3714,341068,3,2005-09-18
3714,2130547,4,2005-09-24
3714,378346,3,2005-10-04
3714,461672,1,2005-10-10
3714,1780095,3,2005-10-18
3714,2139616,3,2005-11-05
3714,515043,3,2005-11-05
3714,433561,4,2005-11-10
3714,406365,4,2005-08-20
3714,896391,3,2005-08-20
3714,580688,3,2005-08-23
3714,1101037,2,2005-08-25
3714,1872933,3,2005-08-25
3714,1817036,3,2005-08-27
3714,294454,3,2005-08-29
3714,1902140,2,2005-08-29
3714,1713480,2,2005-09-20
3714,1040817,3,2005-09-21
3714,1989428,2,2005-09-21
3714,1013341,2,2005-09-21
3714,1590024,4,2005-09-23
3714,317872,4,2005-10-01
3714,1230395,3,2005-10-02
3714,1974807,4,2005-10-14
3714,63452,3,2005-10-16
3714,265848,2,2005-10-17
3714,622380,4,2005-10-18
3714,1466985,3,2005-11-03
3714,2474353,3,2005-11-11
3714,2168476,3,2005-11-25
3714,1976467,3,2005-08-21
3714,992432,4,2005-08-22
3714,751406,5,2005-08-24
3714,513313,3,2005-08-29
3714,1271040,4,2005-09-01
3714,1884046,3,2005-09-09
3714,1469739,2,2005-09-20
3714,2297136,1,2005-10-05
3714,1078528,4,2005-10-10
3714,1167175,4,2005-10-15
3714,2392138,3,2005-11-10
3714,1311438,2,2005-11-19
3714,677704,3,2005-12-29
3714,1996307,2,2005-08-18
3714,814979,2,2005-08-24
3714,28970,2,2005-08-24
3714,291712,3,2005-08-25
3714,1603686,5,2005-08-29
3714,134359,3,2005-09-03
3714,1470057,2,2005-09-26
3714,2289721,2,2005-10-02
3714,561598,1,2005-10-03
3714,485084,3,2005-10-06
3714,352980,2,2005-10-24
3714,1037138,2,2005-11-29
3714,220250,5,2005-12-12
3714,2226643,5,2005-12-13
3714,2355625,1,2005-07-09
3714,489801,4,2005-08-18
3714,861532,3,2005-08-22
3714,2000666,1,2005-08-24
3714,2274813,4,2005-08-28
3714,1682592,3,2005-08-30
3714,2397276,3,2005-09-05
3714,1934272,2,2005-09-08
3714,803835,3,2005-09-12
3714,766065,3,2005-09-16
3714,1289999,3,2005-09-22
3714,1730088,4,2005-09-23
3714,2350011,3,2005-09-25
3714,160801,4,2005-09-27
3714,1232534,2,2005-09-28
3714,1022313,4,2005-10-04
3714,2454575,3,2005-10-04
3714,1419705,4,2005-12-12
3714,1691635,4,2005-12-15
3714,362788,1,2005-08-24
3714,1248764,4,2005-08-31
3714,2019879,4,2005-09-06
3714,1257126,3,2005-09-07
3714,1058842,2,2005-09-13
3714,2178946,5,2005-09-15
3714,1087382,1,2005-09-19
3714,314357,5,2005-09-25
3714,1405110,2,2005-09-29
3714,683075,2,2005-10-04
3714,919160,3,2005-10-11
3714,1232740,3,2005-10-23
3714,687591,3,2005-10-25
3714,552459,4,2005-10-27
3714,879315,2,2005-10-30
3714,2466358,3,2005-11-01
3714,2259547,2,2005-11-04
3714,1657855,4,2005-11-29
3714,2295883,3,2005-11-29
3714,1929998,3,2005-12-13
3714,1953758,3,2005-08-21
3714,2597664,5,2005-08-22
3714,1695405,3,2005-09-03
3714,163951,3,2005-09-05
3714,192947,1,2005-09-13
3714,2324645,5,2005-09-19
3714,966222,3,2005-09-20
3714,2252320,4,2005-10-03
3714,1465141,3,2005-10-20
3714,2637476,1,2005-11-08
3714,622167,4,2005-11-14
3714,343857,2,2005-08-23
3714,931122,3,2005-08-26
3714,8004,2,2005-09-07
3714,641972,2,2005-09-22
3714,1554951,3,2005-10-03
3714,991385,4,2005-10-12
3714,2590395,4,2005-10-29
3714,1221973,2,2005-11-04
3714,1691893,2,2005-11-07
3714,1123466,4,2005-11-25
3714,243430,4,2005-12-06
3714,1751846,3,2005-08-27
3714,635044,1,2005-08-31
3714,1382328,3,2005-09-07
3714,675111,3,2005-09-20
3714,476451,3,2005-09-25
3714,297030,1,2005-10-04
3714,1943866,4,2005-10-08
3714,426981,1,2005-10-25
3714,2075370,3,2005-11-09
3714,2476916,2,2005-12-15
3714,1588548,4,2005-08-21
3714,39838,3,2005-08-22
3714,2242345,2,2005-08-24
3714,1331155,2,2005-09-08
3714,195378,4,2005-10-03
3714,79967,4,2005-10-05
3714,1391435,3,2005-10-06
3714,1846906,4,2005-11-07
3714,1943827,5,2005-12-19
3714,291848,2,2005-08-25
3714,996448,1,2005-08-26
3714,971103,1,2005-09-15
3714,961513,2,2005-09-18
3714,1184378,2,2005-09-20
3714,1941703,3,2005-09-23
3714,430134,2,2005-09-23
3714,1810414,4,2005-09-24
3714,2575931,2,2005-10-03
3714,269455,5,2005-10-05
3714,727938,4,2005-10-06
3714,1697520,4,2005-10-17
3714,2425421,3,2005-11-03
3714,213130,2,2005-12-06
3714,2313194,2,2005-08-31
3714,2100871,1,2005-09-07
3714,235551,3,2005-09-10
3714,922591,3,2005-09-16
3714,1686729,3,2005-09-19
3714,1498353,3,2005-09-23
3714,1912810,5,2005-09-23
3714,1658634,4,2005-10-12
3714,874934,4,2005-10-15
3714,771335,4,2005-11-10
3714,1303433,2,2005-08-19
3714,2248484,2,2005-08-27
3714,601640,2,2005-09-02
3714,1467319,1,2005-09-19
3714,669701,4,2005-09-20
3714,1317524,4,2005-09-27
3714,1804717,3,2005-10-24
3714,1202268,3,2005-11-01
3714,183962,4,2005-11-16
3714,618222,2,2005-12-18
3714,2063679,3,2005-08-25
3714,358549,1,2005-08-31
3714,2298082,3,2005-09-03
3714,1349595,3,2005-09-04
3714,1459348,3,2005-09-19
3714,580802,2,2005-09-20
3714,2054870,4,2005-09-21
3714,2194719,2,2005-09-26
3714,895888,2,2005-09-29
3714,32951,2,2005-10-07
3714,2309222,3,2005-10-13
3714,1862840,2,2005-10-13
3714,517384,3,2005-10-21
3714,1973557,4,2005-10-27
3714,2528442,4,2005-12-15
3714,37797,4,2005-08-22
3714,1658101,3,2005-08-25
3714,267378,3,2005-08-27
3714,1575386,4,2005-08-28
3714,156183,4,2005-08-29
3714,1407998,4,2005-08-30
3714,1021317,1,2005-08-30
3714,40035,4,2005-09-01
3714,2620317,4,2005-03-29
3714,1245143,3,2005-09-08
3714,2377590,3,2005-10-16
3714,1901496,3,2005-11-06
3714,1118643,3,2005-10-31
3714,2546990,3,2005-11-29
3714,1950225,2,2005-12-31
3714,1274640,2,2005-08-21
3714,1774976,2,2005-08-22
3714,1001461,3,2005-08-22
3714,1722960,2,2005-08-22
3714,1037713,3,2005-08-24
3714,1296508,5,2005-09-02
3714,1966737,3,2005-09-08
3714,509389,4,2005-09-14
3714,2485865,2,2005-09-19
3714,856918,4,2005-09-23
3714,233949,3,2005-09-29
3714,1261395,4,2005-10-11
3714,1351076,3,2005-10-14
3714,309638,3,2005-10-27
3714,70494,3,2005-11-05
3714,1881601,4,2005-11-20
3714,2189068,1,2005-11-28
3714,2477304,4,2005-12-21
3714,1822001,3,2005-08-19
3714,1707375,5,2005-08-20
3714,679042,3,2005-08-21
3714,1232918,4,2005-08-22
3714,2470497,4,2005-08-30
3714,187293,3,2005-11-20
3714,528851,3,2005-09-13
3714,2642149,3,2005-09-20
3714,1213244,3,2005-09-21
3714,335839,2,2005-09-23
3714,157922,2,2005-10-20
3714,2584101,1,2005-10-21
3714,425913,3,2005-10-25
3714,1317705,4,2005-11-24
3714,1434175,4,2005-12-02
3714,722591,5,2005-12-15
3714,1340396,2,2005-08-29
3714,408214,2,2005-09-02
3714,231839,4,2005-09-06
3714,1613791,2,2005-09-08
3714,1941860,4,2005-03-22
3714,2635275,5,2005-09-12
3714,1772905,4,2005-09-21
3714,2001061,3,2005-10-03
3714,714657,4,2005-10-04
3714,225691,5,2005-10-30
3714,847821,2,2005-11-07
3714,1400180,4,2005-11-24
3714,662651,4,2005-12-20
3714,111693,2,2005-12-24
3714,1742103,3,2005-12-28
3714,2550711,3,2005-08-23
3714,1230613,3,2005-08-31
3714,1628766,3,2005-09-01
3714,1850513,5,2005-09-06
3714,2358574,3,2005-09-14
3714,495405,5,2005-09-23
3714,513900,3,2005-10-04
3714,536090,4,2005-10-08
3714,1761552,2,2005-10-09
3714,316591,4,2005-10-20
3714,1835914,4,2005-08-10
3714,815695,2,2005-08-31
3714,1434295,1,2005-09-07
3714,1746477,3,2005-09-09
3714,117065,3,2005-09-14
3714,1130976,5,2005-09-20
3714,2056389,4,2005-09-22
3714,1359449,1,2005-09-27
3714,847741,3,2005-10-04
3714,1655662,4,2005-10-05
3714,1496725,5,2005-10-06
3714,786950,3,2005-10-06
3714,1505527,3,2005-10-07
3714,2557095,2,2005-10-21
3714,1269848,4,2005-10-27
3714,1201507,2,2005-10-31
3714,841811,2,2005-11-02
3714,224836,4,2005-11-03
3714,1913370,3,2005-11-07
3714,1298006,3,2005-11-17
3714,1742648,4,2005-12-02
3714,1268392,3,2005-12-22
3714,1278249,4,2005-08-20
3714,2238070,2,2005-08-21
3714,2509303,3,2005-08-21
3714,2035310,4,2005-08-24
3714,688425,3,2005-08-30
3714,426352,2,2005-09-04
3714,2397182,1,2005-09-10
3714,1374572,3,2005-09-14
3714,2252945,3,2005-09-15
3714,2086209,4,2005-09-16
3714,2118540,1,2005-09-17
3714,2160020,4,2005-09-19
3714,2535581,4,2005-10-07
3714,1049932,4,2005-10-11
3714,2501711,3,2005-10-12
3714,466958,1,2005-10-31
3714,1545082,3,2005-11-12
3714,230112,2,2005-11-13
3714,1377693,4,2005-11-15
3714,2575909,2,2005-11-17
3714,1100821,2,2005-11-20
3714,951739,3,2005-11-21
3714,2452707,2,2005-11-28
3714,2013305,3,2005-12-09
3714,2568638,3,2005-12-28
3714,2622114,3,2005-08-30
3714,525399,2,2005-09-08
3714,203421,4,2005-04-16
3714,2464456,3,2005-04-22
3714,1841268,3,2005-09-13
3714,2271752,3,2005-10-24
3714,18745,5,2005-10-27
3714,681961,4,2005-11-13
3714,645934,2,2005-11-17
3714,978928,2,2005-08-24
3714,757767,3,2005-08-24
3714,2177760,2,2005-08-25
3714,2632718,4,2005-08-30
3714,1648353,3,2005-08-30
3714,749736,4,2005-08-30
3714,619792,1,2005-09-06
3714,423195,3,2005-09-12
3714,2160971,1,2005-09-24
3714,206252,4,2005-09-27
3714,356515,1,2005-09-27
3714,1041130,2,2005-10-06
3714,1317671,1,2005-10-11
3714,1181129,5,2005-10-19
3714,1566099,1,2005-10-25
3714,1797229,3,2005-10-25
3714,2292495,1,2005-10-27
3714,2458353,1,2005-10-31
3714,2528072,2,2005-11-06
3714,2557968,3,2005-11-09
3714,575199,3,2005-12-17
3714,1975544,1,2005-12-26
3714,384821,3,2005-08-24
3714,2424006,3,2005-08-26
3714,1254363,2,2005-08-28
3714,506642,4,2005-08-28
3714,784538,2,2005-08-31
3714,19439,2,2005-09-04
3714,811104,3,2005-09-05
3714,1312075,4,2005-09-09
3714,2072941,1,2005-09-09
3714,974252,3,2005-09-09
3714,1197388,3,2005-09-13
3714,1842184,1,2005-09-20
3714,2383573,2,2005-09-26
3714,2090861,3,2005-10-01
3714,11212,3,2005-10-07
3714,515357,1,2005-10-07
3714,1950210,1,2005-10-20
3714,75923,3,2005-10-27
3714,896116,4,2005-10-31
3714,2518375,3,2005-11-10
3714,1038649,1,2005-11-14
3714,2505585,3,2005-12-03
3714,581930,4,2005-12-14
3714,576729,4,2005-08-20
3714,1161657,3,2005-08-22
3714,2543978,3,2005-08-23
3714,2153128,2,2005-08-24
3714,356620,3,2005-08-24
3714,171008,4,2005-08-31
3714,1190083,2,2005-09-09
3714,1777614,3,2005-09-12
3714,2536427,4,2005-09-13
3714,1139925,2,2005-09-21
3714,2649308,3,2005-10-03
3714,577699,3,2005-10-10
3714,1577401,2,2005-10-21
3714,1546013,2,2005-10-26
3714,1306007,3,2005-10-31
3714,2648465,5,2005-11-08
3714,2043593,3,2005-11-28
3714,2361922,2,2005-12-17
3714,120579,4,2005-08-17
3714,2606799,2,2005-08-18
3714,704381,2,2005-08-21
3714,670416,2,2005-08-24
3714,2365141,3,2005-08-29
3714,2444204,4,2005-08-29
3714,2349507,5,2005-09-06
3714,2031435,3,2005-09-12
3714,2130558,5,2005-09-19
3714,1671733,5,2005-10-09
3714,942906,2,2005-11-03
3714,727239,4,2005-11-08
3714,687612,3,2005-11-14
3714,2384389,3,2005-11-15
3714,2462246,3,2005-11-20
3714,1998654,3,2005-08-21
3714,1331312,4,2005-08-26
3714,1079165,3,2005-08-29
3714,325344,2,2005-09-08
3714,81644,4,2005-09-09
3714,435841,3,2005-09-16
3714,1575810,2,2005-09-29
3714,1730910,1,2005-10-19
3714,1732669,2,2005-11-01
3714,1332214,3,2005-11-01
3714,2299661,2,2005-11-29
3714,1617915,3,2005-08-22
3714,1080447,4,2005-08-22
3714,2251476,3,2005-08-31
3714,784705,3,2005-09-06
3714,31163,2,2005-09-14
3714,146667,3,2005-09-18
3714,2150155,3,2005-09-23
3714,2512235,3,2005-09-26
3714,2493763,4,2005-10-07
3714,478558,3,2005-08-19
3714,896636,4,2005-08-21
3714,156235,2,2005-09-03
3714,718685,2,2005-09-04
3714,85824,2,2005-09-05
3714,1214181,2,2005-09-07
3714,2579100,2,2005-09-12
3714,276008,4,2005-09-13
3714,329670,3,2005-09-24
3714,980871,2,2005-09-26
3714,1900681,4,2005-10-14
3714,1946732,4,2005-10-19
3714,889489,2,2005-10-24
3714,1436061,5,2005-11-08
3714,1809462,3,2005-11-10
3714,66490,3,2005-11-22
3714,2123435,5,2005-11-22
3714,111543,1,2005-12-13
3714,1543236,3,2005-12-29
3714,421862,4,2005-08-26
3714,2150322,1,2005-08-30
3714,1310736,4,2005-04-20
3714,229271,4,2005-09-01
3714,983872,3,2005-09-02
3714,252476,3,2005-09-03
3714,662309,3,2005-09-08
3714,117346,4,2005-09-20
3714,1332725,3,2005-10-20
3714,1996154,4,2005-10-31
3714,1895489,2,2005-11-10
3714,2431887,4,2005-11-11
3714,1860251,4,2005-12-18
3714,1403378,2,2005-08-22
3714,830567,2,2005-08-25
3714,1245078,3,2005-08-26
3714,491513,3,2005-09-09
3714,1837461,5,2005-09-09
3714,239297,3,2005-09-20
3714,1788794,4,2005-09-24
3714,1505330,2,2005-09-28
3714,1431136,3,2005-09-30
3714,2423318,4,2005-10-10
3714,1451109,1,2005-10-19
3714,1914814,4,2005-10-21
3714,1778795,3,2005-10-23
3714,2334289,3,2005-10-31
3714,138106,3,2005-11-01
3714,2365013,4,2005-11-15
3714,308331,2,2005-12-04
3714,6748,4,2005-12-28
3714,461799,2,2005-08-30
3714,1130380,3,2005-09-01
3714,380149,4,2005-09-14
3714,2455675,4,2005-09-23
3714,1671521,4,2005-09-27
3714,1720608,3,2005-10-08
3714,1041178,2,2005-10-18
3714,2243193,3,2005-10-26
3714,1007434,4,2005-11-09
3714,2340098,2,2005-11-12
3714,2601146,4,2005-12-20
3714,969530,3,2005-08-22
3714,1090951,4,2005-08-22
3714,1338823,3,2005-08-22
3714,402437,1,2005-08-23
3714,1335766,2,2005-08-24
3714,160247,3,2005-09-08
3714,1433474,2,2005-09-12
3714,1062416,2,2005-09-20
3714,1284267,2,2005-09-24
3714,1469776,2,2005-10-01
3714,2032737,1,2005-10-02
3714,2368266,4,2005-10-11
3714,718615,3,2005-10-24
3714,2198390,4,2005-10-31
3714,504620,1,2005-12-27
3714,948271,2,2005-08-19
3714,1576475,3,2005-08-24
3714,1001653,1,2005-08-28
3714,2163483,1,2005-08-29
3714,1753194,2,2005-09-05
3714,2597544,1,2005-09-20
3714,713905,1,2005-10-06
3714,2204653,3,2005-10-24
3714,2418086,3,2005-10-26
3714,932272,4,2005-10-27
3714,2565354,3,2005-10-30
3714,1930074,4,2005-11-01
3714,1695417,4,2005-11-11
3714,1720731,4,2005-12-19
3714,1200952,1,2005-08-23
3714,409351,4,2005-08-26
3714,1108236,1,2005-08-26
3714,1516279,5,2005-04-26
3714,531782,4,2005-09-15
3714,2362135,2,2005-09-17
3714,833951,3,2005-09-20
3714,1213719,3,2005-10-05
3714,603914,3,2005-10-05
3714,1213041,3,2005-10-06
3714,568254,3,2005-10-24
3714,1840452,5,2005-10-25
3714,1851547,3,2005-11-15
3714,2333716,3,2005-12-13
3714,1225020,5,2005-12-24
3714,1722831,3,2005-11-01
3714,819822,2,2005-08-20
3714,1271961,3,2005-08-23
3714,1665564,1,2005-08-25
3714,340707,4,2005-09-01
3714,984411,5,2005-09-14
3714,707416,4,2005-10-03
3714,461124,3,2005-10-04
3714,1622587,3,2005-10-18
3714,1494683,3,2005-11-01
3714,706164,2,2005-11-14
3714,1144608,2,2005-11-14
3714,404706,2,2005-08-18
3714,1686991,2,2005-08-28
3714,357721,3,2005-09-02
3714,217225,3,2005-09-02
3714,1899671,3,2005-09-07
3714,561184,1,2005-09-12
3714,740313,3,2005-09-13
3714,1107894,3,2005-09-15
3714,271105,4,2005-09-16
3714,226048,2,2005-09-20
3714,1446744,5,2005-09-21
3714,1955486,1,2005-09-25
3714,1469394,2,2005-10-03
3714,1695263,4,2005-10-14
3714,1645937,3,2005-10-17
3714,2394115,2,2005-10-18
3714,663312,1,2005-10-30
3714,1372878,2,2005-11-01
3714,8212,4,2005-11-13
3714,2497262,3,2005-11-15
3714,1897157,3,2005-11-29
3714,1074378,1,2005-12-17
3714,1648464,4,2005-08-21
3714,1691501,4,2005-08-24
3714,578869,3,2005-08-27
3714,1850833,3,2005-08-29
3714,1010572,2,2005-09-06
3714,2232041,3,2005-09-08
3714,475537,2,2005-09-16
3714,2534711,3,2005-09-16
3714,1799687,4,2005-09-16
3714,845269,4,2005-09-17
3714,2568897,3,2005-09-23
3714,861792,3,2005-09-26
3714,2349448,1,2005-09-27
3714,587243,3,2005-09-27
3714,519699,5,2005-10-03
3714,2307638,2,2005-10-09
3714,692018,5,2005-10-17
3714,1839030,4,2005-10-22
3714,1108122,3,2005-10-26
3714,2546451,3,2005-11-05
3714,1330663,4,2005-11-17
3714,318100,3,2005-12-08
3714,1462330,3,2005-12-27
3714,1074745,4,2005-08-23
3714,1896062,1,2005-08-25
3714,767904,2,2005-08-28
3714,1620733,1,2005-08-28
3714,1132655,5,2005-08-31
3714,1009033,4,2005-09-01
3714,452468,3,2005-09-14
3714,2143457,3,2005-09-18
3714,1703631,1,2005-09-19
3714,439729,3,2005-09-19
3714,508346,5,2005-09-26
3714,504215,3,2005-09-26
3714,1432255,4,2005-10-11
3714,2572298,4,2005-10-21
3714,216174,2,2005-11-02
3714,1341014,1,2005-11-18
3714,2416431,4,2005-08-22
3714,1298138,2,2005-08-23
3714,554324,1,2005-08-24
3714,934079,1,2005-08-31
3714,305344,1,2005-01-07
3714,373610,2,2005-09-01
3714,1613705,2,2005-09-07
3714,1790796,4,2005-09-07
3714,632347,3,2005-09-15
3714,186643,2,2005-09-20
3714,158785,2,2005-10-05
3714,459343,3,2005-10-11
3714,319229,4,2005-11-01
3714,574072,2,2005-11-29
3714,688499,3,2005-12-17
3714,871137,4,2005-08-20
3714,1484680,3,2005-08-22
3714,221318,2,2005-08-24
3714,1138896,3,2005-08-28
3714,1802372,4,2005-08-29
3714,2484005,3,2005-08-31
3714,141917,1,2005-09-06
3714,149436,3,2005-09-06
3714,2387207,4,2005-09-11
3714,1861365,3,2005-09-23
3714,520005,3,2005-10-24
3714,2003856,2,2005-10-30
3714,246663,2,2005-08-22
3714,434585,3,2005-08-27
3714,2368686,2,2005-09-01
3714,849369,3,2005-09-07
3714,2529068,1,2005-09-07
3714,2599641,4,2005-09-08
3714,210425,4,2005-09-08
3714,2511644,3,2005-05-24
3714,2503760,3,2005-09-18
3714,2129878,2,2005-09-18
3714,354339,1,2005-09-21
3714,624240,1,2005-09-22
3714,417346,1,2005-10-05
3714,995246,4,2005-10-20
3714,1232826,3,2005-10-25
3714,348487,5,2005-11-22
3714,1753055,4,2005-11-23
3714,1181472,3,2005-11-28
3714,1219960,4,2005-08-22
3714,1743982,5,2005-08-23
3714,997492,4,2005-08-26
3714,30274,3,2005-08-29
3714,2640412,3,2005-08-30
3714,608280,3,2005-08-31
3714,881588,4,2005-06-09
3714,1751681,4,2005-09-07
3714,1403217,2,2005-09-07
3714,2205550,2,2005-09-19
3714,1254663,3,2005-09-20
3714,1341525,3,2005-09-22
3714,790106,2,2005-10-03
3714,1018055,3,2005-10-13
3714,1243729,2,2005-10-16
3714,593230,3,2005-10-25
3714,419013,4,2005-10-26
3714,572374,3,2005-10-30
3714,83108,3,2005-11-01
3714,2539184,3,2005-11-08
3714,2414931,3,2005-11-28
3714,1174457,4,2005-11-28
3714,966406,2,2005-08-19
3714,1491664,3,2005-08-19
3714,810834,3,2005-08-25
3714,1018492,2,2005-08-29
3714,1984070,1,2005-08-29
3714,1326886,2,2005-09-08
3714,2266842,2,2005-09-22
3714,761741,4,2005-09-26
3714,60839,1,2005-09-27
3714,639533,3,2005-09-29
3714,741376,3,2005-10-03
3714,869130,4,2005-10-04
3714,786729,3,2005-10-04
3714,926387,5,2005-10-18
3714,877060,3,2005-10-27
3714,2147527,1,2005-11-11
3714,1199771,2,2005-11-14
3714,1396901,3,2005-11-21
3714,1725660,2,2005-08-21
3714,292279,4,2005-08-31
3714,1065620,3,2005-09-02
3714,337026,3,2005-09-06
3714,406992,3,2005-09-06
3714,2097907,2,2005-09-09
3714,1332623,3,2005-09-09
3714,1521143,2,2005-09-14
3714,1349716,5,2005-10-03
3714,1081980,4,2005-10-03
3714,1301261,2,2005-10-04
3714,1069747,1,2005-10-09
3714,589563,2,2005-10-09
3714,2439696,2,2005-10-17
3714,198755,4,2005-10-18
3714,2188296,3,2005-10-26
3714,1025273,2,2005-12-06
3714,741194,4,2005-08-19
3714,2042023,5,2005-08-23
3714,797342,5,2005-08-24
3714,1438606,3,2005-09-01
3714,2197551,4,2005-09-04
3714,1684953,3,2005-09-08
3714,199537,4,2005-09-12
3714,1794725,5,2005-09-12
3714,1252798,2,2005-09-15
3714,2633019,3,2005-09-20
3714,50005,3,2005-09-23
3714,905710,3,2005-09-26
3714,447759,5,2005-09-28
3714,2511504,3,2005-10-14
3714,1930168,3,2005-10-20
3714,400661,3,2005-10-21
3714,1137784,4,2005-10-26
3714,993904,5,2005-10-27
3714,2079760,4,2005-10-31
3714,805379,5,2005-10-31
3714,333573,4,2005-11-01
3714,1140448,3,2005-11-04
3714,560509,3,2005-11-05
3714,2165743,3,2005-11-07
3714,2376301,4,2005-11-13
3714,1710643,2,2005-08-19
3714,348812,1,2005-08-21
3714,328642,3,2005-08-23
3714,828236,4,2005-08-24
3714,1359724,3,2005-08-25
3714,6629,4,2005-08-30
3714,477297,2,2005-08-31
3714,1530377,2,2005-09-04
3714,138835,1,2005-09-10
3714,336588,2,2005-09-12
3714,2640249,5,2005-09-19
3714,251026,4,2005-10-18
3714,2328880,3,2005-10-18
3714,900061,1,2005-11-03
3714,782690,2,2005-11-25
3714,2047559,2,2005-12-20
3714,2548362,3,2005-08-22
3714,890259,3,2005-08-22
3714,458457,1,2005-08-23
3714,2144856,3,2005-08-23
3714,836625,3,2005-08-28
3714,2498718,4,2005-03-23
3714,694000,3,2005-09-07
3714,1648074,4,2005-09-07
3714,1452696,3,2005-09-12
3714,351002,3,2005-09-22
3714,553908,3,2005-09-23
3714,2164176,2,2005-10-02
3714,2508015,3,2005-10-11
3714,1405778,2,2005-11-16
3714,363845,4,2005-11-28
3714,783446,3,2005-12-01
3714,2529806,3,2005-08-22
3714,2629660,1,2005-08-29
3714,2356503,4,2005-09-02
3714,89234,3,2005-09-12
3714,413244,2,2005-09-13
3714,2008276,4,2005-09-13
3714,1331144,1,2005-09-15
3714,325029,3,2005-10-10
3714,1551751,3,2005-10-10
3714,1632511,4,2005-10-24
3714,1857822,4,2005-10-27
3714,2120884,3,2005-11-28
3714,614613,4,2005-11-29
3714,1859908,4,2005-12-07
3714,1298142,3,2005-12-28
3714,2584676,2,2005-08-27
3714,1319155,4,2005-08-30
3714,119745,4,2005-09-06
3714,1444287,3,2005-09-09
3714,2166028,1,2005-09-11
3714,196562,3,2005-09-12
3714,414943,2,2005-09-13
3714,2082447,2,2005-09-14
3714,2152193,4,2005-09-17
3714,100495,3,2005-09-19
3714,2330104,3,2005-10-04
3714,1451946,4,2005-10-12
3714,1260125,3,2005-10-17
3714,39557,4,2005-10-24
3714,961583,2,2005-10-26
3714,2414266,3,2005-10-28
3714,1850228,3,2005-10-31
3714,249783,4,2005-11-10
3714,987785,1,2005-11-10
3714,1866789,2,2005-11-14
3714,1025290,4,2005-11-20
3714,2609453,3,2005-11-28
3714,2615152,4,2005-08-29
3714,669635,4,2005-08-22
3714,1168138,4,2005-08-27
3714,2253275,3,2005-08-29
3714,2367726,4,2005-08-31
3714,2300139,4,2005-09-06
3714,2351311,2,2005-09-07
3714,2201317,1,2005-09-07
3714,715052,1,2005-09-09
3714,1902604,3,2005-09-14
3714,724103,4,2005-09-19
3714,609451,2,2005-09-21
3714,1065445,2,2005-09-23
3714,2316556,3,2005-09-25
3714,1952406,1,2005-10-09
3714,243616,4,2005-10-16
3714,2102700,1,2005-10-21
3714,2159776,5,2005-11-13
3714,525347,3,2005-08-25
3714,126092,2,2005-09-05
3714,1020352,3,2005-09-11
3714,1594207,2,2005-09-11
3714,901049,3,2005-09-16
3714,2538669,3,2005-09-22
3714,190111,1,2005-10-10
3714,2315664,2,2005-10-03
3714,1534091,4,2005-10-27
3714,362163,2,2005-11-01
3714,1562093,3,2005-11-06
3714,2182050,2,2005-12-05
3714,50543,2,2005-08-23
3714,2163282,4,2005-08-24
3714,269817,2,2005-08-28
3714,1386312,2,2005-08-29
3714,738649,3,2005-09-06
3714,1064361,3,2005-09-16
3714,678349,4,2005-09-20
3714,1452718,2,2005-09-27
3714,1715961,4,2005-10-04
3714,2079426,2,2005-10-05
3714,2183560,3,2005-10-12
3714,2531380,3,2005-10-24
3714,1565968,3,2005-11-06
3714,2332894,5,2005-11-07
3714,858298,3,2005-11-14
3714,86710,2,2005-11-18
3714,606831,3,2005-11-18
3714,1019682,4,2005-11-22
3714,2087695,3,2005-12-06
3714,2432136,4,2005-08-22
3714,1707448,4,2005-08-31
3714,2079663,3,2005-09-12
3714,1956904,3,2005-09-13
3714,970811,1,2005-09-25
3714,730104,3,2005-09-26
3714,2260008,3,2005-09-28
3714,2287125,3,2005-10-11
3714,60217,3,2005-10-24
3714,1948883,1,2005-11-03
3714,2550498,3,2005-11-08
3714,1571424,1,2005-12-17
3714,1630882,4,2005-08-29
3714,2083371,4,2005-08-31
3714,2338569,4,2005-09-02
3714,2356165,2,2005-09-04
3714,1539828,2,2005-09-05
3714,1564398,4,2005-09-05
3714,1763451,2,2005-09-08
3714,729120,3,2005-09-13
3714,939574,2,2005-09-14
3714,300908,4,2005-10-09
3714,718379,2,2005-10-12
3714,1307341,4,2005-10-21
3714,1340109,5,2005-10-26
3714,1704311,3,2005-11-08
3714,1553615,4,2005-11-09
3714,1570397,1,2005-08-19
3714,2418918,2,2005-08-21
3714,517454,2,2005-08-25
3714,707987,3,2005-08-31
3714,1131231,3,2005-09-06
3714,1218400,2,2005-09-08
3714,2620107,3,2005-09-09
3714,1837233,1,2005-09-15
3714,266546,4,2005-09-21
3714,350382,5,2005-10-03
3714,177250,3,2005-10-05
3714,1070971,3,2005-10-11
3714,861322,4,2005-10-19
3714,324530,3,2005-10-26
3714,2405523,3,2005-11-05
3714,1128854,3,2005-11-09
3714,1880596,2,2005-12-18
3714,1461667,5,2005-08-20
3714,1778238,2,2005-08-21
3714,12812,3,2005-08-23
3714,2598647,2,2005-08-25
3714,1559808,3,2005-08-27
3714,895146,3,2005-08-29
3714,1586067,3,2005-08-30
3714,2483755,4,2005-09-01
3714,2110669,3,2005-11-06
3714,2267592,3,2005-10-16
3714,1783225,5,2005-09-27
3714,1674265,4,2005-10-02
3714,377109,5,2005-10-14
3714,624178,3,2005-10-24
3714,245649,4,2005-10-25
3714,236238,4,2005-10-30
3714,889754,2,2005-10-31
3714,2513876,4,2005-10-31
3714,1427868,3,2005-11-06
3714,1413958,3,2005-12-15
3714,349708,3,2005-08-24
3714,2013912,3,2005-09-01
3714,1275094,4,2005-09-07
3714,211377,3,2005-05-04
3714,370075,4,2005-05-16
3714,2202630,3,2005-09-14
3714,239099,2,2005-09-22
3714,537992,5,2005-09-23
3714,764236,4,2005-10-10
3714,1922,4,2005-10-21
3714,445500,3,2005-11-09
3714,1703564,4,2005-12-17
3714,577616,3,2005-12-20
3714,1334971,4,2005-08-18
3714,1453717,3,2005-08-18
3714,453217,3,2005-08-20
3714,1132526,5,2005-08-26
3714,1903604,4,2005-08-28
3714,2198221,3,2005-10-02
3714,833271,3,2005-10-04
3714,383963,1,2005-10-07
3714,1445467,4,2005-10-27
3714,2396604,3,2005-11-08
3714,1144408,3,2005-11-14
3714,1118505,3,2005-11-15
3714,1267060,3,2005-12-09
3714,351461,3,2005-12-29
3714,1137999,3,2005-08-23
3714,2152739,3,2005-08-25
3714,805207,4,2005-08-27
3714,1946202,4,2005-08-27
3714,1068913,3,2005-09-01
3714,2450203,5,2005-09-01
3714,1469447,3,2005-09-20
3714,1281037,5,2005-09-27
3714,1775437,4,2005-10-09
3714,1075241,3,2005-10-28
3714,1028151,3,2005-10-29
3714,1541350,1,2005-12-12
3714,1712965,4,2005-12-22
3714,1119198,4,2005-09-12
3714,327107,4,2005-08-21
3714,249936,3,2005-08-28
3714,110521,3,2005-08-28
3714,129622,3,2005-09-01
3714,1916280,5,2005-09-06
3714,2136245,2,2005-09-09
3714,2132649,2,2005-09-11
3714,2544526,2,2005-09-15
3714,806626,3,2005-09-15
3714,392485,3,2005-09-16
3714,260164,3,2005-09-19
3714,1792554,2,2005-09-20
3714,1130999,5,2005-09-26
3714,2084479,5,2005-09-28
3714,2068936,3,2005-10-03
3714,1652468,2,2005-10-08
3714,1920565,2,2005-10-11
3714,2119303,2,2005-10-11
3714,2572962,3,2005-10-12
3714,440506,3,2005-10-14
3714,1963551,2,2005-10-20
3714,954476,3,2005-10-24
3714,779332,4,2005-10-24
3714,1556715,2,2005-10-30
3714,1708758,3,2005-11-02
3714,1522964,2,2005-11-21
3714,669429,2,2005-08-19
3714,1130956,3,2005-08-21
3714,2518319,2,2005-08-24
3714,1368105,3,2005-08-26
3714,509082,3,2005-08-26
3714,844451,5,2005-08-28
3714,535882,3,2005-09-01
3714,948508,4,2005-09-06
3714,2404366,4,2005-09-06
3714,2263245,5,2005-09-13
3714,294270,3,2005-09-15
3714,200362,3,2005-09-16
3714,2329196,3,2005-09-19
3714,551392,2,2005-09-22
3714,2029766,2,2005-09-24
3714,630905,4,2005-09-28
3714,1444508,2,2005-10-04
3714,272025,4,2005-10-05
3714,1926272,2,2005-10-20
3714,1159415,1,2005-10-27
3714,1704016,3,2005-10-31
3714,1455655,3,2005-11-25
3714,1337878,4,2005-11-27
3714,2043181,2,2005-11-28
3714,1978988,4,2005-08-19
3714,2632273,2,2005-08-21
3714,2056022,3,2005-08-26
3714,595315,3,2005-09-07
3714,828009,2,2005-09-09
3714,2452432,2,2005-09-13
3714,1863458,3,2005-09-28
3714,666934,2,2005-09-28
3714,1570329,3,2005-10-09
3714,1784534,1,2005-10-12
3714,794765,2,2005-10-16
3714,2493014,2,2005-10-19
3714,1480707,4,2005-10-27
3714,133016,3,2005-11-01
3714,2433768,2,2005-11-02
3714,2350196,3,2005-11-03
3714,816435,3,2005-11-04
3714,1516918,3,2005-11-18
3714,2298699,2,2005-12-09
3714,2469480,5,2005-12-27
3714,2540516,1,2005-08-23
3714,2139827,3,2005-08-24
3714,1184795,1,2005-09-04
3714,1860618,3,2005-09-09
3714,473748,3,2005-09-19
3714,2460870,3,2005-10-04
3714,1670383,5,2005-10-15
3714,670954,3,2005-10-22
3714,742879,3,2005-10-29
3714,134743,2,2005-11-25
3714,2068834,3,2005-12-19
3714,1033393,2,2005-09-05
3714,817916,3,2005-08-27
3714,410265,2,2005-09-05
3714,1312412,3,2005-09-19
3714,1152572,3,2005-09-22
3714,2228750,3,2005-09-26
3714,2461455,3,2005-10-03
3714,2382820,4,2005-10-31
3714,1002780,4,2005-11-02
3714,2441342,3,2005-11-09
3714,2529809,4,2005-11-13
3714,2230652,4,2005-11-16
3714,956271,4,2005-12-05
3714,166559,3,2005-12-06
3714,3402,3,2005-12-15
3714,2293096,2,2005-08-21
3714,1872817,4,2005-08-25
3714,1742507,1,2005-08-29
3714,1901849,3,2005-09-08
3714,2398627,3,2005-09-15
3714,2023003,3,2005-09-15
3714,353309,4,2005-09-19
3714,2383384,3,2005-09-19
3714,1705814,4,2005-09-22
3714,2237786,3,2005-09-23
3714,621146,4,2005-09-27
3714,1445145,2,2005-09-27
3714,1075260,3,2005-09-27
3714,1566569,4,2005-09-28
3714,219534,3,2005-10-03
3714,820821,3,2005-10-07
3714,1873015,4,2005-10-16
3714,733346,1,2005-10-17
3714,106933,3,2005-10-25
3714,2274850,2,2005-11-25
3714,1108567,3,2005-11-30
3714,866366,4,2005-08-24
3714,1817346,4,2005-08-29
3714,1834530,3,2005-08-30
3714,611088,1,2005-08-30
3714,2086214,2,2005-09-05
3714,518068,4,2005-09-09
3714,350021,1,2005-09-12
3714,474933,3,2005-09-13
3714,605704,3,2005-09-19
3714,2615722,3,2005-09-20
3714,1493983,2,2005-09-21
3714,2638601,2,2005-09-21
3714,1625122,1,2005-09-22
3714,320226,5,2005-09-28
3714,571460,3,2005-10-14
3714,745261,1,2005-10-19
3714,667098,4,2005-10-24
3714,1594542,2,2005-11-09
3714,1924194,4,2005-12-05
3714,171855,3,2005-08-22
3714,665109,5,2005-09-05
3714,1899708,2,2005-09-06
3714,1984720,3,2005-09-06
3714,1798135,3,2005-09-13
3714,1842139,4,2005-09-19
3714,1617647,3,2005-10-10
3714,1190248,3,2005-10-19
3714,627909,3,2005-10-20
3714,2603398,4,2005-10-30
3714,2198894,2,2005-11-02
3714,1432044,3,2005-11-03
3714,749659,1,2005-11-11
3714,972843,4,2005-11-17
3714,1503023,4,2005-12-07
3714,2358810,4,2005-08-22
3714,1288441,3,2005-08-23
3714,2190625,2,2005-08-24
3714,1288835,1,2005-08-24
3714,698125,2,2005-08-28
3714,1865284,4,2005-08-29
3714,2438132,3,2005-09-08
3714,1398504,2,2005-09-08
3714,390531,4,2005-09-08
3714,2455598,2,2005-09-18
3714,2030458,3,2005-09-27
3714,2276659,2,2005-10-02
3714,1343562,4,2005-10-14
3714,734075,2,2005-10-28
3714,2062480,3,2005-11-08
3714,2317940,4,2005-11-29
3714,1560856,1,2005-12-13
3714,1516350,3,2005-08-19
3714,2546596,4,2005-08-22
3714,2442378,3,2005-08-22
3714,640747,3,2005-08-25
3714,281097,3,2005-08-31
3714,1198655,5,2005-04-12
3714,500502,4,2005-09-07
3714,1514780,3,2005-09-12
3714,1216672,2,2005-09-12
3714,2172295,4,2005-09-18
3714,1229628,2,2005-09-19
3714,1939137,4,2005-09-20
3714,2588416,4,2005-10-11
3714,1510728,2,2005-10-21
3714,2300352,2,2005-10-26
3714,979181,3,2005-10-31
3714,421514,3,2005-11-03
3714,2326980,4,2005-12-27
3714,87681,3,2005-08-19
3714,2029513,1,2005-08-23
3714,841229,3,2005-08-31
3714,426362,2,2005-09-02
3714,298415,3,2005-09-04
3714,1292357,3,2005-09-06
3714,559896,4,2005-09-08
3714,1111852,1,2005-09-13
3714,2576502,2,2005-09-14
3714,658201,3,2005-09-15
3714,2183802,4,2005-09-26
3714,1166323,3,2005-09-26
3714,386718,5,2005-09-29
3714,2171203,3,2005-10-14
3714,2513764,4,2005-10-17
3714,2082580,1,2005-11-09
3714,2385886,1,2005-11-15
3714,2017203,3,2005-11-23
3714,2110394,3,2005-12-03
3714,1539389,3,2005-08-25
3714,1628365,2,2005-08-22
3714,572713,3,2005-09-06
3714,458684,2,2005-09-08
3714,1754570,3,2005-09-08
3714,2118461,3,2005-09-08
3714,820951,3,2005-09-13
3714,67004,4,2005-09-21
3714,491530,2,2005-10-01
3714,2475613,4,2005-10-22
3714,722526,4,2005-11-03
3714,1881690,4,2005-11-05
3714,555316,3,2005-11-28
3714,1415299,3,2005-08-23
3714,523779,3,2005-08-25
3714,509073,5,2005-08-29
3714,921822,2,2005-09-01
3714,1979458,2,2005-09-06
3714,2388056,3,2005-09-07
3714,1251910,3,2005-09-21
3714,347112,1,2005-10-04
3714,723234,3,2005-10-06
3714,2104528,3,2005-11-08
3714,734662,3,2005-11-14
3714,98300,5,2005-11-21
3714,755702,3,2005-12-12
3714,1116909,4,2005-08-19
3714,2351402,4,2005-08-22
3714,597377,2,2005-08-22
3714,2555897,3,2005-08-24
3714,1859303,2,2005-08-26
3714,1172667,3,2005-09-08
3714,1271675,1,2005-09-08
3714,930864,4,2005-09-17
3714,298981,3,2005-10-03
3714,1668891,2,2005-10-10
3714,800588,1,2005-10-12
3714,2320997,2,2005-10-29
3714,2541378,2,2005-11-06
3714,1486187,5,2005-11-07
3714,2520261,2,2005-12-12
3714,1181676,3,2005-08-17
3714,2501829,3,2005-08-22
3714,1421249,3,2005-08-23
3714,1125680,3,2005-08-27
3714,387418,1,2005-02-14
3714,375177,3,2005-09-07
3714,132329,4,2005-09-08
3714,266493,4,2005-09-25
3714,1727531,2,2005-09-25
3714,346796,4,2005-11-01
3714,1064369,3,2005-11-09
3714,2594958,3,2005-11-20
3714,1474403,4,2005-08-23
3714,50526,3,2005-08-27
3714,895920,3,2005-08-31
3714,1140063,3,2005-09-01
3714,2095763,3,2005-09-02
3714,2132655,3,2005-09-06
3714,782302,3,2005-09-07
3714,2603678,4,2005-09-09
3714,1488261,2,2005-09-16
3714,2172999,4,2005-09-21
3714,1166090,2,2005-10-18
3714,1315516,2,2005-10-23
3714,2205307,4,2005-10-24
3714,2638089,2,2005-10-31
3714,150950,4,2005-11-04
3714,1700751,4,2005-11-04
3714,2336588,4,2005-11-10
3714,2551640,1,2005-11-13
3714,2303393,3,2005-11-14
3714,1029163,2,2005-08-14
3714,2016801,2,2005-08-22
3714,647150,2,2005-08-26
3714,1662106,3,2005-08-27
3714,1711294,3,2005-09-05
3714,1583321,2,2005-09-06
3714,353102,4,2005-09-08
3714,469137,2,2005-09-11
3714,1114324,3,2005-04-21
3714,954605,5,2005-09-12
3714,1775587,2,2005-09-28
3714,430091,2,2005-09-29
3714,1860246,3,2005-10-03
3714,1084822,4,2005-10-07
3714,2614987,3,2005-10-10
3714,1157798,5,2005-10-11
3714,349501,2,2005-10-25
3714,1473750,2,2005-11-29
3714,76061,2,2005-08-22
3714,30314,2,2005-08-23
3714,46429,2,2005-09-02
3714,2349263,2,2005-09-03
3714,2462009,4,2005-09-09
3714,1623281,2,2005-09-23
3714,1681939,3,2005-09-26
3714,1823860,3,2005-09-28
3714,1097461,1,2005-10-05
3714,1338210,5,2005-10-21
3714,2011755,4,2005-10-23
3714,2502208,2,2005-11-03
3714,1974086,4,2005-11-19
3714,389687,3,2005-12-08
3714,967062,4,2005-08-17
3714,280112,3,2005-08-22
3714,1629989,3,2005-08-23
3714,321235,4,2005-08-26
3714,1642491,3,2005-08-30
3714,49505,3,2005-09-01
3714,1447877,2,2005-09-01
3714,1493528,3,2005-09-02
3714,1867416,2,2005-09-03
3714,2045481,2,2005-09-10
3714,1842628,5,2005-09-15
3714,1760487,2,2005-09-24
3714,774730,4,2005-09-27
3714,1359776,4,2005-10-17
3714,2585474,3,2005-10-19
3714,1945029,3,2005-10-26
3714,2073904,3,2005-11-06
3714,1150705,4,2005-11-08
3714,1293746,2,2005-11-13
3714,35898,4,2005-11-14
3714,1474031,2,2005-11-15
3714,1973712,3,2005-11-19
3714,1867671,1,2005-11-28
3714,1051251,1,2005-12-05
3714,1133199,2,2005-08-23
3714,2389235,3,2005-08-24
3714,2090301,3,2005-08-25
3714,571104,2,2005-09-06
3714,981733,3,2005-09-06
3714,1441961,3,2005-09-13
3714,548458,4,2005-09-15
3714,936307,4,2005-09-20
3714,40445,4,2005-10-07
3714,367727,3,2005-10-15
3714,260194,3,2005-10-19
3714,2236984,3,2005-10-24
3714,327440,1,2005-10-25
3714,909917,3,2005-10-29
3714,1078397,3,2005-10-30
3714,409841,3,2005-11-08
3714,1255224,3,2005-08-21
3714,2132683,2,2005-08-21
3714,2190996,4,2005-08-24
3714,1174107,4,2005-08-25
3714,2559719,4,2005-08-27
3714,538775,3,2005-08-30
3714,494519,2,2005-09-06
3714,1072766,1,2005-09-10
3714,2020252,3,2005-09-12
3714,1568370,2,2005-09-26
3714,1927834,3,2005-10-01
3714,2587016,2,2005-10-06
3714,623405,2,2005-10-10
3714,702281,4,2005-10-11
3714,756162,4,2005-10-24
3714,1151120,4,2005-10-24
3714,1031295,3,2005-10-26
3714,190354,3,2005-11-17
3714,2474583,1,2005-11-28
3714,2142348,5,2005-12-05
3714,268333,3,2005-12-06
3714,1351688,3,2005-12-29
3714,1339269,3,2005-08-14
3714,894420,3,2005-08-24
3714,749139,2,2005-08-29
3714,1558608,2,2005-08-31
3714,2127196,2,2005-09-12
3714,2468822,1,2005-09-12
3714,368937,2,2005-09-16
3714,1227636,3,2005-09-17
3714,791868,3,2005-09-19
3714,1400278,1,2005-09-19
3714,1952799,1,2005-09-20
3714,1984813,3,2005-09-21
3714,1996522,2,2005-09-23
3714,1693482,2,2005-10-03
3714,38127,3,2005-10-05
3714,558221,3,2005-10-11
3714,1462520,3,2005-10-28
3714,2093386,5,2005-11-05
3714,2432813,3,2005-12-05
3714,1988443,4,2005-07-29
3714,2383798,3,2005-08-18
3714,2602641,2,2005-08-23
3714,466977,3,2005-08-31
3714,1599671,2,2005-09-07
3714,620714,3,2005-09-12
3714,366959,3,2005-09-12
3714,1141083,3,2005-09-19
3714,1802414,2,2005-09-29
3714,2379890,3,2005-10-14
3714,1557598,5,2005-10-17
3714,2595511,4,2005-10-25
3714,1304554,3,2005-10-27
3714,2572690,3,2005-11-01
3714,1633122,3,2005-11-18
3714,602664,2,2005-11-20
3714,2425226,3,2005-11-22
3714,2284144,4,2005-11-29
3714,394698,3,2005-12-20
3714,1152383,3,2005-09-08
3714,2485596,3,2005-09-13
3714,1681326,3,2005-09-13
3714,1461435,1,2005-09-13
3714,1347136,3,2005-09-18
3714,1281981,4,2005-09-28
3714,1971049,4,2005-09-30
3714,1184737,4,2005-10-04
3714,1259883,5,2005-10-04
3714,1131419,4,2005-10-06
3714,829708,4,2005-11-07
3714,1282507,2,2005-11-07
3714,872845,3,2005-11-14
3714,2192887,3,2005-12-13
3714,202961,4,2005-12-22
3714,1029484,3,2005-08-19
3714,217478,2,2005-08-24
3714,1470485,4,2005-08-28
3714,267163,4,2005-10-26
3714,122579,3,2005-09-12
3714,2017637,2,2005-09-13
3714,2116323,3,2005-09-28
3714,2123694,3,2005-09-28
3714,394646,4,2005-10-12
3714,2496494,3,2005-10-25
3714,21777,1,2005-11-15
3714,2093947,4,2005-12-27
3714,215835,3,2005-08-18
3714,775822,3,2005-08-22
3714,1474918,3,2005-08-22
3714,1995910,3,2005-08-28
3714,659096,3,2005-08-29
3714,981812,4,2005-09-05
3714,210459,2,2005-09-24
3714,1710599,3,2005-10-05
3714,2623472,4,2005-10-18
3714,1889146,4,2005-10-20
3714,937428,2,2005-10-26
3714,1884706,2,2005-11-13
3714,44518,5,2005-11-15
3714,1602155,3,2005-11-19
3714,1849821,4,2005-11-21
3714,2573963,3,2005-12-13
3714,530014,4,2005-08-24
3714,1334401,2,2005-08-25
3714,2145249,3,2005-08-26
3714,745031,3,2005-09-07
3714,2180665,4,2005-09-10
3714,325911,1,2005-09-26
3714,1789669,5,2005-10-07
3714,2443034,2,2005-10-17
3714,1025722,3,2005-11-20
3714,1390290,1,2005-12-22
3714,345527,4,2005-12-23
3714,1754362,3,2005-08-14
3714,2403311,4,2005-08-19
3714,2311749,3,2005-08-21
3714,1082734,3,2005-08-24
3714,2324483,4,2005-08-25
3714,751029,2,2005-08-29
3714,1437072,3,2005-08-31
3714,2588222,2,2005-09-06
3714,2102931,4,2005-09-07
3714,1251575,1,2005-09-26
3714,2436547,3,2005-10-10
3714,185816,3,2005-10-16
3714,2458734,3,2005-10-17
3714,1225912,2,2005-10-19
3714,391503,1,2005-10-22
3714,498428,3,2005-10-25
3714,1430705,3,2005-10-27
3714,35212,3,2005-11-01
3714,1426317,3,2005-12-11
3714,1279360,1,2005-08-20
3714,2463846,2,2005-08-22
3714,262622,3,2005-08-25
3714,206138,1,2005-08-29
3714,1331145,3,2005-08-31
3714,178576,3,2005-09-16
3714,2422704,3,2005-10-01
3714,1967112,3,2005-10-07
3714,992031,2,2005-10-09
3714,393164,4,2005-10-12
3714,1655232,1,2005-10-16
3714,2206151,2,2005-10-26
3714,1307648,2,2005-11-01
3714,1681590,2,2005-11-13
3714,1605430,1,2005-11-22
3714,2380187,2,2005-11-30
3714,2087606,3,2005-12-31
3714,1035139,3,2005-08-24
3714,872591,3,2005-08-31
3714,1605131,3,2005-09-03
3714,57633,2,2005-09-04
3714,1823065,5,2005-09-04
3714,2106180,3,2005-03-23
3714,2076269,3,2005-09-07
3714,1010742,3,2005-09-12
3714,2354764,3,2005-09-14
3714,215137,4,2005-09-19
3714,2638267,3,2005-09-20
3714,1386378,5,2005-09-23
3714,949671,3,2005-10-13
3714,371850,2,2005-10-17
3714,165402,5,2005-10-17
3714,770306,3,2005-10-22
3714,2235620,4,2005-10-28
3714,684582,4,2005-10-31
3714,239178,2,2005-11-04
3714,1355568,4,2005-11-16
3714,70125,3,2005-11-22
3714,431241,4,2005-11-23
3714,1592822,1,2005-11-27
3714,1380818,2,2005-12-01
3714,345035,2,2005-08-22
3714,256676,3,2005-09-01
3714,687446,2,2005-09-04
3714,2453486,4,2005-09-06
3714,761478,3,2005-09-09
3714,490031,3,2005-09-11
3714,1836014,4,2005-09-22
3714,293130,3,2005-09-26
3714,269850,4,2005-09-27
3714,790471,4,2005-09-29
3714,705275,1,2005-10-02
3714,2316252,3,2005-10-11
3714,488140,4,2005-10-12
3714,1468944,4,2005-10-14
3714,2117875,2,2005-10-18
3714,990471,3,2005-10-22
3714,1947555,5,2005-10-27
3714,164647,3,2005-11-03
3714,290385,2,2005-11-18
3714,361576,3,2005-10-04
3714,1024757,3,2005-08-25
3714,1921815,3,2005-08-30
3714,2175794,1,2005-08-30
3714,811530,4,2005-09-01
3714,1412075,4,2005-05-06
3714,1679462,4,2005-09-19
3714,119424,2,2005-11-01
3714,1690214,5,2005-11-10
3714,918295,2,2005-11-29
3714,1600410,3,2005-12-11
3714,63723,3,2005-12-14
3714,2366597,3,2005-12-15
3714,515313,3,2005-08-26
3714,2574728,2,2005-08-29
3714,274720,3,2005-08-31
3714,2017813,4,2005-09-06
3714,1362107,3,2005-09-29
3714,975692,2,2005-10-17
3714,1985710,4,2005-10-18
3714,2185944,2,2005-10-30
3714,2622962,3,2005-10-31
3714,1007841,1,2005-11-10
3714,5671,5,2005-11-29
3714,1176233,4,2005-12-06
3714,855103,2,2005-08-24
3714,2163156,4,2005-08-28
3714,1550177,2,2005-09-04
3714,715966,5,2005-09-14
3714,263213,2,2005-09-15
3714,1698362,2,2005-09-29
3714,2489242,2,2005-10-18
3714,623238,2,2005-11-11
3714,2091384,5,2005-11-18
3714,1339292,3,2005-12-07
3714,2597934,3,2005-08-15
3714,854458,3,2005-08-24
3714,1312553,1,2005-08-29
3714,2287624,3,2005-09-04
3714,4706,4,2005-09-09
3714,2280993,4,2005-09-14
3714,833049,2,2005-09-21
3714,1892354,3,2005-09-22
3714,1293598,3,2005-09-29
3714,423986,4,2005-10-11
3714,1869472,3,2005-10-12
3714,2344929,3,2005-10-17
3714,2469431,3,2005-10-17
3714,302849,3,2005-10-18
3714,1576378,5,2005-10-18
3714,354856,3,2005-11-05
3714,2281657,1,2005-11-21
3714,2629166,3,2005-11-22
3714,1697186,2,2005-11-27
3714,1987656,3,2005-12-05
3714,1495054,2,2005-08-22
3714,1413286,4,2005-08-29
3714,2585665,2,2005-09-05
3714,478431,4,2005-09-08
3714,1252576,2,2005-10-04
3714,1707198,3,2005-10-12
3714,2537234,1,2005-12-19
3714,880562,4,2005-08-22
3714,501667,2,2005-08-28
3714,926619,2,2005-09-08
3714,1326195,3,2005-09-13
3714,311067,3,2005-09-14
3714,1850607,2,2005-09-22
3714,1721447,4,2005-09-27
3714,41308,2,2005-10-29
3714,1439801,2,2005-11-26
3714,1657798,2,2005-11-26
3714,227963,2,2005-12-07
3714,316155,3,2005-08-22
3714,36275,3,2005-09-01
3714,2148160,4,2005-09-03
3714,1835998,4,2005-09-08
3714,564733,1,2005-09-16
3714,775020,5,2005-09-24
3714,1247177,3,2005-09-24
3714,1960699,2,2005-10-08
3714,2100697,4,2005-10-13
3714,1257454,2,2005-10-21
3714,413090,1,2005-10-22
3714,943499,4,2005-08-22
3714,1472772,5,2005-09-07
3714,2320697,1,2005-09-12
3714,2639426,5,2005-09-21
3714,2636791,4,2005-09-23
3714,346790,2,2005-09-25
3714,757333,3,2005-09-29
3714,495271,4,2005-10-03
3714,2534508,3,2005-10-04
3714,391521,3,2005-10-10
3714,686706,4,2005-10-28
3714,247120,3,2005-11-10
3714,2179800,3,2005-11-18
3714,948124,1,2005-12-01
3714,835749,4,2005-08-25
3714,1881045,2,2005-09-06
3714,2419137,2,2005-09-14
3714,675887,2,2005-09-15
3714,1929004,2,2005-09-21
3714,345238,3,2005-09-26
3714,943026,4,2005-10-04
3714,1717414,3,2005-10-10
3714,1533106,3,2005-10-20
3714,1279882,5,2005-11-07
3714,908921,3,2005-11-08
3714,1854352,4,2005-11-15
3714,824691,2,2005-11-21
3714,1384386,4,2005-11-29
3714,749178,4,2005-08-26
3714,1360936,2,2005-09-08
3714,147849,3,2005-09-13
3714,285349,3,2005-09-21
3714,446682,3,2005-09-27
3714,1749986,2,2005-10-07
3714,1456958,2,2005-10-20
3714,229362,3,2005-10-21
3714,664475,5,2005-10-21
3714,2073509,2,2005-10-31
3714,366351,3,2005-11-15
3714,106239,4,2005-12-06
3714,1406808,4,2005-12-10
3714,1049702,3,2005-08-25
3714,699670,3,2005-08-26
3714,1033224,2,2005-08-27
3714,1190335,2,2005-08-29
3714,21823,3,2005-08-30
3714,1011695,3,2005-08-30
3714,828095,2,2005-09-04
3714,2533753,1,2005-09-04
3714,317908,4,2005-10-26
3714,185372,1,2005-09-20
3714,1422505,2,2005-09-26
3714,54973,4,2005-09-27
3714,2480842,3,2005-09-30
3714,824628,4,2005-10-10
3714,285173,3,2005-10-13
3714,395298,3,2005-11-11
3714,1602391,4,2005-12-13
3714,1639345,3,2005-12-21
3714,1602319,4,2005-12-27
3714,2579358,3,2005-08-23
3714,798142,3,2005-08-24
3714,1049071,3,2005-08-27
3714,867624,2,2005-08-28
3714,1875322,3,2005-09-02
3714,816668,2,2005-09-06
3714,1257571,5,2005-09-08
3714,1298823,3,2005-09-19
3714,595160,4,2005-09-23
3714,1412042,2,2005-09-30
3714,1064648,3,2005-10-04
3714,2053456,2,2005-10-18
3714,881790,3,2005-10-19
3714,568194,3,2005-10-31
3714,846971,4,2005-11-02
3714,87558,4,2005-11-15
3714,1532504,3,2005-08-22
3714,1990167,2,2005-08-22
3714,464774,2,2005-08-22
3714,1141065,5,2005-05-06
3714,2212791,3,2005-09-13
3714,756304,3,2005-09-15
3714,67312,2,2005-09-16
3714,1720484,3,2005-09-16
3714,851994,3,2005-09-17
3714,161284,4,2005-09-19
3714,632961,3,2005-09-22
3714,2366001,2,2005-09-23
3714,760237,3,2005-09-29
3714,1001489,4,2005-09-30
3714,549129,3,2005-10-03
3714,385743,3,2005-10-16
3714,190734,3,2005-10-18
3714,2586498,3,2005-10-20
3714,2480412,2,2005-10-26
3714,1213178,4,2005-10-28
3714,2205759,3,2005-11-04
3714,560116,1,2005-11-04
3714,1771346,2,2005-11-10
3714,2145533,3,2005-11-12
3714,1274035,2,2005-12-12
3714,1669420,2,2005-08-18
3714,900899,4,2005-08-23
3714,539054,3,2005-09-07
3714,292741,5,2005-09-11
3714,1310542,1,2005-09-19
3714,1646183,3,2005-09-24
3714,264805,2,2005-09-28
3714,2561053,4,2005-10-02
3714,1790158,3,2005-10-03
3714,877630,4,2005-10-04
3714,632306,4,2005-10-12
3714,2403642,1,2005-10-15
3714,498387,4,2005-10-27
3714,995782,2,2005-10-30
3714,1335806,2,2005-11-25
3714,814152,2,2005-08-29
3714,2180413,3,2005-09-09
3714,304003,2,2005-09-09
3714,2573509,3,2005-09-17
3714,133222,3,2005-09-21
3714,144265,3,2005-09-23
3714,1272199,5,2005-09-24
3714,2374464,3,2005-10-01
3714,523851,4,2005-10-03
3714,442222,3,2005-10-06
3714,781368,4,2005-10-12
3714,2108611,3,2005-10-18
3714,1595222,3,2005-10-31
3714,1470384,3,2005-11-23
3714,1055714,4,2005-12-09
