14986,2193455,4,2005-03-23
14986,1657077,4,2003-04-15
14986,2315741,3,2005-08-22
14986,118346,4,2004-03-03
14986,1808930,2,2005-07-26
14986,1684165,2,2004-11-03
14986,1757969,2,2003-05-16
14986,588399,1,2003-06-28
14986,155342,1,2003-01-21
14986,1758357,3,2005-09-02
14986,334004,2,2003-10-29
14986,44975,1,2004-03-04
14986,2084891,1,2003-11-11
14986,1282193,2,2004-03-09
14986,8299,3,2003-11-10
14986,162925,2,2003-05-13
14986,1498815,1,2004-12-25
14986,2439493,1,2003-01-23
14986,2289850,2,2004-04-03
14986,2461072,1,2005-02-09
14986,2456777,4,2005-11-07
14986,2558240,3,2003-12-28
14986,2542777,1,2003-12-31
14986,261151,3,2003-08-18
14986,1690571,2,2003-10-27
14986,1075141,3,2005-05-15
14986,107787,4,2003-05-07
14986,1013603,3,2004-08-10
14986,507603,1,2005-03-23
14986,2260832,1,2004-03-12
14986,2461028,1,2003-09-11
14986,509366,3,2003-10-02
14986,1727273,3,2004-04-14
14986,431996,3,2005-03-02
14986,1835142,1,2005-07-26
14986,2521037,3,2003-05-18
14986,1664010,3,2005-10-12
14986,1855206,2,2003-03-07
14986,945674,4,2003-06-22
14986,2080501,2,2003-12-29
14986,421914,3,2004-06-16
14986,1540044,4,2003-05-31
14986,1219733,3,2003-08-12
14986,1026933,3,2003-10-28
14986,1043937,4,2003-05-14
14986,571803,3,2003-11-10
14986,1731259,3,2005-05-13
14986,440236,3,2003-11-23
14986,995622,3,2004-11-22
14986,945460,2,2003-04-21
14986,1800459,3,2004-03-23
14986,2483525,4,2004-11-16
14986,2089599,1,2004-01-19
14986,670416,2,2003-02-26
14986,1464693,4,2005-05-29
14986,156430,2,2005-09-17
14986,2432717,3,2004-07-02
14986,789014,1,2003-02-11
14986,1564547,2,2004-05-02
14986,1213041,3,2003-08-10
14986,783476,4,2003-05-09
14986,2141630,2,2004-02-24
14986,305344,2,2003-03-22
14986,443968,1,2005-10-07
14986,305841,2,2003-08-31
14986,1769018,3,2003-04-28
14986,827240,3,2004-12-24
14986,722341,1,2004-07-19
14986,2373324,3,2004-04-10
14986,1989110,2,2004-05-10
14986,1029937,2,2003-05-10
14986,1073198,4,2003-08-19
14986,1368041,2,2003-05-13
14986,118528,1,2003-12-05
14986,943430,4,2005-08-10
14986,592277,1,2003-10-02
14986,1722054,5,2003-08-26
14986,1868732,3,2003-04-03
14986,1239283,2,2004-08-22
14986,1128272,1,2003-06-23
14986,902331,3,2004-05-20
14986,2118461,3,2005-12-18
14986,17421,1,2004-04-23
14986,387418,2,2003-09-07
14986,754161,3,2005-06-21
14986,1620784,3,2003-12-12
14986,1114324,4,2005-03-28
14986,664294,2,2005-06-20
14986,1932594,3,2004-07-09
14986,584126,2,2004-12-16
14986,1148740,2,2003-10-18
14986,2438449,3,2005-11-03
14986,1461435,1,2005-11-09
14986,1950312,3,2003-11-13
14986,1958844,3,2004-09-22
14986,122118,4,2004-08-12
14986,734347,1,2004-06-03
14986,636126,3,2003-08-12
14986,88012,4,2004-09-09
14986,1876852,1,2003-11-01
14986,1272225,2,2004-03-30
14986,59005,1,2004-08-26
14986,1852040,3,2004-10-18
14986,1276983,2,2004-01-16
14986,114130,1,2005-11-27
14986,2600294,2,2004-03-02
14986,1259930,1,2005-08-01
14986,1533313,3,2005-04-17
14986,1274035,3,2005-05-16
14986,2081131,4,2005-09-27
14986,2373946,4,2003-07-25
14986,2641459,3,2004-03-15
