5370,1330610,5,2004-07-27
5370,698624,4,2003-08-21
5370,543865,3,2004-08-04
5370,2159955,4,2005-10-26
5370,2402709,3,2002-06-05
5370,1371028,3,2003-07-22
5370,1623353,1,2000-02-12
5370,1464933,4,2002-12-30
5370,786312,3,2005-01-30
5370,296085,4,2001-07-22
5370,1828216,1,2003-12-14
5370,1846583,1,2004-01-08
5370,170797,4,2004-07-06
5370,2434666,2,2004-06-21
5370,155342,1,2003-03-30
5370,469461,1,2003-02-15
5370,2178153,4,2005-08-25
5370,1854875,3,2003-09-07
5370,49585,1,2003-03-03
5370,655531,5,2004-05-31
5370,478176,3,2004-10-14
5370,1509980,5,2005-12-20
5370,2358651,3,2003-07-21
5370,2439493,1,2003-03-31
5370,1041207,5,2003-04-08
5370,821425,2,2002-08-06
5370,2274977,3,2003-01-07
5370,772817,5,2004-08-06
5370,1430992,5,2003-09-15
5370,202678,1,2003-02-24
5370,45752,4,2003-04-21
5370,627923,5,2003-09-24
5370,75549,3,2004-10-26
5370,815731,4,2004-12-01
5370,1374216,1,2005-10-05
5370,675091,4,2001-02-01
5370,1604448,4,2003-10-20
5370,305357,3,2002-11-11
5370,1028645,4,2004-01-05
5370,2021399,5,2005-11-23
5370,1022194,3,2004-07-31
5370,1664010,3,2005-10-17
5370,1497087,3,2005-04-27
5370,461931,2,2003-05-14
5370,745565,3,2004-05-12
5370,578699,5,2001-03-29
5370,2509048,1,2004-03-14
5370,2513691,5,2005-05-17
5370,862040,2,2002-07-10
5370,2571894,1,2003-09-23
5370,71594,2,2002-01-24
5370,2626336,1,2004-01-20
5370,1749674,3,2005-08-05
5370,1106280,4,2004-01-14
5370,916101,2,2005-02-03
5370,2379282,2,2003-01-13
5370,2291306,1,2004-03-16
5370,722591,5,2004-10-16
5370,2042475,4,2004-02-28
5370,2476885,4,2005-10-14
5370,2269029,3,2005-04-14
5370,491531,1,2002-07-14
5370,344940,5,2004-04-19
5370,1385978,5,2004-11-18
5370,2607120,3,2000-11-28
5370,1231504,5,2004-12-06
5370,2256485,1,2004-08-16
5370,933082,1,2002-06-28
5370,789014,1,2003-01-06
5370,798296,1,2002-10-19
5370,1107582,3,2005-02-11
5370,1956875,5,2005-02-21
5370,305344,3,2003-05-08
5370,2330415,3,2004-06-30
5370,1301608,5,2002-06-07
5370,2400308,4,2002-07-06
5370,2294600,4,2004-07-26
5370,1182475,4,2004-03-11
5370,1202664,5,2005-07-13
5370,1503534,5,2005-05-14
5370,1059194,3,2004-12-14
5370,1675902,3,2004-04-03
5370,1422518,2,2003-01-04
5370,1342903,3,2004-01-10
5370,383092,2,2004-06-22
5370,2555451,5,2003-09-16
5370,887853,3,2004-01-30
5370,1167815,3,2004-04-09
5370,1894628,5,2003-11-29
5370,2195372,5,2004-03-24
5370,214724,5,2004-09-21
5370,2550962,3,2005-12-16
5370,1963479,5,2004-09-13
5370,1153183,3,2004-06-14
5370,83256,3,2005-09-13
5370,199248,1,2003-01-21
5370,2220732,1,2004-01-03
5370,1728944,2,2004-02-20
5370,1829777,3,2003-11-20
5370,1564585,3,2004-04-12
5370,477482,5,2003-02-14
5370,2463441,5,2004-06-27
5370,387418,2,2003-08-15
5370,721443,4,2004-03-12
5370,615283,5,2005-03-23
5370,1863021,3,2005-03-18
5370,1403341,4,2005-09-30
5370,826689,4,2004-04-16
5370,1461435,1,2002-02-07
5370,2593347,1,2000-02-13
5370,359115,3,2002-06-03
5370,969982,3,2004-01-29
5370,1639792,1,2002-05-11
5370,2011870,5,2005-12-22
5370,1703997,5,2005-05-18
5370,1553929,1,2003-02-24
5370,92399,3,2004-02-09
5370,2172967,4,2002-08-22
5370,152784,4,2004-07-28
5370,317138,3,2004-12-02
5370,268334,3,2004-02-09
5370,1563698,3,2005-09-20
5370,306794,5,2005-03-28
