10021,247794,3,2003-05-12
10021,1086736,2,2002-06-12
10021,1685449,1,2005-05-13
10021,2626619,1,2004-05-08
10021,2124045,4,2005-09-07
10021,2609784,2,2003-05-12
10021,1243155,3,2003-03-13
10021,2226250,1,2003-09-27
10021,2169283,1,2003-06-18
10021,2366406,1,2005-10-09
10021,1690682,4,2003-03-16
10021,1767456,1,2003-03-10
10021,61597,2,2003-04-09
10021,1341638,1,2003-02-14
10021,155342,1,2003-06-07
10021,1722664,1,2003-07-11
10021,2495762,1,2003-08-25
10021,1855420,5,2004-09-22
10021,2266166,1,2002-06-30
10021,868390,2,2003-06-08
10021,586835,2,2003-08-11
10021,223697,2,2003-07-15
10021,326273,2,2004-01-23
10021,871910,1,2003-09-02
10021,389318,2,2005-03-24
10021,472772,5,2005-06-09
10021,2513521,1,2002-08-22
10021,2622638,2,2002-08-24
10021,629383,1,2004-03-16
10021,1894937,1,2002-06-26
10021,1030128,1,2003-02-12
10021,1134050,3,2003-09-05
10021,2229089,3,2003-12-17
10021,2476215,2,2003-03-11
10021,184631,1,2003-07-01
10021,1841190,1,2003-05-24
10021,2439493,1,2003-01-15
10021,2392422,2,2004-09-15
10021,1729469,2,2002-06-17
10021,2280604,1,2003-10-27
10021,2630158,5,2005-02-20
10021,1250811,1,2003-03-20
10021,861676,2,2004-09-03
10021,1643961,2,2004-03-11
10021,387874,3,2005-10-03
10021,2216105,1,2002-06-28
10021,2418050,3,2004-08-19
10021,895255,1,2004-11-30
10021,1033592,2,2005-02-24
10021,394817,2,2004-01-26
10021,2338311,2,2005-09-27
10021,75384,4,2003-03-26
10021,1110156,3,2003-11-28
10021,535761,3,2003-12-21
10021,754397,1,2003-09-27
10021,249998,2,2005-09-12
10021,1818981,1,2002-08-15
10021,1083037,3,2003-03-11
10021,1147641,1,2002-05-03
10021,740562,2,2002-05-03
10021,1876520,1,2002-05-03
10021,595778,2,2003-09-14
10021,2398923,5,2003-11-25
10021,2474276,1,2004-12-07
10021,1097742,1,2002-11-23
10021,583960,2,2004-08-06
10021,2278587,2,2003-12-19
10021,2413828,2,2002-06-25
10021,2106681,2,2002-11-04
10021,1197269,4,2004-05-09
10021,1549150,4,2003-07-29
10021,2573241,3,2005-09-12
10021,2494947,1,2002-10-16
10021,1863467,1,2004-03-03
10021,837961,1,2003-10-23
10021,1936497,1,2003-03-03
10021,2177572,1,2005-02-20
10021,705296,5,2002-11-05
10021,1664010,2,2005-10-13
10021,486822,3,2004-08-10
10021,2327743,2,2004-01-16
10021,88565,1,2002-10-08
10021,2020781,2,2004-06-23
10021,2070504,2,2002-06-28
10021,1457716,2,2003-09-23
10021,765020,2,2003-09-04
10021,2031681,4,2004-10-17
10021,2358990,1,2003-03-18
10021,222767,3,2004-05-28
10021,1621646,2,2003-12-30
10021,2048895,2,2004-12-12
10021,546637,2,2003-10-11
10021,1439805,2,2004-08-28
10021,688459,2,2004-05-19
10021,369379,1,2004-11-28
10021,1871161,1,2005-01-09
10021,2016667,1,2002-12-25
10021,189387,3,2004-01-20
10021,1940669,1,2003-08-04
10021,1948423,1,2003-10-11
10021,828349,1,2005-10-27
10021,1400327,1,2003-02-13
10021,540343,2,2003-08-05
10021,2170665,3,2004-05-05
10021,790607,2,2005-03-18
10021,1492839,1,2003-06-18
10021,767947,2,2003-01-06
10021,2485957,3,2004-02-23
10021,2517364,1,2003-08-05
10021,1477600,3,2002-07-02
10021,1907689,2,2003-03-03
10021,2145940,1,2003-03-13
10021,1600033,2,2003-01-06
10021,2356911,3,2002-09-25
10021,2048038,4,2004-07-13
10021,491531,1,2002-08-04
10021,1302625,1,2003-02-24
10021,2287406,1,2003-09-05
10021,568720,1,2003-07-12
10021,1941657,3,2003-05-16
10021,789014,3,2002-03-06
10021,798296,1,2002-10-07
10021,1759840,2,2002-12-27
10021,449265,2,2003-04-07
10021,1273138,4,2005-01-10
10021,2184504,5,2002-08-06
10021,1266434,1,2003-03-05
10021,1205724,1,2002-04-26
10021,508927,3,2003-06-07
10021,1314769,1,2003-06-22
10021,1397857,1,2004-11-06
10021,457472,1,2004-04-01
10021,1258916,1,2002-05-22
10021,305344,1,2003-07-27
10021,923103,1,2002-06-05
10021,1529798,2,2003-04-24
10021,1344830,3,2003-08-01
10021,2501177,2,2004-06-21
10021,1538355,2,2004-01-16
10021,262931,1,2004-02-04
10021,1442032,1,2002-12-05
10021,657805,2,2003-07-26
10021,247273,1,2004-05-29
10021,1094102,2,2003-05-30
10021,1586276,3,2004-02-18
10021,1734572,2,2004-01-30
10021,1200140,2,2004-07-01
10021,753480,3,2004-08-25
10021,2363538,1,2003-10-02
10021,1588607,2,2003-04-08
10021,827097,3,2003-12-11
10021,1321870,3,2002-05-18
10021,1407758,3,2004-04-13
10021,2597326,1,2003-12-13
10021,230398,2,2003-09-02
10021,2500332,1,2004-03-23
10021,633839,2,2004-12-06
10021,2512779,2,2003-08-15
10021,1699855,2,2003-03-31
10021,2361211,1,2004-03-09
10021,1806515,2,2005-09-13
10021,2563731,2,2004-06-27
10021,443428,2,2002-09-09
10021,821315,5,2004-03-16
10021,387418,2,2003-09-09
10021,1702055,2,2004-06-16
10021,1620784,1,2002-11-26
10021,2269531,3,2004-12-22
10021,2296193,1,2005-04-22
10021,1029163,1,2002-06-17
10021,453175,4,2004-04-30
10021,1114324,4,2004-12-11
10021,1168926,3,2003-05-08
10021,1461435,1,2002-03-06
10021,135594,2,2002-08-12
10021,282567,2,2002-07-13
10021,2105068,1,2003-02-12
10021,1730369,2,2002-05-21
10021,1707778,2,2002-10-18
10021,1639792,1,2002-04-10
10021,1515355,3,2004-11-26
10021,2119818,1,2004-12-27
10021,2012678,2,2004-06-19
10021,2092323,2,2005-03-17
10021,303846,4,2003-10-03
10021,310009,4,2003-04-03
10021,655858,1,2003-02-28
10021,1782799,5,2005-11-23
10021,1333453,1,2004-01-06
10021,1177043,2,2003-12-12
10021,197483,3,2003-08-28
10021,2295836,4,2004-03-21
10021,1979465,2,2005-01-02
10021,156573,1,2003-02-12
10021,291911,1,2004-04-01
10021,697970,1,2002-09-26
