13532,1990901,4,2003-07-10
13532,1907667,4,2004-03-31
13532,1331887,3,2002-05-25
13532,577397,2,2004-01-14
13532,844736,5,2002-10-08
13532,705162,4,2003-09-09
13532,1663216,2,2002-06-14
13532,1493245,1,2005-08-23
13532,542786,2,2003-10-10
13532,829326,5,2003-12-23
13532,616720,3,2003-08-05
13532,779760,3,2005-09-13
13532,401511,5,2005-09-04
13532,39956,5,2004-01-07
13532,839792,3,2003-12-04
13532,2007993,3,2004-04-25
13532,1441691,2,2004-05-04
13532,1242432,5,2004-04-27
13532,1109700,4,2005-01-08
13532,247794,2,2003-10-07
13532,1217256,3,2002-10-01
13532,1550976,4,2003-12-05
13532,2020408,3,2004-04-13
13532,2492187,3,2004-05-09
13532,428170,3,2004-11-01
13532,989704,1,2005-02-08
13532,862882,3,2005-02-25
13532,326587,3,2005-05-09
13532,603277,2,2002-01-20
13532,1998117,4,2002-12-08
13532,1859725,3,2003-09-30
13532,76196,5,2002-01-29
13532,1435515,1,2003-05-07
13532,1750977,3,2005-07-27
13532,908205,3,2003-09-12
13532,1512547,4,2003-10-01
13532,2503887,5,2004-07-20
13532,2343417,5,2004-12-21
13532,89490,3,2005-02-04
13532,2482518,3,2005-03-07
13532,1065039,4,2005-09-15
13532,2259898,3,2004-04-02
13532,2239227,2,2003-08-25
13532,1177203,2,2003-10-28
13532,2260788,1,2003-01-03
13532,2064672,4,2004-01-28
13532,2469324,3,2004-03-17
13532,1903877,5,2003-01-03
13532,1213587,5,2003-09-30
13532,1921624,3,2004-01-02
13532,1637765,4,2004-05-06
13532,1951144,3,2004-04-02
13532,2212890,2,2004-06-18
13532,2162424,4,2004-08-14
13532,397077,3,2004-09-20
13532,2500070,3,2003-09-26
13532,172474,4,2002-04-17
13532,1977959,3,2002-01-29
13532,2004175,3,2002-02-14
13532,2439795,4,2002-12-22
13532,2285713,5,2005-08-02
13532,2360126,4,2005-08-03
13532,1993729,3,2003-11-25
13532,389078,1,2005-08-10
13532,1805240,4,2004-04-06
13532,2027763,3,2005-09-03
13532,47411,3,2004-01-15
13532,2287402,2,2003-09-09
13532,2048785,3,2004-04-19
13532,1472621,5,2004-05-11
13532,512899,3,2004-04-05
13532,958382,4,2004-06-26
13532,1910767,5,2004-07-01
13532,1832225,4,2005-02-07
13532,1757190,4,2005-12-16
13532,2445916,3,2005-07-09
13532,675390,5,2002-06-10
13532,2251004,3,2004-01-27
13532,2509293,4,2003-12-29
13532,322178,1,2005-01-28
13532,612817,3,2002-06-17
13532,544673,3,2003-10-28
13532,694422,5,2005-07-29
13532,1228566,3,2003-01-22
13532,2235390,2,2003-12-15
13532,2458159,4,2003-08-23
13532,104851,3,2004-08-31
13532,847545,4,2003-10-08
13532,649864,3,2004-02-16
13532,2541025,1,2004-05-24
13532,1897382,3,2004-05-17
13532,1003342,4,2004-03-30
13532,1446040,5,2004-05-26
13532,883576,5,2004-12-22
13532,1117032,3,2003-11-23
13532,576586,4,2004-01-20
13532,1488926,3,2004-05-18
13532,2156736,3,2004-01-10
13532,2030523,4,2005-05-17
13532,558634,3,2005-05-25
13532,1492122,3,2003-09-24
13532,1058639,3,2003-11-28
13532,874253,4,2002-10-01
13532,639194,1,2003-07-16
13532,29113,1,2004-03-31
13532,765066,3,2004-04-20
13532,2372445,5,2005-05-14
13532,751998,5,2005-07-18
13532,1673185,3,2003-07-16
13532,2602249,3,2004-06-03
13532,1651276,3,2003-11-18
13532,993568,3,2003-09-24
13532,697010,3,2004-04-06
13532,1990523,2,2004-01-17
13532,385593,3,2005-05-20
13532,2270454,5,2005-10-16
13532,538214,3,2005-10-16
13532,2604824,5,2003-12-11
13532,565700,4,2003-09-05
13532,1632290,3,2004-05-02
13532,1099518,3,2004-03-16
13532,1544153,2,2004-04-27
13532,113996,5,2004-09-08
13532,929308,4,2004-12-20
13532,357883,5,2004-06-22
13532,2468881,3,2004-01-05
13532,1295097,3,2005-09-01
13532,2142313,3,2003-09-11
13532,2420959,4,2004-08-05
13532,1314463,3,2004-09-28
13532,1212397,3,2005-01-05
13532,216591,3,2005-01-25
13532,592951,2,2005-02-28
13532,960023,3,2004-04-22
13532,816549,3,2002-08-16
13532,1558485,3,2002-10-04
13532,2395070,4,2004-01-15
13532,510590,4,2003-11-24
13532,587812,3,2003-12-23
13532,1849905,4,2005-11-04
13532,66109,1,2002-04-20
13532,257118,2,2003-12-11
13532,2102030,4,2003-05-06
13532,1226073,3,2004-07-20
13532,704061,5,2004-01-31
13532,1653438,2,2003-09-09
13532,1857952,3,2004-03-08
13532,1559165,3,2004-07-02
13532,1933327,4,2004-07-03
13532,484675,1,2003-05-11
13532,396400,3,2003-08-17
13532,139212,1,2003-11-23
13532,2478113,4,2004-03-30
13532,1782465,1,2004-12-06
13532,311641,1,2005-02-06
13532,525356,3,2005-03-10
13532,636757,3,2005-11-14
13532,1663295,4,2002-08-09
13532,459185,3,2003-04-02
13532,1398025,3,2004-01-06
13532,2327422,3,2003-06-02
13532,447339,4,2003-09-27
13532,2525867,5,2004-01-10
13532,1637761,2,2005-04-12
13532,2369671,5,2003-05-28
13532,1741099,4,2005-07-25
13532,2315129,4,2003-08-31
13532,1960330,5,2004-06-24
13532,2434675,5,2004-05-12
13532,1416836,2,2005-01-05
13532,2086693,4,2003-08-18
13532,979820,2,2003-08-23
13532,489352,2,2004-07-11
13532,2462683,2,2004-10-31
13532,714303,1,2005-01-19
13532,253037,3,2005-09-16
13532,319258,1,2005-10-05
13532,2085613,2,2002-06-19
13532,1138359,3,2002-02-02
13532,1611560,3,2003-09-16
13532,1279269,3,2003-04-22
13532,250162,5,2004-05-14
13532,467533,3,2004-06-03
13532,2516786,4,2004-11-02
13532,1681299,3,2004-12-27
13532,660937,3,2004-01-05
13532,53243,4,2003-09-19
13532,921658,3,2003-09-10
13532,394897,1,2003-11-16
13532,100574,2,2004-01-10
13532,1456621,4,2002-10-03
13532,2427265,5,2004-04-11
13532,583554,4,2005-07-26
13532,758932,3,2003-02-27
13532,2014569,4,2003-09-01
13532,2296095,3,2004-01-02
13532,493082,3,2004-07-09
13532,827588,3,2003-08-20
13532,830578,1,2004-01-08
13532,596685,5,2004-08-03
13532,1810074,3,2004-09-13
13532,26468,2,2005-01-03
13532,736664,4,2005-11-10
13532,512633,5,2005-12-17
13532,261663,4,2002-08-10
13532,2604976,5,2002-03-01
13532,2395343,5,2004-05-06
13532,1006295,5,2005-08-01
13532,2614656,3,2005-08-24
13532,706198,4,2004-12-12
13532,631747,3,2004-05-11
13532,58741,2,2004-01-12
13532,2569044,5,2004-04-02
13532,604949,2,2004-09-19
13532,963545,5,2004-11-04
13532,136834,2,2005-02-03
13532,2433476,3,2005-06-13
13532,2223740,3,2005-12-08
13532,2239691,5,2005-07-07
13532,1746056,3,2002-09-25
13532,1103969,3,2004-11-26
13532,1333434,3,2003-11-20
13532,1927580,3,2004-08-02
13532,293284,3,2005-09-06
13532,901111,4,2005-12-05
13532,209223,3,2004-08-19
13532,2418707,3,2004-03-09
13532,664105,2,2005-02-19
13532,874829,4,2003-12-04
13532,788660,3,2004-01-13
13532,779144,1,2003-11-23
13532,1568814,1,2004-01-12
13532,2356653,3,2004-05-01
13532,2289197,3,2005-06-10
13532,1700252,4,2005-10-04
13532,437839,1,2003-08-22
13532,495994,4,2002-05-16
13532,1717489,3,2002-03-22
13532,458252,3,2002-04-17
13532,2385055,4,2002-06-26
13532,199769,1,2003-12-30
13532,657556,3,2004-04-17
13532,349572,2,2003-01-11
13532,2547553,1,2005-02-25
13532,2190620,5,2004-07-14
13532,1452540,4,2004-05-03
13532,124810,3,2004-12-12
13532,232257,4,2005-01-20
13532,2046079,3,2005-04-03
13532,1848149,3,2005-04-22
13532,1293758,1,2002-10-23
13532,659592,3,2003-01-07
13532,1306032,5,2003-12-12
13532,1045893,4,2004-05-08
13532,581199,1,2003-09-17
13532,958676,2,2003-11-30
13532,1080197,1,2003-09-07
13532,1309456,5,2003-11-21
13532,727242,1,2004-12-01
13532,1182454,4,2005-05-11
13532,724224,5,2005-06-17
13532,401707,4,2002-02-05
13532,2247627,3,2003-01-03
13532,377817,4,2004-04-03
13532,1201534,2,2002-09-13
13532,2294328,5,2003-12-01
13532,1662714,4,2003-11-18
13532,2068218,2,2005-01-03
13532,764782,3,2005-09-09
13532,1974166,3,2005-10-31
13532,33609,3,2002-05-16
13532,1308015,2,2003-09-08
13532,2109316,4,2004-01-07
13532,854751,1,2004-04-27
13532,2098046,3,2005-01-27
13532,2448553,4,2005-05-17
13532,1217301,4,2005-09-03
13532,955148,2,2002-12-20
13532,1272379,1,2002-03-06
13532,1563429,1,2002-10-11
13532,1788346,1,2003-05-13
13532,317912,4,2003-10-26
13532,1918316,4,2004-01-21
13532,43608,3,2004-08-10
13532,489458,4,2005-07-13
13532,2059620,2,2002-10-22
13532,1728556,3,2003-10-04
13532,519965,3,2004-09-05
13532,486255,1,2004-04-11
13532,2329026,5,2004-04-13
13532,1848945,4,2005-02-10
13532,1103080,5,2005-06-16
13532,2049291,3,2005-11-16
13532,2311049,5,2003-08-19
13532,1988289,2,2003-07-09
13532,501497,3,2004-08-02
13532,1369085,4,2003-08-11
13532,1575462,4,2004-09-14
13532,1662786,3,2004-03-24
13532,415672,4,2004-06-01
13532,1314869,2,2004-04-11
13532,1665415,3,2004-04-14
13532,72611,3,2004-05-09
13532,523130,3,2004-05-15
13532,2592584,4,2004-06-02
13532,895233,2,2004-11-06
13532,1309088,3,2005-02-02
13532,1659398,4,2005-05-16
13532,1386382,5,2005-09-12
13532,2244589,3,2003-11-13
13532,291068,5,2002-04-15
13532,1041295,3,2003-11-18
13532,2578689,3,2003-11-15
13532,1928617,3,2003-07-03
13532,1566134,4,2004-10-05
13532,1232164,3,2005-01-27
13532,1036991,3,2005-03-22
13532,1261715,3,2005-05-01
13532,1187712,1,2005-05-15
13532,711569,2,2005-12-01
13532,793998,5,2002-08-12
13532,1880844,3,2005-07-12
13532,1605580,4,2001-04-12
13532,1087321,1,2004-04-25
13532,665242,2,2003-08-12
13532,1083252,5,2004-01-08
13532,2278188,4,2004-04-04
13532,718006,3,2004-04-06
13532,1498815,3,2004-12-29
13532,504211,4,2002-02-24
13532,2287008,4,2005-08-18
13532,1166912,1,2003-05-11
13532,1401487,3,2004-04-24
13532,2261623,3,2003-12-30
13532,1340417,3,2004-09-21
13532,163650,4,2005-09-29
13532,518439,5,2005-11-07
13532,764317,4,2002-03-26
13532,2285892,3,2003-12-29
13532,2484944,2,2003-08-30
13532,1606342,4,2003-10-11
13532,2494419,5,2003-09-22
13532,1049427,3,2003-08-28
13532,154474,4,2003-12-05
13532,1775947,4,2004-03-31
13532,982829,5,2004-04-06
13532,2593882,1,2004-12-14
13532,997149,4,2005-01-25
13532,853491,3,2005-03-11
13532,1769031,3,2005-05-09
13532,2024858,3,2005-11-15
13532,664203,4,2004-01-12
13532,1903352,3,2004-05-06
13532,2077168,5,2003-08-22
13532,1216954,1,2003-12-01
13532,1193636,4,2004-04-06
13532,2391686,1,2004-11-11
13532,1324071,5,2005-01-31
13532,2630337,3,2005-03-10
13532,1819462,1,2005-04-08
13532,2247785,4,2005-05-16
13532,2608375,4,2003-01-23
13532,2490387,5,2003-05-21
13532,2439493,1,2003-02-18
13532,1236332,2,2004-05-28
13532,520520,3,2004-08-07
13532,2608363,5,2003-08-31
13532,530789,5,2003-11-10
13532,1639776,3,2004-01-13
13532,1307828,4,2003-08-20
13532,1964514,3,2004-05-18
13532,1356923,3,2004-06-20
13532,737370,1,2004-10-15
13532,1897107,3,2005-01-28
13532,100493,3,2005-02-28
13532,640464,3,2005-04-19
13532,443988,4,2005-09-13
13532,1418865,5,2005-09-20
13532,1068821,4,2005-10-29
13532,880283,4,2005-12-21
13532,2219070,3,2002-01-11
13532,387262,4,2002-02-07
13532,2212684,3,2004-06-20
13532,1758848,1,2004-01-03
13532,1603423,2,2003-09-15
13532,1386457,2,2005-08-22
13532,307320,4,2004-04-07
13532,1414851,4,2004-07-18
13532,1424172,3,2004-01-12
13532,165374,4,2004-06-03
13532,2601604,3,2004-12-11
13532,266946,4,2005-09-12
13532,2145987,3,2003-03-29
13532,87872,2,2004-04-08
13532,2159724,2,2003-11-28
13532,1635850,3,2004-01-11
13532,146462,3,2004-04-02
13532,2065686,3,2004-06-08
13532,2161734,4,2004-10-24
13532,1017698,4,2004-10-28
13532,270523,1,2004-11-17
13532,147386,4,2005-06-26
13532,340996,4,2003-10-08
13532,1615548,3,2002-05-20
13532,1910320,1,2003-08-15
13532,2400709,5,2003-08-12
13532,2053984,1,2004-05-27
13532,852400,4,2004-09-15
13532,1437139,4,2004-10-17
13532,1100765,2,2005-05-27
13532,1452127,3,2005-06-03
13532,782308,4,2003-07-16
13532,2404693,2,2004-05-10
13532,396681,4,2004-08-10
13532,850291,3,2003-11-18
13532,304844,1,2003-03-10
13532,2297858,5,2005-08-23
13532,1090765,3,2004-05-15
13532,238740,3,2004-08-29
13532,258894,2,2004-12-07
13532,2030287,3,2005-01-20
13532,955922,3,2005-10-11
13532,174783,4,2003-02-18
13532,713141,5,2005-08-30
13532,1175346,3,2003-08-13
13532,2421386,3,2004-05-10
13532,797136,1,2005-03-14
13532,1430108,3,2005-05-25
13532,1452454,5,2002-05-07
13532,2080674,2,2002-04-29
13532,2439537,3,2003-01-18
13532,392402,2,2003-06-17
13532,927786,3,2002-04-29
13532,578311,5,2005-07-27
13532,2240560,4,2004-03-22
13532,1954597,3,2004-01-05
13532,1579209,5,2004-11-15
13532,1939431,3,2005-09-15
13532,1593029,3,2005-09-20
13532,847616,3,2005-11-04
13532,918562,3,2003-01-14
13532,2335153,3,2003-10-08
13532,1918704,5,2003-01-25
13532,2438293,4,2002-03-23
13532,1243653,3,2003-12-08
13532,1510091,2,2002-04-05
13532,318457,3,2003-12-19
13532,1858050,4,2003-08-26
13532,208531,2,2004-06-11
13532,823385,2,2004-03-05
13532,93355,3,2004-05-09
13532,2062052,3,2003-11-23
13532,2149408,5,2003-12-12
13532,1139937,4,2005-06-21
13532,2388555,4,2005-06-22
13532,2100537,5,2005-10-07
13532,1632784,3,2005-10-28
13532,1044289,4,2005-12-20
13532,2034970,2,2003-08-12
13532,1534723,3,2004-02-27
13532,1847393,2,2002-08-09
13532,2021926,4,2002-02-06
13532,1321284,4,2002-07-07
13532,2410362,3,2004-01-13
13532,1508161,3,2004-04-27
13532,1540380,5,2004-07-01
13532,1176119,4,2003-11-23
13532,900085,3,2004-08-14
13532,485175,3,2004-11-16
13532,2578541,2,2005-01-05
13532,263291,3,2005-01-19
13532,2260739,2,2005-04-02
13532,74320,5,2005-05-27
13532,326804,5,2005-07-08
13532,1470619,3,2005-07-09
13532,1174250,4,2002-10-15
13532,908840,4,2004-01-19
13532,2523426,3,2004-03-08
13532,2061851,2,2004-05-10
13532,530868,4,2004-07-02
13532,1724752,5,2004-06-16
13532,2477751,5,2004-06-08
13532,2154287,2,2005-03-18
13532,2088579,1,2005-06-30
13532,137418,2,2005-09-06
13532,2260833,3,2005-12-17
13532,1607747,3,2004-05-10
13532,352581,4,2003-08-13
13532,2289956,3,2004-06-26
13532,465885,3,2004-05-11
13532,323182,5,2004-01-04
13532,2264426,4,2003-11-21
13532,633570,2,2004-04-08
13532,2040859,1,2004-11-23
13532,753231,3,2004-12-27
13532,399933,4,2005-12-06
13532,322451,4,2005-09-21
13532,1091113,4,2003-12-15
13532,1412169,5,2003-12-21
13532,929298,4,2004-04-15
13532,183435,4,2005-08-27
13532,1132044,4,2004-06-23
13532,946039,4,2004-06-21
13532,684056,4,2004-04-15
13532,1045257,4,2004-05-10
13532,1906808,4,2004-12-08
13532,2604217,1,2005-03-17
13532,1570384,5,2005-07-06
13532,2091736,3,2003-02-13
13532,963705,2,2003-09-02
13532,847536,3,2003-01-21
13532,1571440,2,2005-09-02
13532,2353672,2,2003-12-13
13532,461075,5,2004-07-17
13532,1207821,5,2004-06-06
13532,1797483,4,2004-11-21
13532,1177340,4,2004-12-07
13532,1576356,5,2004-12-13
13532,1663418,3,2003-03-26
13532,567283,4,2005-07-22
13532,2331739,3,2002-08-20
13532,1393732,4,2003-10-17
13532,1017223,3,2003-12-30
13532,1459994,2,2003-09-05
13532,207781,3,2003-12-10
13532,1515943,2,2003-11-22
13532,1808585,5,2004-01-01
13532,1003084,2,2004-05-10
13532,2566842,5,2004-03-08
13532,1448075,5,2004-11-16
13532,1268699,3,2005-01-12
13532,1167144,3,2005-09-11
13532,1231842,4,2005-07-15
13532,1903491,3,2002-04-21
13532,1753346,3,2004-01-06
13532,2203480,3,2002-09-30
13532,1991666,4,2004-01-11
13532,818554,3,2005-08-22
13532,931120,3,2005-08-22
13532,762001,1,2003-09-23
13532,2142928,3,2003-10-28
13532,1449358,2,2003-10-28
13532,1788733,3,2004-04-17
13532,1960129,3,2005-06-28
13532,1045053,3,2005-09-19
13532,1813586,3,2005-09-23
13532,190263,5,2005-09-30
13532,1596424,2,2005-10-10
13532,1394991,4,2004-04-19
13532,1691661,4,2003-09-13
13532,1688293,2,2003-12-30
13532,554343,4,2003-12-16
13532,378033,1,2004-04-25
13532,952156,3,2004-12-07
13532,376992,3,2005-06-10
13532,111033,3,2005-10-24
13532,927462,4,2003-11-17
13532,33346,4,2002-07-29
13532,1846965,3,2002-08-15
13532,858502,2,2004-04-15
13532,1939029,3,2003-09-01
13532,2527836,2,2004-01-16
13532,1571299,4,2004-09-08
13532,931395,3,2004-10-06
13532,1903324,1,2004-12-07
13532,901167,3,2005-02-05
13532,1406309,3,2005-03-10
13532,554078,3,2005-03-18
13532,148576,5,2005-10-09
13532,1550167,5,2004-12-05
13532,410618,2,2003-12-22
13532,732669,1,2004-01-10
13532,1969945,4,2004-07-24
13532,765489,5,2003-12-03
13532,361877,4,2003-12-16
13532,818752,3,2004-06-08
13532,1322507,2,2004-05-24
13532,1287939,3,2004-05-24
13532,2638054,1,2004-05-10
13532,2424683,3,2004-10-25
13532,2450433,3,2004-12-20
13532,321874,5,2005-11-08
13532,1380915,4,2005-07-10
13532,2397150,5,2003-12-09
13532,1783491,3,2003-10-28
13532,879760,3,2003-08-30
13532,384188,2,2003-09-13
13532,2279052,3,2003-09-04
13532,192519,4,2003-08-15
13532,963383,3,2003-08-27
13532,2145755,4,2004-09-13
13532,2460780,3,2004-02-29
13532,128389,3,2004-04-12
13532,1516711,3,2005-05-24
13532,914140,3,2003-10-26
13532,1162210,5,2005-08-01
13532,363610,4,2004-01-13
13532,306622,4,2003-10-08
13532,1107858,4,2003-09-04
13532,1125849,5,2003-10-10
13532,639377,4,2003-12-26
13532,501823,1,2004-03-08
13532,739277,4,2004-10-31
13532,1571988,4,2004-12-22
13532,1217493,2,2005-01-01
13532,2280645,4,2005-01-19
13532,1185731,3,2005-01-19
13532,972914,4,2005-07-13
13532,361403,1,2003-09-14
13532,2254991,3,2003-01-15
13532,596995,3,2003-06-05
13532,813236,3,2005-08-21
13532,1811746,4,2003-09-24
13532,561533,2,2004-03-08
13532,2013162,1,2004-04-02
13532,2559887,5,2004-12-17
13532,2457095,2,2004-12-27
13532,277837,3,2005-05-30
13532,2026477,5,2003-11-26
13532,1466302,3,2002-02-19
13532,1876520,1,2002-05-03
13532,409104,4,2005-08-29
13532,141625,5,2003-12-28
13532,2386059,4,2004-08-19
13532,1978400,4,2004-04-13
13532,1809912,2,2004-05-09
13532,1374216,1,2005-05-01
13532,1280119,3,2003-12-24
13532,1933832,3,2002-04-18
13532,2541385,4,2002-02-06
13532,2068865,4,2002-11-03
13532,1371072,4,2003-01-13
13532,1143752,4,2004-01-18
13532,1281114,3,2004-01-05
13532,1105029,3,2004-12-30
13532,1585767,5,2005-01-19
13532,618656,3,2005-03-15
13532,1390282,3,2005-03-29
13532,1757606,3,2004-06-22
13532,2407707,4,2003-09-25
13532,1670742,4,2003-09-03
13532,835265,2,2004-08-16
13532,2136927,3,2005-04-10
13532,1750386,3,2005-05-30
13532,847313,4,2002-04-16
13532,2356004,5,2005-07-31
13532,244599,4,2004-06-18
13532,2420666,3,2003-12-01
13532,1490665,3,2003-08-18
13532,2219049,4,2003-11-13
13532,2539101,5,2004-08-16
13532,596918,3,2004-11-10
13532,943192,3,2004-12-29
13532,291217,3,2005-11-10
13532,364749,2,2005-11-18
13532,2538989,3,2005-12-02
13532,735560,5,2003-11-18
13532,2171111,5,2005-07-31
13532,1107860,5,2003-09-15
13532,2052557,4,2004-11-15
13532,1757382,3,2005-02-13
13532,1120498,3,2005-03-01
13532,562794,3,2003-11-25
13532,1327896,5,2005-07-26
13532,2215021,4,2003-08-15
13532,2351107,4,2002-11-15
13532,229656,3,2005-10-15
13532,1609834,5,2003-05-17
13532,1763152,4,2004-05-02
13532,27948,5,2003-11-13
13532,1729867,4,2003-11-21
13532,1282664,3,2004-04-21
13532,1123324,4,2004-11-11
13532,615914,2,2005-05-17
13532,1199172,4,2005-11-21
13532,2453926,4,2003-12-17
13532,1997156,5,2004-08-13
13532,2448450,4,2005-08-20
13532,2494753,3,2004-05-25
13532,2641931,3,2003-09-12
13532,455751,3,2003-12-24
13532,688323,4,2004-04-07
13532,1651763,3,2004-06-03
13532,1013603,5,2004-08-10
13532,274580,4,2005-02-01
13532,2272048,4,2005-04-20
13532,1274584,4,2003-02-13
13532,1431850,4,2003-08-19
13532,494200,1,2003-12-21
13532,2394906,5,2003-09-24
13532,72696,1,2004-01-02
13532,260423,4,2004-03-08
13532,386509,2,2004-04-30
13532,729671,4,2004-05-19
13532,1015259,1,2004-04-02
13532,2307327,2,2005-01-02
13532,299857,1,2005-05-09
13532,1630992,3,2005-09-20
13532,752513,4,2005-10-31
13532,912951,4,2005-11-02
13532,275803,3,2003-11-22
13532,237449,4,2004-06-15
13532,1681898,4,2004-01-08
13532,2262767,4,2003-12-10
13532,1978173,4,2004-04-09
13532,1260508,3,2004-01-20
13532,1961777,2,2005-12-21
13532,923517,5,2005-07-13
13532,1125711,1,2004-07-15
13532,1289293,4,2002-10-05
13532,1916712,3,2004-04-09
13532,1929559,5,2004-05-20
13532,1172980,4,2005-04-18
13532,154009,2,2005-05-16
13532,507603,2,2005-10-16
13532,2641668,4,2002-07-04
13532,2634468,5,2003-05-16
13532,2431563,3,2003-05-13
13532,1629176,5,2003-02-14
13532,2510031,3,2003-11-21
13532,2194079,5,2003-11-16
13532,1751977,4,2003-12-16
13532,1023932,2,2004-01-03
13532,590239,2,2004-04-07
13532,1596116,3,2005-01-27
13532,2570444,2,2005-09-25
13532,2261989,3,2005-04-04
13532,2411125,3,2005-11-30
13532,2610733,5,2004-05-14
13532,1829594,3,2003-11-16
13532,972394,5,2004-04-14
13532,2379395,3,2003-02-24
13532,1306893,5,2003-12-11
13532,1135847,2,2004-04-28
13532,973136,5,2004-01-14
13532,1385808,2,2004-04-02
13532,782233,4,2004-04-03
13532,595870,2,2004-12-22
13532,2537543,1,2005-05-02
13532,2575940,3,2005-11-06
13532,1742476,3,2003-05-01
13532,1167841,3,2003-12-30
13532,159328,5,2004-01-12
13532,1761752,3,2003-09-19
13532,1784950,3,2004-04-22
13532,680736,3,2004-07-17
13532,2507559,5,2005-06-25
13532,2524668,5,2005-06-27
13532,2252455,3,2002-04-15
13532,2096374,3,2003-05-19
13532,969775,2,2004-01-07
13532,1655656,3,2005-01-31
13532,1854399,2,2004-04-27
13532,577350,4,2004-03-31
13532,1221349,3,2004-11-09
13532,186411,3,2003-10-21
13532,836150,2,2002-10-08
13532,994370,3,2002-05-05
13532,2083367,4,2002-11-13
13532,48095,5,2005-08-09
13532,1017784,3,2004-03-30
13532,2250323,3,2003-08-22
13532,322009,2,2004-04-07
13532,2521051,4,2004-04-23
13532,391590,4,2004-05-07
13532,1029026,3,2004-10-31
13532,2429626,1,2005-03-15
13532,2552319,3,2005-04-03
13532,535733,2,2005-05-02
13532,2541287,5,2005-05-09
13532,2532402,5,2005-09-27
13532,1141410,1,2005-10-25
13532,1397843,5,2004-05-18
13532,2585513,2,2003-10-26
13532,602915,1,2003-08-12
13532,2510178,3,2003-11-11
13532,72176,3,2003-09-30
13532,470596,3,2004-05-25
13532,2616915,3,2004-05-12
13532,1890819,5,2004-07-19
13532,2549746,2,2004-05-09
13532,1551543,5,2005-04-21
13532,1970583,4,2005-06-29
13532,1717283,5,2005-10-18
13532,67905,3,2005-11-21
13532,1048586,4,2005-12-27
13532,1181013,3,2003-09-23
13532,808847,3,2002-03-07
13532,1072929,3,2003-08-21
13532,1429631,5,2003-02-14
13532,1470123,4,2002-10-24
13532,731592,3,2003-02-20
13532,1676473,3,2003-10-29
13532,659526,4,2005-08-29
13532,522917,5,2003-12-02
13532,1153186,4,2004-11-29
13532,1957786,2,2002-02-25
13532,1964447,3,2003-08-18
13532,621462,4,2005-07-29
13532,2438319,2,2003-12-03
13532,829466,5,2004-09-01
13532,2113841,2,2003-09-25
13532,822140,4,2004-03-08
13532,2361185,3,2004-04-27
13532,2101288,4,2004-04-09
13532,1006292,2,2005-06-03
13532,2284578,3,2005-06-22
13532,2483794,4,2005-06-23
13532,2159883,5,2005-10-26
13532,2604442,3,2005-12-15
13532,1492670,4,2003-04-21
13532,157094,4,2003-09-27
13532,1317420,4,2004-03-31
13532,1463219,2,2003-02-11
13532,2203225,2,2003-08-22
13532,537096,5,2005-09-10
13532,853480,2,2004-05-21
13532,1602407,2,2003-12-23
13532,2526370,1,2004-05-11
13532,263743,2,2004-05-01
13532,726079,4,2005-09-13
13532,897307,3,2003-05-24
13532,1886518,3,2002-12-05
13532,2473448,3,2004-05-09
13532,579131,2,2004-04-20
13532,1532220,3,2003-11-22
13532,252073,4,2003-12-30
13532,919106,2,2004-04-01
13532,487866,3,2004-10-06
13532,962359,4,2004-10-25
13532,1399916,1,2005-02-18
13532,1684416,2,2005-04-25
13532,1664010,5,2005-10-12
13532,1902838,2,2001-11-04
13532,668693,3,2003-09-15
13532,2521982,3,2002-08-22
13532,558822,3,2003-02-24
13532,34762,2,2003-11-17
13532,2465967,4,2003-03-25
13532,1051322,3,2004-08-10
13532,960350,4,2004-10-02
13532,1387388,3,2004-11-29
13532,2581467,4,2005-01-23
13532,2404723,5,2005-03-19
13532,953043,3,2005-03-22
13532,629711,3,2005-12-04
13532,1186815,1,2003-08-25
13532,1097485,3,2003-11-15
13532,1317690,3,2005-02-19
13532,451085,4,2003-05-19
13532,620204,5,2003-09-05
13532,2449260,1,2003-09-24
13532,943538,3,2003-09-23
13532,2374782,4,2003-09-28
13532,818604,3,2004-05-06
13532,561531,3,2004-03-09
13532,778465,3,2004-07-23
13532,2513873,5,2004-09-29
13532,812769,4,2004-11-01
13532,2342550,3,2004-12-20
13532,1921845,1,2005-06-27
13532,2424335,4,2005-11-15
13532,1084137,3,2003-09-16
13532,1871627,3,2002-04-11
13532,1800701,4,2001-12-16
13532,544448,3,2003-12-03
13532,1986389,4,2003-09-27
13532,1288105,4,2004-04-02
13532,507094,4,2004-08-29
13532,741023,4,2004-10-19
13532,1267229,5,2003-02-21
13532,2296989,5,2003-10-21
13532,1704409,4,2005-08-15
13532,2404142,1,2003-09-12
13532,1758268,3,2005-08-28
13532,1257195,2,2003-10-28
13532,1817684,5,2004-03-17
13532,2287271,3,2004-01-02
13532,1952500,2,2004-01-13
13532,841593,4,2004-10-19
13532,910244,3,2004-10-20
13532,1999791,3,2004-12-17
13532,499257,1,2005-05-14
13532,517794,2,2002-03-16
13532,504243,4,2002-05-24
13532,1811832,2,2005-07-28
13532,1811688,5,2004-04-26
13532,2182331,3,2003-05-24
13532,1380379,4,2005-08-17
13532,567105,3,2003-09-12
13532,49073,2,2003-09-25
13532,636701,2,2003-12-10
13532,63452,3,2004-05-17
13532,1872933,3,2004-05-23
13532,101807,5,2002-03-19
13532,2354125,3,2005-07-19
13532,453105,4,2004-01-05
13532,1959024,3,2002-05-30
13532,497039,4,2003-11-20
13532,615215,4,2004-11-08
13532,2379864,3,2004-11-15
13532,1091049,3,2005-09-29
13532,1262971,5,2005-07-26
13532,319260,5,2002-04-03
13532,2309420,3,2003-10-29
13532,877394,2,2003-08-21
13532,1736217,3,2004-07-28
13532,946380,2,2005-03-02
13532,674346,3,2005-04-04
13532,1996307,5,2005-06-12
13532,443189,3,2003-05-28
13532,2081170,2,2003-12-06
13532,1831710,3,2002-07-01
13532,2039054,3,2002-09-07
13532,276358,3,2004-04-12
13532,192517,3,2004-09-14
13532,873713,1,2004-10-25
13532,548173,4,2004-12-19
13532,1435891,4,2004-12-24
13532,1629608,4,2005-01-25
13532,1529508,4,2005-11-04
13532,1691554,3,2005-07-12
13532,518099,3,2002-02-03
13532,1102887,5,2005-07-26
13532,2578780,4,2003-09-02
13532,68979,1,2003-09-25
13532,1974260,3,2004-04-16
13532,25049,3,2004-05-10
13532,2513294,3,2004-09-27
13532,2283695,3,2004-10-01
13532,562654,3,2005-01-24
13532,15613,1,2005-05-17
13532,1876896,3,2005-10-04
13532,927129,4,2003-08-07
13532,1738198,5,2004-06-27
13532,12036,3,2004-04-05
13532,1319725,3,2004-01-15
13532,379787,3,2005-05-13
13532,1399944,2,2005-06-03
13532,1439058,4,2005-12-06
13532,1346908,2,2003-12-01
13532,2142951,5,2005-07-16
13532,2337411,4,2003-04-23
13532,2288858,3,2003-08-31
13532,1026933,4,2003-11-18
13532,2082100,3,2003-10-24
13532,2036646,3,2003-09-01
13532,615750,4,2003-11-19
13532,1979633,3,2004-05-05
13532,2093120,4,2003-09-11
13532,1643921,4,2003-08-27
13532,2239040,1,2004-04-28
13532,2037342,5,2004-07-26
13532,1458266,4,2004-09-08
13532,205438,4,2004-09-29
13532,2552047,5,2005-05-02
13532,1480223,4,2005-10-05
13532,862040,1,2002-02-28
13532,871970,4,2003-09-25
13532,705166,5,2004-04-02
13532,2295723,3,2004-04-07
13532,1094767,3,2004-05-25
13532,2337144,3,2005-01-29
13532,1301819,3,2005-03-04
13532,1737088,4,2005-03-10
13532,399170,1,2005-05-16
13532,1100417,5,2005-06-03
13532,972267,3,2005-12-20
13532,1675183,1,2004-01-14
13532,1298511,4,2002-02-17
13532,2401372,4,2002-03-03
13532,2414400,5,2004-02-10
13532,1467440,3,2004-01-03
13532,1346630,3,2003-10-21
13532,1304967,4,2004-04-08
13532,1772215,4,2005-02-01
13532,2027637,2,2005-03-09
13532,805637,3,2005-07-09
13532,828349,4,2002-07-14
13532,86246,3,2002-04-17
13532,2208852,5,2002-05-03
13532,1454488,5,2003-08-22
13532,1194467,4,2003-11-19
13532,525071,3,2004-04-02
13532,1170753,1,2004-05-14
13532,940516,2,2004-05-24
13532,1236929,3,2004-09-08
13532,1951842,3,2004-11-05
13532,1957042,3,2005-01-21
13532,1452879,3,2005-07-26
13532,1177735,3,2002-05-27
13532,1847802,4,2003-09-16
13532,268064,2,2003-12-08
13532,684531,4,2003-09-16
13532,1909693,4,2004-01-04
13532,1086481,2,2004-01-12
13532,1130705,4,2003-12-29
13532,347260,4,2004-01-14
13532,725579,3,2004-04-06
13532,2527129,1,2004-05-11
13532,1428452,4,2004-11-14
13532,581399,4,2004-11-20
13532,2180924,5,2004-12-23
13532,224795,2,2005-01-09
13532,2206623,2,2005-07-12
13532,564298,3,2005-07-17
13532,504503,3,2003-01-22
13532,899431,1,2004-04-01
13532,320939,3,2003-10-09
13532,1976969,2,2004-01-05
13532,26334,1,2004-05-11
13532,1810256,4,2004-05-31
13532,2548723,5,2004-04-07
13532,1732236,4,2004-09-27
13532,398616,4,2005-01-25
13532,1643671,3,2005-02-18
13532,892694,5,2005-02-22
13532,1191455,4,2005-04-25
13532,2223033,4,2005-05-21
13532,134640,5,2005-05-28
13532,1079807,4,2005-07-01
13532,2640760,4,2002-03-27
13532,1583078,1,2003-09-24
13532,2554704,4,2005-08-27
13532,1062150,4,2005-09-01
13532,1851975,3,2003-12-02
13532,1477153,4,2005-01-19
13532,44235,5,2005-02-15
13532,1962475,2,2005-03-03
13532,1553270,4,2005-10-31
13532,71594,2,2002-03-26
13532,922551,3,2003-08-22
13532,449201,2,2004-01-11
13532,2626336,2,2004-04-19
13532,1873081,5,2002-06-21
13532,1801092,4,2003-01-12
13532,2179941,2,2003-02-12
13532,1190587,3,2005-08-17
13532,707012,4,2003-12-24
13532,2121049,4,2003-09-08
13532,342743,5,2004-05-26
13532,529497,2,2004-01-12
13532,223631,3,2003-12-17
13532,1787251,4,2004-01-13
13532,1816093,3,2005-01-19
13532,48450,3,2005-04-02
13532,935010,5,2003-09-13
13532,139473,1,2003-08-11
13532,1094019,3,2003-07-03
13532,2601377,3,2003-08-13
13532,66120,5,2002-07-23
13532,1269789,4,2004-01-06
13532,638189,4,2005-08-09
13532,1869897,4,2003-06-10
13532,1663717,2,2004-04-05
13532,2554118,4,2004-05-28
13532,297874,3,2003-09-13
13532,80688,4,2004-01-05
13532,667911,1,2004-01-20
13532,1910947,4,2004-05-02
13532,1699418,1,2005-01-19
13532,2455393,3,2005-03-05
13532,2312645,3,2005-04-04
13532,1099539,3,2005-11-30
13532,485283,3,2005-12-14
13532,795714,3,2003-03-16
13532,2498387,5,2003-06-24
13532,2154449,3,2003-01-24
13532,278950,2,2003-09-26
13532,1547524,2,2003-08-28
13532,2369255,1,2004-05-18
13532,1784207,3,2003-08-31
13532,41972,4,2003-10-26
13532,202501,5,2004-04-14
13532,2472692,1,2004-05-03
13532,762835,4,2004-04-20
13532,2627190,3,2005-03-07
13532,1757370,4,2002-02-08
13532,1121577,3,2003-08-26
13532,567875,1,2003-09-24
13532,122987,4,2003-11-25
13532,278223,2,2004-06-08
13532,134845,2,2004-10-11
13532,1778955,1,2005-03-04
13532,2249750,3,2005-03-26
13532,74533,4,2005-07-15
13532,1238184,1,2002-03-19
13532,1421402,4,2002-08-17
13532,1522922,5,2003-08-18
13532,1970957,4,2004-07-13
13532,431067,3,2003-11-14
13532,2410823,4,2004-01-05
13532,1595876,5,2004-04-02
13532,1378848,3,2004-08-30
13532,2225743,1,2004-10-11
13532,420622,1,2005-05-22
13532,1684992,4,2005-06-25
13532,2406094,2,2002-04-08
13532,2496147,4,2004-07-13
13532,1359449,3,2004-12-23
13532,707563,4,2005-01-11
13532,2580072,3,2005-01-25
13532,125392,4,2002-06-02
13532,831151,3,2003-12-29
13532,1312066,4,2003-12-02
13532,1184029,1,2004-04-14
13532,2161158,3,2003-11-17
13532,448086,3,2004-04-06
13532,440606,4,2004-04-05
13532,1796212,5,2004-08-27
13532,467596,1,2004-11-15
13532,2156074,3,2004-12-22
13532,169533,5,2005-01-31
13532,2634456,4,2005-04-08
13532,441090,3,2005-05-20
13532,1995860,2,2002-01-07
13532,2449001,4,2004-05-11
13532,1188144,5,2004-04-09
13532,1556831,3,2003-09-27
13532,2358004,4,2004-01-19
13532,2217557,4,2005-04-22
13532,1894544,3,2005-06-17
13532,1816155,5,2005-06-23
13532,203421,4,2005-09-29
13532,311144,3,2004-07-27
13532,190377,2,2002-10-11
13532,1667022,1,2004-01-05
13532,1648353,3,2002-04-01
13532,491531,4,2002-04-25
13532,2072811,4,2005-08-08
13532,1096051,3,2004-05-17
13532,1811259,3,2003-12-28
13532,342510,3,2005-02-24
13532,1844527,4,2004-01-10
13532,651541,1,2004-12-10
13532,1091723,5,2005-04-14
13532,710621,4,2002-03-26
13532,2181491,3,2003-09-30
13532,2114807,2,2003-09-28
13532,1378838,4,2003-12-16
13532,1594336,3,2004-01-10
13532,56276,2,2004-03-08
13532,2276739,3,2005-04-27
13532,1832780,4,2005-06-23
13532,980987,2,2003-08-08
13532,2625822,3,2003-11-04
13532,2590402,5,2002-05-18
13532,386947,3,2003-02-12
13532,619694,3,2003-03-03
13532,1786517,1,2003-11-16
13532,1777614,3,2005-08-23
13532,1326154,3,2004-03-31
13532,2155442,2,2004-04-11
13532,2172751,3,2004-01-05
13532,1787877,1,2004-04-16
13532,2550432,5,2004-11-15
13532,920065,1,2004-12-22
13532,320856,4,2005-01-10
13532,2045846,2,2005-02-10
13532,2431930,4,2002-08-29
13532,120169,3,2003-12-02
13532,2446344,2,2004-04-01
13532,1039760,4,2002-03-19
13532,2126168,3,2002-10-23
13532,2086584,4,2003-07-27
13532,1865249,3,2004-04-01
13532,2617709,3,2004-11-09
13532,737018,4,2004-12-21
13532,2606799,3,2005-04-24
13532,1855068,4,2005-10-03
13532,2351276,2,2002-08-09
13532,531117,2,2003-09-28
13532,271346,3,2004-01-20
13532,2083289,5,2003-11-17
13532,948037,4,2003-10-06
13532,1269516,4,2004-06-01
13532,1567783,4,2004-03-08
13532,1072939,2,2003-12-26
13532,111690,3,2004-08-02
13532,1278370,1,2004-06-08
13532,761998,4,2004-09-17
13532,2512548,5,2004-12-31
13532,2450378,3,2005-01-09
13532,504981,3,2005-05-25
13532,32214,5,2005-06-01
13532,730856,3,2002-03-29
13532,2402173,4,2003-03-15
13532,1146000,2,2002-02-03
13532,400876,2,2002-08-02
13532,1174079,4,2003-12-10
13532,1671487,3,2003-07-07
13532,2022945,3,2002-12-22
13532,2443747,5,2005-08-15
13532,2069740,1,2004-01-06
13532,508247,3,2003-12-30
13532,1231291,4,2004-08-23
13532,1773418,3,2004-10-16
13532,1206512,2,2005-03-28
13532,1214181,3,2003-08-26
13532,1641072,3,2003-12-15
13532,1078549,3,2002-11-27
13532,2082132,4,2004-04-05
13532,647979,4,2004-05-06
13532,314656,5,2003-09-14
13532,1393064,5,2004-05-11
13532,2256485,1,2004-11-28
13532,991468,3,2005-07-29
13532,1823645,3,2003-11-19
13532,2141931,3,2004-01-19
13532,882006,4,2003-05-10
13532,979196,3,2004-05-11
13532,2127108,3,2005-01-30
13532,807033,3,2005-05-15
13532,1744064,4,2005-05-24
13532,2558490,2,2005-09-25
13532,108360,3,2002-07-25
13532,2292354,3,2002-09-13
13532,803330,4,2003-08-19
13532,1345167,5,2003-02-24
13532,331278,5,2004-04-23
13532,571889,3,2005-08-16
13532,1119020,2,2004-01-07
13532,315388,1,2003-12-28
13532,2467819,3,2003-10-21
13532,1539884,1,2004-03-31
13532,2423318,3,2004-03-09
13532,1299887,5,2005-02-15
13532,159671,4,2005-11-04
13532,380149,4,2003-10-07
13532,798296,4,2002-08-22
13532,2600539,1,2003-05-13
13532,1272988,1,2003-08-14
13532,2430041,3,2003-03-18
13532,806045,5,2003-09-24
13532,902299,3,2004-01-12
13532,997702,2,2005-08-27
13532,764583,4,2003-09-12
13532,1476148,5,2003-12-01
13532,636115,1,2004-01-15
13532,181502,4,2004-07-02
13532,1323663,2,2004-04-04
13532,264451,3,2004-04-29
13532,1863082,4,2004-09-10
13532,1840900,2,2004-11-30
13532,520507,1,2004-12-29
13532,1591103,3,2005-02-05
13532,1578801,3,2005-03-09
13532,1649621,4,2005-03-17
13532,1524903,3,2005-07-29
13532,16272,2,2002-07-25
13532,1961537,3,2002-12-23
13532,1480900,4,2002-12-10
13532,876370,2,2003-12-16
13532,1649082,3,2004-01-19
13532,1565215,4,2003-11-13
13532,2267322,1,2003-10-10
13532,2198390,3,2004-04-15
13532,60617,3,2004-04-05
13532,2477145,1,2004-05-03
13532,1948652,5,2005-02-20
13532,2201507,4,2005-10-18
13532,2226157,3,2005-10-19
13532,919726,3,2005-10-24
13532,1833576,1,2003-08-16
13532,2201882,1,2002-02-08
13532,2142065,1,2003-02-12
13532,521074,3,2005-07-21
13532,2613112,4,2003-11-19
13532,2444240,2,2005-08-21
13532,1688233,2,2004-05-02
13532,452987,5,2004-01-27
13532,1676033,3,2004-05-18
13532,1643106,5,2004-07-12
13532,1706235,5,2004-03-30
13532,729150,5,2005-07-12
13532,499768,4,2004-04-08
13532,2484680,3,2004-09-11
13532,1999678,4,2002-07-20
13532,1697595,5,2005-07-31
13532,904842,4,2004-04-26
13532,2182816,1,2004-01-02
13532,1139247,4,2003-10-13
13532,517392,2,2003-12-16
13532,2045570,5,2004-05-10
13532,1147181,4,2003-12-30
13532,971925,3,2003-11-29
13532,146191,2,2004-03-31
13532,516507,3,2004-05-01
13532,1322292,4,2004-10-26
13532,2434632,3,2004-01-12
13532,466937,3,2002-04-02
13532,1003202,5,2005-07-31
13532,1782323,4,2002-07-30
13532,2319864,2,2004-04-18
13532,321276,3,2005-08-23
13532,2385435,5,2003-12-21
13532,753230,3,2004-05-09
13532,681435,3,2004-04-13
13532,319058,2,2004-08-29
13532,2477348,3,2004-11-08
13532,1118663,4,2005-03-28
13532,922345,2,2005-12-22
13532,2564390,1,2004-05-03
13532,2120636,5,2005-07-13
13532,2028530,3,2005-07-14
13532,1734467,3,2003-08-27
13532,1714390,5,2005-08-01
13532,1611417,3,2004-12-09
13532,1671223,1,2005-03-20
13532,1074378,4,2005-03-23
13532,2076148,3,2005-07-12
13532,1691501,4,2003-10-27
13532,158086,4,2002-03-31
13532,1761783,2,2004-01-09
13532,2168025,3,2003-03-23
13532,1290799,3,2003-11-16
13532,638269,2,2004-03-21
13532,2174723,3,2004-10-06
13532,887963,3,2004-10-10
13532,1571717,3,2004-11-01
13532,619238,4,2005-04-19
13532,952732,4,2005-09-30
13532,85960,4,2005-11-07
13532,2575496,5,2003-03-08
13532,2255117,3,2004-03-08
13532,1981146,3,2004-07-08
13532,689097,3,2002-12-17
13532,1041187,2,2004-01-07
13532,584839,1,2004-04-05
13532,969304,4,2004-10-18
13532,1294471,3,2005-01-19
13532,563339,3,2005-02-09
13532,1644686,2,2005-02-11
13532,1374773,4,2005-06-01
13532,555069,3,2005-10-22
13532,314057,5,2004-09-13
13532,1611338,3,2003-10-10
13532,1774623,4,2002-10-26
13532,305344,3,2003-05-09
13532,2554977,2,2004-01-01
13532,1825515,3,2004-04-26
13532,2328783,4,2005-11-06
13532,1689050,4,2005-07-09
13532,1310960,4,2004-01-08
13532,1459464,3,2004-04-01
13532,841504,4,2003-12-15
13532,2018665,1,2003-10-07
13532,93917,4,2003-11-24
13532,2097496,4,2005-08-23
13532,2510054,2,2003-08-12
13532,1682749,3,2003-09-12
13532,2051579,5,2003-09-26
13532,2405996,3,2004-08-18
13532,2574126,4,2005-11-05
13532,966184,3,2005-07-08
13532,568434,5,2003-12-17
13532,2202326,3,2005-07-16
13532,1766322,5,2002-07-20
13532,1296959,3,2003-11-28
13532,2412874,3,2004-04-07
13532,327401,3,2003-10-21
13532,1909214,4,2003-08-20
13532,2042985,3,2003-08-19
13532,1945863,3,2004-11-26
13532,406952,3,2005-03-17
13532,2152045,3,2005-04-25
13532,1658158,4,2005-06-01
13532,117949,4,2005-06-20
13532,949240,3,2003-04-22
13532,1203347,2,2002-04-01
13532,2603059,3,2005-02-19
13532,2127784,3,2004-04-05
13532,105995,3,2003-11-22
13532,2451418,3,2003-09-08
13532,1773858,3,2004-01-14
13532,1060488,4,2003-09-25
13532,2011589,3,2004-08-10
13532,1830031,5,2004-09-10
13532,1021397,3,2005-05-09
13532,1308421,2,2005-05-16
13532,2328825,2,2005-05-23
13532,1403217,2,2005-06-08
13532,1038737,4,2003-12-14
13532,446163,2,2002-06-12
13532,920276,4,2003-08-27
13532,1912542,1,2003-01-16
13532,2037693,1,2002-07-24
13532,2596265,3,2003-12-07
13532,1451256,5,2004-03-16
13532,1930881,5,2004-01-23
13532,2151526,2,2004-05-25
13532,1370164,3,2004-02-09
13532,2217027,5,2004-01-13
13532,1270873,4,2004-09-15
13532,886972,4,2004-10-10
13532,2288889,4,2005-10-23
13532,2147527,1,2005-11-18
13532,74441,1,2002-01-08
13532,878341,4,2002-04-03
13532,1049056,3,2005-07-22
13532,2597802,2,2002-05-21
13532,28581,3,2003-12-05
13532,583522,5,2003-06-11
13532,149822,4,2003-08-08
13532,2557528,5,2003-04-21
13532,1451533,2,2003-08-02
13532,1215727,5,2003-09-12
13532,1210389,2,2004-01-11
13532,866419,2,2004-05-27
13532,625054,4,2004-05-04
13532,484842,3,2004-11-09
13532,280167,3,2005-06-29
13532,1183437,4,2005-10-26
13532,1221959,4,2005-11-07
13532,364867,4,2005-08-03
13532,2178027,3,2004-05-23
13532,540844,2,2003-06-24
13532,1621023,1,2003-10-07
13532,2200768,4,2004-04-03
13532,908547,4,2004-10-01
13532,476695,3,2004-12-27
13532,1981151,4,2005-01-11
13532,2376301,5,2005-05-02
13532,2030141,5,2005-10-13
13532,2243962,4,2005-11-11
13532,1930168,4,2005-11-18
13532,168729,4,2005-12-02
13532,3458,4,2003-09-18
13532,1562255,4,2003-02-20
13532,962748,5,2004-02-09
13532,2478700,1,2004-01-19
13532,1221337,3,2003-09-10
13532,1227921,1,2004-01-14
13532,1207363,3,2004-03-02
13532,497004,3,2004-07-20
13532,2326108,4,2004-04-11
13532,2464081,3,2004-04-26
13532,2062722,4,2004-03-30
13532,620010,4,2004-12-17
13532,2043775,3,2005-03-09
13532,424144,5,2005-09-10
13532,1074305,5,2005-09-16
13532,1490653,4,2003-12-12
13532,1812156,3,2005-07-13
13532,2100345,3,2004-04-06
13532,911778,3,2003-12-03
13532,1287631,3,2003-01-19
13532,1640841,4,2003-12-29
13532,1382837,1,2003-12-08
13532,675069,3,2004-07-14
13532,2032263,2,2003-08-28
13532,2446249,3,2004-12-22
13532,661088,4,2005-02-01
13532,825831,4,2005-05-30
13532,891923,4,2005-09-05
13532,1462211,2,2005-10-26
13532,1701271,3,2002-12-24
13532,538017,4,2003-03-25
13532,2348237,1,2004-04-16
13532,355916,3,2004-06-08
13532,1268681,2,2004-04-12
13532,2283010,4,2005-01-01
13532,562787,2,2005-02-07
13532,655601,4,2005-06-11
13532,2479307,3,2005-06-13
13532,890456,4,2003-08-13
13532,2506564,3,2004-04-07
13532,2396765,3,2004-04-22
13532,706343,3,2004-04-05
13532,1768181,4,2004-05-25
13532,1650616,3,2004-01-04
13532,179908,3,2004-07-06
13532,1798497,2,2004-04-17
13532,601392,3,2004-07-11
13532,173401,3,2004-08-17
13532,278009,4,2004-10-11
13532,2213575,3,2004-01-14
13532,1223912,3,2002-02-21
13532,1952345,4,2004-04-19
13532,2555981,4,2003-09-23
13532,1461920,3,2004-05-12
13532,1182857,1,2004-01-08
13532,2604271,4,2003-12-30
13532,652324,3,2004-04-02
13532,1091336,3,2004-12-21
13532,49142,3,2005-01-05
13532,889687,3,2005-02-25
13532,689897,1,2005-04-20
13532,353335,5,2005-10-14
13532,2549156,3,2003-10-09
13532,2182050,4,2005-09-02
13532,1142985,5,2003-07-06
13532,768270,4,2004-02-18
13532,1335658,4,2004-05-07
13532,104583,1,2004-08-10
13532,887729,3,2005-01-03
13532,949364,4,2005-01-13
13532,1040848,4,2005-02-17
13532,1484157,4,2002-01-17
13532,599997,3,2003-09-13
13532,1772011,3,2004-02-23
13532,759596,4,2004-04-13
13532,295708,2,2004-04-09
13532,96463,4,2004-04-12
13532,2112235,3,2002-03-30
13532,381562,3,2003-02-27
13532,1733440,1,2003-12-26
13532,1038183,5,2004-04-01
13532,2388628,3,2003-07-14
13532,1745870,4,2004-01-07
13532,1935365,3,2004-08-02
13532,2091589,3,2003-09-18
13532,797161,4,2003-10-24
13532,1454789,4,2003-12-04
13532,202002,2,2004-03-08
13532,539382,3,2004-04-14
13532,429030,4,2004-12-04
13532,42072,2,2003-08-22
13532,1930402,5,2003-11-14
13532,2121920,1,2003-09-18
13532,1759540,3,2003-10-27
13532,1656924,5,2003-09-14
13532,1565175,3,2004-08-15
13532,858229,3,2004-11-16
13532,638105,4,2005-09-28
13532,1617216,1,2004-04-16
13532,295044,3,2003-12-18
13532,753455,4,2004-02-17
13532,1772538,3,2004-06-26
13532,1484838,4,2004-02-24
13532,2110280,5,2003-07-08
13532,2333888,4,2003-08-20
13532,1714546,3,2004-01-26
13532,2126215,3,2004-07-19
13532,1898861,3,2004-04-02
13532,1830754,4,2004-05-15
13532,690313,4,2004-05-03
13532,1326646,3,2004-05-22
13532,2563395,3,2005-01-10
13532,1431356,4,2005-02-22
13532,807169,5,2005-11-22
13532,2474661,3,2003-11-19
13532,2553729,4,2003-08-16
13532,2078075,4,2004-04-08
13532,402266,3,2004-10-16
13532,2556131,2,2004-12-29
13532,2455281,3,2005-11-01
13532,752642,2,2001-03-23
13532,1667656,2,2003-12-14
13532,1777845,4,2003-06-30
13532,592394,2,2004-01-07
13532,938764,2,2004-04-26
13532,227799,3,2004-12-03
13532,1555295,5,2005-01-20
13532,2070540,3,2005-02-10
13532,1512957,2,2003-09-14
13532,2409504,3,2003-09-18
13532,64594,4,2003-09-18
13532,2432831,2,2004-11-04
13532,23018,4,2005-06-24
13532,2194575,4,2004-04-07
13532,1238267,5,2003-02-28
13532,203750,3,2003-12-23
13532,1322793,3,2004-09-09
13532,1135351,3,2004-04-04
13532,2312072,4,2004-05-05
13532,465745,3,2005-04-19
13532,2450663,4,2005-09-10
13532,2400645,4,2005-07-14
13532,1224756,3,2003-01-21
13532,1932016,3,2003-05-12
13532,1490909,1,2003-07-03
13532,221530,2,2004-01-02
13532,872924,5,2004-05-26
13532,340106,4,2005-06-11
13532,1779310,4,2005-06-28
13532,301699,3,2004-01-21
13532,1979737,4,2002-05-12
13532,1181468,3,2003-10-25
13532,1754183,3,2005-08-26
13532,1684428,5,2004-04-19
13532,144733,4,2004-05-16
13532,643114,4,2004-10-06
13532,397001,4,2005-02-01
13532,10679,4,2005-04-02
13532,4597,2,2005-07-08
13532,2023416,2,2004-04-05
13532,2481827,4,2004-04-16
13532,252243,3,2005-07-13
13532,1631877,3,2004-01-05
13532,705758,5,2005-07-28
13532,1961161,3,2003-12-26
13532,1503053,3,2003-04-18
13532,1185653,2,2003-10-28
13532,1624904,3,2003-12-09
13532,592277,1,2003-09-27
13532,1407758,3,2004-04-04
13532,2092369,1,2004-04-23
13532,1745107,2,2004-05-27
13532,1124753,4,2004-12-14
13532,816435,3,2005-06-27
13532,915643,1,2005-11-18
13532,961400,3,2002-06-24
13532,1480933,3,2002-03-16
13532,1351411,3,2002-08-17
13532,1722054,5,2003-08-26
13532,305701,4,2005-08-05
13532,1547747,4,2003-12-24
13532,727837,4,2004-01-06
13532,379050,2,2004-01-28
13532,1632297,2,2003-12-05
13532,1955076,4,2004-01-12
13532,1191408,3,2003-11-18
13532,1723041,4,2003-11-26
13532,1790736,4,2004-05-11
13532,1444777,4,2004-04-25
13532,256137,3,2005-02-01
13532,1631275,3,2005-04-12
13532,1908779,5,2005-09-24
13532,325073,4,2003-11-23
13532,1634201,4,2004-08-28
13532,721771,2,2004-01-13
13532,1857794,4,2003-11-26
13532,1103178,3,2004-05-08
13532,295398,3,2003-12-31
13532,2205547,5,2004-10-22
13532,207972,3,2004-10-29
13532,1370190,2,2005-01-13
13532,2096393,4,2005-01-20
13532,1758002,2,2005-10-06
13532,2140372,4,2005-11-02
13532,2349595,5,2005-12-02
13532,2274850,1,2004-01-01
13532,1655851,3,2004-04-27
13532,578191,2,2003-09-11
13532,1474260,3,2003-09-26
13532,1532834,3,2004-04-28
13532,1483852,4,2003-08-19
13532,1745463,3,2002-09-13
13532,1536728,5,2003-09-02
13532,837165,3,2003-07-03
13532,677536,3,2003-08-19
13532,2239892,4,2004-04-21
13532,1221163,4,2004-04-13
13532,828754,3,2005-02-26
13532,2434733,4,2005-09-08
13532,792068,4,2005-09-23
13532,837133,3,2005-10-01
13532,868919,3,2002-09-10
13532,1529818,1,2004-04-01
13532,1044050,4,2002-06-11
13532,2036100,3,2002-02-16
13532,199023,2,2002-05-07
13532,2509134,3,2002-10-23
13532,129097,3,2004-01-15
13532,1343870,3,2004-02-26
13532,1625122,3,2005-08-28
13532,2450043,5,2004-05-02
13532,1464750,1,2004-04-05
13532,592691,3,2004-04-12
13532,1632858,4,2004-11-11
13532,2393478,1,2005-04-11
13532,207793,3,2005-04-13
13532,1544073,5,2005-10-26
13532,148720,5,2005-11-09
13532,1830265,3,2003-09-17
13532,1229692,4,2003-09-13
13532,2512779,5,2003-08-15
13532,411290,4,2004-01-09
13532,22670,3,2004-04-08
13532,1252360,3,2004-07-02
13532,2040420,4,2004-11-16
13532,1875549,4,2005-06-01
13532,1021411,2,2005-09-27
13532,2465700,4,2005-10-03
13532,299380,4,2003-12-13
13532,2415382,3,2003-08-13
13532,670488,4,2003-09-06
13532,2126762,3,2003-12-16
13532,1044034,3,2004-11-20
13532,2061667,2,2004-12-09
13532,297262,3,2005-01-19
13532,230265,3,2005-02-22
13532,1756183,3,2005-05-16
13532,1396608,2,2005-09-28
13532,772538,2,2003-10-24
13532,2152465,3,2005-07-27
13532,1093680,3,2003-09-16
13532,2236255,3,2002-12-17
13532,953110,5,2005-08-21
13532,828344,3,2003-12-18
13532,665774,4,2003-07-25
13532,1934428,4,2004-04-03
13532,428133,1,2003-11-26
13532,1808543,3,2003-08-28
13532,2220732,1,2003-12-29
13532,1905715,1,2004-03-31
13532,1728944,3,2004-04-12
13532,161791,2,2004-12-27
13532,1229628,2,2005-03-21
13532,2133714,1,2005-05-11
13532,1442797,4,2005-09-08
13532,1190829,4,2002-03-22
13532,816866,2,2003-12-18
13532,1974130,3,2003-04-30
13532,1380413,4,2004-09-16
13532,1284016,1,2004-01-12
13532,1169361,3,2003-01-03
13532,2294868,3,2003-09-26
13532,1261789,3,2004-10-01
13532,1020130,3,2005-05-12
13532,385781,4,2005-09-19
13532,1061866,3,2005-11-20
13532,181364,4,2002-05-20
13532,2588310,5,2003-10-20
13532,2024111,2,2003-08-06
13532,2126435,4,2004-06-08
13532,1128482,4,2004-04-04
13532,1084484,3,2005-01-19
13532,2118461,4,2005-09-13
13532,1806515,3,2005-09-23
13532,2505844,5,2005-11-28
13532,139942,3,2004-03-08
13532,1940160,2,2003-07-25
13532,2537083,3,2003-03-03
13532,2297386,4,2002-07-16
13532,612690,1,2003-08-27
13532,492299,1,2004-01-11
13532,1177763,4,2004-05-06
13532,1611857,5,2004-05-13
13532,884078,4,2005-09-17
13532,1028480,5,2002-06-30
13532,1241221,3,2003-12-01
13532,1483639,3,2003-08-12
13532,2609107,3,2003-08-22
13532,1779271,3,2004-01-13
13532,2061495,3,2005-03-02
13532,1337699,3,2005-05-19
13532,2320997,4,2005-09-11
13532,410177,2,2005-11-15
13532,1619649,3,2004-09-01
13532,2090850,2,2002-08-09
13532,1104152,3,2004-01-10
13532,387418,3,2003-07-31
13532,774061,4,2003-11-28
13532,364236,3,2005-09-03
13532,61928,3,2005-05-15
13532,2276081,5,2005-07-02
13532,214069,3,2002-06-17
13532,1015473,3,2002-03-22
13532,2646769,3,2002-02-03
13532,1495425,4,2004-08-26
13532,381346,4,2003-02-13
13532,690754,4,2004-01-05
13532,1208420,3,2003-09-12
13532,1215167,2,2004-04-13
13532,1550140,4,2003-12-25
13532,150950,2,2004-04-02
13532,329322,4,2004-05-18
13532,186806,1,2004-11-23
13532,1261245,3,2005-02-16
13532,2588755,3,2005-05-18
13532,1107303,4,2005-10-10
13532,1250802,4,2005-10-17
13532,752867,2,2002-04-02
13532,803605,3,2002-04-20
13532,272466,5,2003-04-30
13532,1029163,2,2002-05-05
13532,1990208,5,2005-08-01
13532,2296189,3,2003-12-07
13532,1368045,5,2004-04-27
13532,1002688,1,2003-11-24
13532,358532,3,2004-09-03
13532,1477330,1,2003-12-23
13532,427266,5,2004-04-19
13532,487788,3,2005-03-07
13532,1579451,4,2004-03-31
13532,2120912,4,2004-06-22
13532,1908728,5,2003-07-07
13532,668955,4,2005-08-01
13532,1288744,2,2004-08-04
13532,1849656,2,2003-12-15
13532,1981621,3,2004-04-13
13532,2478744,3,2004-04-01
13532,2487127,1,2004-03-30
13532,2564859,1,2004-04-20
13532,835353,4,2004-06-16
13532,1041693,3,2004-08-26
13532,1591459,5,2005-01-10
13532,72567,3,2005-02-03
13532,2432694,4,2005-02-13
13532,675056,4,2005-04-06
13532,2189707,4,2005-11-03
13532,525945,3,2002-04-07
13532,1876574,5,2004-01-20
13532,1114493,3,2002-01-19
13532,2625450,5,2003-09-15
13532,204530,3,2003-06-24
13532,2214251,3,2003-11-20
13532,1688620,3,2003-12-02
13532,1408655,4,2004-01-09
13532,1484284,4,2004-08-17
13532,2107068,5,2004-11-18
13532,1194594,5,2005-01-24
13532,174333,1,2005-02-03
13532,1836124,3,2005-03-14
13532,2452550,4,2005-03-16
13532,1564191,3,2005-04-26
13532,1427570,2,2005-11-07
13532,1834123,3,2005-07-12
13532,915926,2,2002-12-10
13532,1513737,4,2003-11-26
13532,2250428,5,2004-04-04
13532,2376324,3,2003-08-12
13532,2239109,4,2003-08-14
13532,2533941,2,2003-10-29
13532,366565,4,2004-06-08
13532,492291,1,2004-12-24
13532,2397119,3,2005-02-26
13532,1631642,3,2005-06-27
13532,1725559,5,2005-09-27
13532,1380372,5,2005-10-03
13532,103867,4,2005-11-02
13532,2153721,3,2002-02-12
13532,1437372,3,2004-12-04
13532,2320222,4,2004-04-13
13532,2530993,4,2005-07-20
13532,356615,1,2003-01-07
13532,405572,2,2003-12-07
13532,549195,3,2003-12-22
13532,1151120,5,2003-10-06
13532,702281,2,2004-07-14
13532,1170726,4,2004-04-09
13532,814934,2,2005-04-03
13532,2070952,4,2005-06-22
13532,661149,3,2004-01-02
13532,282532,2,2004-03-22
13532,696131,4,2003-09-09
13532,722585,3,2004-07-27
13532,873510,5,2004-05-13
13532,1831664,4,2004-11-29
13532,1060658,3,2004-12-06
13532,235077,1,2005-06-01
13532,2127196,4,2005-07-03
13532,227644,5,2005-10-26
13532,54040,2,2003-08-26
13532,137725,2,2004-03-09
13532,2547257,3,2003-06-25
13532,2096620,4,2003-12-23
13532,408645,3,2004-07-09
13532,47898,3,2003-12-06
13532,1401690,3,2003-09-30
13532,1663888,5,2003-11-04
13532,387819,4,2004-05-04
13532,1966687,3,2003-12-08
13532,1382261,3,2004-04-02
13532,293337,2,2004-04-16
13532,1257336,3,2004-11-23
13532,2156368,3,2005-10-24
13532,1611815,3,2005-11-22
13532,292269,3,2002-11-15
13532,68325,4,2004-06-23
13532,1461435,1,2002-01-21
13532,1163477,2,2002-03-08
13532,1450883,4,2003-08-22
13532,1525270,2,2004-04-26
13532,1187552,4,2005-08-26
13532,1519692,3,2003-06-23
13532,2295734,3,2004-04-01
13532,1995067,4,2004-11-24
13532,2075951,3,2005-02-03
13532,646765,3,2005-05-03
13532,2442796,4,2005-10-12
13532,1155458,4,2005-10-18
13532,359115,4,2004-01-04
13532,1802951,5,2003-12-11
13532,2036178,3,2003-02-14
13532,1055656,2,2004-01-02
13532,182203,1,2003-07-20
13532,499326,4,2005-09-02
13532,2009602,4,2004-04-11
13532,97199,4,2004-10-04
13532,1812378,4,2004-11-30
13532,2366129,4,2005-11-09
13532,799084,5,2005-11-15
13532,462444,4,2005-07-12
13532,1492795,4,2005-07-17
13532,867444,1,2003-08-28
13532,509410,4,2004-06-07
13532,2448831,4,2003-10-24
13532,1479456,2,2003-12-01
13532,1392553,1,2004-04-27
13532,2384478,2,2005-01-23
13532,1235018,3,2002-10-01
13532,948457,4,2003-08-15
13532,1399249,4,2002-02-27
13532,2385415,4,2004-04-13
13532,2291170,5,2003-02-14
13532,1688316,3,2003-01-03
13532,573928,3,2003-09-02
13532,1516938,2,2004-01-02
13532,1011500,2,2004-01-05
13532,1771053,4,2004-06-04
13532,1368025,1,2004-05-07
13532,1408280,4,2004-07-28
13532,675558,3,2004-12-13
13532,78573,1,2005-03-13
13532,2502834,2,2005-09-29
13532,486048,3,2005-10-06
13532,2642897,4,2005-10-07
13532,1877070,3,2005-11-03
13532,2158859,4,2002-03-27
13532,424379,5,2002-09-26
13532,60722,5,2004-04-02
13532,101620,4,2005-02-17
13532,2097749,2,2005-02-23
13532,505275,5,2005-04-17
13532,2165012,4,2004-04-05
13532,680068,4,2003-12-02
13532,1639792,1,2002-03-14
13532,1233297,3,2002-06-30
13532,973280,5,2005-07-30
13532,968784,2,2004-01-04
13532,1918750,4,2003-12-13
13532,1859002,4,2005-08-15
13532,449202,3,2004-03-08
13532,1279360,3,2004-04-01
13532,189443,3,2005-06-04
13532,151154,2,2003-08-11
13532,57633,4,2002-01-12
13532,1273656,2,2004-05-05
13532,459996,3,2004-01-06
13532,246683,4,2004-04-26
13532,814013,2,2004-12-17
13532,371701,1,2005-02-22
13532,2068909,1,2005-04-06
13532,2339135,3,2005-06-21
13532,327805,4,2005-10-07
13532,1879975,3,2004-04-10
13532,659914,4,2004-04-01
13532,356403,4,2004-07-19
13532,1789648,3,2004-11-15
13532,2143500,3,2004-12-16
13532,2441844,3,2005-01-20
13532,972028,4,2005-04-15
13532,2341268,1,2005-06-18
13532,1544720,2,2003-11-16
13532,1797765,3,2005-07-16
13532,1062068,5,2002-09-13
13532,157357,4,2003-12-29
13532,2460347,1,2003-10-28
13532,1290593,3,2003-10-29
13532,604335,5,2004-01-01
13532,2386274,5,2004-05-17
13532,1167767,5,2004-06-05
13532,2322687,3,2003-07-15
13532,1033930,3,2004-04-11
13532,1173630,3,2003-12-30
13532,1216880,4,2004-06-22
13532,2317466,3,2005-04-29
13532,1521236,5,2004-04-11
13532,779492,4,2002-04-25
13532,2165737,5,2003-11-22
13532,1192113,3,2004-04-21
13532,1027773,2,2003-10-09
13532,557502,5,2004-06-12
13532,1002509,1,2004-04-01
13532,105410,3,2004-07-03
13532,24715,4,2004-05-26
13532,40450,3,2005-06-12
13532,1522328,4,2005-06-19
13532,995154,4,2002-09-26
13532,3363,3,2004-04-12
13532,1633729,2,2004-02-16
13532,1792134,4,2004-04-14
13532,2106539,3,2005-08-29
13532,2261467,4,2003-12-26
13532,964562,2,2003-11-17
13532,735776,3,2003-12-26
13532,2497991,3,2004-05-12
13532,2023200,4,2002-05-26
13532,1576378,5,2005-08-14
13532,424387,2,2004-04-08
13532,2517139,2,2005-08-19
13532,538954,4,2003-12-25
13532,371525,4,2005-10-16
13532,2259816,4,2004-04-27
13532,1440251,1,2004-08-23
13532,2283211,4,2004-05-25
13532,2238060,5,2004-08-18
13532,1644487,3,2005-07-20
13532,1480807,4,2003-03-29
13532,2034963,3,2003-12-29
13532,176896,4,2004-04-06
13532,1811238,4,2003-11-25
13532,2049734,3,2003-01-17
13532,2190079,2,2004-01-11
13532,1299757,4,2004-04-25
13532,1852040,2,2004-04-13
13532,1264243,2,2004-04-04
13532,206640,4,2004-09-12
13532,841784,3,2004-10-30
13532,2268019,2,2005-02-09
13532,1233312,2,2005-03-20
13532,2290481,4,2005-05-20
13532,30288,3,2003-08-17
13532,2077384,5,2002-02-20
13532,459107,3,2003-09-02
13532,1275794,3,2003-09-13
13532,1103596,4,2002-12-24
13532,391708,2,2003-12-08
13532,863285,4,2005-08-27
13532,794246,1,2003-09-04
13532,935396,4,2004-01-14
13532,2557596,1,2004-10-19
13532,1914716,3,2004-11-14
13532,1486956,3,2005-03-26
13532,1171523,5,2002-09-04
13532,1257454,1,2004-05-07
13532,1401974,3,2003-08-18
13532,788055,4,2004-01-05
13532,775020,5,2004-05-26
13532,1634219,3,2004-04-02
13532,2246923,2,2004-11-23
13532,629389,3,2004-12-31
13532,1340811,5,2005-03-19
13532,1522321,4,2005-10-28
13532,1157011,3,2004-05-07
13532,1719966,2,2005-08-23
13532,2620194,4,2004-05-05
13532,969495,5,2004-05-20
13532,1350191,3,2004-06-11
13532,2387157,3,2004-10-14
13532,2481883,1,2005-02-20
13532,1156054,4,2005-03-27
13532,1702072,3,2003-10-20
13532,702103,3,2003-08-27
13532,1112565,3,2003-11-23
13532,1453826,4,2003-02-20
13532,176039,2,2003-08-07
13532,2187252,3,2003-06-03
13532,2552547,3,2005-08-19
13532,701514,3,2004-07-31
13532,111824,1,2005-01-28
13532,1456579,3,2002-08-05
13532,237263,2,2005-01-06
13532,428688,3,2002-04-13
13532,415813,3,2005-08-11
13532,1360936,2,2003-12-18
13532,1279603,2,2003-11-16
13532,1911845,3,2004-04-13
13532,1967891,4,2004-01-14
13532,2274199,3,2004-10-11
13532,2460130,4,2005-06-22
13532,188613,4,2002-03-23
13532,800217,3,2002-02-05
13532,948109,3,2003-01-13
13532,648614,4,2004-08-10
13532,2367301,4,2004-08-03
13532,220024,3,2003-02-24
13532,442899,1,2003-09-06
13532,1220994,4,2004-06-03
13532,1386187,3,2004-04-15
13532,1088647,3,2004-04-12
13532,2577940,1,2004-08-31
13532,1122985,1,2004-04-25
13532,929375,3,2005-02-14
13532,2405698,4,2005-02-24
13532,539743,4,2005-03-11
13532,1933447,3,2005-05-05
13532,1393089,3,2005-10-14
13532,454329,3,2005-10-29
13532,2532177,5,2005-08-20
13532,1222252,4,2004-01-10
13532,1772658,4,2003-10-08
13532,1006073,3,2004-03-30
13532,94397,3,2004-01-04
13532,1818548,4,2004-11-12
13532,816361,4,2005-10-05
13532,2237988,3,2005-10-21
13532,1867189,3,2005-07-19
13532,2512144,3,2003-08-21
13532,955454,3,2004-06-08
13532,126347,3,2004-04-12
13532,951329,3,2004-05-11
13532,2634967,1,2004-01-20
13532,1854330,4,2004-05-24
13532,1476632,3,2004-12-28
13532,405658,5,2005-03-06
13532,1397841,3,2005-04-10
13532,2469788,4,2005-04-20
13532,2028123,4,2005-11-15
13532,1210516,5,2003-06-28
13532,1470700,5,2003-11-15
13532,1349433,4,2003-12-27
13532,2241769,5,2004-05-02
13532,2179833,4,2003-10-07
13532,638992,1,2003-12-28
13532,770268,3,2005-03-09
13532,442222,4,2005-04-10
13532,2151468,2,2005-05-14
13532,459277,4,2005-09-26
