17727,546726,3,2001-12-10
17727,1109700,3,2001-10-22
17727,1780909,4,2005-12-04
17727,76196,1,2001-12-27
17727,1984086,5,2005-07-16
17727,1977959,3,2002-06-17
17727,1785321,1,2005-07-10
17727,1315056,4,2005-07-27
17727,2555668,5,2005-05-09
17727,2609784,1,2003-01-19
17727,346688,4,2002-03-16
17727,1673185,3,2002-04-26
17727,1400206,2,2004-06-16
17727,1127019,5,2004-12-16
17727,786312,2,2004-11-15
17727,1501383,3,2005-11-10
17727,1080872,3,2005-12-09
17727,1430911,4,2004-02-11
17727,2362548,4,2004-07-28
17727,484675,2,2003-05-17
17727,1564651,3,2005-09-15
17727,2119165,5,2005-10-28
17727,1456621,3,2005-08-08
17727,1001129,2,2005-01-02
17727,2025061,3,2005-07-20
17727,293284,3,2005-07-05
17727,1987664,5,2004-07-16
17727,617068,4,2004-09-06
17727,202667,3,2003-05-30
17727,585590,4,2001-06-27
17727,724224,4,2005-07-19
17727,727242,1,2004-12-08
17727,521825,3,2005-09-08
17727,2294328,3,2005-08-04
17727,1788346,1,2003-05-13
17727,610271,1,2005-09-05
17727,2329026,4,2004-09-28
17727,2035299,3,2005-09-24
17727,835847,3,2004-01-23
17727,1792741,3,2001-08-31
17727,1575462,4,2003-06-23
17727,744150,5,2003-09-24
17727,1342785,4,2005-08-11
17727,1216755,4,2005-08-24
17727,970298,3,2003-11-20
17727,428365,5,2005-06-24
17727,1166912,2,2003-05-23
17727,974823,3,2005-02-10
17727,764317,4,2003-05-12
17727,915726,4,2005-07-15
17727,2062350,2,2003-06-17
17727,355612,4,2004-04-08
17727,2630337,5,2005-12-28
17727,2439493,1,2003-05-03
17727,530789,5,2005-07-04
17727,2611842,4,2005-01-10
17727,2621910,3,2002-04-05
17727,2242835,3,2003-08-14
17727,758808,3,2005-05-21
17727,1259082,3,2005-06-01
17727,1410683,3,2002-11-20
17727,238740,4,2004-09-18
17727,1482758,3,2005-06-13
17727,2404027,2,2004-06-04
17727,1818803,4,2003-06-10
17727,2389367,4,2004-08-13
17727,1609042,5,2003-09-15
17727,2155681,4,2005-01-25
17727,1928290,2,2005-06-20
17727,684876,2,2005-10-19
17727,1607747,3,2004-04-20
17727,1456837,4,2003-06-19
17727,1504187,4,2003-08-14
17727,528532,3,2005-04-29
17727,257243,4,2004-11-11
17727,1531029,1,2005-01-12
17727,951113,3,2005-06-19
17727,1898310,3,2002-08-19
17727,1167144,3,2005-09-27
17727,127671,3,2001-10-12
17727,2208519,3,2002-10-17
17727,2621150,3,2003-09-13
17727,994114,3,2003-03-10
17727,2003762,4,2005-10-21
17727,634388,4,2005-07-23
17727,1777406,1,2002-10-23
17727,1113933,4,2004-11-10
17727,800683,4,2005-03-07
17727,818752,4,2004-07-16
17727,850678,4,2005-11-25
17727,566017,4,2005-07-08
17727,2197982,3,2004-08-19
17727,1969216,4,2004-07-13
17727,1865846,2,2002-10-15
17727,1897875,3,2004-11-08
17727,723675,2,2004-02-20
17727,280542,3,2004-08-26
17727,847313,2,2003-08-07
17727,1554887,4,2004-06-11
17727,585576,4,2003-01-02
17727,1973503,3,2004-06-21
17727,1375660,5,2005-10-21
17727,2056864,4,2003-05-26
17727,1268483,4,2005-07-22
17727,2321388,3,2003-08-15
17727,1642574,5,2005-08-02
17727,2553773,3,2004-03-06
17727,1172980,5,2005-06-27
17727,507603,1,2005-11-29
17727,2531429,3,2005-12-30
17727,492478,4,2003-07-09
17727,2144070,3,2004-02-11
17727,1068988,3,2005-06-04
17727,155681,3,2005-08-03
17727,1333047,2,2005-07-02
17727,584437,2,2005-11-29
17727,2252455,3,2001-11-12
17727,664790,3,2005-10-29
17727,577350,4,2005-12-09
17727,1344785,4,2005-05-03
17727,2532402,5,2005-10-03
17727,308422,3,2004-03-25
17727,1281639,3,2003-08-07
17727,1566684,3,2005-08-09
17727,1017919,3,2004-07-23
17727,1132764,5,2004-06-22
17727,124564,2,2005-09-17
17727,2286785,3,2005-10-25
17727,772534,5,2005-07-15
17727,2115386,3,2002-10-08
17727,1106378,1,2004-01-22
17727,1664010,5,2005-10-12
17727,1018465,3,2004-05-14
17727,507094,4,2005-07-07
17727,1313333,4,2002-08-02
17727,1337777,2,2005-02-02
17727,2410085,1,2005-05-15
17727,1913123,4,2002-06-30
17727,674346,4,2005-11-09
17727,1405941,2,2001-01-19
17727,919160,3,2003-05-10
17727,2400283,4,2003-05-26
17727,835130,2,2003-08-19
17727,927129,4,2005-08-06
17727,554192,5,2003-07-26
17727,862040,2,2002-07-02
17727,1298511,1,2003-07-06
17727,1444057,4,2005-06-16
17727,517441,3,2005-09-16
17727,1665577,3,2004-09-13
17727,1935793,2,2005-06-04
17727,1477153,3,2004-01-30
17727,71594,2,2000-04-13
17727,139473,2,2004-02-23
17727,190547,3,2004-05-19
17727,2291306,2,2004-02-22
17727,769129,5,2005-05-01
17727,504298,4,2005-12-09
17727,1005439,4,2002-01-21
17727,1238184,2,2003-05-18
17727,1054188,5,2005-11-14
17727,2449001,3,2003-06-02
17727,2275470,4,2002-07-16
17727,1567487,2,2004-01-16
17727,491531,2,2005-07-24
17727,1317671,2,2005-05-25
17727,1844527,5,2005-12-19
17727,2415041,5,2003-12-05
17727,1499912,3,2004-09-17
17727,1026106,3,2003-12-26
17727,1039760,3,2002-07-02
17727,307231,5,2004-05-14
17727,1430416,4,2003-02-11
17727,2126168,3,2003-05-12
17727,2129354,4,2004-12-25
17727,2606799,1,2005-05-16
17727,564895,3,2005-08-10
17727,1875008,3,2003-05-18
17727,1965498,3,2003-06-10
17727,1153365,4,2004-07-26
17727,2299661,3,2005-12-03
17727,1782686,3,2001-11-27
17727,1146000,3,2002-01-17
17727,1947378,3,2005-07-30
17727,2395648,2,2003-06-21
17727,1840584,3,2005-01-31
17727,581848,4,2001-11-30
17727,1336998,3,2002-07-19
17727,1587268,1,2002-11-10
17727,1299887,3,2005-03-04
17727,798296,4,2002-11-21
17727,2430041,3,2003-06-18
17727,91234,3,2004-08-06
17727,2488897,5,2004-09-23
17727,682963,3,2005-06-24
17727,16272,3,2002-08-15
17727,110260,5,2005-08-14
17727,1244340,4,2004-08-10
17727,1271816,5,2005-10-27
17727,319058,4,2004-06-21
17727,1132964,1,2005-01-19
17727,305344,4,2003-05-09
17727,1258036,2,2004-09-17
17727,614278,3,2005-07-21
17727,2048620,3,2003-07-10
17727,449686,4,2005-10-15
17727,2328825,5,2005-08-29
17727,2288889,5,2005-10-23
17727,1295373,4,2005-08-30
17727,1949010,2,2005-11-14
17727,620010,2,2004-08-05
17727,847998,5,2001-12-06
17727,1812156,3,2004-02-24
17727,1643146,3,2005-09-06
17727,1444062,4,2001-06-15
17727,1668813,5,2002-01-30
17727,361393,3,2003-11-12
17727,782597,4,2005-01-21
17727,2315012,3,2005-07-14
17727,1223912,4,2004-01-08
17727,2565786,1,2004-08-18
17727,1388044,4,2005-06-21
17727,2185222,3,2002-10-06
17727,2398969,4,2001-08-04
17727,2010998,4,2004-01-22
17727,1962325,3,2004-01-09
17727,2283555,3,2005-06-06
17727,2571211,2,2003-01-09
17727,2511278,3,2005-03-15
17727,328651,3,2001-07-12
17727,752642,3,2001-03-21
17727,2273335,4,2005-08-19
17727,1596646,4,2004-05-25
17727,94981,1,2005-11-03
17727,2261631,4,2004-06-02
17727,2325730,4,2002-06-03
17727,377907,5,2005-07-27
17727,872924,2,2004-05-26
17727,1526365,3,2004-04-18
17727,867311,4,2005-06-23
17727,2072858,3,2003-07-11
17727,461304,2,2004-03-03
17727,1407062,4,2001-05-16
17727,2206099,1,2003-08-25
17727,381867,1,2003-07-21
17727,1606779,4,2004-08-18
17727,139061,3,2005-08-30
17727,1426567,2,2003-03-22
17727,1181111,3,2005-11-09
17727,1558593,5,2005-01-20
17727,1037705,4,2005-11-17
17727,2412372,3,2002-01-26
17727,828344,4,2003-12-30
17727,249264,4,2003-06-23
17727,1728944,3,2005-04-23
17727,2419795,3,2004-01-06
17727,1005185,5,2004-07-18
17727,2118461,4,2005-10-22
17727,913558,3,2005-01-28
17727,387418,1,2003-07-31
17727,977703,4,2004-08-31
17727,381346,3,2002-11-27
17727,2452430,4,2004-11-10
17727,1250802,4,2005-10-12
17727,1029163,3,2002-09-30
17727,107909,3,2003-11-17
17727,1190964,2,2005-02-13
17727,2020385,4,2005-07-08
17727,794999,5,2004-06-22
17727,1061195,3,2004-12-29
17727,2229831,3,2004-09-16
17727,1014141,4,2005-08-05
17727,2350588,5,2005-08-08
17727,1923917,2,2003-04-03
17727,1663888,3,2004-09-27
17727,1834097,4,2005-12-07
17727,1461435,1,2001-12-30
17727,2555055,5,2004-06-27
17727,1784020,3,2005-06-22
17727,2179492,5,2005-11-21
17727,498748,3,2004-01-07
17727,1037245,3,2005-12-23
17727,2291170,5,2003-01-09
17727,1872980,4,2005-02-09
17727,2548453,5,2005-08-11
17727,1056238,4,2005-10-25
17727,2416771,4,2002-01-30
17727,1639792,1,2002-05-22
17727,427563,2,2004-05-09
17727,57633,3,2003-05-02
17727,817930,3,2004-05-03
17727,1088349,4,2005-02-03
17727,356403,4,2004-07-19
17727,2143500,3,2004-12-30
17727,998236,3,2005-12-03
17727,629623,2,2003-06-23
17727,2021989,2,2004-12-19
17727,1216880,3,2005-03-08
17727,2021271,3,2005-11-15
17727,1033930,3,2005-11-24
17727,2590625,4,2005-06-15
17727,557502,5,2005-07-04
17727,687597,5,2005-11-09
17727,2238060,5,2005-08-25
17727,1878798,1,2001-11-15
17727,1115742,4,2001-02-02
17727,1039555,3,2002-01-14
17727,630175,3,2005-09-02
17727,1629801,4,2005-08-03
17727,2172710,3,2003-05-27
17727,635529,3,2003-05-28
17727,2058752,2,2005-11-02
17727,237263,3,2004-09-01
17727,999728,3,2003-03-28
17727,742581,5,2005-04-11
17727,1566640,3,2005-11-21
17727,1841559,4,2004-05-26
17727,1300759,4,2004-09-27
17727,1669420,3,2005-05-18
17727,2502877,3,2004-09-06
17727,340492,3,2004-08-24
17727,1635449,2,2005-01-10
