16504,716091,3,2002-02-26
16504,1912665,4,2005-01-25
16504,1956280,2,2004-06-19
16504,76196,1,2001-12-27
16504,2545072,1,2003-09-30
16504,652121,4,2005-08-22
16504,2088663,3,2004-10-03
16504,1981733,4,2005-04-06
16504,157521,5,2005-04-08
16504,2120279,3,2005-05-17
16504,403531,5,2005-09-11
16504,1113763,3,2004-05-17
16504,47411,4,2005-01-22
16504,922922,4,2003-07-30
16504,605265,1,2005-05-22
16504,1026139,1,2003-12-29
16504,499718,2,2004-11-09
16504,1684328,4,2004-10-15
16504,2593317,2,2002-05-24
16504,1131364,3,2003-07-22
16504,2488824,3,2004-07-06
16504,39526,3,2005-04-11
16504,1808930,3,2004-10-12
16504,930709,3,2004-06-06
16504,2554745,3,2002-11-30
16504,2502315,2,2003-04-08
16504,1181550,3,2003-11-12
16504,2318051,2,2005-10-22
16504,431732,1,2004-06-25
16504,1189269,5,2005-10-16
16504,328364,4,2001-11-16
16504,1075602,1,2003-01-15
16504,1703095,3,2004-09-21
16504,723700,3,2004-03-29
16504,273945,5,2005-03-29
16504,819314,3,2002-10-30
16504,155342,1,2003-03-03
16504,2387403,2,2005-10-19
16504,2025577,3,2002-10-23
16504,1168738,3,2005-08-25
16504,1049332,3,2004-01-02
16504,1874808,3,2005-09-06
16504,1778714,1,2005-08-22
16504,147653,2,2002-08-27
16504,1495993,3,2005-01-28
16504,2425195,3,2005-10-18
16504,2526173,1,2005-08-05
16504,1014406,4,2002-11-20
16504,269554,2,2005-10-24
16504,2503364,2,2004-01-21
16504,2623758,1,2003-09-01
16504,2402143,2,2001-09-05
16504,235789,2,2004-12-28
16504,2645206,1,2002-09-05
16504,1333118,3,2002-10-30
16504,1272379,1,2002-03-19
16504,2064252,3,2004-11-20
16504,1918957,4,2004-12-15
16504,815660,2,2005-06-07
16504,2329026,2,2004-07-29
16504,1314869,3,2004-08-06
16504,521985,1,2004-01-25
16504,1662120,2,2004-05-18
16504,982350,3,2004-04-01
16504,2496492,2,2004-09-02
16504,113090,3,2004-01-11
16504,2353394,3,2004-11-13
16504,12974,1,2005-08-16
16504,762249,4,2004-06-21
16504,256218,5,2004-05-06
16504,481484,4,2005-02-24
16504,2048858,3,2005-09-26
16504,937580,4,2005-10-04
16504,897831,4,2001-06-09
16504,2237185,2,2001-12-14
16504,1166912,2,2003-05-08
16504,2281685,5,2004-12-30
16504,1842197,3,2003-07-30
16504,2034955,4,2005-03-06
16504,1912002,3,2005-12-05
16504,617737,4,2002-04-06
16504,2439493,1,2003-02-12
16504,586257,3,2005-10-27
16504,1065163,2,2005-03-16
16504,1306528,4,2004-03-12
16504,1615548,4,2004-10-10
16504,1488460,1,2005-11-27
16504,1023893,2,2005-09-26
16504,1771397,3,2005-12-22
16504,1174162,2,2002-08-07
16504,175666,1,2002-07-19
16504,1942557,1,2002-05-15
16504,732221,5,2004-02-12
16504,2345098,3,2005-07-06
16504,2151228,3,2002-04-06
16504,525679,3,2005-07-28
16504,391201,1,2005-08-28
16504,1692897,4,2004-03-11
16504,399693,1,2002-04-08
16504,1915462,4,2005-05-19
16504,2095168,5,2001-05-03
16504,121324,2,2004-03-30
16504,2264426,2,2003-10-09
16504,59194,5,2005-05-23
16504,2410819,3,2005-12-01
16504,433126,2,2003-08-25
16504,1784430,2,2005-03-28
16504,732907,4,2005-04-06
16504,1836230,3,2004-11-12
16504,249411,2,2005-01-20
16504,757456,1,2003-07-22
16504,851178,3,2005-11-28
16504,1084626,2,2002-06-13
16504,1418566,3,2005-07-20
16504,2031198,1,2003-12-03
16504,1387650,1,2003-08-25
16504,610397,4,2005-09-07
16504,1270144,2,2005-09-19
16504,229950,1,2003-06-25
16504,2425741,1,2004-03-10
16504,428653,5,2003-05-08
16504,2197203,3,2004-05-30
16504,1430873,4,2004-10-11
16504,989746,2,2005-04-03
16504,1574439,2,2004-11-02
16504,1426404,2,2004-11-04
16504,539235,2,2003-06-09
16504,1805932,3,2005-07-21
16504,2594528,3,2004-11-22
16504,2496561,4,2002-01-15
16504,1974488,3,2003-01-15
16504,2045883,1,2004-07-01
16504,2185247,5,2004-11-11
16504,66885,4,2004-12-15
16504,61884,4,2005-04-11
16504,10161,5,2005-10-05
16504,2315143,5,2004-07-29
16504,2136927,3,2004-02-06
16504,1764923,2,2004-04-17
16504,1117356,2,2001-04-16
16504,107776,2,2005-03-28
16504,2246014,3,2001-12-06
16504,506612,4,2003-06-28
16504,1160224,3,2005-02-24
16504,1478444,3,2003-07-05
16504,1163530,1,2004-11-12
16504,2501529,3,2004-04-05
16504,1306304,1,2003-07-08
16504,799442,3,2004-05-20
16504,1842072,3,2004-10-13
16504,23051,4,2005-01-09
16504,2585864,3,2005-10-24
16504,2330864,5,2005-10-25
16504,520473,3,2001-01-09
16504,349149,4,2000-11-07
16504,1330032,3,2002-12-24
16504,1749246,3,2004-08-29
16504,1441297,4,2005-09-07
16504,639089,3,2005-01-03
16504,1140255,5,2004-03-23
16504,576961,2,2005-02-01
16504,67955,1,2005-09-20
16504,1495111,2,2005-07-14
16504,1628830,3,2005-10-11
16504,1714897,2,2000-11-30
16504,744232,1,2003-10-09
16504,2310578,3,2005-04-13
16504,321180,3,2005-05-09
16504,106025,3,2004-02-04
16504,603349,5,2004-02-20
16504,1651187,3,2005-02-01
16504,1072072,3,2001-11-09
16504,336842,3,2005-12-28
16504,605397,4,2005-04-01
16504,1664010,5,2005-10-17
16504,2465843,1,2004-07-07
16504,943538,1,2005-04-05
16504,90660,2,2004-02-17
16504,678846,1,2005-04-13
16504,2259174,3,2005-09-14
16504,1363196,1,2005-09-24
16504,698521,2,2002-03-28
16504,2619865,4,2005-07-14
16504,1410312,1,2003-08-31
16504,2314246,2,2004-01-12
16504,476098,2,2005-09-10
16504,2090117,3,2005-12-25
16504,1891355,4,2001-08-14
16504,1249058,4,2005-01-28
16504,2007221,3,2005-09-21
16504,873713,1,2004-10-25
16504,2189262,1,2001-08-16
16504,314357,5,2004-06-20
16504,286684,2,2003-03-05
16504,84150,4,2003-04-28
16504,1326994,2,2003-10-29
16504,1951977,1,2005-12-30
16504,1298511,1,2003-07-09
16504,2419394,1,2003-10-22
16504,683124,4,2004-08-03
16504,37362,2,2005-03-10
16504,1974864,1,2002-10-05
16504,1001157,3,2005-05-29
16504,1180972,5,2004-08-06
16504,2522005,5,2004-08-14
16504,2494928,3,2005-03-16
16504,2293836,2,2005-06-21
16504,458819,2,2001-07-31
16504,811013,4,2004-06-04
16504,1718526,4,2004-03-09
16504,1782430,1,2003-03-31
16504,262143,3,2003-11-28
16504,1859530,1,2005-03-01
16504,2290732,5,2004-09-08
16504,923268,3,2005-06-20
16504,973487,3,2005-10-27
16504,315894,1,2001-12-06
16504,554477,2,2004-07-02
16504,268159,2,2005-07-18
16504,2526824,3,2003-08-28
16504,2343087,4,2004-11-17
16504,1036138,2,2005-06-03
16504,1968102,3,2005-08-04
16504,1616870,3,2005-08-27
16504,2223839,2,2003-10-02
16504,2056368,3,2005-10-11
16504,1269998,1,2002-12-24
16504,2076259,5,2003-02-14
16504,1009635,3,2003-12-23
16504,2566840,1,2002-04-12
16504,2534061,1,2003-02-28
16504,2421082,4,2005-05-01
16504,115821,3,2003-02-28
16504,2519299,3,2004-08-09
16504,82059,4,2005-08-14
16504,1209557,4,2005-07-13
16504,2093248,3,2003-10-31
16504,1185410,1,2003-06-04
16504,2544308,4,2005-09-17
16504,2315689,4,2005-10-13
16504,1308780,1,2003-02-21
16504,2025276,1,2003-05-23
16504,2484715,3,2005-11-04
16504,1345636,3,2005-04-14
16504,1653519,1,2005-05-23
16504,2620872,1,2003-12-15
16504,1578801,3,2005-11-08
16504,16272,2,2002-12-28
16504,2390588,4,2005-11-21
16504,1314409,2,2002-12-03
16504,1778599,1,2003-09-10
16504,1350183,2,2005-10-22
16504,106647,4,2005-10-26
16504,2394024,2,2005-09-21
16504,2090369,3,2005-01-19
16504,866079,2,2005-10-05
16504,218271,3,2003-04-22
16504,1250372,2,2005-09-02
16504,1354215,2,2005-02-25
16504,305344,4,2003-05-10
16504,2538506,1,2004-11-22
16504,1504049,3,2005-06-08
16504,80548,3,2005-10-14
16504,589175,2,2004-04-04
16504,1159683,3,2003-07-31
16504,591945,4,2005-04-03
16504,1817117,5,2005-09-20
16504,1114884,4,2004-09-21
16504,63971,1,2003-08-21
16504,1200479,2,2004-09-25
16504,58863,4,2005-04-21
16504,2415199,2,2005-02-14
16504,285177,3,2005-02-27
16504,945173,1,2003-05-22
16504,1859908,2,2004-09-08
16504,2135015,3,2004-05-24
16504,2016653,4,2003-10-20
16504,1631617,3,2005-10-17
16504,2137795,4,2005-07-10
16504,2410829,2,2004-08-31
16504,1126252,1,2005-12-11
16504,411512,2,2001-11-06
16504,1332017,2,2005-10-15
16504,2565829,4,2003-04-16
16504,995426,5,2004-08-24
16504,1395295,2,2005-01-22
16504,240285,3,2004-01-23
16504,2451330,3,2004-12-13
16504,424825,4,2005-04-28
16504,236699,2,2005-06-02
16504,1089692,2,2001-07-24
16504,1075444,3,2003-11-07
16504,2305400,1,2005-09-19
16504,551208,2,2003-10-09
16504,924765,2,2003-12-24
16504,464504,2,2001-04-27
16504,19595,1,2005-11-03
16504,732863,5,2003-06-17
16504,828286,3,2005-05-26
16504,846959,4,2005-09-15
16504,2064995,3,2002-09-12
16504,1184111,3,2004-10-19
16504,2580353,3,2005-10-21
16504,472227,3,2005-11-03
16504,1760492,1,2003-07-28
16504,1408743,3,2003-08-16
16504,866366,2,2005-02-28
16504,1178382,4,2005-05-06
16504,1785017,3,2005-10-11
16504,745936,1,2004-01-02
16504,2075634,3,2004-10-26
16504,1617293,1,2002-07-17
16504,1093643,2,2002-07-06
16504,1362141,3,2004-01-16
16504,1622462,3,2003-08-07
16504,1101079,2,2004-05-14
16504,2545730,2,2004-11-07
16504,1455166,4,2004-02-24
16504,222659,5,2005-01-26
16504,1866323,3,2005-06-01
16504,1879437,2,2002-12-03
16504,1298173,3,2005-02-13
16504,2118461,4,2005-12-19
16504,1148655,5,2003-10-06
16504,1935388,2,2003-03-03
16504,446674,2,2000-09-24
16504,255470,4,2004-08-31
16504,230967,2,2003-08-22
16504,387418,2,2003-10-10
16504,2508312,2,2004-01-30
16504,357374,4,2001-12-07
16504,2257189,1,2005-08-27
16504,2367553,3,2005-07-29
16504,160160,1,2003-07-15
16504,397212,4,2004-04-24
16504,2228179,1,2004-10-04
16504,1008749,1,2005-02-13
16504,1114324,1,2005-05-02
16504,1926723,3,2002-05-03
16504,967062,2,2005-08-24
16504,1486911,3,2004-09-27
16504,318572,2,2005-01-07
16504,2073793,3,2005-02-02
16504,1112719,3,2005-09-27
16504,2257812,4,2002-10-24
16504,1932594,1,2004-08-10
16504,356615,1,2002-05-16
16504,1073300,3,2005-07-28
16504,2452802,2,2005-11-21
16504,1345254,1,2004-01-22
16504,1663888,3,2005-09-17
16504,2308600,3,2005-04-26
16504,947104,3,2000-08-02
16504,1609949,3,2005-05-19
16504,1037245,3,2005-12-27
16504,2489039,4,2005-02-17
16504,191869,3,2003-07-09
16504,1813962,2,2004-05-13
16504,1163386,5,2004-08-02
16504,86394,4,2004-10-23
16504,1512462,4,2005-12-21
16504,2165012,3,2003-04-03
16504,1639792,1,2002-05-11
16504,1279360,3,2004-06-10
16504,506212,1,2002-02-03
16504,684582,5,2005-10-31
16504,263763,2,2005-07-12
16504,243068,1,2003-10-24
16504,2613105,4,2005-04-22
16504,1424169,2,2001-04-09
16504,849485,3,2004-02-12
16504,357046,5,2004-05-03
16504,1328814,3,2005-10-25
16504,151629,2,2003-01-16
16504,1201442,2,2004-03-25
16504,2353534,3,2004-10-05
16504,2009645,4,2004-10-22
16504,1851268,1,2005-04-25
16504,1470872,3,2005-03-18
16504,721741,1,2004-11-30
16504,2297954,3,2001-09-18
16504,1744065,2,2003-10-13
16504,2405791,1,2003-11-29
16504,36275,1,2005-10-05
16504,438716,3,2001-01-18
16504,811581,4,2004-11-07
16504,1420080,1,2003-07-27
16504,1092407,5,2004-02-20
16504,1580917,3,2005-03-15
16504,2268901,1,2005-10-01
16504,654591,2,2003-08-24
16504,471831,1,2004-10-02
16504,723448,3,2004-10-07
16504,107876,3,2005-01-02
16504,1533807,4,2005-05-01
16504,188613,2,2002-03-30
16504,877698,2,2004-12-01
16504,684648,3,2004-07-22
16504,2366001,2,2003-02-13
16504,1187767,3,2005-07-18
16504,776127,4,2005-04-18
16504,44490,3,2001-04-14
16504,510426,1,2005-07-18
16504,568523,4,2003-09-15
16504,1704416,3,2004-09-21
16504,371143,1,2005-02-18
16504,1441086,3,2005-03-01
