15995,699878,2,2003-01-16
15995,1648646,3,2002-08-17
15995,2344483,3,2002-11-20
15995,1977959,3,2002-06-17
15995,2004175,3,2002-07-22
15995,2521612,2,2003-07-11
15995,1974436,2,2005-12-27
15995,1784308,2,2005-01-06
15995,1026298,1,2003-05-13
15995,669239,1,2002-08-05
15995,2582396,4,2002-01-27
15995,2561861,5,2002-08-19
15995,1639561,3,2002-08-21
15995,1077014,3,2003-06-03
15995,1509013,5,2002-04-12
15995,2559742,4,2005-09-26
15995,1362715,2,2003-06-18
15995,1559022,3,2004-07-25
15995,716650,3,2004-02-14
15995,1001129,2,2004-10-29
15995,2478345,2,2005-05-02
15995,2604976,4,2005-08-01
15995,1113077,3,2004-10-25
15995,2571175,4,2003-03-29
15995,1030857,1,2004-01-20
15995,2645206,2,2003-11-05
15995,2049054,3,2003-12-26
15995,1272379,1,2002-04-06
15995,218543,4,2005-01-19
15995,1703879,3,2004-08-20
15995,458603,3,2004-02-16
15995,2525421,3,2003-03-22
15995,447282,2,2004-04-22
15995,2439493,1,2003-04-01
15995,2258287,3,2005-08-19
15995,627357,3,2004-01-18
15995,2444710,2,2002-01-22
15995,420526,2,2005-05-31
15995,2100960,2,2004-01-02
15995,14988,3,2003-02-14
15995,1992962,2,2003-08-26
15995,1039556,2,2003-08-27
15995,2208809,3,2002-04-13
15995,1028463,1,2004-02-03
15995,2365581,3,2004-08-07
15995,1840269,2,2004-10-01
15995,505875,3,2003-11-08
15995,2047805,4,2004-08-08
15995,102721,3,2004-05-09
15995,862071,3,2003-02-12
15995,1876520,1,2002-06-05
15995,327062,1,2003-04-10
15995,296959,3,2005-04-29
15995,1753825,3,2005-09-22
15995,2627705,3,2002-05-02
15995,2497281,2,2004-11-20
15995,1142961,2,2005-09-14
15995,1764923,2,2005-07-23
15995,838052,2,2003-01-25
15995,1124262,2,2003-03-07
15995,554137,1,2003-06-30
15995,2628604,5,2005-08-18
15995,924104,4,2004-02-15
15995,867588,1,2003-04-11
15995,878405,3,2003-10-21
15995,1330032,2,2002-11-25
15995,131890,3,2005-08-10
15995,1183089,2,2004-01-04
15995,216575,4,2003-08-19
15995,110163,3,2004-01-28
15995,1651187,4,2002-12-03
15995,1363990,3,2002-12-27
15995,973313,1,2002-07-21
15995,1741182,4,2004-01-27
15995,972104,2,2003-06-11
15995,2518826,1,2004-03-29
15995,1664010,3,2005-10-17
15995,1902838,3,2001-11-17
15995,349403,3,2002-07-24
15995,1637555,1,2003-01-10
15995,2165339,4,2003-01-10
15995,702643,5,2002-03-19
15995,1871627,4,2002-08-30
15995,90660,3,2004-12-10
15995,1317566,3,2005-05-14
15995,1370932,5,2005-11-15
15995,2021629,3,2002-11-19
15995,572481,1,2002-10-18
15995,1321630,2,2004-11-10
15995,393813,2,2005-04-07
15995,86246,3,2003-10-21
15995,2244725,4,2004-02-12
15995,2541757,2,2004-11-08
15995,2378112,2,2005-04-22
15995,327821,4,2003-08-29
15995,2306557,4,2005-07-22
15995,637206,3,2005-07-22
15995,1195586,4,2002-08-12
15995,2522614,3,2005-03-15
15995,2291306,2,2004-03-03
15995,316591,4,2001-11-18
15995,311565,3,2005-05-22
15995,125392,2,2002-08-04
15995,2167227,3,2004-10-09
15995,681961,3,2004-04-10
15995,1412554,1,2003-01-24
15995,441038,3,2002-11-26
15995,2113760,2,2005-09-08
15995,2499476,2,2003-07-25
15995,2356980,5,2002-02-26
15995,1498062,3,2005-08-03
15995,2211857,2,2003-02-18
15995,2056631,4,2005-11-22
15995,16272,3,2002-08-03
15995,414298,3,2002-11-27
15995,475475,3,2002-06-02
15995,545639,3,2004-07-21
15995,1627955,2,2004-05-07
15995,2605347,3,2005-07-15
15995,620552,2,2004-07-07
15995,305344,3,2002-11-21
15995,986333,3,2003-11-19
15995,827240,1,2004-12-24
15995,2576347,4,2003-09-18
15995,1137186,1,2003-02-24
15995,2030141,2,2004-05-05
15995,306569,2,2001-12-30
15995,1340872,3,2003-07-28
15995,211464,2,2002-12-19
15995,778163,4,2003-01-08
15995,371098,4,2004-08-26
15995,359374,2,2004-07-08
15995,1485366,3,2005-04-30
15995,1791707,2,2003-10-11
15995,461037,2,2003-06-17
15995,256392,5,2004-02-25
15995,749830,3,2005-05-10
15995,1337517,3,2003-12-01
15995,1314644,3,2003-10-26
15995,430318,4,2003-12-20
15995,962904,3,2003-10-21
15995,1527361,1,2004-08-09
15995,1894334,5,2004-04-17
15995,249936,4,2004-12-26
15995,1303756,4,2005-08-19
15995,673043,3,2003-04-14
15995,1708714,4,2002-12-05
15995,996018,3,2004-11-26
15995,1598717,2,2005-05-20
15995,1566569,4,2002-04-21
15995,1267125,3,2005-02-28
15995,17128,3,2002-10-04
15995,1239283,1,2004-11-09
15995,1178330,2,2004-10-17
15995,2474140,1,2005-07-05
15995,1470272,2,2003-05-08
15995,2505378,5,2002-08-14
15995,1516350,3,2004-05-23
15995,1190829,4,2002-04-12
15995,108859,2,2004-01-02
15995,1838292,1,2004-11-30
15995,1753963,5,2005-03-08
15995,2118461,3,2005-12-20
15995,2410042,4,2003-12-06
15995,650956,4,2004-12-17
15995,2439933,4,2005-03-08
15995,387418,2,2003-09-09
15995,1701859,2,2004-03-30
15995,363739,1,2004-10-13
15995,1114324,1,2005-05-03
15995,2390191,2,2002-12-20
15995,2115299,4,2004-02-06
15995,873478,3,2004-10-18
15995,1629989,2,2005-06-24
15995,1749656,2,2002-08-06
15995,794999,5,2004-06-22
15995,1061195,4,2003-12-14
15995,2273981,3,2004-01-07
15995,2616235,2,2004-03-22
15995,705060,2,2004-08-24
15995,1663888,3,2004-06-28
15995,1146038,2,2002-08-03
15995,1461435,1,2002-03-15
15995,695567,2,2003-03-04
15995,363515,2,2004-06-14
15995,1826742,2,2003-11-05
15995,1621347,4,2003-05-28
15995,1204865,3,2005-10-14
15995,2209175,3,2004-08-02
15995,2492458,2,2004-01-15
15995,1639792,1,2002-04-10
15995,928328,2,2002-09-20
15995,327805,3,2005-03-15
15995,2143500,2,2005-01-30
15995,82817,2,2004-04-06
15995,2136526,3,2004-03-01
15995,580498,1,2004-04-06
15995,1906240,3,2005-07-10
15995,1701887,3,2003-05-03
15995,2538904,3,2004-02-27
15995,1363215,1,2005-06-14
15995,2581215,4,2005-07-14
15995,640462,2,2004-12-07
15995,2424328,2,2003-02-18
15995,229439,3,2002-12-11
15995,1590771,5,2003-03-07
15995,760924,2,2002-04-17
15995,428688,2,2002-04-13
15995,2242475,4,2003-07-03
15995,188613,3,2004-04-18
15995,2090242,2,2005-03-11
15995,1300759,3,2004-09-27
15995,1245418,2,2004-01-22
