5340,249052,5,2005-11-05
5340,2503129,2,2005-11-08
5340,471879,3,2005-11-11
5340,2214382,2,2005-12-15
5340,1487697,3,2005-11-07
5340,1884747,3,2005-11-22
5340,1729881,2,2005-12-06
5340,1009741,3,2005-11-01
5340,1577507,4,2005-11-01
5340,322178,1,2005-11-29
5340,2544364,2,2005-11-21
5340,1131364,3,2005-12-23
5340,1227322,1,2005-10-18
5340,2488790,4,2005-11-02
5340,178655,2,2005-11-04
5340,2152596,3,2005-11-09
5340,1455792,3,2005-11-18
5340,1559022,3,2005-10-26
5340,583284,3,2005-10-31
5340,2155977,4,2005-12-05
5340,1511683,1,2005-10-25
5340,1787526,3,2005-11-08
5340,943452,3,2005-11-07
5340,1971822,3,2005-11-15
5340,644503,1,2005-12-03
5340,1848036,3,2005-10-31
5340,2289197,3,2005-10-29
5340,54325,3,2005-11-10
5340,2156263,3,2005-11-15
5340,2584153,3,2005-12-14
5340,2630187,5,2005-10-28
5340,854751,4,2005-11-01
5340,1562670,3,2005-10-31
5340,314933,2,2005-11-03
5340,870499,3,2005-11-08
5340,1314869,3,2005-11-24
5340,436060,2,2005-11-11
5340,582730,5,2005-10-17
5340,1635170,3,2005-11-01
5340,534043,3,2005-11-06
5340,731133,3,2005-11-08
5340,1236332,3,2005-11-07
5340,82921,2,2005-11-08
5340,1584722,3,2005-11-24
5340,147386,2,2005-10-27
5340,1778723,3,2005-11-01
5340,2620577,3,2005-11-13
5340,614246,3,2005-11-14
5340,214762,3,2005-11-16
5340,2440972,2,2005-11-30
5340,270543,2,2005-12-20
5340,732221,3,2005-10-27
5340,119110,3,2005-11-05
5340,2204991,3,2005-11-27
5340,2539475,3,2005-11-28
5340,1634443,4,2005-12-02
5340,1792064,3,2005-10-30
5340,1540380,4,2005-11-06
5340,838868,2,2005-12-13
5340,776727,2,2005-11-07
5340,1425527,4,2005-12-20
5340,1683491,1,2005-11-01
5340,1467743,3,2005-11-07
5340,496267,3,2005-11-08
5340,2139059,3,2005-11-08
5340,672153,5,2005-12-14
5340,1865540,1,2005-12-28
5340,1801660,2,2005-11-06
5340,95388,3,2005-11-16
5340,1437617,2,2005-10-28
5340,1014299,4,2005-11-02
5340,2248080,2,2005-11-04
5340,960843,1,2005-11-09
5340,1501943,3,2005-11-10
5340,598582,4,2005-12-04
5340,2198070,3,2005-11-01
5340,2578078,2,2005-11-15
5340,2142917,1,2005-10-26
5340,596995,3,2005-10-29
5340,2331579,3,2005-12-14
5340,495041,4,2005-11-28
5340,456534,4,2005-10-31
5340,1019475,2,2005-11-30
5340,364749,4,2005-11-01
5340,291085,2,2005-11-02
5340,29905,2,2005-10-30
5340,2198039,3,2005-11-06
5340,1925598,4,2005-11-07
5340,2623976,1,2005-11-29
5340,721369,2,2005-11-07
5340,2482691,3,2005-11-14
5340,456367,3,2005-11-20
5340,2427795,2,2005-11-07
5340,1718854,4,2005-11-09
5340,184705,4,2005-11-29
5340,2135554,3,2005-11-04
5340,319205,2,2005-12-20
5340,1583247,3,2005-10-27
5340,1830690,3,2005-10-31
5340,2101646,5,2005-10-31
5340,1537675,3,2005-12-02
5340,1701074,1,2005-11-29
5340,1095815,2,2005-11-03
5340,1817599,5,2005-11-15
5340,1140910,3,2005-12-26
5340,2521051,3,2005-12-30
5340,1011672,3,2005-11-11
5340,936414,3,2005-12-16
5340,1714897,1,2005-12-11
5340,744232,1,2005-12-14
5340,2516386,4,2005-12-18
5340,603349,5,2005-10-31
5340,2383662,2,2005-10-29
5340,1664010,3,2005-10-17
5340,913568,2,2005-11-17
5340,658721,2,2005-10-28
5340,1769897,3,2005-11-04
5340,369646,2,2005-10-26
5340,1908691,2,2005-11-03
5340,2335403,3,2005-11-08
5340,99546,2,2005-11-11
5340,1331230,3,2005-10-27
5340,62346,2,2005-10-29
5340,2194360,3,2005-10-31
5340,1763801,2,2005-11-14
5340,2444202,3,2005-11-03
5340,814979,3,2005-11-03
5340,804125,3,2005-11-02
5340,2509360,2,2005-11-04
5340,2049525,1,2005-11-15
5340,1516320,1,2005-10-28
5340,1376727,1,2005-12-21
5340,2078996,1,2005-11-08
5340,641817,4,2005-11-30
5340,948733,3,2005-10-31
5340,2549460,2,2005-11-03
5340,2081058,2,2005-11-04
5340,2485865,3,2005-11-13
5340,1865245,2,2005-12-03
5340,1698260,5,2005-11-09
5340,1599662,3,2005-10-28
5340,1253144,3,2005-11-07
5340,819863,3,2005-11-16
5340,989201,4,2005-11-30
5340,2177629,3,2005-10-31
5340,158309,2,2005-11-09
5340,786950,3,2005-12-21
5340,1497880,1,2005-11-01
5340,1796212,2,2005-11-13
5340,2036973,3,2005-12-03
5340,320806,2,2005-11-28
5340,2350033,3,2005-10-31
5340,1390062,3,2005-11-02
5340,1688099,2,2005-11-08
5340,844443,2,2005-11-08
5340,1777614,3,2005-10-25
5340,2481658,2,2005-11-08
5340,216701,3,2005-11-01
5340,2602674,3,2005-11-06
5340,1690588,3,2005-11-14
5340,929407,2,2005-10-28
5340,1100708,3,2005-11-12
5340,2016659,3,2005-11-11
5340,654817,1,2005-11-01
5340,1593330,2,2005-12-05
5340,209366,2,2005-11-06
5340,1311714,2,2005-11-21
5340,2381271,1,2005-11-13
5340,742372,1,2005-12-29
5340,1725008,3,2005-10-30
5340,2425368,3,2005-10-27
5340,2074837,4,2005-11-25
5340,261394,4,2005-12-26
5340,1611417,3,2005-12-06
5340,2130756,2,2005-10-30
5340,1103590,3,2005-12-03
5340,305344,1,2005-10-14
5340,529226,3,2005-10-26
5340,548581,4,2005-11-05
5340,695562,3,2005-11-06
5340,1830693,2,2005-11-15
5340,1776874,1,2005-12-10
5340,761741,4,2005-11-02
5340,1448930,3,2005-11-09
5340,2216721,4,2005-10-24
5340,478815,2,2005-11-06
5340,2232415,1,2005-11-12
5340,482758,3,2005-11-10
5340,1288627,3,2005-11-08
5340,1414091,3,2005-12-01
5340,2188696,3,2005-12-11
5340,458457,1,2005-11-01
5340,19656,2,2005-12-28
5340,1232772,3,2005-11-02
5340,954871,2,2005-11-07
5340,2315012,1,2005-11-15
5340,21350,3,2005-12-24
5340,518079,3,2005-11-13
5340,823075,2,2005-11-02
5340,2606726,3,2005-11-03
5340,580251,2,2005-11-22
5340,1780711,2,2005-11-16
5340,1946202,3,2005-11-02
5340,2326969,2,2005-10-30
5340,161767,3,2005-11-17
5340,1199101,3,2005-11-01
5340,42094,4,2005-11-14
5340,2056022,3,2005-10-28
5340,473748,2,2005-11-21
5340,2176465,2,2005-10-27
5340,1320587,3,2005-11-08
5340,2107187,1,2005-11-11
5340,767134,4,2005-11-03
5340,1736630,3,2005-11-07
5340,1265606,3,2005-11-10
5340,599577,3,2005-11-14
5340,49229,3,2005-11-05
5340,2454777,3,2005-12-12
5340,1943930,3,2005-12-18
5340,2118461,3,2005-11-07
5340,522180,3,2005-10-27
5340,2334969,2,2005-11-08
5340,2124196,3,2005-11-08
5340,2157060,3,2005-11-10
5340,2238466,2,2005-12-12
5340,1271103,5,2005-10-28
5340,1258892,3,2005-11-18
5340,529687,3,2005-12-10
5340,387418,1,2005-12-02
5340,1666895,3,2005-11-09
5340,360421,2,2005-12-01
5340,835353,3,2005-12-16
5340,1175494,2,2005-11-06
5340,1932594,3,2005-12-18
5340,1023432,4,2005-11-19
5340,1553545,1,2005-10-27
5340,1257336,4,2005-10-31
5340,594255,4,2005-12-15
5340,874732,3,2005-11-04
5340,2361369,3,2005-12-01
5340,2367323,2,2005-10-25
5340,351328,1,2005-11-02
5340,1861617,2,2005-12-08
5340,2183930,2,2005-12-14
5340,2572983,3,2005-10-27
5340,773250,5,2005-10-31
5340,170248,3,2005-11-01
5340,1583566,3,2005-10-30
5340,70150,3,2005-11-28
5340,1548038,3,2005-11-01
5340,1122318,4,2005-11-08
5340,460616,3,2005-11-22
5340,2221806,1,2005-11-01
5340,807994,3,2005-11-10
5340,2095348,4,2005-11-17
5340,754104,3,2005-11-28
5340,899133,3,2005-11-17
5340,1592086,1,2005-12-12
5340,1420080,4,2005-10-27
5340,412805,1,2005-11-08
5340,1588693,5,2005-12-15
5340,1533146,3,2005-11-28
5340,2589781,5,2005-10-31
5340,1866164,4,2005-11-02
5340,214568,3,2005-11-26
5340,2482806,3,2005-10-28
5340,1535440,3,2005-10-29
5340,1310831,3,2005-11-07
