10805,1172232,5,2002-06-01
10805,1415868,1,2004-09-24
10805,2237038,5,2005-01-12
10805,359927,3,2005-05-23
10805,1187543,2,2005-08-27
10805,1517435,4,2004-09-17
10805,1673307,4,2005-09-22
10805,2340465,2,2005-11-06
10805,2551641,2,2003-08-01
10805,243877,4,2005-05-29
10805,1497241,1,2005-10-26
10805,1549174,1,2003-08-05
10805,1476048,3,2004-07-17
10805,1984086,3,2004-09-16
10805,1891708,3,2005-06-07
10805,2423892,5,2005-12-07
10805,953357,2,2003-10-22
10805,916746,4,2003-09-29
10805,2293810,1,2004-09-01
10805,2205932,5,2004-11-07
10805,1425966,5,2005-06-12
10805,1659847,2,2005-06-28
10805,846951,3,2005-11-19
10805,2278767,4,2005-07-08
10805,221091,3,2003-08-20
10805,2402990,3,2003-08-31
10805,1746058,4,2004-06-15
10805,1486253,2,2004-07-02
10805,1348148,2,2004-12-14
10805,2244849,3,2005-07-18
10805,1265716,5,2003-03-20
10805,1270009,3,2005-07-28
10805,326121,1,2004-02-11
10805,2544364,3,2004-08-10
10805,1769834,2,2005-03-08
10805,1701298,3,2005-05-19
10805,1300793,2,2003-08-12
10805,39526,2,2004-09-12
10805,2101248,1,2004-12-10
10805,304879,4,2003-03-18
10805,1612138,5,2005-04-08
10805,1839937,1,2004-09-20
10805,23899,3,2005-02-15
10805,2409879,2,2005-04-04
10805,344540,1,2004-07-30
10805,1986710,5,2005-10-11
10805,1366054,3,2004-01-04
10805,2626986,4,2004-04-15
10805,1947673,4,2004-11-23
10805,1434637,3,2004-11-30
10805,2620050,5,2005-02-16
10805,2331863,3,2005-03-14
10805,929308,3,2005-05-02
10805,1179117,3,2005-07-11
10805,1916224,1,2000-09-24
10805,1624174,4,2003-09-14
10805,590059,5,2004-03-23
10805,35206,3,2005-06-07
10805,85550,5,2005-11-06
10805,2119007,4,2005-08-20
10805,1679741,5,2003-08-06
10805,1749718,1,2005-03-26
10805,570414,2,2005-05-10
10805,366190,3,2005-09-16
10805,1260762,1,2002-07-15
10805,1352917,5,2005-07-28
10805,190775,5,2005-02-07
10805,530740,4,2004-05-03
10805,1906860,2,2004-09-15
10805,604856,3,2005-01-31
10805,81031,2,2005-02-23
10805,114551,5,2005-04-06
10805,273945,4,2005-11-18
10805,1527948,3,2003-11-10
10805,1262753,4,2004-10-05
10805,1084598,4,2005-04-26
10805,2081751,3,2005-12-30
10805,1559022,3,2003-11-17
10805,2103029,3,2005-08-01
10805,530247,2,2004-08-01
10805,535973,4,2005-03-04
10805,2167266,4,2005-04-05
10805,2050757,3,2005-04-27
10805,941528,2,2005-09-11
10805,2647004,2,2005-10-26
10805,2293890,5,2005-04-28
10805,1801037,5,2004-06-30
10805,2620981,5,2004-12-06
10805,1866197,3,2005-10-12
10805,789969,2,2005-04-10
10805,1113077,3,2005-11-17
10805,2187825,5,2005-01-12
10805,1115434,1,2005-05-02
10805,2171124,5,2003-10-06
10805,2191975,4,2004-04-06
10805,933248,5,2005-09-10
10805,2571175,3,2002-11-09
10805,2479320,3,2003-10-09
10805,257622,2,2004-07-20
10805,727242,1,2004-01-07
10805,1539697,3,2004-11-17
10805,1488177,3,2005-05-18
10805,11841,2,2005-06-13
10805,2126534,4,2005-10-24
10805,2168500,4,2002-06-06
10805,2561299,4,2005-07-19
10805,1030857,1,2004-01-20
10805,1259776,5,2004-03-20
10805,2414622,3,2005-01-04
10805,155271,5,2005-12-21
10805,678272,4,2004-05-02
10805,1949785,1,2003-10-20
10805,592914,5,2004-09-01
10805,1365396,4,2004-06-06
10805,410857,4,2005-03-02
10805,1840257,5,2005-03-06
10805,1496080,2,2005-03-07
10805,1399571,2,2005-03-18
10805,1145956,2,2005-09-12
10805,2176168,5,2004-07-15
10805,96802,3,2005-07-14
10805,951900,2,2004-01-13
10805,1729738,4,2005-02-19
10805,1314869,3,2004-11-01
10805,1792741,2,2005-03-21
10805,599328,4,2005-04-21
10805,1759886,3,2005-06-29
10805,2100574,5,2005-11-13
10805,888912,3,2001-01-22
10805,1517889,3,2005-09-07
10805,547341,5,2004-05-12
10805,652342,1,2004-09-13
10805,1620184,3,2005-05-20
10805,2646449,5,2005-10-08
10805,2237185,3,2004-07-28
10805,1527527,3,2004-04-01
10805,196303,1,2004-07-15
10805,662559,5,2004-12-28
10805,776242,4,2005-11-14
10805,27165,1,2005-07-15
10805,2324807,4,2004-04-02
10805,2464431,5,2004-09-29
10805,1023102,4,2005-02-21
10805,1739615,1,2005-07-26
10805,1417467,5,2003-05-21
10805,1819462,1,2005-04-01
10805,1912002,5,2005-11-15
10805,1734270,2,2003-12-11
10805,2439493,1,2003-06-04
10805,332923,4,2005-08-29
10805,2610959,4,2004-09-22
10805,1684232,2,2003-12-07
10805,2500976,4,2004-04-13
10805,2009131,3,2004-01-19
10805,98978,5,2005-11-02
10805,1998445,4,2005-05-06
10805,834247,5,2005-06-24
10805,1801528,3,2005-11-09
10805,1948046,5,2005-12-14
10805,1116080,3,2005-07-09
10805,36780,4,2004-12-02
10805,712115,3,2005-07-01
10805,2635865,5,2005-10-20
10805,1119482,3,2003-01-09
10805,260616,3,2005-02-25
10805,427923,2,2005-05-06
10805,1722542,5,2005-06-12
10805,1656839,3,2005-12-23
10805,1409486,2,2005-08-18
10805,1512112,3,2004-12-02
10805,2435695,4,2004-12-18
10805,1959658,1,2003-05-08
10805,553372,4,2004-08-13
10805,2388479,4,2004-10-14
10805,2167653,1,2005-04-23
10805,2162676,3,2005-09-23
10805,1117919,2,2005-07-21
10805,537718,5,2005-03-14
10805,1557239,4,2005-07-01
10805,1473980,3,2005-08-30
10805,1409687,3,2003-08-08
10805,1394988,3,2005-06-13
10805,479898,3,2005-02-27
10805,366631,4,2005-04-20
10805,200805,4,2005-09-11
10805,472976,3,2004-01-03
10805,1565489,2,2004-08-09
10805,1623288,3,2004-11-10
10805,379848,2,2005-03-10
10805,2400904,3,2005-04-16
10805,446598,4,2005-10-16
10805,1879542,3,2005-10-28
10805,1806536,3,2003-10-15
10805,1291186,4,2003-04-25
10805,1632756,1,2003-06-13
10805,1712201,3,2004-07-14
10805,1028463,5,2005-02-28
10805,1343027,4,2002-01-25
10805,626120,3,2003-10-08
10805,1473552,1,2004-07-16
10805,2158938,4,2005-01-03
10805,258918,3,2005-12-06
10805,1734369,5,2003-08-11
10805,2071782,5,2004-07-22
10805,2365615,1,2004-10-21
10805,351213,2,2004-10-29
10805,909613,4,2005-04-02
10805,281537,3,2002-11-22
10805,1471182,5,2003-11-06
10805,2310820,3,2005-01-19
10805,230186,5,2005-02-26
10805,1914940,2,2005-03-02
10805,946254,3,2005-05-04
10805,610915,3,2005-10-10
10805,1134023,3,2004-08-20
10805,1075164,3,2004-03-31
10805,2015912,2,2004-11-15
10805,149226,1,2005-02-18
10805,5530,3,2005-05-25
10805,447410,5,2004-05-11
10805,1000578,1,2003-10-23
10805,1119705,2,2005-02-22
10805,888371,2,2005-08-12
10805,813275,3,2004-02-11
10805,2645476,3,2004-03-29
10805,1698184,3,2005-02-01
10805,549518,4,2005-03-23
10805,2258262,3,2005-05-04
10805,1212887,3,2000-01-24
10805,1021814,5,2004-06-18
10805,181941,2,2004-07-20
10805,2082864,2,2005-06-17
10805,1419103,2,2004-06-22
10805,1599231,5,2003-11-28
10805,524142,2,2004-06-11
10805,2254487,4,2005-09-12
10805,1868106,5,2005-02-01
10805,2071424,4,2005-06-06
10805,2329945,4,2005-09-12
10805,66885,4,2002-04-22
10805,595778,3,2003-12-22
10805,616173,3,2004-03-03
10805,667484,4,2004-07-24
10805,1355647,4,2003-09-02
10805,721590,3,2005-08-07
10805,2026681,3,2004-07-05
10805,2334642,3,2004-10-22
10805,886899,1,2004-11-24
10805,2303680,2,2005-07-12
10805,239158,3,2004-04-22
10805,2235269,4,2005-03-31
10805,225701,4,2004-07-01
10805,586648,4,2004-10-20
10805,1562271,4,2005-11-17
10805,457330,3,2005-07-06
10805,236160,3,2005-03-07
10805,1667868,4,2005-07-18
10805,709185,3,2003-03-20
10805,270174,4,2004-01-08
10805,151821,3,2005-06-14
10805,1997148,3,2005-10-08
10805,560678,2,2005-07-08
10805,776838,2,2004-01-15
10805,1803438,1,2005-08-08
10805,850699,3,2003-06-23
10805,2322405,4,2004-11-11
10805,1874390,5,2004-09-03
10805,1954578,3,2004-08-23
10805,134461,5,2004-09-01
10805,2501912,3,2005-11-04
10805,2637932,5,2003-08-05
10805,1587651,4,2005-04-06
10805,1830690,3,2003-03-19
10805,1588878,3,2003-10-20
10805,258332,4,2005-06-24
10805,2015004,4,2005-01-06
10805,735351,2,2005-03-01
10805,2335640,3,2004-09-19
10805,997467,3,2003-03-28
10805,1001701,3,2005-09-05
10805,882978,4,2004-03-04
10805,403620,1,2004-09-12
10805,1916666,2,2004-08-22
10805,1298629,3,2005-10-24
10805,1733617,5,2005-12-16
10805,322009,3,2005-07-25
10805,329790,3,2005-07-31
10805,1495111,3,2005-07-14
10805,1143750,2,2004-04-17
10805,1970924,3,2004-05-16
10805,1895331,3,2005-11-24
10805,843753,5,2003-06-19
10805,120088,1,2005-07-22
10805,1282739,2,2004-09-07
10805,157667,1,2004-09-01
10805,1241201,2,2004-12-08
10805,2068042,2,2005-07-25
10805,375534,4,2004-08-23
10805,2118885,4,2004-09-15
10805,1072072,3,2004-10-01
10805,2259395,3,2005-03-10
10805,154122,2,2005-05-02
10805,1752315,4,2005-06-08
10805,1637615,1,2003-10-24
10805,2227353,4,2003-08-25
10805,695091,2,2004-08-10
10805,1001464,4,2004-10-19
10805,1664010,3,2005-10-13
10805,1902838,2,2000-01-18
10805,1958918,4,2004-05-24
10805,635360,2,2004-08-13
10805,340727,1,2004-10-11
10805,307483,4,2005-12-17
10805,481665,5,2004-11-13
10805,984085,1,2005-10-02
10805,1292216,3,2003-09-21
10805,1801511,3,2005-08-19
10805,2142662,1,2004-10-05
10805,2471799,5,2005-04-28
10805,1521272,4,2003-10-13
10805,2364438,4,2005-08-25
10805,1771405,4,2003-11-04
10805,1010516,5,2003-12-28
10805,2557296,3,2005-09-10
10805,1585897,3,2004-09-23
10805,1335093,5,2005-03-06
10805,862596,1,2005-09-17
10805,445386,4,2005-10-23
10805,114093,5,2000-04-15
10805,2444202,3,2004-04-13
10805,1740122,4,2004-01-28
10805,500736,2,2005-05-11
10805,565014,4,2005-10-31
10805,1252558,2,2003-03-17
10805,2265561,2,2004-10-04
10805,654304,3,2005-10-25
10805,2347227,1,2005-11-15
10805,1782533,2,2002-03-16
10805,2319265,3,2004-07-01
10805,2350301,4,2005-03-25
10805,1743756,4,2005-07-03
10805,135295,3,2005-11-09
10805,2455707,5,2005-07-22
10805,2152856,3,2004-08-30
10805,2470762,5,2005-10-18
10805,1434831,4,2005-11-30
10805,2514777,2,2004-03-29
10805,319786,4,2004-05-03
10805,1036044,5,2004-09-20
10805,1139778,3,2004-10-25
10805,1254033,3,2004-11-10
10805,1180559,3,2005-08-12
10805,1013772,3,2004-08-23
10805,1503517,3,2003-12-24
10805,1358164,4,2004-08-14
10805,1581512,3,2005-10-05
10805,2348446,5,2004-11-23
10805,1893980,1,2005-10-04
10805,1390057,4,2005-11-30
10805,315705,2,2005-07-07
10805,2429044,3,2005-09-25
10805,1508115,5,2004-08-03
10805,1639238,2,2004-09-23
10805,200734,4,2005-02-27
10805,256784,5,2005-07-20
10805,59270,2,2003-12-01
10805,2006011,2,2003-12-07
10805,152075,4,2003-12-23
10805,2311426,4,2003-06-18
10805,2519570,4,2004-04-07
10805,2261465,1,2004-08-12
10805,1467319,1,2004-07-26
10805,1944156,5,2004-09-16
10805,1771108,2,2005-03-18
10805,1523008,4,2005-04-06
10805,2323941,3,2005-06-09
10805,71594,2,2000-06-23
10805,2585979,4,2005-09-28
10805,2216369,3,2004-05-11
10805,622709,1,2005-02-14
10805,2546574,2,2005-07-05
10805,1532306,1,2005-09-26
10805,2052736,5,2005-10-25
10805,1821138,3,2005-11-11
10805,672097,5,2005-11-21
10805,968262,2,2004-02-06
10805,922248,1,2004-08-27
10805,245440,2,2005-10-25
10805,2372141,2,2000-08-08
10805,972601,3,2005-05-31
10805,2378393,4,2005-06-17
10805,2187654,4,2004-11-15
10805,1884948,1,2005-03-08
10805,2526824,3,2005-10-07
10805,1637067,5,2005-08-28
10805,2026543,3,2003-11-13
10805,715898,3,2005-05-18
10805,1616870,4,2005-06-28
10805,1309403,3,2005-10-08
10805,867068,3,2003-08-07
10805,2608832,4,2003-10-16
10805,282376,2,2004-05-24
10805,1545149,2,2005-03-08
10805,551702,5,2005-04-05
10805,2107839,4,2005-05-17
10805,100303,4,2004-11-26
10805,724256,5,2005-05-19
10805,612453,1,2005-11-05
10805,1181022,1,2005-07-26
10805,2461433,3,2005-07-27
10805,2394704,1,2005-11-04
10805,413855,4,2005-12-23
10805,1836587,2,2004-01-26
10805,962273,1,2005-10-04
10805,220944,4,2005-07-05
10805,1570868,2,2003-08-14
10805,1737862,3,2004-08-17
10805,2470465,2,2004-07-06
10805,2589121,2,2004-10-15
10805,1365272,4,2004-10-20
10805,1231605,2,2005-07-05
10805,295393,3,2004-09-01
10805,1792588,1,2003-10-24
10805,521888,3,2005-03-21
10805,1494062,5,2005-11-18
10805,2606799,2,2005-07-10
10805,128348,4,2003-08-04
10805,408457,3,2004-06-24
10805,761476,1,2005-08-06
10805,412001,5,2004-10-11
10805,1072294,2,2004-11-10
10805,2332390,3,2005-01-09
10805,1293655,4,2002-12-22
10805,715339,4,2003-12-28
10805,2581379,3,2004-07-21
10805,1542054,3,2005-05-29
10805,1591646,2,2005-10-12
10805,1846522,5,2005-11-05
10805,957334,5,2005-12-12
10805,2432717,3,2003-11-14
10805,1732429,1,2005-10-05
10805,897732,1,2005-10-30
10805,2625005,1,2004-11-02
10805,1461864,3,2004-11-13
10805,1305753,2,2004-12-23
10805,762165,2,2005-09-14
10805,1014939,3,2005-10-27
10805,759737,2,2005-12-13
10805,1211706,3,2005-12-14
10805,1345375,5,2005-07-22
10805,1184101,2,2003-08-20
10805,1197972,4,2005-02-23
10805,2216730,3,2005-04-11
10805,651546,3,2005-04-25
10805,2212071,5,2005-09-17
10805,2069361,1,2005-11-16
10805,789014,2,2002-12-22
10805,573605,1,2004-10-09
10805,682963,3,2005-06-27
10805,1405684,3,2005-02-01
10805,573073,3,2005-02-10
10805,275282,4,2005-05-16
10805,2324498,1,2005-06-28
10805,504620,1,2005-11-09
10805,1370564,3,2003-08-05
10805,369912,4,2005-04-22
10805,894205,2,2005-04-26
10805,704901,2,2005-12-02
10805,2048079,1,2003-01-02
10805,934835,1,2003-12-08
10805,2630903,2,2005-11-17
10805,563264,2,2005-07-14
10805,1532623,4,2003-11-04
10805,319058,2,2004-08-20
10805,321679,3,2004-10-21
10805,878073,4,2005-05-06
10805,1194439,2,2005-10-31
10805,1504853,2,2003-02-26
10805,2524564,3,2004-12-06
10805,890573,3,2005-03-29
10805,254789,3,2005-08-18
10805,2071552,5,2004-06-21
10805,685997,2,2005-10-11
10805,2592818,5,2005-11-14
10805,410174,2,2004-02-25
10805,1185992,5,2004-07-30
10805,657081,3,2005-02-25
10805,827459,2,2005-09-18
10805,548581,2,2003-03-11
10805,305344,1,2003-08-03
10805,1779014,1,2004-06-21
10805,2538506,2,2004-11-20
10805,1558899,3,2005-10-04
10805,2292233,5,2005-02-20
10805,2360906,1,2003-10-23
10805,2226525,3,2003-09-02
10805,2486758,4,2005-01-01
10805,2179955,5,2005-04-16
10805,997543,3,2005-05-15
10805,234733,3,2004-02-18
10805,2445424,5,2004-08-05
10805,723397,5,2005-03-20
10805,1817142,4,2005-04-06
10805,1648002,5,2005-04-18
10805,1710658,3,2005-12-02
10805,1403217,3,2005-07-06
10805,1839542,3,2003-09-04
10805,419277,5,2005-09-02
10805,1171792,1,2004-07-16
10805,378740,3,2004-12-26
10805,2487272,4,2002-04-22
10805,55339,4,2003-11-05
10805,689488,3,2004-08-07
10805,1522766,5,2005-08-07
10805,765090,5,2004-01-09
10805,126911,2,2005-03-21
10805,1282499,3,2005-03-29
10805,88372,5,2005-09-26
10805,2438872,3,2005-11-14
10805,139358,3,2005-12-28
10805,1595895,3,2001-11-09
10805,2450942,3,2005-02-28
10805,1313443,5,2005-11-10
10805,2478700,3,2004-05-07
10805,1072195,4,2005-04-07
10805,2498800,5,2005-10-02
10805,2104306,2,2003-11-04
10805,2191675,1,2004-05-03
10805,2066199,2,2005-05-05
10805,2090715,3,2005-11-07
10805,465717,4,2003-12-13
10805,2640278,3,2005-04-10
10805,1324003,1,2004-09-02
10805,1054466,3,2005-02-03
10805,1968420,3,2005-12-05
10805,184766,4,2005-07-24
10805,1082342,2,2005-08-24
10805,1099977,5,2004-06-09
10805,1931349,2,2005-09-25
10805,1470976,1,2005-10-02
10805,79367,1,2005-08-01
10805,1517355,3,2003-08-25
10805,2105657,5,2004-03-14
10805,566297,3,2004-05-28
10805,1097559,4,2004-09-27
10805,2029744,4,2005-09-25
10805,2534058,4,2005-12-09
10805,1412938,2,2005-08-18
10805,2110341,3,2004-04-19
10805,2581018,4,2004-01-06
10805,2508315,3,2005-09-19
10805,897755,5,2005-11-30
10805,551176,1,2000-09-16
10805,1816425,3,2003-06-27
10805,1920635,4,2005-09-08
10805,1809691,3,2005-11-07
10805,1768495,2,2005-11-15
10805,2530964,1,2003-11-03
10805,2005241,3,2005-03-24
10805,2270041,3,2005-03-28
10805,402389,5,2005-09-24
10805,240923,3,2004-05-09
10805,589682,2,2003-08-03
10805,729393,2,2004-03-24
10805,2317938,1,2005-03-28
10805,823101,3,2005-12-30
10805,1623640,2,2005-12-30
10805,227151,2,2003-03-18
10805,1329904,2,2005-08-24
10805,1859121,5,2004-04-23
10805,2179738,1,2004-09-14
10805,1784969,3,2005-04-21
10805,1731512,3,2005-07-16
10805,1602243,5,2001-12-24
10805,22105,2,2004-10-16
10805,854406,1,2005-03-22
10805,760565,4,2005-09-16
10805,1527361,2,2000-05-06
10805,1726003,2,2005-07-22
10805,1135351,1,2005-08-22
10805,1577040,4,2003-08-19
10805,1835359,5,2004-08-03
10805,772786,3,2004-11-04
10805,648906,3,2005-05-04
10805,2534256,3,2005-07-13
10805,1561960,2,2005-08-01
10805,2444052,3,2004-01-26
10805,290737,3,2005-10-01
10805,934163,4,2005-10-10
10805,782551,2,2005-11-07
10805,734412,3,2005-08-03
10805,2285798,1,2004-09-16
10805,641792,3,2005-08-25
10805,2482394,5,2004-07-13
10805,2358095,2,2004-09-28
10805,2632273,1,2005-03-29
10805,2056022,2,2005-05-03
10805,332969,4,2005-07-08
10805,2575367,3,2005-04-06
10805,2499884,1,2005-09-22
10805,2487901,1,2005-11-01
10805,1678717,4,2005-12-13
10805,1255290,1,2005-07-11
10805,1110261,4,2005-03-11
10805,2057416,5,2005-04-06
10805,1034831,5,2004-08-19
10805,2264638,2,2005-03-07
10805,1865721,3,2003-11-30
10805,2176465,1,2005-02-24
10805,1402559,4,2005-02-25
10805,455810,2,2005-06-22
10805,2114,2,2005-09-16
10805,1281803,2,2005-10-26
10805,1057236,4,2005-08-09
10805,315561,1,2004-08-26
10805,150038,3,2003-10-09
10805,2441687,3,2003-08-27
10805,982635,3,2004-03-30
10805,679869,4,2005-07-21
10805,1093643,3,2004-10-25
10805,2516469,5,2005-04-11
10805,2088282,3,2005-06-23
10805,2527516,3,2003-11-17
10805,1694850,3,2002-05-02
10805,1737191,4,2003-08-09
10805,36581,1,2003-08-13
10805,2100922,4,2005-04-06
10805,459972,4,2000-09-06
10805,1519378,3,2004-12-05
10805,1950809,3,2004-08-24
10805,1857159,1,2003-12-29
10805,1567754,3,2004-08-25
10805,59000,4,2002-02-24
10805,2118461,4,2005-10-22
10805,164885,3,2005-10-29
10805,1628484,3,2004-01-08
10805,981233,4,2004-10-02
10805,2157060,4,2004-10-28
10805,2581630,3,2005-04-13
10805,1081831,2,2004-05-18
10805,587157,5,2004-07-02
10805,572476,4,2004-07-30
10805,2620516,1,2004-11-15
10805,1231215,5,2005-01-08
10805,563013,5,2003-08-11
10805,387418,2,2003-08-25
10805,1647111,2,2004-03-25
10805,2083249,4,2004-08-09
10805,408180,4,2004-12-05
10805,2409465,3,2005-08-04
10805,608204,2,2003-03-18
10805,442954,1,2004-10-08
10805,1820004,2,2005-11-08
10805,289992,3,2004-08-26
10805,809353,1,2004-05-09
10805,935459,2,2003-09-13
10805,596133,1,2003-02-27
10805,1108640,1,2003-12-19
10805,2362048,4,2003-12-01
10805,2224451,5,2003-10-15
10805,2487127,1,2004-06-17
10805,979084,3,2005-04-11
10805,1898738,3,2004-08-17
10805,1034723,5,2003-08-09
10805,2289851,3,2004-07-20
10805,706777,3,2005-04-22
10805,1698887,3,2005-06-10
10805,936307,2,2002-12-20
10805,112449,3,2003-11-05
10805,385136,3,2005-09-04
10805,953665,2,2004-12-06
10805,1073300,2,2003-09-05
10805,1061195,4,2003-12-04
10805,1985123,5,2005-02-18
10805,1116065,5,2005-03-04
10805,309038,1,2005-05-30
10805,1038488,1,2005-09-20
10805,700490,4,2005-09-26
10805,915103,2,2003-10-23
10805,444566,3,2005-04-20
10805,2472393,3,2005-06-23
10805,1582479,1,2005-08-22
10805,1450718,4,2005-01-09
10805,974573,3,2005-03-07
10805,1557598,4,2005-12-29
10805,431066,3,2005-08-03
10805,1137481,3,2004-01-10
10805,1874618,4,2005-04-01
10805,2273713,3,2005-11-19
10805,1537569,5,2005-07-20
10805,2326453,4,2004-09-07
10805,182203,5,2004-01-02
10805,329475,4,2004-08-14
10805,948208,3,2004-12-16
10805,1883703,3,2005-07-08
10805,2457967,3,2005-08-09
10805,2519055,2,2004-09-09
10805,2427329,3,2003-09-01
10805,1424152,5,2004-09-18
10805,2252922,5,2005-06-13
10805,591336,5,2005-12-15
10805,1037245,3,2005-12-27
10805,1771053,3,2005-07-05
10805,1570885,2,2003-03-19
10805,373898,3,2004-11-24
10805,753066,2,2005-04-06
10805,2406705,2,2005-09-19
10805,1862581,2,2003-10-10
10805,1935323,3,2005-03-15
10805,1642040,3,2005-11-12
10805,1639792,1,2002-12-24
10805,2224734,5,2004-11-29
10805,209494,2,2004-12-07
10805,137362,3,2005-10-26
10805,2507703,2,2003-09-17
10805,514618,4,2005-09-04
10805,2135716,3,2003-08-17
10805,1597965,3,2004-11-23
10805,2617557,5,2005-03-28
10805,227781,1,2005-10-09
10805,1083531,2,2005-04-12
10805,122839,2,2005-11-06
10805,1386158,3,2004-06-15
10805,1344791,1,2005-02-27
10805,1549104,2,2005-12-11
10805,168178,3,2004-05-21
10805,1484775,3,2005-04-29
10805,649658,5,2005-04-13
10805,1692408,4,2005-10-31
10805,1726223,3,2003-01-26
10805,558341,2,2004-03-18
10805,1596515,3,2004-08-17
10805,1956497,3,2005-03-16
10805,2604860,1,2005-11-02
10805,2122377,5,2005-11-03
10805,2630854,3,2003-02-27
10805,1567792,2,2004-06-01
10805,978215,2,2004-09-22
10805,1488861,5,2004-10-19
10805,2081461,4,2004-12-08
10805,542793,2,2005-09-27
10805,2540325,3,2005-10-25
10805,986111,1,2004-04-02
10805,2400655,4,2004-12-30
10805,2128740,4,2003-04-02
10805,775895,1,2003-04-07
10805,596690,1,2004-10-18
10805,2618750,2,2005-03-07
10805,1606438,4,2005-04-24
10805,610142,4,2005-04-28
10805,2235166,3,2000-02-24
10805,476512,4,2005-07-18
10805,334847,2,2004-08-24
10805,2210505,3,2004-08-05
10805,635387,3,2005-01-04
10805,232138,1,2005-12-06
10805,379544,3,2003-09-03
10805,74146,4,2002-03-06
10805,2645011,3,2005-03-19
10805,598447,2,2005-10-17
10805,2355513,5,2004-01-19
10805,453269,1,2004-09-29
10805,1479560,1,2005-01-28
10805,710683,3,2004-03-27
10805,109199,3,2004-07-26
10805,1448656,5,2005-02-02
10805,989965,3,2005-10-27
10805,1749986,4,2005-11-14
10805,1534085,4,2001-01-07
10805,416536,3,2005-03-18
10805,421440,2,2005-04-09
10805,374741,2,2003-10-01
10805,1158474,2,2003-10-28
10805,2080535,1,2005-03-05
10805,1483740,4,2005-03-05
10805,2381591,5,2005-03-28
10805,912862,4,2005-04-05
10805,1933317,2,2005-09-11
10805,1024400,3,2004-02-16
10805,780984,2,2004-11-27
10805,630438,3,2005-10-27
10805,335538,1,2002-08-04
10805,1900750,3,2005-08-05
10805,1485192,2,2005-09-04
10805,487443,3,2004-02-23
10805,1400108,3,2005-03-09
10805,776127,3,2005-05-26
10805,439489,4,2005-06-18
10805,835712,3,2005-09-28
10805,2073629,3,2005-10-11
10805,1561134,3,2003-09-26
10805,1840535,4,2004-04-19
10805,1198943,3,2005-02-24
10805,1437940,4,2005-03-09
10805,2325401,1,2005-10-31
10805,633738,1,2005-11-01
