7543,497196,3,2004-07-08
7543,12771,3,2005-11-15
7543,2625420,2,2004-05-13
7543,22036,1,2005-11-11
7543,2039628,2,2004-09-09
7543,2226053,2,2005-07-28
7543,1582325,4,2004-01-16
7543,85856,4,2005-08-29
7543,1155253,5,2005-05-02
7543,1681087,4,2005-08-06
7543,313872,3,2004-12-04
7543,525356,4,2004-03-05
7543,1471876,3,2003-11-21
7543,1520166,1,2004-11-23
7543,1244392,1,2004-08-12
7543,1784150,3,2005-06-25
7543,1857997,4,2004-03-16
7543,1872113,3,2004-04-07
7543,2042189,4,2004-10-29
7543,595054,3,2005-06-17
7543,928701,4,2003-11-03
7543,634283,3,2004-07-18
7543,1018942,1,2004-09-01
7543,786117,2,2005-02-22
7543,2410757,5,2004-02-13
7543,2201487,1,2004-02-03
7543,830282,3,2005-04-30
7543,1707142,3,2005-11-19
7543,1768970,4,2004-12-20
7543,76963,3,2004-09-01
7543,2414559,2,2004-09-11
7543,1314869,4,2004-12-08
7543,1177547,3,2005-10-28
7543,1377848,5,2005-07-19
7543,1234055,4,2003-12-10
7543,521985,3,2005-01-02
7543,2239074,2,2005-04-26
7543,928664,3,2005-03-01
7543,793868,5,2003-11-17
7543,1046518,4,2005-04-22
7543,2439493,1,2003-12-01
7543,929476,4,2005-06-13
7543,1850615,1,2005-07-12
7543,676684,4,2005-04-25
7543,2479356,4,2003-10-20
7543,394784,4,2005-09-15
7543,1113666,3,2003-11-08
7543,1563935,1,2005-08-15
7543,123151,3,2004-06-20
7543,1078620,1,2005-04-02
7543,1340936,5,2005-10-04
7543,1658172,4,2004-02-20
7543,200805,1,2005-09-14
7543,410078,2,2004-05-13
7543,698909,3,2004-06-01
7543,2251317,3,2004-03-12
7543,1117189,3,2004-01-07
7543,1441815,3,2004-09-30
7543,2512128,4,2004-06-29
7543,1351712,4,2005-03-11
7543,1842351,2,2004-02-23
7543,204177,2,2005-04-03
7543,2138917,2,2005-10-05
7543,2357895,1,2005-12-23
7543,1329746,5,2003-12-29
7543,1905560,4,2005-02-23
7543,1724818,5,2004-06-29
7543,246624,4,2005-03-21
7543,1245317,2,2003-11-23
7543,1318240,3,2004-05-02
7543,1840953,2,2005-03-19
7543,1945878,4,2004-08-19
7543,507603,1,2005-08-26
7543,1682012,2,2004-05-26
7543,1656284,3,2005-05-12
7543,86298,3,2004-06-08
7543,2140827,3,2004-03-08
7543,1331224,3,2005-02-10
7543,2574734,5,2004-12-13
7543,669523,1,2005-06-12
7543,2552319,1,2005-04-03
7543,964881,3,2003-10-21
7543,2580679,4,2004-02-10
7543,453891,4,2005-04-06
7543,174972,4,2003-10-27
7543,1302673,2,2005-04-07
7543,1578321,2,2004-11-30
7543,1664010,4,2005-10-12
7543,1501175,3,2004-02-26
7543,1603694,1,2004-06-15
7543,1148602,4,2004-04-26
7543,382494,4,2004-04-14
7543,803610,3,2004-08-22
7543,661350,4,2003-12-31
7543,462171,3,2003-10-23
7543,952078,5,2005-11-17
7543,2353709,4,2005-11-02
7543,2644448,3,2004-10-05
7543,740658,4,2005-03-12
7543,1967707,1,2005-11-04
7543,516781,3,2004-05-24
7543,2589413,1,2005-05-02
7543,533713,3,2004-07-27
7543,2599782,3,2005-06-08
7543,197101,5,2003-11-19
7543,2128788,3,2004-02-14
7543,838978,4,2003-10-17
7543,2176362,3,2005-03-04
7543,2479620,3,2005-05-12
7543,1304827,5,2005-03-15
7543,507498,2,2003-10-17
7543,2521597,3,2003-11-02
7543,1276071,5,2004-08-15
7543,2266650,4,2004-12-08
7543,1275526,2,2004-05-29
7543,1558525,4,2005-04-22
7543,2479785,3,2004-06-22
7543,1151832,4,2004-09-30
7543,2606799,2,2005-01-31
7543,1133268,2,2005-06-21
7543,2535703,3,2004-02-26
7543,749593,4,2004-09-03
7543,2574641,4,2004-11-13
7543,1988375,3,2004-06-22
7543,2577040,4,2005-03-29
7543,2258730,1,2004-10-14
7543,2488897,4,2005-06-21
7543,1185379,4,2003-12-19
7543,58261,3,2005-04-12
7543,1619179,3,2004-02-05
7543,2333918,5,2005-03-05
7543,731963,2,2005-06-27
7543,249002,2,2005-02-10
7543,1637403,4,2004-10-28
7543,305344,1,2003-10-15
7543,136926,4,2004-02-29
7543,395853,5,2004-08-29
7543,1273680,4,2005-04-28
7543,161313,5,2004-04-07
7543,1399546,3,2004-08-04
7543,766107,5,2005-02-09
7543,336705,2,2005-03-13
7543,1437766,4,2004-06-18
7543,2139114,5,2004-12-11
7543,1744106,3,2004-03-02
7543,2292498,4,2004-02-23
7543,2610742,4,2004-01-20
7543,1404556,2,2004-04-22
7543,1346326,5,2005-08-22
7543,1745577,5,2004-11-28
7543,2467794,4,2004-07-06
7543,121947,5,2004-06-19
7543,2150598,3,2005-02-07
7543,35540,5,2005-09-06
7543,1582127,4,2005-03-17
7543,463937,4,2005-07-27
7543,494674,4,2004-04-27
7543,1613801,5,2004-02-20
7543,536598,4,2005-06-02
7543,1636332,5,2005-11-10
7543,1177672,3,2004-05-18
7543,2174838,5,2004-07-06
7543,1051791,5,2005-06-06
7543,1691171,4,2004-05-27
7543,518668,2,2005-04-12
7543,386915,4,2004-10-05
7543,734010,4,2004-10-25
7543,2118461,5,2005-12-19
7543,1553376,2,2004-08-26
7543,133982,5,2004-09-03
7543,387418,2,2003-10-10
7543,1719096,5,2004-04-23
7543,349239,2,2005-03-20
7543,1009839,4,2004-01-15
7543,118416,4,2004-03-02
7543,1942381,4,2004-03-05
7543,44511,4,2004-03-13
7543,2379439,3,2004-08-02
7543,1861095,4,2005-04-20
7543,108176,5,2003-11-27
7543,1160597,3,2003-12-10
7543,1609700,2,2003-12-10
7543,1799273,4,2004-06-20
7543,1961167,3,2004-01-27
7543,2490540,4,2003-12-09
7543,461028,5,2004-04-06
7543,303893,3,2005-03-01
7543,2446318,4,2004-03-22
7543,908324,3,2004-09-24
7543,2489377,4,2004-12-20
7543,665982,4,2005-09-21
7543,694737,4,2005-11-04
7543,1467435,5,2004-10-19
7543,314018,5,2003-12-08
7543,2474072,4,2004-07-09
7543,466669,5,2005-02-27
7543,2027131,3,2004-09-17
7543,929742,5,2005-10-27
7543,518137,4,2003-11-17
7543,1015611,2,2005-06-28
7543,2268948,4,2004-12-19
7543,627954,3,2004-06-30
7543,344890,4,2005-05-20
7543,961481,3,2004-08-13
7543,592646,4,2004-04-01
7543,515436,1,2004-05-16
7543,168958,2,2005-06-06
7543,1877934,4,2003-12-18
7543,620558,4,2005-05-03
7543,1754164,3,2004-04-11
7543,1193260,3,2005-06-30
7543,2352183,4,2004-07-01
7543,1349488,3,2004-05-20
7543,2021849,5,2004-07-06
7543,2634967,1,2004-01-12
7543,1203467,1,2004-11-18
