12615,1712923,3,2005-08-04
12615,360830,3,2005-11-23
12615,267984,2,2005-10-31
12615,178991,4,2005-09-27
12615,303948,3,2005-09-01
12615,1227322,1,2005-07-23
12615,1799495,3,2005-10-27
12615,2114406,5,2005-11-27
12615,1466320,4,2005-09-01
12615,293728,3,2005-08-12
12615,1944765,3,2005-10-11
12615,519965,2,2005-08-09
12615,1615101,3,2005-09-26
12615,1314869,2,2005-07-22
12615,2220239,3,2005-08-06
12615,96256,3,2005-08-30
12615,2439493,1,2005-07-25
12615,596550,3,2005-10-17
12615,546645,4,2005-11-08
12615,2022097,5,2005-12-15
12615,2523426,3,2005-10-10
12615,879413,3,2005-09-03
12615,984474,4,2005-11-13
12615,1598072,4,2005-12-05
12615,556369,3,2005-08-08
12615,1880009,3,2005-10-10
12615,682972,4,2005-08-08
12615,720196,3,2005-09-01
12615,2397061,3,2005-10-20
12615,507603,1,2005-08-26
12615,907456,3,2005-10-15
12615,2284421,3,2005-09-15
12615,99163,5,2005-10-05
12615,1664010,3,2005-10-12
12615,2550425,3,2005-10-27
12615,2297136,1,2005-08-12
12615,1394012,3,2005-09-30
12615,2247276,5,2005-12-29
12615,222274,5,2005-08-24
12615,1822377,2,2005-08-11
12615,86246,4,2005-08-05
12615,2093971,4,2005-10-27
12615,2608144,3,2005-08-17
12615,1939613,3,2005-10-20
12615,2606799,1,2005-07-26
12615,1024189,2,2005-11-15
12615,1646912,3,2005-09-13
12615,504620,1,2005-08-30
12615,2251831,4,2005-12-05
12615,458317,5,2005-11-28
12615,2344221,3,2005-12-06
12615,305344,1,2005-06-28
12615,2099446,3,2005-07-26
12615,635056,4,2005-08-29
12615,1403217,1,2005-08-15
12615,2332353,3,2005-10-14
12615,743888,5,2005-12-11
12615,1466382,3,2005-10-28
12615,2099003,4,2005-08-23
12615,510641,3,2005-10-29
12615,956577,3,2005-08-24
12615,555528,3,2005-07-06
12615,2056022,2,2005-07-22
12615,411290,3,2005-10-10
12615,2118461,3,2005-12-17
12615,2592591,3,2005-12-30
12615,1105686,3,2005-08-17
12615,387418,3,2005-08-06
12615,691808,3,2005-08-03
12615,429260,2,2005-07-26
12615,671319,3,2005-09-01
12615,835147,4,2005-09-06
12615,1663888,3,2005-07-23
12615,1461435,1,2005-07-25
12615,1559741,4,2005-08-06
12615,2143500,2,2005-07-26
12615,998236,3,2005-11-26
12615,2108626,3,2005-09-02
12615,194537,3,2005-09-12
12615,461227,4,2005-11-27
12615,2562864,3,2005-08-16
12615,1745963,3,2005-08-15
12615,2534166,1,2005-11-25
12615,1289383,4,2005-09-27
12615,1626508,5,2005-08-04
12615,2131545,1,2005-09-11
