7501,1342774,4,2000-02-03
7501,2422606,3,2004-03-05
7501,1917746,4,2005-08-08
7501,2628220,2,2004-01-14
7501,2242037,3,2003-07-31
7501,716091,3,2004-12-02
7501,2350758,4,2005-01-30
7501,2435946,4,2005-03-25
7501,70934,1,2005-09-08
7501,1356914,3,2005-09-13
7501,1081270,4,2005-09-14
7501,608314,5,2005-10-23
7501,1449813,5,2005-12-12
7501,2338545,4,2002-04-19
7501,617164,4,2001-03-30
7501,1313436,2,2002-09-25
7501,247794,4,2000-10-06
7501,1661229,4,2001-08-22
7501,1614320,3,2001-08-31
7501,1224458,4,2005-08-01
7501,699878,2,2002-10-23
7501,433185,3,2002-11-14
7501,305767,5,2005-08-30
7501,327122,5,2004-08-02
7501,2059382,4,2003-10-16
7501,454417,4,2004-02-14
7501,1033971,5,2004-01-12
7501,931626,5,2004-11-10
7501,574843,4,2004-12-06
7501,2568270,4,2004-12-15
7501,2609870,1,2005-10-18
7501,690579,4,2005-10-23
7501,1845836,5,2005-12-29
7501,623221,3,2003-06-10
7501,146956,4,2000-09-09
7501,76196,1,2001-12-08
7501,1933853,3,2005-07-28
7501,1648646,3,2002-07-11
7501,194825,2,2002-12-24
7501,1731764,5,2002-12-05
7501,2625420,2,2004-06-04
7501,371965,3,2004-06-29
7501,1935969,2,2004-08-30
7501,255357,2,2004-02-10
7501,652121,4,2004-01-19
7501,1051186,5,2004-07-17
7501,673471,3,2004-07-26
7501,2567172,3,2004-12-22
7501,1709606,3,2005-01-01
7501,843246,4,2005-06-16
7501,1939674,5,2005-07-12
7501,337137,4,2001-01-11
7501,2050555,5,2001-04-29
7501,1794366,4,2003-08-23
7501,2518523,4,2003-01-21
7501,1363573,5,2003-04-29
7501,1827215,4,2005-09-06
7501,818736,5,2004-06-10
7501,1951144,3,2004-04-23
7501,1135846,3,2004-07-23
7501,1692001,5,2004-05-04
7501,64663,3,2004-09-28
7501,1139704,5,2004-12-27
7501,2259898,3,2005-09-22
7501,791157,4,2005-11-26
7501,920368,4,2002-03-18
7501,2004175,4,2002-08-31
7501,620443,4,2002-05-23
7501,1419191,4,2004-04-08
7501,585929,4,2004-10-22
7501,1331614,4,2004-11-08
7501,2078591,5,2004-11-25
7501,1861478,3,2004-11-28
7501,2130250,3,2005-02-04
7501,411342,5,2005-03-28
7501,1756658,4,2005-10-03
7501,2181148,3,2005-10-18
7501,2400576,5,2005-11-18
7501,1519073,4,2001-10-10
7501,206809,4,2000-12-05
7501,1333,3,2004-08-13
7501,1617951,3,2002-01-17
7501,1956586,4,2002-09-19
7501,1477923,4,2003-09-17
7501,2390741,5,2003-01-13
7501,1194133,4,2003-03-18
7501,2164235,4,2004-02-02
7501,1224731,4,2004-08-22
7501,2436327,4,2004-02-03
7501,559330,3,2005-02-22
7501,2294267,3,2005-03-03
7501,1489601,5,2005-11-07
7501,1534825,2,2000-02-02
7501,1513409,3,2001-06-11
7501,221091,3,2005-07-20
7501,1613949,4,2004-02-25
7501,1694765,4,2004-03-01
7501,1345338,2,2003-06-06
7501,2541025,1,2004-05-31
7501,118346,2,2004-01-12
7501,499718,4,2004-11-05
7501,921764,4,2004-11-16
7501,695292,4,2004-11-28
7501,1776482,3,2005-01-02
7501,497726,5,2005-01-24
7501,1276966,4,2005-01-26
7501,1478381,4,2005-05-26
7501,1592627,4,2005-06-04
7501,2286538,4,2001-10-02
7501,2307724,3,2001-12-21
7501,520854,3,2003-06-03
7501,2538727,4,2005-08-10
7501,1501223,3,2004-06-22
7501,1883334,2,2004-06-27
7501,2314746,4,2004-12-20
7501,1301788,4,2005-02-17
7501,1104594,5,2005-04-05
7501,237658,3,2005-05-20
7501,332796,4,2005-09-09
7501,2491032,3,2005-12-15
7501,393879,2,2005-12-20
7501,1570382,3,2003-04-24
7501,703434,4,2003-10-13
7501,639194,5,2003-07-16
7501,172815,5,2005-08-09
7501,141745,3,2003-02-16
7501,1794015,2,2005-08-23
7501,2606540,3,2003-10-08
7501,1253718,3,2004-05-18
7501,2287832,3,2004-12-01
7501,372528,3,2004-12-07
7501,1290606,5,2004-12-20
7501,402377,4,2005-02-03
7501,491331,2,2005-04-12
7501,791006,4,2005-11-25
7501,2554745,4,2001-10-04
7501,2502315,3,2003-03-30
7501,1399335,3,2004-07-02
7501,1673185,3,2004-06-29
7501,300146,4,2002-08-30
7501,2273029,2,2002-10-12
7501,1521609,5,2003-09-29
7501,1824008,4,2004-06-14
7501,2059204,4,2004-09-10
7501,804004,3,2004-03-05
7501,2343652,3,2004-09-12
7501,2601294,5,2004-02-04
7501,484177,3,2004-07-08
7501,466322,2,2004-12-24
7501,1104580,4,2005-01-12
7501,2143678,5,2005-02-22
7501,2173758,3,2005-04-06
7501,962889,1,2005-05-09
7501,1181024,3,2005-05-13
7501,2245510,3,2005-09-21
7501,2180261,4,2005-10-14
7501,701407,3,2005-11-05
7501,676377,1,2005-11-11
7501,1554112,1,2005-11-27
7501,2040211,2,2003-11-06
7501,570559,3,2002-04-10
7501,486507,1,2002-05-25
7501,505367,5,2004-03-31
7501,1077945,4,2004-07-22
7501,858392,5,2004-12-12
7501,2076359,3,2004-12-14
7501,2053711,5,2005-01-26
7501,1937705,5,2005-02-25
7501,1429123,5,2005-04-09
7501,747755,4,2005-05-16
7501,1991616,5,2005-10-19
7501,905556,2,2001-04-20
7501,659268,3,2002-07-08
7501,1590585,3,2003-05-21
7501,2103907,4,2003-06-11
7501,474936,4,2003-07-26
7501,2257113,3,2004-06-16
7501,2000125,3,2004-09-07
7501,283191,4,2004-08-27
7501,786312,2,2004-11-20
7501,1022487,5,2005-03-11
7501,600228,4,2005-03-22
7501,2630072,4,2005-06-14
7501,1921659,5,2005-10-06
7501,1670403,3,2005-10-16
7501,1286685,4,2005-10-29
7501,2588720,5,2005-12-20
7501,172122,4,2004-01-08
7501,309333,3,2003-10-14
7501,452132,5,2004-03-23
7501,2135872,5,2004-05-05
7501,2370789,5,2004-09-16
7501,2149159,2,2004-10-21
7501,2507106,4,2005-01-08
7501,1179117,3,2005-01-20
7501,1472512,4,2005-03-07
7501,1447907,4,2005-03-29
7501,256575,2,2005-04-30
7501,2473032,4,2005-09-15
7501,1998211,4,2005-09-25
7501,2633521,4,2005-10-13
7501,2094487,2,2001-09-15
7501,65841,5,2003-11-29
7501,2332318,5,2001-03-06
7501,1373500,4,2004-07-23
7501,1487119,3,2003-02-28
7501,66109,4,2002-05-14
7501,1239815,2,2003-12-02
7501,2443370,5,2003-12-02
7501,2102030,5,2003-05-31
7501,563992,5,2002-12-17
7501,1861034,5,2003-05-02
7501,62801,4,2003-10-13
7501,1480289,4,2004-06-24
7501,1916244,3,2004-10-30
7501,2268768,5,2005-05-05
7501,2596097,4,2005-06-06
7501,1778360,5,2005-10-08
7501,963677,4,2000-09-14
7501,380192,4,2001-05-01
7501,2516025,3,2001-04-28
7501,1047797,4,2003-06-27
7501,369681,3,2003-03-24
7501,621354,4,2003-11-28
7501,1009622,2,2004-08-03
7501,2011530,5,2004-08-02
7501,1048307,4,2004-12-16
7501,2541445,3,2005-02-07
7501,1953841,4,2005-03-13
7501,2386920,3,2005-05-31
7501,1682483,3,2005-06-15
7501,1162793,4,2005-10-04
7501,1318562,4,2005-10-22
7501,1200781,3,2005-11-21
7501,1139591,4,2000-12-05
7501,1784150,3,2005-07-30
7501,723700,4,2004-04-20
7501,1604702,3,2004-05-28
7501,1188648,5,2005-01-11
7501,1856403,4,2005-04-01
7501,679008,3,2005-11-18
7501,2576966,5,2005-11-19
7501,1695187,4,2005-07-05
7501,275851,5,2000-02-22
7501,2013700,3,2001-01-12
7501,2448154,3,2005-07-20
7501,297901,4,2004-02-15
7501,628485,3,2004-07-27
7501,1626224,5,2004-12-02
7501,1511654,5,2005-09-27
7501,431839,3,2002-03-13
7501,1276341,4,2002-08-31
7501,2268465,5,2004-01-21
7501,569333,4,2003-07-17
7501,2520513,4,2004-09-16
7501,1806130,4,2005-08-25
7501,2643730,2,2004-09-07
7501,2629290,4,2004-05-20
7501,124840,4,2005-02-08
7501,2432015,4,2005-02-22
7501,583284,4,2005-03-14
7501,202215,5,2005-04-08
7501,1053405,3,2005-06-01
7501,513509,4,2005-07-04
7501,2081711,3,2005-10-11
7501,1805679,4,2005-10-28
7501,2163956,5,2002-08-31
7501,1023101,4,2002-04-05
7501,643058,2,2003-08-10
7501,1217356,4,2002-08-29
7501,21212,2,2005-02-27
7501,860314,3,2003-07-07
7501,815016,5,2004-06-05
7501,2368791,4,2005-04-21
7501,861482,3,2005-10-14
7501,1652673,4,2005-11-27
7501,1799995,3,2001-05-01
7501,840901,4,2001-01-25
7501,66921,3,2001-01-21
7501,2416632,4,2001-12-29
7501,1395543,3,2001-10-04
7501,1358962,4,2004-01-23
7501,318523,5,2004-06-04
7501,1645706,4,2004-04-26
7501,685422,4,2004-11-20
7501,1001129,2,2005-01-02
7501,369338,4,2005-02-23
7501,2494367,4,2005-05-27
7501,447930,3,2005-10-18
7501,2248500,2,2001-06-24
7501,1052057,3,2003-06-30
7501,1809808,5,2003-11-23
7501,1708281,4,2002-11-02
7501,1076976,1,2004-04-28
7501,1503980,4,2004-08-10
7501,1868355,5,2004-07-25
7501,604949,4,2004-09-16
7501,2143454,4,2004-10-19
7501,235693,4,2005-04-12
7501,557956,4,2005-11-04
7501,815128,4,2005-11-16
7501,2385614,3,2005-12-22
7501,1501738,4,2001-08-14
7501,2295223,4,2003-02-13
7501,2267858,1,2004-06-28
7501,172588,4,2004-02-10
7501,536709,4,2003-06-16
7501,564990,4,2004-12-21
7501,1491667,4,2004-12-27
7501,1530019,3,2005-02-10
7501,915532,3,2005-09-29
7501,1449057,5,2005-10-03
7501,2196366,4,2003-04-08
7501,725996,4,2002-01-12
7501,1245680,3,2002-01-24
7501,1410063,3,2002-04-14
7501,2317868,4,2002-05-21
7501,220627,4,2004-01-26
7501,909640,5,2004-06-21
7501,2351599,4,2004-09-29
7501,1445117,3,2005-01-10
7501,1661600,4,2005-11-06
7501,2571175,4,2001-01-30
7501,1973573,4,2002-05-16
7501,964007,3,2004-01-18
7501,1828392,3,2001-07-11
7501,450257,3,2004-06-28
7501,831643,4,2003-11-20
7501,2526173,4,2005-08-11
7501,1896167,3,2005-08-30
7501,714559,4,2004-12-07
7501,860621,4,2004-12-18
7501,1904126,4,2005-02-07
7501,498924,3,2005-03-10
7501,2553837,4,2005-10-30
7501,1947456,5,2005-10-16
7501,1504360,3,2005-12-04
7501,79468,5,2002-05-19
7501,2099177,2,2003-12-22
7501,702807,4,2002-08-10
7501,1134816,4,2002-08-22
7501,727242,1,2004-05-18
7501,2305351,4,2003-03-12
7501,49585,3,2002-10-21
7501,655741,5,2004-11-26
7501,1074143,3,2005-01-11
7501,1421858,4,2005-09-09
7501,2103896,3,2005-11-25
7501,1884467,4,2000-09-15
7501,2415874,1,2002-03-06
7501,2440924,4,2001-04-04
7501,2343092,2,2002-05-07
7501,1863224,4,2004-02-10
7501,60995,3,2004-05-18
7501,247940,3,2004-02-12
7501,2267576,4,2002-12-27
7501,793433,5,2003-05-28
7501,478176,3,2004-05-25
7501,1953402,5,2005-01-11
7501,455134,4,2005-02-17
7501,1030857,1,2005-02-21
7501,1130946,3,2005-04-06
7501,2430154,1,2005-10-06
7501,2065680,4,2005-10-07
7501,1326244,4,2005-11-18
7501,2100210,3,2002-09-08
7501,1692951,3,2005-07-29
7501,31572,4,2002-05-13
7501,987647,3,2003-11-17
7501,2105829,4,2003-08-06
7501,2049054,5,2003-09-16
7501,449967,4,2004-08-05
7501,69484,5,2004-10-02
7501,2303969,4,2005-05-20
7501,859024,5,2005-10-27
7501,1097887,4,2005-11-23
7501,395092,3,2000-01-12
7501,685130,3,2001-02-27
7501,1272379,1,2002-03-19
7501,1534393,4,2004-09-09
7501,91050,4,2005-07-25
7501,2472914,3,2003-04-15
7501,2170930,1,2005-08-12
7501,694107,3,2004-02-02
7501,2075033,1,2004-01-02
7501,2352563,3,2003-10-31
7501,2382547,3,2004-10-05
7501,1399571,4,2004-11-04
7501,1851968,3,2005-01-23
7501,1432623,4,2005-01-30
7501,2408309,2,2005-03-13
7501,1169855,3,2005-05-23
7501,815660,4,2005-06-17
7501,1568784,4,2005-06-20
7501,1749903,3,2005-07-03
7501,704917,4,2005-09-20
7501,43608,4,2005-11-08
7501,1288065,1,2002-08-27
7501,2068263,4,2002-11-25
7501,590122,4,2003-05-12
7501,2476691,2,2003-12-09
7501,2139880,2,2003-01-17
7501,2512833,3,2003-06-23
7501,1210259,3,2005-07-25
7501,1037044,4,2002-10-30
7501,358452,1,2004-04-03
7501,835847,3,2000-04-25
7501,1280053,3,2001-08-01
7501,1792741,3,2004-03-19
7501,599145,5,2000-11-23
7501,952053,3,2001-07-15
7501,2466313,4,2001-10-25
7501,951900,5,2004-01-13
7501,170001,3,2003-09-07
7501,1871063,2,2003-12-11
7501,1314869,3,2004-05-26
7501,1132940,3,2004-12-28
7501,1302938,4,2005-01-24
7501,1333196,5,2005-02-02
7501,1390084,4,2005-02-23
7501,1762537,3,2005-03-02
7501,565559,3,2005-03-16
7501,110288,4,2005-05-24
7501,2244589,4,2001-03-01
7501,2220239,4,2000-07-25
7501,338368,4,2000-12-17
7501,1200886,4,2003-09-29
7501,1898145,5,2004-03-29
7501,1739393,4,2004-07-27
7501,2169577,4,2002-06-14
7501,2267742,4,2005-08-05
7501,2047423,5,2004-01-15
7501,1899710,3,2004-05-27
7501,106981,5,2004-08-27
7501,2218129,4,2004-10-28
7501,867960,4,2004-11-16
7501,843971,4,2005-02-09
7501,2278738,4,2005-06-01
7501,320854,4,2001-03-31
7501,366028,3,2001-01-06
7501,1988492,2,2001-09-04
7501,1660783,3,2003-02-14
7501,970300,4,2005-07-25
7501,962342,3,2004-05-17
7501,2052939,4,2004-02-14
7501,454001,4,2004-04-16
7501,2157706,2,2004-12-20
7501,1866830,5,2005-10-13
7501,13121,4,2005-01-12
7501,1781323,4,2005-02-10
7501,493587,3,2005-03-23
7501,1366672,5,2005-05-17
7501,1936930,4,2005-11-22
7501,2551647,5,2005-12-03
7501,441544,2,2000-11-26
7501,1166912,1,2003-05-23
7501,1029943,3,2005-09-06
7501,1475986,4,2004-08-01
7501,2203976,4,2004-10-01
7501,421111,4,2004-11-17
7501,2414026,5,2005-02-01
7501,533017,2,2005-05-10
7501,2115962,4,2005-09-30
7501,227076,3,2002-03-25
7501,786695,2,2001-02-04
7501,1938350,3,2002-04-19
7501,1415902,3,2004-05-22
7501,1120335,5,2003-07-14
7501,759340,2,2004-02-15
7501,638149,4,2004-05-10
7501,1210717,4,2004-09-12
7501,1162377,3,2004-10-18
7501,965898,3,2005-04-06
7501,684951,5,2005-04-11
7501,1699835,4,2005-05-15
7501,1812930,5,2005-06-09
7501,251004,3,2005-11-17
7501,335457,3,2005-11-26
7501,1031385,5,2001-07-31
7501,2540191,3,2001-06-06
7501,2012686,4,2002-10-09
7501,2125436,3,2003-03-18
7501,254887,3,2004-05-28
7501,2406477,1,2003-08-27
7501,1253532,3,2004-02-02
7501,2422185,3,2003-05-31
7501,534721,4,2004-01-02
7501,318885,3,2004-06-14
7501,2449289,4,2004-10-25
7501,1108474,1,2004-12-10
7501,1819462,3,2005-04-28
7501,1404129,2,2005-05-26
7501,187322,4,2005-09-13
7501,2346813,4,2005-10-13
7501,1951066,4,2005-11-09
7501,1038668,2,2005-11-14
7501,1157288,3,2005-11-17
7501,539835,2,2002-01-08
7501,1463088,3,2003-05-30
7501,2497321,3,2004-04-10
7501,2128433,4,2002-10-24
7501,792106,3,2002-10-08
7501,2439493,1,2003-04-09
7501,308940,4,2003-05-30
7501,1773643,3,2005-02-22
7501,1589548,3,2005-03-13
7501,294943,4,2005-04-06
7501,980693,3,2005-04-14
7501,1422981,3,2005-06-07
7501,1129123,4,2005-06-17
7501,1269561,3,2005-09-28
7501,1240334,3,2005-10-18
7501,172300,4,2005-10-23
7501,586257,3,2005-10-24
7501,519380,4,2000-05-02
7501,2455164,2,2001-03-01
7501,120004,3,2003-12-18
7501,996561,3,2000-02-03
7501,2305656,4,2001-09-12
7501,1632184,3,2003-07-27
7501,1795063,2,2002-10-22
7501,1087387,3,2004-02-19
7501,1347694,5,2003-08-08
7501,256173,3,2004-03-28
7501,1220571,3,2004-06-22
7501,1668450,4,2004-09-03
7501,1914525,4,2004-04-06
7501,2484917,3,2004-10-26
7501,1548834,3,2004-11-08
7501,1271951,4,2005-01-22
7501,2032298,5,2005-03-08
7501,2376428,4,2005-12-07
7501,1757639,3,2002-05-08
7501,2107119,2,2002-11-30
7501,1684232,4,2002-08-07
7501,485083,4,2004-08-27
7501,2159724,2,2004-04-08
7501,2458566,4,2004-05-05
7501,402780,3,2004-12-31
7501,1430920,5,2005-01-26
7501,2009010,5,2005-02-12
7501,2421701,4,2005-05-11
7501,1060432,3,2005-06-30
7501,2616360,2,2005-12-02
7501,1528405,3,2000-12-29
7501,1678853,3,2002-02-01
7501,1505564,4,2003-12-08
7501,2053984,2,2004-05-31
7501,1451540,5,2004-05-04
7501,1969210,3,2004-05-26
7501,2412596,4,2004-04-14
7501,2104099,3,2004-05-21
7501,997270,3,2004-10-23
7501,1130118,3,2004-11-01
7501,230154,5,2004-11-11
7501,1145060,3,2004-12-11
7501,219389,3,2005-01-20
7501,2199267,5,2005-09-10
7501,2336531,3,2005-11-13
7501,1470890,3,2003-09-14
7501,1403975,4,2001-02-04
7501,2240483,4,2002-08-29
7501,1545709,2,2001-08-10
7501,1410683,2,2004-04-17
7501,94746,4,2003-10-01
7501,393425,4,2002-08-28
7501,2038778,3,2004-03-17
7501,833381,4,2003-02-11
7501,691886,3,2005-08-21
7501,421374,3,2004-07-02
7501,2256454,2,2004-04-20
7501,238740,4,2004-09-18
7501,1095071,3,2005-02-22
7501,292615,4,2005-10-05
7501,255836,2,2005-10-31
7501,2166222,3,2005-11-06
7501,1965252,3,2001-07-20
7501,369086,1,1999-12-31
7501,145641,3,2001-03-29
7501,1787640,3,2002-01-29
7501,2176457,4,2005-08-12
7501,625683,1,2004-07-08
7501,1182116,4,2003-08-06
7501,453992,5,2003-09-06
7501,1471987,5,2003-11-14
7501,2344419,5,2004-01-19
7501,1489499,2,2004-08-15
7501,1958554,4,2004-04-05
7501,1093935,3,2004-09-27
7501,525610,4,2004-11-15
7501,2546127,3,2004-11-19
7501,1574503,4,2005-02-06
7501,989598,3,2005-03-29
7501,2628647,3,2005-04-04
7501,895427,3,2005-05-07
7501,831494,3,2005-10-18
7501,2572339,3,2005-11-28
7501,57728,4,2005-12-18
7501,1799734,5,2004-03-18
7501,57186,4,2003-03-03
7501,2248168,2,2005-07-18
7501,1378237,3,2003-07-09
7501,492714,3,2002-08-20
7501,2119685,3,2003-01-16
7501,2020685,4,2005-08-14
7501,1594800,4,2004-05-29
7501,2513903,5,2004-01-15
7501,1502204,4,2004-10-07
7501,2598508,2,2005-02-02
7501,2574349,4,2005-02-05
7501,504297,4,2005-02-26
7501,58489,4,2005-03-01
7501,451937,3,2005-03-15
7501,41485,3,2000-02-20
7501,1938102,4,2000-10-10
7501,2628225,5,2001-07-20
7501,2404495,5,2005-08-15
7501,837584,5,2004-09-16
7501,2626013,5,2004-04-29
7501,1043722,4,2004-11-16
7501,2534412,4,2004-12-10
7501,22603,5,2004-12-27
7501,1848973,4,2005-01-10
7501,1648306,4,2005-02-02
7501,2552646,3,2005-02-09
7501,634774,5,2005-04-11
7501,778781,5,2005-06-02
7501,837081,4,2005-06-08
7501,2318728,4,2005-06-22
7501,2005596,4,2005-10-02
7501,588343,4,2005-12-01
7501,2034970,3,2000-02-17
7501,1117919,2,2005-07-10
7501,70500,3,2002-01-31
7501,50123,3,2001-10-25
7501,1238443,2,2002-06-04
7501,305111,3,2002-11-01
7501,1392974,5,2003-05-23
7501,235553,4,2004-02-07
7501,633722,3,2004-07-26
7501,1452487,5,2004-07-24
7501,146918,4,2005-02-24
7501,198978,3,2005-06-14
7501,1808905,4,2005-10-26
7501,2599262,5,2005-10-26
7501,1140762,3,2005-12-08
7501,764785,3,2001-09-20
7501,2593340,4,2005-07-12
7501,328212,4,2003-09-05
7501,1845146,5,2002-12-28
7501,1937671,2,2003-02-13
7501,808178,3,2002-04-27
7501,803468,3,2004-07-06
7501,658777,4,2005-08-16
7501,1479653,2,2003-08-19
7501,1964378,4,2004-08-10
7501,68661,4,2004-06-09
7501,1409687,4,2003-11-11
7501,293542,3,2004-01-16
7501,4753,5,2005-05-02
7501,1128503,5,2005-09-22
7501,133274,4,2005-11-07
7501,2340228,4,2001-12-01
7501,1144139,4,2002-04-25
7501,2512828,2,2004-09-05
7501,785367,2,2004-08-23
7501,2048794,3,2003-12-24
7501,1907863,4,2004-08-17
7501,387157,5,2004-11-27
7501,306026,4,2005-04-02
7501,1851288,4,2005-04-18
7501,1858568,5,2005-05-20
7501,510719,5,2005-09-13
7501,1437168,4,2005-12-27
7501,514829,2,2003-10-15
7501,582393,5,2004-04-03
7501,1847670,1,2004-06-25
7501,2531403,5,2004-07-14
7501,1509320,4,2004-12-11
7501,2333850,3,2005-06-07
7501,709542,3,2005-12-05
7501,2215970,4,2001-10-26
7501,1762659,3,2001-09-30
7501,1741962,4,2003-11-03
7501,1518328,4,2002-12-18
7501,1110156,3,2003-05-17
7501,1351843,4,2003-10-07
7501,1102334,2,2003-10-01
7501,1645365,5,2004-07-15
7501,2055615,3,2004-09-27
7501,1960236,4,2005-10-20
7501,463023,3,2005-10-20
7501,638721,4,2005-11-04
7501,648173,2,2005-11-14
7501,1828596,3,2005-11-21
7501,166989,4,2001-08-28
7501,640743,3,2003-09-23
7501,1967507,2,2001-11-24
7501,1387125,2,2003-06-18
7501,1788708,2,2004-06-25
7501,2443163,4,2005-09-01
7501,2132651,5,2004-03-29
7501,639130,3,2004-08-17
7501,661551,5,2004-10-19
7501,1802898,4,2005-06-20
7501,1185461,4,2005-06-23
7501,2633443,4,2005-10-10
7501,2156559,3,2005-11-08
7501,2315216,3,2000-04-17
7501,431972,4,2003-12-01
7501,879196,4,2003-05-25
7501,1573748,4,2004-04-20
7501,1463939,4,2004-12-07
7501,1170987,4,2005-03-08
7501,679049,4,2005-06-07
7501,467912,2,2005-10-04
7501,795593,4,2005-11-12
7501,1061809,2,2005-07-13
7501,898180,4,2002-03-14
7501,2621150,3,2002-04-13
7501,693622,4,2004-03-19
7501,1788688,4,2002-11-22
7501,1218586,3,2005-07-30
7501,986502,3,2005-09-05
7501,2133899,3,2005-02-04
7501,62443,5,2005-04-10
7501,2557473,5,2005-09-26
7501,1162597,4,2005-11-04
7501,2569181,2,2005-11-08
7501,2260496,3,2005-11-08
7501,1394991,3,2005-11-15
7501,987958,4,2000-02-20
7501,1544499,4,2005-07-08
7501,276589,3,2000-02-03
7501,674604,3,2000-07-22
7501,1818981,4,2003-10-25
7501,1554822,2,2002-07-06
7501,280382,4,2005-08-04
7501,1252322,3,2003-05-27
7501,2506488,4,2004-02-04
7501,429830,5,2003-08-13
7501,647080,5,2003-03-04
7501,2404219,2,2004-06-07
7501,1392399,5,2004-05-24
7501,1923764,3,2004-09-20
7501,1464910,5,2004-11-04
7501,1941740,5,2004-11-19
7501,1503748,3,2005-03-16
7501,1983734,3,2005-09-27
7501,1784998,1,2005-11-01
7501,2362873,1,2005-11-07
7501,1150035,3,2005-12-18
7501,1670553,2,2000-02-22
7501,973022,3,2002-05-16
7501,818752,3,2004-06-21
7501,1374697,5,2004-07-15
7501,611837,4,2004-08-25
7501,861702,4,2004-12-02
7501,2450433,3,2004-12-20
7501,722699,4,2005-01-25
7501,794904,3,2005-04-25
7501,2341219,5,2005-05-18
7501,2633545,4,2005-09-21
7501,1562924,5,2005-11-19
7501,1273985,4,2003-04-28
7501,775794,3,2000-09-07
7501,1431304,4,2005-07-16
7501,148018,2,2004-01-01
7501,1798808,3,2003-11-17
7501,1865889,5,2003-10-16
7501,2127610,4,2005-03-29
7501,637190,4,2005-01-12
7501,552456,3,2005-02-07
7501,1992927,3,2005-05-15
7501,677070,4,2005-05-18
7501,2529183,5,2005-06-16
7501,1243711,3,2003-02-20
7501,1330823,2,2000-04-09
7501,1827859,3,2001-08-12
7501,1723,3,2001-03-17
7501,2131399,4,2005-07-27
7501,2147412,4,2003-08-17
7501,2147894,4,2004-10-20
7501,2432246,4,2004-12-13
7501,1571988,4,2004-12-22
7501,190182,4,2004-12-29
7501,631323,4,2005-03-28
7501,2498203,3,2005-05-23
7501,1650502,5,2005-09-12
7501,1971047,3,2005-11-09
7501,2561638,4,2005-12-17
7501,1922072,3,2001-03-07
7501,298961,3,2000-12-13
7501,1191257,4,2001-05-09
7501,2483371,3,2001-08-27
7501,1791461,4,2003-05-27
7501,2254991,4,2002-10-07
7501,1040284,3,2003-04-26
7501,1190468,4,2004-01-20
7501,400243,3,2004-09-24
7501,586938,1,2004-10-19
7501,2457095,2,2004-10-25
7501,2068582,2,2005-01-24
7501,661168,3,2005-03-10
7501,1315827,3,2005-10-03
7501,1445536,2,2000-03-05
7501,1809161,4,2004-02-05
7501,1828803,4,2003-08-27
7501,940317,4,2002-08-14
7501,1876520,3,2002-05-03
7501,618033,3,2004-06-01
7501,286288,4,2004-07-06
7501,296959,3,2004-09-20
7501,1200461,4,2004-09-27
7501,745661,1,2005-06-10
7501,1713651,4,2005-10-15
7501,2407925,5,2004-04-09
7501,1848539,4,2004-02-04
7501,454512,4,2004-11-11
7501,1447111,4,2004-11-30
7501,2141037,5,2005-02-03
7501,1105029,3,2005-02-08
7501,141309,3,2005-04-01
7501,1533564,4,2005-10-15
7501,372507,4,2005-12-27
7501,1059972,5,2000-01-10
7501,2533726,4,2003-09-18
7501,2352031,4,2004-05-25
7501,1821087,4,2004-04-26
7501,723675,5,2003-09-11
7501,1824376,5,2003-10-18
7501,424315,5,2003-05-18
7501,567282,2,2003-11-13
7501,1039270,4,2003-09-22
7501,432620,3,2004-08-24
7501,1239961,2,2004-06-08
7501,907722,3,2004-08-27
7501,1100798,2,2005-04-12
7501,680958,4,2005-06-24
7501,268158,4,2005-11-18
7501,78913,5,2001-03-13
7501,933963,3,2001-05-04
7501,847313,4,2002-03-24
7501,1236809,5,2003-04-04
7501,1536137,3,2003-02-21
7501,1615721,3,2004-04-22
7501,1073269,3,2004-08-30
7501,835738,5,2003-03-03
7501,2489828,4,2003-09-04
7501,2242464,3,2005-08-22
7501,2438585,3,2004-04-14
7501,2281330,4,2004-01-29
7501,2391110,4,2004-11-05
7501,1809923,4,2005-01-29
7501,114882,2,2005-06-19
7501,2405472,4,2005-11-03
7501,735560,4,2002-08-23
7501,1506974,4,2003-05-30
7501,2208054,3,2002-08-27
7501,2006484,4,2004-08-14
7501,1419757,5,2003-05-31
7501,821083,3,2003-05-13
7501,2551589,3,2004-04-23
7501,2382828,2,2003-12-18
7501,1492360,1,2004-03-15
7501,517370,3,2004-05-07
7501,1268019,4,2004-12-09
7501,760481,4,2005-02-21
7501,2198039,4,2005-03-05
7501,1289189,4,2005-09-15
7501,2401052,3,2005-11-08
7501,936737,4,2005-12-01
7501,1828490,3,2001-08-23
7501,2157329,2,2002-09-18
7501,701962,3,2005-08-05
7501,1744593,4,2003-11-30
7501,1204995,4,2004-05-19
7501,837128,5,2003-11-17
7501,965373,4,2004-01-12
7501,569436,4,2004-06-07
7501,1123324,5,2004-11-22
7501,2134424,5,2005-01-06
7501,112257,3,2005-01-25
7501,1675395,4,2005-01-30
7501,1222218,4,2005-04-27
7501,186101,4,2005-06-18
7501,2216274,3,2005-07-04
7501,838033,3,2005-12-16
7501,1140009,5,2005-12-20
7501,767958,3,2001-09-08
7501,113062,3,2001-07-15
7501,95862,2,2003-09-10
7501,1894278,4,2004-01-01
7501,2581794,4,2004-08-22
7501,1267521,2,2004-04-22
7501,666633,3,2004-07-23
7501,2118950,5,2004-10-27
7501,1062268,3,2004-11-03
7501,794387,4,2004-12-05
7501,1238709,1,2005-01-21
7501,1713386,4,2005-02-07
7501,547647,5,2005-02-16
7501,1586546,5,2005-05-22
7501,675616,3,2001-06-26
7501,546161,5,2005-07-11
7501,485592,2,2002-10-09
7501,1654184,3,2001-04-24
7501,595083,4,2003-09-01
7501,851796,4,2005-11-03
7501,547375,1,2002-09-21
7501,919805,4,2004-04-28
7501,926072,4,2003-02-13
7501,752094,4,2003-12-02
7501,386509,5,2004-04-13
7501,1161915,3,2004-10-03
7501,1266847,4,2005-03-14
7501,277204,3,2005-03-15
7501,1359451,4,2005-04-19
7501,2160153,4,2005-05-19
7501,2043481,5,2005-12-07
7501,501172,4,2005-12-27
7501,1461331,3,2004-05-13
7501,1588455,4,2003-05-10
7501,900331,4,2005-07-24
7501,1558294,4,2004-02-07
7501,1135948,3,2003-01-11
7501,1047039,5,2005-08-04
7501,1994711,3,2003-06-19
7501,1004284,4,2004-12-30
7501,1694879,4,2005-09-30
7501,595829,2,2005-12-09
7501,1285389,3,2001-06-20
7501,996425,5,2002-06-11
7501,526975,5,2005-08-03
7501,687821,4,2003-04-19
7501,210977,4,2003-06-05
7501,2133877,4,2003-08-12
7501,878564,5,2005-08-31
7501,1541082,5,2004-12-01
7501,2274452,3,2004-12-14
7501,1366002,3,2005-03-15
7501,549730,4,2005-04-19
7501,735690,4,2005-04-27
7501,1347665,3,2005-05-03
7501,518154,4,2005-10-03
7501,1357644,4,2005-12-06
7501,160306,3,2000-01-14
7501,2147714,5,2000-08-14
7501,1468108,4,2004-05-10
7501,1306304,4,2003-11-26
7501,2313000,2,2003-11-09
7501,1492140,4,2004-03-08
7501,870848,5,2005-01-07
7501,1907714,3,2005-02-07
7501,2059278,4,2005-03-01
7501,1002249,4,2005-03-17
7501,2645828,4,2005-04-04
7501,1337888,3,2005-09-14
7501,2436359,4,2005-12-09
7501,520473,3,2002-05-17
7501,661153,5,2003-07-18
7501,1190953,4,2002-10-03
7501,1731912,4,2005-07-29
7501,1330032,5,2003-03-03
7501,2476864,3,2004-05-01
7501,1967480,3,2003-08-14
7501,2705,3,2004-04-16
7501,68384,5,2004-11-13
7501,1391523,4,2004-12-14
7501,877585,3,2005-02-01
7501,2213625,5,2005-04-05
7501,2537543,5,2005-04-15
7501,1245318,4,2005-09-26
7501,1273555,2,2005-12-09
7501,1106844,3,2005-07-10
7501,592281,3,2000-07-25
7501,2621201,3,2001-11-28
7501,2018137,4,2004-04-19
7501,591167,4,2004-08-26
7501,1303244,3,2005-08-14
7501,584437,3,2004-01-21
7501,569351,4,2005-09-06
7501,976668,5,2004-09-14
7501,77425,3,2004-12-30
7501,641023,5,2005-01-30
7501,1290894,4,2005-02-14
7501,1490287,3,2005-04-17
7501,1112187,4,2005-04-19
7501,1541808,4,2005-05-20
7501,122503,4,2005-09-23
7501,89751,1,2005-10-08
7501,588285,1,2005-10-31
7501,1973561,4,2005-07-06
7501,2252455,3,2001-12-29
7501,1299306,4,2003-08-07
7501,840537,4,2004-07-30
7501,447349,4,2003-08-21
7501,2520088,1,2004-05-24
7501,1619737,3,2004-08-24
7501,2477009,3,2004-02-16
7501,2206366,3,2004-07-28
7501,900264,3,2004-07-27
7501,952332,5,2005-02-02
7501,1478850,5,2005-04-24
7501,2359743,4,2005-09-26
7501,580231,5,2000-12-30
7501,2082635,4,2001-07-11
7501,1727033,4,2002-05-01
7501,309645,5,2004-05-13
7501,1141410,3,2005-08-10
7501,1370816,4,2005-09-04
7501,2250323,4,2003-09-12
7501,940043,5,2004-01-23
7501,817987,5,2004-07-09
7501,322009,3,2004-04-13
7501,2109329,2,2004-03-05
7501,466763,5,2004-03-26
7501,100324,5,2004-08-15
7501,2012052,5,2004-09-26
7501,2153395,5,2004-09-28
7501,1909105,3,2004-11-10
7501,2618565,4,2004-11-19
7501,102527,1,2005-02-01
7501,719207,2,2005-03-07
7501,2552319,3,2005-04-03
7501,1064949,5,2005-04-26
7501,2253129,3,2005-10-26
7501,2235548,4,2002-04-06
7501,1630436,2,2004-12-22
7501,370754,4,2002-04-26
7501,2557316,3,2001-11-04
7501,1637683,4,2002-06-28
7501,1741728,4,2003-05-22
7501,512878,2,2003-09-02
7501,1682731,4,2003-12-22
7501,1299718,4,2004-10-04
7501,1745936,2,2004-12-09
7501,1859414,4,2005-07-03
7501,1847988,4,2005-09-22
7501,2175118,3,2005-12-13
7501,445991,2,2002-04-16
7501,1470123,4,2005-07-27
7501,731592,4,2004-01-01
7501,2514291,2,2004-02-22
7501,1912423,4,2005-08-24
7501,78936,4,2004-09-03
7501,763568,5,2004-02-06
7501,1819620,4,2004-09-28
7501,334000,2,2004-12-17
7501,2035719,4,2005-01-13
7501,2189710,2,2005-01-19
7501,2156731,3,2005-01-22
7501,842323,3,2005-04-04
7501,659526,4,2005-06-01
7501,2437152,3,2005-06-25
7501,2284421,2,2005-09-20
7501,1906825,5,2005-10-02
7501,578676,3,2005-11-02
7501,700476,1,2005-11-09
7501,311875,2,2000-10-18
7501,1119695,5,2003-01-07
7501,858097,4,2001-06-28
7501,1650580,3,2002-01-07
7501,2385747,3,2003-03-12
7501,867021,4,2003-09-26
7501,1685663,3,2003-07-31
7501,65511,4,2004-05-21
7501,2308200,3,2004-07-29
7501,2252465,4,2004-02-09
7501,1765696,3,2005-01-24
7501,2059274,3,2005-01-29
7501,255160,2,2005-02-23
7501,1941267,4,2005-03-02
7501,1686486,4,2005-11-10
7501,45898,4,2005-05-09
7501,1399793,4,2005-11-07
7501,2368877,3,2002-04-04
7501,1252184,4,2004-01-09
7501,18907,2,2003-05-06
7501,2259509,3,2004-06-08
7501,1741356,4,2003-06-03
7501,2623119,4,2005-09-05
7501,1279851,3,2004-09-08
7501,2203225,1,2004-10-24
7501,304615,3,2005-03-24
7501,2273779,3,2005-06-07
7501,203206,2,2005-09-19
7501,1473782,4,2005-11-10
7501,726079,4,2005-11-19
7501,2600964,2,2005-12-12
7501,1211551,4,2001-05-18
7501,2080743,3,2005-07-20
7501,1950710,5,2004-04-05
7501,1100350,3,2003-05-30
7501,2442218,4,2003-10-19
7501,678286,4,2004-01-26
7501,1204084,4,2004-07-02
7501,1532220,4,2004-01-12
7501,788698,5,2003-10-17
7501,1871558,3,2005-05-31
7501,1664010,5,2005-10-12
7501,653587,3,2005-12-04
7501,2503583,3,2000-01-14
7501,360128,4,2004-01-22
7501,2165339,3,2003-04-16
7501,1408249,3,2005-08-29
7501,296452,1,2004-02-04
7501,1075960,5,2004-10-02
7501,1967189,4,2004-12-10
7501,2037365,3,2000-12-15
7501,1223273,4,2000-11-13
7501,627531,4,2003-10-05
7501,2369049,4,2004-07-18
7501,3723,4,2003-07-18
7501,1153906,5,2003-09-19
7501,2550989,3,2004-01-19
7501,1693276,4,2004-12-02
7501,829933,5,2005-09-22
7501,1733295,4,2005-09-22
7501,15402,2,2005-12-08
7501,736701,3,2001-09-16
7501,154920,4,2001-07-21
7501,1198150,2,2001-09-05
7501,2044713,4,2001-03-25
7501,2174801,4,2005-08-15
7501,1009937,3,2004-03-22
7501,576990,1,2004-02-09
7501,1766860,4,2004-07-26
7501,507094,4,2004-09-10
7501,2317488,2,2004-12-16
7501,2632404,4,2005-01-24
7501,2021899,2,2005-04-08
7501,242682,2,2005-10-31
7501,329878,4,2005-11-08
7501,937394,5,2005-11-27
7501,1609934,3,2005-12-06
7501,1757577,2,2005-07-10
7501,434210,3,2000-05-27
7501,317848,5,2002-09-22
7501,527592,4,2003-12-08
7501,1193956,5,2004-01-16
7501,1207990,3,2004-04-30
7501,1430641,4,2005-08-30
7501,43119,1,2003-07-26
7501,433561,2,2004-01-05
7501,2206002,3,2004-04-21
7501,916568,3,2004-09-13
7501,1634426,4,2004-10-19
7501,2256295,3,2004-12-11
7501,2012039,3,2005-02-05
7501,24704,3,2005-09-09
7501,1340945,3,2005-10-27
7501,96193,2,2005-11-14
7501,210490,4,2005-11-20
7501,505260,5,2000-02-01
7501,1134932,3,2000-12-13
7501,1641025,5,2001-02-23
7501,2584993,4,2003-08-26
7501,5446,4,2003-11-04
7501,2264014,4,2004-05-11
7501,2339102,1,2005-01-25
7501,1186765,3,2005-03-21
7501,85743,4,2005-06-15
7501,501801,4,2005-06-28
7501,1479863,1,2005-09-19
7501,1464562,4,2005-11-04
7501,1443369,4,2005-11-10
7501,2263838,4,2005-11-15
7501,137309,3,2000-03-03
7501,372018,3,2004-07-05
7501,2549,5,2005-02-19
7501,1540447,3,2004-05-13
7501,2351137,4,2004-04-13
7501,2253355,4,2004-09-08
7501,1604903,2,2004-10-01
7501,2412161,4,2004-12-11
7501,1570151,5,2005-10-19
7501,1304156,4,2002-08-01
7501,540404,4,2003-02-20
7501,578699,3,2000-01-28
7501,804516,5,2001-01-09
7501,1727544,4,2000-09-02
7501,1365319,3,2000-09-09
7501,686638,5,2004-06-02
7501,437934,3,2002-10-09
7501,1578281,2,2004-07-21
7501,2646653,2,2003-09-30
7501,2265561,5,2004-02-06
7501,1158194,4,2004-05-26
7501,731306,4,2004-08-04
7501,962631,4,2004-12-12
7501,1539949,4,2005-01-11
7501,386912,4,2005-01-13
7501,1809528,3,2005-01-20
7501,294195,4,2005-01-31
7501,1633995,3,2005-10-15
7501,355445,3,2005-12-13
7501,2474780,3,2005-12-27
7501,2015883,4,2000-01-19
7501,1424206,3,2001-02-09
7501,266123,4,2005-08-02
7501,958356,4,2004-10-08
7501,873713,3,2004-10-25
7501,553816,4,2005-01-10
7501,2407135,2,2005-01-25
7501,2565244,3,2005-02-15
7501,2280049,3,2005-03-16
7501,1181371,3,2005-12-27
7501,1077173,5,2000-08-02
7501,1244650,4,2001-01-30
7501,1781536,5,2005-08-04
7501,1453713,4,2004-07-09
7501,601815,4,2004-04-14
7501,25049,4,2004-09-08
7501,1460776,3,2004-05-09
7501,1249737,4,2004-04-20
7501,846386,4,2004-12-07
7501,1831961,4,2005-03-08
7501,781303,3,2005-03-10
7501,448848,3,2005-03-11
7501,55721,3,2005-03-16
7501,1321630,3,2005-06-09
7501,132211,4,2005-06-21
7501,1484378,4,2005-10-27
7501,2296192,2,2005-11-25
7501,2114455,2,2001-02-11
7501,1104884,4,2001-07-23
7501,1963576,4,2004-08-09
7501,2145865,4,2001-07-24
7501,1207886,4,2002-10-10
7501,1540044,4,2001-12-29
7501,600620,4,2002-09-08
7501,2393379,4,2003-07-25
7501,286684,4,2002-04-09
7501,706014,4,2004-02-09
7501,1292505,4,2002-08-07
7501,129890,4,2003-04-29
7501,2273061,4,2003-07-30
7501,1720313,5,2003-11-26
7501,760211,5,2004-07-29
7501,1284403,2,2004-11-07
7501,2259696,3,2005-06-20
7501,646216,4,2005-10-11
7501,655504,4,2005-10-24
7501,1813328,3,2002-08-08
7501,1326994,5,2002-04-23
7501,1887601,3,2003-06-05
7501,279966,5,2003-07-04
7501,1013772,3,2003-10-02
7501,1153067,3,2005-02-25
7501,1044592,3,2005-05-25
7501,2012675,3,2005-06-19
7501,1431184,2,2005-09-29
7501,1092461,4,2005-10-20
7501,1147555,5,2005-12-05
7501,2078967,5,2001-04-14
7501,991239,4,2002-06-10
7501,1838160,3,2003-11-11
7501,1076540,3,2003-02-17
7501,2357769,2,2003-04-29
7501,1826684,5,2003-09-30
7501,549184,3,2004-09-28
7501,1627242,4,2004-10-17
7501,589404,4,2004-12-28
7501,440050,5,2005-01-06
7501,1301819,3,2005-03-11
7501,1897737,3,2005-06-30
7501,2645431,4,2005-09-09
7501,370735,2,2005-09-15
7501,416932,3,2005-10-25
7501,1820824,2,2001-05-20
7501,481816,4,2001-09-01
7501,590071,5,2004-05-21
7501,1813139,5,2002-04-02
7501,1370666,2,2002-11-24
7501,1298511,4,2002-03-23
7501,163415,5,2002-11-16
7501,396140,3,2003-06-03
7501,505630,5,2004-02-05
7501,586316,3,2003-06-20
7501,2489602,4,2003-07-30
7501,500771,5,2004-05-13
7501,1116539,2,2005-07-04
7501,2577717,4,2005-10-03
7501,430134,1,2002-01-17
7501,2312364,4,2002-04-17
7501,327577,2,2002-09-12
7501,565401,3,2003-09-29
7501,579366,4,2004-08-26
7501,1282786,3,2003-07-26
7501,1351211,1,2004-03-23
7501,1763504,2,2003-06-12
7501,318409,1,2004-06-20
7501,498623,4,2004-10-26
7501,1884142,4,2005-03-10
7501,2349225,3,2005-03-29
7501,2635726,2,2005-04-14
7501,2318762,4,2005-06-23
7501,563082,3,2005-09-18
7501,2362173,4,2005-09-18
7501,713350,4,2005-11-14
7501,719294,3,2005-12-27
7501,2086312,4,2005-12-28
7501,89343,4,2001-01-04
7501,466335,5,2001-03-09
7501,2015292,5,2002-10-12
7501,1308196,4,2002-06-16
7501,713681,3,2003-09-01
7501,6048,5,2004-06-18
7501,628554,4,2005-09-02
7501,347260,4,2004-03-01
7501,1678152,4,2004-09-08
7501,2596310,3,2004-08-04
7501,2584442,5,2004-10-03
7501,801078,3,2004-12-01
7501,1269386,5,2005-05-25
7501,1218856,4,2005-10-16
7501,2647735,5,2005-10-20
7501,2494857,3,2002-07-04
7501,1315344,3,2001-05-18
7501,1072159,3,2002-11-08
7501,1403511,4,2003-06-30
7501,854253,4,2002-09-25
7501,2292942,4,2003-07-15
7501,601892,3,2004-04-29
7501,2449889,5,2005-08-26
7501,542637,5,2003-10-02
7501,1287611,4,2004-06-17
7501,252818,2,2004-09-28
7501,2448035,3,2004-10-11
7501,2329972,4,2004-10-16
7501,870268,4,2005-01-28
7501,1704267,4,2005-02-10
7501,2486897,5,2005-06-11
7501,879421,4,2005-11-12
7501,2023555,5,2005-07-16
7501,1813774,3,2001-03-31
7501,2393981,4,2002-09-10
7501,1851625,3,2005-07-29
7501,2200929,3,2003-10-08
7501,2168097,3,2005-08-13
7501,1804545,4,2003-04-21
7501,2194719,2,2004-04-17
7501,2050437,3,2004-03-27
7501,472937,3,2004-04-17
7501,2556737,4,2004-06-07
7501,524016,3,2004-11-16
7501,1957245,1,2004-11-28
7501,612947,4,2005-01-03
7501,1523008,4,2005-04-11
7501,724691,5,2005-10-04
7501,2054870,3,2005-10-04
7501,1836271,5,2005-11-25
7501,71594,2,2000-04-14
7501,46920,4,2001-05-04
7501,2626336,4,2004-04-28
7501,916101,4,2004-04-26
7501,82836,3,2004-06-22
7501,2479620,5,2004-04-06
7501,425184,3,2004-06-16
7501,2078245,4,2004-06-29
7501,1004050,5,2004-10-04
7501,2620317,4,2005-01-04
7501,2305014,4,2005-02-21
7501,1257006,4,2005-04-08
7501,1364459,3,2005-05-13
7501,294118,4,2005-06-14
7501,1353572,4,2005-09-12
7501,859412,5,2005-07-08
7501,695045,5,2003-07-22
7501,159645,3,2005-08-04
7501,1099539,5,2004-01-26
7501,2501745,5,2004-01-12
7501,849715,5,2005-08-25
7501,385191,3,2004-01-15
7501,2347810,3,2004-01-16
7501,1910947,2,2004-07-19
7501,187417,4,2004-05-18
7501,1011106,4,2004-10-15
7501,626069,4,2005-02-03
7501,2170392,4,2005-02-07
7501,1649040,5,2005-05-02
7501,829598,2,2005-06-08
7501,2372141,3,2000-07-13
7501,2266376,2,2002-05-01
7501,762835,5,2004-08-09
7501,401156,5,2004-04-21
7501,2142919,1,2005-01-06
7501,430373,5,2005-01-11
7501,136922,3,2005-04-25
7501,1409154,3,2005-06-21
7501,124747,4,2005-11-02
7501,1258715,4,2005-11-21
7501,2378393,4,2005-12-11
7501,2581019,5,2005-07-08
7501,1794523,4,2005-07-10
7501,901436,2,2002-03-23
7501,2065128,4,2001-08-25
7501,939439,5,2001-10-30
7501,1079817,4,2003-03-29
7501,1181762,3,2005-08-22
7501,1836576,3,2003-08-24
7501,1239154,2,2004-10-11
7501,914045,4,2005-01-24
7501,423402,3,2005-02-25
7501,754070,4,2005-03-11
7501,888229,3,2005-09-22
7501,3321,1,2005-09-27
7501,628593,4,2005-10-10
7501,1489820,5,2005-10-16
7501,1728210,5,2005-12-06
7501,386307,4,2001-09-02
7501,1317682,4,2001-11-27
7501,679797,2,2004-04-01
7501,2119771,2,2004-02-21
7501,694745,5,2004-04-20
7501,2258460,4,2004-10-12
7501,2550711,3,2004-12-01
7501,1970714,3,2005-04-06
7501,2459354,4,2005-06-17
7501,964025,3,2005-09-21
7501,322994,4,2005-10-25
7501,1773757,4,2005-11-20
7501,574441,4,2005-07-19
7501,54301,4,2002-03-06
7501,678032,3,2004-03-22
7501,1833607,5,2002-04-23
7501,1373480,4,2005-08-18
7501,649092,4,2003-10-29
7501,2391086,2,2004-05-17
7501,1576540,3,2004-10-11
7501,2306218,4,2004-12-21
7501,2518168,5,2005-09-14
7501,2242180,2,2005-09-22
7501,261694,2,2005-11-09
7501,320972,5,2001-12-11
7501,1745884,4,2002-04-11
7501,576723,4,2003-05-28
7501,738964,4,2004-12-05
7501,230112,1,2004-07-03
7501,375803,4,2004-11-22
7501,400643,4,2005-03-14
7501,1254026,5,2005-03-26
7501,886110,3,2005-09-28
7501,1298309,5,2005-10-19
7501,570763,4,2005-11-26
7501,1414746,3,2000-06-07
7501,2154050,5,2001-01-25
7501,1478491,4,2003-05-29
7501,288634,4,2002-10-04
7501,2125414,4,2005-08-11
7501,2048038,3,2004-02-06
7501,657197,5,2003-10-03
7501,1304720,4,2004-01-12
7501,101198,3,2004-04-27
7501,237405,3,2004-09-23
7501,593701,3,2005-04-13
7501,2171745,4,2003-12-02
7501,112777,4,2004-07-15
7501,2210867,4,2005-08-11
7501,2374724,4,2004-08-04
7501,2588006,4,2003-07-25
7501,2519299,4,2004-05-22
7501,1709410,5,2004-07-24
7501,5773,3,2005-03-16
7501,2557968,3,2005-03-22
7501,484715,3,2005-10-13
7501,2066490,4,2000-08-31
7501,1132753,1,2002-05-17
7501,1124113,5,2004-07-22
7501,2436216,3,2005-07-20
7501,636065,4,2002-09-26
7501,2094428,4,2003-09-20
7501,1252029,3,2004-12-04
7501,133689,3,2004-01-21
7501,974252,4,2004-03-05
7501,4421,4,2004-08-03
7501,1552525,5,2004-07-17
7501,31311,5,2005-01-02
7501,1755543,4,2005-01-10
7501,1900956,5,2005-01-19
7501,2050969,3,2005-02-11
7501,1851560,3,2005-02-18
7501,38302,3,2005-05-11
7501,325721,3,2005-10-06
7501,1641505,5,2001-08-04
7501,986364,4,2005-08-03
7501,911828,3,2004-08-12
7501,2649308,5,2003-11-10
7501,2376860,3,2005-08-23
7501,250078,5,2004-12-22
7501,320856,1,2005-01-11
7501,1852967,5,2005-03-02
7501,1590247,5,2005-03-03
7501,2479116,3,2005-04-05
7501,1407665,3,2005-11-25
7501,1867719,5,2001-09-12
7501,731685,2,2003-05-20
7501,670416,1,2002-01-21
7501,420040,4,2003-04-19
7501,1559083,3,2003-09-30
7501,1359312,4,2003-10-02
7501,254222,4,2004-05-21
7501,1872603,4,2004-07-27
7501,1049485,3,2004-10-22
7501,36655,2,2005-01-12
7501,1053828,2,2005-02-08
7501,381217,4,2005-03-03
7501,2054047,4,2005-05-09
7501,1572216,2,2005-09-26
7501,1084108,3,2002-07-16
7501,2469751,4,2002-12-10
7501,403825,3,2004-08-25
7501,2648827,3,2002-11-26
7501,1404902,4,2004-10-21
7501,2233950,4,2004-12-05
7501,2611883,4,2004-12-30
7501,2149622,4,2005-01-20
7501,1269038,5,2005-05-08
7501,1466569,3,2005-06-16
7501,1984315,3,2005-10-05
7501,1772921,5,2005-11-01
7501,896089,3,2005-11-14
7501,1293655,5,2002-06-03
7501,511883,5,2000-02-26
7501,152441,3,2000-10-19
7501,2163014,5,2001-08-17
7501,1146000,3,2002-04-20
7501,621003,4,2004-03-24
7501,2150812,4,2003-09-03
7501,1241640,3,2004-07-13
7501,519847,3,2004-11-15
7501,854887,4,2004-12-16
7501,267234,4,2005-04-11
7501,2012606,5,2005-11-19
7501,674706,4,2003-07-23
7501,2508962,3,2003-03-11
7501,1078549,4,2002-08-02
7501,664705,3,2002-09-19
7501,1026569,3,2004-06-17
7501,66490,5,2004-03-16
7501,647979,4,2004-02-13
7501,1925306,4,2003-07-28
7501,499293,5,2003-10-17
7501,1840584,3,2004-04-01
7501,320423,4,2004-09-17
7501,648416,4,2004-09-20
7501,1723299,4,2004-11-09
7501,1968071,2,2004-11-24
7501,2137809,3,2005-04-13
7501,1345636,4,2005-04-29
7501,216046,4,2005-09-28
7501,2437867,5,2005-09-28
7501,1480874,4,2005-10-04
7501,2428573,4,2004-04-27
7501,1900670,3,2005-07-15
7501,1606616,4,2002-09-13
7501,924647,5,2004-09-01
7501,884300,5,2004-11-04
7501,2074033,5,2005-10-13
7501,759737,2,2005-12-05
7501,1493247,3,2004-06-01
7501,522298,2,2000-10-07
7501,589103,5,2005-07-26
7501,425260,2,2002-11-04
7501,1708368,4,2004-03-18
7501,761020,4,2003-09-02
7501,1135967,5,2004-04-22
7501,797705,3,2004-12-28
7501,1387120,5,2005-03-11
7501,476197,3,2005-03-26
7501,2563415,4,2005-05-02
7501,442253,1,2005-05-10
7501,564375,4,2005-05-24
7501,628380,2,2005-12-27
7501,2294218,5,2005-07-05
7501,504624,4,2001-04-08
7501,1341585,4,2005-07-22
7501,798296,4,2002-09-05
7501,1699647,5,2003-06-12
7501,2131432,3,2003-09-28
7501,1109043,4,2004-10-07
7501,1753971,5,2004-09-30
7501,2032829,4,2004-12-06
7501,1815389,4,2004-12-14
7501,2388429,5,2005-01-04
7501,545026,4,2005-02-12
7501,1089273,3,2005-04-11
7501,105697,4,2005-05-24
7501,682963,4,2005-06-20
7501,1256386,3,2005-09-26
7501,469815,3,2005-10-19
7501,1272140,5,2005-10-30
7501,363370,4,2005-07-06
7501,488837,5,2000-07-26
7501,540217,4,2002-10-17
7501,16272,3,2002-06-28
7501,657869,3,2004-07-01
7501,206564,4,2004-12-17
7501,496294,2,2004-12-28
7501,1582952,3,2005-02-07
7501,191450,4,2005-02-23
7501,1600619,3,2005-03-02
7501,355569,4,2005-10-18
7501,18721,2,2002-11-20
7501,2389760,3,2002-08-07
7501,2126379,4,2002-10-30
7501,339422,4,2004-03-06
7501,1350212,5,2003-10-04
7501,1169994,4,2005-02-08
7501,2492495,4,2005-04-20
7501,1499377,5,2005-10-09
7501,2561674,1,2005-11-05
7501,845171,3,2001-04-17
7501,2277114,3,2002-09-28
7501,566274,1,2004-08-09
7501,1742172,3,2003-01-14
7501,796191,3,2003-11-18
7501,1167477,4,2003-10-07
7501,1746876,4,2004-04-29
7501,743632,2,2004-10-06
7501,959486,4,2005-04-21
7501,1595251,3,2005-05-03
7501,1893840,5,2005-10-24
7501,1488171,4,2005-11-27
7501,1961622,5,2003-01-05
7501,321276,1,2005-08-23
7501,2385435,5,2004-03-16
7501,964787,5,2004-03-27
7501,1521328,4,2004-11-28
7501,163522,3,2005-02-14
7501,2410424,5,2005-03-12
7501,2277167,4,2005-11-17
7501,1985003,5,2005-12-08
7501,561184,3,2005-07-05
7501,182008,4,2002-04-19
7501,798972,4,2003-04-29
7501,1194269,5,2003-04-16
7501,758799,5,2002-03-21
7501,1064134,4,2003-04-24
7501,1475063,4,2003-12-19
7501,408521,4,2004-01-15
7501,883684,4,2005-09-07
7501,743670,5,2004-08-28
7501,2376113,4,2004-09-06
7501,1724242,3,2004-05-13
7501,1344273,5,2005-01-23
7501,673625,2,2005-02-14
7501,167484,5,2005-05-15
7501,1023170,4,2000-09-13
7501,545639,3,2005-07-20
7501,226638,5,2003-11-04
7501,1291710,2,2003-06-27
7501,1294431,5,2003-07-02
7501,1639793,3,2004-08-29
7501,1156100,4,2004-09-11
7501,1908324,4,2004-04-11
7501,250017,2,2004-05-12
7501,1591950,4,2004-09-21
7501,538735,5,2004-12-15
7501,2307638,4,2005-01-09
7501,2330387,4,2005-01-11
7501,1691501,3,2005-03-23
7501,1330663,4,2005-05-09
7501,587243,3,2005-11-22
7501,486644,3,2005-12-01
7501,1719041,1,2001-12-08
7501,249078,4,2001-07-31
7501,767904,4,2003-11-08
7501,1294471,3,2005-01-30
7501,1703631,5,2004-04-28
7501,2279647,3,2004-11-02
7501,1459837,3,2005-01-23
7501,1897490,5,2005-06-30
7501,461070,4,2005-09-15
7501,74194,5,2004-03-13
7501,1123874,2,2004-01-25
7501,1774623,5,2002-08-25
7501,305344,5,2003-05-22
7501,958634,4,2003-10-01
7501,1821436,3,2004-02-24
7501,2576976,2,2004-01-22
7501,1913100,3,2004-08-20
7501,2534194,5,2004-01-11
7501,2614527,2,2004-06-16
7501,1470034,5,2004-11-21
7501,964421,3,2004-11-30
7501,1227440,4,2004-12-22
7501,404602,4,2005-05-09
7501,2215999,2,2005-09-28
7501,328865,5,2005-10-09
7501,1533212,2,2005-10-24
7501,1867237,4,2001-09-04
7501,380541,5,2003-08-22
7501,2405503,2,2004-06-07
7501,394294,5,2004-02-07
7501,1924228,4,2004-05-23
7501,333213,4,2005-01-03
7501,820157,2,2005-02-17
7501,1287487,4,2005-03-07
7501,1745856,3,2005-04-08
7501,912717,4,2002-12-18
7501,968162,3,2000-03-11
7501,1998531,4,2005-08-06
7501,719244,4,2004-05-12
7501,79927,5,2004-07-12
7501,2558558,3,2004-09-24
7501,1263871,2,2004-10-25
7501,2104114,4,2005-01-06
7501,219028,4,2005-01-07
7501,440555,4,2005-02-15
7501,2220369,4,2005-02-16
7501,54821,2,2005-05-20
7501,987645,4,2005-09-16
7501,2099446,4,2005-10-15
7501,2525781,5,2005-10-18
7501,323356,4,2005-11-22
7501,1710658,2,2005-12-23
7501,2264442,4,2000-12-31
7501,816942,3,2005-07-16
7501,1710869,3,2001-07-21
7501,1264970,5,2004-01-12
7501,1395112,3,2002-06-14
7501,1187765,3,2003-08-30
7501,958763,3,2002-11-03
7501,2220099,4,2003-04-15
7501,478863,5,2003-09-12
7501,1411009,5,2004-06-05
7501,406461,4,2004-03-22
7501,2411453,2,2005-03-07
7501,1403217,2,2005-09-22
7501,1912542,1,2003-08-11
7501,1721510,3,2004-01-31
7501,53694,5,2004-06-08
7501,170551,1,2004-03-28
7501,1951721,4,2005-02-07
7501,1432817,4,2005-03-16
7501,1464000,4,2005-11-11
7501,2014482,5,2000-04-12
7501,442315,3,2004-02-14
7501,1450106,3,2002-10-11
7501,1836353,2,2004-03-17
7501,1862783,4,2003-04-29
7501,1368592,5,2004-07-12
7501,731025,3,2004-09-16
7501,2491732,5,2004-11-14
7501,1332509,4,2004-11-17
7501,1535244,4,2005-02-26
7501,360367,5,2005-03-24
7501,138034,4,2005-03-28
7501,456674,4,2005-04-30
7501,947284,5,2005-05-10
7501,2175058,3,2005-12-07
7501,801701,4,2001-06-10
7501,847947,4,2001-11-02
7501,530437,5,2001-09-14
7501,1524499,2,2004-01-01
7501,58378,3,2005-07-28
7501,256278,3,2005-07-31
7501,853266,3,2003-07-22
7501,1704537,3,2004-08-07
7501,862213,5,2004-05-30
7501,1230059,3,2005-09-06
7501,2068196,3,2004-11-29
7501,2059696,5,2005-01-02
7501,2222177,4,2005-01-20
7501,135633,5,2005-05-15
7501,1409417,3,2005-06-20
7501,393364,2,2005-11-25
7501,1471593,3,2005-11-27
7501,161013,2,2000-05-02
7501,809880,3,2001-02-02
7501,1250364,3,2001-06-20
7501,2105602,4,2002-02-26
7501,1875825,3,2003-07-25
7501,300030,4,2004-09-14
7501,781556,5,2002-05-14
7501,509554,1,2003-12-05
7501,101888,4,2004-01-17
7501,2464081,5,2004-04-04
7501,203890,3,2004-08-04
7501,620010,2,2004-07-26
7501,774602,4,2004-09-20
7501,1398903,3,2005-02-11
7501,1878028,4,2005-03-15
7501,50469,3,2005-03-19
7501,802403,4,2005-06-07
7501,156334,4,2004-09-07
7501,2566430,4,2005-07-11
7501,114610,4,2003-06-13
7501,1842623,3,2003-09-12
7501,1646833,3,2003-06-26
7501,1646224,3,2003-08-22
7501,2038581,3,2003-09-17
7501,405416,4,2005-08-27
7501,2508015,3,2003-10-23
7501,2150746,4,2004-11-01
7501,926173,1,2004-12-20
7501,2242295,4,2005-01-30
7501,1445494,4,2005-03-05
7501,2614562,4,2005-05-06
7501,512694,4,2005-10-22
7501,2326920,4,2005-10-23
7501,1357926,4,2005-11-14
7501,1643146,5,2002-10-22
7501,740127,3,2005-08-21
7501,2210492,3,2003-11-09
7501,749421,4,2004-11-17
7501,194044,5,2005-09-13
7501,972826,5,2005-10-18
7501,2373176,3,2005-11-20
7501,1333975,5,2000-08-08
7501,1161050,5,2000-01-24
7501,2035454,3,2003-03-24
7501,1205830,4,2003-04-21
7501,2374610,5,2004-03-21
7501,1922747,5,2004-06-03
7501,1812650,1,2004-07-21
7501,1430154,4,2004-10-07
7501,336413,4,2004-12-17
7501,499608,3,2005-02-05
7501,371098,5,2005-09-22
7501,639583,4,2005-11-15
7501,2484253,3,2005-12-02
7501,1087451,4,2005-12-10
7501,2141982,4,2000-12-22
7501,2167896,4,2001-08-26
7501,2159557,4,2002-06-15
7501,890165,5,2004-06-02
7501,1817617,4,2005-09-05
7501,1123618,3,2004-10-09
7501,442865,3,2005-01-19
7501,2439173,5,2005-10-06
7501,1878489,3,2005-10-14
7501,1105034,4,2005-10-31
7501,627048,4,2005-12-22
7501,2366462,1,2002-09-06
7501,2072963,3,2002-08-14
7501,2549156,4,2003-11-16
7501,1196870,4,2002-11-13
7501,1690869,5,2005-07-24
7501,490384,4,2003-10-16
7501,1778779,3,2005-08-13
7501,1860298,4,2003-05-21
7501,816037,3,2004-04-17
7501,477422,4,2004-04-26
7501,1306289,4,2004-02-06
7501,16030,4,2004-02-06
7501,672363,4,2004-08-01
7501,669108,4,2004-06-23
7501,863302,3,2004-10-07
7501,2579761,1,2005-02-08
7501,1798520,3,2005-06-12
7501,2179097,4,2005-09-28
7501,1687532,4,2005-10-15
7501,1412668,2,2005-07-11
7501,1705392,5,2000-06-15
7501,950421,5,2000-12-04
7501,1189371,4,2003-09-19
7501,771465,4,2002-04-26
7501,2321963,3,2002-07-09
7501,2581018,5,2004-01-19
7501,1529805,4,2004-10-20
7501,1564634,5,2005-05-11
7501,33013,5,2005-07-03
7501,1949604,5,2005-09-14
7501,1164321,2,2005-09-24
7501,1357243,5,2005-12-19
7501,383442,3,2000-02-03
7501,855933,1,2002-03-31
7501,1793358,3,2002-11-19
7501,2645434,3,2004-08-16
7501,808269,4,2003-07-12
7501,256796,3,2004-09-01
7501,2551487,4,2004-08-26
7501,1660131,5,2003-12-29
7501,1085520,4,2003-12-22
7501,1934619,4,2004-03-22
7501,2533495,5,2005-01-10
7501,1032461,5,2005-02-23
7501,2179375,4,2005-03-04
7501,54316,4,2005-03-26
7501,2518790,3,2005-04-19
7501,1977824,5,2005-06-10
7501,759581,5,2005-09-22
7501,1267351,4,2005-10-05
7501,2518368,2,2005-10-30
7501,1897789,3,2005-11-22
7501,970811,5,2005-12-21
7501,86252,4,2002-06-29
7501,1222730,3,2002-06-12
7501,1098076,3,2003-08-18
7501,2026502,4,2003-04-07
7501,562048,4,2004-08-11
7501,1647963,4,2005-08-27
7501,2191815,4,2004-06-21
7501,1735031,3,2004-11-15
7501,1394657,4,2004-12-26
7501,1439233,4,2005-02-01
7501,818899,4,2005-10-14
7501,1937002,3,2005-11-02
7501,1681055,4,2005-11-21
7501,1101078,5,2001-08-30
7501,1617216,3,2003-02-14
7501,240923,4,2004-05-19
7501,1337517,4,2003-12-01
7501,2327737,4,2003-04-02
7501,1651898,5,2003-10-06
7501,642295,4,2005-08-27
7501,2392720,4,2004-06-03
7501,236699,4,2004-09-26
7501,2197438,5,2004-10-06
7501,1650115,4,2005-02-08
7501,327384,5,2005-05-05
7501,782935,1,2005-10-29
7501,2209278,3,2000-03-09
7501,888647,4,2005-07-11
7501,1623676,3,2004-06-17
7501,1291373,4,2005-08-05
7501,2470148,4,2002-11-12
7501,2504853,3,2004-09-07
7501,1565082,4,2003-09-12
7501,412833,2,2004-09-24
7501,152553,3,2005-04-21
7501,2342898,3,2005-05-31
7501,2073795,4,2005-09-26
7501,1143687,4,2005-11-06
7501,1202962,4,2001-02-07
7501,752642,3,2001-07-10
7501,1544545,1,2005-07-22
7501,531943,2,2003-02-12
7501,1389855,3,2005-09-08
7501,956731,5,2003-10-16
7501,533344,4,2004-09-12
7501,1455086,4,2004-10-04
7501,1796104,2,2005-01-19
7501,2332774,2,2005-06-11
7501,826727,4,2005-10-19
7501,671338,3,2005-10-26
7501,500965,4,2005-12-18
7501,1438498,1,2000-06-03
7501,13891,2,2001-10-16
7501,750641,5,2003-04-08
7501,1956808,4,2002-01-10
7501,511899,3,2002-05-03
7501,1278834,4,2002-04-14
7501,1807097,4,2003-05-24
7501,1081067,4,2003-02-13
7501,766593,4,2003-11-28
7501,1546734,3,2005-08-29
7501,817628,5,2003-09-16
7501,64594,3,2004-01-25
7501,1562368,3,2005-04-06
7501,563632,4,2005-05-14
7501,2571947,2,2005-09-14
7501,875399,3,2005-10-25
7501,25267,3,2005-10-27
7501,1037785,2,2000-04-15
7501,2405561,3,2005-07-14
7501,1541350,4,2003-12-01
7501,2267442,3,2004-09-02
7501,600694,4,2003-12-02
7501,1831890,5,2004-01-22
7501,1148006,3,2004-04-23
7501,593173,5,2004-11-14
7501,1126208,4,2005-01-27
7501,1525351,1,2005-02-26
7501,953126,3,2005-03-15
7501,209438,3,2005-12-08
7501,826696,4,2003-10-06
7501,1864786,4,2004-02-26
7501,886282,4,2003-07-08
7501,1660219,3,2003-09-30
7501,1056036,3,2003-08-21
7501,249936,3,2004-01-15
7501,928005,4,2004-06-01
7501,1048203,4,2004-08-03
7501,240160,4,2004-02-14
7501,1551139,4,2004-10-17
7501,1233876,5,2005-02-03
7501,1410296,4,2005-03-21
7501,231933,3,2005-05-16
7501,655479,5,2005-10-22
7501,2575712,5,2005-11-28
7501,1776727,4,2005-12-13
7501,2489269,3,2005-07-10
7501,1673613,3,2001-01-26
7501,2608673,3,2003-04-25
7501,567704,4,2003-09-22
7501,1179982,3,2003-04-21
7501,2119190,3,2003-01-14
7501,2052829,4,2004-01-12
7501,919477,2,2004-04-05
7501,736743,4,2004-09-15
7501,2086655,3,2004-03-31
7501,63790,3,2004-03-15
7501,488966,5,2004-03-23
7501,838773,1,2004-04-10
7501,1941713,3,2004-11-16
7501,1089037,2,2004-12-01
7501,2480001,3,2005-02-09
7501,2381925,1,2005-02-22
7501,1561960,1,2005-03-22
7501,272025,4,2005-03-23
7501,1195257,4,2005-04-20
7501,701255,3,2005-09-12
7501,2052133,2,2000-10-16
7501,2054907,4,2001-04-23
7501,121182,4,2002-06-11
7501,2457189,4,2002-04-23
7501,2056022,2,2003-04-11
7501,414258,4,2003-06-05
7501,555042,3,2004-08-12
7501,2430108,3,2004-06-04
7501,1334721,5,2004-05-12
7501,1745107,3,2004-06-03
7501,326356,3,2005-01-25
7501,2171553,4,2005-02-02
7501,915643,2,2005-04-11
7501,1842990,3,2005-06-13
7501,1623403,5,2005-11-08
7501,483392,3,2005-11-13
7501,232103,5,2005-11-17
7501,1114657,1,2005-07-13
7501,1759950,4,2003-06-23
7501,765056,4,2002-09-10
7501,1796167,5,2005-08-23
7501,2481892,4,2004-07-17
7501,1273449,5,2004-04-08
7501,1559329,5,2005-01-19
7501,288727,4,2005-03-08
7501,670954,4,2005-04-15
7501,2228750,4,2005-07-07
7501,2210312,3,2001-05-07
7501,2150039,4,2001-05-06
7501,2525782,1,2004-06-02
7501,716497,5,2001-11-26
7501,320897,4,2004-01-16
7501,2408963,4,2003-11-06
7501,373579,4,2003-03-20
7501,556850,5,2002-12-10
7501,786404,4,2003-12-04
7501,1180657,3,2005-08-14
7501,2324287,3,2004-06-24
7501,1777948,2,2005-08-25
7501,873299,4,2003-07-29
7501,2492488,4,2004-04-22
7501,2558919,4,2004-09-29
7501,1416948,5,2004-12-01
7501,659563,3,2004-12-14
7501,2086637,4,2005-01-25
7501,1088325,4,2005-09-17
7501,799122,3,2005-09-27
7501,2593535,3,2003-01-07
7501,789145,4,2000-09-26
7501,1476304,4,2005-07-14
7501,141445,1,2004-01-06
7501,363858,3,2002-11-11
7501,558981,4,2004-07-28
7501,2285733,4,2003-02-13
7501,2237786,3,2005-09-04
7501,171754,5,2004-04-16
7501,1151165,5,2004-02-09
7501,2412457,5,2004-06-12
7501,1557949,4,2004-12-09
7501,1869918,3,2005-03-23
7501,1041877,5,2005-04-14
7501,823979,4,2005-10-12
7501,1169022,3,2003-07-16
7501,1889855,5,2002-06-12
7501,985009,4,2004-07-07
7501,1982334,4,2004-02-23
7501,1625122,3,2005-08-30
7501,921765,1,2004-08-11
7501,2324358,5,2004-07-13
7501,2286731,3,2004-06-02
7501,369185,5,2004-09-21
7501,1921295,4,2005-01-26
7501,1232662,3,2005-05-18
7501,1290067,3,2001-05-21
7501,586388,2,2004-04-03
7501,2645984,3,2005-08-01
7501,1967729,3,2003-02-11
7501,470493,4,2003-07-14
7501,441344,4,2004-08-29
7501,2031412,1,2004-06-10
7501,1761147,3,2005-08-21
7501,538005,3,2005-08-24
7501,1845469,4,2004-01-02
7501,163893,5,2003-08-20
7501,2447408,4,2003-10-12
7501,1954253,5,2004-02-08
7501,774250,3,2004-08-12
7501,304113,4,2004-12-02
7501,949770,5,2005-01-19
7501,411615,3,2005-09-07
7501,1195131,4,2005-10-23
7501,2588972,4,2005-11-20
7501,1228644,5,2001-06-25
7501,68387,4,2001-08-03
7501,2324341,5,2004-01-20
7501,1328243,5,2002-03-27
7501,2048937,4,2004-07-12
7501,442896,3,2005-08-11
7501,1445487,2,2003-07-04
7501,2415382,3,2003-08-13
7501,104941,3,2004-08-20
7501,2601834,4,2004-04-01
7501,2344901,4,2004-07-18
7501,714887,4,2004-12-16
7501,615076,3,2005-10-27
7501,1140242,4,2005-12-01
7501,559753,2,2001-02-04
7501,2121720,3,2005-08-10
7501,536371,4,2003-08-21
7501,1819315,5,2004-04-02
7501,1516350,3,2004-05-16
7501,2097548,3,2004-12-06
7501,660945,4,2005-11-16
7501,2059635,3,2005-11-20
7501,1190829,4,2000-03-29
7501,906050,4,2000-05-05
7501,816866,2,2001-01-19
7501,2757,4,2003-05-12
7501,625067,3,2001-12-21
7501,2584523,4,2002-12-11
7501,2273616,2,2003-07-21
7501,2262151,3,2004-10-25
7501,904416,5,2004-11-03
7501,1929814,5,2005-02-12
7501,2316281,4,2005-05-25
7501,1901828,4,2005-09-16
7501,289166,5,2005-09-18
7501,641734,4,2005-09-23
7501,946202,4,2005-10-27
7501,1130628,1,2000-03-06
7501,616958,4,2004-09-14
7501,2420760,2,2004-07-05
7501,1202021,4,2003-07-30
7501,796414,2,2004-03-07
7501,2114337,3,2004-05-19
7501,764245,4,2004-06-27
7501,2166233,4,2004-08-24
7501,1988524,4,2004-11-08
7501,1508362,4,2005-04-04
7501,1831014,4,2005-09-12
7501,2118461,4,2005-10-22
7501,1501011,4,2001-02-21
7501,1866253,2,2001-02-23
7501,2537083,3,2003-04-20
7501,846332,3,2003-09-24
7501,1275089,4,2003-08-24
7501,2644536,4,2005-02-08
7501,1322014,4,2005-03-24
7501,657606,3,2005-04-09
7501,195432,4,2005-05-09
7501,1376886,1,2005-10-17
7501,2170004,3,2005-12-12
7501,679299,2,2001-02-16
7501,614132,3,2003-09-19
7501,1337699,3,2004-08-21
7501,902446,5,2005-08-23
7501,2459146,4,2004-08-25
7501,298981,4,2004-10-05
7501,2290244,4,2005-02-16
7501,2061495,3,2005-03-29
7501,521653,4,2005-04-23
7501,2179594,5,2005-06-10
7501,2559358,5,2001-12-27
7501,2080222,5,2001-10-04
7501,387418,1,2003-10-13
7501,818804,3,2003-06-16
7501,1701859,5,2004-05-04
7501,1920724,3,2004-10-05
7501,175221,5,2005-01-28
7501,2594958,3,2005-02-10
7501,1812219,2,2005-06-15
7501,1217630,3,2005-09-13
7501,872408,2,2005-10-11
7501,1437146,4,2005-12-01
7501,1041778,3,2001-12-06
7501,1543836,2,2001-09-05
7501,381346,3,2003-01-03
7501,907859,3,2005-08-23
7501,1215167,4,2004-06-01
7501,1920218,3,2004-01-14
7501,2590883,4,2003-06-12
7501,689229,4,2004-10-01
7501,267803,2,2005-01-20
7501,2140471,4,2005-02-22
7501,2257189,3,2005-03-10
7501,1379943,5,2005-04-13
7501,204235,1,2005-04-19
7501,2390732,3,2005-05-16
7501,2606029,3,2005-05-23
7501,2303393,3,2005-10-25
7501,766680,5,2003-03-31
7501,2325440,4,2000-02-07
7501,1288340,3,2003-11-06
7501,82197,3,2003-04-21
7501,1029163,3,2002-05-13
7501,1248054,2,2004-06-08
7501,1344886,1,2005-08-03
7501,1404614,4,2003-06-20
7501,1744121,2,2005-08-04
7501,2377537,4,2003-09-20
7501,207647,4,2003-06-05
7501,1010609,4,2003-08-19
7501,2278338,4,2003-09-08
7501,1547165,3,2005-08-31
7501,245942,3,2005-09-02
7501,1050045,2,2004-02-09
7501,571989,4,2004-08-27
7501,690487,4,2004-11-07
7501,164552,2,2005-02-24
7501,1717595,4,2005-05-25
7501,2524511,5,2005-09-26
7501,1809784,3,2001-02-02
7501,183860,3,2004-02-24
7501,580236,2,2004-03-08
7501,2196083,2,2002-06-16
7501,1263386,5,2003-08-15
7501,978734,4,2004-02-26
7501,516435,4,2004-12-22
7501,2540964,3,2005-01-11
7501,639390,3,2005-04-21
7501,1392942,3,2005-05-03
7501,97611,4,2005-05-15
7501,87192,4,2005-09-17
7501,2142056,5,2001-09-06
7501,1876574,5,2004-01-23
7501,289993,3,2002-06-30
7501,2605672,4,2005-07-28
7501,1424768,4,2004-08-16
7501,395800,4,2003-07-26
7501,2341063,3,2004-02-15
7501,1760487,4,2004-06-05
7501,340479,1,2004-11-12
7501,2373540,5,2005-09-20
7501,2402139,4,2005-10-04
7501,2296718,3,2005-11-18
7501,795975,3,2000-07-22
7501,2416072,4,2001-08-08
7501,527960,4,2003-07-16
7501,1735732,3,2004-02-14
7501,785992,3,2003-09-10
7501,461457,3,2003-09-20
7501,352838,4,2004-06-15
7501,624987,5,2003-08-24
7501,2226875,4,2004-03-09
7501,1932594,2,2004-07-19
7501,2487733,4,2004-09-26
7501,1132071,4,2004-10-19
7501,2548713,1,2005-01-01
7501,2463269,3,2005-03-18
7501,303949,5,2005-05-01
7501,819462,4,2005-05-31
7501,1749656,4,2005-09-27
7501,618197,5,2005-10-09
7501,1472073,3,2005-11-13
7501,1046210,4,2005-11-21
7501,2019291,4,2005-12-05
7501,495174,3,2003-04-17
7501,1999417,2,2005-07-21
7501,277741,4,2003-01-13
7501,2381982,1,2002-06-27
7501,1971428,3,2004-09-05
7501,226883,4,2005-01-10
7501,1785031,4,2005-02-01
7501,1425899,3,2005-03-03
7501,700490,4,2005-09-17
7501,978886,2,2005-09-26
7501,1261802,4,2005-09-29
7501,1600098,3,2005-10-05
7501,757728,3,2005-10-25
7501,1317124,5,2005-12-26
7501,776316,4,2001-08-21
7501,1687201,3,2003-07-23
7501,1241104,5,2001-07-17
7501,1064790,5,2005-07-19
7501,1938464,3,2003-12-31
7501,2229023,4,2002-11-30
7501,2572516,4,2005-08-06
7501,1741325,2,2004-09-17
7501,1091615,3,2004-10-28
7501,2173853,5,2004-12-09
7501,462180,3,2004-12-21
7501,393928,4,2005-01-03
7501,2303953,4,2005-01-22
7501,2242179,4,2005-02-04
7501,1161755,4,2005-02-23
7501,2442131,4,2005-06-29
7501,802979,4,2005-12-03
7501,712774,2,2002-12-11
7501,2305721,4,2001-10-12
7501,944837,3,2002-06-26
7501,1127480,3,2004-01-05
7501,1663888,3,2003-11-03
7501,1460729,4,2004-05-26
7501,1802414,4,2004-08-25
7501,2145178,4,2003-07-30
7501,1966687,5,2004-07-07
7501,1378029,4,2004-04-29
7501,415769,4,2004-01-01
7501,2016077,5,2004-06-09
7501,999289,1,2004-11-19
7501,1633122,3,2004-12-10
7501,1553896,3,2005-03-02
7501,1953470,3,2005-10-28
7501,2408354,3,2002-07-15
7501,1282507,3,2004-04-19
7501,1922996,3,2002-09-04
7501,630641,2,2003-11-14
7501,241068,5,2004-07-05
7501,2540263,4,2004-07-27
7501,1009940,5,2004-12-25
7501,364238,4,2004-12-30
7501,2493139,5,2005-11-11
7501,2414152,2,2003-06-19
7501,2206837,2,2004-06-18
7501,1072863,2,2004-02-23
7501,2093947,4,2004-06-14
7501,1058773,3,2004-06-11
7501,560599,4,2005-01-02
7501,1250700,4,2005-01-28
7501,1938297,4,2005-02-27
7501,1896665,5,2005-04-05
7501,718894,5,2005-05-02
7501,1894440,1,2005-05-13
7501,1077120,2,2005-10-31
7501,1713268,5,2001-07-01
7501,1902897,4,2001-10-16
7501,981423,4,2004-01-12
7501,1498985,2,2000-12-21
7501,510103,3,2000-12-27
7501,2307656,4,2001-05-23
7501,775822,2,2005-07-18
7501,251777,2,2002-11-17
7501,1375303,2,2002-07-04
7501,812379,4,2005-07-25
7501,1826742,4,2004-09-10
7501,32447,5,2004-04-28
7501,566554,5,2005-05-14
7501,1447418,5,2005-05-16
7501,1225745,1,2005-09-21
7501,1037245,3,2005-12-23
7501,2383089,5,2004-07-10
7501,766895,3,2002-09-12
7501,556126,5,2004-04-13
7501,1136617,2,2003-08-27
7501,2292823,4,2004-06-24
7501,1419805,4,2005-06-15
7501,2085266,3,2005-09-05
7501,502966,5,2004-03-29
7501,642384,5,2004-09-25
7501,217192,4,2004-10-28
7501,1686385,3,2005-06-20
7501,1129115,5,2000-04-18
7501,1228106,4,2001-11-01
7501,792879,4,2003-09-17
7501,1129884,4,2004-02-23
7501,556870,4,2002-12-11
7501,1479347,4,2004-09-13
7501,1467844,4,2005-08-15
7501,1823941,3,2005-08-31
7501,937221,5,2004-06-24
7501,2054186,4,2004-05-23
7501,371741,5,2004-07-22
7501,155983,3,2004-10-15
7501,1468344,4,2005-01-28
7501,1311895,4,2005-01-29
7501,1412008,4,2005-04-15
7501,1666805,3,2005-09-29
7501,1879405,4,2005-09-30
7501,1795560,2,2000-08-04
7501,1972735,2,2001-02-28
7501,1639792,1,2002-03-30
7501,1504525,4,2002-10-30
7501,136682,3,2003-04-29
7501,1206947,5,2004-08-24
7501,1515355,4,2005-03-18
7501,810060,5,2005-04-04
7501,298854,3,2005-11-28
7501,1352530,4,2001-03-12
7501,1184328,4,2005-08-04
7501,1823065,4,2005-08-26
7501,441596,3,2005-09-03
7501,2012513,3,2003-11-10
7501,656524,3,2003-09-30
7501,1471136,3,2004-11-09
7501,1887369,5,2005-03-21
7501,825576,5,2005-05-09
7501,2190288,4,2005-09-25
7501,1763703,3,2005-10-03
7501,96907,5,2005-10-14
7501,589079,4,2002-03-30
7501,513933,4,2005-07-28
7501,1682786,3,2004-02-24
7501,1776577,3,2004-08-25
7501,766038,5,2004-08-03
7501,162641,3,2004-11-23
7501,2143500,3,2004-12-29
7501,1106240,3,2005-01-19
7501,2185057,3,2005-03-09
7501,981520,5,2002-07-17
7501,1795821,4,2004-03-30
7501,2460347,1,2004-03-25
7501,2125181,4,2004-05-28
7501,94474,2,2003-09-16
7501,172223,5,2004-05-05
7501,2235139,3,2004-11-04
7501,1029622,4,2004-11-11
7501,849485,5,2004-12-08
7501,2592419,4,2004-12-12
7501,1889221,4,2005-01-03
7501,1891693,3,2005-01-03
7501,2433096,4,2005-01-22
7501,670407,4,2005-02-21
7501,910687,3,2005-09-14
7501,582486,1,2005-11-28
7501,45641,4,2005-12-20
7501,1832073,3,2000-02-14
7501,1586306,3,2000-11-20
7501,1460343,3,2001-05-04
7501,2295574,2,2001-10-10
7501,1611302,4,2003-05-05
7501,126058,3,2002-12-17
7501,1652073,4,2004-05-27
7501,1592647,4,2004-01-18
7501,1202734,4,2004-09-21
7501,1325506,3,2004-12-01
7501,199431,4,2005-05-13
7501,25362,4,2005-10-19
7501,363609,3,2005-07-07
7501,1225666,4,2004-06-18
7501,2346240,3,2003-07-27
7501,2083121,3,2002-06-22
7501,146587,3,2003-04-18
7501,721603,3,2003-01-16
7501,2080458,4,2005-08-28
7501,2188217,3,2004-10-12
7501,2621962,4,2005-03-08
7501,729641,5,2005-03-28
7501,2243940,5,2005-09-23
7501,1334851,4,2005-10-17
7501,1702753,4,2005-10-20
7501,329364,5,2005-11-07
7501,1676423,2,2005-11-29
7501,737403,4,2002-11-13
7501,152858,4,2000-07-12
7501,1838390,1,2000-06-22
7501,738113,5,2001-07-19
7501,2219092,5,2005-08-02
7501,1667002,3,2003-12-01
7501,1440251,2,2004-08-23
7501,52508,3,2004-03-07
7501,2238060,2,2004-08-18
7501,1644636,3,2005-01-04
7501,1931652,3,2005-09-16
7501,875603,5,2005-11-21
7501,412916,4,2005-12-06
7501,834215,4,2002-11-06
7501,54606,3,2004-05-12
7501,872832,4,2003-05-14
7501,1707198,3,2004-05-17
7501,1607735,4,2004-02-20
7501,1852040,2,2004-11-03
7501,759960,4,2004-11-12
7501,2543245,4,2004-11-22
7501,1600809,3,2005-04-14
7501,402118,3,2005-09-07
7501,780220,4,2005-10-02
7501,1239914,5,2005-10-13
7501,1234985,3,2005-10-31
7501,1293893,3,2001-03-11
7501,2352491,2,2000-01-29
7501,724165,4,2000-03-05
7501,832536,5,2000-11-30
7501,781417,4,2000-08-01
7501,104724,3,2003-05-16
7501,1646832,3,2003-07-21
7501,2105700,4,2002-05-20
7501,1560419,4,2004-02-14
7501,2007390,3,2003-09-15
7501,616093,2,2003-06-09
7501,1582374,5,2004-09-20
7501,1334128,4,2004-10-04
7501,1249657,4,2005-03-26
7501,2145905,1,2005-04-01
7501,22784,1,2005-04-07
7501,1020983,5,2001-03-05
7501,279477,4,2005-07-12
7501,2324445,2,2003-12-16
7501,1794003,3,2002-03-17
7501,1344404,3,2003-12-29
7501,1775740,4,2002-04-01
7501,2333944,3,2003-06-07
7501,229439,4,2003-10-28
7501,1182139,3,2005-08-18
7501,1476826,3,2003-07-01
7501,160534,4,2004-04-06
7501,746953,4,2004-04-30
7501,706870,5,2004-09-17
7501,1714805,5,2004-12-18
7501,2481931,4,2005-01-27
7501,552684,4,2005-03-01
7501,600590,4,2005-04-10
7501,2465438,3,2005-05-03
7501,316155,4,2005-09-06
7501,277263,4,2005-11-14
7501,231338,2,2004-11-26
7501,1288242,4,2002-07-19
7501,909518,3,2003-11-20
7501,88188,4,2005-08-12
7501,284518,4,2004-01-16
7501,1508067,3,2003-07-02
7501,1416729,4,2005-08-28
7501,2643421,3,2003-10-29
7501,308308,3,2004-06-07
7501,1170770,5,2005-01-07
7501,1891779,4,2005-02-18
7501,1323752,4,2005-04-03
7501,2787,2,2005-10-06
7501,561636,4,2002-11-05
7501,2425260,3,2004-08-24
7501,1857639,4,2004-08-30
7501,34473,3,2003-06-13
7501,2245007,3,2002-08-21
7501,673426,4,2003-07-16
7501,1162805,4,2004-03-10
7501,2352542,5,2004-11-13
7501,1525054,2,2004-11-23
7501,451837,3,2004-12-16
7501,1769579,3,2005-06-07
7501,1073670,4,2005-09-12
7501,1429820,4,2000-12-19
7501,1999237,3,2003-06-12
7501,1899429,5,2001-09-02
7501,2086160,4,2002-07-17
7501,1176779,3,2002-11-21
7501,421290,2,2004-06-18
7501,1086360,2,2004-08-11
7501,1911845,3,2004-04-13
7501,897373,3,2005-03-23
7501,1217660,2,2005-04-13
7501,1346698,5,2005-05-09
7501,2375388,5,2005-06-05
7501,2498882,4,2005-11-04
7501,1826823,2,2005-11-06
7501,2252362,4,2000-03-24
7501,2447365,3,2002-06-04
7501,367581,2,2001-03-14
7501,1184850,4,2001-01-13
7501,2289751,4,2003-02-12
7501,2140749,2,2003-01-25
7501,1873084,4,2002-06-15
7501,559181,5,2003-11-05
7501,696973,4,2003-11-19
7501,266126,5,2004-06-21
7501,1951711,3,2005-01-24
7501,114130,3,2005-04-05
7501,448144,3,2005-09-15
7501,1796454,3,2005-09-28
7501,2586859,3,2005-12-07
7501,2398656,4,2001-06-27
7501,2599583,4,2000-12-05
7501,1844850,4,2003-06-20
7501,1294339,3,2002-08-31
7501,2591364,4,2002-08-13
7501,351880,3,2003-04-08
7501,2527727,3,2003-05-15
7501,2281174,4,2005-08-26
7501,724631,4,2003-12-18
7501,1763574,5,2004-08-24
7501,1240085,4,2005-01-27
7501,1249029,4,2005-09-10
7501,684648,4,2005-10-10
7501,473862,4,2002-01-23
7501,1441735,4,2002-06-14
7501,1144773,5,2001-06-03
7501,46222,5,2002-12-24
7501,102634,3,2004-04-03
7501,652976,4,2005-08-22
7501,740293,4,2004-02-02
7501,1199917,4,2004-11-11
7501,458108,4,2005-02-14
7501,1544723,5,2005-09-18
7501,2166511,4,2005-12-02
7501,804915,4,2002-07-09
7501,1993896,4,2001-02-27
7501,718756,4,2002-09-25
7501,741894,4,2002-04-02
7501,792379,3,2003-09-27
7501,2062697,2,2003-05-25
7501,292741,3,2002-09-07
7501,470582,3,2002-09-05
7501,1041413,4,2002-09-05
7501,315981,3,2004-01-30
7501,363534,3,2003-11-04
7501,962944,5,2003-10-06
7501,1423518,4,2004-06-28
7501,98142,4,2004-08-19
7501,2058163,4,2004-07-09
7501,1300759,4,2004-10-07
7501,293562,4,2004-11-04
7501,299636,2,2005-02-13
7501,362168,5,2005-02-15
7501,1646183,4,2005-03-27
7501,1686628,5,2005-09-09
7501,2628029,4,2005-10-26
7501,663079,4,2005-11-15
7501,2167872,2,2005-11-22
7501,1560518,5,2005-11-26
7501,128450,1,2002-08-22
7501,2006147,3,2000-08-22
7501,44490,4,2004-04-10
7501,1889025,3,2001-08-13
7501,2118159,4,2004-02-22
7501,144265,3,2004-09-08
7501,1450398,4,2004-01-10
7501,1552802,3,2004-05-27
7501,2576036,3,2004-10-15
7501,686526,4,2004-10-30
7501,61152,2,2005-03-20
7501,2136406,3,2005-09-06
