3603,896780,4,2005-08-30
3603,541295,5,2005-09-06
3603,2411751,3,2005-08-28
3603,655740,4,2005-11-28
3603,1110453,5,2005-08-31
3603,1227322,1,2005-09-13
3603,2039201,4,2005-12-06
3603,1326654,3,2005-08-30
3603,2151076,4,2005-09-03
3603,705703,5,2005-11-22
3603,420660,5,2005-11-19
3603,677314,4,2005-11-18
3603,1972677,4,2005-09-06
3603,1652711,5,2005-09-08
3603,716417,4,2005-09-06
3603,438369,5,2005-11-13
3603,1511866,3,2005-08-28
3603,1722981,4,2005-11-01
3603,2357588,2,2005-09-28
3603,1627292,4,2005-09-09
3603,2538881,5,2005-12-29
3603,2466950,5,2005-08-28
3603,2585607,3,2005-09-27
3603,2439493,1,2005-09-16
3603,479924,5,2005-12-06
3603,1630419,5,2005-09-26
3603,2180509,5,2005-10-17
3603,266900,5,2005-11-05
3603,732221,4,2005-09-02
3603,328212,5,2005-12-06
3603,592122,2,2005-12-10
3603,2364377,5,2005-12-09
3603,2261359,5,2005-09-03
3603,33899,3,2005-12-05
3603,1845647,4,2005-09-29
3603,2383799,5,2005-09-01
3603,742858,5,2005-08-28
3603,1445221,4,2005-09-19
3603,362231,5,2005-08-30
3603,199435,4,2005-11-10
3603,195760,3,2005-12-10
3603,1690900,4,2005-10-22
3603,2042066,5,2005-10-26
3603,2397080,4,2005-08-29
3603,315751,4,2005-09-25
3603,791787,5,2005-10-19
3603,2432218,1,2005-09-14
3603,1457172,4,2005-09-27
3603,950251,4,2005-12-10
3603,2482938,5,2005-11-27
3603,1757227,4,2005-09-07
3603,584376,3,2005-08-28
3603,1878460,4,2005-11-27
3603,913572,2,2005-12-18
3603,334578,4,2005-08-28
3603,1327597,5,2005-10-15
3603,1407578,5,2005-11-01
3603,2087907,3,2005-09-10
3603,622881,5,2005-10-06
3603,2558018,3,2005-11-27
3603,1996172,3,2005-10-11
3603,2096501,4,2005-08-30
3603,1846329,3,2005-09-17
3603,504620,1,2005-09-15
3603,3097,5,2005-08-28
3603,538247,4,2005-09-23
3603,1999625,3,2005-10-31
3603,1854660,5,2005-10-17
3603,510173,5,2005-09-04
3603,305344,1,2005-09-12
3603,808873,5,2005-12-21
3603,2189522,5,2005-10-08
3603,313967,5,2005-08-29
3603,696079,4,2005-09-26
3603,2352652,5,2005-08-30
3603,679522,1,2005-12-06
3603,496106,5,2005-10-25
3603,1294335,2,2005-11-09
3603,75629,4,2005-09-20
3603,439559,5,2005-10-07
3603,2018894,5,2005-10-05
3603,272222,5,2005-12-06
3603,2562094,4,2005-12-21
3603,19006,4,2005-11-22
3603,1026457,4,2005-09-07
3603,1168936,4,2005-09-06
3603,1579499,4,2005-10-17
3603,475934,5,2005-09-27
3603,173566,3,2005-12-16
3603,1249760,4,2005-09-26
3603,2521398,4,2005-10-22
3603,282840,5,2005-09-01
3603,124025,4,2005-11-17
3603,1484795,4,2005-11-25
3603,129428,4,2005-11-01
3603,518137,1,2005-09-16
3603,1274899,5,2005-08-30
3603,428491,4,2005-12-20
3603,1656108,5,2005-11-12
3603,272689,2,2005-10-19
3603,817365,2,2005-09-02
3603,2507404,4,2005-09-07
