1953,2338545,3,2001-08-30
1953,1594764,3,2001-05-01
1953,2477726,2,2002-05-04
1953,1001129,2,2004-10-29
1953,544930,1,2002-06-06
1953,2623758,1,2005-11-14
1953,1020711,5,2005-09-09
1953,1518496,2,2005-07-24
1953,1166912,2,2003-05-12
1953,359063,3,2005-11-15
1953,2439493,1,2003-01-10
1953,66179,1,2003-06-20
1953,1611603,3,2005-02-02
1953,483909,2,2002-11-08
1953,1611986,2,2004-07-20
1953,783779,2,2004-09-06
1953,1700516,3,2002-04-18
1953,1876520,1,2002-06-15
1953,1749861,1,2004-09-01
1953,78913,3,2000-07-26
1953,1790918,2,2002-11-03
1953,767958,5,2001-07-03
1953,270207,4,2005-02-08
1953,2456556,2,2002-06-05
1953,2083367,3,2002-11-13
1953,1664010,3,2005-10-15
1953,1071305,4,2002-08-10
1953,572481,1,2002-10-19
1953,2490563,2,2004-11-22
1953,347883,4,2005-09-07
1953,71594,2,2000-06-29
1953,2291306,2,2004-02-19
1953,2077006,1,2004-08-24
1953,1386081,2,2005-07-12
1953,798394,1,2003-08-28
1953,798296,1,2002-11-21
1953,32141,1,2002-06-21
1953,16272,1,2002-08-10
1953,2434632,2,2000-09-26
1953,2105464,3,2002-07-18
1953,305344,3,2003-03-09
1953,546576,3,2002-10-03
1953,172102,1,2002-03-08
1953,1116009,4,2004-04-22
1953,313592,2,2004-11-14
1953,45366,3,2002-02-21
1953,2338262,4,2004-09-03
1953,1745577,5,2004-12-04
1953,2081852,2,2001-01-25
1953,2555451,3,2003-12-11
1953,752642,1,2001-03-03
1953,826696,4,2000-08-18
1953,1722054,5,2003-08-26
1953,2118461,3,2005-12-19
1953,387418,2,2003-08-21
1953,1880434,5,2002-10-06
1953,1029163,2,2002-07-02
1953,2437675,1,2000-09-02
1953,416416,2,2004-08-23
1953,1061195,2,2004-01-04
1953,1663694,2,2004-02-01
1953,1036692,3,2005-09-21
1953,1754163,5,2005-08-21
1953,989130,2,2003-04-10
1953,1268769,2,2001-04-24
1953,968784,3,2003-04-16
1953,1681941,2,2004-03-04
1953,2169119,2,2004-07-20
1953,2308472,1,2002-08-03
1953,2349702,3,2004-12-18
1953,2568178,3,2003-02-13
1953,1420080,1,2004-01-13
1953,678155,2,2002-01-07
