15659,1907667,4,2005-11-02
15659,1650301,3,2005-07-18
15659,2625420,2,2005-03-28
15659,482329,1,2005-06-08
15659,1951144,3,2005-09-29
15659,567561,5,2005-07-08
15659,821329,4,2005-05-07
15659,1384270,1,2005-09-03
15659,1673185,3,2004-07-25
15659,544242,3,2005-05-03
15659,1779385,3,2005-05-09
15659,1962947,3,2004-08-25
15659,1066680,5,2004-06-11
15659,1358962,3,2005-05-13
15659,987647,2,2005-06-13
15659,1792741,3,2005-06-27
15659,378768,5,2005-08-15
15659,1474804,3,2005-04-15
15659,1819462,1,2005-04-27
15659,2439493,1,2005-05-23
15659,2140883,5,2004-03-30
15659,581893,4,2004-04-28
15659,1545709,4,2005-11-13
15659,684876,5,2005-11-01
15659,1764316,4,2005-11-21
15659,1572738,5,2005-09-09
15659,889052,4,2005-05-03
15659,2135424,3,2005-10-18
15659,1252322,3,2005-10-12
15659,1999176,4,2005-06-22
15659,1374216,1,2005-09-28
15659,595778,3,2004-07-27
15659,1132532,5,2005-11-21
15659,1320869,3,2005-06-08
15659,2282644,2,2005-07-25
15659,507603,1,2005-03-23
15659,2101288,3,2004-04-11
15659,1421913,3,2005-07-13
15659,1664010,4,2005-10-17
15659,2297136,1,2005-07-08
15659,74738,5,2005-04-12
15659,2035871,3,2005-10-01
15659,2631565,3,2005-10-02
15659,1896378,4,2005-07-26
15659,350415,5,2005-06-07
15659,1360725,2,2005-07-23
15659,1477153,3,2005-05-15
15659,2500688,5,2004-11-04
15659,2449001,3,2005-09-04
15659,824315,2,2005-04-22
15659,1437326,3,2005-09-02
15659,2272727,1,2005-06-23
15659,1448600,5,2005-12-09
15659,1299887,4,2005-08-07
15659,1600619,3,2005-06-15
15659,600141,4,2005-04-20
15659,305344,2,2004-03-16
15659,628961,5,2004-04-29
15659,449686,5,2005-09-25
15659,494014,3,2005-10-03
15659,1790944,3,2005-04-04
15659,2336688,1,2005-12-01
15659,1160087,4,2005-11-15
15659,2536424,3,2005-09-25
15659,1725329,2,2005-12-04
15659,2232911,4,2005-05-02
15659,1387197,2,2005-05-09
15659,10679,4,2005-06-14
15659,1202818,2,2005-05-27
15659,1181111,5,2005-07-07
15659,303002,1,2005-05-08
15659,1728944,4,2005-06-25
15659,1806515,3,2005-09-29
15659,9371,3,2005-06-14
15659,387418,2,2004-02-09
15659,540778,3,2005-04-26
15659,1486829,5,2005-10-28
15659,2303953,4,2005-04-27
15659,1663888,3,2005-03-06
15659,1401690,5,2005-04-11
15659,1461435,1,2005-04-19
15659,2174669,5,2005-05-08
15659,2254256,5,2005-03-05
15659,2370502,1,2005-09-19
15659,2460347,1,2005-12-19
15659,1668684,3,2005-11-08
15659,699564,3,2005-06-01
15659,1768186,3,2005-04-01
15659,559181,4,2005-05-13
15659,330278,3,2005-08-14
15659,804157,4,2005-10-24
