5585,876067,3,2005-01-12
5585,1254903,3,2003-08-25
5585,312110,2,2005-05-26
5585,940556,4,2004-08-31
5585,427561,4,2004-03-16
5585,349528,4,2003-08-04
5585,2535278,3,2003-06-23
5585,153249,3,2003-12-30
5585,971977,4,2004-02-09
5585,1767208,3,2004-02-27
5585,887228,4,2005-05-11
5585,1753149,4,2005-02-19
5585,622673,2,2003-10-01
5585,430109,2,2005-02-28
5585,380854,4,2005-02-10
5585,2407331,5,2005-06-02
5585,2403969,5,2004-10-17
5585,473137,1,2005-02-03
5585,2424776,4,2003-11-05
5585,792693,3,2003-07-16
5585,1788346,2,2003-05-19
5585,2170930,1,2005-10-23
5585,1132940,3,2004-02-19
5585,530588,3,2003-05-28
5585,111085,4,2003-05-19
5585,1187113,4,2005-08-09
5585,187322,2,2004-11-23
5585,2439493,1,2003-04-25
5585,1966118,2,2004-08-27
5585,130123,4,2004-12-14
5585,396681,3,2005-05-14
5585,1563935,1,2005-08-15
5585,1300687,3,2005-12-08
5585,2038701,3,2005-05-27
5585,1385431,2,2005-10-25
5585,2226984,5,2005-02-07
5585,1149786,2,2004-12-16
5585,424367,4,2005-01-30
5585,1374216,1,2005-10-06
5585,2136927,3,2005-12-13
5585,2356088,1,2005-11-01
5585,1798925,4,2004-07-30
5585,1106241,1,2005-11-23
5585,2260761,3,2005-08-05
5585,1821707,3,2005-06-12
5585,2525632,2,2004-01-10
5585,1250335,2,2005-03-17
5585,1810743,4,2005-07-21
5585,1670573,5,2005-08-03
5585,2182850,3,2003-07-03
5585,1684416,1,2004-12-14
5585,1664010,3,2005-10-12
5585,659540,2,2004-06-22
5585,896920,4,2004-02-02
5585,504243,3,2003-08-26
5585,2458451,4,2005-12-11
5585,1787550,2,2005-08-31
5585,1362183,5,2003-07-24
5585,2032785,2,2003-08-26
5585,2244725,2,2004-08-25
5585,2320538,2,2003-10-06
5585,697474,2,2003-11-29
5585,2109890,3,2003-06-20
5585,106929,2,2004-12-02
5585,1755096,5,2004-01-23
5585,115530,1,2004-04-10
5585,282230,4,2004-03-21
5585,419722,2,2003-12-02
5585,1232297,5,2005-06-04
5585,1254363,3,2004-11-30
5585,1591925,5,2005-04-04
5585,2590402,3,2004-03-03
5585,700688,3,2004-05-12
5585,523957,4,2004-08-30
5585,1299887,3,2005-03-11
5585,2396236,4,2004-06-01
5585,1035326,2,2005-06-21
5585,466257,4,2003-07-02
5585,305344,2,2003-05-09
5585,2048620,4,2003-08-04
5585,1492765,2,2004-05-11
5585,2631950,4,2005-02-25
5585,1200479,3,2005-05-09
5585,1768181,2,2005-09-30
5585,1189371,4,2003-12-19
5585,1675680,4,2005-11-09
5585,1391691,1,2005-06-22
5585,1500828,3,2005-03-17
5585,105802,3,2005-10-11
5585,2255880,2,2003-05-01
5585,1922401,2,2004-10-20
5585,4597,4,2005-11-17
5585,2444174,4,2004-09-13
5585,164361,1,2004-07-08
5585,854364,5,2004-03-10
5585,2113107,4,2005-01-30
5585,677536,3,2005-03-14
5585,1267125,4,2005-05-24
5585,1182342,3,2003-11-05
5585,2130261,4,2005-03-11
5585,1250529,4,2004-04-20
5585,2118461,3,2005-12-19
5585,1744915,3,2004-04-16
5585,387418,1,2003-08-01
5585,57369,2,2004-06-29
5585,1932594,2,2004-08-09
5585,2044173,4,2005-01-13
5585,1831664,3,2005-02-15
5585,1663888,3,2005-03-14
5585,1966687,3,2004-03-16
5585,1461435,1,2003-08-11
5585,959776,4,2004-08-04
5585,1129884,4,2004-03-16
5585,1639792,1,2003-04-29
5585,252456,2,2004-02-10
5585,2339135,5,2005-05-19
5585,2143500,3,2005-11-18
5585,964681,2,2005-06-28
5585,363609,2,2004-02-11
5585,1852040,1,2004-07-19
5585,2405791,5,2003-09-05
5585,231338,3,2004-08-03
5585,1204159,4,2003-10-23
