16295,1809758,2,2004-04-28
16295,1162007,3,2003-08-28
16295,1981733,3,2004-06-08
16295,1307041,1,2004-07-19
16295,157521,5,2004-12-23
16295,1905247,3,2003-11-21
16295,298900,2,2003-03-12
16295,231489,1,2004-02-09
16295,2052670,2,2004-06-27
16295,2298964,2,2004-04-02
16295,922922,4,2004-05-13
16295,152619,4,2002-09-05
16295,2175558,4,2005-01-19
16295,923084,2,2005-09-26
16295,1618191,5,2005-06-14
16295,1181550,2,2003-09-19
16295,665953,1,2002-08-03
16295,738657,2,2004-04-03
16295,2476665,2,2004-09-30
16295,2186853,2,2004-05-01
16295,424958,3,2003-05-22
16295,8158,4,2005-02-28
16295,1787989,3,2000-12-19
16295,1031767,1,2001-11-27
16295,2364099,3,2005-08-20
16295,339101,2,2004-06-07
16295,2386920,3,2004-09-30
16295,392809,1,2005-07-05
16295,2273637,4,2005-01-11
16295,508039,4,2005-07-07
16295,474656,3,2004-03-28
16295,2549503,1,2003-11-18
16295,2049099,4,2004-05-17
16295,147653,4,2004-06-30
16295,584709,1,2003-12-14
16295,35094,2,2002-11-23
16295,1144883,2,2003-09-18
16295,1200930,5,2005-05-02
16295,235789,3,2004-12-28
16295,1710794,1,2004-05-17
16295,1918957,3,2003-12-01
16295,357916,1,2004-02-17
16295,1947371,2,2003-12-01
16295,1225458,2,2004-08-08
16295,165068,2,2004-06-12
16295,1314869,4,2004-11-20
16295,1662120,3,2004-05-17
16295,387341,2,2004-02-02
16295,1364648,2,2004-06-30
16295,1892880,4,2005-02-08
16295,2048858,5,2005-11-24
16295,897831,3,2001-06-09
16295,2088599,2,2003-11-04
16295,2484944,1,2004-05-04
16295,460747,2,2004-11-10
16295,1918520,1,2004-07-16
16295,1383706,1,2001-08-20
16295,2439493,1,2003-05-16
16295,44887,3,2004-03-25
16295,1034714,1,2004-05-26
16295,1816857,5,2005-03-08
16295,366677,1,2005-03-01
16295,338416,4,2005-06-02
16295,1063753,1,2005-01-09
16295,2162426,3,2003-10-31
16295,2590195,4,2004-07-30
16295,1132672,2,2005-12-23
16295,1174162,1,2004-03-05
16295,2345098,2,2005-07-04
16295,2095168,5,2000-06-06
16295,792534,2,2004-04-09
16295,2103120,3,2005-04-27
16295,2158444,3,2005-09-14
16295,1110156,2,2003-05-26
16295,205036,3,2004-04-11
16295,757456,2,2004-07-28
16295,351321,3,2004-03-03
16295,452465,1,2004-10-17
16295,1361524,3,2000-03-27
16295,2332765,1,2002-07-11
16295,538059,1,2004-07-20
16295,66885,4,2001-01-27
16295,10161,4,2005-10-12
16295,850067,2,2003-12-20
16295,605299,4,2004-07-10
16295,570459,1,2005-01-05
16295,2372200,2,2005-08-21
16295,162926,5,2003-11-05
16295,2127497,3,2004-09-21
16295,2640158,2,2004-05-23
16295,890937,3,2002-08-08
16295,495265,2,2004-12-03
16295,1655790,4,2005-10-25
16295,1120581,2,2005-04-02
16295,1163530,4,2005-04-19
16295,1341214,1,2005-03-11
16295,2268851,2,2005-05-05
16295,2330864,3,2005-10-10
16295,2101646,4,2004-01-02
16295,1927113,1,2005-02-02
16295,516041,1,2005-09-22
16295,1221497,3,2005-01-04
16295,2083367,2,2002-07-09
16295,1984022,2,2004-12-31
16295,538668,2,2005-10-18
16295,603349,5,2003-12-29
16295,2372153,4,2004-12-15
16295,1664010,4,2005-10-15
16295,164099,3,2004-07-28
16295,230922,2,2003-02-12
16295,2327743,3,2005-03-17
16295,1077806,2,2005-05-08
16295,2617482,4,2005-07-22
16295,576990,1,2004-08-30
16295,1763790,3,2005-06-11
16295,1947714,2,2005-10-05
16295,1937452,1,2003-11-12
16295,1793246,1,2004-07-06
16295,332300,1,2004-11-18
16295,1869926,3,2004-10-30
16295,949744,1,2005-03-16
16295,378066,2,2004-05-24
16295,2342836,3,2005-02-12
16295,756560,2,2005-04-04
16295,1094850,3,2004-04-07
16295,1508757,1,2004-08-13
16295,286684,3,2002-05-15
16295,1207334,2,2005-09-15
16295,1954817,3,2002-10-13
16295,1149415,2,2003-03-13
16295,1886300,2,2005-03-09
16295,487073,2,2002-06-11
16295,1788942,3,2003-11-06
16295,1201884,3,2005-05-05
16295,1695443,1,2005-10-24
16295,659827,5,2005-08-16
16295,1248506,1,2004-02-11
16295,2522005,4,2004-04-19
16295,320576,3,2005-09-12
16295,1704223,1,2003-11-18
16295,2610190,3,2004-10-26
16295,1137360,2,2005-09-11
16295,2005492,3,2005-12-11
16295,1399457,3,2005-08-10
16295,923268,4,2005-06-20
16295,2010849,3,2004-07-06
16295,2142754,3,2005-10-02
16295,2056368,2,2005-10-11
16295,867068,2,2001-12-17
16295,1678066,3,2004-01-02
16295,1500410,2,2004-09-12
16295,2170242,3,2005-05-07
16295,1194911,3,2005-01-19
16295,294112,1,2005-05-15
16295,491531,1,2005-04-06
16295,1124113,1,2001-02-05
16295,1625845,2,2002-05-31
16295,2338004,1,2005-08-01
16295,522710,2,2005-02-18
16295,971636,2,2003-10-06
16295,2484715,4,2005-11-04
16295,431326,2,2004-07-09
16295,1230004,2,2004-05-22
16295,1299887,5,2005-02-28
16295,798296,1,2002-10-19
16295,262353,4,2004-02-26
16295,274652,1,2005-06-01
16295,1050643,2,2000-05-18
16295,1706044,4,2004-10-19
16295,1992205,3,2004-05-29
16295,2182816,1,2004-10-11
16295,1778599,1,2004-05-10
16295,2114595,3,2003-01-22
16295,98492,1,2005-06-14
16295,1519647,2,2005-12-12
16295,305344,3,2003-05-17
16295,1364473,1,2004-10-01
16295,1423478,5,2005-04-15
16295,203576,4,2005-10-08
16295,411433,1,2003-11-19
16295,968162,2,2003-10-30
16295,1403217,2,2005-08-23
16295,1411618,1,2004-07-14
16295,464571,2,2005-06-12
16295,1859908,4,2002-10-02
16295,1845249,3,2004-07-19
16295,848868,2,2005-01-29
16295,2347559,2,2004-02-24
16295,1452718,1,2004-02-05
16295,411512,1,2002-01-29
16295,2488782,2,2005-11-28
16295,1360009,2,2004-10-14
16295,1898553,3,2005-01-22
16295,385594,3,2000-01-23
16295,2004795,3,2004-04-19
16295,193925,4,2002-02-27
16295,752642,1,2002-05-04
16295,2125395,3,2004-03-02
16295,250722,3,2004-12-11
16295,805207,3,2003-09-15
16295,1846348,1,2005-05-29
16295,2329541,4,2004-04-05
16295,573429,3,2005-09-30
16295,1000634,2,2003-08-28
16295,924765,5,2003-12-24
16295,464504,4,2001-03-17
16295,1219516,3,2003-12-03
16295,890444,3,2004-09-08
16295,2064995,3,2002-08-14
16295,389985,3,2005-12-24
16295,933207,2,2005-01-31
16295,1969154,3,2004-06-14
16295,249205,3,2005-04-12
16295,2075634,2,2005-05-09
16295,1866323,2,2005-05-24
16295,1284016,3,2004-04-09
16295,1879437,3,2002-09-10
16295,2118461,4,2005-12-19
16295,892243,1,2004-02-20
16295,1935388,2,2003-12-18
16295,2157060,4,2004-10-08
16295,2273135,2,2004-06-19
16295,873712,2,2004-11-05
16295,387418,1,2003-10-10
16295,1988633,3,2004-05-05
16295,357374,2,2001-12-21
16295,759215,3,2003-04-30
16295,358532,2,2004-04-04
16295,397212,4,2004-09-18
16295,1114324,1,2005-05-12
16295,2163793,3,2003-09-03
16295,2220472,3,2004-08-23
16295,2304126,5,2005-11-15
16295,1926723,1,2001-03-17
16295,1932594,1,2004-07-19
16295,1102498,3,2005-04-26
16295,3694,3,2000-08-25
16295,1061195,1,2003-12-14
16295,458641,2,2005-07-17
16295,2308600,3,2004-11-23
16295,315665,3,2004-04-26
16295,2243266,2,2002-10-09
16295,191869,4,2001-05-05
16295,1639792,1,2002-04-28
16295,1350353,2,2004-10-01
16295,897700,5,2005-03-04
16295,2268620,2,2004-03-20
16295,2251933,4,2005-08-24
16295,334527,5,2004-06-22
16295,2613105,2,2004-09-25
16295,1760801,2,2005-10-14
16295,1234342,1,2005-12-22
16295,2643191,2,2005-08-06
16295,2366625,4,2001-08-08
16295,1470872,2,2005-02-28
16295,1851283,1,2005-05-18
16295,944111,2,2001-09-14
16295,89247,1,2004-04-21
16295,115613,1,2004-08-18
16295,2314566,3,2002-07-21
16295,2527135,3,2000-02-18
16295,1457707,2,2003-03-24
16295,438716,4,2001-07-18
16295,956728,1,2004-11-05
16295,1336345,1,2005-05-05
16295,188613,2,2001-11-02
16295,299636,3,2005-12-04
16295,1671514,3,2004-10-19
