360,364518,3,2003-10-30
360,948797,3,2004-03-31
360,2367275,2,2003-02-21
360,2003092,1,2002-12-18
360,419998,1,2003-12-01
360,2630287,3,2004-03-23
360,294962,3,2004-02-20
360,139297,1,2004-06-11
360,2007993,2,2004-02-13
360,1203772,1,2004-06-07
360,160876,1,2004-11-26
360,716091,2,2004-12-17
360,339532,2,2005-03-29
360,152764,5,2005-09-11
360,698478,1,2005-09-23
360,2144324,3,2005-09-28
360,2163521,2,2005-10-18
360,115293,5,2005-10-22
360,2240318,1,2003-08-08
360,247794,4,2004-06-29
360,1614320,2,2002-05-03
360,2340846,3,2004-03-27
360,906893,2,2003-05-22
360,976453,2,2002-05-31
360,1174811,2,2004-02-19
360,699878,2,2002-11-01
360,2554955,3,2004-08-31
360,1263954,1,2004-05-24
360,1261894,3,2004-01-06
360,2296924,1,2003-07-28
360,1005101,2,2005-09-01
360,327122,2,2004-12-18
360,966375,4,2003-10-30
360,2463199,2,2004-02-11
360,1550976,2,2004-05-18
360,1483986,3,2004-07-27
360,1616285,3,2004-06-18
360,2475274,1,2004-12-30
360,269552,2,2005-01-19
360,2061241,1,2005-04-07
360,1658607,3,2005-05-12
360,769,2,2005-06-05
360,2051031,1,2005-11-28
360,954808,3,2005-12-05
360,1501288,2,2002-05-10
360,2384779,2,2002-11-23
360,2450252,2,2003-08-25
360,1348415,4,2004-06-26
360,2625420,3,2004-05-19
360,643091,4,2005-01-03
360,2648502,1,2004-08-07
360,908205,2,2003-10-01
360,607969,2,2004-05-26
360,1253431,2,2004-03-03
360,1958593,4,2004-08-03
360,2138987,1,2004-02-18
360,811057,2,2004-04-29
360,977808,3,2004-08-16
360,2506132,2,2004-09-24
360,310856,1,2004-10-22
360,680576,2,2005-01-29
360,1989027,5,2005-09-14
360,1923441,3,2004-02-19
360,2504630,4,2004-06-02
360,1951144,1,2004-06-30
360,983975,2,2004-04-17
360,1205523,4,2004-04-16
360,1038476,2,2004-12-30
360,772278,2,2005-02-28
360,1446552,2,2005-03-18
360,1139704,1,2005-04-01
360,2547935,4,2004-06-02
360,827096,1,2002-06-22
360,462231,1,2004-01-30
360,907103,3,2004-07-14
360,1565948,2,2005-08-26
360,2287402,2,2003-09-09
360,1505121,4,2004-10-31
360,543865,2,2004-12-30
360,1602765,3,2005-01-21
360,2114705,2,2004-08-23
360,453262,3,2003-11-20
360,1956586,1,2002-11-24
360,1803042,1,2004-02-22
360,1507261,1,2002-10-25
360,979904,2,2003-09-21
360,683427,2,2004-09-02
360,1020583,3,2004-07-27
360,408459,3,2004-05-04
360,2030845,4,2004-03-26
360,322173,2,2004-08-02
360,2422592,1,2004-10-11
360,1629910,3,2004-11-06
360,1840009,2,2005-02-07
360,860991,3,2005-03-02
360,1754989,1,2005-03-16
360,417918,1,2005-06-10
360,647701,1,2005-07-11
360,870391,3,2002-11-08
360,544673,2,2003-12-17
360,1764857,1,2003-08-11
360,359128,3,2005-07-31
360,2646060,1,2004-03-10
360,131873,1,2004-04-27
360,1781408,1,2004-05-27
360,2541025,1,2004-05-24
360,118346,3,2004-03-05
360,166043,3,2004-05-06
360,1897382,2,2004-05-17
360,1199620,3,2005-02-27
360,1476463,2,2002-11-22
360,800136,1,2002-03-02
360,221791,2,2003-10-27
360,1362065,1,2005-07-25
360,2410056,3,2002-12-19
360,1501223,3,2003-07-22
360,1968074,1,2004-02-10
360,272572,5,2004-04-02
360,904898,3,2004-11-15
360,2490870,2,2004-11-19
360,695480,5,2005-01-19
360,1671322,2,2005-10-02
360,413603,1,2005-10-03
360,1816974,2,2005-11-24
360,1730571,1,2002-10-02
360,799308,5,2005-08-29
360,606649,3,2004-06-07
360,427561,4,2005-05-13
360,2554745,2,2002-03-05
360,609446,1,2003-01-01
360,349528,1,2003-04-02
360,2535278,1,2004-03-08
360,1479748,1,2003-10-04
360,1118974,1,2005-08-17
360,1955367,1,2003-10-28
360,1510343,1,2004-12-07
360,308031,1,2005-02-24
360,2072158,2,2005-03-12
360,431832,3,2005-06-06
360,839859,1,2005-10-14
360,916348,1,2005-10-17
360,2013752,3,2005-10-19
360,1400056,2,2005-07-12
360,2362683,3,2004-03-02
360,1860412,1,2003-08-18
360,191949,2,2002-07-09
360,431732,1,2003-11-20
360,1236924,1,2004-07-19
360,2592256,1,2004-05-25
360,1556792,2,2003-08-13
360,66871,4,2003-05-14
360,2214913,2,2003-11-28
360,882552,3,2004-07-05
360,2552379,3,2005-01-12
360,354393,4,2005-03-24
360,1027323,4,2005-05-11
360,1015462,2,2005-09-14
360,257517,4,2003-04-08
360,2468881,1,2004-05-24
360,1631006,2,2004-05-03
360,1106301,1,2003-09-22
360,1943107,3,2004-04-19
360,2420959,3,2004-09-08
360,2630072,2,2005-01-31
360,332045,1,2005-04-05
360,171258,3,2003-04-29
360,2313258,2,2002-07-25
360,139915,2,2005-08-01
360,2522946,2,2004-02-17
360,510590,3,2004-05-06
360,997682,3,2005-08-17
360,1956980,2,2003-04-15
360,2576875,4,2003-10-28
360,425995,4,2004-06-03
360,966255,2,2004-05-06
360,277843,2,2004-10-10
360,664537,2,2004-10-11
360,765609,2,2004-12-21
360,1189269,5,2005-02-13
360,787357,5,2003-09-28
360,1915354,2,2004-06-14
360,145640,2,2004-03-29
360,2508428,3,2004-06-06
360,21157,2,2004-08-04
360,1048793,1,2004-10-27
360,1594606,3,2004-11-22
360,1373500,1,2004-12-20
360,1552276,1,2003-08-29
360,2139589,2,2003-04-02
360,1292217,5,2002-10-08
360,923703,2,2004-02-20
360,807603,1,2004-07-22
360,542640,2,2004-04-24
360,1227780,2,2004-07-20
360,1592359,1,2004-05-31
360,1215864,5,2004-02-13
360,2523902,2,2004-08-16
360,1663295,2,2004-10-03
360,589834,2,2005-03-14
360,1453667,4,2005-04-25
360,1162793,4,2005-10-05
360,31938,2,2004-07-06
360,758784,3,2004-03-24
360,1721623,1,2004-01-19
360,1489566,4,2004-05-01
360,956349,4,2004-03-29
360,1163415,2,2005-01-26
360,2347320,1,2005-04-19
360,1883067,1,2005-09-16
360,2071995,2,2005-03-20
360,1362715,3,2003-03-21
360,1346269,2,2005-07-15
360,2208849,2,2002-08-16
360,2542878,3,2005-07-29
360,1938727,4,2003-11-20
360,2533707,3,2005-03-16
360,2319726,1,2004-04-19
360,1927495,2,2004-04-16
360,1232752,1,2004-04-26
360,1262504,1,2004-12-07
360,2290601,1,2005-05-05
360,1565525,1,2005-09-08
360,125467,1,2005-12-31
360,1108076,2,2005-07-09
360,651557,2,2002-06-24
360,1263031,2,2004-09-12
360,113383,2,2002-04-20
360,2085613,1,2003-01-13
360,1611560,4,2003-09-02
360,630535,2,2003-11-03
360,79712,3,2003-10-20
360,2401492,2,2004-05-21
360,1676266,2,2004-04-14
360,1559022,4,2005-02-05
360,2144405,1,2005-09-28
360,1395012,1,2005-11-15
360,251240,3,2004-06-13
360,718400,1,2005-07-20
360,922442,3,2003-03-13
360,1589576,1,2004-02-13
360,984936,2,2003-08-13
360,2197411,2,2004-09-13
360,180296,5,2004-09-22
360,191071,2,2005-02-14
360,366896,2,2005-03-02
360,2107126,5,2005-03-11
360,3687,5,2005-07-02
360,2194013,2,2002-03-08
360,783393,2,2003-10-15
360,496913,2,2004-08-14
360,1511683,1,2003-06-11
360,1509881,2,2005-08-12
360,1973594,1,2003-06-17
360,1159276,2,2004-01-22
360,1652711,2,2003-11-05
360,435009,5,2004-05-28
360,1027984,2,2004-05-18
360,780965,3,2004-03-01
360,1261433,5,2004-09-26
360,275649,1,2005-04-11
360,1607574,2,2005-05-30
360,1689120,1,2005-10-29
360,228772,2,2004-04-19
360,1518071,3,2003-11-25
360,854537,2,2003-05-28
360,2598028,1,2004-01-21
360,1511677,3,2004-03-02
360,551587,3,2004-02-27
360,2569044,4,2004-02-24
360,1387659,4,2004-04-23
360,2498359,3,2004-04-28
360,789300,2,2004-11-13
360,1046762,3,2005-03-26
360,2535470,2,2005-04-22
360,2604976,2,2005-05-17
360,2043302,2,2005-05-24
360,1112107,2,2005-11-18
360,2464659,1,2002-04-17
360,312038,2,2003-12-01
360,1597177,1,2004-04-24
360,1254310,1,2004-02-08
360,1686233,3,2004-05-19
360,2632436,5,2004-06-04
360,70392,3,2005-04-30
360,2023518,2,2005-05-04
360,2429449,2,2002-09-14
360,509754,2,2004-01-05
360,1954946,1,2004-03-02
360,786054,2,2005-08-22
360,779144,2,2004-02-18
360,2162539,3,2004-11-27
360,1445117,3,2005-01-10
360,1046367,1,2005-01-25
360,2096137,5,2005-02-14
360,837656,2,2005-03-29
360,1533682,2,2005-11-03
360,267781,4,2005-11-08
360,1239440,1,2005-11-10
360,1521285,3,2002-05-09
360,1709239,1,2004-08-02
360,1048894,2,2002-10-04
360,615792,2,2003-01-05
360,295718,3,2004-01-14
360,2266901,4,2004-10-19
360,1927237,1,2005-02-12
360,2509215,4,2005-03-17
360,2434457,2,2004-06-01
360,2455949,1,2003-08-15
360,466778,2,2003-06-24
360,1859828,1,2005-08-14
360,2103896,1,2004-01-07
360,841816,3,2004-05-29
360,2455846,1,2003-11-17
360,2539591,2,2005-02-16
360,1226291,3,2005-02-14
360,2017797,1,2005-03-08
360,2122991,4,2005-09-19
360,2431842,4,2002-11-14
360,1972040,4,2004-01-28
360,2536667,4,2003-08-04
360,2060560,2,2004-07-23
360,241772,4,2004-12-14
360,1112889,2,2005-05-02
360,1553453,1,2005-05-13
360,994580,3,2005-09-23
360,1169151,3,2002-04-23
360,128091,3,2003-08-18
360,2100210,1,2002-04-23
360,31572,2,2002-08-27
360,1601656,2,2003-09-08
360,1544543,2,2004-05-13
360,532649,1,2004-01-19
360,300252,1,2004-05-02
360,1216467,1,2005-03-18
360,2639780,3,2003-01-22
360,438503,4,2004-01-19
360,2191732,3,2003-11-17
360,693865,4,2004-03-22
360,1079722,1,2004-03-01
360,1673354,1,2003-09-24
360,520533,1,2004-09-11
360,1872204,2,2004-06-30
360,888317,2,2004-11-07
360,571702,5,2005-04-12
360,831103,2,2004-02-24
360,339416,1,2005-08-26
360,20392,2,2004-04-12
360,2213078,1,2004-08-04
360,1917685,2,2004-09-20
360,2595539,3,2004-11-17
360,1927597,1,2005-03-12
360,1369560,1,2005-03-25
360,2329026,2,2005-05-14
360,1131265,3,2004-08-27
360,1475603,3,2003-11-14
360,2503992,3,2004-08-15
360,1327781,1,2004-08-02
360,2418704,2,2004-01-22
360,1077044,4,2004-04-13
360,1314869,3,2004-04-13
360,2198958,3,2004-12-03
360,2591301,1,2004-12-06
360,1762897,2,2002-08-20
360,521985,1,2003-07-01
360,482067,2,2002-11-19
360,2205734,2,2003-08-11
360,1666862,4,2005-08-08
360,897024,2,2003-01-02
360,1813197,1,2004-07-16
360,106981,2,2004-08-31
360,1843143,2,2004-09-29
360,1200886,1,2004-10-11
360,2051379,2,2004-10-16
360,2043344,2,2005-03-15
360,701615,2,2003-11-24
360,37617,1,2004-03-23
360,1670942,3,2004-07-07
360,2412709,2,2003-10-06
360,1599245,4,2004-01-29
360,1687059,1,2004-05-05
360,1267586,3,2005-02-23
360,858963,3,2005-02-25
360,851848,3,2005-12-22
360,1304280,3,2003-08-08
360,2493114,2,2004-02-13
360,1141289,4,2004-04-08
360,1448137,1,2003-04-02
360,263520,4,2003-04-15
360,1672834,1,2003-06-27
360,180221,1,2004-05-06
360,1060198,1,2004-02-19
360,2338757,2,2004-03-28
360,2497731,2,2004-08-10
360,230409,2,2004-11-22
360,2634513,1,2005-03-08
360,1044179,5,2005-06-22
360,2320264,3,2003-07-18
360,907533,4,2003-10-11
360,2484944,3,2004-03-04
360,2540145,1,2004-10-28
360,1404091,3,2004-12-21
360,20789,1,2005-01-20
360,1936386,1,2005-04-05
360,770344,3,2005-06-26
360,1844669,5,2005-09-21
360,2354449,3,2003-09-25
360,2574737,1,2004-02-29
360,2561394,1,2004-03-18
360,897465,3,2004-02-17
360,1820959,2,2004-09-29
360,1669766,3,2004-11-18
360,563186,1,2005-01-29
360,434787,1,2005-10-09
360,2258287,1,2003-02-13
360,617737,4,2004-03-29
360,2439493,1,2003-01-26
360,975488,3,2002-11-11
360,2344053,3,2003-10-07
360,500867,2,2004-01-13
360,1964514,2,2004-05-18
360,1644293,2,2005-01-30
360,737370,2,2005-09-20
360,2049497,1,2005-11-30
360,1065163,2,2004-02-24
360,2134525,1,2004-09-15
360,2494435,1,2004-01-05
360,1202646,3,2003-10-14
360,2032298,2,2003-05-16
360,735094,3,2004-08-17
360,2258791,1,2004-01-14
360,1145547,2,2004-06-12
360,457692,3,2004-08-23
360,1063453,3,2004-05-24
360,807113,2,2004-10-05
360,1422340,2,2004-12-16
360,1664020,1,2005-02-28
360,359445,1,2005-04-25
360,538460,2,2005-10-11
360,2240844,3,2005-10-20
360,1160162,4,2005-11-11
360,56985,1,2004-06-02
360,311240,3,2004-04-15
360,87872,1,2004-03-29
360,852739,2,2003-04-29
360,253394,3,2004-05-31
360,2452636,4,2004-03-29
360,391325,3,2003-10-03
360,685869,3,2004-01-26
360,2557635,3,2004-01-21
360,846426,2,2004-03-01
360,692226,1,2004-09-24
360,1605561,4,2004-11-29
360,763219,4,2005-01-10
360,767862,3,2005-03-01
360,2160361,1,2005-03-18
360,1434772,3,2005-06-01
360,133739,3,2005-06-10
360,1262523,4,2005-09-19
360,554932,5,2003-04-29
360,2129374,2,2002-07-04
360,2555277,3,2002-06-07
360,1533848,2,2004-02-28
360,473993,3,2005-07-31
360,2274918,3,2003-06-02
360,1525444,3,2002-12-23
360,1159061,3,2003-04-25
360,2053984,1,2004-05-31
360,230154,1,2004-05-22
360,1880074,3,2004-06-15
360,728341,3,2005-03-08
360,2188171,4,2005-03-10
360,590905,3,2005-06-28
360,2127704,4,2005-09-15
360,2478092,3,2005-12-06
360,1892181,3,2002-08-16
360,365673,2,2004-04-18
360,66179,2,2004-03-15
360,243944,4,2003-09-04
360,186809,1,2004-01-13
360,586641,3,2004-08-09
360,1446312,2,2005-01-07
360,2226229,1,2005-04-10
360,1676991,3,2004-02-25
360,1906262,2,2005-08-19
360,343877,1,2004-03-02
360,932046,5,2003-10-16
360,2618891,1,2004-03-30
360,1874927,1,2004-02-12
360,714018,1,2004-08-25
360,2037452,1,2004-10-12
360,151696,2,2004-11-18
360,716976,2,2005-05-05
360,1138055,4,2005-09-27
360,2152703,3,2005-12-19
360,796288,4,2003-10-15
360,1441340,2,2003-04-22
360,1510783,2,2002-12-27
360,121458,4,2003-01-16
360,2242324,1,2004-05-24
360,390578,4,2003-07-17
360,309322,2,2003-07-09
360,615711,3,2004-06-15
360,1200256,3,2004-07-16
360,740526,3,2005-03-21
360,785793,2,2005-03-22
360,1475774,2,2005-04-05
360,924960,2,2005-04-11
360,2484454,4,2005-06-11
360,1174162,2,2005-12-01
360,2049638,3,2002-04-17
360,686079,2,2002-10-04
360,1788183,2,2002-12-22
360,1664650,2,2003-03-23
360,1243653,2,2004-02-24
360,318457,2,2004-08-20
360,293561,3,2003-09-22
360,2431799,1,2004-10-22
360,2624805,2,2004-11-08
360,1914507,3,2004-12-29
360,476832,1,2005-05-11
360,151416,3,2004-05-02
360,1792064,3,2005-08-30
360,2565182,5,2004-07-21
360,1851387,2,2004-10-02
360,2084039,3,2005-07-05
360,1163016,2,2002-07-07
360,1208622,1,2004-01-01
360,803468,3,2004-03-04
360,197851,2,2003-11-17
360,686204,2,2004-04-16
360,1064053,1,2004-10-25
360,2365320,2,2005-02-11
360,2016834,1,2005-06-20
360,1035520,3,2005-07-05
360,1417471,1,2005-09-20
360,219710,4,2005-07-08
360,2552315,1,2002-12-02
360,1374354,2,2002-11-13
360,1119094,4,2003-08-27
360,2563701,5,2003-07-14
360,1403658,1,2004-03-04
360,2316014,4,2004-03-09
360,633570,2,2004-04-08
360,311027,1,2004-06-07
360,2647555,5,2004-07-05
360,17904,2,2005-02-24
360,2178025,1,2003-09-24
360,1147501,2,2004-07-10
360,1872840,3,2004-03-12
360,155231,1,2004-06-02
360,1199337,3,2004-02-27
360,2386500,2,2004-06-07
360,165110,4,2005-10-12
360,410402,4,2002-08-17
360,177103,1,2003-11-23
360,2492417,1,2003-03-20
360,2266549,1,2004-02-27
360,1028463,1,2004-01-23
360,1072055,2,2004-07-08
360,1862998,5,2004-01-22
360,2251317,2,2004-03-19
360,2629599,1,2004-03-27
360,2093188,2,2004-12-01
360,1110156,1,2005-02-01
360,228579,3,2005-10-13
360,2361784,4,2005-11-18
360,261428,4,2005-11-25
360,959536,3,2004-05-16
360,640743,1,2002-04-30
360,969042,1,2002-07-15
360,2140597,3,2004-03-26
360,461990,2,2004-07-15
360,1437440,4,2004-04-27
360,1034663,1,2004-02-01
360,1003084,2,2004-05-10
360,239569,4,2004-08-20
360,501977,3,2004-09-20
360,1774872,1,2004-12-24
360,2171588,4,2005-02-09
360,470306,2,2005-03-04
360,1832101,5,2005-10-14
360,888823,3,2003-09-03
360,39533,3,2003-09-12
360,550725,2,2004-04-15
360,1036262,2,2004-07-02
360,619676,4,2004-05-28
360,1984162,1,2004-02-01
360,1965485,1,2004-03-01
360,2560812,3,2004-07-12
360,919564,1,2004-05-16
360,371237,2,2004-06-01
360,2119320,3,2004-10-20
360,1039661,1,2005-01-11
360,2518468,4,2005-01-23
360,1969560,1,2005-11-14
360,1739884,2,2002-03-28
360,2095640,4,2002-06-12
360,1506806,1,2004-08-27
360,1116390,3,2005-08-30
360,1691661,3,2003-10-07
360,2289098,1,2004-02-12
360,384137,4,2004-04-17
360,788237,2,2005-01-10
360,193471,1,2005-03-26
360,952156,3,2005-04-06
360,825425,5,2005-12-02
360,2260760,3,2005-12-30
360,2634644,1,2004-06-08
360,2309409,5,2004-01-19
360,1241060,3,2003-12-19
360,1414980,3,2004-03-26
360,572124,1,2004-05-04
360,428750,1,2003-12-30
360,2600652,4,2004-05-19
360,1001509,2,2004-11-09
360,2180384,3,2005-01-08
360,1640277,1,2005-03-07
360,2066607,3,2005-05-28
360,2079664,4,2005-09-18
360,1357786,4,2005-04-19
360,2248080,2,2003-12-23
360,447410,2,2004-08-30
360,1801017,2,2002-12-31
360,818752,3,2004-05-14
360,1674637,2,2004-07-26
360,2424683,2,2004-08-23
360,2533966,3,2005-04-11
360,39242,2,2005-05-13
360,1739691,1,2004-05-13
360,91871,2,2005-07-11
360,2034459,4,2004-04-27
360,612111,1,2003-11-06
360,2425741,1,2003-02-13
360,2197203,4,2004-02-19
360,1371722,4,2004-03-15
360,2625502,1,2003-11-19
360,1538745,3,2004-06-14
360,950219,3,2004-12-31
360,2570366,5,2005-10-21
360,745235,2,2004-07-26
360,495324,1,2002-08-26
360,1547655,1,2002-08-03
360,949132,2,2002-10-09
360,1208434,1,2002-05-01
360,1179759,2,2004-06-07
360,393038,2,2003-10-06
360,1185731,3,2003-10-28
360,1125849,2,2003-10-10
360,2512128,2,2004-04-08
360,1428226,3,2005-05-24
360,74556,2,2005-06-05
360,1797985,2,2005-12-17
360,400243,1,2004-01-21
360,596995,3,2003-02-13
360,2331646,1,2004-01-27
360,2010750,2,2005-09-08
360,715923,1,2005-10-13
360,1284636,1,2003-11-10
360,2370302,1,2003-11-10
360,1828803,3,2002-07-29
360,1876520,1,2002-05-13
360,1943616,3,2004-06-06
360,223498,2,2004-03-03
360,1816285,2,2004-09-21
360,1493193,3,2004-11-02
360,105534,3,2005-02-24
360,178534,1,2005-12-08
360,2141037,2,2004-01-12
360,1811844,1,2003-06-27
360,456534,3,2004-08-10
360,1749861,3,2004-09-22
360,777786,2,2005-01-26
360,2167984,3,2005-02-03
360,845103,2,2002-10-24
360,1586693,2,2003-12-26
360,2136927,2,2003-10-28
360,886059,5,2004-08-24
360,1564226,4,2004-04-09
360,2177603,1,2004-02-10
360,605299,5,2004-03-19
360,61315,2,2004-08-25
360,2151492,1,2005-01-04
360,253900,3,2005-01-20
360,2627705,3,2005-03-15
360,887919,2,2005-04-11
360,625344,2,2005-06-22
360,226609,3,2005-10-11
360,2480536,3,2005-07-06
360,1764923,3,2004-05-25
360,2309807,2,2003-08-15
360,1872461,3,2002-07-10
360,2516562,3,2004-03-25
360,638910,2,2004-03-17
360,936724,1,2004-03-08
360,1723350,3,2004-02-13
360,1756751,4,2004-03-24
360,2455061,3,2005-01-05
360,373413,4,2005-03-25
360,2228939,3,2005-04-15
360,1146141,1,2002-10-11
360,2003033,3,2004-05-02
360,482999,3,2003-12-08
360,1738333,1,2004-06-28
360,627335,1,2004-01-23
360,1702408,2,2003-11-26
360,749964,2,2004-01-30
360,2366185,1,2004-04-23
360,15251,4,2004-10-15
360,357835,4,2004-11-17
360,953409,1,2005-04-30
360,709881,2,2005-10-27
360,562794,3,2003-11-25
360,2580611,2,2002-05-24
360,687317,2,2002-05-07
360,799339,2,2004-04-06
360,1235847,3,2004-02-10
360,406554,3,2002-04-30
360,973443,3,2004-05-14
360,555688,3,2004-05-15
360,2573039,2,2004-06-07
360,2467289,2,2004-12-02
360,450020,3,2005-06-15
360,2568738,3,2002-04-09
360,1723583,1,2005-07-18
360,2376973,1,2003-10-07
360,2456277,2,2003-03-18
360,1058155,3,2002-07-18
360,1773759,4,2004-06-25
360,1991655,3,2005-05-11
360,456090,1,2004-02-02
360,689466,2,2004-02-06
360,1208712,2,2004-04-22
360,2645151,3,2005-02-17
360,2076358,3,2005-04-16
360,1258610,3,2005-04-24
360,1262252,1,2005-05-27
360,2164172,4,2005-06-06
360,2550175,2,2005-10-19
360,2329061,1,2002-03-29
360,1227273,3,2002-03-24
360,1120581,3,2004-04-06
360,1057942,2,2004-08-06
360,1640071,3,2004-05-05
360,1841402,2,2004-02-14
360,1268483,1,2004-11-02
360,711616,1,2004-12-29
360,2070655,1,2005-05-16
360,2445481,1,2005-06-19
360,2088152,4,2005-10-21
360,137987,1,2003-12-01
360,2644350,3,2004-05-11
360,917109,2,2004-03-01
360,1303893,3,2005-08-29
360,1474703,3,2004-07-22
360,1207950,3,2004-09-03
360,1615874,1,2005-03-12
360,1482266,3,2005-03-17
360,2341019,2,2005-04-18
360,521707,3,2005-05-08
360,2553116,3,2005-09-22
360,2055448,3,2005-09-27
360,953170,1,2003-08-07
360,1206639,3,2004-02-29
360,1515048,1,2003-07-01
360,2591704,1,2003-12-13
360,485355,2,2004-04-08
360,1190684,1,2004-03-03
360,705134,2,2004-03-20
360,996425,4,2004-12-14
360,507603,1,2005-09-11
360,1002249,1,2003-03-31
360,1355675,1,2003-12-11
360,1306304,1,2003-12-23
360,2340200,1,2003-12-24
360,878405,3,2004-07-28
360,455843,3,2005-08-29
360,1031431,1,2004-07-13
360,1119453,1,2004-04-18
360,1122431,5,2004-06-21
360,1191308,4,2005-05-12
360,1492520,1,2005-10-04
360,2330864,4,2005-12-23
360,1739230,3,2002-05-06
360,661153,5,2003-07-08
360,130049,5,2002-10-05
360,1330032,3,2003-10-23
360,467392,3,2004-01-21
360,2101646,5,2003-10-15
360,476873,2,2004-04-02
360,2111073,3,2003-10-11
360,2601024,3,2004-02-13
360,1135847,1,2004-04-28
360,1439403,2,2004-03-27
360,782233,2,2004-04-03
360,501954,1,2004-09-26
360,2519403,3,2004-12-13
360,2514806,1,2004-12-27
360,595870,1,2005-01-07
360,962014,2,2005-06-06
360,933003,2,2003-10-14
360,1153013,1,2005-07-31
360,2081757,1,2004-05-04
360,2633320,3,2003-11-06
360,2627834,1,2004-01-21
360,2349520,3,2004-04-21
360,1674808,1,2004-07-26
360,1657338,4,2004-08-25
360,2234028,3,2005-02-16
360,464129,4,2005-05-31
360,1048095,2,2005-11-09
360,2410986,2,2005-12-05
360,1825316,4,2004-01-07
360,506372,3,2004-01-21
360,2046018,3,2002-07-24
360,1803404,4,2003-08-05
360,2080886,3,2004-01-28
360,1221497,3,2004-04-28
360,1717069,5,2004-04-20
360,216575,4,2004-12-15
360,1335272,1,2005-03-16
360,793892,1,2005-04-12
360,361313,4,2005-04-26
360,1339357,2,2005-04-26
360,886905,3,2005-06-28
360,483075,3,2005-06-28
360,1416442,1,2003-06-20
360,1160008,5,2005-07-18
360,2083367,3,2002-06-03
360,597767,3,2002-08-27
360,1940080,2,2003-09-21
360,1140255,3,2004-06-06
360,2240776,1,2004-03-15
360,1676322,2,2004-08-02
360,1362788,1,2004-03-06
360,1863467,1,2004-11-16
360,1197344,5,2005-01-30
360,1318398,2,2005-01-31
360,2038196,2,2005-03-22
360,480075,5,2005-05-04
360,47357,2,2005-10-24
360,1888873,2,2005-07-15
360,2549746,4,2005-09-13
360,811952,5,2005-08-06
360,2196246,2,2003-06-10
360,1274253,3,2004-05-05
360,908448,2,2004-04-19
360,1019987,2,2004-05-13
360,844353,1,2004-11-20
360,2215542,2,2005-03-27
360,329838,1,2005-09-16
360,22994,3,2002-08-20
360,858929,1,2002-08-12
360,2482649,1,2004-03-31
360,1470123,4,2004-01-27
360,1900307,2,2004-07-30
360,669790,1,2003-08-13
360,1639739,1,2004-04-22
360,1641753,2,2003-11-08
360,2192864,3,2004-01-16
360,1012642,2,2004-10-23
360,2398368,1,2005-01-23
360,1714897,2,2005-02-10
360,2458437,1,2005-03-06
360,2423473,4,2005-03-26
360,862644,4,2005-04-29
360,1651187,2,2003-04-11
360,820576,2,2005-07-21
360,1867001,1,2003-04-29
360,1154469,3,2004-01-08
360,211973,3,2003-12-18
360,2211846,2,2004-02-23
360,2574885,2,2004-10-07
360,603349,4,2005-03-16
360,516612,1,2005-04-05
360,2258828,4,2005-04-19
360,1697368,3,2005-11-19
360,1624416,3,2002-09-30
360,2203225,1,2003-10-01
360,165377,1,2004-06-24
360,1296201,4,2004-02-28
360,1090806,1,2004-03-18
360,2609871,1,2004-05-15
360,1651960,1,2004-09-17
360,2428081,1,2005-03-22
360,1272375,5,2002-12-26
360,2574080,1,2004-03-15
360,2442218,3,2004-08-24
360,1418801,3,2004-03-17
360,2090477,3,2004-01-22
360,919106,1,2004-03-26
360,2473448,2,2005-01-19
360,1396834,4,2005-02-07
360,860777,3,2005-03-21
360,1664010,5,2005-10-14
360,985971,5,2005-10-14
360,1902838,4,2002-03-05
360,663488,2,2002-10-31
360,2339016,2,2003-11-16
360,1115481,1,2003-12-22
360,34762,2,2003-11-17
360,1637555,3,2003-01-15
360,626407,3,2003-06-02
360,1014165,3,2003-11-03
360,296452,1,2004-02-13
360,1482568,5,2004-09-28
360,2460025,3,2004-10-26
360,1190739,1,2004-11-20
360,1506841,2,2005-05-02
360,251072,3,2005-06-30
360,1779766,4,2005-09-17
360,970605,3,2004-09-15
360,907023,2,2002-04-16
360,985186,3,2003-12-07
360,1445641,2,2004-05-17
360,943538,2,2003-11-02
360,1489567,1,2004-04-11
360,2578634,2,2004-10-07
360,2135073,1,2004-11-05
360,2476987,3,2005-03-21
360,99546,2,2005-09-25
360,109541,1,2003-11-17
360,736701,1,2004-03-22
360,1148602,5,2003-12-14
360,1961774,3,2005-08-14
360,1986389,1,2003-09-27
360,576990,1,2004-02-16
360,1588471,3,2004-09-08
360,1872700,2,2004-05-05
360,1872968,1,2003-06-06
360,1631846,1,2003-11-03
360,825588,3,2003-05-28
360,1783812,1,2003-07-21
360,572481,1,2005-09-01
360,1190302,2,2003-10-06
360,19606,2,2004-07-27
360,1952500,1,2004-02-05
360,2618104,2,2005-02-11
360,32885,1,2005-03-04
360,448009,1,2005-04-23
360,1095791,1,2004-01-12
360,2570779,3,2004-06-30
360,2506062,2,2003-07-28
360,994563,2,2003-06-23
360,1962128,2,2003-11-06
360,2565607,2,2004-03-03
360,2068983,2,2004-02-23
360,63452,4,2004-01-27
360,2314246,1,2005-01-25
360,780058,2,2005-01-26
360,2084865,3,2005-04-14
360,718101,2,2005-10-28
360,1762633,1,2002-05-06
360,715607,1,2002-07-24
360,368065,3,2002-09-10
360,1502539,2,2003-06-18
360,737203,1,2004-05-17
360,856563,4,2004-04-24
360,1827937,2,2004-05-25
360,283024,5,2003-12-08
360,235109,1,2004-03-16
360,1901723,3,2005-09-07
360,1740122,3,2004-04-14
360,2138837,2,2004-12-30
360,435244,2,2005-02-28
360,541707,2,2005-05-31
360,1217553,1,2005-11-18
360,1018980,2,2005-12-15
360,267188,1,2004-07-14
360,1219447,2,2002-08-15
360,1603951,3,2004-06-04
360,2343385,1,2005-07-18
360,1011494,3,2005-07-25
360,2226643,2,2003-03-10
360,2307303,3,2004-06-11
360,594196,3,2003-06-30
360,877394,5,2003-10-08
360,2610582,2,2004-10-06
360,476544,3,2005-01-23
360,422206,2,2005-06-11
360,546893,4,2005-10-13
360,542987,3,2003-05-24
360,129786,3,2003-08-18
360,1528680,3,2003-11-22
360,1444094,2,2004-08-10
360,2430192,3,2004-05-11
360,2462235,2,2005-01-08
360,1142168,2,2005-02-17
360,2583803,3,2005-10-16
360,25049,5,2005-07-19
360,1684977,4,2004-04-22
360,1325847,4,2003-09-30
360,2189452,2,2004-04-11
360,1453713,2,2003-08-11
360,569371,4,2003-11-04
360,1117550,2,2004-03-29
360,2129499,2,2005-01-27
360,648585,3,2005-03-14
360,2430316,1,2005-05-28
360,2087190,4,2002-11-26
360,286684,2,2004-04-28
360,1455188,4,2002-06-19
360,1807921,4,2004-06-22
360,1996999,1,2005-08-14
360,84150,2,2003-12-06
360,1280062,1,2004-03-23
360,1241080,1,2005-08-29
360,2245245,5,2005-09-02
360,750416,1,2004-04-24
360,2514777,4,2003-11-03
360,796157,1,2004-03-29
360,2546621,3,2004-11-02
360,493689,4,2004-11-29
360,261903,2,2004-12-15
360,400785,3,2005-01-28
360,1535425,3,2005-02-08
360,881440,3,2005-05-10
360,165532,2,2005-05-13
360,890737,3,2005-12-28
360,2280280,2,2005-07-13
360,2564852,1,2004-06-01
360,1148389,2,2002-11-17
360,1458071,3,2005-08-08
360,2238203,2,2004-06-01
360,2446006,3,2004-02-17
360,870098,1,2004-09-08
360,1897956,1,2004-01-27
360,1932987,1,2004-03-30
360,2200481,2,2004-06-03
360,1470851,3,2004-08-11
360,798909,5,2005-04-06
360,2407546,2,2005-05-03
360,217257,1,2005-05-12
360,2330048,3,2005-06-03
360,1735890,3,2005-11-12
360,2337144,3,2005-07-09
360,1245177,3,2002-07-16
360,1382328,1,2002-07-22
360,1218897,4,2003-09-15
360,1149415,1,2003-03-25
360,176977,2,2003-01-24
360,271028,1,2004-01-07
360,19121,2,2004-01-30
360,705166,3,2004-03-24
360,2017138,2,2004-05-10
360,1751134,2,2004-01-12
360,493740,2,2004-10-25
360,1253161,1,2004-11-18
360,482394,3,2005-01-20
360,1457939,3,2005-05-16
360,2228525,2,2005-12-06
360,1166491,2,2004-01-16
360,1675183,1,2004-01-14
360,684,5,2002-08-27
360,1298511,3,2003-07-03
360,375352,2,2003-09-01
360,420203,3,2004-06-21
360,2559624,2,2002-08-19
360,2588187,5,2003-10-07
360,756405,3,2004-08-16
360,1105058,1,2004-03-05
360,1282217,1,2004-07-19
360,15972,2,2004-02-17
360,988097,2,2004-05-17
360,2286838,4,2004-11-23
360,693527,2,2004-11-29
360,2084088,3,2005-05-16
360,1510655,2,2005-05-25
360,1510380,5,2002-01-26
360,2436737,2,2005-07-24
360,903764,5,2004-01-12
360,519833,5,2005-08-02
360,525071,1,2004-03-04
360,1764232,1,2004-02-23
360,318409,5,2004-06-20
360,273114,1,2005-06-03
360,688195,1,2005-06-23
360,1810534,4,2005-07-14
360,1655807,2,2004-02-19
360,50214,2,2004-09-06
360,495688,2,2003-11-04
360,2086711,5,2004-04-23
360,1086481,2,2004-01-12
360,659827,1,2004-06-24
360,2522005,4,2004-12-06
360,2342980,3,2005-12-28
360,2368654,2,2005-07-25
360,1761845,1,2003-10-18
360,2374756,1,2004-05-28
360,603878,3,2005-08-16
360,2261465,2,2004-01-26
360,1704223,1,2003-10-15
360,868218,3,2005-05-01
360,93786,3,2005-11-27
360,1668788,3,2004-08-01
360,517384,2,2005-07-20
360,651434,2,2005-08-07
360,262143,2,2004-02-19
360,939871,1,2004-04-26
360,2296144,2,2004-01-21
360,2416960,2,2004-06-21
360,1753949,3,2004-08-20
360,1244052,3,2004-09-20
360,1334024,2,2005-03-19
360,103699,3,2005-05-11
360,1442972,2,2005-06-21
360,2025236,3,2002-06-01
360,2526309,4,2004-06-14
360,2340602,3,2005-07-26
360,780253,1,2003-10-15
360,2428331,2,2004-04-17
360,1589470,1,2004-06-01
360,1623349,2,2004-01-22
360,701206,5,2004-05-25
360,1053565,2,2004-10-07
360,40056,2,2005-02-24
360,47597,2,2005-03-21
360,1433720,4,2005-05-23
360,1221099,2,2005-09-27
360,2004991,5,2005-10-15
360,1789873,2,2005-11-14
360,2581665,1,2002-11-02
360,781512,2,2002-09-08
360,249241,1,2004-01-04
360,1708442,4,2003-04-08
360,353876,2,2003-09-29
360,667911,1,2004-01-20
360,130356,3,2004-05-13
360,1368046,1,2004-05-14
360,1389725,3,2004-09-20
360,637206,2,2004-11-20
360,248468,4,2004-12-14
360,73944,2,2005-01-07
360,1649040,2,2005-09-14
360,1822756,4,2005-09-20
360,2556188,1,2002-04-26
360,1401362,2,2002-08-13
360,1755096,4,2004-01-19
360,278950,2,2003-09-26
360,564320,2,2004-08-04
360,1862393,2,2005-08-25
360,1911506,2,2004-06-04
360,2472692,1,2004-05-08
360,762835,5,2004-04-16
360,1123424,2,2004-08-06
360,122851,1,2004-10-28
360,396499,1,2002-08-13
360,1197916,2,2005-07-21
360,503565,1,2004-07-09
360,225691,4,2003-02-13
360,153940,5,2004-03-02
360,2117776,2,2004-02-02
360,1267481,3,2004-02-17
360,1536782,1,2004-08-19
360,1558099,4,2004-02-12
360,97166,5,2004-10-01
360,2343087,3,2005-02-09
360,1680138,2,2005-03-02
360,1418637,1,2005-09-18
360,2534526,2,2005-11-28
360,507498,3,2002-08-17
360,2401693,3,2003-10-09
360,2124416,3,2004-02-13
360,171881,4,2004-02-17
360,288307,5,2003-11-06
360,350906,4,2004-04-11
360,612848,4,2005-03-05
360,34827,3,2004-09-26
360,630396,2,2004-10-18
360,29931,2,2004-10-19
360,2142754,2,2004-12-17
360,2010849,3,2005-02-10
360,2153837,2,2005-04-12
360,994826,3,2005-12-06
360,867068,4,2003-10-08
360,598548,1,2002-09-18
360,1953202,5,2004-05-04
360,995602,4,2004-01-28
360,1905504,1,2004-08-23
360,1432546,3,2003-10-28
360,1111515,3,2004-06-03
360,2532956,3,2005-03-09
360,1399138,1,2003-12-19
360,583539,2,2005-07-29
360,2361605,3,2003-07-12
360,419722,1,2004-02-09
360,1647159,3,2004-09-10
360,2087627,1,2004-06-10
360,230112,1,2004-07-03
360,1325320,5,2004-03-29
360,214227,3,2004-07-24
360,1121725,2,2004-05-10
360,970906,4,2004-09-22
360,512526,5,2004-10-17
360,1916602,2,2004-12-09
360,847460,1,2005-03-27
360,2246939,1,2005-06-02
360,1129838,1,2005-06-02
360,2084462,2,2005-06-11
360,465276,3,2004-07-05
360,2534061,1,2003-11-11
360,276031,2,2003-12-02
360,1960115,4,2004-06-11
360,366723,4,2003-11-28
360,1556831,2,2003-10-07
360,541569,1,2005-02-17
360,2421082,2,2005-05-14
360,541200,2,2005-06-23
360,848036,3,2005-09-18
360,2224741,2,2005-12-28
360,531533,4,2002-07-14
360,2557968,1,2002-03-26
360,2427096,1,2005-07-26
360,9338,1,2003-11-14
360,452667,2,2004-03-30
360,404730,1,2004-05-03
360,1364606,1,2004-09-16
360,1568517,4,2003-11-03
360,2056452,3,2004-07-29
360,744546,2,2004-12-19
360,1222518,2,2004-12-22
360,2064316,4,2004-12-25
360,2113760,1,2005-06-24
360,2585141,2,2005-11-25
360,1124113,4,2005-07-12
360,1312075,1,2003-10-15
360,835238,1,2005-07-14
360,1625845,2,2002-06-19
360,2114807,1,2003-09-28
360,2607155,1,2004-02-17
360,1234712,2,2004-02-18
360,477869,2,2005-06-13
360,65926,2,2004-10-28
360,879376,1,2004-12-01
360,834344,4,2004-12-14
360,98506,2,2005-02-28
360,202120,2,2005-05-04
360,1384307,3,2005-06-02
360,146223,4,2005-06-04
360,506271,4,2005-10-02
360,544180,2,2005-07-15
360,180392,3,2003-04-23
360,386947,3,2003-11-21
360,2093248,3,2003-03-22
360,1306007,3,2004-01-07
360,2089599,2,2004-01-11
360,752702,3,2004-05-12
360,1366229,5,2005-02-01
360,201059,2,2005-03-10
360,1167852,4,2002-08-17
360,1691933,4,2005-07-18
360,1048996,1,2004-01-27
360,1461619,3,2005-08-11
360,1559083,2,2003-09-09
360,87206,1,2004-04-02
360,1737152,4,2004-05-05
360,1076515,3,2004-05-15
360,1987190,2,2004-09-23
360,2552866,4,2005-03-21
360,1273786,2,2005-03-24
360,1356780,2,2005-05-09
360,2271342,1,2003-03-31
360,1571822,2,2004-02-05
360,2312973,4,2003-06-09
360,948037,3,2003-10-06
360,1336784,5,2004-02-24
360,89256,3,2003-10-26
360,523957,4,2004-04-06
360,2640644,2,2003-10-03
360,2044991,2,2004-01-20
360,1134959,3,2004-02-14
360,1472698,4,2004-04-26
360,73216,1,2005-02-28
360,650570,2,2005-03-06
360,806483,3,2005-06-06
360,2512235,3,2003-09-25
360,1071122,2,2002-05-17
360,249979,1,2002-07-19
360,1533591,3,2005-08-01
360,401178,5,2004-01-16
360,75726,2,2003-06-13
360,2069740,1,2003-07-15
360,985355,3,2003-11-05
360,156855,3,2004-06-28
360,508247,4,2004-10-22
360,661227,3,2005-06-11
360,2615031,3,2005-09-28
360,179153,1,2005-11-06
360,41461,1,2002-06-25
360,1946732,4,2005-08-01
360,394189,2,2005-08-15
360,314656,2,2003-10-13
360,265046,1,2004-06-09
360,311455,1,2005-01-04
360,1719103,2,2005-01-08
360,1653519,2,2005-01-19
360,1833705,2,2005-01-25
360,1896490,5,2005-03-04
360,1011549,3,2005-04-25
360,283733,2,2005-06-03
360,1892862,2,2005-10-16
360,799557,4,2005-12-07
360,1466370,3,2004-01-29
360,1383197,1,2003-10-13
360,2574484,3,2003-06-30
360,2500178,2,2004-07-23
360,2127544,1,2002-09-18
360,2462113,1,2003-06-03
360,1698123,3,2004-07-16
360,244806,4,2004-01-12
360,2308986,1,2004-07-15
360,1882384,3,2004-01-22
360,2507937,3,2004-10-17
360,1589331,1,2005-04-26
360,716173,3,2005-05-18
360,708485,2,2005-05-20
360,1160401,5,2005-05-24
360,1116782,5,2005-10-05
360,2624542,4,2002-04-13
360,891453,4,2004-06-07
360,460224,1,2003-10-27
360,1539884,3,2004-01-28
360,2277511,2,2004-09-18
360,2233803,1,2004-11-29
360,2454854,2,2004-12-29
360,456343,3,2005-12-03
360,2067593,4,2005-07-09
360,789014,1,2002-12-05
360,2295594,3,2004-09-14
360,1089478,4,2002-05-05
360,461799,2,2004-08-31
360,1158756,3,2004-05-08
360,1844761,3,2004-03-15
360,1107106,5,2004-05-31
360,2339544,3,2004-11-21
360,1618065,2,2004-12-21
360,1236345,2,2005-01-11
360,2044355,3,2005-03-09
360,2368309,2,2003-12-10
360,497652,1,2002-06-14
360,751126,2,2004-04-28
360,1114396,2,2003-09-18
360,1880039,2,2004-07-06
360,2423552,3,2004-02-14
360,2047311,2,2003-04-06
360,2527985,1,2005-08-29
360,1600619,2,2005-09-07
360,876370,2,2004-01-28
360,1055475,4,2004-02-16
360,1553705,1,2004-11-15
360,1308385,4,2005-06-11
360,2368266,3,2005-10-25
360,748962,3,2005-12-09
360,1731009,2,2002-07-30
360,1314409,2,2002-03-14
360,1222027,4,2003-04-28
360,568833,2,2004-08-10
360,1835473,1,2003-07-19
360,932272,1,2003-08-14
360,21677,3,2004-01-12
360,672715,3,2004-02-13
360,591072,5,2005-09-03
360,1412915,1,2005-09-07
360,1556825,2,2003-12-26
360,90501,4,2004-05-13
360,1475683,4,2004-07-28
360,1391576,1,2004-04-18
360,1651226,4,2004-04-19
360,2615828,1,2004-10-04
360,2239557,2,2005-02-04
360,693157,3,2002-06-04
360,1116290,3,2004-05-18
360,1290148,2,2004-09-09
360,2249984,1,2004-05-04
360,27434,2,2003-02-12
360,89321,2,2003-09-12
360,1399645,2,2005-08-24
360,1167477,2,2004-05-27
360,630156,2,2003-12-24
360,1841951,2,2003-11-05
360,799667,2,2004-03-01
360,1845014,1,2004-04-26
360,969880,2,2004-10-25
360,1566822,3,2005-02-14
360,1018113,2,2005-03-23
360,71194,2,2005-04-11
360,2123042,3,2005-04-19
360,1078522,4,2005-05-29
360,1560627,2,2005-06-06
360,427114,2,2005-11-15
360,307658,1,2003-08-13
360,2514214,3,2003-06-05
360,573283,4,2004-01-16
360,939473,1,2003-11-02
360,724389,4,2003-11-05
360,555336,3,2004-05-13
360,1362439,3,2004-08-06
360,2292589,1,2004-02-14
360,2637010,1,2004-03-29
360,154439,2,2004-08-02
360,195355,2,2004-09-27
360,1369887,2,2005-10-10
360,2140253,1,2005-11-03
360,78910,3,2004-08-20
360,2085497,1,2005-08-19
360,1112176,4,2004-03-24
360,819673,1,2004-05-04
360,137905,2,2004-11-03
360,2593036,1,2004-12-12
360,2461686,1,2005-05-08
360,780239,5,2005-06-15
360,1531777,1,2003-01-10
360,1837276,3,2004-06-10
360,2330387,2,2004-04-13
360,243260,3,2003-07-22
360,1023493,4,2003-12-04
360,1378126,1,2004-02-17
360,2051257,2,2004-10-12
360,2295922,2,2005-03-28
360,586704,1,2005-11-06
360,970975,3,2004-03-03
360,1454098,2,2003-05-20
360,2503577,3,2003-09-01
360,4783,4,2004-12-20
360,340582,2,2005-01-21
360,1440879,2,2005-03-12
360,1978242,5,2005-03-14
360,2283498,3,2005-06-21
360,1016082,3,2004-04-29
360,413945,2,2002-08-04
360,1030797,3,2003-05-31
360,305344,2,2003-03-23
360,1165862,2,2004-07-23
360,2148669,2,2005-08-29
360,1848554,1,2004-05-03
360,2386032,2,2004-07-14
360,665822,1,2004-02-18
360,2538506,2,2004-04-07
360,89590,2,2004-03-02
360,1290320,3,2004-11-12
360,2207584,4,2004-12-17
360,303428,2,2005-02-22
360,80548,4,2005-02-25
360,1416136,3,2005-03-14
360,1134605,1,2005-04-05
360,2299986,2,2004-01-13
360,2018665,1,2003-10-07
360,1333864,1,2004-04-28
360,420668,2,2003-12-18
360,2542494,3,2004-02-05
360,1878087,3,2004-09-06
360,1437130,2,2003-10-04
360,593005,1,2004-05-04
360,605990,3,2004-02-17
360,2167703,3,2004-11-01
360,2164358,2,2004-11-23
360,1629084,2,2005-01-08
360,338339,5,2005-04-04
360,1891948,5,2005-05-13
360,2048620,1,2002-03-29
360,962997,3,2003-04-14
360,2412874,1,2003-11-19
360,446469,1,2003-11-20
360,2526371,1,2004-03-12
360,27349,4,2004-10-07
360,1542772,1,2005-01-31
360,599575,2,2005-09-14
360,509733,3,2005-10-21
360,318686,3,2004-04-06
360,150218,1,2003-03-03
360,490269,4,2003-07-21
360,1145380,5,2004-06-13
360,892305,3,2004-02-16
360,1397711,2,2004-07-06
360,1341525,2,2004-06-04
360,561419,2,2004-09-17
360,2366478,5,2004-10-15
360,2576024,2,2004-12-17
360,2645928,2,2005-01-29
360,2105847,4,2005-12-17
360,639533,3,2002-05-17
360,522615,3,2004-01-22
360,2037693,1,2004-01-09
360,527270,1,2003-03-17
360,1024627,2,2002-08-29
360,1065795,1,2003-08-21
360,1328866,4,2004-01-09
360,1287796,1,2005-09-09
360,1474508,2,2004-07-01
360,2217027,2,2004-01-13
360,1817481,2,2004-08-31
360,963711,2,2004-02-13
360,542299,3,2005-11-22
360,1265352,2,2003-08-08
360,210762,2,2004-05-12
360,1823641,4,2003-09-04
360,801780,1,2003-08-28
360,1412473,1,2004-01-28
360,1800634,2,2004-03-26
360,284985,1,2004-10-06
360,1323244,1,2005-03-23
360,1712181,4,2005-12-12
360,2279562,3,2002-08-15
360,2450942,2,2004-08-12
360,1528975,1,2003-03-22
360,444359,2,2003-10-07
360,436917,1,2003-09-09
360,679280,2,2005-08-11
360,2122877,2,2004-09-12
360,2494071,3,2004-03-03
360,1905121,3,2004-08-04
360,2030141,1,2003-10-03
360,1024962,4,2004-03-15
360,1352370,1,2004-05-29
360,1839324,3,2004-03-29
360,66449,1,2004-07-16
360,1508615,1,2004-09-29
360,476695,4,2004-11-04
360,44481,1,2004-11-08
360,137158,2,2004-11-28
360,903770,3,2004-12-13
360,1986227,3,2005-04-21
360,1716566,2,2005-10-17
360,395749,4,2005-11-03
360,1006841,4,2003-05-19
360,2478700,1,2004-01-19
360,748874,5,2004-01-23
360,2239500,3,2004-06-14
360,1166644,2,2004-05-18
360,620010,3,2005-05-22
360,774602,3,2004-10-04
360,2501215,3,2004-10-22
360,1710643,1,2004-11-17
360,1430656,2,2004-11-22
360,555033,4,2005-06-09
360,2389142,3,2005-10-05
360,741014,4,2003-02-14
360,2037326,2,2004-05-22
360,444798,3,2004-08-23
360,2100345,3,2004-03-29
360,2504095,1,2005-08-01
360,304348,1,2002-11-14
360,1680212,2,2004-01-14
360,1228324,2,2005-08-21
360,1894534,4,2004-07-16
360,1702903,1,2004-03-11
360,418453,3,2004-04-12
360,1721432,5,2004-04-27
360,1980493,2,2004-06-04
360,1947388,1,2004-10-19
360,334203,2,2004-10-26
360,2480535,4,2005-04-13
360,1221134,2,2005-05-16
360,1610910,1,2005-06-10
360,2150746,1,2005-06-21
360,336278,4,2005-11-10
360,19323,3,2005-07-18
360,2420298,2,2005-07-25
360,26101,4,2003-07-21
360,1661271,1,2004-03-01
360,2244394,2,2004-01-12
360,1731538,2,2004-03-24
360,207584,3,2004-09-27
360,2338300,1,2004-10-20
360,1250311,1,2004-11-14
360,2352606,1,2005-06-10
360,2199553,2,2005-09-12
360,299805,2,2005-10-21
360,1162078,3,2005-11-15
360,138834,2,2003-08-17
360,1444287,1,2002-05-03
360,111070,4,2004-08-17
360,1076693,3,2005-08-03
360,2605271,3,2004-08-28
360,657805,1,2004-09-09
360,140252,2,2003-01-14
360,2198988,2,2004-04-10
360,2445066,1,2005-02-03
360,1373134,4,2005-04-27
360,630139,4,2004-07-16
360,530000,3,2005-07-09
360,2167896,2,2003-07-02
360,167714,3,2003-06-10
360,123823,1,2003-12-30
360,560062,1,2004-11-19
360,1381920,2,2004-11-21
360,1843349,3,2005-02-25
360,1485366,3,2005-04-27
360,1869907,5,2005-11-14
360,2549156,2,2003-10-26
360,657547,4,2002-07-07
360,140565,3,2003-02-13
360,1746325,1,2003-08-30
360,256290,3,2003-06-17
360,1040848,5,2004-08-28
360,868463,1,2003-03-22
360,1770828,1,2004-04-19
360,728361,2,2004-07-20
360,154337,3,2004-04-03
360,458179,1,2004-07-26
360,2023067,1,2004-10-20
360,1558918,2,2005-04-25
360,1048348,2,2005-06-19
360,1271208,1,2005-09-26
360,103761,2,2005-11-11
360,271897,1,2005-11-17
360,411512,3,2003-08-06
360,2321963,3,2003-06-19
360,1145255,2,2003-05-25
360,2110341,3,2004-02-11
360,300180,2,2005-08-21
360,1871132,3,2004-08-30
360,449784,1,2004-01-25
360,1690449,1,2004-08-23
360,159159,2,2004-01-27
360,846028,2,2004-06-07
360,2332894,5,2004-09-19
360,2488782,2,2004-12-11
360,483029,3,2005-11-11
360,864012,1,2004-05-08
360,2194336,2,2005-08-13
360,1827007,1,2004-06-08
360,572852,3,2005-08-20
360,2548566,4,2004-02-22
360,204026,4,2004-10-12
360,998628,2,2005-01-24
360,440443,2,2005-01-26
360,1836711,3,2005-06-12
360,856604,4,2005-10-18
360,1395295,4,2005-11-17
360,42072,4,2002-04-06
360,2105004,2,2004-05-06
360,2062474,2,2004-04-08
360,2191815,2,2004-05-13
360,2259322,4,2004-05-01
360,594517,1,2005-03-24
360,1042327,5,2005-04-02
360,828921,1,2005-05-13
360,1617216,1,2004-04-16
360,1848938,3,2003-10-28
360,193925,5,2003-03-18
360,2120991,1,2004-03-03
360,1806414,1,2003-03-14
360,452873,4,2004-07-20
360,659140,1,2003-06-24
360,980292,2,2004-03-26
360,2019820,4,2004-02-14
360,1443294,1,2004-01-21
360,275974,4,2004-01-27
360,1004716,3,2004-04-22
360,2075561,1,2004-11-17
360,1853739,5,2005-01-27
360,1550404,2,2005-02-13
360,1607438,5,2005-11-08
360,1089692,3,2002-04-18
360,470226,1,2004-02-09
360,2474661,3,2004-01-21
360,2024335,3,2002-06-19
360,2000199,2,2004-05-09
360,692686,4,2004-03-02
360,1493439,1,2002-04-23
360,1040772,3,2004-05-09
360,2398295,4,2005-08-15
360,1280843,3,2004-04-11
360,1547409,2,2004-04-20
360,1715662,2,2004-02-18
360,1612962,4,2004-01-22
360,402266,2,2004-05-17
360,523905,3,2004-10-08
360,647174,1,2005-02-07
360,986706,3,2005-03-02
360,1214129,2,2005-06-23
360,2524183,2,2005-11-07
360,529376,3,2003-01-09
360,752642,1,2002-05-03
360,1189426,2,2004-02-13
360,1373180,1,2005-07-31
360,430318,5,2003-10-29
360,730915,1,2004-06-22
360,1717979,1,2004-05-04
360,374794,3,2003-10-23
360,999145,1,2004-03-18
360,1652767,5,2005-03-19
360,344739,2,2005-04-26
360,2478610,2,2005-05-19
360,50079,1,2005-07-02
360,1076970,3,2005-10-27
360,1094107,3,2004-01-26
360,926010,4,2004-10-25
360,1342210,1,2005-05-24
360,327256,3,2005-11-04
360,805207,4,2004-03-02
360,2176783,2,2005-07-14
360,1541350,1,2002-05-14
360,386420,3,2004-02-09
360,1849713,2,2005-08-13
360,2614156,3,2004-07-13
360,146379,1,2004-08-24
360,888630,5,2004-01-28
360,904156,2,2004-05-06
360,1762434,3,2004-04-26
360,1181230,3,2004-06-09
360,872734,3,2004-10-18
360,1191617,3,2004-11-29
360,743509,1,2005-01-08
360,1872629,2,2005-01-28
360,1567486,1,2005-04-05
360,998950,3,2002-05-04
360,882067,3,2005-08-01
360,723633,5,2003-09-22
360,2175715,4,2004-02-11
360,2304849,4,2005-08-28
360,2516189,2,2004-07-16
360,2398013,1,2003-07-16
360,2440115,1,2004-03-12
360,1132613,2,2004-08-01
360,2186750,1,2004-11-16
360,2107234,1,2004-12-06
360,435760,1,2005-02-23
360,1741794,4,2005-06-28
360,1029561,2,2002-05-13
360,948508,2,2004-08-30
360,1384373,3,2003-09-22
360,1880518,3,2003-02-27
360,1339350,3,2003-10-21
360,2228763,4,2004-04-09
360,119652,4,2004-09-25
360,2025668,3,2005-04-27
360,1081152,2,2005-11-12
360,280380,2,2004-01-06
360,1337279,3,2003-10-14
360,1104918,2,2004-03-01
360,1077792,2,2002-05-15
360,2562086,3,2002-11-13
360,377539,1,2002-11-06
360,1826179,2,2003-06-13
360,624270,1,2004-01-16
360,2056022,2,2004-01-17
360,673043,1,2005-08-26
360,204139,3,2004-02-05
360,179810,1,2003-10-14
360,2091132,3,2004-04-26
360,2343251,5,2004-01-15
360,549761,3,2004-08-01
360,479035,4,2004-10-07
360,1842990,1,2004-11-08
360,386951,1,2005-06-14
360,1615850,3,2004-04-09
360,907347,2,2003-05-10
360,1722054,4,2004-02-16
360,1384619,2,2004-04-26
360,845813,2,2004-07-13
360,762365,2,2005-01-03
360,2570635,1,2005-03-07
360,2503600,1,2005-05-16
360,478261,2,2005-05-27
360,2634111,1,2004-02-16
360,2237467,2,2005-07-25
360,2136043,2,2002-05-25
360,873299,2,2005-08-03
360,864559,2,2003-04-25
360,2337641,2,2004-08-27
360,374056,1,2004-03-02
360,242206,1,2004-10-12
360,1045579,3,2005-03-12
360,858340,2,2005-04-26
360,2632988,3,2005-10-07
360,578191,2,2004-01-20
360,1354129,3,2003-12-26
360,1536728,2,2004-05-04
360,2528285,2,2004-06-14
360,1765966,2,2004-04-15
360,2117432,3,2004-05-19
360,1609694,3,2004-03-16
360,171754,4,2005-01-27
360,2287602,3,2005-02-21
360,1695976,2,2005-04-10
360,1211485,1,2005-05-18
360,2335991,4,2005-12-24
360,826107,1,2004-03-02
360,430648,3,2003-08-26
360,566410,3,2004-02-05
360,2406724,1,2004-03-29
360,1573408,1,2003-06-03
360,1408743,3,2005-01-19
360,2215459,4,2005-02-24
360,2638867,2,2005-03-05
360,1650199,2,2002-08-30
360,2465700,3,2005-08-27
360,1971100,1,2004-02-17
360,745936,2,2004-01-29
360,2111205,3,2004-10-13
360,2254502,2,2004-11-08
360,1187198,4,2005-01-19
360,523744,4,2005-03-27
360,1033603,1,2005-06-07
360,2190625,3,2004-02-04
360,286491,3,2004-01-29
360,1879524,4,2002-10-04
360,982685,3,2003-11-25
360,898009,1,2004-05-07
360,1140242,2,2004-10-19
360,499314,1,2004-12-14
360,767134,3,2005-02-07
360,659997,4,2005-05-24
360,1510842,1,2005-09-20
360,1516350,2,2005-07-17
360,2114436,3,2003-12-11
360,1684601,2,2004-02-19
360,622453,3,2003-11-06
360,175383,2,2004-04-27
360,864611,4,2004-02-22
360,1807774,4,2003-10-02
360,1905715,1,2004-03-29
360,2585831,3,2004-02-13
360,2154675,5,2004-10-25
360,920578,3,2005-01-19
360,2132893,2,2005-01-28
360,1233754,2,2005-04-09
360,480968,1,2004-08-31
360,2537717,4,2005-07-26
360,1196163,5,2004-12-04
360,1551126,3,2004-01-22
360,1499754,2,2004-03-25
360,1857159,5,2003-04-18
360,1628747,1,2005-09-10
360,987211,1,2004-08-10
360,970489,3,2005-11-04
360,1738239,3,2003-10-16
360,2152841,1,2005-08-13
360,2293279,3,2004-02-19
360,538744,3,2005-08-23
360,918151,1,2004-11-09
360,10470,3,2005-02-03
360,411618,3,2005-05-30
360,2166233,3,2005-10-16
360,2118461,3,2005-10-22
360,1730015,3,2004-08-20
360,1321190,1,2004-03-09
360,888747,1,2003-02-18
360,2050772,4,2003-07-15
360,1026937,3,2004-01-23
360,644039,2,2004-08-23
360,1882826,3,2004-12-17
360,1638061,3,2004-12-20
360,2197547,1,2005-01-04
360,2322580,2,2005-01-13
360,1773648,3,2005-01-26
360,1955184,4,2005-06-17
360,2374530,3,2005-11-11
360,861911,3,2004-03-29
360,542848,1,2004-03-26
360,1042459,1,2004-01-19
360,1258892,2,2004-06-02
360,1673828,4,2004-06-04
360,255470,5,2004-08-12
360,1565340,3,2004-10-14
360,2408416,2,2005-02-10
360,367309,3,2005-03-21
360,1015676,3,2005-06-20
360,1235668,4,2005-10-26
360,17691,2,2004-03-22
360,1091797,1,2004-08-18
360,28966,1,2005-07-30
360,387418,2,2003-10-10
360,1976522,2,2003-12-17
360,631247,2,2004-03-19
360,1254445,3,2003-05-07
360,1088073,1,2004-01-31
360,200938,1,2003-09-29
360,2031119,3,2004-01-19
360,2554396,2,2004-11-18
360,139255,2,2005-03-09
360,1282313,3,2005-03-18
360,1826147,2,2005-09-06
360,1734945,5,2005-07-11
360,2076055,2,2003-09-03
360,1543836,1,2005-08-19
360,1215167,2,2004-04-13
360,2590883,3,2004-06-29
360,1382559,3,2004-07-01
360,1272638,4,2004-01-05
360,1912460,3,2004-07-22
360,442954,1,2004-04-16
360,695056,3,2004-04-26
360,2612664,3,2004-03-12
360,2543959,4,2005-03-21
360,2257189,1,2005-05-06
360,426928,1,2005-09-12
360,411471,3,2005-07-28
360,1301718,2,2004-09-03
360,1292599,1,2002-06-26
360,1187494,1,2004-03-04
360,160160,2,2003-07-14
360,1141463,3,2004-08-13
360,686039,3,2003-12-06
360,397212,2,2004-05-17
360,1218901,5,2004-12-09
360,2447256,1,2005-01-22
360,352571,4,2005-05-02
360,2438614,2,2005-05-14
360,1114324,1,2005-06-09
360,1341813,4,2002-10-18
360,1690784,1,2005-07-24
360,884558,2,2003-11-20
360,859110,4,2004-04-11
360,1026368,1,2004-05-26
360,2022008,3,2004-09-21
360,2160590,5,2004-10-23
360,2006858,2,2004-10-29
360,501396,4,2005-06-13
360,1926723,3,2003-05-15
360,210637,5,2002-05-07
360,331430,2,2004-05-24
360,623388,1,2004-04-27
360,761806,3,2002-11-21
360,321235,5,2003-06-20
360,873478,1,2003-07-08
360,1925023,2,2003-10-11
360,2141379,2,2004-01-22
360,1564191,1,2004-02-05
360,693542,4,2004-12-27
360,1995463,1,2005-09-18
360,1111957,2,2004-04-14
360,1372231,2,2004-08-10
360,1334279,2,2004-04-02
360,1246024,1,2002-09-13
360,1632041,2,2002-07-01
360,2500094,1,2002-05-10
360,2409910,3,2004-01-19
360,1529473,3,2005-08-25
360,2087075,3,2004-03-21
360,2328255,2,2004-06-03
360,1932594,1,2005-02-15
360,794999,5,2005-03-14
360,1396694,5,2005-04-16
360,616755,4,2005-05-24
360,3694,3,2004-05-24
360,1339387,3,2004-07-08
360,1806018,4,2004-03-15
360,1073300,3,2003-09-21
360,1003617,3,2004-01-16
360,22219,1,2004-05-10
360,1984363,4,2004-02-27
360,1645904,3,2004-03-03
360,2153656,3,2004-10-05
360,2344155,1,2004-12-09
360,368124,3,2005-02-08
360,475431,3,2005-09-19
360,185875,2,2005-10-26
360,80751,3,2004-08-09
360,399637,5,2004-04-11
360,35994,3,2005-08-01
360,1878819,1,2003-11-15
360,540807,2,2004-05-17
360,2551034,1,2004-02-17
360,1996522,4,2005-01-25
360,141794,1,2005-05-25
360,1432751,1,2002-07-26
360,599314,1,2004-04-17
360,2096620,1,2004-04-10
360,1663694,2,2004-04-21
360,2233292,3,2004-03-26
360,607146,3,2003-07-22
360,1122010,5,2004-02-25
360,609895,1,2004-04-02
360,1595084,3,2004-04-27
360,798951,4,2004-05-05
360,67675,2,2005-10-04
360,1461435,1,2002-02-22
360,1163477,1,2005-07-25
360,680004,3,2004-04-28
360,1521368,2,2004-04-27
360,1049041,1,2004-05-06
360,1814017,4,2003-12-19
360,2490714,2,2004-01-22
360,2426915,1,2003-10-02
360,1283763,1,2004-06-20
360,1984358,4,2005-04-19
360,2318944,1,2005-06-06
360,987337,2,2005-06-16
360,2308600,3,2005-12-13
360,1455811,2,2003-10-16
360,2036178,1,2003-10-25
360,496945,1,2003-10-19
360,1684202,3,2004-09-23
360,1434050,4,2005-02-25
360,2574680,1,2005-04-16
360,1806916,2,2005-09-13
360,1128282,4,2005-09-29
360,1310225,4,2005-07-15
360,510103,1,2002-05-11
360,1057992,2,2002-06-20
360,1453265,2,2004-09-11
360,2222874,3,2002-08-10
360,2536309,2,2003-07-06
360,1826742,3,2003-11-19
360,2233165,1,2003-10-04
360,1711030,3,2004-02-16
360,1420275,4,2004-05-20
360,464110,4,2004-08-30
360,2225732,2,2004-12-21
360,1440777,2,2005-01-19
360,1010920,1,2005-01-19
360,877478,1,2005-02-13
360,105494,3,2005-11-15
360,1037245,3,2005-12-27
360,376631,1,2002-08-18
360,2344232,2,2002-04-23
360,506046,5,2004-03-03
360,189275,1,2004-01-02
360,272565,1,2004-02-17
360,2406736,3,2004-04-19
360,79880,1,2004-07-08
360,340788,2,2004-07-16
360,1544743,1,2004-04-30
360,2131794,1,2004-11-26
360,1318509,1,2004-12-20
360,1370423,1,2005-05-31
360,1148376,3,2002-07-05
360,2282662,3,2005-08-16
360,1467435,5,2003-10-14
360,744823,3,2004-02-19
360,2209175,3,2003-07-21
360,2481493,2,2003-09-09
360,449684,3,2004-04-21
360,1187986,5,2004-08-31
360,2388648,3,2004-01-16
360,330175,3,2004-01-11
360,2061156,3,2004-06-11
360,112216,2,2004-06-14
360,720171,2,2005-04-05
360,1997637,3,2005-10-24
360,1104272,4,2005-12-12
360,59663,2,2004-03-16
360,2111055,2,2003-03-06
360,1379445,1,2003-10-12
360,2585905,1,2002-06-27
360,2181518,1,2003-08-01
360,1466323,3,2003-09-30
360,592776,3,2004-06-03
360,300720,3,2004-02-24
360,2082391,2,2005-05-17
360,91294,4,2002-05-17
360,2502873,2,2002-12-20
360,1322276,3,2004-02-27
360,1631730,3,2004-02-29
360,2050342,3,2004-08-12
360,327805,1,2004-09-22
360,215475,2,2005-06-24
360,2570998,3,2005-10-15
360,721078,3,2003-10-24
360,1960927,3,2005-07-11
360,513933,2,2003-11-13
360,2544102,4,2004-04-28
360,263763,3,2003-02-17
360,370668,1,2003-08-07
360,243068,2,2004-05-03
360,1807264,1,2004-06-08
360,1776577,2,2004-06-07
360,1734468,3,2004-09-29
360,2185057,1,2005-05-06
360,287421,3,2005-05-06
360,1274863,3,2005-10-09
360,423361,1,2002-07-24
360,1985135,1,2005-07-13
360,1795821,2,2002-05-11
360,1877143,4,2003-07-16
360,2559259,3,2005-01-20
360,633678,5,2005-06-13
360,910687,1,2005-06-26
360,670407,1,2005-06-27
360,731319,2,2005-09-24
360,1016303,2,2002-03-22
360,1522938,1,2002-05-16
360,2378918,1,2003-06-13
360,1201442,2,2003-01-14
360,640829,3,2005-01-19
360,1129612,3,2005-08-25
360,405133,3,2003-09-26
360,101755,2,2004-01-09
360,1002509,1,2004-03-03
360,511724,1,2004-11-15
360,94029,3,2004-12-20
360,1023580,3,2005-02-03
360,519944,2,2005-02-22
360,2278959,2,2005-04-10
360,1687380,1,2005-10-28
360,1018247,1,2004-02-21
360,1461978,2,2003-04-14
360,1053414,3,2004-04-09
360,2302245,4,2004-03-01
360,642720,2,2004-03-02
360,2398114,1,2004-05-11
360,526341,4,2004-11-11
360,1697028,4,2005-03-09
360,1088820,2,2005-06-28
360,1944921,1,2005-06-29
360,2165919,3,2005-09-08
360,1470255,3,2004-03-24
360,731610,1,2004-03-21
360,1626021,1,2004-02-19
360,357058,3,2004-05-20
360,1197588,3,2004-04-25
360,2066383,3,2004-05-15
360,1694379,2,2004-04-19
360,550933,1,2004-05-11
360,1906240,3,2004-03-06
360,1664732,3,2004-04-29
360,1907413,2,2005-05-17
360,584973,4,2005-11-27
360,2451020,2,2004-03-24
360,2575394,2,2004-07-15
360,1325379,3,2004-01-27
360,496995,3,2004-06-03
360,1532485,2,2005-08-21
360,836952,1,2004-04-24
360,2190079,2,2004-01-11
360,1112365,1,2004-04-02
360,1365512,4,2003-11-05
360,1852040,1,2004-04-12
360,763153,1,2004-01-18
360,1415854,2,2004-04-07
360,716649,3,2004-03-02
360,2471417,3,2004-10-17
360,2280102,1,2004-12-01
360,929113,1,2005-01-13
360,2475105,3,2005-04-15
360,104724,2,2004-05-16
360,1898315,2,2002-11-15
360,218390,1,2005-07-25
360,1545749,5,2004-08-11
360,2110545,2,2004-07-14
360,1487347,1,2005-08-20
360,1232569,2,2005-08-21
360,2556435,5,2004-04-09
360,1962486,4,2003-12-15
360,1602117,1,2005-01-04
360,874445,1,2005-05-17
360,727502,3,2002-09-18
360,2414865,3,2004-02-02
360,2387262,1,2004-12-16
360,1909628,1,2005-01-19
360,1847771,4,2005-07-21
360,1685730,1,2004-09-09
360,629062,1,2003-09-05
360,1719966,3,2005-08-19
360,272371,4,2003-04-14
360,2266246,3,2003-12-18
360,224933,2,2004-03-24
360,2026659,2,2004-04-19
360,751725,2,2004-09-20
360,1877934,3,2004-10-25
360,1419621,2,2005-01-08
360,2276483,5,2002-07-15
360,875448,1,2003-11-18
360,2064219,3,2005-09-02
360,39469,3,2004-01-13
360,730016,3,2004-03-05
360,1493929,3,2004-03-03
360,1053310,1,2004-09-01
360,2162631,5,2004-10-24
360,87347,2,2005-05-09
360,1820594,2,2005-09-28
360,329805,3,2005-10-06
360,2066198,2,2005-11-02
360,2286742,2,2005-07-20
360,1614972,1,2004-06-06
360,428688,3,2002-04-24
360,1794585,3,2002-08-06
360,1176779,5,2004-05-27
360,1616243,2,2003-05-07
360,349743,4,2004-01-09
360,1784126,3,2004-06-02
360,1036033,1,2004-04-09
360,508534,1,2004-01-19
360,1567971,5,2004-07-28
360,2622546,5,2004-08-06
360,1080147,3,2004-11-08
360,1659503,3,2005-02-03
360,54494,2,2005-02-07
360,356103,5,2004-04-12
360,1822847,2,2002-09-22
360,2219917,3,2002-07-24
360,184271,2,2004-06-16
360,21823,2,2002-10-19
360,237175,2,2004-05-11
360,1983863,2,2003-11-19
360,496270,5,2004-06-07
360,1913995,2,2004-12-17
360,1941973,3,2005-05-28
360,2540214,2,2005-06-30
360,912036,1,2005-09-24
360,1827694,1,2005-07-22
360,1557705,2,2002-02-26
360,1739532,4,2004-04-19
360,1548606,1,2003-04-29
360,374741,1,2003-10-03
360,1158474,3,2003-07-02
360,2562830,5,2004-04-18
360,100213,3,2004-02-13
360,663857,5,2004-12-19
360,1916082,2,2005-01-19
360,478215,3,2005-03-07
360,1144773,1,2002-11-06
360,1070602,1,2002-10-03
360,1474753,1,2003-03-31
360,2534701,1,2004-02-02
360,741221,1,2004-04-04
360,2102810,3,2004-03-23
360,301086,3,2004-12-31
360,1550769,3,2005-02-08
360,2161223,4,2005-04-18
360,726268,2,2005-07-18
360,983650,4,2003-01-11
360,13017,4,2004-03-31
360,472058,5,2004-04-20
360,2019369,2,2003-09-30
360,990868,3,2004-01-16
360,2634967,1,2004-02-18
360,550577,1,2004-10-22
360,439489,1,2005-04-27
360,616677,3,2005-05-23
360,2195240,3,2002-07-26
360,2145573,3,2004-09-01
360,706998,5,2003-10-22
360,2420260,2,2003-11-24
360,1815755,4,2003-12-16
360,501054,3,2004-12-20
360,1245418,2,2005-02-22
360,1923724,4,2005-02-25
360,442222,2,2005-11-05
