4142,1688444,3,2005-08-12
4142,957447,5,2005-11-23
4142,659037,5,2005-05-14
4142,710202,2,2005-06-12
4142,81608,3,2005-04-17
4142,937274,2,2005-04-19
4142,112320,5,2005-11-26
4142,2119007,5,2005-12-06
4142,2087730,5,2005-09-13
4142,2219063,3,2005-08-18
4142,314110,5,2005-12-03
4142,811486,5,2005-07-17
4142,2401585,2,2005-11-22
4142,892663,4,2005-07-22
4142,956229,1,2005-06-30
4142,2505679,3,2005-09-14
4142,1302057,5,2005-10-20
4142,8309,4,2005-12-01
4142,636262,1,2005-08-26
4142,1705330,4,2005-05-12
4142,2568040,3,2005-11-13
4142,1599245,5,2005-12-27
4142,546906,5,2005-08-15
4142,479924,5,2005-11-18
4142,333514,3,2005-09-16
4142,592122,5,2005-11-11
4142,465558,2,2005-07-05
4142,371868,3,2005-04-27
4142,2259085,5,2005-08-25
4142,833176,5,2005-11-10
4142,1084945,5,2005-09-23
4142,2159285,5,2005-10-13
4142,1677522,1,2005-06-30
4142,1648423,4,2005-12-30
4142,2164954,5,2005-08-06
4142,1793530,3,2005-05-04
4142,934712,5,2005-12-02
4142,1665183,3,2005-10-14
4142,1392168,4,2005-07-22
4142,1961753,4,2005-07-03
4142,2550506,2,2005-05-12
4142,1890809,1,2005-06-25
4142,2349538,5,2005-04-14
4142,806310,4,2005-04-26
4142,190213,1,2005-04-26
4142,507603,1,2005-07-23
4142,1059661,4,2005-08-18
4142,1322587,4,2005-12-20
4142,797951,4,2005-06-18
4142,1640334,4,2005-12-10
4142,1312501,4,2005-12-10
4142,240841,5,2005-04-01
4142,2578830,3,2005-05-30
4142,936891,4,2005-04-28
4142,1679359,3,2005-10-03
4142,1664010,4,2005-10-17
4142,2025,4,2005-09-30
4142,2363525,5,2005-11-22
4142,1817470,5,2005-12-03
4142,1491740,5,2005-03-06
4142,2222535,4,2005-11-21
4142,2306976,5,2005-03-04
4142,722299,5,2005-05-13
4142,1690808,4,2005-07-28
4142,1115828,4,2005-05-06
4142,382817,5,2005-12-28
4142,668669,4,2005-08-14
4142,1116538,5,2005-03-13
4142,1239120,4,2005-12-28
4142,1866900,2,2005-12-17
4142,1634914,5,2005-11-17
4142,952063,1,2005-06-30
4142,2473451,5,2005-07-16
4142,421133,5,2005-07-27
4142,684850,4,2005-09-12
4142,1170335,3,2005-07-04
4142,598113,3,2005-08-04
4142,8117,5,2005-11-13
4142,1767952,5,2005-11-14
4142,68457,5,2005-11-21
4142,2606799,4,2005-09-22
4142,1329474,5,2005-12-26
4142,2086129,4,2005-04-18
4142,1824837,4,2005-05-30
4142,968133,4,2005-08-25
4142,759737,3,2005-12-13
4142,2592263,3,2005-10-06
4142,1597057,4,2005-08-02
4142,1070779,5,2005-07-25
4142,2182671,5,2005-12-28
4142,396985,4,2005-08-30
4142,670088,4,2005-06-09
4142,305344,1,2005-04-26
4142,635184,3,2005-08-04
4142,29350,5,2005-03-14
4142,2471192,2,2005-06-20
4142,1403217,2,2005-08-17
4142,2276790,1,2005-05-19
4142,2147527,1,2005-11-18
4142,1893050,5,2005-08-27
4142,651230,1,2005-05-26
4142,1450484,4,2005-12-06
4142,2450942,4,2005-11-18
4142,590466,5,2005-05-05
4142,209999,5,2005-11-27
4142,2150746,4,2005-12-20
4142,2006046,2,2005-10-02
4142,1911337,5,2005-07-08
4142,1745577,5,2005-07-21
4142,998628,1,2005-09-06
4142,364983,5,2005-10-08
4142,1692302,5,2005-11-29
4142,1488235,5,2005-04-05
4142,107723,5,2005-10-08
4142,1032704,5,2005-11-17
4142,1123394,2,2005-11-22
4142,1133763,4,2005-11-24
4142,2387891,3,2005-07-24
4142,731988,4,2005-12-11
4142,835091,3,2005-11-08
4142,1445262,5,2005-12-03
4142,2176465,1,2005-04-27
4142,1846827,4,2005-05-10
4142,857132,5,2005-11-28
4142,908626,5,2005-03-05
4142,620938,4,2005-05-11
4142,657699,5,2005-08-12
4142,2385313,5,2005-07-25
4142,2118461,5,2005-12-17
4142,2217808,4,2005-12-21
4142,1584985,4,2005-06-23
4142,2142174,5,2005-10-26
4142,1020125,5,2005-03-20
4142,396595,5,2005-05-16
4142,387418,1,2005-12-11
4142,346870,1,2005-10-26
4142,1114324,4,2005-06-24
4142,752668,4,2005-07-19
4142,1029150,2,2005-08-10
4142,1546273,5,2005-06-19
4142,2570844,3,2005-04-06
4142,282840,1,2005-09-01
4142,1257336,3,2005-12-16
4142,1461435,1,2005-06-13
4142,979281,4,2005-11-09
4142,2087880,2,2005-12-05
4142,557151,3,2005-06-24
4142,2412822,3,2005-05-07
4142,2540684,4,2005-11-17
4142,204101,4,2005-12-04
4142,505967,5,2005-11-11
4142,2612306,4,2005-03-28
4142,1420080,5,2005-11-23
4142,1626770,4,2005-08-10
4142,1895930,5,2005-08-16
4142,2076631,3,2005-11-07
