9557,1945809,3,2002-08-15
9557,1276913,5,2003-08-05
9557,39956,4,2003-11-22
9557,2502462,1,2003-11-26
9557,1016721,4,2003-12-12
9557,2046595,4,2004-03-06
9557,1277134,3,2004-09-26
9557,2385934,4,2005-03-07
9557,1907667,3,2005-09-29
9557,487776,1,2005-10-04
9557,14690,2,2003-02-20
9557,1543292,5,2001-04-11
9557,180151,2,2002-01-08
9557,1388502,4,2004-04-02
9557,70976,1,2004-02-28
9557,2218269,2,2003-10-10
9557,605196,5,2003-12-17
9557,705603,4,2003-08-19
9557,1908333,5,2004-04-06
9557,2571254,4,2004-01-21
9557,1101664,4,2004-04-02
9557,855860,5,2004-10-30
9557,1038795,5,2005-01-06
9557,433803,4,2005-04-07
9557,1694958,1,2005-05-02
9557,2283972,3,2005-05-15
9557,2131019,4,2005-06-11
9557,2609870,1,2005-10-18
9557,96262,3,2002-05-14
9557,1282325,5,2002-12-10
9557,76196,4,2002-02-05
9557,2316326,5,2004-06-24
9557,2161899,3,2003-05-01
9557,537222,3,2003-08-31
9557,2625420,5,2004-01-23
9557,2373080,2,2003-07-05
9557,2227900,5,2003-10-23
9557,209200,3,2003-06-24
9557,908205,3,2003-10-24
9557,724592,2,2004-02-26
9557,255357,3,2004-01-15
9557,346189,1,2004-01-06
9557,1909349,4,2004-10-25
9557,997772,3,2004-10-27
9557,1172276,4,2005-01-24
9557,13334,4,2005-09-12
9557,2259898,1,2004-03-20
9557,1192830,2,2004-01-04
9557,1981733,2,2003-12-12
9557,1372581,3,2002-02-19
9557,2260788,1,2003-06-30
9557,1409469,4,2004-06-27
9557,1626539,3,2003-02-21
9557,37188,4,2003-10-21
9557,1382169,5,2005-09-05
9557,269983,5,2004-02-24
9557,1844666,3,2004-08-03
9557,1363573,3,2004-09-27
9557,427828,3,2005-03-05
9557,2190957,4,2005-06-01
9557,1977959,3,2002-02-07
9557,2439795,3,2002-12-22
9557,1978576,4,2004-05-07
9557,1988323,4,2004-07-04
9557,1537874,5,2004-01-24
9557,1604567,4,2004-01-29
9557,2604070,3,2004-01-31
9557,2344186,3,2004-03-29
9557,1984086,5,2004-09-18
9557,1861478,2,2004-11-28
9557,111146,3,2005-11-16
9557,1663025,4,2003-03-03
9557,1333,2,2004-02-29
9557,563381,3,2004-02-22
9557,1721359,2,2003-02-12
9557,1265118,3,2004-04-25
9557,1705134,3,2004-03-05
9557,1471457,2,2004-10-23
9557,2489254,5,2005-01-19
9557,322178,1,2005-03-17
9557,837993,3,2005-09-18
9557,1498586,5,2005-07-10
9557,783787,2,2002-06-24
9557,1613949,4,2004-01-13
9557,24830,4,2002-04-23
9557,649848,3,2003-11-12
9557,1890022,5,2004-03-08
9557,1275927,4,2003-08-11
9557,777522,4,2004-01-16
9557,2168578,1,2003-07-20
9557,985692,5,2004-03-28
9557,2541025,1,2004-06-08
9557,29000,1,2004-05-03
9557,1120485,4,2005-03-16
9557,333277,5,2005-05-26
9557,1629710,1,2005-11-22
9557,2280605,5,2001-08-01
9557,416556,3,2004-06-21
9557,834267,4,2002-03-20
9557,1658752,4,2003-07-28
9557,2475820,3,2003-07-14
9557,478418,3,2003-01-15
9557,2602942,3,2004-01-28
9557,1336860,1,2003-08-12
9557,513501,4,2004-01-21
9557,266320,4,2004-06-05
9557,963962,3,2004-06-14
9557,2600558,1,2004-11-04
9557,2298032,3,2005-01-11
9557,1153585,4,2005-02-03
9557,1955427,3,2005-02-26
9557,670631,2,2005-03-22
9557,639524,4,2005-10-23
9557,1492122,2,2003-09-24
9557,162348,1,2003-05-05
9557,1360551,3,2003-06-24
9557,1107099,4,2004-06-30
9557,2563494,5,2004-01-29
9557,491331,5,2005-04-12
9557,1033341,2,2005-05-17
9557,1922155,3,2004-01-24
9557,103233,3,2004-02-20
9557,2169283,4,2002-07-17
9557,1673185,3,2002-07-28
9557,2602249,2,2004-07-07
9557,386249,4,2002-10-26
9557,1364562,3,2005-08-13
9557,1227322,3,2004-03-26
9557,290916,4,2003-09-16
9557,2601090,5,2004-01-06
9557,2072158,1,2004-09-22
9557,1943106,2,2004-11-29
9557,2508238,3,2005-01-03
9557,70513,4,2001-08-07
9557,431732,1,2002-10-10
9557,1614266,5,2003-09-12
9557,1236924,3,2002-08-07
9557,2240828,3,2003-04-01
9557,1699166,5,2003-10-20
9557,362534,1,2004-12-10
9557,560944,3,2005-03-19
9557,1187949,2,2005-03-20
9557,1027819,3,2005-04-07
9557,2132124,3,2005-06-24
9557,987066,3,2005-09-27
9557,926322,2,2002-03-27
9557,929308,1,2004-01-16
9557,2559157,5,2003-09-19
9557,1680134,4,2003-06-03
9557,61472,2,2004-07-07
9557,1526371,4,2004-02-02
9557,735095,4,2004-12-02
9557,1197233,1,2005-02-07
9557,985932,3,2005-09-24
9557,2093058,5,2002-02-22
9557,43751,4,2004-02-22
9557,468079,5,2002-10-31
9557,2247924,1,2003-06-06
9557,172122,1,2003-09-24
9557,2149159,1,2004-04-01
9557,219652,3,2004-07-18
9557,1179117,3,2005-01-20
9557,137253,4,2005-11-08
9557,954707,3,2004-06-08
9557,66109,1,2003-10-27
9557,2089276,3,2003-03-21
9557,2102030,3,2003-04-29
9557,484675,3,2003-05-10
9557,139212,2,2004-01-25
9557,686510,3,2004-08-11
9557,588007,4,2004-02-16
9557,454995,2,2004-03-24
9557,1143239,4,2004-10-21
9557,804617,5,2004-11-15
9557,798159,2,2005-02-14
9557,328364,2,2001-10-18
9557,1833567,4,2003-12-22
9557,1665403,4,2002-03-09
9557,1878042,4,2004-04-26
9557,2553297,3,2003-04-27
9557,2178659,1,2003-10-17
9557,1813090,4,2003-04-01
9557,317829,3,2003-11-01
9557,1943628,2,2004-11-18
9557,2640818,3,2004-12-08
9557,531508,2,2005-01-21
9557,526251,1,2005-04-16
9557,401047,1,2005-06-08
9557,31835,3,2005-11-16
9557,1399790,4,2005-12-15
9557,1809959,3,2004-03-26
9557,997677,1,2003-07-08
9557,1164864,3,2005-08-04
9557,1404440,5,2003-02-20
9557,1317009,5,2004-05-24
9557,2127755,4,2004-03-17
9557,1822241,4,2004-03-26
9557,2647871,2,2004-10-03
9557,2560717,2,2004-10-05
9557,2569971,2,2002-03-23
9557,19077,1,2001-05-30
9557,687857,3,2004-05-19
9557,40063,3,2001-09-24
9557,155342,1,2003-03-30
9557,2245347,4,2003-12-08
9557,469461,4,2003-04-15
9557,2539763,2,2005-08-15
9557,1149582,1,2004-03-15
9557,2426984,4,2003-10-17
9557,2485500,2,2003-09-26
9557,297901,2,2004-02-12
9557,1857645,4,2004-10-04
9557,1294445,2,2004-12-21
9557,2030530,4,2005-11-27
9557,651557,4,2001-05-22
9557,2085613,2,2004-02-03
9557,709833,4,2003-09-05
9557,2401492,3,2004-05-21
9557,1872113,1,2004-02-17
9557,2299105,3,2004-01-19
9557,2432015,4,2004-05-20
9557,2265877,3,2004-04-21
9557,1053405,1,2004-03-23
9557,1667659,4,2004-08-02
9557,2043555,3,2005-10-13
9557,2247790,5,2005-07-10
9557,1182009,3,2003-10-24
9557,2406150,3,2003-12-31
9557,901520,3,2003-07-09
9557,1731106,3,2004-04-24
9557,1226844,4,2004-04-29
9557,921658,2,2004-04-19
9557,717542,2,2003-11-28
9557,1349706,5,2004-09-01
9557,688590,2,2004-01-14
9557,2586233,4,2004-03-16
9557,1727651,4,2004-04-27
9557,819280,3,2004-12-13
9557,1252011,2,2005-04-12
9557,1532336,1,2005-06-23
9557,1953910,3,2003-10-17
9557,630454,3,2001-04-28
9557,2181010,1,2002-09-29
9557,1298304,3,2003-11-29
9557,1834472,3,2003-04-08
9557,1860045,4,2003-10-06
9557,493082,3,2004-05-20
9557,2155931,5,2004-01-27
9557,145615,1,2004-05-04
9557,1338247,4,2004-04-11
9557,1358962,2,2004-12-22
9557,2454252,4,2005-04-20
9557,1423310,5,2005-06-19
9557,859354,5,2004-02-11
9557,2604976,1,2004-01-08
9557,1592352,5,2003-09-26
9557,640838,3,2003-10-04
9557,1278832,4,2003-06-02
9557,1898191,4,2003-01-22
9557,2598028,1,2004-03-01
9557,1084672,3,2003-11-24
9557,2363101,4,2004-03-16
9557,1801389,2,2003-12-25
9557,2078810,3,2004-12-02
9557,218928,5,2005-02-28
9557,2074899,2,2005-03-06
9557,411396,3,2002-01-08
9557,465481,1,2002-01-04
9557,657543,2,2003-10-04
9557,463712,4,2003-10-02
9557,1927580,3,2004-03-22
9557,119125,3,2004-03-15
9557,1197243,4,2004-03-02
9557,305733,3,2004-04-04
9557,2632436,5,2004-05-23
9557,2136725,3,2005-12-12
9557,1661600,3,2005-08-27
9557,732363,4,2004-04-18
9557,779144,3,2003-11-23
9557,2619515,5,2004-04-07
9557,2237950,3,2004-05-18
9557,2003798,5,2004-11-28
9557,1246430,4,2005-02-10
9557,495994,3,2002-06-05
9557,2508652,2,2002-01-30
9557,1655936,4,2003-02-17
9557,912093,1,2004-01-19
9557,1942005,5,2003-09-02
9557,162854,4,2003-09-30
9557,894921,5,2004-03-19
9557,1928116,3,2004-05-19
9557,829370,5,2004-06-07
9557,2242596,3,2005-10-13
9557,418695,2,2004-09-09
9557,1866600,1,2003-03-10
9557,2135192,3,2004-08-09
9557,1606673,2,2004-09-01
9557,727242,1,2004-01-26
9557,355363,2,2004-07-09
9557,2455846,5,2003-09-05
9557,2064041,1,2003-11-05
9557,2646115,3,2003-10-07
9557,1153777,4,2003-10-17
9557,136936,4,2005-02-09
9557,2419938,3,2004-10-27
9557,1792846,4,2005-06-13
9557,401707,4,2002-02-15
9557,2622638,4,2001-12-07
9557,1030857,1,2004-01-20
9557,1725009,4,2003-10-07
9557,1693122,5,2003-10-21
9557,2294328,3,2003-12-01
9557,2443784,5,2003-08-09
9557,2474053,3,2005-02-24
9557,671503,3,2003-09-16
9557,1654615,5,2002-08-18
9557,944542,5,2004-01-07
9557,62754,2,2004-06-10
9557,1831949,3,2003-12-29
9557,2315038,1,2005-01-03
9557,220691,5,2005-04-04
9557,1744054,5,2005-10-19
9557,1272379,1,2002-02-02
9557,888317,2,2003-04-29
9557,1060657,2,2003-09-23
9557,790168,5,2002-04-02
9557,1155404,3,2003-04-19
9557,1903952,2,2003-08-20
9557,1788346,1,2003-05-19
9557,1109058,5,2004-05-05
9557,803829,2,2004-04-18
9557,1101438,2,2004-10-04
9557,962626,3,2004-12-01
9557,1396046,4,2005-05-03
9557,2409015,3,2005-05-17
9557,1944765,5,2005-09-24
9557,2068263,3,2002-06-14
9557,670238,1,2004-01-27
9557,1494162,3,2003-01-21
9557,2183370,3,2003-02-15
9557,2098361,4,2004-01-20
9557,1873201,4,2004-09-08
9557,294330,3,2004-06-28
9557,2329026,1,2004-03-25
9557,2128598,1,2004-07-28
9557,317862,3,2005-02-07
9557,624800,1,2005-03-21
9557,2480262,4,2005-05-31
9557,721162,4,2005-09-20
9557,975199,1,2002-08-27
9557,835847,4,2003-06-08
9557,1939822,4,2002-08-02
9557,92242,4,2002-01-08
9557,720084,5,2002-05-22
9557,110288,1,2002-08-15
9557,2001806,4,2003-05-12
9557,187103,5,2005-08-16
9557,1751572,2,2004-03-12
9557,1986321,2,2004-01-07
9557,2619814,3,2004-01-31
9557,1314869,4,2004-04-11
9557,1473472,1,2004-12-09
9557,1821364,5,2005-04-05
9557,1418569,3,2005-06-02
9557,812915,5,2005-06-03
9557,1567231,5,2005-12-19
9557,2029882,2,2001-05-31
9557,864172,2,2003-07-02
9557,1524354,2,2004-01-05
9557,1554806,5,2003-09-01
9557,1342407,2,2003-12-22
9557,1675429,3,2004-01-31
9557,759310,4,2003-10-26
9557,1913696,2,2003-10-11
9557,1098211,4,2004-04-16
9557,2193412,5,2004-06-06
9557,1419077,2,2004-10-04
9557,401917,5,2005-06-27
9557,1317589,2,2005-10-18
9557,1446694,4,2005-10-25
9557,711569,4,2005-11-30
9557,990435,2,2004-02-23
9557,2378999,3,2004-08-06
9557,2634707,3,2003-09-04
9557,826045,3,2003-12-08
9557,789481,1,2004-08-18
9557,31868,3,2004-09-22
9557,493587,3,2004-10-05
9557,636262,3,2005-09-26
9557,391799,4,2002-07-09
9557,504211,2,2001-12-08
9557,974588,3,2003-03-19
9557,2578674,3,2003-12-08
9557,2178523,4,2004-07-14
9557,749315,4,2003-09-19
9557,1122459,5,2004-09-13
9557,2252831,2,2004-01-28
9557,1395849,1,2004-05-02
9557,1412898,2,2004-12-14
9557,441200,3,2005-02-23
9557,1618291,3,2005-04-28
9557,883497,5,2005-07-01
9557,227076,3,2002-03-25
9557,764317,4,2002-03-26
9557,1301372,5,2003-02-12
9557,931750,5,2004-01-27
9557,1728836,3,2003-11-12
9557,1025261,4,2004-05-03
9557,2002671,3,2003-02-11
9557,1409728,2,2003-10-11
9557,2484944,2,2004-06-07
9557,2316813,1,2003-10-21
9557,2062350,1,2003-08-09
9557,1606342,3,2003-11-30
9557,2229221,4,2004-03-20
9557,2360990,3,2004-08-31
9557,1462806,5,2005-06-17
9557,2268656,4,2005-11-17
9557,182016,4,2002-04-29
9557,1605122,4,2001-08-28
9557,349333,5,2004-05-12
9557,1838685,3,2004-03-08
9557,1902017,3,2004-04-07
9557,31743,4,2003-06-19
9557,191768,4,2004-04-15
9557,124476,2,2005-08-25
9557,1885523,4,2003-11-14
9557,843125,4,2004-03-30
9557,2645132,3,2004-05-12
9557,816995,4,2004-07-15
9557,1819462,1,2005-04-22
9557,1665054,4,2005-05-31
9557,1774013,5,2002-01-25
9557,2301036,1,2002-03-26
9557,2439493,1,2003-02-12
9557,1047830,3,2002-07-13
9557,530789,5,2004-01-14
9557,1512603,3,2004-04-13
9557,353481,2,2004-01-30
9557,567057,5,2004-03-29
9557,874216,4,2004-10-16
9557,2344995,4,2005-01-09
9557,219059,1,2002-01-11
9557,359141,2,2004-01-22
9557,1814861,4,2002-01-31
9557,288652,4,2002-08-09
9557,1041207,3,2002-12-10
9557,2135677,3,2003-06-18
9557,1838389,1,2003-12-02
9557,523890,5,2004-07-28
9557,526568,1,2004-04-03
9557,693288,3,2004-08-02
9557,165374,3,2004-04-30
9557,1812666,3,2005-03-08
9557,1850615,3,2005-07-11
9557,147386,4,2005-07-16
9557,87872,2,2002-04-16
9557,2149796,4,2003-02-18
9557,2159724,3,2004-06-04
9557,924399,5,2004-03-14
9557,146462,3,2004-02-18
9557,1929180,5,2004-10-28
9557,2244864,5,2005-01-24
9557,2404504,5,2005-04-21
9557,1134379,4,2005-05-24
9557,1891825,3,2005-09-17
9557,2382445,5,2005-10-09
9557,2374164,4,2005-12-12
9557,2391213,1,2001-04-14
9557,1087944,3,2004-05-18
9557,1260161,3,2004-01-14
9557,2020448,4,2004-04-14
9557,969879,1,2004-06-04
9557,612653,5,2004-05-17
9557,2372910,4,2004-06-23
9557,2185614,4,2004-04-03
9557,1105158,5,2004-03-25
9557,1205319,2,2004-07-05
9557,370225,3,2004-09-22
9557,2469238,4,2004-09-28
9557,2033178,2,2005-01-05
9557,394784,4,2005-01-25
9557,1917946,1,2005-03-08
9557,1100765,1,2005-12-15
9557,266900,4,2005-12-16
9557,1207489,3,2001-05-06
9557,825497,1,2002-11-11
9557,342695,3,2003-06-16
9557,66179,3,2004-03-31
9557,819013,4,2003-02-24
9557,1890591,2,2004-06-29
9557,124699,3,2003-06-30
9557,1399885,2,2003-12-18
9557,1885459,4,2003-07-03
9557,1287203,4,2004-02-02
9557,15914,3,2004-06-03
9557,94874,4,2004-06-04
9557,462638,5,2004-11-15
9557,238740,3,2005-06-06
9557,1120476,5,2005-11-20
9557,1510334,3,2001-09-25
9557,710565,4,2004-02-02
9557,525610,5,2003-08-29
9557,98815,4,2003-05-29
9557,314938,4,2004-01-01
9557,544016,4,2004-01-26
9557,1947073,1,2005-05-18
9557,1452454,4,2001-04-27
9557,796288,4,2003-10-15
9557,1986952,2,2005-08-09
9557,962536,5,2003-09-16
9557,1318951,1,2004-01-18
9557,817339,5,2004-03-25
9557,2342272,4,2004-05-14
9557,121914,4,2004-04-13
9557,492714,3,2004-10-02
9557,1024851,2,2005-02-09
9557,284399,1,2005-11-27
9557,2335153,4,2002-01-16
9557,1713166,3,2001-12-31
9557,324822,3,2005-08-02
9557,2284673,1,2003-02-14
9557,2005841,4,2003-09-10
9557,2514060,5,2003-08-05
9557,1788245,5,2003-08-19
9557,2636654,3,2003-08-18
9557,1516909,4,2004-01-13
9557,415641,4,2004-08-26
9557,1219057,3,2004-05-22
9557,2338153,3,2004-05-14
9557,1639014,5,2004-09-11
9557,1323080,3,2004-11-07
9557,1056032,1,2005-01-25
9557,793369,3,2005-10-13
9557,657195,5,2005-12-02
9557,2389367,1,2004-06-06
9557,1740925,5,2002-06-20
9557,1508161,4,2004-06-29
9557,1719990,1,2004-01-02
9557,483968,2,2004-02-13
9557,684876,2,2004-03-30
9557,211166,4,2004-06-13
9557,1808905,2,2005-02-15
9557,190255,4,2005-04-11
9557,964175,1,2005-05-10
9557,74320,3,2005-05-27
9557,1734960,4,2002-03-21
9557,1736939,5,2003-05-04
9557,578237,4,2004-06-21
9557,302344,4,2004-05-03
9557,1187089,5,2004-02-23
9557,686204,1,2004-04-23
9557,1608546,2,2004-11-01
9557,1117923,4,2005-02-18
9557,1064067,3,2004-03-25
9557,873447,5,2004-03-08
9557,2317703,2,2003-03-06
9557,2588510,5,2003-02-13
9557,2141839,3,2004-03-30
9557,1583210,1,2005-08-30
9557,2048794,3,2004-05-20
9557,387157,4,2005-02-02
9557,592445,3,2005-05-20
9557,2482831,3,2003-10-28
9557,2631334,5,2003-05-17
9557,2482190,3,2003-08-05
9557,1744869,5,2004-04-20
9557,1463818,3,2004-09-12
9557,3323,1,2004-04-09
9557,1313714,4,2004-04-11
9557,2413452,1,2004-11-02
9557,1706342,2,2004-12-24
9557,2271389,4,2005-01-03
9557,1531029,5,2005-01-12
9557,1070470,5,2005-12-01
9557,579876,1,2004-06-06
9557,2117999,4,2001-12-28
9557,1885993,3,2003-12-15
9557,13266,1,2003-08-21
9557,405285,1,2003-11-27
9557,669451,5,2004-10-13
9557,1797483,2,2004-11-21
9557,659029,3,2004-12-08
9557,1141705,2,2005-01-28
9557,458931,3,2005-02-07
9557,1097507,2,2005-03-27
9557,1110156,1,2005-12-13
9557,151136,4,2004-01-10
9557,108477,4,2004-08-06
9557,1574068,5,2003-06-12
9557,1017223,5,2003-12-19
9557,844526,5,2004-03-24
9557,1116129,2,2004-11-26
9557,519645,2,2005-01-03
9557,90615,2,2001-04-02
9557,2527102,1,2002-07-21
9557,167227,4,2002-04-06
9557,1492603,5,2003-09-10
9557,2520026,2,2004-01-22
9557,879196,2,2003-05-25
9557,508584,3,2005-08-19
9557,2468305,1,2004-02-13
9557,2338653,5,2004-01-22
9557,2458626,3,2004-02-17
9557,688455,3,2004-04-26
9557,1541542,3,2004-04-20
9557,1449358,4,2004-10-22
9557,2566598,3,2005-01-27
9557,1772902,3,2005-04-13
9557,883407,2,2005-05-23
9557,29468,5,2005-11-08
9557,2516023,2,2005-12-03
9557,1227730,2,2004-12-17
9557,1441622,3,2002-07-28
9557,664946,3,2003-08-05
9557,314635,4,2003-08-26
9557,2510656,3,2004-05-04
9557,265049,4,2004-02-19
9557,1316775,3,2004-03-15
9557,407037,3,2004-10-26
9557,1075978,2,2004-11-27
9557,2037890,3,2004-12-10
9557,952156,1,2005-01-19
9557,1477732,3,2005-01-25
9557,2465337,3,2005-03-20
9557,1555169,3,2005-04-17
9557,496007,5,2005-09-21
9557,1851082,4,2005-11-22
9557,221926,4,2002-10-24
9557,1275275,3,2004-06-03
9557,388731,4,2004-03-14
9557,514787,3,2004-03-12
9557,1509100,3,2004-11-12
9557,901167,1,2005-02-14
9557,1500810,4,2001-04-14
9557,2349838,3,2003-01-22
9557,98586,4,2004-05-12
9557,270890,3,2004-06-08
9557,818752,4,2004-07-20
9557,2095586,1,2004-04-17
9557,990358,4,2004-04-16
9557,1650394,3,2004-11-03
9557,522296,5,2005-01-19
9557,782337,4,2005-07-03
9557,2536450,1,2004-08-06
9557,834496,5,2002-01-23
9557,1523108,3,2003-11-08
9557,1783491,1,2004-03-17
9557,612111,2,2003-06-07
9557,1136895,5,2004-01-26
9557,982452,5,2003-05-01
9557,2279052,3,2003-12-10
9557,194631,4,2004-12-03
9557,1580159,3,2005-01-13
9557,1312327,2,2005-06-13
9557,2640999,1,2005-10-21
9557,1256069,4,2003-11-26
9557,2612083,3,2003-06-16
9557,511613,1,2003-05-15
9557,604521,2,2003-10-30
9557,2047805,5,2004-03-21
9557,518677,3,2005-03-08
9557,2574924,2,2005-09-15
9557,1336906,2,2001-06-02
9557,2290616,3,2003-12-04
9557,371474,2,2002-02-06
9557,596995,5,2003-03-03
9557,283932,2,2005-08-15
9557,155064,3,2004-01-30
9557,2515652,2,2003-12-02
9557,1034543,2,2004-02-09
9557,2411486,3,2004-08-04
9557,562026,4,2004-09-02
9557,1457279,1,2004-10-17
9557,6312,4,2005-03-23
9557,2420122,3,2001-05-11
9557,2627800,1,2001-03-31
9557,1399502,2,2002-01-18
9557,2156196,4,2003-03-22
9557,2114804,5,2004-05-17
9557,1876520,2,2002-05-17
9557,871216,2,2005-08-04
9557,1936110,4,2003-03-29
9557,2481676,3,2004-01-17
9557,1160950,3,2004-05-31
9557,42147,5,2004-06-03
9557,409104,3,2005-01-19
9557,2084040,2,2005-03-29
9557,1174634,4,2005-06-08
9557,1757328,1,2005-10-13
9557,1446775,2,2003-02-21
9557,790116,3,2003-01-21
9557,2633733,5,2002-11-13
9557,1832121,3,2004-01-25
9557,2595011,3,2003-12-08
9557,1262453,5,2004-02-21
9557,62361,3,2004-04-12
9557,1105029,3,2004-08-19
9557,1295574,3,2005-09-23
9557,78271,1,2003-07-10
9557,424726,4,2003-04-04
9557,866350,2,2003-03-18
9557,2508403,5,2003-05-13
9557,590607,4,2003-06-01
9557,2619756,1,2003-11-30
9557,344064,1,2003-12-31
9557,2497281,5,2004-03-26
9557,835265,4,2004-08-16
9557,1692631,5,2004-10-11
9557,1939582,5,2005-01-27
9557,1239121,4,2001-09-18
9557,735925,3,2003-05-04
9557,2581263,4,2003-04-14
9557,1621089,1,2004-02-06
9557,931316,3,2003-06-29
9557,595610,3,2004-04-14
9557,413308,3,2003-08-10
9557,1896457,4,2004-09-20
9557,364749,5,2004-11-01
9557,1057722,3,2004-11-08
9557,7620,3,2005-04-06
9557,2603917,3,2005-06-05
9557,1646018,5,2005-09-30
9557,2060604,3,2002-04-25
9557,2133996,3,2003-02-21
9557,1668044,2,2003-10-17
9557,2362834,2,2003-09-19
9557,308897,1,2003-10-30
9557,2171111,5,2004-02-15
9557,1104218,2,2004-09-14
9557,2015902,4,2004-08-30
9557,760481,4,2004-11-24
9557,330802,1,2001-08-15
9557,522534,3,2002-03-28
9557,1860860,3,2002-02-23
9557,348835,4,2004-01-17
9557,1204995,3,2004-01-02
9557,78361,4,2004-02-19
9557,1343470,2,2004-06-23
9557,744818,4,2004-04-13
9557,1056759,5,2005-03-11
9557,2568738,2,2004-08-04
9557,716158,4,2004-01-16
9557,1079648,4,2002-01-11
9557,88382,2,2003-04-27
9557,499292,5,2003-02-13
9557,2137371,1,2003-12-23
9557,2494753,3,2004-03-09
9557,2257024,4,2003-08-18
9557,2125279,2,2004-01-19
9557,952582,1,2004-10-26
9557,170787,3,2001-08-19
9557,953092,1,2002-01-29
9557,1466579,4,2002-03-16
9557,1734770,5,2004-03-14
9557,687581,3,2003-05-29
9557,397898,3,2004-05-25
9557,1161030,1,2004-03-09
9557,386509,1,2004-03-14
9557,1015259,4,2004-04-02
9557,1932106,4,2004-04-13
9557,487320,3,2004-09-21
9557,1430819,3,2004-01-13
9557,2281888,3,2004-08-02
9557,29777,2,2005-01-02
9557,2054373,3,2005-04-13
9557,1142953,4,2003-10-28
9557,1531691,2,2003-06-24
9557,953170,3,2004-01-29
9557,734454,2,2004-07-11
9557,887522,2,2003-10-09
9557,1232538,3,2004-04-27
9557,2591704,3,2004-01-22
9557,2537048,4,2004-09-02
9557,374380,5,2004-08-31
9557,2217321,3,2005-01-03
9557,1598059,3,2005-02-28
9557,1310757,2,2002-01-24
9557,1772565,3,2005-08-02
9557,1042087,4,2003-07-24
9557,687648,3,2003-12-06
9557,1068988,2,2005-01-25
9557,2624475,3,2005-03-29
9557,2078719,4,2005-10-31
9557,1508061,2,2003-03-27
9557,733965,1,2002-08-16
9557,1306893,1,2003-12-11
9557,902442,5,2004-03-17
9557,935589,2,2005-05-05
9557,2631551,5,2003-05-29
9557,1113221,1,2004-04-17
9557,1232028,3,2003-03-03
9557,458495,3,2003-01-15
9557,568814,5,2004-02-16
9557,1640334,1,2003-06-25
9557,584722,4,2003-09-22
9557,1859039,3,2004-01-14
9557,655818,2,2004-09-17
9557,2186090,4,2004-09-29
9557,1418058,5,2005-04-21
9557,1577258,3,2005-05-24
9557,936093,4,2005-06-15
9557,386974,3,2005-10-07
9557,2199413,4,2004-05-23
9557,2265175,4,2003-03-06
9557,986066,1,2003-04-18
9557,2518810,3,2003-08-06
9557,697365,3,2004-02-19
9557,1227344,4,2004-02-02
9557,2082328,2,2005-03-28
9557,1759892,5,2005-05-10
9557,1547725,3,2005-06-21
9557,836150,2,2003-10-08
9557,2320024,4,2002-03-06
9557,1777133,2,2005-07-29
9557,2260832,4,2005-01-13
9557,687007,4,2004-03-22
9557,849748,4,2004-04-05
9557,322009,1,2004-03-09
9557,131208,1,2004-06-08
9557,1941501,3,2005-02-16
9557,102527,2,2005-02-23
9557,1899020,2,2005-03-16
9557,757420,1,2005-11-20
9557,2130315,3,2003-10-17
9557,297357,1,2002-08-09
9557,2354740,3,2004-02-18
9557,2197681,1,2004-03-01
9557,906859,5,2004-03-08
9557,70099,5,2004-05-15
9557,6701,2,2004-11-13
9557,1958700,5,2004-12-07
9557,2227283,5,2003-05-03
9557,1364813,4,2003-10-18
9557,1398142,3,2004-05-18
9557,1528918,4,2005-11-18
9557,777010,4,2003-09-24
9557,327249,2,2003-08-21
9557,1447185,4,2003-09-11
9557,1641753,2,2003-11-08
9557,2378414,5,2004-01-19
9557,1609549,2,2004-04-13
9557,2247242,3,2004-04-24
9557,1936302,5,2004-10-07
9557,47344,2,2004-10-14
9557,1538160,3,2004-10-21
9557,543055,1,2004-11-18
9557,2099632,3,2005-11-14
9557,1242494,5,2003-12-06
9557,1951064,3,2003-08-22
9557,473399,5,2003-05-20
9557,1017919,4,2003-10-13
9557,2308200,2,2003-11-14
9557,2240770,1,2004-05-14
9557,822140,3,2004-08-04
9557,377937,1,2004-02-22
9557,2101288,4,2004-04-09
9557,882711,2,2004-12-11
9557,520283,3,2005-09-24
9557,264661,5,2001-04-30
9557,2104457,3,2003-04-03
9557,1452537,3,2005-08-02
9557,2203225,1,2004-08-27
9557,1030519,3,2004-04-15
9557,2478523,4,2004-02-24
9557,9557,3,2004-03-07
9557,1329862,2,2005-03-06
9557,1851757,2,2004-02-04
9557,1677216,3,2002-08-15
9557,881431,5,2002-10-03
9557,1802629,3,2004-11-26
9557,2412566,2,2004-06-04
9557,2227353,3,2003-06-07
9557,2489831,4,2005-08-29
9557,116160,3,2005-09-05
9557,362791,4,2004-06-01
9557,2479667,3,2004-07-11
9557,487866,3,2004-10-06
9557,140516,3,2005-01-06
9557,1996598,3,2005-09-23
9557,1664010,5,2005-10-12
9557,310055,3,2001-05-09
9557,2567000,3,2003-06-20
9557,2535354,2,2003-10-27
9557,2327743,3,2004-02-07
9557,748377,3,2004-07-21
9557,1387388,3,2004-11-04
9557,170487,3,2005-02-05
9557,1409104,4,2005-10-28
9557,1584972,4,2002-09-06
9557,1561442,3,2002-01-25
9557,827378,5,2003-07-01
9557,134703,5,2004-01-26
9557,1959929,2,2003-03-23
9557,1536434,2,2004-05-04
9557,1028857,3,2004-04-05
9557,2471921,4,2003-05-28
9557,1064554,4,2003-02-21
9557,1924084,4,2005-08-24
9557,595847,2,2004-03-02
9557,196208,1,2004-11-19
9557,1265524,5,2003-08-26
9557,1502807,5,2003-10-21
9557,2205125,2,2004-04-19
9557,1309663,4,2003-11-24
9557,1025008,3,2003-12-14
9557,576990,1,2004-02-09
9557,457762,4,2004-04-08
9557,507094,3,2004-10-11
9557,1492385,1,2005-01-09
9557,2012733,5,2005-06-19
9557,2219920,2,2005-07-16
9557,905218,5,2002-03-17
9557,910244,1,2004-02-11
9557,1207990,3,2004-04-23
9557,690426,2,2004-07-24
9557,1918525,4,2004-12-07
9557,1840149,4,2005-01-25
9557,187464,1,2005-02-02
9557,2069446,2,2005-06-01
9557,1574630,2,2005-06-16
9557,1757810,2,2005-06-22
9557,1874322,3,2005-09-22
9557,1009418,5,2005-10-26
9557,178089,5,2002-01-26
9557,616881,5,2003-08-16
9557,801716,3,2004-03-09
9557,1933600,2,2003-06-13
9557,151528,1,2003-12-11
9557,265848,3,2004-08-31
9557,1869926,2,2004-09-29
9557,796200,4,2004-09-30
9557,940178,5,2004-10-16
9557,136939,1,2004-11-04
9557,455024,4,2005-10-09
9557,617824,4,2005-11-17
9557,2405998,3,2005-11-22
9557,427485,3,2005-12-13
9557,877978,4,2003-04-08
9557,409676,1,2002-03-25
9557,323761,4,2002-09-23
9557,1984604,3,2005-07-26
9557,2080562,3,2003-01-23
9557,83858,5,2003-10-09
9557,1941083,2,2003-12-26
9557,220104,1,2005-08-16
9557,175854,2,2004-01-08
9557,1898882,3,2004-01-01
9557,421242,4,2004-01-08
9557,337783,2,2004-01-12
9557,489743,1,2004-04-19
9557,2247817,3,2004-10-27
9557,1550619,3,2005-01-19
9557,1587710,3,2002-09-11
9557,900849,1,2002-05-13
9557,2358990,3,2003-10-15
9557,1854962,1,2002-08-27
9557,2268553,4,2004-05-22
9557,830262,1,2004-01-22
9557,2350917,4,2005-03-01
9557,1903095,3,2004-01-15
9557,2488849,1,2004-03-04
9557,1425274,5,2004-05-27
9557,762612,2,2005-03-02
9557,946380,3,2005-03-16
9557,1595626,3,2005-04-13
9557,2617170,4,2002-02-17
9557,474313,3,2004-08-03
9557,1437913,3,2005-08-09
9557,726959,3,2004-02-01
9557,1156403,3,2003-12-20
9557,1085554,4,2005-08-17
9557,2467784,4,2004-01-20
9557,873713,1,2004-10-25
9557,53190,4,2005-02-01
9557,1662735,3,2005-03-17
9557,2023097,4,2005-12-28
9557,1077173,5,2004-03-01
9557,2262890,2,2001-12-13
9557,1677588,2,2003-11-30
9557,2287357,4,2003-12-29
9557,2262854,5,2002-06-05
9557,1691554,2,2003-11-13
9557,1558286,1,2003-12-04
9557,110938,3,2004-03-26
9557,1212908,3,2003-12-14
9557,1653098,5,2004-03-30
9557,1529557,3,2004-07-11
9557,860566,3,2004-03-30
9557,831439,3,2004-02-22
9557,2631565,3,2004-07-06
9557,651136,2,2003-04-23
9557,2154920,5,2004-01-23
9557,1784723,4,2003-05-19
9557,812720,5,2004-01-31
9557,1286916,1,2004-10-04
9557,288971,3,2004-11-22
9557,1804913,2,2001-07-12
9557,580988,4,2003-01-08
9557,843601,1,2003-04-27
9557,615750,2,2004-01-26
9557,1966905,3,2004-08-22
9557,1979633,3,2004-06-11
9557,352140,1,2004-04-19
9557,2552047,5,2004-10-02
9557,736057,4,2005-02-20
9557,1153067,1,2005-02-25
9557,2246248,5,2005-06-21
9557,1143068,4,2005-06-21
9557,160043,3,2002-03-23
9557,1433050,2,2001-05-11
9557,2333383,5,2002-01-22
9557,786024,3,2003-10-09
9557,2357769,3,2003-07-24
9557,875003,2,2005-08-21
9557,1656130,4,2004-02-23
9557,653515,3,2004-03-30
9557,150469,5,2005-09-02
9557,705166,4,2004-07-26
9557,1490148,3,2004-07-21
9557,349060,4,2004-04-01
9557,2202402,3,2004-11-03
9557,2591961,3,2005-01-31
9557,1737088,3,2005-03-10
9557,1623594,5,2005-10-26
9557,2452064,1,2003-10-16
9557,1298511,1,2002-04-14
9557,184888,3,2002-04-29
9557,375352,3,2003-07-01
9557,867366,3,2005-08-02
9557,396140,3,2003-06-03
9557,795380,3,2004-03-12
9557,1282217,3,2004-03-01
9557,1504833,3,2004-05-10
9557,1361490,1,2004-03-26
9557,906342,4,2004-09-11
9557,62828,3,2004-11-02
9557,538083,4,2004-12-21
9557,195378,2,2005-03-21
9557,405075,3,2005-04-06
9557,285400,3,2005-05-07
9557,1772215,3,2005-06-07
9557,828349,3,2003-05-17
9557,2080822,3,2003-12-17
9557,1011240,2,2002-01-31
9557,719294,3,2003-10-05
9557,189387,3,2004-09-14
9557,1454488,5,2003-08-22
9557,1244763,3,2003-11-04
9557,551937,5,2003-07-01
9557,525071,4,2004-02-29
9557,1764232,1,2004-07-28
9557,318409,1,2004-09-19
9557,2407122,5,2004-11-23
9557,1758460,4,2005-04-22
9557,709802,2,2005-05-06
9557,1021192,3,2005-09-26
9557,471241,4,2004-05-25
9557,2236937,5,2004-05-31
9557,1181480,2,2004-02-14
9557,922591,4,2003-10-30
9557,2323443,5,2003-01-20
9557,595572,1,2003-06-16
9557,1272134,3,2005-08-26
9557,1086481,1,2004-02-05
9557,1130705,5,2003-12-29
9557,933819,4,2004-02-07
9557,877460,1,2004-09-19
9557,1906681,1,2005-03-09
9557,2215028,2,2005-03-22
9557,199609,5,2005-10-13
9557,2079363,3,2002-01-16
9557,1392145,4,2002-06-25
9557,1412962,5,2003-02-17
9557,1851867,3,2003-02-18
9557,1313129,1,2003-10-28
9557,1056568,1,2004-07-12
9557,1976969,2,2004-01-05
9557,84152,3,2004-07-19
9557,273251,4,2005-02-15
9557,1935793,1,2005-03-18
9557,2544830,3,2005-05-05
9557,2219240,2,2005-07-17
9557,130702,4,2004-06-09
9557,1630748,5,2004-09-05
9557,1317134,3,2003-12-22
9557,2338239,1,2004-03-01
9557,2100306,1,2003-10-18
9557,1266267,4,2003-12-22
9557,1631168,4,2004-07-03
9557,561181,3,2004-11-20
9557,762525,4,2004-12-29
9557,706540,5,2005-05-17
9557,929628,3,2005-07-07
9557,71594,2,2001-09-20
9557,922551,3,2003-08-22
9557,1657568,1,2002-04-11
9557,2290732,2,2003-10-06
9557,2626336,2,2004-05-21
9557,1816884,4,2005-07-26
9557,1629672,5,2003-04-14
9557,2265867,5,2004-02-03
9557,28277,3,2004-04-03
9557,31170,4,2003-05-29
9557,434633,3,2004-01-27
9557,241873,3,2004-05-04
9557,2525542,3,2004-03-12
9557,2078245,1,2004-05-26
9557,1574444,1,2005-11-16
9557,1972798,1,2005-01-19
9557,1852594,3,2005-06-11
9557,1949261,1,2005-11-19
9557,1831001,5,2001-06-07
9557,2085033,5,2001-08-23
9557,1866209,4,2002-05-18
9557,1630637,4,2003-08-13
9557,1932640,2,2002-12-03
9557,1722960,4,2004-02-18
9557,952063,5,2003-07-23
9557,1184777,1,2003-12-11
9557,1767457,3,2004-03-14
9557,1096409,5,2004-03-15
9557,1368442,1,2004-02-05
9557,190547,1,2004-05-19
9557,87113,2,2004-06-26
9557,10374,3,2004-01-19
9557,1442,3,2003-04-29
9557,975229,4,2004-05-17
9557,2432362,5,2003-06-25
9557,1477600,5,2003-03-22
9557,1587311,4,2003-05-16
9557,2049319,2,2003-07-22
9557,217314,3,2004-06-29
9557,722591,4,2003-06-24
9557,2573622,1,2004-02-26
9557,2291306,1,2004-03-16
9557,725468,4,2004-10-25
9557,2147057,4,2004-12-22
9557,1059026,5,2001-06-03
9557,450310,4,2004-03-22
9557,2391116,2,2002-07-29
9557,864863,1,2002-09-20
9557,624266,3,2003-06-09
9557,1709511,5,2004-01-28
9557,1193629,5,2004-04-16
9557,1870510,5,2004-02-18
9557,1212909,4,2004-01-07
9557,283753,1,2005-06-17
9557,567875,1,2004-11-06
9557,1778955,1,2005-03-04
9557,2226028,4,2005-09-29
9557,304079,5,2005-12-08
9557,430593,4,2005-12-10
9557,74533,5,2005-07-13
9557,536508,5,2004-04-26
9557,1238184,2,2002-03-19
9557,915925,5,2003-02-18
9557,1772901,3,2003-08-26
9557,361543,5,2003-10-27
9557,1401819,3,2004-09-13
9557,288307,2,2004-01-09
9557,1924361,5,2004-08-07
9557,2225743,1,2004-10-21
9557,1325445,5,2005-05-22
9557,948439,5,2004-03-04
9557,1662887,1,2005-09-08
9557,959505,2,2004-02-11
9557,46650,2,2004-05-31
9557,1927026,4,2005-06-11
9557,224836,4,2005-10-09
9557,2504431,3,2005-11-06
9557,2585997,5,2003-10-23
9557,1763606,1,2001-08-30
9557,1828429,3,2003-01-07
9557,1048629,4,2004-03-13
9557,1496064,4,2003-09-13
9557,1184029,2,2004-04-16
9557,1461408,5,2003-12-14
9557,2018959,5,2004-03-08
9557,1404900,4,2003-12-30
9557,843727,3,2004-06-30
9557,2115128,3,2004-01-09
9557,230112,1,2004-07-03
9557,1586533,4,2005-10-18
9557,2209788,4,2005-12-29
9557,386202,3,2002-09-27
9557,1334936,2,2003-08-05
9557,907290,3,2002-01-30
9557,2534061,2,2002-11-13
9557,2471478,3,2004-01-03
9557,2048038,1,2004-02-03
9557,1441256,3,2004-01-07
9557,438340,3,2003-12-29
9557,1957273,3,2004-01-06
9557,2328511,3,2004-03-03
9557,1556831,1,2005-01-19
9557,475847,1,2005-02-07
9557,2509609,5,2005-09-22
9557,888450,4,2003-07-14
9557,1936654,4,2002-07-20
9557,1900445,4,2003-07-14
9557,260257,3,2004-03-16
9557,2619357,3,2003-09-02
9557,1936501,4,2005-02-19
9557,2457720,2,2004-09-14
9557,2295501,3,2004-05-13
9557,1800459,1,2004-03-29
9557,2519299,3,2004-03-12
9557,1317671,1,2004-10-08
9557,1542700,4,2005-04-06
9557,2413595,5,2001-10-10
9557,923119,3,2002-08-11
9557,724173,4,2002-05-23
9557,2607155,1,2004-02-17
9557,2463867,1,2003-03-03
9557,2097232,2,2003-04-21
9557,506271,5,2004-03-12
9557,332466,2,2004-08-20
9557,2586347,1,2004-03-01
9557,2162275,3,2004-06-01
9557,2238629,2,2003-01-22
9557,2131774,2,2003-01-10
9557,619694,2,2003-03-03
9557,481766,3,2005-08-15
9557,356446,4,2004-06-29
9557,331860,2,2003-10-03
9557,588344,2,2003-10-23
9557,1281310,4,2004-07-08
9557,2262099,4,2004-01-05
9557,2089599,2,2004-01-14
9557,2435640,3,2004-09-24
9557,468224,3,2004-10-27
9557,920065,1,2004-12-22
9557,731685,3,2004-12-04
9557,1308814,1,2002-02-09
9557,1716980,5,2002-05-01
9557,1713439,1,2005-07-30
9557,1686134,3,2004-09-14
9557,1247801,1,2003-02-27
9557,787866,3,2003-06-09
9557,1848548,1,2003-12-28
9557,2083161,3,2003-10-12
9557,2107465,4,2004-10-25
9557,1559083,3,2004-11-02
9557,1565070,3,2005-01-20
9557,2606799,2,2005-05-16
9557,1520884,4,2005-12-04
9557,1394818,5,2001-07-26
9557,271346,3,2003-04-29
9557,2340340,4,2005-08-06
9557,1273651,4,2005-04-09
9557,1079165,2,2004-02-23
9557,1984315,3,2003-12-24
9557,1106409,4,2003-12-17
9557,1567783,3,2004-03-25
9557,1819577,3,2004-07-28
9557,103040,5,2004-06-30
9557,517944,5,2004-08-22
9557,761998,3,2004-08-29
9557,1910165,2,2005-10-19
9557,511883,3,2004-01-20
9557,730856,3,2002-03-29
9557,1146000,1,2003-04-20
9557,482904,4,2004-03-08
9557,901269,3,2004-05-26
9557,1775996,5,2003-08-07
9557,2611424,2,2004-05-10
9557,786543,5,2003-06-22
9557,607758,4,2003-08-21
9557,1281290,2,2003-08-26
9557,156855,4,2003-12-15
9557,1436791,3,2004-03-27
9557,2016357,4,2005-01-19
9557,918529,3,2005-12-24
9557,1641072,3,2003-07-13
9557,237980,3,2004-01-21
9557,249701,5,2005-08-09
9557,1106196,4,2004-02-23
9557,647979,3,2004-02-24
9557,2493530,4,2003-11-10
9557,2097185,4,2003-12-07
9557,2173854,4,2004-03-02
9557,411770,5,2004-03-29
9557,821103,4,2004-06-16
9557,40847,3,2004-04-28
9557,2256485,1,2004-11-30
9557,163903,4,2005-02-25
9557,623257,4,2005-11-20
9557,1733925,5,2004-07-21
9557,986794,3,2004-01-12
9557,1929280,4,2002-03-15
9557,933082,1,2002-05-22
9557,703423,5,2003-08-27
9557,2473818,2,2004-01-10
9557,396316,3,2005-08-22
9557,2216803,4,2004-02-08
9557,1055451,2,2004-01-14
9557,635070,3,2004-05-14
9557,1318667,2,2004-07-02
9557,129179,2,2004-09-21
9557,882006,3,2004-10-11
9557,430890,2,2004-11-16
9557,2133849,1,2004-12-25
9557,2127108,3,2005-02-09
9557,1410255,3,2005-04-12
9557,1621422,1,2005-04-17
9557,1235037,2,2005-06-09
9557,1493247,4,2003-08-19
9557,683604,3,2003-09-20
9557,2539534,1,2004-01-22
9557,280280,1,2004-07-14
9557,1299887,4,2005-02-26
9557,2590411,5,2003-12-04
9557,105532,3,2002-10-31
9557,798296,2,2002-10-01
9557,82848,1,2002-07-13
9557,1227739,1,2003-03-11
9557,1074020,2,2003-01-17
9557,1987457,2,2004-08-27
9557,54181,3,2004-09-02
9557,2488897,4,2004-09-23
9557,477498,4,2005-02-06
9557,2176056,2,2005-03-09
9557,60542,5,2005-06-20
9557,545026,3,2005-11-20
9557,1432290,3,2002-02-11
9557,967629,3,2002-04-16
9557,1880039,2,2004-02-15
9557,1636584,4,2003-06-08
9557,1278390,1,2004-03-13
9557,398215,5,2003-11-18
9557,152374,3,2004-01-06
9557,1180346,4,2004-01-02
9557,1974989,3,2004-03-15
9557,1780685,4,2005-04-29
9557,2196483,3,2003-03-25
9557,719598,2,2003-12-16
9557,2581426,3,2004-02-26
9557,572447,3,2004-11-02
9557,242379,5,2004-11-04
9557,2418086,4,2005-10-17
9557,2034654,4,2004-01-22
9557,442603,4,2001-07-25
9557,407323,1,2003-11-30
9557,724097,2,2005-07-19
9557,1517651,5,2003-06-16
9557,553927,2,2004-03-12
9557,1082325,3,2003-02-20
9557,1057247,1,2003-06-29
9557,509775,4,2003-06-25
9557,1572007,4,2004-02-02
9557,1545441,3,2004-03-27
9557,9375,5,2004-10-23
9557,1462172,2,2004-11-17
9557,729150,3,2005-03-21
9557,466937,3,2001-05-02
9557,894339,1,2004-03-07
9557,1362439,1,2005-08-09
9557,1771451,3,2003-02-13
9557,858628,2,2004-04-01
9557,1580943,4,2004-08-23
9557,481416,3,2004-02-26
9557,681435,2,2004-06-07
9557,271019,1,2004-08-29
9557,92453,2,2004-02-23
9557,1553532,2,2003-08-12
9557,2171344,3,2001-04-28
9557,1552356,5,2003-07-14
9557,1435634,4,2005-07-29
9557,1579127,4,2004-03-01
9557,2610950,4,2004-04-11
9557,2111693,1,2004-01-12
9557,205837,3,2003-07-10
9557,2255069,1,2004-02-07
9557,815953,4,2003-09-23
9557,693070,4,2003-11-21
9557,1127944,1,2004-06-07
9557,2394024,3,2004-06-09
9557,8212,3,2004-03-19
9557,2268889,3,2004-04-27
9557,2246773,2,2004-11-23
9557,2408145,3,2005-04-08
9557,886841,2,2003-05-22
9557,677031,2,2004-01-08
9557,1105663,2,2003-08-22
9557,830745,4,2004-01-29
9557,1280700,5,2003-03-08
9557,1535595,4,2004-04-16
9557,1178081,5,2004-04-19
9557,2096145,3,2004-01-31
9557,151153,4,2004-03-06
9557,1387099,2,2004-03-26
9557,1290799,3,2003-11-16
9557,164016,2,2004-06-15
9557,2202517,2,2005-04-14
9557,1651210,2,2005-10-21
9557,1762954,4,2005-10-29
9557,1700341,2,2002-03-06
9557,2325588,5,2004-01-11
9557,685687,5,2003-12-03
9557,552537,5,2004-06-30
9557,969304,3,2004-01-14
9557,2405815,4,2004-01-06
9557,454327,3,2004-04-18
9557,1963758,5,2005-10-13
9557,2185704,4,2003-07-07
9557,410753,3,2004-05-16
9557,305344,2,2003-05-14
9557,498716,5,2003-12-15
9557,2101428,3,2003-10-15
9557,1779014,2,2004-02-06
9557,999673,5,2004-07-29
9557,5841,2,2004-09-28
9557,303428,1,2004-11-07
9557,203576,5,2005-11-30
9557,2470767,3,2003-09-11
9557,2238894,1,2002-01-11
9557,2371421,3,2004-01-13
9557,2102366,3,2004-01-10
9557,672268,3,2004-01-20
9557,2204091,4,2005-06-21
9557,1388677,3,2002-06-13
9557,1956276,2,2001-06-10
9557,408331,1,2003-05-02
9557,1921833,4,2003-06-25
9557,2412874,3,2003-02-12
9557,1024036,4,2004-03-16
9557,1023333,3,2004-05-14
9557,1909214,2,2004-01-02
9557,2042985,4,2003-10-16
9557,2034013,4,2004-03-24
9557,1237577,1,2004-09-28
9557,92673,5,2005-04-26
9557,912209,4,2005-09-28
9557,449686,3,2005-10-17
9557,328741,4,2004-03-12
9557,1203347,2,2002-02-01
9557,1246599,4,2002-05-08
9557,1978244,2,2005-08-03
9557,1585504,4,2002-09-28
9557,767486,4,2003-11-12
9557,75391,5,2004-03-10
9557,2615940,1,2004-01-03
9557,452212,2,2003-11-21
9557,327874,3,2004-07-09
9557,123190,4,2004-11-01
9557,1358714,3,2004-11-15
9557,1921653,2,2005-04-14
9557,1403217,2,2005-06-16
9557,1205174,5,2005-12-17
9557,2037693,2,2004-01-23
9557,160929,3,2003-03-28
9557,950716,4,2003-05-15
9557,1231570,5,2004-02-20
9557,290182,4,2004-01-13
9557,53694,3,2005-03-21
9557,1242439,3,2004-03-23
9557,2162855,4,2004-11-23
9557,2192308,4,2005-01-06
9557,2227617,2,2005-05-12
9557,827240,3,2005-06-01
9557,2117724,4,2001-04-29
9557,2295401,2,2002-11-18
9557,1399738,3,2004-08-20
9557,2597802,2,2002-04-22
9557,1379212,3,2003-12-08
9557,433593,2,2003-09-23
9557,1325221,4,2003-06-16
9557,1724806,2,2005-05-08
9557,43148,1,2003-12-11
9557,1271049,3,2003-11-17
9557,2267735,2,2004-02-20
9557,2436036,4,2004-04-08
9557,1782693,5,2004-04-18
9557,1168949,2,2004-07-19
9557,651230,3,2005-02-24
9557,934493,5,2005-11-21
9557,1182475,3,2003-07-14
9557,761379,3,2002-03-07
9557,1052986,1,2003-09-05
9557,889529,4,2004-02-06
9557,2254385,3,2003-05-17
9557,2646235,4,2004-08-21
9557,133670,3,2004-06-03
9557,843269,5,2004-02-19
9557,180103,3,2004-02-21
9557,2634610,4,2004-04-16
9557,2158495,3,2004-03-22
9557,1547977,3,2004-10-31
9557,2380603,2,2004-11-23
9557,1096082,1,2005-01-23
9557,2229569,3,2005-02-07
9557,1346479,4,2005-07-06
9557,1610230,2,2004-01-07
9557,2097373,4,2001-07-21
9557,726235,4,2001-04-01
9557,558042,3,2003-02-27
9557,2111660,2,2003-10-07
9557,2374996,3,2003-06-09
9557,792884,2,2004-04-17
9557,725884,5,2004-03-25
9557,774602,3,2004-02-28
9557,1568124,5,2005-03-07
9557,453831,3,2001-08-25
9557,440183,3,2001-05-26
9557,1098205,3,2002-11-02
9557,2046997,2,2003-08-05
9557,1422960,4,2003-07-21
9557,1244162,4,2003-10-15
9557,1300791,3,2004-05-03
9557,993438,4,2004-09-30
9557,2090715,3,2004-11-03
9557,633859,5,2005-01-26
9557,1216746,3,2005-03-16
9557,137131,4,2005-04-05
9557,1548866,3,2005-09-13
9557,1589620,1,2002-05-05
9557,1661271,1,2004-02-22
9557,230211,5,2004-03-12
9557,2364716,3,2005-03-12
9557,1444062,1,2001-07-31
9557,361393,4,2002-12-02
9557,2330051,3,2004-08-30
9557,1500471,5,2003-11-30
9557,65896,4,2004-03-15
9557,1000387,1,2004-07-09
9557,2334688,5,2003-12-01
9557,1246890,3,2004-02-21
9557,432418,1,2005-02-10
9557,1273803,4,2005-03-16
9557,780391,4,2005-04-09
9557,1038581,1,2005-05-29
9557,1539119,2,2002-09-19
9557,429608,3,2003-01-14
9557,1709543,4,2002-01-19
9557,1584550,3,2003-06-27
9557,2039415,3,2004-03-21
9557,1223912,3,2002-02-21
9557,669635,3,2002-05-29
9557,2623918,4,2005-08-26
9557,1230111,4,2004-03-25
9557,1182857,1,2004-02-22
9557,2235516,2,2004-03-30
9557,902050,4,2004-03-16
9557,179640,4,2005-02-09
9557,889687,3,2005-02-25
9557,2366462,1,2004-02-20
9557,1778011,5,2004-03-10
9557,1215923,1,2002-01-07
9557,758850,2,2003-11-09
9557,1770828,1,2004-01-18
9557,2396494,3,2003-12-30
9557,2182050,4,2005-09-02
9557,2351387,4,2005-09-06
9557,341806,2,2003-10-28
9557,1688096,2,2004-03-27
9557,360264,2,2004-03-02
9557,104583,3,2004-09-11
9557,203817,3,2004-09-25
9557,1792974,3,2005-05-12
9557,2111309,4,2004-07-11
9557,635452,2,2004-03-15
9557,599997,3,2003-09-13
9557,2602029,2,2003-05-15
9557,295708,2,2003-12-11
9557,159159,3,2004-01-27
9557,835793,4,2004-10-26
9557,2309376,4,2001-04-22
9557,855933,1,2002-03-31
9557,551176,4,2001-06-18
9557,1962325,3,2004-01-09
9557,1661344,4,2004-02-02
9557,1343658,2,2003-11-27
9557,859907,3,2004-05-19
9557,1345147,5,2004-04-20
9557,1699917,4,2004-04-20
9557,1745577,5,2005-01-24
9557,128448,1,2005-04-04
9557,2496938,4,2001-04-24
9557,2122313,5,2003-04-02
9557,927849,3,2004-04-05
9557,853459,3,2004-06-18
9557,833773,4,2004-05-24
9557,1316977,2,2004-09-08
9557,1465917,3,2004-08-04
9557,2005241,2,2005-06-27
9557,2108784,4,2003-06-03
9557,2583188,4,2004-05-28
9557,431790,2,2004-02-09
9557,1785931,2,2003-10-03
9557,2214441,5,2003-11-30
9557,881148,4,2004-08-24
9557,1217196,4,2004-02-07
9557,2049761,1,2004-05-27
9557,2609317,4,2005-01-23
9557,762968,4,2005-03-14
9557,516734,3,2004-05-05
9557,1716405,4,2004-06-26
9557,103436,4,2002-01-20
9557,2158747,2,2002-09-19
9557,2555451,4,2003-05-06
9557,2150095,4,2003-07-30
9557,2134965,4,2003-07-28
9557,928636,1,2004-03-04
9557,402266,5,2004-08-08
9557,1501554,3,2004-10-06
9557,2353710,3,2005-01-19
9557,410726,3,2002-01-16
9557,752642,4,2002-04-03
9557,220568,1,2003-03-29
9557,1993140,5,2005-08-01
9557,737215,3,2003-04-30
9557,905570,1,2004-09-22
9557,424505,2,2004-03-31
9557,542817,1,2004-11-06
9557,1590926,1,2004-11-20
9557,2494579,1,2005-01-27
9557,374259,3,2005-09-29
9557,837619,2,2002-04-03
9557,615760,2,2004-06-10
9557,1353406,3,2004-06-08
9557,1677833,4,2003-09-29
9557,992132,5,2003-05-07
9557,44300,2,2003-12-07
9557,163896,4,2004-03-10
9557,1305601,5,2004-05-26
9557,520243,3,2004-03-04
9557,768938,4,2004-03-29
9557,778243,4,2004-09-19
9557,1074453,4,2004-10-05
9557,1214959,3,2004-11-16
9557,5107,4,2005-03-18
9557,2307654,1,2005-05-31
9557,40045,4,2002-03-30
9557,386420,3,2002-12-18
9557,2466272,5,2002-08-16
9557,1308228,5,2004-04-22
9557,2614156,4,2004-01-09
9557,2569159,4,2004-03-01
9557,1107588,3,2004-01-09
9557,235558,2,2005-03-07
9557,1069088,2,2004-04-13
9557,1952674,5,2002-05-28
9557,723065,5,2003-12-24
9557,1654854,3,2004-03-26
9557,1985170,3,2004-07-08
9557,2332377,1,2004-04-11
9557,2039423,4,2004-11-22
9557,2284110,2,2004-12-14
9557,1506005,4,2005-03-08
9557,447909,1,2005-03-20
9557,2010432,3,2005-09-28
9557,2176459,3,2005-07-15
9557,674504,5,2003-09-03
9557,1275352,3,2002-01-02
9557,2029766,2,2004-02-27
9557,1264424,1,2003-08-21
9557,1787931,5,2004-06-18
9557,140210,4,2004-04-15
9557,89609,5,2004-02-27
9557,2547059,5,2004-03-14
9557,21549,3,2004-01-22
9557,10679,4,2004-06-22
9557,2011363,3,2004-12-29
9557,1561960,1,2005-01-21
9557,1994111,3,2005-01-23
9557,1297634,2,2005-03-11
9557,2542121,3,2005-03-26
9557,2351399,3,2005-10-13
9557,2023416,1,2004-04-05
9557,121182,3,2004-01-19
9557,2278026,3,2001-04-10
9557,1569593,1,2003-08-23
9557,624270,4,2003-12-20
9557,2056022,1,2003-02-12
9557,789894,1,2003-07-17
9557,592277,1,2003-10-06
9557,1477783,2,2004-04-01
9557,1407758,1,2003-12-08
9557,400440,5,2004-02-26
9557,1124753,3,2004-03-29
9557,1745107,5,2004-06-11
9557,2535512,3,2004-08-27
9557,22813,4,2004-11-22
9557,603543,3,2004-12-01
9557,1475760,5,2005-01-01
9557,823827,2,2005-06-15
9557,1615850,1,2003-08-22
9557,76916,1,2003-04-04
9557,1845184,4,2004-05-05
9557,1351411,2,2002-10-08
9557,1722054,4,2003-08-26
9557,1178769,4,2003-11-10
9557,379050,5,2003-08-25
9557,586348,5,2003-12-24
9557,221483,3,2004-02-19
9557,423522,2,2004-01-26
9557,1304749,3,2004-03-11
9557,1839681,1,2004-03-05
9557,1565303,2,2005-01-06
9557,1131588,4,2005-09-08
9557,2256870,5,2005-09-14
9557,305701,5,2005-10-18
9557,1312412,2,2001-09-13
9557,1526936,3,2005-07-27
9557,16558,5,2002-08-13
9557,1758002,2,2003-10-02
9557,1057233,3,2003-12-17
9557,2647236,5,2003-10-27
9557,1862911,2,2004-01-16
9557,1237182,5,2004-08-27
9557,1777527,3,2002-03-12
9557,1543370,2,2003-01-20
9557,1784946,3,2004-08-29
9557,2067849,3,2003-06-19
9557,2171824,4,2004-07-19
9557,2199443,3,2003-02-21
9557,837165,4,2004-09-15
9557,465414,1,2004-08-27
9557,2416290,2,2003-09-26
9557,1211485,2,2003-10-14
9557,998625,4,2004-03-09
9557,1070896,1,2004-03-27
9557,982331,1,2004-02-29
9557,2431167,1,2004-02-19
9557,981800,2,2004-03-16
9557,692048,2,2004-03-04
9557,2511987,1,2004-06-03
9557,2116475,4,2004-04-16
9557,445450,5,2004-09-14
9557,1826722,4,2005-11-05
9557,984323,3,2004-01-23
9557,2312280,4,2003-07-30
9557,1574349,4,2005-08-16
9557,556508,4,2003-12-29
9557,1817346,3,2004-01-02
9557,2176465,1,2005-02-22
9557,124046,5,2005-04-05
9557,2393478,1,2005-04-11
9557,2558779,2,2001-06-28
9557,493924,3,2002-03-19
9557,753452,4,2004-06-08
9557,1933592,5,2003-11-27
9557,1979447,3,2004-02-11
9557,12650,5,2003-11-06
9557,2378742,5,2003-10-01
9557,2556238,5,2003-01-02
9557,2274460,1,2004-06-07
9557,76048,2,2003-06-11
9557,1689115,3,2003-11-09
9557,1253964,5,2004-04-20
9557,1645874,2,2004-04-25
9557,1446845,3,2004-04-02
9557,2172207,4,2004-12-09
9557,2386179,1,2005-03-05
9557,1336786,5,2003-07-11
9557,2136780,5,2005-07-25
9557,1365170,3,2005-07-30
9557,2276659,3,2003-05-29
9557,2262335,2,2004-06-07
9557,2115977,3,2003-05-12
9557,2451377,4,2004-01-31
9557,1666825,4,2005-02-19
9557,2481119,5,2005-08-30
9557,2279608,2,2004-08-04
9557,1188347,3,2004-02-13
9557,1845251,3,2004-07-12
9557,515311,3,2004-10-04
9557,779026,2,2003-04-08
9557,2412372,3,2002-01-25
9557,1728611,5,2004-05-22
9557,200713,3,2004-07-09
9557,905334,1,2003-10-28
9557,908626,5,2004-07-26
9557,2220732,1,2004-01-03
9557,1905715,3,2004-03-19
9557,2230881,3,2004-02-16
9557,1728944,2,2004-02-15
9557,350145,3,2004-06-07
9557,624388,4,2004-10-07
9557,2615919,5,2005-02-02
9557,204699,3,2005-05-23
9557,1498881,4,2005-09-11
9557,795592,2,2002-05-20
9557,78922,5,2004-10-22
9557,2318588,5,2004-11-18
9557,836050,3,2005-01-24
9557,1682916,3,2005-06-08
9557,459516,1,2004-03-10
9557,181364,5,2002-05-20
9557,1541916,1,2002-08-26
9557,731560,3,2004-06-07
9557,540065,1,2004-05-09
9557,1120429,5,2003-09-29
9557,1706873,3,2004-10-14
9557,934300,5,2004-11-27
9557,1346376,2,2005-04-21
9557,1262145,3,2005-06-26
9557,2118461,5,2005-10-24
9557,2537083,4,2002-10-05
9557,522180,1,2003-01-07
9557,544571,3,2004-08-23
9557,237286,3,2002-09-22
9557,379036,1,2002-11-12
9557,1184511,4,2003-03-26
9557,612690,1,2003-08-27
9557,1142663,3,2003-09-11
9557,551195,2,2003-12-30
9557,650956,3,2004-03-06
9557,2157060,1,2004-11-21
9557,447437,1,2005-04-24
9557,1625448,3,2005-10-27
9557,197773,3,2004-06-02
9557,787252,3,2001-10-19
9557,1256578,3,2001-10-23
9557,1878548,4,2001-12-21
9557,2052982,4,2004-05-21
9557,542848,4,2004-04-12
9557,832822,5,2005-08-23
9557,1159926,5,2004-08-22
9557,1200910,2,2004-02-19
9557,469089,3,2004-01-18
9557,1567006,4,2005-02-28
9557,1228165,5,2005-04-20
9557,392651,3,2005-05-28
9557,1323507,2,2005-09-30
9557,916862,4,2005-12-05
9557,1537983,4,2001-12-14
9557,387418,1,2003-10-10
9557,1978730,2,2003-04-14
9557,1614714,4,2004-03-18
9557,1096561,5,2003-07-01
9557,759853,1,2003-05-01
9557,324304,5,2003-11-01
9557,2231014,3,2003-06-22
9557,2017438,3,2004-03-15
9557,887596,1,2004-03-23
9557,2507228,2,2005-01-30
9557,1310425,1,2003-07-07
9557,2351306,4,2002-03-27
9557,1335750,3,2003-01-07
9557,1015473,4,2002-03-22
9557,2646769,3,2002-04-04
9557,1166090,4,2005-08-04
9557,690754,1,2004-08-22
9557,1208420,3,2004-03-02
9557,1436486,3,2003-08-20
9557,1247574,3,2004-03-05
9557,200427,4,2004-02-13
9557,2299904,2,2005-03-16
9557,709181,3,2005-09-17
9557,2257454,5,2005-12-02
9557,1029163,2,2002-05-09
9557,2286705,4,2002-04-11
9557,113416,2,2003-04-21
9557,427106,4,2004-10-26
9557,1493234,4,2005-01-04
9557,762651,3,2004-01-23
9557,1200845,2,2004-03-08
9557,1981621,3,2004-03-27
9557,1277549,5,2004-09-07
9557,2487127,1,2004-03-31
9557,650861,4,2005-03-13
9557,1115295,4,2005-06-17
9557,1960295,4,2005-09-22
9557,507443,4,2003-10-15
9557,1861095,3,2002-06-15
9557,458143,5,2005-08-08
9557,1689975,4,2003-11-18
9557,1657031,3,2003-10-05
9557,1629989,1,2003-10-01
9557,1401971,3,2004-06-11
9557,2087507,1,2004-05-28
9557,1155156,1,2004-03-02
9557,1564191,1,2005-01-31
9557,1473068,4,2005-05-25
9557,2416072,4,2001-10-23
9557,1836027,5,2003-10-26
9557,1881326,1,2004-01-12
9557,2313697,5,2004-02-28
9557,1932594,1,2004-04-19
9557,1783085,1,2004-06-28
9557,794999,5,2004-05-28
9557,962837,4,2004-10-28
9557,958687,3,2004-08-31
9557,1130863,2,2002-02-06
9557,2199470,5,2002-10-09
9557,697075,1,2003-07-21
9557,155159,1,2003-04-21
9557,405572,3,2003-12-07
9557,2281810,1,2003-05-02
9557,1061195,1,2003-10-02
9557,1674787,3,2004-08-13
9557,2203425,3,2004-08-08
9557,323494,2,2004-09-29
9557,1116065,1,2005-05-03
9557,924656,3,2003-06-03
9557,1646037,4,2001-08-01
9557,1306378,3,2002-04-09
9557,2582052,2,2004-09-13
9557,1514745,2,2003-10-24
9557,1983050,1,2004-03-06
9557,373466,3,2004-06-15
9557,2018844,5,2003-12-18
9557,1527304,3,2003-11-17
9557,1553545,5,2004-02-21
9557,680767,4,2004-07-14
9557,553643,1,2005-01-25
9557,2586124,1,2005-02-08
9557,12580,1,2001-10-17
9557,2648623,4,2001-04-18
9557,408645,4,2002-11-19
9557,1663888,1,2003-11-03
9557,1698989,5,2004-05-07
9557,2191149,5,2004-03-10
9557,1988784,3,2004-10-05
9557,1257336,3,2004-12-03
9557,1146038,4,2001-05-13
9557,1185907,1,2001-07-31
9557,1461435,1,2001-12-30
9557,1282507,3,2002-06-16
9557,829708,5,2003-11-28
9557,178013,1,2005-08-25
9557,2399157,3,2005-04-04
9557,531010,3,2004-09-13
9557,241068,4,2004-03-12
9557,694070,4,2004-05-19
9557,2475053,3,2004-09-21
9557,2031909,3,2004-10-31
9557,960015,1,2005-01-24
9557,2304627,3,2005-10-04
9557,921585,3,2002-04-17
9557,437239,4,2004-01-26
9557,1655237,4,2003-04-21
9557,1055656,3,2004-01-02
9557,182203,5,2003-07-18
9557,2552211,4,2004-04-05
9557,2069442,1,2004-01-23
9557,1848039,4,2003-12-11
9557,2095614,1,2004-03-31
9557,1269749,4,2005-01-25
9557,100400,5,2005-09-12
9557,1293514,1,2002-10-29
9557,612634,4,2004-02-01
9557,385195,4,2004-04-19
9557,836268,3,2005-03-06
9557,2484060,5,2005-09-25
9557,1037245,5,2005-12-23
9557,2239209,1,2004-01-15
9557,948457,3,2003-08-15
9557,947483,1,2003-08-21
9557,2131794,1,2003-09-10
9557,151004,3,2003-11-15
9557,972853,3,2003-08-28
9557,1931836,3,2004-09-19
9557,1889176,5,2004-11-22
9557,1447758,5,2005-04-05
9557,2196762,1,2005-05-26
9557,2642897,4,2005-05-26
9557,869968,3,2002-05-24
9557,1835511,4,2004-04-26
9557,2013443,4,2004-02-04
9557,1957766,2,2003-01-02
9557,879094,4,2003-08-25
9557,274156,2,2003-09-07
9557,2195785,1,2004-02-08
9557,1302182,5,2004-04-25
9557,2388648,3,2004-01-16
9557,2279326,4,2004-02-11
9557,1713608,4,2004-02-21
9557,135879,3,2004-10-10
9557,1565475,5,2004-11-26
9557,2628447,3,2004-12-14
9557,505275,4,2005-04-17
9557,665331,3,2005-10-24
9557,900512,4,2001-10-05
9557,1639792,1,2002-03-14
9557,526154,5,2003-09-20
9557,2568994,2,2004-03-24
9557,2087606,1,2004-03-09
9557,359960,3,2004-08-17
9557,1515355,4,2005-02-08
9557,189443,3,2005-06-04
9557,57633,2,2001-12-16
9557,2090942,5,2002-08-16
9557,732567,5,2005-08-08
9557,659871,2,2004-07-10
9557,1912978,2,2004-04-14
9557,135215,5,2004-02-29
9557,1999051,4,2004-09-21
9557,1421192,3,2005-03-11
9557,371701,2,2005-03-31
9557,195105,4,2005-05-11
9557,1053396,4,2003-12-29
9557,1311703,5,2004-01-23
9557,1569103,3,2003-10-03
9557,496005,5,2003-08-06
9557,2313166,1,2003-05-28
9557,1448620,2,2004-01-16
9557,2310138,3,2004-03-24
9557,17362,1,2004-10-27
9557,2143500,2,2004-12-29
9557,706836,2,2005-01-26
9557,239137,3,2005-05-16
9557,2489480,3,2005-06-28
9557,1380707,3,2001-10-18
9557,2294501,3,2002-03-23
9557,411053,3,2003-04-22
9557,2471411,1,2003-07-08
9557,408998,4,2004-03-23
9557,1709744,2,2005-08-02
9557,16313,4,2003-09-04
9557,394501,5,2003-03-19
9557,1167767,1,2005-01-08
9557,1117062,3,2004-01-29
9557,2298148,2,2004-06-23
9557,1879446,4,2005-03-13
9557,2198123,3,2005-06-13
9557,2088828,3,2005-07-06
9557,925404,2,2004-06-07
9557,1545694,3,2005-07-28
9557,2258387,5,2004-07-23
9557,1297529,4,2004-06-04
9557,158244,3,2004-01-15
9557,1289133,2,2004-01-29
9557,1761939,5,2004-07-14
9557,2001199,3,2004-03-02
9557,2250174,3,2004-01-22
9557,1002509,5,2004-02-08
9557,946909,5,2005-09-17
9557,591207,3,2005-10-25
9557,759204,4,2005-11-07
9557,2626335,4,2002-01-08
9557,219481,3,2004-03-25
9557,2195042,3,2003-07-05
9557,735776,1,2003-12-25
9557,1006655,3,2004-06-24
9557,2443863,2,2004-10-19
9557,821456,3,2005-10-05
9557,663118,1,2001-06-08
9557,2371631,1,2003-06-09
9557,4436,2,2004-04-02
9557,1084611,4,2005-07-28
9557,1849642,5,2004-09-09
9557,1348653,3,2003-07-20
9557,114853,1,2004-06-22
9557,2266038,3,2004-03-09
9557,59005,1,2004-08-23
9557,242681,4,2003-12-15
9557,2159834,1,2003-10-11
9557,2602521,3,2003-12-14
9557,2585070,3,2004-06-12
9557,2283211,1,2004-05-26
9557,2238060,2,2004-08-18
9557,1059961,4,2005-10-12
9557,654912,3,2003-03-19
9557,1769904,5,2002-02-05
9557,760996,4,2004-04-07
9557,2643382,2,2004-08-19
9557,879551,5,2003-07-04
9557,752795,1,2004-04-06
9557,1707198,3,2003-12-22
9557,830855,3,2004-02-07
9557,1852040,3,2004-01-12
9557,1888792,4,2004-03-31
9557,1790903,3,2004-03-04
9557,1092677,1,2004-02-26
9557,1176833,3,2004-11-02
9557,578632,2,2004-12-10
9557,1233312,1,2005-01-10
9557,846786,4,2005-03-14
9557,2474644,4,2005-10-09
9557,2011398,5,2005-10-19
9557,1275794,4,2003-03-21
9557,703724,4,2004-08-14
9557,1864358,5,2003-10-28
9557,2094599,3,2004-01-31
9557,1254683,2,2004-02-10
9557,2300465,3,2004-12-03
9557,709921,4,2005-01-26
9557,1340456,5,2005-05-24
9557,2485319,4,2002-11-20
9557,1132431,4,2004-03-15
9557,1782200,3,2003-10-14
9557,1401974,3,2003-05-30
9557,2607099,5,2003-10-13
9557,954111,2,2003-12-11
9557,515436,1,2004-04-05
9557,629389,2,2004-01-26
9557,1687815,3,2004-09-29
9557,767208,5,2005-03-25
9557,2441556,3,2005-04-08
9557,55448,4,2005-11-01
9557,953533,5,2005-11-19
9557,2320697,1,2001-12-02
9557,2252978,2,2003-12-19
9557,1274261,3,2002-12-23
9557,330800,2,2004-08-16
9557,1629801,5,2005-08-18
9557,553115,4,2003-09-05
9557,1045759,5,2004-02-25
9557,2077255,4,2004-05-03
9557,1654617,4,2004-08-04
9557,969495,5,2004-05-20
9557,2021494,2,2005-05-11
9557,859167,3,2005-11-29
9557,108689,5,2003-04-27
9557,376277,3,2004-01-04
9557,285174,4,2004-06-17
9557,2095411,5,2004-06-25
9557,334701,3,2004-12-09
9557,1311573,3,2004-12-30
9557,1737201,4,2005-02-08
9557,317335,2,2005-11-03
9557,1456579,3,2002-09-21
9557,237263,2,2005-01-06
9557,588133,4,2003-10-03
9557,1711710,1,2003-07-22
9557,1882668,2,2004-04-17
9557,416310,5,2003-04-24
9557,1076696,1,2003-11-01
9557,2365226,3,2003-11-10
9557,1201071,4,2004-01-02
9557,1988192,3,2003-11-06
9557,294040,2,2003-10-15
9557,44057,2,2003-12-10
9557,753596,2,2004-05-14
9557,393664,4,2004-12-31
9557,1910529,3,2005-04-18
9557,1608147,2,2005-05-26
9557,945401,4,2005-06-20
9557,272840,4,2004-03-13
9557,2511316,4,2004-02-23
9557,1861178,3,2002-10-05
9557,2306984,4,2004-03-07
9557,2367301,2,2004-08-03
9557,1712388,3,2005-01-11
9557,2090242,3,2005-01-30
9557,866984,3,2005-03-06
9557,1187959,4,2005-10-10
9557,2066845,4,2005-11-15
9557,504401,4,2003-06-09
9557,168337,3,2003-04-29
9557,1638588,3,2002-10-11
9557,759322,3,2003-12-17
9557,678157,2,2003-09-06
9557,71114,2,2004-03-30
9557,2331946,5,2004-09-07
9557,1324243,3,2004-10-17
9557,1313126,5,2005-02-28
9557,32369,3,2005-10-03
9557,268334,2,2002-02-01
9557,186604,2,2003-11-16
9557,1563698,3,2004-01-05
9557,1645377,4,2004-06-07
9557,426244,1,2004-03-16
9557,2554187,3,2005-02-22
9557,579476,3,2004-06-07
9557,2042206,2,2004-03-08
9557,707528,1,2001-10-28
9557,2047090,1,2004-01-12
9557,2482502,2,2004-03-01
9557,13017,3,2004-01-05
9557,1960504,2,2003-06-09
9557,1112879,1,2004-01-15
9557,822391,3,2004-10-23
9557,2341389,2,2004-03-06
9557,646009,4,2004-01-11
9557,171096,3,2002-03-30
9557,1006707,2,2004-01-27
9557,2087152,2,2004-07-16
9557,901548,3,2003-11-18
9557,1297899,5,2003-07-27
9557,1854731,3,2004-02-02
9557,1511871,4,2003-09-12
9557,1434507,5,2003-10-13
9557,2537998,3,2004-02-18
9557,2180273,1,2004-08-30
9557,1406495,3,2004-11-24
9557,2221648,4,2005-10-09
