9047,846887,4,2005-07-24
9047,1850680,1,2005-09-17
9047,1146559,1,2005-10-01
9047,210972,4,2005-08-17
9047,658894,5,2005-06-09
9047,359752,5,2005-11-07
9047,615557,4,2005-09-02
9047,1248029,3,2005-04-02
9047,301920,5,2005-06-28
9047,984874,3,2005-10-13
9047,2403601,3,2005-08-11
9047,2026560,5,2004-12-29
9047,1424281,3,2005-02-11
9047,1815614,1,2005-11-09
9047,269853,5,2005-07-22
9047,1393726,4,2005-08-01
9047,698624,4,2005-08-02
9047,2036662,4,2004-11-10
9047,155899,2,2005-05-29
9047,2174660,4,2005-06-08
9047,1669707,1,2005-10-17
9047,794275,3,2005-10-23
9047,2408402,4,2005-11-28
9047,313646,4,2005-04-05
9047,533598,4,2005-04-13
9047,1705243,5,2005-09-12
9047,1718242,5,2005-07-29
9047,1183357,4,2005-08-02
9047,2267005,2,2005-08-19
9047,633606,5,2005-10-04
9047,1761255,4,2005-10-18
9047,2397231,4,2005-02-02
9047,2180588,3,2004-11-28
9047,2145146,5,2005-03-03
9047,1890622,4,2005-05-20
9047,1360551,4,2005-06-06
9047,824262,5,2005-06-16
9047,45861,4,2005-12-17
9047,2387904,2,2005-07-28
9047,2597499,4,2005-08-03
9047,168933,4,2005-08-23
9047,601955,3,2004-11-08
9047,1594839,5,2005-05-22
9047,641016,3,2005-09-28
9047,98100,2,2005-10-03
9047,1015980,4,2005-10-28
9047,2509588,3,2005-10-31
9047,108019,4,2005-12-01
9047,1314890,5,2005-08-21
9047,1277457,3,2004-12-18
9047,1456096,4,2005-12-03
9047,1594764,4,2005-12-06
9047,786312,3,2004-11-18
9047,746153,5,2004-12-13
9047,2040491,3,2005-05-25
9047,1669884,5,2005-10-04
9047,917286,3,2005-10-28
9047,3803,5,2005-12-17
9047,917679,3,2005-12-21
9047,587812,4,2004-10-24
9047,2590361,5,2005-05-23
9047,2596173,5,2005-11-06
9047,1015684,3,2005-11-07
9047,1822703,4,2005-07-07
9047,974268,4,2005-04-09
9047,2502917,4,2005-07-08
9047,1732859,5,2004-11-30
9047,232955,3,2005-02-21
9047,71134,5,2005-06-26
9047,1647640,3,2005-09-17
9047,991702,3,2005-10-13
9047,1727433,5,2005-11-28
9047,2153800,4,2005-01-21
9047,2490359,5,2005-02-24
9047,1564651,3,2005-05-31
9047,1749238,4,2005-07-16
9047,1970420,2,2005-07-18
9047,1463976,4,2005-02-27
9047,1630452,5,2005-03-14
9047,803426,5,2005-05-05
9047,2246845,4,2005-07-19
9047,30978,4,2005-01-07
9047,748184,5,2005-05-12
9047,502410,4,2005-12-15
9047,1001129,2,2004-10-29
9047,380354,5,2005-06-26
9047,1810074,2,2005-11-18
9047,868313,5,2005-02-24
9047,1862450,5,2005-03-23
9047,1927580,4,2004-12-08
9047,1842668,5,2005-05-02
9047,46519,5,2005-09-28
9047,641729,4,2004-12-29
9047,2201323,3,2005-05-27
9047,2345046,5,2005-06-24
9047,1651253,3,2005-09-13
9047,1718511,5,2005-04-24
9047,269554,4,2005-12-05
9047,1771826,4,2005-05-22
9047,1433690,3,2005-06-16
9047,441737,4,2005-09-27
9047,1209770,5,2005-12-15
9047,1709921,3,2005-01-28
9047,2294328,4,2005-02-28
9047,952260,3,2005-09-11
9047,1850088,4,2005-12-05
9047,2170525,4,2004-11-11
9047,1002524,5,2005-02-01
9047,1056195,3,2005-03-21
9047,1426710,5,2005-07-12
9047,199257,5,2005-07-25
9047,1965106,4,2005-08-29
9047,830370,4,2004-10-28
9047,831248,4,2004-11-17
9047,1750544,2,2005-02-02
9047,797976,5,2005-03-12
9047,246987,4,2005-05-09
9047,2192251,4,2005-09-18
9047,2046377,4,2005-11-07
9047,54166,5,2005-09-06
9047,389966,4,2005-07-23
9047,1314869,2,2004-10-23
9047,1792741,3,2004-11-22
9047,625300,4,2005-03-05
9047,1219818,5,2005-06-26
9047,1679745,4,2005-09-04
9047,78294,4,2005-11-25
9047,729846,4,2005-08-20
9047,2220239,5,2005-09-01
9047,1878803,5,2005-06-16
9047,428365,5,2005-06-24
9047,636262,1,2005-08-23
9047,2368112,4,2005-03-26
9047,1201058,4,2005-05-09
9047,1469427,5,2005-05-17
9047,755774,2,2005-07-31
9047,621831,5,2004-12-31
9047,516343,5,2005-01-20
9047,975759,5,2005-10-26
9047,1812930,5,2005-03-04
9047,187322,4,2005-02-20
9047,1819462,1,2005-03-23
9047,1653468,4,2005-10-20
9047,2439493,1,2004-11-18
9047,2306266,5,2004-11-02
9047,165374,4,2005-10-19
9047,1736931,5,2005-10-25
9047,1253520,3,2005-03-24
9047,2151793,4,2005-01-31
9047,1090771,4,2005-03-03
9047,207583,5,2005-03-09
9047,1147370,4,2005-05-16
9047,623083,5,2005-05-28
9047,2415395,3,2005-10-26
9047,781743,4,2005-01-11
9047,2513158,5,2005-02-24
9047,2396772,4,2005-03-13
9047,865477,5,2004-10-28
9047,2285240,4,2005-01-23
9047,361375,3,2005-04-07
9047,1792877,2,2005-04-19
9047,1732467,3,2005-06-03
9047,1371981,5,2005-06-30
9047,1563935,1,2005-07-28
9047,1489412,2,2005-08-02
9047,2122056,5,2005-01-19
9047,561007,3,2005-03-09
9047,922459,5,2005-05-29
9047,381901,5,2005-12-16
9047,2286536,4,2005-08-13
9047,2625242,5,2005-04-20
9047,369262,5,2005-06-29
9047,1978930,5,2005-10-07
9047,1974859,4,2005-01-19
9047,1551233,5,2005-03-29
9047,42128,5,2005-05-02
9047,1048708,4,2005-05-15
9047,1026169,1,2005-09-04
9047,1219057,4,2005-09-05
9047,141122,5,2005-08-12
9047,597654,5,2005-08-23
9047,2260739,5,2004-10-25
9047,831869,3,2004-12-23
9047,622760,3,2005-01-09
9047,983611,5,2005-07-03
9047,684876,5,2005-11-01
9047,211166,4,2005-12-12
9047,1082737,5,2005-07-21
9047,993395,4,2004-11-19
9047,2417066,2,2005-06-05
9047,246911,4,2005-06-20
9047,2040859,1,2004-11-23
9047,884354,5,2005-01-24
9047,676660,3,2005-02-13
9047,1175090,5,2005-06-21
9047,476557,4,2005-10-05
9047,1725736,4,2005-12-05
9047,2647078,4,2005-07-16
9047,1225150,4,2005-11-08
9047,13266,5,2005-05-30
9047,359110,4,2005-06-17
9047,250643,3,2005-07-03
9047,2063256,4,2005-07-21
9047,1637718,3,2005-08-09
9047,1500388,5,2004-12-01
9047,777849,3,2004-12-19
9047,1788733,4,2005-01-02
9047,781610,4,2005-04-20
9047,2314419,5,2005-05-30
9047,2397189,3,2005-10-13
9047,962019,1,2005-08-22
9047,952156,3,2004-10-31
9047,1558352,3,2005-03-17
9047,2465337,4,2005-03-26
9047,993667,5,2005-12-01
9047,2266403,5,2005-08-18
9047,1392489,4,2004-12-21
9047,1522471,5,2005-10-16
9047,755040,3,2005-10-21
9047,1411878,4,2005-11-16
9047,617878,4,2005-03-16
9047,2000429,5,2005-03-22
9047,793098,5,2005-03-26
9047,1851011,5,2005-06-01
9047,2026775,4,2005-09-22
9047,183817,5,2005-10-04
9047,2138221,3,2005-10-22
9047,769702,4,2005-02-26
9047,1619854,4,2005-04-02
9047,1150995,4,2005-06-01
9047,2321701,3,2005-08-30
9047,1841907,4,2004-10-24
9047,503441,3,2005-02-09
9047,2611526,3,2005-03-03
9047,2594081,3,2005-03-25
9047,2452525,4,2005-04-25
9047,1585083,5,2005-09-17
9047,2001363,4,2005-12-14
9047,2457095,2,2004-12-27
9047,388737,4,2005-03-06
9047,705665,3,2005-06-17
9047,1113230,5,2004-11-23
9047,1757328,2,2005-10-24
9047,526466,5,2005-01-31
9047,1828966,1,2005-06-01
9047,373299,5,2005-06-13
9047,1862311,4,2005-09-12
9047,1326995,4,2005-09-12
9047,300777,5,2005-07-05
9047,2568908,4,2005-07-07
9047,2018081,4,2005-01-19
9047,1385788,1,2005-01-31
9047,355095,4,2005-03-25
9047,1868998,5,2005-05-16
9047,1961753,3,2005-07-02
9047,2537558,5,2005-11-05
9047,902293,5,2005-11-14
9047,2531844,4,2004-12-09
9047,2550506,3,2004-12-13
9047,811943,4,2005-02-03
9047,211910,5,2005-02-27
9047,1583937,5,2005-03-04
9047,227829,3,2005-03-08
9047,943811,4,2005-09-24
9047,1006843,5,2005-11-18
9047,681587,5,2005-08-17
9047,181592,4,2005-01-22
9047,1700871,3,2005-03-07
9047,297255,4,2005-04-24
9047,2006269,5,2005-09-19
9047,238693,5,2005-01-25
9047,1482775,5,2005-03-06
9047,2496708,4,2005-10-04
9047,1879929,4,2005-08-16
9047,805516,4,2004-12-20
9047,746869,4,2005-10-03
9047,1267521,2,2005-12-30
9047,2423018,5,2005-09-07
9047,203542,5,2005-09-08
9047,1168789,5,2005-09-09
9047,1115502,5,2005-09-21
9047,222172,5,2005-02-17
9047,2197243,5,2005-04-01
9047,957143,4,2005-05-16
9047,1276060,4,2005-09-19
9047,1625348,3,2005-09-13
9047,595870,2,2004-12-25
9047,2525632,3,2005-04-15
9047,2307091,5,2005-12-15
9047,2359204,3,2005-07-17
9047,1274406,5,2005-01-03
9047,2513559,4,2005-07-06
9047,1591987,4,2005-11-08
9047,1714672,5,2004-10-26
9047,2552319,3,2005-04-03
9047,1553720,4,2005-10-30
9047,2193861,4,2005-11-14
9047,16540,4,2005-07-20
9047,2371183,4,2005-05-31
9047,2086604,4,2005-10-17
9047,2095338,4,2005-07-09
9047,507206,5,2005-08-07
9047,1538160,4,2004-11-08
9047,1918127,3,2004-11-27
9047,2588486,3,2005-05-12
9047,208187,5,2005-07-02
9047,2640264,5,2005-08-13
9047,2309509,4,2005-04-26
9047,76780,4,2005-10-03
9047,823838,4,2005-08-03
9047,2316195,5,2005-08-08
9047,9557,5,2004-11-24
9047,1132764,5,2005-01-06
9047,2300499,4,2005-02-21
9047,2633543,5,2005-03-09
9047,381806,3,2005-06-11
9047,253932,5,2005-09-12
9047,2286785,4,2005-10-25
9047,1003949,4,2005-08-01
9047,2125222,5,2005-02-18
9047,1677216,2,2004-12-13
9047,1706440,5,2005-02-25
9047,1664010,5,2005-10-15
9047,939198,5,2004-10-28
9047,959999,4,2005-04-18
9047,1835063,5,2005-04-27
9047,363123,3,2005-07-16
9047,347178,3,2005-08-19
9047,818604,4,2005-03-19
9047,1809614,5,2005-07-27
9047,183678,5,2005-08-15
9047,465905,4,2004-11-23
9047,745146,5,2005-03-29
9047,2174801,5,2005-04-25
9047,2391342,4,2005-09-20
9047,2219920,4,2005-07-21
9047,1753923,4,2004-11-12
9047,2244575,5,2005-05-14
9047,1778555,5,2005-07-21
9047,1688667,5,2005-08-15
9047,1282734,2,2004-11-29
9047,2290290,4,2005-03-05
9047,919028,4,2005-05-03
9047,843268,3,2005-10-28
9047,2432645,5,2005-11-20
9047,1296679,2,2005-08-18
9047,1943917,4,2005-09-05
9047,1894,4,2005-01-04
9047,627429,5,2005-02-20
9047,2018908,4,2005-02-28
9047,1294282,4,2005-12-01
9047,2297136,1,2005-12-09
9047,2403533,4,2005-08-02
9047,1693814,4,2005-04-14
9047,265904,5,2005-05-05
9047,606286,3,2005-06-28
9047,1232740,4,2005-07-19
9047,1052942,5,2005-08-22
9047,1223184,5,2005-01-10
9047,184514,3,2005-05-03
9047,2283856,4,2005-10-16
9047,2311304,4,2005-07-24
9047,1540044,3,2005-05-22
9047,2321008,3,2005-05-24
9047,779811,5,2005-06-18
9047,2246248,4,2005-07-10
9047,430471,5,2005-08-25
9047,2199353,5,2004-11-24
9047,1893976,5,2005-01-03
9047,621092,5,2005-03-18
9047,2141435,4,2005-03-22
9047,896169,5,2005-10-12
9047,2331127,4,2005-07-14
9047,695093,2,2005-08-11
9047,1049142,2,2005-03-07
9047,1094767,4,2005-06-21
9047,370735,4,2005-09-14
9047,2027196,4,2005-10-18
9047,590270,3,2005-11-21
9047,79967,5,2005-02-17
9047,1949871,3,2005-03-21
9047,2572055,4,2005-05-02
9047,1682087,5,2005-06-16
9047,2120522,5,2005-10-07
9047,1316555,4,2005-06-20
9047,998032,1,2005-08-03
9047,1625176,5,2005-08-22
9047,2418445,2,2004-11-29
9047,2515580,4,2004-12-07
9047,1326808,4,2005-06-15
9047,1806731,3,2005-11-13
9047,601892,4,2005-11-20
9047,500440,5,2004-12-10
9047,2194719,5,2005-02-01
9047,936644,5,2005-03-07
9047,2564543,2,2005-09-20
9047,205076,2,2005-10-28
9047,103095,5,2004-11-19
9047,1434643,4,2005-04-24
9047,177104,4,2005-10-07
9047,2620317,3,2005-12-16
9047,807045,4,2005-05-22
9047,242425,1,2005-06-11
9047,1630361,4,2005-06-23
9047,1274640,4,2005-11-15
9047,2205636,4,2005-08-05
9047,1478384,5,2005-08-14
9047,2278789,2,2005-06-12
9047,874176,5,2004-11-18
9047,1684613,4,2005-03-21
9047,2506110,4,2005-05-08
9047,2202863,4,2005-06-30
9047,3321,1,2005-09-27
9047,383944,5,2005-04-06
9047,1459270,4,2005-06-21
9047,857665,4,2005-06-23
9047,1580014,5,2005-10-21
9047,1929633,4,2005-12-14
9047,2518289,5,2005-07-26
9047,707563,5,2004-11-18
9047,1298006,5,2005-01-19
9047,330179,3,2005-03-19
9047,552563,3,2005-06-02
9047,1594245,5,2005-09-16
9047,1156852,4,2005-09-29
9047,382846,4,2005-11-05
9047,188942,4,2005-12-16
9047,2187467,5,2005-12-19
9047,321195,5,2005-09-29
9047,1090155,5,2005-10-03
9047,2036973,3,2005-12-03
9047,647599,4,2005-08-15
9047,1259106,2,2005-01-28
9047,2072811,4,2005-08-26
9047,1416785,1,2004-12-26
9047,1845557,5,2005-01-05
9047,654316,5,2005-04-15
9047,1048579,5,2005-04-16
9047,1243335,3,2005-05-27
9047,1439981,4,2005-09-14
9047,44694,5,2005-08-31
9047,616154,5,2004-11-26
9047,986364,4,2005-05-16
9047,15867,3,2005-01-19
9047,167586,4,2005-03-01
9047,2102830,5,2005-04-25
9047,1461619,4,2005-05-17
9047,575972,5,2005-07-15
9047,1851346,4,2004-10-29
9047,1821847,5,2004-12-17
9047,2299661,3,2005-06-21
9047,1504498,4,2005-10-08
9047,1221266,5,2005-11-11
9047,423969,4,2005-12-19
9047,1146000,1,2004-12-04
9047,68156,5,2005-02-08
9047,156430,4,2005-04-02
9047,2075747,5,2005-06-24
9047,2359735,3,2004-11-19
9047,446517,5,2005-11-16
9047,759737,1,2005-08-07
9047,1234403,4,2005-05-17
9047,1701957,2,2005-04-30
9047,456386,4,2005-08-06
9047,1471267,5,2005-01-06
9047,635100,4,2005-01-28
9047,592932,5,2005-02-18
9047,60542,4,2005-06-15
9047,682963,3,2005-06-20
9047,504620,1,2005-08-17
9047,1157185,4,2005-02-05
9047,1645449,3,2005-03-21
9047,1188229,4,2005-08-02
9047,916421,4,2004-12-06
9047,1536490,4,2005-05-02
9047,1599850,5,2005-05-31
9047,110260,3,2005-06-28
9047,2421912,3,2005-09-05
9047,1560425,4,2005-05-17
9047,833951,4,2005-12-28
9047,1451014,5,2005-07-13
9047,98762,5,2005-07-26
9047,1075528,4,2005-09-13
9047,894339,4,2005-04-14
9047,596,4,2005-04-27
9047,2275398,5,2005-07-14
9047,2379129,5,2005-09-03
9047,2255431,4,2004-12-15
9047,538247,4,2005-05-05
9047,196195,5,2005-09-15
9047,1897157,4,2005-10-27
9047,2381703,4,2005-08-08
9047,1105663,4,2005-01-10
9047,1205993,5,2005-02-07
9047,1548321,5,2005-03-29
9047,1639793,4,2005-05-06
9047,1398925,4,2005-05-26
9047,1862720,5,2005-12-09
9047,2277485,3,2005-07-19
9047,844922,3,2005-07-27
9047,2462252,3,2005-08-28
9047,1841679,4,2005-05-17
9047,953778,4,2005-06-01
9047,314057,4,2005-08-03
9047,305344,1,2004-10-27
9047,611813,4,2004-12-29
9047,1779014,4,2005-10-24
9047,1293108,4,2005-05-22
9047,2596389,4,2005-07-11
9047,1016150,4,2005-07-26
9047,1032807,4,2005-02-19
9047,2258139,4,2005-01-08
9047,1250200,5,2005-12-08
9047,2412265,4,2005-03-10
9047,1183823,4,2005-05-18
9047,1251112,4,2005-09-13
9047,931288,2,2005-11-25
9047,1288391,5,2005-09-06
9047,16688,5,2005-03-09
9047,1523710,4,2005-06-03
9047,2328825,3,2005-06-25
9047,79170,5,2005-06-27
9047,1215460,3,2005-10-18
9047,1851609,4,2005-11-04
9047,2190324,5,2005-07-12
9047,849682,3,2004-11-12
9047,2018044,4,2005-01-10
9047,83391,4,2005-01-30
9047,150730,4,2005-03-06
9047,2147527,1,2005-11-18
9047,1576726,4,2005-11-16
9047,2597802,4,2005-03-09
9047,651230,1,2005-05-26
9047,2267735,3,2005-12-01
9047,2504803,3,2004-11-06
9047,1322420,4,2005-09-19
9047,1769515,4,2005-01-20
9047,952388,5,2005-03-08
9047,779616,5,2005-04-11
9047,2188684,3,2005-05-16
9047,1400154,4,2005-06-05
9047,2191674,2,2005-07-08
9047,2150746,5,2005-07-12
9047,2542664,3,2005-03-24
9047,875556,5,2005-06-18
9047,2085685,4,2005-07-05
9047,59783,4,2005-01-13
9047,2611167,4,2005-08-13
9047,2060998,4,2005-01-19
9047,1287756,3,2005-02-03
9047,758122,4,2005-05-16
9047,1375445,5,2005-05-30
9047,2315012,1,2005-07-14
9047,543895,4,2005-08-06
9047,811765,5,2005-08-22
9047,2319365,3,2004-12-06
9047,1420308,2,2005-07-24
9047,2223526,3,2005-06-09
9047,1562707,4,2005-06-16
9047,104182,3,2005-10-29
9047,2398969,3,2005-12-28
9047,1641754,4,2005-07-26
9047,2637566,4,2005-08-04
9047,667227,5,2005-08-12
9047,1571424,5,2004-12-06
9047,121639,5,2005-05-18
9047,2467794,4,2005-12-14
9047,1946638,3,2005-08-24
9047,1601486,5,2004-09-09
9047,1726240,5,2004-12-16
9047,2085262,4,2005-06-15
9047,2405523,3,2005-09-27
9047,2630797,1,2005-11-12
9047,689309,4,2005-01-07
9047,2299868,3,2005-01-29
9047,1585125,3,2005-03-20
9047,2017088,3,2005-09-21
9047,1776150,4,2005-08-22
9047,1947147,3,2005-03-22
9047,974880,4,2005-05-09
9047,2099089,4,2005-05-25
9047,1604779,5,2005-07-02
9047,2636430,3,2005-09-17
9047,1879475,4,2005-11-07
9047,2257689,3,2005-08-17
9047,370080,5,2004-11-11
9047,1690559,4,2005-01-11
9047,2287896,4,2005-07-04
9047,2569159,4,2005-09-06
9047,1204867,3,2005-01-24
9047,646984,3,2005-06-24
9047,1274966,5,2005-12-16
9047,854227,5,2004-10-04
9047,559470,4,2004-11-09
9047,1615039,5,2004-12-30
9047,1463040,5,2005-05-20
9047,1640326,5,2005-10-31
9047,1792123,5,2005-02-02
9047,433173,3,2005-02-05
9047,1374350,4,2005-10-05
9047,550128,5,2005-11-03
9047,1070056,4,2005-11-28
9047,2337681,5,2005-07-27
9047,1087374,4,2004-12-20
9047,1799762,5,2005-03-07
9047,2056022,2,2005-04-28
9047,1480291,3,2005-06-05
9047,816435,5,2005-06-22
9047,1910620,5,2005-10-29
9047,867967,4,2005-07-13
9047,547790,4,2005-07-22
9047,1802098,4,2005-01-10
9047,2499884,1,2005-09-22
9047,2277101,4,2005-08-27
9047,829035,4,2004-12-28
9047,1416948,4,2005-01-27
9047,1606219,5,2005-03-20
9047,938655,5,2005-07-22
9047,1784946,5,2005-07-24
9047,2433729,4,2005-03-05
9047,2562322,4,2005-04-09
9047,929188,3,2005-09-17
9047,791692,3,2005-10-27
9047,2491874,4,2005-07-25
9047,380236,3,2005-02-02
9047,2126849,4,2005-12-04
9047,158676,5,2005-12-27
9047,538005,5,2005-08-24
9047,364064,3,2004-11-06
9047,1846614,5,2005-03-31
9047,2186684,5,2005-08-19
9047,1275809,5,2004-11-03
9047,834679,1,2004-12-21
9047,230265,3,2005-02-23
9047,1052771,4,2005-06-28
9047,297262,5,2005-09-13
9047,2276659,3,2005-10-15
9047,942100,1,2005-12-21
9047,1516350,3,2005-08-08
9047,1483588,4,2005-08-14
9047,905334,4,2004-12-11
9047,1728944,3,2005-03-28
9047,322064,5,2005-11-01
9047,1905715,1,2005-12-01
9047,901500,5,2004-12-26
9047,1279924,4,2005-10-16
9047,1142675,4,2005-10-17
9047,2398373,4,2004-11-01
9047,1837063,4,2005-07-02
9047,409516,4,2005-10-15
9047,2118461,5,2005-10-24
9047,1643817,5,2005-01-05
9047,2045041,5,2005-01-19
9047,734662,1,2005-06-28
9047,685572,5,2005-08-19
9047,2351402,4,2004-10-29
9047,2049139,4,2005-06-19
9047,2208407,3,2005-09-21
9047,1917947,3,2005-07-22
9047,721443,4,2004-11-01
9047,387418,1,2004-11-19
9047,1912856,5,2005-03-21
9047,326993,3,2005-05-23
9047,1976050,5,2005-09-09
9047,2056942,3,2005-01-06
9047,154698,4,2005-01-25
9047,1495470,4,2005-02-08
9047,2303160,5,2005-05-31
9047,2646769,4,2005-10-18
9047,1248283,5,2005-01-19
9047,397212,1,2005-02-10
9047,2359302,3,2005-12-19
9047,2564065,4,2005-08-26
9047,619054,3,2004-12-07
9047,1306863,4,2005-01-10
9047,615442,3,2005-05-31
9047,1541864,4,2005-06-16
9047,220754,5,2005-10-20
9047,755300,5,2005-08-15
9047,340479,1,2004-11-10
9047,873478,4,2005-04-20
9047,2025028,4,2005-09-26
9047,167848,4,2005-10-29
9047,1735398,5,2005-11-27
9047,156303,4,2005-08-09
9047,1314054,3,2005-08-17
9047,1949646,4,2005-09-06
9047,1718096,4,2005-01-01
9047,1932594,2,2005-01-22
9047,2603524,5,2005-01-24
9047,2432992,4,2005-02-16
9047,1172294,3,2005-10-30
9047,1288371,4,2005-07-12
9047,2526291,5,2004-11-02
9047,2634510,4,2005-01-19
9047,1116065,1,2005-05-03
9047,2585952,5,2005-02-23
9047,1060658,3,2005-05-05
9047,235077,1,2005-06-21
9047,2103116,5,2004-12-04
9047,1436116,5,2005-03-11
9047,996719,3,2005-09-06
9047,620714,5,2005-09-08
9047,404751,4,2005-10-11
9047,1461435,1,2005-08-10
9047,1001928,5,2005-04-11
9047,2101881,4,2005-04-26
9047,2505825,4,2005-06-02
9047,2198129,3,2005-09-18
9047,1508438,4,2005-01-10
9047,457697,2,2004-12-16
9047,277541,4,2004-12-29
9047,1455281,5,2005-11-09
9047,1250218,5,2004-12-15
9047,921684,4,2005-01-08
9047,185816,3,2005-07-28
9047,1928692,4,2005-08-08
9047,1935323,5,2004-12-03
9047,1396724,5,2005-04-26
9047,2281446,4,2005-06-23
9047,1209897,5,2005-02-06
9047,1329576,5,2005-03-01
9047,189443,4,2005-05-11
9047,1372330,5,2005-06-06
9047,288127,4,2005-11-06
9047,60582,5,2005-12-22
9047,846729,3,2005-07-14
9047,1780540,2,2005-01-11
9047,2367065,5,2005-01-24
9047,804142,4,2005-10-19
9047,275218,5,2005-11-13
9047,2415989,5,2005-01-01
9047,781021,4,2005-01-20
9047,600137,3,2005-09-14
9047,1054462,5,2004-11-14
9047,1930717,3,2005-03-09
9047,518137,1,2005-09-19
9047,2436452,2,2005-11-02
9047,408998,5,2005-11-10
9047,2460347,1,2005-12-19
9047,751717,5,2004-12-11
9047,201780,5,2005-02-21
9047,2324212,5,2005-04-12
9047,275509,5,2005-07-21
9047,1597198,3,2005-07-26
9047,1821068,5,2004-10-29
9047,1743495,3,2005-01-04
9047,1996310,4,2005-02-08
9047,1574365,4,2005-06-07
9047,908250,3,2005-09-12
9047,1358543,5,2005-03-07
9047,2232563,4,2004-11-21
9047,1235190,4,2004-11-29
9047,1769993,2,2005-06-24
9047,1942681,4,2005-09-23
9047,1838648,4,2005-11-15
9047,1491101,5,2005-01-03
9047,101053,3,2005-03-17
9047,1168921,5,2005-04-04
9047,1740884,5,2005-05-29
9047,1326195,1,2005-12-22
9047,437568,5,2005-01-20
9047,2516156,5,2005-02-11
9047,32754,4,2005-03-26
9047,181451,5,2005-04-01
9047,1171523,5,2005-04-19
9047,1450747,3,2005-11-01
9047,391521,3,2005-12-14
9047,2273211,5,2005-07-29
9047,483323,5,2005-08-19
9047,2574677,5,2004-11-19
9047,825554,5,2005-01-24
9047,1344413,5,2005-04-23
9047,9377,5,2005-09-16
9047,1666057,5,2005-10-30
9047,344966,3,2005-11-02
9047,2151490,3,2005-11-02
9047,2557269,4,2005-07-05
9047,1354649,4,2004-11-22
9047,2561246,5,2005-01-08
9047,2169015,2,2005-03-16
9047,2306984,5,2005-04-03
9047,1550216,5,2005-09-20
9047,373690,5,2005-12-02
9047,1862211,5,2004-12-15
9047,2442256,4,2005-05-20
9047,2405673,4,2005-05-25
9047,402825,5,2005-06-03
9047,2552812,3,2005-06-12
9047,1247501,4,2005-02-15
9047,2374451,3,2005-05-20
9047,264832,5,2005-11-14
9047,2436008,4,2005-12-28
9047,1376659,4,2005-03-18
9047,292741,3,2005-05-23
9047,2595678,1,2005-06-28
9047,784112,4,2005-07-19
9047,1334508,3,2005-01-26
9047,1073786,5,2005-07-04
9047,1661009,4,2005-09-07
9047,1688640,5,2005-09-15
9047,438836,5,2005-11-07
9047,2402955,4,2005-12-02
