14442,2625420,2,2004-10-19
14442,1650301,2,2005-06-03
14442,1495348,4,2005-01-20
14442,1892531,5,2005-12-29
14442,466322,1,2005-05-23
14442,693440,5,2004-11-15
14442,525356,3,2005-01-07
14442,1520166,1,2004-11-29
14442,1018474,3,2005-04-18
14442,1784150,3,2005-01-07
14442,1857997,4,2004-10-21
14442,1294855,4,2004-11-18
14442,2533024,3,2005-07-28
14442,469021,3,2004-10-21
14442,1045528,4,2004-12-24
14442,1330878,3,2005-05-15
14442,727242,1,2005-12-22
14442,1768970,2,2005-10-03
14442,2414559,5,2005-01-12
14442,1425332,4,2004-11-23
14442,1314869,4,2004-12-28
14442,928664,4,2005-03-01
14442,929476,5,2004-11-24
14442,2439493,1,2004-12-08
14442,630637,2,2005-05-30
14442,1159747,3,2005-03-01
14442,1563935,1,2005-08-15
14442,2162676,1,2005-09-23
14442,1340936,5,2005-10-04
14442,1679094,4,2005-12-16
14442,698909,4,2004-11-18
14442,1634433,4,2005-06-22
14442,2367740,4,2005-02-13
14442,642882,4,2005-01-20
14442,1914024,5,2005-10-23
14442,769702,3,2005-02-26
14442,1806602,3,2005-01-19
14442,1048062,4,2005-09-18
14442,2622098,2,2005-11-02
14442,1905560,4,2005-02-23
14442,1329746,5,2004-10-27
14442,236160,2,2005-01-05
14442,254787,1,2005-10-23
14442,507603,1,2005-08-01
14442,2552319,1,2005-04-03
14442,2580679,4,2004-12-09
14442,1680854,4,2004-11-22
14442,174972,4,2005-02-17
14442,1664010,4,2005-10-12
14442,842157,5,2005-05-28
14442,639235,4,2004-11-07
14442,462171,3,2005-06-30
14442,754343,4,2004-12-02
14442,1474258,3,2005-04-27
14442,122197,1,2005-03-09
14442,533713,2,2004-11-07
14442,1312448,2,2005-03-20
14442,1629440,3,2005-12-11
14442,197101,3,2004-12-27
14442,1935793,1,2005-04-11
14442,262681,1,2005-12-08
14442,1711426,3,2005-02-18
14442,507498,3,2005-07-29
14442,1743381,5,2005-01-07
14442,1061050,4,2005-05-03
14442,1857889,2,2005-10-25
14442,1557557,3,2005-08-09
14442,1171694,4,2004-12-01
14442,2606799,2,2005-01-31
14442,749593,5,2004-11-15
14442,521341,5,2005-03-01
14442,459838,4,2005-02-07
14442,1619179,3,2004-11-16
14442,738967,4,2005-02-15
14442,226048,4,2005-05-21
14442,1298475,3,2004-11-28
14442,1658658,4,2005-05-02
14442,305344,1,2004-10-09
14442,651524,5,2005-02-08
14442,2188478,3,2005-02-09
14442,556136,3,2004-12-03
14442,2147527,2,2005-11-16
14442,325996,4,2005-01-04
14442,1494268,3,2005-09-03
14442,267818,4,2005-11-15
14442,1642259,4,2005-08-31
14442,789915,5,2005-08-17
14442,2084207,3,2005-04-11
14442,1708366,5,2005-09-24
14442,427186,3,2005-09-25
14442,2504134,4,2004-11-17
14442,1496309,3,2005-04-03
14442,1668365,5,2005-05-07
14442,1315540,2,2005-11-11
14442,1214543,3,2005-08-06
14442,1366702,4,2004-10-26
14442,1855452,3,2005-06-14
14442,766670,1,2005-07-05
14442,1299355,1,2005-05-25
14442,276544,1,2005-08-19
14442,2176465,1,2005-02-26
14442,1169093,1,2005-03-24
14442,55363,4,2004-10-28
14442,386915,3,2005-01-28
14442,2118461,4,2005-12-20
14442,387418,1,2004-11-13
14442,1567045,4,2004-12-17
14442,1160597,4,2004-11-15
14442,1961167,3,2004-12-10
14442,1528081,5,2005-03-29
14442,868424,5,2004-12-13
14442,466669,5,2005-02-25
14442,518137,3,2004-10-21
14442,551584,3,2005-03-12
14442,191247,5,2004-11-04
14442,1086900,3,2004-12-08
14442,515436,1,2005-02-13
14442,1754164,4,2004-11-05
14442,109516,5,2005-04-13
14442,2615017,3,2005-07-25
14442,2634967,1,2005-01-10
14442,2182761,3,2004-11-08
14442,1203467,1,2004-12-06
14442,2157768,5,2004-12-17
