12790,1278813,3,2000-02-25
12790,132633,4,2004-02-18
12790,824097,1,2005-03-21
12790,1912665,3,2005-04-17
12790,583473,1,2003-12-08
12790,1602873,2,2004-10-15
12790,76196,3,2002-01-29
12790,2545072,3,2003-09-05
12790,643182,3,2004-12-14
12790,2114550,1,2005-02-25
12790,1141160,2,2004-04-07
12790,1981733,2,2004-06-01
12790,403531,3,2003-11-16
12790,71148,2,2005-03-17
12790,157521,5,2005-04-08
12790,1830660,3,2005-11-18
12790,2012897,5,2000-08-12
12790,794275,2,2004-11-22
12790,1102193,2,2005-03-28
12790,319119,1,2003-09-27
12790,2537041,2,2003-09-05
12790,922922,4,2003-08-27
12790,108983,1,2005-01-25
12790,1852551,3,2005-01-31
12790,955178,1,2005-11-20
12790,1517471,3,2003-12-24
12790,1906255,2,2004-11-02
12790,2646714,1,2005-06-01
12790,1241896,4,2002-01-15
12790,262411,3,2003-10-28
12790,1063838,1,2005-05-05
12790,599628,2,2000-01-10
12790,2593317,2,2002-06-05
12790,1570382,3,2004-05-19
12790,1808930,1,2005-08-08
12790,2632227,1,2004-10-26
12790,809943,4,2005-06-21
12790,125296,2,2005-11-12
12790,1181550,3,2003-09-19
12790,2502315,1,2005-09-06
12790,1206353,3,2005-05-17
12790,1546834,2,2004-03-03
12790,2158080,5,2005-01-10
12790,2493903,2,2003-12-15
12790,85550,2,2005-01-25
12790,1239815,3,2003-11-24
12790,1002367,3,2004-10-31
12790,380192,2,2004-08-16
12790,532077,1,2003-06-06
12790,437505,2,2004-12-06
12790,273945,1,2004-07-25
12790,732237,2,2005-03-24
12790,2387403,3,2005-10-19
12790,2025577,3,2002-09-11
12790,294908,3,2005-10-02
12790,1044564,2,2005-10-20
12790,2090902,2,2002-04-11
12790,918021,2,2005-01-01
12790,2073012,1,2005-03-24
12790,1259902,3,2005-06-10
12790,1778714,2,2005-09-27
12790,147653,4,2002-03-26
12790,973336,4,2004-05-05
12790,1927580,2,2004-12-06
12790,1187411,1,2005-01-22
12790,2492392,1,2004-01-04
12790,2147640,2,2005-02-23
12790,1014406,3,2005-01-19
12790,2503364,3,2003-12-26
12790,1308492,1,2003-10-27
12790,235789,3,2004-10-27
12790,2585043,1,2005-03-03
12790,612872,2,2005-07-04
12790,1490728,2,2004-01-10
12790,1272379,1,2002-04-02
12790,1918957,4,2003-10-09
12790,864061,1,2004-02-28
12790,1230462,2,2005-01-25
12790,2564706,1,2005-04-14
12790,2586429,4,2003-05-09
12790,2587949,2,2005-03-20
12790,670126,3,2004-05-22
12790,1314869,3,2004-07-11
12790,174365,2,2005-04-23
12790,2220239,1,2001-07-03
12790,521985,3,2001-12-12
12790,1662120,2,2004-05-18
12790,967190,2,2002-05-02
12790,1087918,1,2003-11-13
12790,113090,1,2004-01-05
12790,1154332,2,2005-06-12
12790,134539,2,2000-11-07
12790,12974,1,2005-09-02
12790,67437,2,2004-03-05
12790,897831,5,2001-07-01
12790,2405658,2,2003-11-02
12790,865481,2,2004-08-19
12790,1265054,3,2004-05-10
12790,500575,1,2005-05-16
12790,859826,5,2000-11-25
12790,1139570,3,2000-11-14
12790,1912002,3,2005-10-14
12790,2439493,1,2003-06-12
12790,567057,3,2004-07-03
12790,556316,1,2004-11-21
12790,359141,1,2004-04-24
12790,361304,1,2003-10-06
12790,2058956,3,2005-05-25
12790,1306528,2,2004-03-12
12790,1430920,2,2004-12-01
12790,763219,4,2005-04-28
12790,1134379,3,2005-05-30
12790,225338,1,2001-09-20
12790,2185614,3,2004-04-03
12790,361375,3,2004-04-04
12790,17957,4,2005-03-09
12790,1174162,2,2002-06-27
12790,1772050,1,2001-10-26
12790,1942557,3,2002-05-15
12790,242606,3,2004-05-10
12790,681107,1,2005-02-28
12790,2281848,2,2005-04-14
12790,1913414,3,2005-04-25
12790,1043979,4,2005-05-16
12790,1009391,1,2005-08-26
12790,2636378,4,2004-08-01
12790,1274401,1,2005-03-05
12790,667684,3,2005-12-31
12790,1692897,4,2004-03-11
12790,399693,1,2001-12-11
12790,764785,3,2001-07-07
12790,828444,3,2004-04-22
12790,2400127,2,2004-08-05
12790,1915462,3,2005-05-19
12790,1473980,3,2005-09-15
12790,1607747,3,2000-09-24
12790,2095168,2,2001-05-03
12790,536445,1,2005-07-25
12790,2552315,2,2002-02-20
12790,121324,1,2005-08-31
12790,2135164,1,2004-01-15
12790,401304,2,2005-06-01
12790,2584252,2,2001-04-01
12790,1110156,3,2003-12-18
12790,1928107,1,2005-04-04
12790,935732,4,2005-09-20
12790,121832,1,2004-02-18
12790,2357831,1,2003-08-28
12790,757456,1,2003-10-19
12790,783755,1,2004-06-16
12790,909613,2,2005-03-22
12790,17860,1,2003-11-12
12790,1506806,1,2004-11-22
12790,2079036,3,2005-05-05
12790,1725716,3,2004-06-30
12790,75549,2,2004-12-13
12790,610397,4,2005-09-06
12790,447410,1,2003-07-30
12790,2424683,5,2004-08-16
12790,1390768,1,2005-01-19
12790,2324573,2,2000-04-05
12790,1592339,1,2005-08-16
12790,1815588,1,2004-12-29
12790,1430873,3,2005-02-07
12790,2574932,2,2004-02-22
12790,2137605,2,2005-04-24
12790,1922072,3,2001-03-07
12790,1805932,3,2005-08-24
12790,209610,1,2004-09-02
12790,2045883,1,2004-06-18
12790,2185247,5,2004-11-11
12790,1640597,2,2005-02-04
12790,1425403,2,2005-06-21
12790,66885,1,2001-01-03
12790,2407925,2,2003-11-06
12790,61884,3,2005-03-15
12790,1244733,2,2005-06-24
12790,10161,3,2005-10-05
12790,902293,1,2001-11-05
12790,1025930,3,2004-02-19
12790,170870,1,2003-08-30
12790,1593313,1,2004-11-26
12790,1764923,1,2004-04-10
12790,1839843,3,2005-02-20
12790,1890809,5,2005-09-10
12790,735560,5,2004-12-28
12790,758481,1,2005-02-01
12790,1287017,2,2005-12-07
12790,359320,2,2005-06-09
12790,147414,3,2000-10-03
12790,1378370,2,2005-05-11
12790,1132932,2,2002-08-31
12790,1840953,3,2004-12-19
12790,279521,3,2005-01-20
12790,1120581,2,2004-08-23
12790,135236,2,2004-12-04
12790,1163530,1,2004-11-12
12790,1069240,3,2005-05-04
12790,184705,3,2005-07-25
12790,55675,3,2002-09-23
12790,2303161,1,2003-09-26
12790,2029979,2,2004-12-12
12790,2055448,2,2005-10-06
12790,2089252,1,2005-08-04
12790,736742,1,2004-09-16
12790,799442,4,2005-01-04
12790,616691,3,2005-01-19
12790,2330864,3,2005-10-25
12790,520473,2,2001-01-10
12790,1830690,4,2002-04-20
12790,1330032,2,2003-07-24
12790,1776056,2,2005-06-05
12790,1552084,3,2004-07-18
12790,164595,2,2004-10-30
12790,1825316,1,2005-01-31
12790,1551018,5,2001-03-13
12790,2083367,2,2002-07-09
12790,2339734,3,2004-07-20
12790,1897721,4,2005-02-01
12790,426769,3,2003-08-27
12790,1147894,1,2004-08-28
12790,2181322,3,2005-02-22
12790,332937,1,2005-03-15
12790,1018447,1,2005-05-02
12790,1072072,3,2001-11-09
12790,966426,3,2002-03-12
12790,2437275,2,2002-12-07
12790,2407125,1,2005-01-19
12790,1664010,5,2005-10-16
12790,2446442,2,2004-08-29
12790,2635102,1,2005-06-02
12790,1393159,2,2004-01-12
12790,49890,5,2004-08-16
12790,2259174,3,2005-08-30
12790,2426343,1,2003-08-24
12790,759526,1,2005-09-20
12790,1025559,2,2002-02-23
12790,2314246,1,2003-12-04
12790,476098,1,2005-09-10
12790,489743,1,2004-04-05
12790,1465414,2,2005-03-27
12790,1693988,3,2004-05-01
12790,2562578,1,2004-09-12
12790,1352458,3,2004-06-28
12790,1431134,2,2005-05-02
12790,1605728,4,2005-09-27
12790,2617170,2,2002-02-20
12790,1553985,1,2004-02-12
12790,873713,1,2004-10-25
12790,286684,1,2002-06-06
12790,751446,4,2005-05-04
12790,1276267,2,2005-06-29
12790,920168,1,2003-12-01
12790,1807686,1,2002-05-28
12790,2601212,4,2005-07-28
12790,1908871,3,2003-09-22
12790,500866,2,2005-01-30
12790,1343595,1,2005-11-11
12790,1517519,2,2002-03-19
12790,2080549,4,2004-08-31
12790,683124,5,2004-01-04
12790,2078996,3,2001-12-21
12790,1001157,1,2005-08-24
12790,1629440,4,2004-09-25
12790,801293,5,2005-09-16
12790,2494928,4,2005-07-08
12790,458819,1,2002-07-10
12790,746674,3,2005-08-25
12790,1125802,2,2005-03-04
12790,1718526,4,2005-04-11
12790,1719127,1,2005-09-26
12790,71594,3,2000-06-21
12790,2290732,2,2004-09-17
12790,28277,2,2005-06-15
12790,1002943,3,2005-11-01
12790,1108404,1,2004-06-25
12790,2372141,3,2000-08-02
12790,1830215,1,2005-07-13
12790,1596473,3,2004-10-08
12790,1401362,2,2004-11-22
12790,722591,4,2005-01-19
12790,197313,3,2004-10-13
12790,1036138,1,2005-06-03
12790,1238184,3,2002-04-10
12790,1690257,3,2005-01-30
12790,1164074,2,2005-04-04
12790,825819,4,2005-05-26
12790,1827902,1,2005-02-21
12790,2186995,3,2005-04-26
12790,2387685,2,2002-04-02
12790,1960115,4,2004-08-06
12790,2623331,1,2004-12-23
12790,2339928,2,2005-02-27
12790,1739083,2,2005-03-24
12790,424818,1,2005-05-02
12790,813382,3,2005-06-19
12790,554587,1,2002-04-13
12790,683997,2,2004-11-23
12790,2284890,3,2005-03-12
12790,491531,1,2005-04-06
12790,1558252,3,2002-09-15
12790,1586663,1,2005-08-01
12790,1209557,2,2005-08-18
12790,1185410,2,2004-06-28
12790,1809846,2,2004-06-01
12790,1260885,5,2005-01-12
12790,731685,2,2001-08-31
12790,2365141,3,2003-09-02
12790,1540980,1,2003-09-01
12790,1954061,4,2004-10-16
12790,2468178,3,2005-10-27
12790,1528338,1,2003-12-16
12790,856976,3,2004-12-23
12790,1060393,1,2005-03-16
12790,613002,2,2003-10-16
12790,2464285,1,2004-12-29
12790,2175450,2,2005-03-18
12790,542323,1,2002-02-26
12790,2513067,3,2004-05-11
12790,981036,2,2003-07-08
12790,2620872,1,2004-01-06
12790,2038866,1,2005-06-01
12790,2445387,1,2003-08-28
12790,955235,4,2004-10-16
12790,2193920,1,2005-01-04
12790,2407754,4,2005-10-25
12790,1169441,1,2004-05-10
12790,1163030,1,2004-03-15
12790,1562968,4,2005-01-31
12790,1489707,2,2005-11-12
12790,1278589,4,2005-11-23
12790,151153,4,2005-07-20
12790,1064441,4,2004-06-14
12790,2090369,3,2005-01-19
12790,755895,2,2004-05-23
12790,1512782,3,2005-03-25
12790,305344,3,2003-08-26
12790,662054,1,2004-02-20
12790,80548,4,2005-10-13
12790,1470113,1,2004-07-14
12790,1662652,1,2004-10-04
12790,604379,1,2005-04-09
12790,1754503,5,2005-04-29
12790,844028,3,2004-05-28
12790,1159683,3,2003-07-31
12790,681019,2,2005-04-06
12790,2185289,2,2005-06-17
12790,416560,3,2002-08-20
12790,561419,3,2004-02-20
12790,855822,3,2004-03-26
12790,2001819,5,2005-05-03
12790,1817117,5,2005-09-20
12790,1205174,3,2005-12-17
12790,819713,2,2003-07-29
12790,1114884,2,2005-03-11
12790,1450484,3,2004-10-27
12790,58863,5,2005-01-12
12790,2450942,1,2005-01-31
12790,903770,2,2005-02-07
12790,261806,1,2005-03-09
12790,1994473,1,2004-08-31
12790,1466382,2,2004-12-01
12790,1969716,2,2004-07-19
12790,1039869,3,2005-04-11
12790,1722758,2,2005-06-10
12790,1529449,1,2002-05-17
12790,1263158,2,2005-06-24
12790,2137795,1,2005-07-10
12790,1825531,1,2002-02-04
12790,260273,2,2003-03-12
12790,2529897,3,2005-04-19
12790,1587290,2,2005-08-03
12790,2479606,1,2004-06-05
12790,205474,2,2005-01-04
12790,478295,1,2005-06-08
12790,657813,1,2005-03-24
12790,237063,2,2005-03-25
12790,1665904,4,2004-04-05
12790,1010005,2,2004-12-01
12790,752642,2,2001-06-06
12790,938764,5,2005-11-23
12790,1220657,4,2005-08-02
12790,2587909,3,2004-10-25
12790,826426,3,2001-11-08
12790,2152273,3,2005-02-11
12790,1308228,3,2005-06-25
12790,2605898,2,2005-06-30
12790,1184127,1,2004-07-27
12790,2123200,3,2004-09-30
12790,1056036,1,2005-04-08
12790,2028737,4,2005-06-29
12790,924765,3,2003-12-29
12790,1067364,2,2004-10-10
12790,1485214,3,2005-05-09
12790,2381925,1,2005-09-20
12790,464504,2,2001-05-12
12790,2636204,4,2005-03-01
12790,2337846,2,2005-05-04
12790,2056022,2,2005-12-12
12790,2168285,4,2002-11-03
12790,1849174,5,2005-04-13
12790,828286,3,2003-10-15
12790,1115219,1,2005-01-29
12790,858340,3,2000-12-08
12790,1635263,2,2005-04-18
12790,2580353,3,2005-10-31
12790,389985,4,2005-11-29
12790,578191,2,2005-07-17
12790,307010,4,2003-07-09
12790,482971,4,2004-05-18
12790,2637338,1,2005-01-06
12790,701678,1,2004-12-31
12790,2414873,1,2005-04-13
12790,1178382,2,2005-05-06
12790,1625122,1,2005-10-29
12790,2075634,3,2004-11-02
12790,170778,2,2005-04-13
12790,1617293,2,2002-06-17
12790,2157176,1,2005-08-11
12790,622522,2,2003-12-10
12790,1101079,5,2004-01-14
12790,1265606,2,2003-12-03
12790,1986816,1,2005-02-18
12790,1234567,2,2005-09-23
12790,394528,1,2004-08-04
12790,1879437,2,2002-12-03
12790,2118461,4,2005-10-27
12790,948394,3,2005-12-16
12790,1935388,2,2002-05-23
12790,2297386,4,2004-10-27
12790,2555666,1,2005-12-05
12790,446674,1,2001-02-20
12790,920901,2,2004-11-30
12790,525890,4,2005-02-23
12790,387418,1,2003-10-10
12790,357374,2,2002-01-10
12790,1247574,1,2004-01-12
12790,1853510,2,2004-04-27
12790,2312212,1,2005-02-24
12790,1130231,2,2005-09-09
12790,1008749,1,2005-02-13
12790,1114324,4,2005-04-01
12790,397212,4,2005-04-07
12790,2176953,4,2005-05-17
12790,1743850,1,2000-05-04
12790,857778,2,2005-11-30
12790,1932594,3,2004-08-10
12790,266785,2,2004-07-31
12790,330027,3,2005-07-18
12790,741620,1,2003-04-22
12790,1298036,3,2001-12-20
12790,1061195,4,2003-12-04
12790,2053910,3,2005-04-11
12790,1317124,5,2005-12-26
12790,211550,1,2004-05-14
12790,181815,2,2005-06-26
12790,246880,4,2005-10-11
12790,693022,2,2004-10-04
12790,2073923,1,2005-01-01
12790,1793717,4,2002-05-02
12790,1292272,4,2004-10-12
12790,2140945,5,2005-07-27
12790,2548032,1,2004-01-27
12790,944499,3,2004-01-07
12790,2414152,1,2004-10-25
12790,1453265,3,2004-04-25
12790,2418823,1,2001-08-06
12790,1173289,2,2002-03-27
12790,2261394,3,2004-12-26
12790,1893668,4,2005-01-19
12790,1639792,1,2002-04-05
12790,2419023,3,2005-02-17
12790,1515355,5,2005-05-13
12790,2020475,2,2001-07-13
12790,808933,1,2004-02-05
12790,947172,3,2005-08-14
12790,865976,2,2005-10-18
12790,642866,1,2000-11-12
12790,2433978,2,2002-02-04
12790,1551313,1,2003-10-01
12790,2613105,4,2005-04-22
12790,1720996,1,2005-08-03
12790,2081789,3,2005-05-27
12790,561210,1,2005-10-13
12790,326502,4,2004-07-24
12790,2562864,2,2004-09-29
12790,1838390,1,2000-06-24
12790,2238060,5,2004-08-18
12790,721741,1,2004-11-01
12790,2124220,1,2005-02-22
12790,1869132,2,2005-03-07
12790,623397,1,2005-11-05
12790,996461,4,2001-07-30
12790,1114921,3,2003-08-19
12790,1984443,5,2004-07-15
12790,1798161,1,2005-04-27
12790,55344,2,2003-04-12
12790,1883623,1,2003-09-04
12790,1685475,2,2005-08-11
12790,194650,3,2005-05-17
12790,2527135,3,2000-02-18
12790,1317019,2,2005-08-25
12790,2246923,1,2005-01-10
12790,1051134,4,2005-06-01
12790,643035,2,2004-04-26
12790,874690,1,2005-01-30
12790,979892,2,2005-09-23
12790,345238,2,2003-09-04
12790,1092407,5,2004-02-09
12790,1580917,1,2005-02-16
12790,951465,4,2005-04-12
12790,697721,2,2005-04-22
12790,188613,3,2003-10-19
12790,1548339,2,2005-06-12
12790,684648,3,2004-03-09
12790,2521955,4,2005-08-28
12790,1291562,5,2004-09-21
12790,2610012,3,2005-05-05
12790,2366001,1,2003-05-16
12790,1561647,2,2002-10-24
12790,1187767,2,2005-07-18
12790,2637974,5,2004-10-11
12790,977002,2,2002-06-05
12790,568523,2,2003-09-15
12790,1441086,1,2005-01-24
12790,453585,3,2005-03-14
