13430,1212306,2,2002-11-27
13430,1609442,4,2003-11-09
13430,862759,5,2004-03-22
13430,1498849,5,2005-11-03
13430,293901,3,2004-05-12
13430,1676135,2,2003-05-13
13430,1197141,4,2004-09-11
13430,902946,5,2004-09-21
13430,2207774,4,2005-06-06
13430,1155251,3,2005-07-26
13430,708870,3,2003-08-31
13430,775347,4,2003-09-30
13430,776655,3,2004-02-17
13430,384409,3,2003-11-06
13430,641806,5,2004-02-24
13430,774717,2,2004-03-12
13430,2415204,3,2004-12-22
13430,396567,5,2005-04-08
13430,1224299,4,2005-03-18
13430,1896957,2,2003-07-08
13430,1655100,3,2004-05-27
13430,349528,3,2003-07-10
13430,2602249,3,2004-07-27
13430,1227322,2,2003-06-20
13430,1585893,2,2004-01-24
13430,290215,3,2005-07-14
13430,97698,3,2003-07-01
13430,786312,3,2004-11-28
13430,1223622,5,2005-08-27
13430,85279,3,2004-08-23
13430,636967,4,2004-01-27
13430,1390264,5,2004-03-22
13430,155342,1,2003-03-30
13430,1698750,3,2004-09-02
13430,2219553,3,2002-11-24
13430,583284,1,2003-01-20
13430,987860,3,2005-08-25
13430,1938585,4,2004-10-15
13430,1900558,3,2005-06-04
13430,461394,4,2005-09-23
13430,131974,3,2004-06-09
13430,662167,4,2003-04-01
13430,2465236,2,2005-02-08
13430,2136330,3,2005-06-10
13430,1046762,3,2005-09-27
13430,293816,1,2003-05-27
13430,1927580,4,2004-02-03
13430,2244912,5,2004-08-31
13430,2640550,2,2003-01-08
13430,215082,4,2005-01-31
13430,2260838,3,2004-06-05
13430,1567202,3,2004-04-17
13430,1372994,3,2003-10-24
13430,671062,3,2003-10-29
13430,251832,3,2005-01-22
13430,277916,3,2003-10-30
13430,1562110,2,2003-09-18
13430,1013802,1,2004-09-15
13430,1213539,3,2004-01-26
13430,1278458,2,2003-09-03
13430,1728556,3,2003-12-08
13430,1308778,3,2004-09-14
13430,260068,3,2003-08-19
13430,988864,2,2003-09-10
13430,1851603,5,2005-11-01
13430,164845,1,2005-03-17
13430,2241110,1,2003-07-08
13430,269088,3,2003-03-16
13430,2222970,2,2002-12-31
13430,1166912,2,2003-05-26
13430,1782117,4,2004-08-02
13430,1412898,2,2004-12-14
13430,2508065,3,2003-04-28
13430,2062350,4,2003-06-20
13430,770344,4,2004-08-07
13430,1198524,3,2005-03-03
13430,453366,4,2005-06-14
13430,520520,4,2005-07-25
13430,2439493,1,2003-03-31
13430,179221,4,2004-01-25
13430,530789,4,2005-09-13
13430,231001,3,2003-03-04
13430,1332428,3,2003-04-28
13430,1135159,3,2004-08-13
13430,1545709,3,2005-07-17
13430,1310195,4,2005-06-01
13430,814483,4,2003-01-04
13430,893778,3,2003-06-14
13430,1183510,4,2003-10-23
13430,250988,5,2004-04-05
13430,2109905,2,2003-04-17
13430,1860956,3,2002-08-31
13430,1107678,4,2005-06-29
13430,1531029,2,2005-01-12
13430,1422693,3,2005-09-29
13430,1924109,3,2005-10-17
13430,1018234,3,2004-12-03
13430,294809,3,2005-04-27
13430,1898310,4,2005-06-20
13430,204138,4,2004-03-23
13430,1446994,5,2003-09-16
13430,2027274,4,2004-08-03
13430,664946,4,2005-06-15
13430,2600652,2,2004-04-25
13430,1755729,4,2004-09-24
13430,2450433,3,2005-01-08
13430,973404,3,2005-11-07
13430,2397314,3,2003-08-04
13430,769702,3,2005-02-26
13430,431642,1,2004-07-06
13430,867211,4,2004-10-21
13430,1871525,3,2005-02-15
13430,2457095,2,2004-09-29
13430,1876520,1,2002-08-16
13430,904770,3,2004-01-26
13430,595778,1,2003-09-05
13430,2238194,3,2004-08-12
13430,1259229,3,2005-05-18
13430,617941,2,2002-08-12
13430,2585822,3,2005-02-23
13430,1664300,3,2003-06-17
13430,181592,3,2002-07-30
13430,2253829,5,2002-09-04
13430,828654,3,2003-06-30
13430,185160,2,2003-02-21
13430,514495,5,2005-09-19
13430,531567,4,2004-03-01
13430,419920,5,2003-11-19
13430,1106241,4,2005-03-22
13430,272183,4,2004-02-27
13430,184705,3,2004-11-30
13430,1911919,2,2003-04-01
13430,1363663,3,2004-04-01
13430,592281,3,2004-04-14
13430,650986,3,2005-03-17
13430,2148328,2,2004-02-28
13430,793892,4,2004-11-04
13430,1985267,4,2003-05-19
13430,2083367,3,2002-10-23
13430,1906034,4,2002-08-15
13430,1714672,2,2003-05-20
13430,2498532,3,2004-02-23
13430,551268,1,2004-01-16
13430,2001509,3,2003-04-20
13430,1447185,3,2003-12-29
13430,347555,5,2005-05-26
13430,84392,5,2003-08-21
13430,2583982,3,2005-12-11
13430,1271964,3,2003-05-22
13430,2617127,2,2003-04-02
13430,1365307,3,2003-08-02
13430,1317580,3,2004-04-02
13430,673011,3,2005-01-29
13430,1664010,3,2005-10-13
13430,722960,3,2005-05-08
13430,205696,2,2003-04-17
13430,1622852,2,2004-06-01
13430,57816,3,2002-11-02
13430,294024,4,2005-05-19
13430,2455050,2,2004-02-22
13430,81105,5,2003-08-27
13430,2493728,2,2004-01-20
13430,2417674,3,2003-01-23
13430,1602132,3,2004-08-31
13430,1446124,4,2005-06-17
13430,917722,3,2003-09-21
13430,1959024,4,2004-07-29
13430,1979935,2,2003-05-01
13430,2190800,2,2003-09-19
13430,300097,3,2004-08-07
13430,1394012,3,2005-10-07
13430,199149,4,2003-10-09
13430,1649046,2,2004-04-28
13430,2395159,4,2005-09-22
13430,1296397,4,2003-11-05
13430,2577095,2,2004-09-08
13430,2423970,3,2003-09-25
13430,126445,2,2005-10-27
13430,1134951,3,2003-05-27
13430,1153067,4,2005-02-25
13430,559893,3,2003-08-07
13430,1298511,2,2003-07-08
13430,879548,4,2005-01-02
13430,2459229,3,2002-12-21
13430,956623,4,2002-10-19
13430,63692,4,2004-05-03
13430,1935793,1,2005-04-10
13430,412040,3,2004-01-22
13430,71594,4,2003-02-26
13430,780253,3,2002-10-17
13430,1931839,3,2004-02-12
13430,1939400,2,2004-10-08
13430,1638641,3,2003-08-04
13430,1273028,3,2003-11-12
13430,2413320,4,2004-11-03
13430,255383,5,2005-04-10
13430,340279,3,2003-03-20
13430,1621501,3,2003-12-05
13430,511923,1,2005-01-12
13430,2225743,1,2005-03-28
13430,2301906,4,2005-09-08
13430,1848170,4,2003-07-16
13430,2030927,5,2005-09-09
13430,230112,2,2004-09-07
13430,1328175,4,2003-10-21
13430,897725,3,2003-08-18
13430,2556581,3,2004-02-27
13430,1531225,5,2005-10-10
13430,2576820,3,2003-02-27
13430,2457622,4,2004-07-11
13430,46742,3,2002-12-31
13430,1706987,1,2002-07-27
13430,386947,3,2002-12-07
13430,731685,3,2003-12-02
13430,1376343,1,2002-09-17
13430,2606799,1,2005-05-16
13430,1231504,3,2005-06-03
13430,50300,3,2003-07-17
13430,917863,5,2003-06-05
13430,2022945,2,2005-08-25
13430,1924348,4,2003-07-23
13430,1947130,3,2004-03-09
13430,2256485,1,2004-11-09
13430,1197271,3,2004-04-30
13430,1801343,3,2005-12-12
13430,194369,4,2004-07-15
13430,798296,3,2002-11-24
13430,881329,4,2004-11-28
13430,423952,3,2004-12-08
13430,1587504,2,2003-05-23
13430,1658566,3,2005-07-30
13430,666290,4,2003-10-21
13430,971302,5,2003-11-14
13430,2421912,3,2004-02-25
13430,2002731,2,2005-01-20
13430,506757,3,2004-04-25
13430,1557208,2,2003-04-11
13430,205447,2,2003-07-24
13430,617275,1,2002-10-29
13430,1476054,2,2002-09-17
13430,1850833,3,2003-03-07
13430,843342,3,2003-10-30
13430,1299727,2,2005-06-25
13430,2516055,1,2005-07-14
13430,305344,4,2003-05-11
13430,42218,3,2003-04-26
13430,2515904,2,2004-05-19
13430,2134803,3,2004-02-04
13430,601133,4,2004-05-03
13430,1264970,3,2004-04-15
13430,1403217,2,2005-08-10
13430,1595429,4,2004-08-30
13430,1721510,4,2003-07-16
13430,2152561,4,2003-03-03
13430,69669,4,2004-10-05
13430,1332509,3,2005-02-20
13430,1862783,3,2003-02-27
13430,314294,2,2004-09-20
13430,2276722,5,2002-09-27
13430,2468936,2,2003-01-26
13430,1103210,5,2003-06-23
13430,1549828,5,2004-09-09
13430,1158900,4,2005-01-24
13430,1069677,4,2003-10-20
13430,2640278,4,2005-10-09
13430,1105034,2,2003-03-24
13430,614919,4,2004-02-12
13430,1854414,3,2003-09-12
13430,1801628,2,2004-07-27
13430,1688096,3,2004-02-12
13430,1027851,4,2004-09-10
13430,1626771,3,2004-02-17
13430,1159506,3,2003-05-29
13430,2422562,3,2005-01-25
13430,1759866,2,2005-09-11
13430,2358822,3,2003-03-28
13430,1078375,3,2003-01-20
13430,1423166,1,2004-04-24
13430,271402,2,2005-03-07
13430,185261,3,2004-07-20
13430,473715,2,2004-09-14
13430,752642,3,2002-08-01
13430,470779,3,2004-10-28
13430,227799,2,2005-02-27
13430,1462866,3,2005-04-05
13430,1691547,4,2003-11-30
13430,1251211,3,2003-11-08
13430,2519865,4,2003-02-14
13430,880521,2,2003-08-15
13430,2375433,3,2004-10-18
13430,1753554,4,2003-06-17
13430,2056022,2,2004-11-05
13430,1157818,2,2004-02-16
13430,2111104,5,2004-07-24
13430,937523,3,2004-09-28
13430,1872817,4,2003-10-20
13430,1704451,5,2003-09-09
13430,969710,4,2002-11-11
13430,576590,4,2004-06-25
13430,1582107,3,2004-01-17
13430,437784,5,2005-07-22
13430,1517318,5,2004-09-05
13430,1560856,4,2004-02-19
13430,921155,3,2003-03-17
13430,1934459,2,2004-01-02
13430,162774,4,2005-03-22
13430,1121489,5,2004-04-17
13430,522056,5,2003-11-25
13430,2061495,3,2005-03-29
13430,387418,2,2003-08-03
13430,416130,2,2003-07-02
13430,1710193,4,2004-04-13
13430,2056942,4,2004-08-31
13430,1029163,3,2002-08-30
13430,2341353,2,2003-03-25
13430,1114324,3,2004-12-12
13430,1000078,2,2002-09-17
13430,1611206,2,2004-01-20
13430,289993,3,2002-11-20
13430,1553635,3,2004-03-24
13430,265346,3,2003-09-01
13430,2601748,3,2005-10-30
13430,2320222,1,2003-07-31
13430,1663782,3,2003-06-21
13430,1746075,4,2003-08-20
13430,1769465,3,2003-10-24
13430,1061195,3,2003-12-16
13430,121892,3,2004-06-03
13430,1116065,3,2005-05-03
13430,708997,3,2003-09-27
13430,1257336,4,2005-01-06
13430,1461435,1,2003-02-12
13430,2217548,4,2003-07-10
13430,646951,5,2004-10-02
13430,151004,3,2002-08-08
13430,71899,3,2004-02-10
13430,1120820,3,2005-05-23
13430,522237,3,2003-03-14
13430,1639792,1,2002-07-19
13430,2181518,3,2003-10-15
13430,2250748,4,2004-02-29
13430,472584,3,2005-02-05
13430,1843626,3,2005-04-12
13430,1352530,3,2004-02-27
13430,1433128,3,2003-11-17
13430,1910747,3,2005-04-28
13430,1402241,2,2004-08-11
13430,1475176,3,2005-05-15
13430,586852,3,2004-06-15
13430,2460347,1,2005-12-19
13430,1711930,3,2003-02-27
13430,1775113,4,2003-12-22
13430,849144,3,2004-02-28
13430,2384355,5,2004-01-29
13430,778265,3,2004-06-02
13430,2219092,3,2003-08-22
13430,2232581,2,2003-09-29
13430,1907534,4,2005-11-26
13430,512278,2,2003-12-04
13430,1878798,3,2003-05-21
13430,1698636,3,2005-02-18
13430,30288,2,2002-08-11
13430,1163877,3,2002-10-06
13430,1288242,3,2002-11-29
13430,2463951,4,2005-07-07
13430,305770,3,2003-06-23
13430,1685548,3,2003-01-09
13430,1666057,4,2005-11-17
13430,1911845,3,2005-12-23
13430,1978328,3,2003-09-22
13430,343623,4,2002-12-01
13430,1550216,3,2005-03-03
13430,463962,2,2005-04-20
13430,1654508,3,2003-08-07
13430,2638869,4,2005-03-08
13430,1426604,4,2005-03-12
13430,1384900,3,2005-03-15
