11520,1319997,3,2003-03-03
11520,1355247,2,2002-11-25
11520,2443212,4,2005-11-03
11520,868935,1,2003-11-06
11520,1164992,3,2005-01-23
11520,281396,3,2004-12-31
11520,1712417,3,2003-10-17
11520,1310359,1,2004-07-24
11520,2458187,1,2005-01-19
11520,1924821,2,2004-12-31
11520,1492487,2,2004-08-03
11520,1224299,5,2005-03-18
11520,2194901,1,2004-08-06
11520,424613,2,2003-04-08
11520,1813114,3,2003-11-11
11520,654189,4,2004-08-31
11520,2354829,3,2005-07-10
11520,809109,4,2003-11-04
11520,2522946,3,2004-08-24
11520,2544413,5,2004-04-06
11520,1223001,3,2004-07-08
11520,525356,1,2002-11-28
11520,1285033,3,2004-03-18
11520,136562,4,2004-03-22
11520,676736,1,2005-07-06
11520,2508819,4,2003-02-28
11520,140351,2,2004-01-26
11520,1168012,1,2004-03-21
11520,26994,3,2004-05-24
11520,2336788,3,2005-02-21
11520,1532336,1,2005-05-11
11520,1874905,1,2004-03-08
11520,2102202,4,2004-03-20
11520,1001129,3,2005-05-28
11520,919422,5,2005-10-21
11520,790397,3,2005-09-30
11520,1712089,3,2005-02-09
11520,1931394,4,2003-10-31
11520,1371422,3,2005-06-09
11520,199257,3,2005-07-31
11520,119566,1,2005-01-10
11520,1314869,2,2005-04-27
11520,2612957,4,2005-11-09
11520,2473404,2,2004-05-06
11520,539162,4,2004-03-18
11520,1505703,1,2005-04-08
11520,2439493,1,2003-04-12
11520,1956846,5,2004-08-15
11520,2161543,5,2003-11-01
11520,1992558,3,2004-03-24
11520,1989364,4,2005-09-30
11520,695837,4,2003-03-11
11520,1857615,3,2004-01-22
11520,1985841,1,2004-01-09
11520,1951202,4,2005-11-29
11520,2451588,2,2005-03-04
11520,809762,2,2005-04-30
11520,2284673,1,2003-02-28
11520,74670,3,2003-05-13
11520,2398061,3,2004-03-12
11520,1526066,4,2005-07-06
11520,2037136,5,2005-06-04
11520,47589,4,2004-03-14
11520,586026,4,2004-04-07
11520,869426,3,2005-07-30
11520,1003084,1,2005-09-18
11520,1725399,4,2005-10-22
11520,2061570,4,2005-11-27
11520,1777406,2,2002-11-17
11520,1743858,3,2005-07-15
11520,596995,3,2003-05-26
11520,1957329,5,2004-04-14
11520,2519094,2,2005-01-19
11520,2529214,3,2005-08-31
11520,670204,2,2003-11-07
11520,813479,3,2005-01-05
11520,1881137,1,2005-11-10
11520,1604238,3,2005-10-07
11520,2217321,2,2005-11-08
11520,1531691,4,2005-11-21
11520,758875,4,2004-04-13
11520,1646495,3,2004-03-21
11520,801884,3,2005-06-09
11520,1761577,2,2004-06-18
11520,17038,2,2004-07-19
11520,2339734,2,2003-03-12
11520,1714672,2,2005-04-29
11520,914928,5,2004-04-09
11520,1746378,2,2005-10-27
11520,2271519,3,2004-03-14
11520,202607,2,2004-03-12
11520,385522,2,2003-11-14
11520,2510089,1,2003-02-21
11520,1664010,4,2005-10-12
11520,451011,1,2004-01-14
11520,26940,3,2005-08-25
11520,1095791,3,2004-04-16
11520,2026855,5,2003-01-09
11520,462171,3,2003-03-11
11520,2263041,2,2003-10-04
11520,2297136,4,2005-05-24
11520,2429098,3,2003-12-15
11520,2467784,2,2005-02-26
11520,2152856,3,2003-11-19
11520,1474356,3,2004-04-25
11520,367223,1,2005-01-19
11520,126445,1,2005-12-30
11520,582792,1,2005-03-15
11520,928208,4,2005-09-20
11520,1006803,4,2005-08-10
11520,744458,5,2004-04-24
11520,981753,3,2004-07-19
11520,352373,3,2003-10-16
11520,2148414,4,2004-03-20
11520,1594723,3,2005-05-04
11520,1280404,4,2005-04-19
11520,1724578,3,2004-08-31
11520,1084685,1,2003-03-12
11520,1429789,4,2004-01-13
11520,2301648,4,2004-03-21
11520,328302,2,2004-09-28
11520,1246322,3,2004-03-29
11520,874610,3,2004-03-19
11520,1625536,1,2004-11-24
11520,1107110,5,2003-12-02
11520,1538343,2,2004-11-21
11520,535156,2,2004-05-30
11520,1623525,3,2004-01-23
11520,481860,1,2004-03-24
11520,491531,4,2005-07-24
11520,2427968,2,2004-03-08
11520,2066600,3,2003-12-21
11520,872221,4,2005-09-17
11520,1557557,3,2005-07-13
11520,2606799,3,2005-05-16
11520,938161,3,2005-10-19
11520,2200179,2,2005-09-16
11520,2245932,5,2003-12-22
11520,1601275,3,2005-09-29
11520,1646846,2,2004-05-09
11520,431326,3,2005-04-09
11520,138106,3,2002-12-07
11520,2149641,3,2004-05-08
11520,2537580,3,2004-01-07
11520,789014,1,2002-11-05
11520,504620,1,2005-08-23
11520,1060003,3,2005-08-29
11520,2286741,3,2004-05-05
11520,1229733,4,2004-08-05
11520,798972,3,2003-11-12
11520,151153,2,2004-03-17
11520,406948,5,2005-08-01
11520,2595084,4,2004-08-09
11520,1715824,3,2005-05-23
11520,305344,1,2003-10-02
11520,2397454,3,2005-08-29
11520,376774,5,2004-08-11
11520,1712181,4,2005-12-12
11520,2634610,3,2004-03-15
11520,1319337,3,2005-01-02
11520,1522335,3,2005-07-08
11520,680675,1,2003-02-13
11520,1739170,3,2004-02-14
11520,195132,3,2005-04-18
11520,1604881,3,2004-03-10
11520,1054466,4,2005-02-02
11520,739162,3,2004-04-20
11520,825383,2,2004-03-26
11520,1273176,4,2004-02-04
11520,496579,5,2004-01-28
11520,212479,4,2005-04-10
11520,555406,1,2004-04-19
11520,2383221,5,2004-07-26
11520,214457,4,2005-11-03
11520,919718,4,2004-03-22
11520,752642,1,2002-11-22
11520,2369777,3,2005-08-05
11520,1717979,3,2004-03-21
11520,2478697,2,2005-10-21
11520,1746438,5,2005-09-12
11520,844459,5,2003-03-07
11520,2343970,2,2003-11-14
11520,1153627,3,2004-05-13
11520,592277,3,2004-02-01
11520,863644,2,2004-12-08
11520,2056022,3,2005-04-30
11520,288727,3,2005-04-13
11520,961971,3,2004-02-24
11520,2329113,1,2004-02-01
11520,1577163,4,2005-07-31
11520,1070896,1,2004-03-26
11520,2638601,1,2005-05-11
11520,21117,4,2004-04-12
11520,222414,1,2003-12-16
11520,963830,1,2004-07-12
11520,2118461,4,2005-12-17
11520,1962936,3,2005-07-07
11520,75818,2,2005-10-12
11520,359048,3,2005-10-30
11520,387418,2,2003-10-10
11520,1738544,3,2005-09-27
11520,1046882,3,2004-08-12
11520,1114324,2,2005-04-30
11520,2328255,4,2004-03-29
11520,1207345,2,2005-11-30
11520,2283257,3,2003-06-03
11520,20658,1,2004-03-23
11520,1377212,2,2004-03-08
11520,128425,2,2004-10-21
11520,808523,3,2005-11-12
11520,1461435,1,2005-05-08
11520,759470,3,2004-03-29
11520,515833,3,2003-09-16
11520,1963322,5,2004-03-28
11520,865531,3,2004-01-26
11520,1639792,1,2002-12-02
11520,360021,3,2003-11-25
11520,2568994,5,2004-02-07
11520,1037952,5,2005-01-19
11520,26421,3,2005-07-08
11520,69802,2,2004-02-04
11520,1113177,3,2004-03-18
11520,194650,3,2003-08-06
11520,576339,3,2003-07-22
11520,1753560,2,2003-04-23
11520,2064084,2,2005-03-03
11520,335876,4,2004-04-13
11520,1848593,1,2003-02-13
11520,1547207,3,2004-12-25
11520,2408899,4,2004-07-21
11520,1750650,2,2004-02-19
11520,1933317,4,2005-12-04
11520,2634967,1,2005-01-10
11520,677285,4,2005-04-19
