1139,1809002,3,2004-09-09
1139,305151,5,2004-07-24
1139,1901491,5,2004-12-08
1139,1745265,5,2005-02-08
1139,1294425,5,2005-05-23
1139,2164125,4,2005-12-23
1139,2397330,4,2004-10-09
1139,2578460,4,2004-10-30
1139,874115,3,2005-06-02
1139,497196,3,2005-06-09
1139,1650301,1,2005-07-06
1139,264160,2,2005-08-28
1139,2625420,2,2004-10-01
1139,2587481,4,2004-12-20
1139,175587,5,2005-05-15
1139,908205,4,2005-06-30
1139,2298242,5,2005-08-17
1139,619705,3,2005-08-28
1139,240319,5,2005-08-31
1139,1852201,5,2004-09-18
1139,2063886,5,2004-11-18
1139,2252200,5,2004-12-09
1139,1796878,2,2004-12-19
1139,1557300,5,2005-02-23
1139,932397,3,2005-03-11
1139,301577,3,2005-03-16
1139,563720,5,2005-03-16
1139,545812,4,2005-05-06
1139,624070,2,2005-06-15
1139,1108669,5,2005-08-22
1139,1240568,4,2004-06-29
1139,2000923,3,2004-11-09
1139,12920,4,2005-01-19
1139,2604908,3,2005-03-28
1139,47411,1,2005-06-07
1139,1819943,5,2005-09-08
1139,2620590,3,2005-07-28
1139,2542131,5,2005-08-18
1139,1029270,4,2005-08-21
1139,595106,5,2004-12-04
1139,2043200,5,2004-09-10
1139,1307956,5,2004-10-04
1139,1411549,5,2004-11-08
1139,1617023,5,2005-06-06
1139,509512,5,2005-06-27
1139,384822,5,2005-09-28
1139,139571,5,2005-11-16
1139,1337321,5,2005-07-05
1139,200255,4,2005-02-23
1139,1367766,5,2005-06-13
1139,2226053,4,2005-06-30
1139,1576888,5,2005-12-03
1139,1803852,5,2005-07-31
1139,1122179,5,2005-08-13
1139,1484808,2,2004-08-12
1139,2276049,5,2005-05-16
1139,303948,4,2005-05-23
1139,757996,4,2005-07-19
1139,1155253,4,2005-08-30
1139,965764,4,2005-08-31
1139,1961168,1,2005-09-09
1139,2040,5,2004-09-13
1139,85856,4,2004-09-29
1139,752985,5,2005-05-14
1139,2396207,4,2005-06-23
1139,2088403,2,2005-07-04
1139,2104010,5,2005-12-24
1139,2318505,4,2004-07-12
1139,164344,5,2004-12-19
1139,400405,1,2005-01-11
1139,1681087,4,2005-06-04
1139,1572469,2,2005-06-12
1139,1199312,4,2005-06-23
1139,1089498,5,2004-10-31
1139,628500,5,2004-12-20
1139,767144,5,2005-01-31
1139,1146649,4,2005-05-23
1139,2302786,5,2005-06-08
1139,1707677,3,2005-06-14
1139,2595345,4,2005-06-28
1139,1768010,4,2005-07-03
1139,95851,5,2005-12-26
1139,2298333,5,2005-07-09
1139,681472,5,2005-07-31
1139,2632468,5,2004-10-18
1139,1212397,4,2005-01-12
1139,229458,4,2005-01-31
1139,313872,2,2005-02-08
1139,1649529,5,2005-02-27
1139,304220,4,2005-12-04
1139,920882,5,2005-08-23
1139,1443399,5,2004-09-16
1139,1385776,4,2005-03-06
1139,2352460,4,2005-06-03
1139,766064,5,2005-06-28
1139,2118136,5,2005-11-05
1139,451464,3,2004-06-30
1139,289174,5,2005-01-19
1139,207574,5,2005-04-18
1139,1938037,4,2005-06-01
1139,2502180,3,2005-06-02
1139,2286671,3,2005-06-04
1139,833326,5,2005-09-19
1139,476110,3,2005-12-10
1139,1733258,5,2005-08-02
1139,646910,1,2005-08-07
1139,232955,3,2005-04-29
1139,1892059,3,2005-06-07
1139,2559917,5,2005-09-06
1139,1784150,5,2005-05-31
1139,2206704,5,2005-06-01
1139,1908375,5,2005-06-11
1139,2563665,2,2005-06-12
1139,1070563,5,2005-06-13
1139,17176,5,2005-10-12
1139,534316,5,2005-08-12
1139,1857997,5,2004-07-21
1139,399926,5,2005-01-26
1139,296823,5,2005-02-02
1139,1686932,2,2005-02-13
1139,101724,3,2005-09-14
1139,1560035,5,2005-09-14
1139,2085613,4,2004-06-28
1139,583284,5,2004-08-13
1139,2043555,3,2005-08-29
1139,47058,4,2005-11-07
1139,755887,5,2004-09-18
1139,436430,5,2004-10-11
1139,2336788,5,2005-03-09
1139,595054,4,2005-06-17
1139,2549042,5,2005-06-26
1139,2266752,4,2005-08-14
1139,2533024,4,2005-08-22
1139,2257811,3,2005-06-01
1139,865316,5,2005-06-05
1139,1892594,4,2005-06-28
1139,469021,5,2004-06-24
1139,981297,5,2005-08-17
1139,2098802,5,2004-09-20
1139,285031,5,2005-04-05
1139,747266,4,2005-04-22
1139,1332464,5,2005-06-01
1139,928701,5,2005-06-08
1139,1196121,3,2005-11-17
1139,656810,4,2005-12-04
1139,2305275,4,2005-07-06
1139,1996226,5,2004-10-20
1139,179832,4,2005-04-13
1139,229617,5,2005-05-05
1139,1871251,4,2005-06-03
1139,2358531,3,2005-07-13
1139,1686233,5,2004-12-14
1139,1466332,5,2005-01-19
1139,2152838,2,2005-02-17
1139,345854,5,2005-03-06
1139,1750443,5,2005-05-10
1139,1331266,4,2005-06-14
1139,716874,4,2005-06-21
1139,2429449,5,2004-12-19
1139,2144973,3,2005-06-07
1139,625403,5,2005-07-01
1139,1514069,5,2005-10-13
1139,108871,5,2004-09-16
1139,2201487,5,2004-08-28
1139,54325,3,2004-09-15
1139,2145986,4,2004-07-06
1139,879340,4,2004-12-17
1139,369252,5,2005-01-24
1139,1489546,5,2005-01-25
1139,851866,5,2005-06-02
1139,830282,4,2005-06-06
1139,2634975,2,2005-06-13
1139,898066,5,2005-06-19
1139,1669507,5,2005-09-20
1139,673728,4,2005-10-03
1139,86615,5,2004-06-19
1139,1242806,4,2004-06-27
1139,2314702,4,2005-01-20
1139,2296027,5,2004-11-11
1139,2306606,5,2005-06-01
1139,1783158,2,2005-06-01
1139,2476029,4,2005-06-05
1139,1227223,4,2004-11-26
1139,223641,4,2005-01-24
1139,438290,5,2005-04-08
1139,1258163,5,2005-04-15
1139,1020990,3,2005-06-13
1139,2101662,5,2005-06-20
1139,2280882,4,2005-09-06
1139,810809,4,2005-10-12
1139,2535601,4,2005-08-07
1139,2546904,5,2004-08-30
1139,1505867,5,2005-04-18
1139,1633347,5,2005-02-26
1139,962466,3,2005-03-04
1139,1169855,3,2005-05-22
1139,2234706,4,2005-06-07
1139,76963,4,2005-06-12
1139,2414105,5,2005-11-21
1139,419185,5,2005-07-15
1139,2414559,4,2005-08-07
1139,926350,4,2005-08-16
1139,158604,3,2005-08-21
1139,1791067,5,2005-02-10
1139,736573,5,2005-02-21
1139,141965,5,2005-08-08
1139,1314869,5,2004-06-26
1139,1665415,4,2004-08-17
1139,1894023,5,2004-10-05
1139,206954,4,2005-06-01
1139,1832256,5,2005-10-31
1139,1137400,2,2005-08-20
1139,1666140,4,2005-08-22
1139,2051379,3,2004-11-18
1139,2335382,4,2005-02-24
1139,176283,5,2005-05-17
1139,521985,3,2005-05-31
1139,441406,5,2005-12-12
1139,2092746,4,2005-12-26
1139,2041199,4,2005-08-14
1139,652342,2,2005-08-25
1139,996785,3,2005-09-03
1139,1263404,5,2005-09-05
1139,2572361,2,2005-09-06
1139,1107220,5,2005-06-11
1139,395230,3,2005-04-18
1139,2527436,4,2005-06-08
1139,2380716,5,2005-09-21
1139,691900,4,2005-11-16
1139,2040831,4,2005-07-16
1139,2555019,3,2005-08-25
1139,1896128,3,2005-08-25
1139,1718459,5,2005-08-30
1139,1742749,3,2005-09-05
1139,1713284,5,2004-09-14
1139,401117,4,2004-09-09
1139,928664,5,2005-06-01
1139,356788,5,2005-06-08
1139,2618652,3,2005-06-27
1139,523249,5,2005-07-18
1139,647679,5,2004-09-17
1139,1190158,5,2004-12-21
1139,881120,5,2005-04-20
1139,1647226,3,2005-06-20
1139,2081455,5,2005-06-29
1139,428831,1,2005-07-10
1139,2125436,3,2004-06-29
1139,2608381,4,2005-07-24
1139,1714584,5,2005-08-13
1139,1800301,4,2005-08-20
1139,1711094,5,2005-08-30
1139,1779104,4,2004-10-18
1139,2538976,5,2005-01-09
1139,565538,4,2005-03-20
1139,2331152,5,2005-02-18
1139,1046518,2,2005-06-06
1139,1929150,4,2005-09-28
1139,1902242,5,2005-11-02
1139,1829533,4,2004-05-29
1139,1592729,5,2004-07-08
1139,1491850,5,2005-04-30
1139,485930,5,2004-10-28
1139,1839403,5,2005-02-02
1139,1412498,5,2005-05-31
1139,765860,5,2005-06-07
1139,479924,5,2005-09-16
1139,492357,1,2005-10-12
1139,1548834,3,2005-07-08
1139,1429854,4,2005-08-31
1139,2215435,5,2004-09-03
1139,10547,4,2004-11-16
1139,722105,4,2005-05-01
1139,1969463,4,2005-07-08
1139,1669018,4,2004-07-07
1139,2534110,2,2005-09-03
1139,953639,3,2005-09-07
1139,1996703,2,2005-05-31
1139,270523,2,2005-06-07
1139,468513,5,2005-07-07
1139,1863734,4,2005-07-12
1139,1433743,3,2005-07-18
1139,1562484,5,2005-08-21
1139,2479356,5,2004-07-06
1139,2462877,5,2004-12-20
1139,735948,5,2005-03-04
1139,2059698,5,2005-03-11
1139,1760780,4,2005-05-10
1139,626650,5,2005-06-10
1139,477217,2,2005-06-24
1139,2172358,5,2005-07-18
1139,2625943,4,2005-08-31
1139,1347515,4,2004-08-17
1139,2221827,5,2004-07-02
1139,2030287,4,2005-04-03
1139,191666,4,2005-06-10
1139,1563935,1,2005-08-15
1139,381372,5,2004-10-02
1139,343877,4,2005-05-16
1139,215948,4,2004-09-03
1139,858328,2,2005-06-01
1139,1743087,5,2005-10-17
1139,2071343,2,2005-07-21
1139,1927647,5,2005-08-26
1139,1742019,4,2004-08-21
1139,1216083,5,2004-10-19
1139,1614948,5,2005-05-10
1139,524295,5,2005-06-02
1139,2096648,3,2005-06-29
1139,1340936,5,2005-10-03
1139,714327,4,2005-07-23
1139,2454494,2,2005-07-27
1139,892252,4,2004-10-22
1139,2393834,4,2005-06-01
1139,1721449,5,2005-06-02
1139,165247,5,2005-06-07
1139,1026664,5,2005-06-13
1139,2275507,5,2005-06-24
1139,952109,5,2005-09-12
1139,77168,5,2005-08-05
1139,622830,5,2004-09-17
1139,1132726,4,2005-04-25
1139,234660,2,2005-06-20
1139,1470619,3,2005-09-10
1139,2178598,5,2005-07-07
1139,1791643,4,2005-08-22
1139,2524475,2,2005-01-19
1139,2196445,5,2004-10-15
1139,2633307,5,2005-05-31
1139,294638,3,2005-06-07
1139,1739010,5,2005-09-16
1139,136596,3,2005-07-07
1139,698909,5,2004-09-19
1139,2639212,5,2004-10-01
1139,410078,4,2004-10-05
1139,2091164,5,2004-11-02
1139,1225733,5,2005-01-03
1139,839042,2,2005-02-23
1139,433126,5,2005-06-03
1139,1427387,3,2005-06-15
1139,2620046,5,2005-06-18
1139,1091075,4,2005-09-22
1139,38845,5,2005-07-08
1139,225218,1,2005-08-08
1139,1343196,4,2004-11-23
1139,589453,4,2005-01-24
1139,1093386,4,2005-01-30
1139,1093198,4,2005-09-10
1139,2057080,5,2004-07-03
1139,1847935,4,2005-08-29
1139,1389683,5,2004-10-20
1139,1918596,5,2005-10-13
1139,39533,4,2005-08-19
1139,1321374,5,2004-11-05
1139,1225533,5,2005-02-12
1139,1677522,5,2005-02-15
1139,1281636,5,2005-09-14
1139,903613,5,2005-09-19
1139,2088437,5,2005-12-10
1139,2133551,5,2005-08-05
1139,962019,5,2005-08-07
1139,1697201,5,2005-08-08
1139,1595451,5,2005-08-19
1139,2577659,5,2004-07-06
1139,314635,5,2005-03-09
1139,649692,5,2005-06-01
1139,1709795,3,2005-06-01
1139,851453,4,2005-06-22
1139,746511,1,2005-10-26
1139,198341,5,2005-08-04
1139,555384,2,2004-12-22
1139,1618770,4,2005-06-07
1139,1702841,5,2005-06-10
1139,1938049,4,2005-09-13
1139,2648302,5,2005-09-26
1139,1932534,5,2005-10-28
1139,2283873,4,2004-10-16
1139,1667722,5,2005-03-22
1139,1743858,4,2005-06-01
1139,1789619,5,2005-01-31
1139,247530,5,2005-10-24
1139,1233879,5,2005-11-03
1139,2591361,3,2005-08-11
1139,406405,3,2004-10-04
1139,1922566,3,2005-01-27
1139,1746754,5,2005-04-25
1139,1421208,4,2005-08-23
1139,1452494,4,2005-06-02
1139,1659896,3,2005-06-06
1139,688132,2,2005-06-07
1139,2223148,5,2005-06-27
1139,10867,4,2005-09-13
1139,642642,5,2004-08-13
1139,1814839,4,2004-07-05
1139,1056881,5,2005-08-07
1139,1058343,4,2005-08-09
1139,538999,5,2005-08-19
1139,1414501,4,2004-11-08
1139,1629198,3,2004-11-13
1139,2605611,3,2005-03-29
1139,603369,3,2005-06-07
1139,2070851,5,2005-09-25
1139,915354,5,2005-10-26
1139,2208132,4,2004-09-28
1139,471177,5,2004-10-28
1139,1075739,3,2004-12-15
1139,377890,5,2005-02-17
1139,1019010,4,2005-06-09
1139,1220648,2,2005-06-15
1139,1866004,2,2005-07-05
1139,34166,4,2005-07-18
1139,1385788,4,2005-08-23
1139,842628,5,2005-08-25
1139,1542686,5,2004-10-01
1139,1757606,5,2004-11-30
1139,1765512,5,2004-12-30
1139,721590,4,2004-12-30
1139,1275796,3,2005-04-05
1139,184178,5,2005-06-01
1139,204177,4,2005-06-05
1139,1311570,5,2005-06-20
1139,2350832,4,2005-09-05
1139,960725,5,2005-09-13
1139,1770968,5,2005-10-10
1139,1839843,5,2005-02-20
1139,1439770,4,2005-07-24
1139,350262,5,2004-07-16
1139,1166601,4,2005-03-07
1139,2142016,2,2005-07-01
1139,1040675,5,2005-08-17
1139,392570,3,2004-09-27
1139,443572,4,2005-10-15
1139,738390,3,2005-07-15
1139,1982108,4,2005-07-25
1139,374462,5,2005-08-20
1139,1329746,5,2004-07-29
1139,1905560,5,2004-08-16
1139,1724818,5,2004-09-17
1139,210481,5,2004-09-19
1139,85841,4,2005-02-06
1139,246624,4,2005-06-14
1139,1559156,4,2005-08-13
1139,1079047,4,2004-08-26
1139,2054183,4,2004-11-22
1139,1245317,4,2005-06-01
1139,1386881,4,2005-06-05
1139,2435028,5,2005-06-11
1139,1704412,1,2005-06-29
1139,2557861,5,2005-10-16
1139,1602339,5,2005-07-09
1139,318128,5,2005-08-13
1139,2431427,5,2004-11-08
1139,1972808,4,2004-11-28
1139,154465,4,2005-05-22
1139,2070655,3,2005-06-29
1139,488091,1,2005-07-26
1139,29431,3,2004-11-04
1139,366915,5,2004-12-12
1139,619912,5,2005-01-27
1139,347088,1,2005-02-20
1139,1614040,4,2005-07-08
1139,507603,1,2005-08-20
1139,1957332,3,2005-08-30
1139,1259220,5,2005-09-05
1139,1274599,5,2004-08-16
1139,418717,5,2004-11-02
1139,465986,4,2004-12-21
1139,1063911,5,2005-06-07
1139,565887,5,2005-08-26
1139,620812,4,2004-09-20
1139,1365245,5,2005-06-17
1139,704651,5,2005-10-22
1139,2537543,1,2005-07-09
1139,1331224,3,2005-07-18
1139,1667173,5,2004-09-28
1139,1075759,5,2005-05-07
1139,81700,5,2005-06-25
1139,2356037,4,2005-07-03
1139,969783,5,2005-11-21
1139,803001,5,2005-08-30
1139,2232677,3,2005-05-29
1139,74175,4,2005-02-27
1139,1591900,5,2005-04-01
1139,1061597,5,2005-04-18
1139,1100035,4,2005-05-08
1139,2079908,4,2005-05-31
1139,2339399,2,2005-06-17
1139,2191648,4,2005-07-03
1139,552739,5,2005-07-13
1139,733416,4,2004-07-15
1139,1133844,3,2005-05-31
1139,2293875,5,2005-06-03
1139,2469851,2,2005-06-05
1139,276131,5,2005-07-05
1139,1572525,4,2004-09-24
1139,2521051,5,2004-10-06
1139,1365592,5,2004-11-19
1139,1042826,4,2004-12-09
1139,1586458,5,2004-12-09
1139,655505,4,2005-05-01
1139,2503473,4,2005-06-01
1139,1706444,4,2005-06-02
1139,1869745,1,2005-07-10
1139,2580679,5,2004-10-19
1139,2314153,5,2005-01-09
1139,2186676,4,2005-04-06
1139,2328186,4,2005-04-10
1139,174936,5,2005-06-18
1139,174972,4,2004-07-12
1139,1956058,3,2005-08-21
1139,1680854,4,2005-09-06
1139,2266509,5,2005-09-11
1139,1302673,4,2005-06-02
1139,675655,5,2005-06-13
1139,744003,5,2005-06-17
1139,1176271,5,2005-07-07
1139,1765696,4,2005-08-10
1139,661903,3,2005-10-31
1139,2583460,5,2004-07-15
1139,578526,5,2004-08-30
1139,2245965,5,2004-12-26
1139,2159156,5,2005-01-22
1139,564321,4,2005-03-09
1139,697049,3,2005-05-03
1139,420353,5,2005-05-16
1139,1596032,1,2005-06-29
1139,96028,3,2005-09-04
1139,2131109,5,2005-08-08
1139,1578321,3,2005-08-29
1139,1472358,4,2005-09-07
1139,1294917,5,2005-03-20
1139,1387446,4,2005-04-23
1139,818416,3,2005-06-12
1139,1643021,5,2005-06-21
1139,1064977,4,2005-10-25
1139,492175,4,2005-11-16
1139,2508793,4,2005-07-20
1139,486512,3,2004-10-24
1139,2080752,5,2004-11-17
1139,1547377,5,2005-02-02
1139,1637615,5,2005-04-01
1139,1628403,5,2005-06-02
1139,2461307,5,2005-06-02
1139,803489,5,2005-06-04
1139,835473,4,2005-06-05
1139,2596061,2,2005-06-25
1139,1288459,4,2004-11-05
1139,1096430,3,2005-10-01
1139,885940,3,2004-08-17
1139,1176011,1,2005-08-01
1139,784914,5,2005-08-23
1139,239244,4,2004-10-04
1139,1367460,5,2005-06-08
1139,1149707,5,2005-12-26
1139,556534,4,2004-08-21
1139,314718,5,2004-10-18
1139,975582,5,2004-12-16
1139,1683604,5,2005-02-06
1139,1071305,5,2005-05-02
1139,1252307,5,2005-06-01
1139,2637251,3,2005-06-28
1139,2595544,1,2005-07-14
1139,1145736,5,2004-08-09
1139,1848148,5,2004-09-11
1139,803610,3,2004-10-07
1139,1709076,5,2005-03-11
1139,610014,3,2005-07-09
1139,200189,5,2005-08-25
1139,1002635,4,2005-08-31
1139,1562656,2,2005-04-19
1139,122302,5,2004-11-03
1139,2057628,3,2004-11-12
1139,2211241,5,2005-06-02
1139,2264176,5,2005-06-13
1139,952078,5,2005-07-06
1139,1964939,5,2004-09-16
1139,113821,3,2004-07-13
1139,585251,4,2004-07-07
1139,645242,4,2005-08-14
1139,762194,5,2005-08-26
1139,2152889,4,2004-10-21
1139,905511,4,2005-02-03
1139,462171,3,2005-06-08
1139,2297136,1,2005-06-23
1139,1746205,5,2005-07-20
1139,795082,5,2005-08-27
1139,2498949,1,2005-09-08
1139,1435822,5,2004-10-26
1139,1828822,5,2004-12-12
1139,2262888,5,2005-01-07
1139,251123,5,2005-05-31
1139,2429098,5,2005-06-02
1139,2506228,3,2005-10-12
1139,738885,3,2004-07-09
1139,7617,5,2004-07-24
1139,1542456,3,2004-08-26
1139,1955660,5,2005-01-20
1139,2353709,5,2005-04-17
1139,2175395,5,2005-07-01
1139,2421376,5,2005-09-02
1139,1098510,4,2005-07-13
1139,564441,4,2004-06-26
1139,2421539,4,2005-08-20
1139,927191,5,2005-08-24
1139,2509048,5,2004-12-12
1139,902379,5,2004-12-13
1139,68979,5,2005-01-26
1139,1921661,5,2005-02-18
1139,2562137,2,2005-04-15
1139,1139477,2,2005-06-01
1139,183376,4,2005-06-15
1139,2070911,3,2005-07-03
1139,1967707,4,2005-08-16
1139,1928542,4,2004-08-05
1139,1507246,4,2004-12-15
1139,1358330,5,2005-05-29
1139,2644448,4,2005-06-04
1139,210140,5,2005-07-08
1139,213727,5,2004-06-29
1139,525877,5,2004-08-21
1139,2216966,3,2005-08-31
1139,823470,5,2004-10-31
1139,249060,4,2005-04-11
1139,2130949,5,2005-06-11
1139,2305826,1,2005-06-20
1139,621114,5,2005-09-03
1139,1382328,5,2004-09-10
1139,1826684,4,2004-09-20
1139,1429087,5,2004-09-24
1139,610261,4,2004-10-31
1139,2589413,5,2004-12-29
1139,1352682,4,2005-06-10
1139,1343595,5,2005-06-11
1139,2149401,5,2005-09-18
1139,819669,5,2004-09-29
1139,434655,5,2005-06-08
1139,918600,5,2005-08-05
1139,533713,5,2004-06-28
1139,1421783,5,2004-10-09
1139,2422348,5,2004-10-13
1139,891215,4,2004-11-04
1139,1811399,2,2004-12-23
1139,2245519,2,2005-02-13
1139,2156560,5,2005-03-12
1139,1312448,2,2005-06-01
1139,1315776,4,2005-09-18
1139,2389173,5,2005-09-23
1139,122075,4,2005-09-29
1139,1587552,4,2005-03-10
1139,1438902,4,2005-04-26
1139,1833588,5,2005-04-27
1139,684531,4,2005-05-17
1139,2605778,4,2005-10-01
1139,2458047,4,2004-12-05
1139,2216196,4,2004-10-11
1139,2485749,5,2005-01-26
1139,711046,5,2005-02-03
1139,81443,5,2005-04-07
1139,1775894,4,2005-06-11
1139,1319339,5,2005-07-13
1139,592416,4,2004-07-12
1139,1455698,4,2004-11-29
1139,2264314,5,2005-01-05
1139,1070784,5,2005-10-16
1139,2512913,5,2005-10-27
1139,1560429,5,2005-08-18
1139,625533,4,2004-09-07
1139,1399457,5,2004-10-07
1139,2118362,4,2005-02-11
1139,43729,5,2005-05-20
1139,262681,5,2005-07-26
1139,1534356,5,2005-08-09
1139,385191,4,2005-08-23
1139,275677,5,2004-09-28
1139,151263,4,2005-06-04
1139,1131615,3,2005-07-05
1139,2201816,2,2005-11-28
1139,963972,5,2005-07-23
1139,300090,4,2005-07-26
1139,133780,3,2004-10-04
1139,1454642,4,2004-11-17
1139,1469694,5,2005-01-01
1139,2356782,4,2005-01-06
1139,153388,4,2005-09-11
1139,507498,5,2004-07-12
1139,1772901,4,2004-08-07
1139,2521597,5,2004-06-25
1139,690460,5,2004-10-23
1139,1663850,5,2004-11-15
1139,1703589,5,2005-05-27
1139,592466,4,2005-06-03
1139,448155,3,2005-06-06
1139,1276071,5,2005-06-11
1139,1743381,3,2005-06-27
1139,1860383,4,2005-07-04
1139,2342966,5,2005-10-19
1139,24248,4,2005-11-27
1139,1483664,5,2004-06-24
1139,355763,5,2005-01-24
1139,2042475,3,2005-02-16
1139,2401413,5,2005-12-25
1139,1758447,4,2005-08-02
1139,1179373,5,2004-08-30
1139,196062,5,2004-10-02
1139,1325320,5,2005-04-20
1139,2002198,3,2005-06-22
1139,1326277,5,2005-06-22
1139,762718,5,2004-08-10
1139,2499056,5,2005-08-29
1139,1857889,2,2004-10-05
1139,1984602,3,2005-02-14
1139,376207,4,2005-02-23
1139,379443,3,2005-05-31
1139,1184520,4,2005-06-01
1139,2374724,4,2005-03-05
1139,1810312,5,2005-06-05
1139,941206,3,2005-09-09
1139,1759487,5,2005-09-23
1139,2479785,5,2004-10-13
1139,2236026,5,2004-12-28
1139,1524316,2,2005-06-27
1139,664198,1,2005-10-06
1139,726434,5,2005-07-07
1139,358145,5,2005-08-16
1139,2354732,5,2004-07-29
1139,86901,4,2004-09-27
1139,75992,4,2004-11-24
1139,880786,5,2005-01-03
1139,2367141,5,2005-02-11
1139,423251,3,2005-06-04
1139,1570161,5,2005-06-10
1139,2423254,5,2005-07-12
1139,106870,4,2004-06-28
1139,2478711,5,2005-08-30
1139,1171694,5,2004-07-09
1139,1557557,3,2005-06-23
1139,2074901,4,2005-10-10
1139,2499476,4,2005-10-31
1139,1659831,1,2005-07-05
1139,52055,5,2005-08-29
1139,352801,5,2004-09-29
1139,631760,2,2004-10-26
1139,520058,5,2004-10-22
1139,2251818,4,2005-06-27
1139,2494238,5,2005-06-10
1139,1890837,3,2005-07-03
1139,929407,4,2004-08-07
1139,2351316,5,2005-06-02
1139,766518,5,2005-06-09
1139,1855590,5,2005-06-30
1139,2155274,5,2005-09-10
1139,1069906,4,2005-08-02
1139,707095,4,2005-08-25
1139,391666,5,2005-09-03
1139,140251,5,2004-12-29
1139,696970,3,2005-05-23
1139,1171905,5,2005-05-26
1139,2363228,4,2005-05-31
1139,2599223,5,2005-07-02
1139,2258714,3,2005-12-14
1139,1744939,4,2005-07-25
1139,2577040,5,2004-10-04
1139,1460288,3,2005-03-07
1139,1637650,2,2005-08-28
1139,2537480,5,2004-11-20
1139,2334289,5,2004-12-07
1139,1533695,5,2005-04-06
1139,260373,1,2005-06-10
1139,1384869,1,2005-07-09
1139,2455675,5,2005-07-19
1139,2488897,5,2005-08-12
1139,683156,5,2004-09-17
1139,2022000,5,2004-09-30
1139,1379178,5,2005-06-12
1139,1492475,5,2005-09-19
1139,379557,2,2005-07-25
1139,274652,5,2005-08-24
1139,1216005,3,2005-08-28
1139,16272,4,2004-10-13
1139,689531,1,2004-12-21
1139,1714066,4,2005-05-31
1139,797503,5,2005-09-10
1139,327947,4,2005-10-04
1139,1903321,5,2005-10-13
1139,55758,2,2005-08-14
1139,310153,5,2004-10-22
1139,2399092,5,2004-10-26
1139,1332116,5,2005-03-20
1139,369912,5,2005-04-22
1139,1185379,3,2005-06-07
1139,896699,5,2005-06-08
1139,1142973,4,2005-08-06
1139,116211,2,2004-07-11
1139,798874,4,2005-09-08
1139,974694,5,2004-10-10
1139,1603774,5,2004-10-17
1139,738967,4,2004-11-03
1139,2481095,5,2004-11-13
1139,946485,5,2004-12-06
1139,731963,5,2005-04-13
1139,2176382,5,2005-05-31
1139,1915847,5,2005-06-23
1139,2517406,3,2005-01-19
1139,2249918,5,2005-01-27
1139,259029,4,2005-06-17
1139,394803,3,2005-06-25
1139,913546,4,2005-07-05
1139,739772,5,2005-07-24
1139,1508741,2,2005-07-29
1139,226048,4,2004-06-20
1139,1298475,4,2004-09-24
1139,1067082,5,2005-04-19
1139,287713,5,2005-07-08
1139,199224,5,2004-09-01
1139,1672832,5,2004-05-29
1139,8206,5,2005-01-25
1139,821364,3,2005-03-29
1139,699566,3,2005-06-01
1139,2554101,4,2005-10-20
1139,949604,3,2005-09-08
1139,1637403,4,2005-06-13
1139,1082828,5,2004-10-17
1139,973445,4,2005-01-09
1139,663189,5,2005-01-20
1139,1430587,5,2005-05-22
1139,1845582,5,2005-09-12
1139,219613,5,2005-07-07
1139,305344,1,2004-09-14
1139,8450,5,2004-07-08
1139,2583074,5,2004-10-04
1139,1202670,3,2005-05-09
1139,2166180,5,2005-06-22
1139,2607494,5,2005-06-23
1139,1580571,5,2005-09-03
1139,2152728,5,2005-05-13
1139,136926,5,2005-06-02
1139,1404610,3,2005-07-30
1139,1225749,5,2004-07-13
1139,1140336,4,2005-09-05
1139,2311110,5,2004-08-23
1139,2035671,4,2005-01-12
1139,2190389,5,2005-03-07
1139,1703456,4,2005-05-09
1139,2237693,2,2005-06-08
1139,1548841,3,2005-06-09
1139,2307173,5,2005-07-01
1139,799006,5,2005-10-17
1139,2539184,3,2005-08-08
1139,2142975,5,2005-08-17
1139,1691135,5,2005-01-28
1139,1079264,5,2004-09-02
1139,1793130,5,2005-01-13
1139,1231570,5,2005-03-25
1139,552171,5,2005-06-05
1139,1663536,5,2004-07-20
1139,828795,5,2004-07-30
1139,2491031,4,2005-06-09
1139,1013959,2,2005-10-13
1139,2450451,3,2005-07-06
1139,1602754,5,2005-07-30
1139,1958504,5,2004-07-28
1139,974697,5,2004-10-08
1139,1425839,5,2005-03-04
1139,1256772,5,2005-06-10
1139,895386,4,2005-06-28
1139,380767,3,2005-11-12
1139,2057489,4,2005-07-28
1139,1437766,5,2004-07-26
1139,1934779,2,2005-08-07
1139,616049,5,2004-09-27
1139,759095,5,2004-12-02
1139,2242891,3,2005-02-24
1139,325790,5,2005-06-02
1139,947801,5,2005-09-20
1139,1808742,5,2005-07-07
1139,1058762,3,2004-08-16
1139,1209815,5,2005-08-17
1139,1757385,5,2005-08-30
1139,508042,5,2004-08-17
1139,510535,5,2005-06-03
1139,2389458,5,2005-05-23
1139,937487,5,2005-06-28
1139,2162095,5,2005-12-25
1139,2180741,5,2005-05-11
1139,1045400,5,2005-05-31
1139,88009,5,2005-06-02
1139,1844264,5,2005-06-08
1139,1832243,2,2005-06-15
1139,2504976,4,2005-06-20
1139,405997,3,2005-06-28
1139,1912439,4,2004-09-14
1139,1354967,5,2004-11-08
1139,2008460,4,2004-11-28
1139,759799,5,2004-12-15
1139,1783163,3,2005-05-23
1139,1574069,3,2005-06-23
1139,1551124,2,2005-07-03
1139,59673,5,2005-09-20
1139,1204502,5,2005-10-17
1139,1725021,5,2005-07-06
1139,427186,3,2005-07-15
1139,944937,4,2005-08-17
1139,139006,4,2004-08-25
1139,152186,4,2004-10-20
1139,2363256,5,2004-10-26
1139,353335,5,2004-10-26
1139,912290,5,2004-12-29
1139,1065445,4,2005-06-10
1139,2344454,5,2004-11-18
1139,1153800,4,2005-03-23
1139,1706698,4,2005-06-15
1139,1346326,4,2004-08-31
1139,2033906,5,2004-08-09
1139,1794202,4,2004-10-21
1139,2622011,5,2005-05-14
1139,308412,3,2005-06-16
1139,697231,4,2005-11-10
1139,893669,5,2005-07-20
1139,1422314,4,2005-08-17
1139,1745577,5,2004-10-11
1139,1528278,5,2005-03-22
1139,74741,4,2004-10-19
1139,676400,5,2005-01-10
1139,1763812,5,2005-01-13
1139,2635310,4,2005-02-12
1139,1284726,3,2005-03-11
1139,2524523,5,2005-05-14
1139,2467794,5,2005-05-31
1139,1496309,4,2005-06-09
1139,277749,5,2005-11-08
1139,917508,4,2005-07-27
1139,1374107,5,2005-03-09
1139,2262640,5,2005-07-02
1139,1769444,5,2004-08-05
1139,1152594,4,2004-09-15
1139,2618314,5,2004-10-01
1139,1774163,5,2005-03-09
1139,2520141,5,2005-03-15
1139,1252008,5,2005-03-28
1139,318484,5,2005-05-02
1139,509179,3,2005-06-21
1139,2052516,4,2005-07-01
1139,1231945,4,2004-10-28
1139,1648738,3,2004-11-24
1139,1936298,3,2005-01-02
1139,1449969,4,2005-04-21
1139,1478555,4,2005-05-01
1139,1590926,2,2005-06-01
1139,673034,5,2005-10-03
1139,441648,5,2005-08-14
1139,158438,5,2004-08-11
1139,529849,3,2005-01-12
1139,2148037,5,2005-02-06
1139,441887,5,2005-03-07
1139,432225,5,2005-04-09
1139,257100,4,2005-11-01
1139,1411001,4,2005-08-17
1139,1497259,5,2005-09-04
1139,1521476,5,2005-09-08
1139,270035,5,2005-01-06
1139,2537626,5,2005-02-16
1139,2597124,5,2004-07-11
1139,125687,5,2004-07-27
1139,2170463,5,2005-04-03
1139,2646222,5,2005-05-26
1139,504751,4,2005-09-23
1139,2023393,1,2005-07-10
1139,243024,3,2005-07-11
1139,2156793,4,2005-07-30
1139,231009,3,2005-07-07
1139,816435,3,2005-08-28
1139,1613801,5,2005-09-07
1139,164651,4,2004-07-24
1139,1321224,4,2004-11-03
1139,789894,5,2004-11-13
1139,926951,5,2005-06-26
1139,2643551,5,2005-10-24
1139,2148427,4,2005-09-01
1139,422198,5,2004-09-14
1139,2029276,5,2004-10-08
1139,2072858,5,2004-11-01
1139,1991699,4,2004-11-13
1139,471993,5,2004-11-23
1139,1947840,5,2005-02-08
1139,801512,3,2005-06-27
1139,1138833,3,2005-07-11
1139,1385340,5,2004-10-09
1139,130414,5,2005-05-23
1139,413232,5,2005-10-03
1139,2533242,4,2005-07-07
1139,1705380,5,2005-07-09
1139,276544,3,2005-08-19
1139,1466533,5,2005-08-30
1139,747712,4,2005-09-02
1139,1232372,4,2005-09-04
1139,2637338,5,2004-07-31
1139,419737,5,2005-06-06
1139,1140115,2,2005-06-07
1139,2186818,5,2005-06-09
1139,2316429,4,2005-06-26
1139,1803687,4,2005-02-04
1139,883639,5,2005-10-19
1139,1485625,5,2005-04-01
1139,507911,5,2005-04-17
1139,1076036,5,2005-05-31
1139,2393478,2,2005-06-01
1139,310887,4,2005-09-16
1139,2207886,2,2005-07-08
1139,1837470,2,2005-07-26
1139,848014,4,2005-04-26
1139,923909,5,2005-06-18
1139,1649717,5,2005-09-09
1139,2054610,5,2005-11-23
1139,1828983,5,2004-08-24
1139,1020134,5,2004-09-17
1139,858719,3,2004-10-13
1139,1718032,4,2004-11-12
1139,1277321,5,2004-11-13
1139,2402157,5,2005-05-20
1139,1993836,4,2005-06-29
1139,1367174,4,2005-12-04
1139,615036,5,2005-08-04
1139,55363,5,2004-06-25
1139,2473291,5,2005-03-20
1139,1807774,2,2005-02-16
1139,816473,5,2005-03-08
1139,1021635,5,2005-06-26
1139,2592264,4,2005-06-26
1139,2192840,1,2005-07-03
1139,676489,5,2004-10-05
1139,568930,5,2005-02-11
1139,906040,4,2005-06-10
1139,200098,3,2005-10-01
1139,1970215,4,2005-07-13
1139,1806515,4,2005-08-12
1139,2147989,4,2004-06-27
1139,1795511,5,2005-08-25
1139,734010,4,2004-07-06
1139,2301357,5,2004-10-04
1139,2310340,5,2004-10-21
1139,1066915,5,2005-03-01
1139,41422,4,2005-09-11
1139,2118461,5,2005-12-22
1139,1553376,5,2004-08-26
1139,2158175,4,2005-09-05
1139,1729051,5,2004-12-14
1139,345210,5,2005-03-04
1139,1184498,4,2005-06-13
1139,517660,4,2005-06-23
1139,1813609,4,2005-10-03
1139,2272187,5,2005-07-10
1139,1413602,5,2004-09-16
1139,1480155,5,2005-05-31
1139,1341850,5,2005-09-05
1139,616794,3,2005-07-19
1139,1024568,5,2004-09-12
1139,387418,1,2005-08-06
1139,369362,3,2005-08-07
1139,133982,4,2005-01-30
1139,1784909,3,2005-03-15
1139,228061,5,2005-06-25
1139,2174754,5,2005-09-09
1139,498489,1,2005-07-12
1139,1402285,5,2004-06-25
1139,144836,4,2005-08-06
1139,2043398,5,2004-10-19
1139,1113222,5,2004-10-27
1139,1705361,4,2004-10-27
1139,2101985,5,2005-03-31
1139,1853510,3,2005-06-19
1139,1105756,5,2005-11-02
1139,622096,5,2005-08-24
1139,1567045,5,2004-09-16
1139,1381285,4,2004-11-08
1139,493782,5,2004-12-08
1139,2561176,5,2005-05-30
1139,1338222,5,2005-10-20
1139,589097,5,2005-07-15
1139,872215,3,2004-06-30
1139,2487127,1,2004-09-19
1139,931654,3,2005-05-31
1139,843526,2,2005-06-09
1139,1942381,3,2005-06-28
1139,867948,4,2005-02-20
1139,2379439,4,2005-07-20
1139,1262628,5,2004-07-29
1139,893014,2,2005-06-01
1139,1089664,3,2005-06-02
1139,2339656,4,2005-06-20
1139,1546273,5,2005-06-20
1139,1861095,4,2005-06-23
1139,744216,5,2005-09-09
1139,502948,5,2005-07-13
1139,725942,4,2005-07-13
1139,482208,4,2004-09-01
1139,246450,5,2004-09-29
1139,757828,5,2004-11-30
1139,2412960,4,2005-01-26
1139,1396694,4,2005-05-31
1139,108176,5,2005-06-06
1139,20809,4,2005-11-18
1139,611593,3,2005-08-08
1139,1645904,5,2005-08-26
1139,2029676,3,2005-05-31
1139,423084,5,2005-07-04
1139,965421,5,2005-10-10
1139,2192609,5,2005-07-30
1139,1160597,4,2004-09-18
1139,1987171,5,2004-09-22
1139,824157,2,2004-09-29
1139,903107,1,2004-11-03
1139,33051,2,2005-01-02
1139,2641807,4,2005-02-16
1139,2000145,5,2005-03-02
1139,998059,3,2005-06-07
1139,1361438,4,2005-06-27
1139,1536953,4,2005-07-02
1139,2355802,3,2005-07-13
1139,1308617,4,2005-09-20
1139,2456552,5,2005-02-19
1139,667750,4,2005-01-03
1139,70893,5,2005-03-11
1139,2490540,5,2005-06-07
1139,1961167,4,2005-06-17
1139,468670,4,2005-11-16
1139,1730570,5,2005-07-06
1139,531010,3,2005-07-12
1139,1817327,5,2005-08-22
1139,2069106,5,2005-08-26
1139,2423385,5,2005-02-28
1139,2622415,5,2005-05-26
1139,1093313,4,2005-06-03
1139,1461435,1,2005-06-12
1139,1210088,5,2005-07-08
1139,175957,5,2004-12-13
1139,681745,5,2004-12-29
1139,381142,3,2005-06-02
1139,2524045,5,2005-06-06
1139,2584374,5,2005-12-12
1139,692835,4,2005-08-10
1139,2380866,4,2005-05-22
1139,2357186,5,2005-06-06
1139,1883703,4,2005-06-27
1139,1500745,5,2005-06-30
1139,694737,5,2005-08-18
1139,53688,5,2005-08-29
1139,2625607,1,2005-09-10
1139,908324,5,2004-10-14
1139,2301102,5,2004-09-11
1139,2622194,5,2004-11-22
1139,2233389,5,2004-12-23
1139,1968132,5,2005-01-19
1139,2041697,5,2005-03-18
1139,652008,5,2005-05-07
1139,1127529,3,2005-06-04
1139,1528081,5,2005-06-04
1139,272241,4,2005-06-19
1139,2149233,5,2005-07-04
1139,2509142,5,2005-11-21
1139,2076467,5,2005-07-07
1139,2210239,1,2005-07-09
1139,1533580,4,2005-07-13
1139,350817,5,2004-08-09
1139,135105,5,2004-08-31
1139,2097364,5,2005-01-05
1139,855609,4,2005-04-14
1139,1860444,4,2005-04-15
1139,1210147,5,2005-10-28
1139,1515355,5,2004-09-03
1139,314018,5,2005-01-19
1139,1094132,4,2005-04-17
1139,408857,5,2005-05-31
1139,466669,5,2005-06-01
1139,1068902,4,2005-06-22
1139,2339135,4,2005-07-15
1139,1052957,4,2005-08-10
1139,281272,5,2005-08-23
1139,2277303,5,2004-09-19
1139,1631730,4,2004-09-29
1139,2093105,4,2005-05-31
1139,2558351,4,2004-08-20
1139,2176630,2,2005-12-23
1139,929742,5,2005-09-14
1139,1881160,4,2005-08-29
1139,589636,5,2005-01-23
1139,577270,3,2005-06-07
1139,1329805,4,2005-06-25
1139,476843,2,2005-09-23
1139,2261556,4,2005-11-18
1139,886158,3,2005-07-11
1139,2021052,4,2005-07-27
1139,2210980,4,2005-07-28
1139,518137,4,2004-06-16
1139,741619,3,2004-09-11
1139,696146,5,2005-01-03
1139,1914987,3,2005-05-11
1139,1229414,3,2005-06-26
1139,1065289,5,2005-07-15
1139,877856,5,2005-08-11
1139,1658413,5,2004-08-07
1139,2117516,5,2004-07-07
1139,330429,5,2004-11-23
1139,551584,4,2005-05-22
1139,2005509,5,2005-03-09
1139,1910428,5,2005-04-11
1139,2403480,4,2005-07-06
1139,2268948,4,2005-07-12
1139,699210,2,2005-08-15
1139,1554349,4,2004-08-23
1139,1769144,4,2004-08-12
1139,2393052,5,2004-10-16
1139,749538,4,2005-07-05
1139,840261,5,2005-09-06
1139,974985,4,2004-12-28
1139,2057604,5,2005-05-31
1139,2086634,5,2005-06-03
1139,14371,2,2005-09-18
1139,2438708,5,2005-11-03
1139,720350,5,2005-08-19
1139,2029858,5,2004-06-14
1139,1878798,5,2005-08-29
1139,494618,5,2005-01-09
1139,1986879,5,2005-06-26
1139,2435487,4,2005-07-06
1139,118523,3,2005-07-17
1139,955278,3,2005-08-11
1139,210595,5,2005-08-16
1139,546720,5,2005-08-19
1139,578664,5,2004-08-23
1139,2335778,4,2004-12-21
1139,1504595,4,2005-05-03
1139,1119218,3,2005-06-27
1139,168958,2,2005-08-16
1139,1070,4,2005-08-12
1139,1309323,2,2004-09-04
1139,2094016,5,2004-10-12
1139,1754067,4,2004-10-17
1139,538855,4,2005-01-25
1139,1925458,4,2005-06-06
1139,255177,5,2005-08-28
1139,2197603,5,2004-10-26
1139,1877934,5,2004-12-28
1139,51464,5,2004-12-29
1139,314043,4,2005-02-11
1139,620558,4,2005-06-16
1139,1064519,5,2005-06-21
1139,2182611,5,2005-11-07
1139,1486085,3,2005-07-10
1139,529081,3,2005-08-17
1139,73948,1,2004-10-10
1139,2052430,5,2004-10-17
1139,1152342,3,2004-10-21
1139,1547794,4,2004-12-12
1139,1435026,5,2005-02-11
1139,2103624,4,2005-03-18
1139,1374547,3,2005-03-24
1139,1174447,3,2005-06-02
1139,1754164,4,2005-06-02
1139,1361661,5,2005-06-03
1139,1433468,4,2005-10-18
1139,346587,3,2005-07-09
1139,1910482,2,2005-08-31
1139,1075837,4,2005-07-06
1139,2207031,4,2005-07-14
1139,129364,5,2004-06-26
1139,21823,4,2004-09-27
1139,789449,4,2004-10-08
1139,109516,5,2004-10-20
1139,2235010,5,2004-12-14
1139,2076120,5,2005-06-01
1139,497736,4,2005-06-16
1139,143997,5,2005-10-29
1139,1499220,4,2005-08-12
1139,910075,5,2004-07-29
1139,385882,4,2004-10-04
1139,247249,4,2005-01-05
1139,72398,5,2005-02-02
1139,1640592,5,2005-03-07
1139,2511772,4,2005-06-10
1139,626332,4,2005-06-21
1139,1733623,5,2004-07-29
1139,2615017,5,2004-07-07
1139,1640555,4,2005-08-29
1139,922289,5,2004-10-01
1139,1125075,4,2005-05-31
1139,594201,5,2005-06-02
1139,1535009,5,2005-06-19
1139,1792881,4,2005-09-28
1139,2021849,5,2004-10-11
1139,740272,4,2005-03-01
1139,1425856,5,2005-06-21
1139,1927048,2,2005-09-12
1139,145647,5,2005-09-28
1139,208255,5,2004-09-10
1139,79633,4,2005-04-24
1139,617970,5,2005-06-09
1139,1646530,5,2005-06-09
1139,1203467,1,2005-06-21
1139,1422559,5,2005-09-11
