6439,2395754,5,2005-07-08
6439,2173008,5,2005-08-25
6439,1242432,3,2005-08-25
6439,1666902,5,2005-04-05
6439,78332,4,2005-05-24
6439,1850680,1,2005-09-17
6439,754082,4,2005-09-19
6439,2360117,3,2005-12-28
6439,944189,4,2005-05-22
6439,2325737,4,2005-05-23
6439,914508,5,2005-06-13
6439,1636115,3,2005-07-01
6439,730704,4,2005-07-04
6439,1121247,5,2005-09-23
6439,953368,5,2005-09-30
6439,125282,4,2005-10-10
6439,1148143,4,2005-10-26
6439,2171849,5,2005-03-14
6439,2625420,2,2005-03-16
6439,1977128,4,2005-03-20
6439,984874,3,2005-05-13
6439,255357,4,2005-06-20
6439,595284,4,2005-06-26
6439,908205,4,2005-09-30
6439,1279858,2,2005-10-22
6439,1155304,4,2005-07-11
6439,2023962,5,2005-07-17
6439,2199258,5,2005-04-07
6439,119287,5,2005-04-08
6439,2149668,3,2005-04-21
6439,542105,5,2005-05-13
6439,528423,5,2005-06-06
6439,2260788,4,2005-06-14
6439,2598622,4,2005-06-26
6439,2094064,3,2005-09-12
6439,957447,5,2005-09-29
6439,1465418,5,2005-10-12
6439,1815614,1,2005-11-09
6439,1010370,5,2005-11-20
6439,858700,5,2005-12-07
6439,2628763,4,2005-02-14
6439,1387049,4,2005-05-25
6439,234517,5,2005-06-11
6439,190249,3,2005-06-18
6439,2183410,3,2005-09-12
6439,575207,5,2005-10-29
6439,1752638,5,2005-02-11
6439,1853515,5,2005-06-11
6439,126877,5,2005-06-29
6439,1163029,5,2005-09-12
6439,1197401,5,2005-10-19
6439,1227064,2,2005-04-17
6439,1746058,5,2005-06-30
6439,1361440,5,2005-09-16
6439,2491366,3,2005-10-04
6439,2404200,4,2005-10-30
6439,2294397,5,2005-11-30
6439,1270009,5,2005-07-27
6439,266968,4,2005-09-07
6439,303948,4,2005-02-14
6439,1937382,5,2005-03-21
6439,225525,5,2005-04-23
6439,326121,5,2005-04-23
6439,1701298,4,2005-05-17
6439,2088489,3,2005-06-01
6439,1378013,5,2005-10-09
6439,1362065,3,2005-10-23
6439,588383,3,2005-10-31
6439,952802,5,2005-11-11
6439,2087711,3,2005-11-28
6439,1402563,3,2005-12-08
6439,69183,3,2005-12-28
6439,289162,5,2005-02-14
6439,1513358,5,2005-02-25
6439,1575221,5,2005-03-16
6439,1058639,5,2005-04-26
6439,1425687,3,2005-06-27
6439,1287795,4,2005-10-27
6439,1585289,5,2005-11-12
6439,2449613,4,2005-12-09
6439,2509588,3,2005-07-14
6439,300146,4,2005-07-14
6439,1567632,3,2005-03-02
6439,2337212,5,2005-03-28
6439,1673185,3,2005-05-07
6439,137231,3,2005-05-23
6439,930710,5,2005-06-18
6439,2479960,5,2005-09-08
6439,1419126,5,2005-10-25
6439,1600076,5,2005-10-28
6439,2240828,4,2005-08-25
6439,902532,4,2005-08-27
6439,2121379,5,2005-09-18
6439,674895,3,2005-10-24
6439,1269320,3,2005-10-27
6439,933508,1,2005-12-21
6439,1309167,5,2005-02-11
6439,571538,1,2005-02-12
6439,828949,5,2005-02-13
6439,1197233,1,2005-03-05
6439,1434637,5,2005-03-11
6439,2153290,5,2005-04-06
6439,2394097,2,2005-04-19
6439,650495,4,2005-06-02
6439,1295097,1,2005-06-27
6439,1080872,5,2005-06-29
6439,1397022,5,2005-09-30
6439,2377124,4,2005-10-15
6439,2254293,4,2005-07-13
6439,1111596,4,2005-09-01
6439,2648176,5,2005-03-02
6439,299607,5,2005-03-14
6439,1734512,5,2005-09-11
6439,650323,5,2005-10-19
6439,1823252,4,2005-11-10
6439,1641859,5,2005-11-20
6439,2363735,3,2005-12-01
6439,1763788,5,2005-08-26
6439,1960633,4,2005-03-04
6439,999456,4,2005-03-13
6439,1415833,5,2005-03-15
6439,559732,5,2005-05-02
6439,2133282,5,2005-06-01
6439,168108,4,2005-06-15
6439,2266083,4,2005-06-15
6439,73103,5,2005-06-16
6439,2465820,3,2005-06-29
6439,18360,5,2005-09-20
6439,151001,4,2005-09-21
6439,1160773,4,2005-09-29
6439,1514115,4,2005-10-02
6439,1161725,5,2005-10-19
6439,1327415,3,2005-11-02
6439,1320926,5,2005-11-10
6439,1370255,4,2005-12-04
6439,848193,5,2005-07-06
6439,1520166,4,2005-07-11
6439,299910,4,2005-07-27
6439,1498913,4,2005-08-30
6439,1009622,1,2005-02-14
6439,647216,3,2005-03-02
6439,1123330,4,2005-03-17
6439,2468445,5,2005-04-05
6439,1204886,4,2005-09-30
6439,2391973,3,2005-12-08
6439,1962947,4,2005-08-31
6439,1054626,1,2005-02-11
6439,347434,4,2005-02-15
6439,1432337,4,2005-06-20
6439,1509395,4,2005-06-24
6439,249474,5,2005-10-01
6439,1741099,5,2005-10-07
6439,2092076,1,2005-10-12
6439,2599606,1,2005-10-24
6439,1521983,3,2005-10-26
6439,1308744,1,2005-10-29
6439,2145441,4,2005-07-08
6439,301874,4,2005-07-11
6439,1262753,2,2005-03-18
6439,178860,3,2005-03-25
6439,1309838,5,2005-04-26
6439,100895,5,2005-05-05
6439,313962,5,2005-06-22
6439,2299612,4,2005-09-09
6439,2324491,4,2005-10-18
6439,1698528,4,2005-11-04
6439,344861,1,2005-12-16
6439,192334,5,2005-12-17
6439,1208146,5,2005-12-31
6439,2216856,4,2005-07-18
6439,1526008,3,2005-09-10
6439,1239410,5,2005-09-10
6439,2242128,5,2005-02-20
6439,1458611,4,2005-04-10
6439,1553126,1,2005-10-21
6439,667426,2,2005-11-02
6439,1532336,3,2005-02-11
6439,2307943,2,2005-02-14
6439,1935222,4,2005-03-07
6439,2167266,4,2005-03-15
6439,2284938,5,2005-06-08
6439,280621,1,2005-09-14
6439,1719457,5,2005-09-17
6439,2422966,5,2005-11-18
6439,942790,1,2005-08-26
6439,1001129,2,2005-03-03
6439,2424449,5,2005-04-05
6439,1221477,5,2005-05-03
6439,157711,4,2005-09-19
6439,126421,3,2005-10-06
6439,190136,4,2005-10-29
6439,962384,1,2005-12-12
6439,2587732,5,2005-08-24
6439,2404752,5,2005-08-27
6439,789969,3,2005-03-28
6439,2437854,5,2005-05-15
6439,2036637,4,2005-06-08
6439,378857,4,2005-06-11
6439,420191,3,2005-06-20
6439,2638724,5,2005-10-03
6439,818021,5,2005-07-18
6439,2531675,3,2005-08-10
6439,2042003,5,2005-03-14
6439,2496232,5,2005-03-10
6439,740695,4,2005-03-26
6439,182865,5,2005-12-17
6439,2257122,5,2005-07-19
6439,2093215,4,2005-08-24
6439,1462959,5,2005-08-24
6439,248151,5,2005-08-29
6439,322874,4,2005-08-30
6439,103619,2,2005-02-28
6439,2289197,4,2005-04-23
6439,1014928,5,2005-07-04
6439,312438,1,2005-10-25
6439,962098,1,2005-11-19
6439,962564,3,2005-11-25
6439,663654,4,2005-07-20
6439,1629943,5,2005-08-23
6439,2484282,2,2005-03-01
6439,2622380,5,2005-03-01
6439,2276416,5,2005-03-03
6439,2319621,3,2005-04-11
6439,1007491,5,2005-04-14
6439,1413194,4,2005-05-19
6439,295718,5,2005-06-25
6439,1895205,1,2005-09-07
6439,486015,2,2005-09-20
6439,214571,1,2005-10-03
6439,349572,4,2005-12-17
6439,2418001,3,2005-12-30
6439,727242,1,2005-02-24
6439,2298660,4,2005-03-24
6439,1307785,4,2005-10-07
6439,1423100,4,2005-07-07
6439,14189,5,2005-08-23
6439,884944,3,2005-02-12
6439,2457710,5,2005-02-13
6439,2449394,5,2005-03-11
6439,261107,5,2005-04-08
6439,512303,5,2005-04-24
6439,1567202,1,2005-04-30
6439,2322383,4,2005-06-24
6439,1145733,4,2005-07-05
6439,2531893,5,2005-07-10
6439,709755,3,2005-07-20
6439,411705,4,2005-02-11
6439,2178619,4,2005-03-17
6439,2174151,4,2005-04-01
6439,1738975,5,2005-05-03
6439,2499019,4,2005-05-27
6439,131752,4,2005-09-01
6439,977108,5,2005-10-07
6439,1204236,5,2005-10-07
6439,1616707,5,2005-10-18
6439,2279688,4,2005-11-04
6439,704223,4,2005-12-04
6439,1082084,4,2005-12-23
6439,1045065,4,2005-02-28
6439,830370,4,2005-03-10
6439,1907860,5,2005-03-15
6439,22853,5,2005-04-01
6439,1243104,5,2005-04-19
6439,612466,5,2005-06-28
6439,1582794,3,2005-07-01
6439,372037,4,2005-09-15
6439,1687663,4,2005-09-19
6439,741852,5,2005-09-21
6439,1272379,1,2005-11-02
6439,268567,5,2005-11-03
6439,1503090,4,2005-07-06
6439,1316604,4,2005-07-07
6439,2215240,5,2005-07-11
6439,977533,4,2005-07-11
6439,703594,4,2005-08-07
6439,98046,5,2005-04-09
6439,2097608,5,2005-06-24
6439,891625,5,2005-06-27
6439,273019,4,2005-09-14
6439,2035299,4,2005-09-24
6439,2290352,2,2005-10-13
6439,119565,5,2005-11-09
6439,1259725,5,2005-11-30
6439,2007499,5,2005-12-14
6439,2284214,5,2005-07-10
6439,429972,5,2005-07-13
6439,286567,3,2005-07-17
6439,1792741,4,2005-02-11
6439,1314869,2,2005-02-12
6439,393730,4,2005-02-21
6439,991671,1,2005-03-14
6439,1176462,3,2005-03-21
6439,1138678,2,2005-06-24
6439,1413833,5,2005-10-05
6439,2100574,5,2005-11-13
6439,2540418,5,2005-07-06
6439,2230416,5,2005-08-03
6439,195504,5,2005-08-24
6439,1432885,4,2005-09-04
6439,2512565,5,2005-02-01
6439,715782,5,2005-03-02
6439,164845,4,2005-03-17
6439,1813197,5,2005-04-18
6439,287470,4,2005-04-21
6439,428365,5,2005-06-24
6439,616529,4,2005-07-01
6439,1928860,4,2005-07-01
6439,1255703,4,2005-09-07
6439,764803,1,2005-10-03
6439,1827952,4,2005-10-09
6439,1719610,5,2005-10-19
6439,591844,5,2005-12-02
6439,2425967,4,2005-04-14
6439,2048858,1,2005-09-25
6439,192726,3,2005-10-05
6439,1350030,4,2005-12-04
6439,1618291,4,2005-07-13
6439,214603,5,2005-08-26
6439,91502,4,2005-09-04
6439,750944,3,2005-02-27
6439,2182008,3,2005-03-14
6439,491293,3,2005-06-01
6439,687445,5,2005-06-20
6439,516343,4,2005-07-02
6439,436613,4,2005-07-03
6439,2487508,4,2005-10-04
6439,2156562,2,2005-10-28
6439,703806,4,2005-12-11
6439,2050877,4,2005-07-05
6439,1718527,3,2005-08-23
6439,436072,5,2005-02-26
6439,767416,5,2005-03-05
6439,2062350,4,2005-03-09
6439,458188,3,2005-03-14
6439,453717,5,2005-03-31
6439,2599774,5,2005-05-14
6439,994195,5,2005-06-16
6439,1411663,2,2005-09-14
6439,1961729,4,2005-07-09
6439,2495566,4,2005-07-10
6439,2187741,3,2005-08-25
6439,1741931,4,2005-03-05
6439,2630337,5,2005-03-10
6439,1819462,4,2005-03-23
6439,1876208,3,2005-03-26
6439,2616396,2,2005-04-17
6439,827056,4,2005-05-17
6439,1426343,5,2005-05-28
6439,2119134,5,2005-06-16
6439,1197779,3,2005-09-10
6439,914350,5,2005-09-17
6439,961632,2,2005-09-28
6439,76143,1,2005-10-02
6439,1389360,3,2005-11-12
6439,1047830,3,2005-02-11
6439,1785900,4,2005-02-16
6439,2439493,2,2005-02-24
6439,1442088,1,2005-05-15
6439,2098310,4,2005-06-07
6439,2495043,5,2005-06-16
6439,1494275,4,2005-06-25
6439,1574003,5,2005-06-24
6439,1839403,5,2005-06-26
6439,144556,1,2005-10-11
6439,508968,4,2005-12-18
6439,2270611,2,2005-12-30
6439,204363,3,2005-07-14
6439,2252343,4,2005-08-24
6439,346182,3,2005-03-06
6439,2046894,5,2005-03-08
6439,1296705,4,2005-03-23
6439,2404082,3,2005-10-07
6439,2614268,2,2005-10-23
6439,1324220,5,2005-11-09
6439,2559843,4,2005-11-21
6439,917008,4,2005-12-01
6439,2620577,5,2005-02-23
6439,2005985,5,2005-03-26
6439,883036,5,2005-05-02
6439,1945571,5,2005-05-04
6439,967163,4,2005-05-05
6439,200895,4,2005-05-25
6439,306895,5,2005-07-03
6439,356035,5,2005-10-02
6439,2397204,3,2005-10-10
6439,1297705,4,2005-10-10
6439,2368618,4,2005-10-26
6439,2479886,5,2005-10-30
6439,162012,5,2005-12-04
6439,1529456,4,2005-08-26
6439,1824389,5,2005-05-16
6439,1452127,5,2005-07-03
6439,293493,5,2005-09-09
6439,275685,4,2005-09-27
6439,1850353,3,2005-10-13
6439,1801528,1,2005-10-18
6439,162078,5,2005-10-27
6439,1205319,4,2005-11-01
6439,1154874,3,2005-12-16
6439,1385044,5,2005-04-21
6439,1007577,3,2005-09-25
6439,1799009,5,2005-09-26
6439,1973332,3,2005-11-16
6439,320675,5,2005-08-24
6439,1131422,5,2005-09-01
6439,941376,5,2005-06-23
6439,910356,5,2005-11-23
6439,1155234,4,2005-11-27
6439,1908191,5,2005-07-09
6439,924960,2,2005-09-07
6439,1905321,3,2005-02-16
6439,468926,4,2005-03-21
6439,322499,5,2005-05-03
6439,242606,5,2005-06-01
6439,2283283,3,2005-09-30
6439,1183174,3,2005-10-03
6439,1286796,5,2005-10-17
6439,962375,2,2005-10-28
6439,817339,4,2005-11-20
6439,1053860,5,2005-11-30
6439,1602278,5,2005-12-04
6439,781032,5,2005-12-09
6439,2515714,5,2005-12-11
6439,1795069,4,2005-12-30
6439,2099486,5,2005-07-21
6439,1370806,5,2005-04-05
6439,1913414,5,2005-04-25
6439,751987,5,2005-06-13
6439,1007545,4,2005-06-29
6439,1126751,4,2005-10-10
6439,1726347,5,2005-12-18
6439,2243690,3,2005-12-24
6439,2626223,1,2005-12-27
6439,2451736,5,2005-08-19
6439,1392053,5,2005-08-24
6439,275515,3,2005-08-26
6439,2445812,5,2005-02-24
6439,1946966,5,2005-06-25
6439,2492756,1,2005-06-27
6439,838868,3,2005-09-14
6439,99400,5,2005-09-15
6439,167477,5,2005-09-28
6439,773045,2,2005-11-24
6439,608392,4,2005-12-05
6439,2599422,4,2005-08-21
6439,1405644,5,2005-08-28
6439,2488357,4,2005-02-11
6439,1729265,5,2005-02-28
6439,1950808,4,2005-04-04
6439,2323859,5,2005-04-15
6439,2171089,5,2005-05-21
6439,592122,5,2005-06-17
6439,188233,4,2005-09-07
6439,61227,3,2005-09-19
6439,2542696,4,2005-10-14
6439,194555,5,2005-10-14
6439,1670302,5,2005-10-19
6439,2441692,3,2005-12-02
6439,426410,5,2005-12-14
6439,1398225,4,2005-07-12
6439,753231,3,2005-03-23
6439,2032423,4,2005-03-28
6439,1461077,5,2005-06-08
6439,2406766,3,2005-06-24
6439,1870107,4,2005-09-15
6439,1029120,5,2005-10-02
6439,286783,5,2005-10-20
6439,859380,4,2005-11-05
6439,545569,5,2005-08-22
6439,1623288,5,2005-03-17
6439,732907,2,2005-04-07
6439,1683296,5,2005-04-13
6439,1054140,4,2005-09-19
6439,409629,5,2005-10-27
6439,3323,4,2005-11-03
6439,1026246,4,2005-11-19
6439,1879542,4,2005-12-19
6439,247932,4,2005-12-20
6439,693432,4,2005-12-24
6439,83923,5,2005-07-19
6439,1751084,5,2005-07-29
6439,2035595,3,2005-02-14
6439,1028463,5,2005-03-07
6439,11717,4,2005-03-12
6439,928604,4,2005-07-02
6439,1158787,3,2005-10-12
6439,1322467,4,2005-11-02
6439,833176,5,2005-11-11
6439,2039521,4,2005-11-20
6439,1478933,5,2005-11-25
6439,868881,5,2005-08-23
6439,1003084,1,2005-02-15
6439,661551,5,2005-04-06
6439,618533,3,2005-04-30
6439,1607454,4,2005-05-12
6439,1256419,5,2005-09-13
6439,2502483,3,2005-09-28
6439,704254,5,2005-12-11
6439,1498538,4,2005-07-15
6439,736649,4,2005-07-19
6439,1360690,5,2005-02-12
6439,706832,5,2005-09-09
6439,1619277,3,2005-09-13
6439,1264604,5,2005-10-12
6439,962019,3,2005-08-18
6439,2133551,3,2005-08-27
6439,757005,3,2005-02-11
6439,1092521,3,2005-02-24
6439,111033,5,2005-06-07
6439,2175570,4,2005-10-07
6439,1978747,5,2005-11-07
6439,1041150,4,2005-06-02
6439,1702841,4,2005-06-11
6439,5530,4,2005-06-14
6439,1087416,3,2005-06-25
6439,1926410,4,2005-06-26
6439,2641312,5,2005-10-02
6439,1278244,4,2005-11-27
6439,1866818,5,2005-02-13
6439,812352,3,2005-04-27
6439,1128164,3,2005-06-15
6439,1666920,5,2005-06-28
6439,2051495,5,2005-09-13
6439,456484,5,2005-09-21
6439,1881328,3,2005-09-27
6439,300399,3,2005-11-11
6439,2461142,5,2005-11-17
6439,1014412,5,2005-07-19
6439,165060,3,2005-08-31
6439,441929,3,2005-02-11
6439,2645476,5,2005-02-14
6439,769702,3,2005-02-26
6439,983122,4,2005-04-11
6439,1701231,4,2005-06-19
6439,638020,3,2005-06-28
6439,1986034,5,2005-09-16
6439,1807143,4,2005-10-30
6439,148018,4,2005-11-21
6439,2338558,4,2005-09-04
6439,1093038,4,2005-02-12
6439,1060057,1,2005-02-24
6439,180537,4,2005-05-31
6439,2082864,4,2005-06-26
6439,1107858,4,2005-09-14
6439,409642,3,2005-11-22
6439,1404342,4,2005-07-12
6439,1648727,4,2005-05-04
6439,277837,2,2005-02-17
6439,1419103,3,2005-03-02
6439,384710,3,2005-03-29
6439,823802,5,2005-06-28
6439,2404088,3,2005-06-29
6439,1158822,3,2005-12-08
6439,2558262,5,2005-12-09
6439,2105643,1,2005-07-19
6439,394895,4,2005-03-26
6439,1275535,5,2005-04-20
6439,2413875,4,2005-05-17
6439,2636407,4,2005-06-23
6439,1050956,3,2005-07-02
6439,2239131,5,2005-07-11
6439,2303173,4,2005-07-20
6439,1769920,5,2005-02-14
6439,595778,3,2005-03-09
6439,1001878,5,2005-03-24
6439,2174688,4,2005-05-06
6439,2476306,4,2005-06-21
6439,2417490,2,2005-09-23
6439,1187507,4,2005-09-28
6439,162744,2,2005-08-27
6439,197191,4,2005-02-23
6439,2398923,5,2005-02-11
6439,1385788,1,2005-02-14
6439,2262258,3,2005-06-28
6439,2157472,5,2005-06-29
6439,2268142,5,2005-09-06
6439,2023248,5,2005-09-11
6439,994077,5,2005-10-05
6439,580817,3,2005-12-06
6439,1573228,3,2005-02-14
6439,2550506,3,2005-03-22
6439,1495930,4,2005-09-26
6439,1191305,1,2005-10-03
6439,2613898,1,2005-11-03
6439,2593773,5,2005-11-04
6439,767648,5,2005-11-18
6439,2342568,1,2005-12-26
6439,806310,5,2005-06-08
6439,1287017,3,2005-03-12
6439,1984882,4,2005-05-06
6439,1790513,5,2005-06-23
6439,1964735,5,2005-09-23
6439,770630,5,2005-10-02
6439,1556121,5,2005-10-03
6439,704089,4,2005-10-09
6439,2356468,4,2005-11-11
6439,2251669,3,2005-12-23
6439,2384454,5,2005-07-09
6439,771522,4,2005-07-14
6439,1956679,4,2005-03-21
6439,2392084,3,2005-04-02
6439,2323080,4,2005-04-08
6439,1674112,4,2005-11-19
6439,1147893,4,2005-12-14
6439,2223310,4,2005-07-26
6439,721369,3,2005-08-24
6439,2566639,5,2005-08-24
6439,1467465,5,2005-09-04
6439,456367,5,2005-02-13
6439,1871583,4,2005-02-15
6439,442456,2,2005-03-22
6439,2239987,5,2005-04-01
6439,2240745,5,2005-05-08
6439,1877347,3,2005-05-27
6439,2418489,1,2005-09-20
6439,2309163,5,2005-10-20
6439,1132912,4,2005-11-12
6439,2083805,5,2005-12-01
6439,1093943,5,2005-07-10
6439,1120581,5,2005-08-06
6439,1583631,4,2005-08-25
6439,863227,3,2005-08-26
6439,1059101,3,2005-08-29
6439,2390412,5,2005-02-14
6439,501420,2,2005-04-25
6439,653974,5,2005-05-07
6439,1810141,5,2005-06-20
6439,99847,4,2005-09-13
6439,808826,5,2005-10-23
6439,1464164,5,2005-11-13
6439,1318386,2,2005-07-21
6439,1788023,5,2005-08-23
6439,2516373,4,2005-08-26
6439,2432474,5,2005-04-11
6439,1874390,4,2005-04-25
6439,1880766,4,2005-06-27
6439,752176,5,2005-07-03
6439,1753736,5,2005-10-03
6439,2313013,5,2005-12-08
6439,371378,4,2005-12-23
6439,1059661,3,2005-08-04
6439,1440126,3,2005-02-14
6439,1447562,5,2005-03-05
6439,2591207,5,2005-03-22
6439,833752,5,2005-10-20
6439,196541,3,2005-10-21
6439,2643375,4,2005-10-22
6439,354885,3,2005-11-02
6439,608854,5,2005-11-10
6439,199435,4,2005-11-25
6439,2210272,5,2005-07-10
6439,1321708,5,2005-07-26
6439,577109,4,2005-09-04
6439,312403,5,2005-02-15
6439,49255,5,2005-03-03
6439,439457,5,2005-04-25
6439,801884,4,2005-05-09
6439,668855,5,2005-05-24
6439,2268851,5,2005-06-30
6439,1298057,4,2005-11-13
6439,117270,5,2005-12-14
6439,1058843,1,2005-12-14
6439,973136,4,2005-07-11
6439,437050,4,2005-07-13
6439,595870,3,2005-02-12
6439,341649,2,2005-02-12
6439,1815269,4,2005-02-14
6439,1511096,4,2005-02-28
6439,285208,5,2005-03-08
6439,2209731,4,2005-06-01
6439,995497,3,2005-06-16
6439,596185,4,2005-07-04
6439,105561,4,2005-09-10
6439,1391523,5,2005-09-26
6439,2415495,5,2005-10-25
6439,855310,1,2005-10-27
6439,2128639,5,2005-07-06
6439,1371031,3,2005-08-28
6439,1236981,5,2005-09-05
6439,2391598,5,2005-03-01
6439,2557273,5,2005-05-27
6439,1640334,5,2005-10-13
6439,588285,1,2005-10-31
6439,1035478,4,2005-12-06
6439,1290524,4,2005-07-13
6439,1259970,5,2005-09-01
6439,259431,4,2005-03-20
6439,2051681,4,2005-09-12
6439,215432,4,2005-10-14
6439,989112,3,2005-11-17
6439,2513559,5,2005-12-08
6439,418323,4,2005-12-13
6439,470645,4,2005-07-16
6439,1886026,5,2005-02-20
6439,2485559,4,2005-03-20
6439,322009,3,2005-06-18
6439,1647674,3,2005-07-02
6439,1846387,2,2005-09-16
6439,244916,1,2005-10-07
6439,1174724,5,2005-12-13
6439,1517190,1,2005-07-18
6439,2119848,4,2005-07-20
6439,908448,4,2005-03-08
6439,2302438,1,2005-03-16
6439,1568315,1,2005-06-23
6439,1818059,4,2005-09-02
6439,1099029,5,2005-09-25
6439,1355108,4,2005-10-10
6439,2497027,4,2005-07-10
6439,234606,3,2005-02-22
6439,2220963,5,2005-03-25
6439,2250696,5,2005-03-28
6439,2337014,5,2005-04-12
6439,1470123,3,2005-05-17
6439,2155646,3,2005-11-05
6439,445315,4,2005-08-28
6439,2309509,4,2005-04-07
6439,2637328,5,2005-07-04
6439,150663,3,2005-09-09
6439,2103468,5,2005-09-25
6439,181207,5,2005-11-15
6439,1957786,5,2005-12-11
6439,297453,3,2005-08-25
6439,684108,4,2005-09-05
6439,2225682,3,2005-09-09
6439,1478655,4,2005-03-01
6439,846288,5,2005-03-02
6439,1132764,5,2005-04-21
6439,2081090,5,2005-05-19
6439,1540611,5,2005-06-11
6439,1602407,5,2005-07-03
6439,1071510,4,2005-09-15
6439,1220185,4,2005-09-23
6439,2087499,4,2005-10-29
6439,1013527,4,2005-11-06
6439,1870555,4,2005-07-16
6439,705904,2,2005-02-12
6439,1828866,5,2005-04-29
6439,1410175,4,2005-06-22
6439,2251189,3,2005-06-25
6439,695091,4,2005-07-02
6439,1664010,5,2005-10-17
6439,888773,4,2005-10-18
6439,1663724,3,2005-11-01
6439,1591572,3,2005-07-06
6439,550521,5,2005-08-23
6439,1408249,4,2005-09-06
6439,2152071,5,2005-03-19
6439,486822,5,2005-05-14
6439,2388773,1,2005-05-19
6439,239431,4,2005-10-05
6439,1702974,5,2005-10-13
6439,2327743,3,2005-10-28
6439,933337,5,2005-11-04
6439,1672953,3,2005-11-11
6439,1767560,5,2005-11-17
6439,630835,5,2005-11-18
6439,1588980,3,2005-11-30
6439,307483,4,2005-12-17
6439,1921845,4,2005-07-06
6439,1775696,4,2005-09-03
6439,1018789,5,2005-09-05
6439,948447,3,2005-09-10
6439,2304667,4,2005-02-22
6439,2241103,5,2005-03-22
6439,1831550,5,2005-04-18
6439,2246603,4,2005-05-01
6439,353012,3,2005-09-20
6439,1342719,5,2005-10-11
6439,1699740,5,2005-10-13
6439,67813,3,2005-11-26
6439,394275,4,2005-12-20
6439,1961682,1,2005-12-21
6439,323684,1,2005-07-17
6439,1406543,5,2005-09-08
6439,165541,5,2005-03-12
6439,2457445,4,2005-05-18
6439,1661535,3,2005-06-23
6439,1219858,4,2005-10-22
6439,1322139,4,2005-11-07
6439,1176925,4,2005-07-08
6439,1757577,1,2005-07-10
6439,2219920,4,2005-07-16
6439,1009547,4,2005-06-05
6439,1354427,4,2005-09-14
6439,2411725,5,2005-10-18
6439,2319800,3,2005-10-25
6439,531747,4,2005-11-19
6439,1824267,5,2005-07-21
6439,2584173,5,2005-08-15
6439,2227543,3,2005-08-23
6439,765594,1,2005-08-30
6439,95100,3,2005-09-05
6439,753107,5,2005-09-07
6439,1269877,1,2005-02-21
6439,1177576,5,2005-03-25
6439,2324813,4,2005-06-21
6439,862596,1,2005-09-15
6439,1811832,3,2005-09-16
6439,854441,1,2005-10-11
6439,125806,5,2005-11-26
6439,1940869,5,2005-12-07
6439,569783,5,2005-07-08
6439,281133,5,2005-02-11
6439,1491740,5,2005-03-07
6439,1056827,3,2005-04-06
6439,2222535,1,2005-05-05
6439,1539551,5,2005-06-07
6439,488238,5,2005-06-22
6439,1616746,4,2005-07-02
6439,1255433,5,2005-09-15
6439,2297136,3,2005-10-24
6439,1802241,5,2005-11-21
6439,806267,5,2005-12-26
6439,2103975,5,2005-12-29
6439,235056,4,2005-07-16
6439,2208129,5,2005-07-29
6439,2195651,3,2005-09-02
6439,1636145,2,2005-04-02
6439,1841056,3,2005-04-14
6439,1262971,4,2005-06-09
6439,1293345,4,2005-06-10
6439,2568756,4,2005-06-18
6439,1510806,2,2005-07-17
6439,1359564,5,2005-08-23
6439,1003613,5,2005-08-29
6439,873713,5,2005-08-30
6439,1625284,4,2005-03-07
6439,1984294,5,2005-03-21
6439,2355625,4,2005-05-18
6439,330866,3,2005-06-04
6439,717338,3,2005-09-25
6439,823407,4,2005-10-03
6439,411235,4,2005-11-02
6439,766938,5,2005-11-14
6439,2384410,3,2005-11-30
6439,276358,5,2005-12-15
6439,34300,4,2005-03-10
6439,350360,3,2005-05-01
6439,101798,5,2005-06-09
6439,827381,5,2005-09-16
6439,477254,5,2005-10-22
6439,1489695,2,2005-10-25
6439,436984,5,2005-11-03
6439,2621409,4,2005-11-07
6439,1097058,5,2005-12-29
6439,32458,5,2005-08-24
6439,168263,3,2005-04-11
6439,325451,4,2005-06-18
6439,2117446,5,2005-06-21
6439,865926,5,2005-09-17
6439,992021,3,2005-12-06
6439,251595,4,2005-07-19
6439,1773264,4,2005-02-12
6439,2584421,5,2005-02-26
6439,1117314,5,2005-04-17
6439,1148389,2,2005-05-08
6439,374150,5,2005-06-14
6439,1464011,5,2005-10-04
6439,120072,5,2005-10-10
6439,2307491,5,2005-10-28
6439,1026933,3,2005-12-22
6439,2280726,5,2005-08-12
6439,1439261,4,2005-02-17
6439,635044,4,2005-03-05
6439,75976,4,2005-03-17
6439,653515,4,2005-04-21
6439,1163000,5,2005-05-05
6439,2376710,5,2005-05-25
6439,1071547,5,2005-06-20
6439,612153,5,2005-10-05
6439,1819808,5,2005-10-23
6439,642722,5,2005-10-24
6439,382817,3,2005-10-29
6439,1601970,4,2005-12-29
6439,919539,4,2005-07-17
6439,828349,3,2005-07-16
6439,523105,5,2005-07-28
6439,20328,5,2005-08-31
6439,1235288,3,2005-03-09
6439,1106688,5,2005-07-02
6439,2134385,5,2005-09-08
6439,275577,3,2005-09-10
6439,1515936,3,2005-10-17
6439,2585641,4,2005-10-31
6439,1527704,5,2005-11-10
6439,933819,5,2005-09-02
6439,981753,4,2005-02-14
6439,2138429,5,2005-03-07
6439,1887455,4,2005-03-17
6439,1982605,5,2005-04-26
6439,2379541,3,2005-10-28
6439,1460492,1,2005-11-06
6439,1840194,4,2005-11-08
6439,1935793,3,2005-03-18
6439,1975768,5,2005-03-24
6439,2329625,5,2005-05-24
6439,60171,5,2005-06-08
6439,1806731,4,2005-11-16
6439,325986,3,2005-11-22
6439,2070271,5,2005-07-26
6439,500440,4,2005-08-23
6439,56515,4,2005-04-06
6439,1007984,4,2005-05-11
6439,427967,4,2005-06-19
6439,1091251,3,2005-07-04
6439,1503144,1,2005-09-18
6439,448894,5,2005-09-23
6439,799826,3,2005-10-18
6439,2400234,5,2005-10-26
6439,787598,4,2005-11-06
6439,1208914,1,2005-12-31
6439,147304,5,2005-07-07
6439,1100816,4,2005-07-11
6439,2156708,4,2005-03-23
6439,1106280,5,2005-04-09
6439,2242333,4,2005-04-12
6439,424513,5,2005-04-26
6439,773432,3,2005-09-15
6439,1895172,5,2005-10-30
6439,1906026,3,2005-07-07
6439,1947739,1,2005-07-13
6439,888631,3,2005-07-17
6439,786731,3,2005-08-22
6439,2301246,5,2005-03-14
6439,952063,2,2005-04-21
6439,224053,5,2005-07-14
6439,722591,4,2005-02-12
6439,202501,5,2005-02-26
6439,476104,4,2005-03-14
6439,2646058,5,2005-03-24
6439,2627190,5,2005-04-07
6439,1739801,4,2005-09-30
6439,790517,4,2005-11-02
6439,1495078,4,2005-11-11
6439,403435,4,2005-11-14
6439,188107,3,2005-12-29
6439,672451,4,2005-07-11
6439,1387380,5,2005-07-18
6439,2476026,3,2005-07-21
6439,52138,4,2005-08-23
6439,1016879,4,2005-09-01
6439,2249750,1,2005-03-02
6439,608234,5,2005-03-15
6439,1007245,4,2005-06-30
6439,3321,3,2005-09-12
6439,1013517,1,2005-09-27
6439,16855,4,2005-10-07
6439,74533,3,2005-07-21
6439,2047293,5,2005-08-08
6439,1739329,5,2005-09-05
6439,1122906,4,2005-03-26
6439,2225743,1,2005-03-28
6439,1616870,3,2005-06-01
6439,2297919,5,2005-06-27
6439,661454,5,2005-09-15
6439,576587,5,2005-10-13
6439,834131,5,2005-07-05
6439,1484195,5,2005-08-24
6439,781131,2,2005-02-27
6439,2438925,5,2005-03-05
6439,1977636,5,2005-04-29
6439,535156,4,2005-05-31
6439,1622407,5,2005-06-20
6439,1087978,5,2005-10-20
6439,1594245,5,2005-10-30
6439,1934386,5,2005-12-18
6439,769925,4,2005-12-27
6439,880635,3,2005-07-05
6439,1881654,3,2005-07-13
6439,1917470,4,2005-07-14
6439,871348,2,2005-02-11
6439,948541,3,2005-04-10
6439,831151,2,2005-04-26
6439,2269029,4,2005-04-27
6439,2386443,3,2005-06-20
6439,1542628,4,2005-09-22
6439,2328299,5,2005-09-25
6439,1490538,5,2005-11-09
6439,176841,4,2005-07-15
6439,273047,5,2005-08-16
6439,353247,5,2005-09-06
6439,396440,3,2005-09-08
6439,44675,5,2005-02-28
6439,2041514,5,2005-03-01
6439,2385925,3,2005-03-11
6439,2188670,5,2005-06-10
6439,1172530,3,2005-06-16
6439,1857889,4,2005-09-21
6439,2394704,4,2005-10-26
6439,1220522,4,2005-10-26
6439,1995860,4,2005-11-09
6439,681961,2,2005-12-19
6439,2457720,5,2005-07-13
6439,2617767,4,2005-05-21
6439,891561,5,2005-06-29
6439,1223427,5,2005-09-27
6439,116502,4,2005-09-30
6439,1915978,3,2005-10-14
6439,41033,5,2005-12-07
6439,1006456,3,2005-12-17
6439,1588745,3,2005-09-06
6439,2283770,5,2005-02-13
6439,1653796,4,2005-04-24
6439,950730,5,2005-05-25
6439,294409,5,2005-06-02
6439,680273,2,2005-09-13
6439,2072579,4,2005-09-25
6439,1022794,4,2005-10-05
6439,182134,2,2005-12-07
6439,503334,4,2005-12-23
6439,1284788,4,2005-12-28
6439,2021545,1,2005-09-02
6439,2581556,4,2005-04-22
6439,2089599,4,2005-06-17
6439,333844,4,2005-09-24
6439,1231605,4,2005-10-28
6439,702718,3,2005-11-14
6439,1108004,5,2005-07-10
6439,1129485,5,2005-07-12
6439,523800,4,2005-08-15
6439,2606799,2,2005-02-16
6439,1438031,5,2005-05-16
6439,2345776,5,2005-09-21
6439,1369436,4,2005-10-18
6439,1629301,4,2005-11-22
6439,1565070,4,2005-11-22
6439,480332,5,2005-11-25
6439,273042,2,2005-12-26
6439,1390458,5,2005-07-13
6439,244784,5,2005-08-14
6439,1787038,4,2005-02-12
6439,721718,5,2005-02-26
6439,375606,4,2005-03-29
6439,2379072,5,2005-05-09
6439,761476,1,2005-05-14
6439,1456731,1,2005-09-16
6439,2226619,4,2005-10-05
6439,2257441,4,2005-10-20
6439,817139,3,2005-10-27
6439,2123166,5,2005-11-06
6439,2299574,5,2005-08-15
6439,703009,4,2005-08-23
6439,2236105,4,2005-08-29
6439,2158321,3,2005-03-10
6439,276067,5,2005-05-07
6439,2512235,4,2005-05-08
6439,1453267,5,2005-05-22
6439,1133966,4,2005-06-30
6439,715339,4,2005-07-02
6439,533352,4,2005-12-12
6439,2351316,4,2005-12-21
6439,2245932,3,2005-02-24
6439,116353,5,2005-02-28
6439,1351801,5,2005-04-18
6439,829575,1,2005-05-25
6439,1845472,5,2005-06-29
6439,652795,4,2005-10-25
6439,2220468,3,2005-10-27
6439,414875,3,2005-12-10
6439,133398,4,2005-07-16
6439,1461864,4,2005-03-01
6439,843501,5,2005-05-02
6439,912542,5,2005-05-06
6439,528560,4,2005-05-26
6439,716173,4,2005-06-01
6439,1511623,4,2005-06-27
6439,858941,1,2005-10-25
6439,1919197,5,2005-07-07
6439,224250,5,2005-07-15
6439,423966,5,2005-04-13
6439,1169171,5,2005-06-27
6439,1407227,1,2005-07-03
6439,389704,5,2005-10-11
6439,1315635,4,2005-11-07
6439,2427280,3,2005-11-11
6439,2141153,3,2005-11-12
6439,1817706,3,2005-12-20
6439,1109043,3,2005-07-06
6439,2526342,4,2005-07-12
6439,1310583,4,2005-07-18
6439,1567970,5,2005-02-26
6439,1591124,5,2005-03-08
6439,1860673,4,2005-04-27
6439,2555170,5,2005-06-21
6439,465836,4,2005-06-23
6439,2010587,4,2005-06-29
6439,1790247,5,2005-10-04
6439,1591103,3,2005-10-05
6439,1074020,3,2005-11-01
6439,789014,4,2005-11-09
6439,1412067,4,2005-07-12
6439,2593494,5,2005-08-08
6439,1554657,5,2005-09-02
6439,1047203,4,2005-02-16
6439,915071,5,2005-04-05
6439,209366,4,2005-05-16
6439,1465445,5,2005-06-24
6439,2560726,5,2005-09-11
6439,1457201,3,2005-10-04
6439,1719554,5,2005-10-25
6439,106760,5,2005-10-27
6439,1153562,5,2005-02-17
6439,1210419,4,2005-04-04
6439,1156354,5,2005-05-17
6439,1517290,4,2005-09-24
6439,759638,1,2005-09-30
6439,1789678,4,2005-04-07
6439,1747640,5,2005-06-20
6439,1915847,5,2005-09-22
6439,2270835,4,2005-09-30
6439,962164,4,2005-10-03
6439,754574,4,2005-12-18
6439,1287074,4,2005-12-19
6439,1179803,4,2005-07-18
6439,117607,5,2005-07-19
6439,2213213,5,2005-07-30
6439,556100,1,2005-04-10
6439,2221833,3,2005-05-02
6439,2025860,3,2005-06-24
6439,2182671,4,2005-10-04
6439,825353,5,2005-10-23
6439,565127,5,2005-08-20
6439,2426981,5,2005-08-28
6439,222417,2,2005-03-10
6439,96836,5,2005-05-20
6439,1412213,4,2005-05-21
6439,1760775,4,2005-06-15
6439,1611417,4,2005-06-22
6439,169458,1,2005-10-06
6439,1743599,4,2005-11-03
6439,379952,5,2005-11-15
6439,1459042,3,2005-11-20
6439,259796,4,2005-07-19
6439,1862720,3,2005-08-11
6439,697935,4,2005-05-04
6439,2462935,5,2005-06-27
6439,90900,4,2005-06-27
6439,986479,5,2005-09-12
6439,577849,4,2005-10-17
6439,591238,4,2005-10-24
6439,2631240,4,2005-11-04
6439,133040,3,2005-11-16
6439,2599516,1,2005-12-01
6439,1306404,5,2005-12-14
6439,894232,5,2005-12-21
6439,2373185,5,2005-07-18
6439,1363489,2,2005-02-27
6439,291050,5,2005-03-01
6439,957508,4,2005-03-06
6439,1519647,4,2005-05-17
6439,2149945,4,2005-09-11
6439,1820859,5,2005-09-29
6439,646971,5,2005-10-23
6439,279265,5,2005-11-08
6439,2212463,4,2005-11-16
6439,706630,5,2005-11-21
6439,276968,4,2005-07-08
6439,1779014,3,2005-08-20
6439,2278872,5,2005-08-25
6439,305344,1,2005-02-11
6439,1175759,4,2005-02-28
6439,934923,5,2005-05-02
6439,2075711,3,2005-05-27
6439,85097,3,2005-09-10
6439,1369395,5,2005-09-12
6439,2540042,4,2005-10-19
6439,1669116,5,2005-11-03
6439,390821,4,2005-11-18
6439,1913820,4,2005-12-07
6439,647326,5,2005-07-09
6439,1694750,4,2005-08-30
6439,2049602,3,2005-02-14
6439,2077046,3,2005-04-26
6439,216059,3,2005-05-27
6439,2468830,4,2005-07-06
6439,1737774,3,2005-07-16
6439,16591,5,2005-07-21
6439,1321230,5,2005-09-05
6439,450126,5,2005-09-06
6439,2223630,5,2005-07-03
6439,1714874,5,2005-07-04
6439,2367268,1,2005-09-19
6439,1555558,5,2005-09-23
6439,1388677,4,2005-09-27
6439,223562,4,2005-10-11
6439,1821998,3,2005-10-26
6439,1723910,3,2005-10-29
6439,1710658,3,2005-11-15
6439,2368686,4,2005-12-18
6439,1268171,4,2005-08-11
6439,1417234,5,2005-08-22
6439,31821,5,2005-05-17
6439,2276790,4,2005-05-19
6439,1562632,4,2005-06-16
6439,46331,4,2005-06-20
6439,451410,5,2005-10-04
6439,257923,4,2005-11-10
6439,1117811,5,2005-07-14
6439,1144671,5,2005-08-23
6439,2397454,2,2005-08-23
6439,1720041,3,2005-09-06
6439,2147527,2,2005-11-18
6439,1632503,4,2005-02-14
6439,2457761,5,2005-03-02
6439,2439385,3,2005-05-05
6439,1588457,5,2005-09-14
6439,716107,5,2005-10-21
6439,761741,5,2005-11-02
6439,2152805,3,2005-07-11
6439,596964,3,2005-03-08
6439,586372,5,2005-05-12
6439,880271,3,2005-05-17
6439,1428930,4,2005-06-28
6439,1183437,5,2005-11-04
6439,170232,4,2005-02-28
6439,2170243,3,2005-06-19
6439,2634610,3,2005-06-24
6439,981199,5,2005-09-25
6439,934647,4,2005-10-01
6439,2476116,2,2005-10-26
6439,1131695,5,2005-12-27
6439,2367460,5,2005-03-07
6439,1398903,5,2005-04-29
6439,1476322,5,2005-09-12
6439,124598,5,2005-09-21
6439,1942575,5,2005-09-21
6439,1452396,5,2005-09-27
6439,1288627,5,2005-12-26
6439,299724,4,2005-07-11
6439,1603022,5,2005-08-29
6439,2191674,2,2005-04-05
6439,114884,1,2005-09-08
6439,2516844,5,2005-09-27
6439,2162095,4,2005-11-02
6439,1940067,4,2005-11-07
6439,2092751,3,2005-07-06
6439,299805,4,2005-07-11
6439,2074458,5,2005-07-20
6439,1415024,4,2005-08-27
6439,634268,4,2005-09-03
6439,2174467,4,2005-02-27
6439,615064,4,2005-02-28
6439,1473641,5,2005-02-28
6439,2420298,3,2005-04-18
6439,2598216,5,2005-06-14
6439,139147,3,2005-06-15
6439,349664,4,2005-10-21
6439,1996893,4,2005-10-25
6439,2264690,5,2005-10-28
6439,1347064,5,2005-10-28
6439,1595967,2,2005-12-19
6439,100495,5,2005-07-16
6439,1070547,5,2005-08-19
6439,1653162,5,2005-02-17
6439,1054023,4,2005-03-03
6439,5618,4,2005-04-04
6439,1322920,2,2005-04-11
6439,1604716,5,2005-06-28
6439,2205259,3,2005-09-22
6439,1708366,5,2005-09-25
6439,1820040,5,2005-09-30
6439,794584,5,2005-10-30
6439,890158,4,2005-12-28
6439,997882,5,2005-08-18
6439,1431839,2,2005-09-03
6439,1123618,2,2005-02-12
6439,647111,4,2005-03-02
6439,361058,5,2005-03-28
6439,1003874,4,2005-04-03
6439,149359,4,2005-04-06
6439,530000,4,2005-04-11
6439,1532473,4,2005-04-18
6439,980934,4,2005-09-08
6439,138945,4,2005-09-20
6439,2118797,5,2005-10-06
6439,400588,4,2005-10-12
6439,1403945,5,2005-10-26
6439,1725021,5,2005-11-03
6439,1757916,5,2005-11-20
6439,1948743,5,2005-07-06
6439,2092934,5,2005-07-13
6439,829561,4,2005-03-26
6439,1518510,5,2005-05-31
6439,1082263,5,2005-06-25
6439,496432,4,2005-10-07
6439,1371388,5,2005-07-20
6439,364280,3,2005-08-23
6439,497911,5,2005-06-07
6439,829646,4,2005-10-27
6439,1587290,4,2005-11-08
6439,2515081,4,2005-11-15
6439,1486389,5,2005-12-19
6439,2517870,1,2005-07-07
6439,639302,4,2005-09-22
6439,83950,4,2005-05-31
6439,1860060,5,2005-09-02
6439,1385580,4,2005-09-02
6439,2287125,4,2005-10-17
6439,2418357,5,2005-11-28
6439,853459,4,2005-07-22
6439,918147,4,2005-10-14
6439,16287,4,2005-08-29
6439,2051592,4,2005-04-22
6439,669940,5,2005-04-23
6439,1458838,5,2005-05-21
6439,919510,4,2005-10-12
6439,64059,4,2005-11-05
6439,873264,5,2005-11-19
6439,558055,4,2005-07-13
6439,73316,4,2005-09-10
6439,980292,3,2005-03-17
6439,1070971,4,2005-04-06
6439,1414654,5,2005-06-30
6439,477383,5,2005-09-21
6439,1489846,3,2005-09-24
6439,795473,3,2005-10-02
6439,1415805,5,2005-10-20
6439,1866094,3,2005-10-26
6439,2359487,3,2005-10-30
6439,1939074,4,2005-11-23
6439,1934002,1,2005-12-19
6439,1885503,4,2005-12-31
6439,1323487,5,2005-07-13
6439,2566033,5,2005-03-04
6439,2498939,3,2005-04-23
6439,139081,3,2005-06-20
6439,337793,3,2005-06-28
6439,623838,4,2005-09-14
6439,2017088,4,2005-09-20
6439,74122,3,2005-09-26
6439,1400492,5,2005-10-03
6439,1907843,3,2005-10-21
6439,2630515,2,2005-11-01
6439,927271,1,2005-11-21
6439,286824,5,2005-07-06
6439,2469845,4,2005-07-13
6439,922812,5,2005-07-20
6439,1232251,3,2005-02-28
6439,95441,5,2005-03-02
6439,592394,5,2005-03-22
6439,1717979,1,2005-04-05
6439,227799,5,2005-04-22
6439,488551,5,2005-06-09
6439,795446,1,2005-06-18
6439,1214543,5,2005-06-27
6439,2322355,3,2005-06-30
6439,1856059,4,2005-09-21
6439,960577,5,2005-10-30
6439,1450649,1,2005-11-26
6439,950967,5,2005-12-03
6439,1235909,5,2005-07-12
6439,2287896,3,2005-03-20
6439,555528,4,2005-03-22
6439,1625876,4,2005-05-02
6439,2636781,3,2005-05-04
6439,326350,2,2005-05-26
6439,831272,5,2005-12-07
6439,2018894,4,2005-07-17
6439,136381,5,2005-07-30
6439,1416853,5,2005-08-30
6439,379014,4,2005-02-14
6439,1257438,4,2005-03-15
6439,507873,5,2005-03-23
6439,1133763,3,2005-04-04
6439,923450,2,2005-04-04
6439,874293,4,2005-05-18
6439,600877,5,2005-06-30
6439,1123394,3,2005-10-10
6439,2137451,3,2005-11-01
6439,109963,5,2005-11-16
6439,1332377,5,2005-07-12
6439,2400645,3,2005-07-13
6439,517532,3,2005-07-13
6439,2516189,5,2005-08-16
6439,516116,4,2005-09-19
6439,1990128,4,2005-09-08
6439,400644,5,2005-05-04
6439,1303573,5,2005-05-16
6439,648906,3,2005-05-19
6439,633728,3,2005-06-18
6439,622634,4,2005-06-30
6439,1983441,5,2005-07-01
6439,788617,2,2005-07-01
6439,1211016,5,2005-09-22
6439,2386321,5,2005-10-20
6439,976605,5,2005-10-22
6439,180371,5,2005-10-31
6439,1518487,4,2005-12-28
6439,1559797,5,2005-02-05
6439,1561960,2,2005-02-11
6439,1152249,4,2005-02-17
6439,2082778,3,2005-05-04
6439,1732302,4,2005-06-29
6439,2309303,1,2005-09-11
6439,1598488,4,2005-09-24
6439,2589198,4,2005-09-26
6439,1172228,1,2005-10-28
6439,953666,1,2005-07-06
6439,555136,5,2005-07-11
6439,239706,1,2005-07-19
6439,1064539,4,2005-08-16
6439,894081,5,2005-03-16
6439,125769,4,2005-06-09
6439,2371599,5,2005-06-17
6439,1569593,4,2005-06-26
6439,113535,3,2005-06-27
6439,1327749,4,2005-09-09
6439,879028,5,2005-09-15
6439,79380,1,2005-10-11
6439,370037,2,2005-10-25
6439,1992636,4,2005-10-30
6439,219888,3,2005-11-11
6439,878148,3,2005-09-02
6439,2228193,4,2005-02-11
6439,321108,5,2005-04-01
6439,2397185,3,2005-05-08
6439,1964897,3,2005-06-20
6439,946538,5,2005-07-02
6439,129123,5,2005-09-10
6439,742992,5,2005-10-28
6439,1963686,4,2005-07-06
6439,1122172,4,2005-08-15
6439,1757056,4,2005-09-01
6439,368334,5,2005-03-24
6439,1245140,5,2005-06-24
6439,1436780,3,2005-09-25
6439,567705,4,2005-10-13
6439,2456113,5,2005-10-31
6439,2137807,5,2005-11-11
6439,550530,4,2005-11-17
6439,1432790,3,2005-08-07
6439,2416290,5,2005-03-06
6439,385327,4,2005-05-10
6439,169471,4,2005-10-26
6439,141543,4,2005-10-29
6439,2247496,3,2005-11-16
6439,373838,4,2005-11-16
6439,131400,3,2005-07-18
6439,1628875,5,2005-08-09
6439,2176465,4,2005-02-26
6439,1161952,5,2005-03-02
6439,1879449,5,2005-03-06
6439,1474480,3,2005-03-21
6439,980340,4,2005-04-06
6439,2393478,1,2005-04-11
6439,107435,5,2005-05-24
6439,1473254,3,2005-09-13
6439,2101060,3,2005-10-24
6439,1899399,3,2005-10-25
6439,1007172,3,2005-10-26
6439,749659,5,2005-07-12
6439,303002,3,2005-07-19
6439,2083295,5,2005-07-20
6439,2315006,2,2005-02-14
6439,1662881,5,2005-03-04
6439,411290,4,2005-04-11
6439,13432,4,2005-05-08
6439,1090674,3,2005-10-27
6439,212351,4,2005-10-28
6439,1241337,5,2005-10-28
6439,2478385,3,2005-10-31
6439,12798,4,2005-12-11
6439,2356355,4,2005-07-06
6439,679869,4,2005-07-07
6439,1960214,3,2005-08-25
6439,1037705,4,2005-08-25
6439,2159478,5,2005-02-24
6439,22626,5,2005-03-04
6439,1558593,5,2005-03-17
6439,381512,1,2005-05-20
6439,1365170,4,2005-06-05
6439,336578,5,2005-06-08
6439,2236364,5,2005-09-17
6439,312180,4,2005-10-01
6439,702403,4,2005-10-13
6439,616750,5,2005-10-18
6439,2615336,3,2005-11-27
6439,472734,4,2005-07-08
6439,1298187,5,2005-02-13
6439,946014,1,2005-02-13
6439,2146187,5,2005-03-09
6439,1229628,4,2005-04-06
6439,350145,5,2005-04-29
6439,1516350,3,2005-05-28
6439,859014,5,2005-10-13
6439,2305404,4,2005-11-16
6439,1688035,4,2005-11-30
6439,1413367,5,2005-12-10
6439,638314,1,2005-03-14
6439,1336367,3,2005-04-27
6439,1284016,4,2005-09-30
6439,1427824,4,2005-10-12
6439,554061,5,2005-10-16
6439,1487437,4,2005-08-31
6439,2118461,5,2005-09-08
6439,1107899,3,2005-02-14
6439,2024111,3,2005-02-24
6439,1806515,3,2005-09-26
6439,1641464,5,2005-10-05
6439,2594373,5,2005-10-10
6439,2057611,5,2005-10-25
6439,2334757,4,2005-12-31
6439,2131536,4,2005-08-22
6439,544806,4,2005-08-30
6439,2157060,3,2005-03-16
6439,1965257,3,2005-03-28
6439,1516936,4,2005-11-20
6439,1681124,4,2005-11-25
6439,1118425,3,2005-07-16
6439,2125368,5,2005-02-27
6439,803977,5,2005-06-15
6439,529687,2,2005-06-28
6439,1823920,3,2005-07-08
6439,387418,1,2005-02-14
6439,206907,4,2005-03-21
6439,1460630,1,2005-04-03
6439,1907620,5,2005-05-20
6439,1870733,4,2005-06-06
6439,2050140,3,2005-11-02
6439,197850,3,2005-08-23
6439,691808,4,2005-02-14
6439,2224086,5,2005-09-29
6439,1208420,1,2005-10-18
6439,2592234,4,2005-11-01
6439,1013929,5,2005-02-08
6439,1114324,4,2005-02-12
6439,886506,4,2005-04-01
6439,2648290,5,2005-06-27
6439,2314232,5,2005-07-06
6439,1156933,5,2005-08-24
6439,2149035,5,2005-08-28
6439,625957,4,2005-08-28
6439,2564065,5,2005-09-02
6439,835353,4,2005-09-02
6439,2269323,5,2005-02-14
6439,1778285,5,2005-03-08
6439,1589995,5,2005-04-22
6439,1612276,5,2005-06-23
6439,1228781,3,2005-06-30
6439,2070706,5,2005-09-26
6439,379246,4,2005-10-14
6439,155850,4,2005-07-15
6439,225258,4,2005-03-04
6439,2470021,4,2005-06-08
6439,1942159,5,2005-06-15
6439,1546273,4,2005-06-22
6439,2186779,5,2005-09-09
6439,555388,4,2005-10-17
6439,331861,5,2005-10-17
6439,1922377,4,2005-12-21
6439,1432524,5,2005-12-27
6439,1295263,5,2005-12-28
6439,112449,3,2005-07-19
6439,1414278,4,2005-08-24
6439,1932594,2,2005-02-12
6439,2537089,4,2005-02-14
6439,525666,3,2005-03-06
6439,794999,5,2005-03-14
6439,16273,4,2005-04-24
6439,714374,4,2005-06-09
6439,129845,5,2005-06-23
6439,939242,1,2005-09-11
6439,1261356,5,2005-10-30
6439,2649257,4,2005-12-28
6439,1779965,5,2005-07-18
6439,409343,4,2005-09-01
6439,998506,3,2005-02-11
6439,32902,3,2005-02-26
6439,776187,4,2005-03-29
6439,733225,5,2005-04-01
6439,2436557,5,2005-05-14
6439,2410720,3,2005-07-02
6439,65720,4,2005-09-11
6439,1319737,4,2005-09-19
6439,144617,4,2005-09-20
6439,2586810,5,2005-11-09
6439,660499,4,2005-07-12
6439,1732553,4,2005-02-23
6439,651849,4,2005-04-18
6439,283468,3,2005-06-06
6439,696131,5,2005-06-09
6439,776134,5,2005-09-18
6439,1091316,4,2005-10-18
6439,444566,3,2005-11-04
6439,1577480,5,2005-12-29
6439,1442150,4,2005-07-09
6439,933855,2,2005-06-27
6439,1654721,5,2005-07-04
6439,1649612,5,2005-09-17
6439,427294,4,2005-07-05
6439,694070,5,2005-08-31
6439,1212886,5,2005-03-01
6439,305717,5,2005-03-23
6439,1782687,5,2005-04-08
6439,829708,3,2005-05-03
6439,169251,4,2005-06-02
6439,1239545,1,2005-10-29
6439,1779249,3,2005-12-26
6439,1256120,4,2005-08-23
6439,882322,3,2005-02-13
6439,1602153,4,2005-05-10
6439,1867238,5,2005-05-13
6439,1812378,3,2005-06-14
6439,1079115,4,2005-09-22
6439,2012254,5,2005-09-26
6439,1024177,4,2005-10-25
6439,2150913,2,2005-10-27
6439,1481308,4,2005-07-13
6439,1715643,5,2005-07-19
6439,896863,5,2005-07-21
6439,1197726,4,2005-03-04
6439,249378,5,2005-03-07
6439,2610101,4,2005-05-28
6439,1099833,4,2005-06-17
6439,690007,4,2005-09-24
6439,339322,5,2005-10-15
6439,1755144,4,2005-10-24
6439,232758,5,2005-10-30
6439,2224013,5,2005-07-07
6439,429565,4,2005-08-24
6439,642384,5,2005-05-26
6439,2406705,2,2005-09-23
6439,418190,4,2005-10-14
6439,93829,1,2005-08-28
6439,2097749,3,2005-02-11
6439,2330786,4,2005-02-13
6439,1222729,5,2005-03-01
6439,2025521,4,2005-05-24
6439,835759,5,2005-06-20
6439,1603697,4,2005-10-02
6439,1785462,2,2005-11-21
6439,359960,2,2005-02-16
6439,1420020,3,2005-02-25
6439,170248,4,2005-03-20
6439,1515355,5,2005-04-01
6439,433440,4,2005-04-19
6439,189443,2,2005-05-11
6439,177357,5,2005-06-09
6439,643669,3,2005-07-02
6439,1937233,5,2005-09-20
6439,2516680,5,2005-10-28
6439,2441010,5,2005-12-01
6439,2532803,3,2005-12-05
6439,1823065,3,2005-08-26
6439,1659075,4,2005-09-02
6439,57633,4,2005-02-13
6439,38946,5,2005-02-13
6439,1876813,5,2005-02-22
6439,108277,4,2005-06-08
6439,263031,5,2005-06-28
6439,825576,3,2005-11-15
6439,2135716,5,2005-12-12
6439,2100710,4,2005-08-26
6439,1816185,5,2005-08-31
6439,1489031,4,2005-02-14
6439,55216,5,2005-03-07
6439,1601268,4,2005-03-15
6439,719881,5,2005-05-19
6439,2646766,5,2005-06-21
6439,1301993,3,2005-07-04
6439,1149289,5,2005-10-05
6439,2489480,4,2005-10-08
6439,2239073,4,2005-12-09
6439,1025888,5,2005-12-25
6439,481291,1,2005-07-17
6439,162473,5,2005-03-25
6439,1708328,5,2005-04-12
6439,1139904,5,2005-04-21
6439,194537,4,2005-04-25
6439,2198123,2,2005-06-13
6439,2362017,4,2005-06-24
6439,2019259,5,2005-11-01
6439,650443,5,2005-11-05
6439,843611,3,2005-11-15
6439,2460347,1,2005-12-19
6439,2342120,3,2005-12-30
6439,1002509,3,2005-07-09
6439,2010993,5,2005-08-23
6439,2111678,5,2005-04-14
6439,874915,1,2005-05-18
6439,2295153,4,2005-05-19
6439,1787940,2,2005-05-21
6439,369706,3,2005-10-17
6439,2525643,4,2005-10-22
6439,2282019,4,2005-10-24
6439,591207,3,2005-11-06
6439,1556692,2,2005-11-09
6439,1351898,4,2005-12-11
6439,1790576,3,2005-07-19
6439,1278577,2,2005-08-27
6439,1210904,3,2005-05-07
6439,1411823,5,2005-06-08
6439,2105294,4,2005-09-25
6439,2443863,5,2005-10-13
6439,1014098,4,2005-11-17
6439,5399,5,2005-07-07
6439,1585028,4,2005-02-14
6439,683254,4,2005-04-04
6439,1777780,5,2005-04-08
6439,2428177,4,2005-06-24
6439,7134,4,2005-06-26
6439,1641914,3,2005-11-03
6439,2132252,4,2005-07-14
6439,2281661,5,2005-08-17
6439,2029858,3,2005-02-13
6439,926721,5,2005-03-14
6439,2110000,5,2005-04-02
6439,2471566,4,2005-06-16
6439,1110479,4,2005-10-04
6439,1378038,5,2005-10-18
6439,1715715,4,2005-10-23
6439,262621,4,2005-11-22
6439,631558,5,2005-11-27
6439,645924,5,2005-12-21
6439,508662,5,2005-12-27
6439,744551,4,2005-07-07
6439,2405311,4,2005-07-18
6439,1829062,5,2005-08-23
6439,2642382,5,2005-08-24
6439,1810936,3,2005-03-02
6439,1486956,4,2005-03-26
6439,484113,4,2005-05-18
6439,1678083,5,2005-06-20
6439,287566,5,2005-09-25
6439,2046976,5,2005-11-06
6439,1022601,3,2005-11-12
6439,610024,3,2005-12-20
6439,1981403,3,2005-08-29
6439,897989,2,2005-02-12
6439,2272698,3,2005-05-08
6439,1956100,5,2005-12-12
6439,345028,5,2005-07-16
6439,820649,5,2005-08-15
6439,1992740,5,2005-02-12
6439,2346135,5,2005-02-14
6439,1654617,2,2005-03-08
6439,666066,3,2005-03-23
6439,1156054,5,2005-03-27
6439,742086,3,2005-04-07
6439,1240865,5,2005-06-26
6439,1626829,4,2005-09-21
6439,633647,5,2005-10-01
6439,238808,5,2005-07-08
6439,1169809,5,2005-07-16
6439,1878354,3,2005-07-18
6439,1897824,5,2005-08-25
6439,1420080,5,2005-04-04
6439,2381792,4,2005-05-21
6439,2318601,3,2005-07-01
6439,2296291,4,2005-12-02
6439,2124888,5,2005-12-03
6439,1897404,4,2005-12-08
6439,2552861,4,2005-07-07
6439,1895930,4,2005-07-21
6439,62171,5,2005-08-05
6439,101842,3,2005-08-09
6439,1988192,3,2005-02-16
6439,654591,2,2005-04-05
6439,1562395,5,2005-10-14
6439,2234535,4,2005-10-19
6439,692140,5,2005-12-02
6439,1145387,1,2005-12-27
6439,2618584,4,2005-07-06
6439,1550216,4,2005-07-12
6439,336165,4,2005-08-29
6439,1181056,4,2005-02-13
6439,1534085,5,2005-02-28
6439,114130,3,2005-04-05
6439,1848593,5,2005-04-24
6439,272840,4,2005-05-31
6439,1524484,3,2005-10-04
6439,893737,4,2005-10-18
6439,217762,3,2005-11-22
6439,945578,3,2005-12-01
6439,374741,4,2005-07-12
6439,10897,5,2005-07-13
6439,2331946,5,2005-02-11
6439,521933,2,2005-02-17
6439,2344229,3,2005-04-05
6439,1933317,3,2005-06-22
6439,747035,4,2005-07-02
6439,707797,5,2005-09-19
6439,807890,5,2005-09-28
6439,1955703,5,2005-10-15
6439,1113485,5,2005-10-26
6439,1313126,3,2005-12-10
6439,2358416,2,2005-12-12
6439,569694,4,2005-12-18
6439,2132919,4,2005-07-21
6439,781014,4,2005-08-31
6439,1125075,4,2005-02-15
6439,1838742,2,2005-04-04
6439,8095,5,2005-04-08
6439,1441658,4,2005-10-17
6439,364745,4,2005-12-05
6439,1341795,5,2005-08-02
6439,1900750,5,2005-09-04
6439,841284,4,2005-04-01
6439,87134,4,2005-06-30
6439,2111672,3,2005-09-21
6439,1795694,3,2005-11-11
6439,902400,4,2005-07-16
6439,1008940,3,2005-08-18
6439,1385356,4,2005-08-28
6439,2292257,4,2005-02-13
6439,1437940,5,2005-03-09
6439,1561134,5,2005-04-05
6439,1972137,5,2005-04-13
6439,2151468,1,2005-05-14
6439,2480287,5,2005-05-17
6439,839632,4,2005-06-26
6439,1904556,5,2005-09-11
6439,1525070,4,2005-10-03
6439,1804819,4,2005-10-24
6439,2192974,4,2005-11-02
6439,556412,5,2005-12-16
