5900,1567328,3,2001-08-21
5900,1109700,2,2002-01-16
5900,1620761,2,2005-07-31
5900,2460944,5,2004-10-24
5900,1296163,4,2005-01-19
5900,2104425,5,2005-01-20
5900,2240318,3,2001-05-02
5900,2285616,3,2002-08-23
5900,838130,5,2003-05-20
5900,871289,2,2005-02-11
5900,2367566,5,2005-06-09
5900,2609870,1,2005-10-18
5900,1755946,3,2003-11-24
5900,1089368,3,2004-03-16
5900,1248029,2,2005-05-21
5900,2535052,2,2005-06-13
5900,2301434,3,2002-11-30
5900,2414930,1,2004-04-10
5900,2026560,5,2004-03-03
5900,818736,2,2004-09-17
5900,2547935,2,2000-02-04
5900,1984086,4,2005-07-16
5900,279482,5,2004-08-10
5900,1891708,3,2005-06-08
5900,1550336,3,2005-11-08
5900,1498672,4,2005-12-08
5900,1579732,4,2005-07-17
5900,668811,2,2004-06-08
5900,376322,1,2003-05-29
5900,1090654,3,2005-05-24
5900,662340,3,2001-03-12
5900,549534,2,2003-05-20
5900,2600558,3,2005-02-19
5900,1224299,3,2005-03-18
5900,670658,4,2005-07-04
5900,1439097,3,2004-07-14
5900,1746766,3,2005-04-06
5900,294771,4,2001-04-19
5900,2602249,3,2004-07-05
5900,1682594,4,2003-09-08
5900,1227322,1,2003-07-07
5900,2645610,2,2005-02-09
5900,1842709,4,2005-06-22
5900,1473924,3,2005-09-24
5900,113996,3,2004-09-15
5900,473516,3,2004-11-15
5900,1187949,2,2005-03-20
5900,2145449,3,2004-12-13
5900,2241971,3,2001-09-22
5900,1504131,1,2001-09-30
5900,1466320,3,2004-07-16
5900,2067044,2,2004-08-30
5900,587812,3,2004-05-02
5900,245364,5,2004-05-05
5900,1855364,4,2005-01-20
5900,2135177,2,2005-02-18
5900,2489752,4,2003-07-24
5900,1916244,3,2005-05-31
5900,1161725,4,2005-10-21
5900,1575621,2,2004-12-09
5900,1494502,3,2005-07-02
5900,1123582,3,2003-08-16
5900,110387,3,2004-12-30
5900,1416836,4,2005-01-05
5900,2320003,2,2005-04-18
5900,178860,3,2005-07-26
5900,2539763,3,2004-03-22
5900,1578279,2,2005-06-03
5900,1985859,5,2005-06-15
5900,2426984,1,2005-12-29
5900,811486,5,2004-07-17
5900,1938585,3,2005-02-15
5900,1522223,4,2005-11-17
5900,1731106,2,2003-06-10
5900,1115285,5,2004-06-21
5900,1107180,4,2005-12-22
5900,2536892,3,2005-07-07
5900,2183559,2,2001-10-18
5900,470930,3,2003-02-14
5900,753663,5,2004-10-15
5900,1999523,5,2004-11-16
5900,1079746,3,2004-12-15
5900,223697,5,2005-08-11
5900,1801389,2,2004-01-06
5900,303134,1,2005-03-21
5900,421684,5,2005-09-18
5900,2258419,2,2005-11-21
5900,1823746,5,2005-07-06
5900,1927580,2,2004-02-03
5900,1340230,5,2004-06-21
5900,14266,4,2004-09-11
5900,219903,4,2004-08-14
5900,2481544,4,2004-11-03
5900,1070629,2,2004-12-08
5900,1934574,1,2004-12-22
5900,2522337,5,2005-04-19
5900,2508652,2,2002-01-30
5900,487949,3,2005-09-08
5900,2333683,3,2003-11-12
5900,1554196,3,2004-09-11
5900,727242,1,2005-01-04
5900,1356239,4,2005-04-06
5900,1464724,4,2005-07-15
5900,186921,4,2005-08-03
5900,835310,5,2003-04-24
5900,1925969,3,2004-11-22
5900,1056435,2,2000-09-02
5900,1861903,4,2005-03-28
5900,697601,4,2005-10-24
5900,1998360,5,2001-01-16
5900,1272379,1,2002-03-29
5900,2409015,4,2004-06-17
5900,1013370,3,2004-03-29
5900,1452686,3,2004-11-29
5900,385268,3,2005-05-11
5900,2163695,3,2005-11-16
5900,2168700,3,2005-07-10
5900,721162,4,2005-08-15
5900,2587949,4,2005-02-03
5900,1926154,4,2005-01-02
5900,1860339,3,2005-05-17
5900,1792741,2,2004-02-05
5900,1996464,1,2004-03-23
5900,1309088,1,2005-01-31
5900,2349412,3,2005-06-07
5900,864172,2,2005-07-06
5900,2304370,3,2005-07-28
5900,2417957,4,2004-04-29
5900,164845,1,2005-03-17
5900,2176303,4,2005-05-01
5900,1407325,3,2000-12-09
5900,779635,4,2001-06-08
5900,540833,5,2005-08-15
5900,636262,1,2005-08-22
5900,533659,5,2004-09-15
5900,735078,4,2004-11-08
5900,1430888,3,2004-12-28
5900,2021377,3,2005-06-08
5900,2164870,5,2005-11-26
5900,504211,4,2003-11-18
5900,1166912,3,2003-05-23
5900,2123519,3,2003-09-16
5900,2484847,3,2004-12-14
5900,582118,3,2005-09-24
5900,1739615,2,2005-08-01
5900,1876208,3,2004-10-03
5900,2645132,4,2005-03-04
5900,1902242,2,2005-10-09
5900,481523,3,2000-09-15
5900,2439493,1,2003-01-26
5900,1096917,2,2005-08-07
5900,2147906,3,2004-11-02
5900,1545711,2,2005-10-29
5900,1068821,3,2005-10-29
5900,1249727,4,2005-12-04
5900,1225438,2,2005-07-10
5900,1424172,4,2005-09-05
5900,328779,4,2004-10-06
5900,368273,3,2005-10-04
5900,253394,3,2004-11-26
5900,1134379,4,2005-05-24
5900,1536419,3,2005-06-06
5900,1591085,4,2005-10-25
5900,2002196,3,2005-11-30
5900,1213820,5,2004-06-29
5900,2303856,4,2004-01-20
5900,2383638,1,2004-06-09
5900,296503,4,2005-03-15
5900,2432162,5,2005-04-28
5900,1998777,1,2004-05-06
5900,827245,4,2003-05-23
5900,1116080,3,2005-08-23
5900,1808155,2,2005-09-13
5900,1227252,1,2005-11-16
5900,2451588,3,2004-06-04
5900,776833,3,2004-02-02
5900,568981,5,2004-12-12
5900,2645580,4,2005-01-31
5900,290700,3,2005-03-09
5900,426109,3,2005-12-09
5900,2597191,4,2001-03-10
5900,729682,3,2004-02-10
5900,390578,1,2004-01-23
5900,1939431,4,2005-08-25
5900,1024851,4,2004-08-04
5900,1183174,2,2005-04-01
5900,817339,3,2005-04-02
5900,632193,3,2001-07-15
5900,1913414,4,2005-07-17
5900,255378,1,2005-08-24
5900,2636654,3,2003-09-01
5900,2253553,2,2004-04-07
5900,1796585,5,2005-02-28
5900,2474624,4,2005-03-27
5900,1570292,4,2005-12-31
5900,2500255,4,2003-12-26
5900,2398061,5,2002-03-15
5900,2326087,3,2004-10-13
5900,1609042,5,2004-11-04
5900,1856994,5,2000-05-03
5900,2383871,2,2003-09-30
5900,1473980,4,2005-08-28
5900,2488357,5,2004-07-08
5900,131887,4,2005-04-04
5900,1811217,5,2005-06-12
5900,162179,2,2002-01-18
5900,814304,3,2004-03-23
5900,1141902,4,2004-02-21
5900,906595,2,2003-08-19
5900,2316770,3,2004-05-04
5900,1731102,4,2004-08-05
5900,916902,4,2004-07-17
5900,2429310,3,2004-03-29
5900,1531029,1,2005-01-12
5900,2629599,3,2004-03-27
5900,217305,4,2005-04-25
5900,2153742,5,2003-05-19
5900,1436357,3,2004-08-22
5900,1268699,3,2005-02-18
5900,1311346,3,2000-02-05
5900,180205,3,2004-03-16
5900,2539735,4,2004-06-27
5900,1960129,3,2005-05-05
5900,743633,4,2005-06-23
5900,874382,4,2005-09-12
5900,335751,4,2005-10-16
5900,81922,3,2001-03-07
5900,1227730,2,2002-04-17
5900,1351590,5,2005-08-30
5900,2310820,3,2005-01-19
5900,1477732,3,2005-01-25
5900,1708842,3,2005-02-24
5900,1534400,1,2005-09-17
5900,1172958,3,2005-12-25
5900,1079851,5,2003-09-09
5900,1153001,1,2004-02-18
5900,1790056,3,2004-09-13
5900,75549,3,2004-04-12
5900,1941740,3,2004-09-05
5900,899089,4,2004-10-24
5900,817464,5,2005-05-05
5900,2472300,4,2005-10-16
5900,1885290,3,2004-01-19
5900,2450433,2,2004-12-23
5900,818752,3,2005-01-05
5900,1390768,1,2005-06-10
5900,1396036,3,2005-06-18
5900,447410,2,2005-11-15
5900,775794,5,2000-09-22
5900,332698,3,2002-03-16
5900,347687,2,2004-07-02
5900,1538018,5,2005-05-12
5900,1212887,3,2000-03-13
5900,1196269,3,2005-07-06
5900,2010750,3,2005-07-08
5900,792808,1,2005-08-27
5900,2457095,2,2004-10-18
5900,73234,4,2004-11-14
5900,1876520,2,2002-05-23
5900,576943,2,2002-11-16
5900,2497845,4,2002-06-29
5900,1385752,4,2005-08-24
5900,1374216,3,2005-05-03
5900,240816,5,2005-05-23
5900,35824,4,2005-06-10
5900,2541385,4,2001-12-14
5900,218238,4,2004-08-29
5900,2399246,3,2003-10-31
5900,658943,5,2004-05-20
5900,2587440,4,2004-06-26
5900,1251028,4,2005-11-28
5900,2450416,4,2001-02-27
5900,2533726,1,2004-02-26
5900,1446093,1,2004-12-05
5900,1546625,5,2005-01-21
5900,2205594,3,2004-09-23
5900,2360796,4,2005-06-01
5900,395104,3,2002-06-10
5900,568455,3,2005-03-19
5900,2215021,2,2003-12-04
5900,1626727,3,2001-08-12
5900,2418489,3,2005-07-28
5900,1737149,4,2004-03-06
5900,2441155,3,2003-11-02
5900,1583971,2,2003-07-30
5900,1997685,5,2005-06-15
5900,2469552,4,2004-02-16
5900,1790021,4,2004-03-24
5900,595083,3,2005-04-25
5900,1880766,3,2003-07-10
5900,184705,3,2005-07-25
5900,206839,3,2004-06-18
5900,2029979,3,2004-12-31
5900,1416154,1,2005-02-28
5900,507603,1,2005-07-23
5900,2578149,1,2003-02-26
5900,1531691,5,2003-05-25
5900,55026,3,2004-06-07
5900,374380,5,2004-08-31
5900,2586051,4,2005-01-13
5900,1172980,4,2005-06-14
5900,1629176,5,2005-07-21
5900,2641668,3,2002-07-04
5900,694007,4,2003-08-07
5900,1758591,4,2004-09-28
5900,2130687,2,2004-11-12
5900,1341214,2,2004-12-29
5900,1078504,3,2005-01-02
5900,148836,1,2005-04-21
5900,1433360,5,2005-04-27
5900,1433812,2,2005-06-14
5900,1794738,5,2005-11-14
5900,1941029,4,2002-09-15
5900,1391523,3,2004-11-06
5900,2202365,4,2003-08-27
5900,1878169,3,2005-06-29
5900,573434,1,2005-09-14
5900,1935937,4,2005-11-03
5900,1383497,3,2004-07-11
5900,1763921,4,2004-07-09
5900,1973791,3,2004-08-29
5900,1226040,4,2005-03-27
5900,1345921,3,2002-03-26
5900,2012052,5,2004-02-17
5900,2333408,5,2005-01-30
5900,2552319,4,2005-04-03
5900,542137,5,2005-04-17
5900,322009,3,2005-06-29
5900,2267439,4,2004-01-22
5900,2439871,4,2005-09-09
5900,974497,2,2003-08-12
5900,862238,4,2004-03-06
5900,47344,1,2004-10-27
5900,896309,5,2005-09-29
5900,1711905,3,2000-05-25
5900,203053,1,2005-07-18
5900,2243988,1,2003-02-12
5900,2299517,5,2003-10-31
5900,1461575,3,2004-07-27
5900,37186,3,2004-12-28
5900,1739689,2,2005-02-08
5900,752825,4,2005-03-02
5900,1835142,1,2005-05-27
5900,206971,3,2005-09-27
5900,853979,4,2005-10-28
5900,1726438,4,2004-05-15
5900,2640911,5,2003-10-15
5900,1527676,1,2004-10-08
5900,1132764,3,2005-01-06
5900,425179,5,2004-06-22
5900,1421913,2,2003-11-01
5900,128863,3,2004-03-19
5900,1482393,2,2005-09-20
5900,1664010,5,2005-10-12
5900,1902838,3,2000-01-09
5900,170487,3,2005-01-25
5900,2614473,3,2005-10-04
5900,1223273,1,2001-06-03
5900,1808648,4,2003-10-29
5900,48282,3,2003-08-05
5900,576990,1,2004-12-17
5900,434989,2,2005-02-15
5900,1469959,2,2003-07-30
5900,2188398,3,2005-08-30
5900,931565,3,2004-12-24
5900,1430398,3,2005-05-11
5900,2586135,3,2003-10-02
5900,462171,3,2004-03-11
5900,1567195,3,2005-01-12
5900,2297136,1,2005-04-27
5900,1809528,3,2003-12-11
5900,1939422,4,2005-01-05
5900,1788398,5,2005-02-24
5900,723240,1,2004-01-20
5900,1964404,4,2001-06-19
5900,2617170,5,2002-03-20
5900,1459527,3,2003-03-09
5900,861385,5,2004-04-13
5900,1156403,3,2003-08-10
5900,2381805,5,2005-08-13
5900,1865788,3,2003-10-28
5900,873713,1,2004-10-25
5900,1743756,4,2005-07-03
5900,493190,2,2005-09-21
5900,2193044,3,2005-07-05
5900,2283695,2,2003-06-03
5900,1492039,1,2005-01-07
5900,1749706,3,2005-09-18
5900,611611,5,2004-03-31
5900,1238836,3,2005-04-28
5900,2534889,3,2003-04-28
5900,2054589,5,2003-09-27
5900,977046,5,2004-12-13
5900,1153067,1,2005-02-25
5900,1378980,2,2005-07-21
5900,1076106,5,2005-01-11
5900,1352624,2,2001-06-02
5900,2080549,3,2003-09-29
5900,1298511,2,2003-07-06
5900,456328,3,2005-07-27
5900,700363,5,2004-11-30
5900,1777512,4,2005-11-30
5900,86246,3,2005-02-18
5900,2188937,1,2005-11-03
5900,1100899,3,2005-07-11
5900,159579,4,2003-06-25
5900,684531,3,2004-03-21
5900,1086481,1,2004-05-14
5900,2012771,3,2005-04-21
5900,888995,4,2005-09-24
5900,2199939,3,2005-11-12
5900,1392145,4,2003-02-14
5900,2091625,2,2003-10-21
5900,2640760,3,2002-02-20
5900,1065644,4,2004-11-03
5900,2290732,3,2003-12-24
5900,2313236,3,2003-10-04
5900,1846571,3,2004-04-19
5900,967929,4,2004-06-08
5900,506024,4,2005-03-27
5900,1002943,5,2005-11-01
5900,1094019,4,2004-03-19
5900,1669301,3,2004-03-22
5900,807045,3,2005-02-23
5900,1254945,4,2005-03-05
5900,1842902,3,2005-05-30
5900,5878,3,2005-10-04
5900,2372141,2,2000-07-13
5900,2291306,1,2004-02-19
5900,985502,5,2004-10-11
5900,375068,4,2002-02-22
5900,1567828,3,2002-12-01
5900,3321,1,2005-09-27
5900,1028560,3,2005-08-18
5900,1434295,2,2005-08-23
5900,46650,3,2005-08-27
5900,877320,3,2005-08-27
5900,1915072,2,2004-09-22
5900,777074,4,2004-09-28
5900,123070,3,2004-10-31
5900,472636,3,2005-01-19
5900,1701136,3,2005-03-27
5900,2020353,4,2005-01-28
5900,1485907,3,2005-11-13
5900,2048038,2,2004-02-06
5900,813382,5,2004-10-19
5900,1556831,2,2005-02-03
5900,2545058,5,2005-04-21
5900,241330,4,2005-12-07
5900,2116230,4,2000-10-02
5900,1638659,2,2002-01-17
5900,700049,1,2001-08-01
5900,491531,4,2004-09-10
5900,2397825,2,2004-02-03
5900,1317671,4,2004-10-11
5900,1741271,2,2005-05-14
5900,2145288,4,2005-11-06
5900,767160,4,2005-11-11
5900,51530,5,2004-04-23
5900,2387526,3,2004-01-15
5900,475210,4,2005-01-07
5900,1069630,2,2002-12-04
5900,1801164,3,2003-05-13
5900,700688,3,2003-08-14
5900,320856,4,2005-02-21
5900,484876,4,2004-05-12
5900,761998,4,2005-07-06
5900,996405,3,2004-03-26
5900,560579,3,2004-05-06
5900,471068,3,2005-04-09
5900,1231504,4,2005-04-18
5900,2463719,5,2004-12-03
5900,2559537,1,2005-03-08
5900,1309505,2,2005-05-17
5900,7884,3,2005-11-14
5900,369120,4,2005-12-03
5900,647979,3,2004-02-13
5900,2256485,2,2004-12-17
5900,2527066,3,2005-05-09
5900,183689,4,2001-01-03
5900,716173,5,2005-07-27
5900,564683,4,2003-12-05
5900,854272,3,2005-12-24
5900,1299887,4,2005-03-02
5900,535886,3,2005-05-18
5900,789014,1,2003-02-11
5900,798296,2,2003-02-11
5900,578820,3,2003-05-15
5900,2067761,3,2003-06-21
5900,9850,5,2004-08-19
5900,682963,3,2005-06-21
5900,1114607,2,2005-10-22
5900,16272,3,2003-04-30
5900,943778,3,2003-09-08
5900,2438719,1,2003-12-03
5900,1255623,2,2004-07-02
5900,2381936,5,2005-05-02
5900,881329,3,2005-09-13
5900,1561363,4,2005-10-02
5900,1370564,3,2003-11-26
5900,722452,2,2001-05-08
5900,131296,4,2005-07-19
5900,521074,4,2005-07-22
5900,1153562,3,2005-02-17
5900,759638,5,2005-11-10
5900,2097445,3,2000-05-12
5900,2327365,4,2005-01-02
5900,1608066,4,2005-04-08
5900,1351421,4,2005-10-24
5900,810003,4,2003-10-24
5900,393945,5,2004-02-26
5900,2387463,5,2004-04-13
5900,1494683,3,2004-03-02
5900,634236,3,2004-04-10
5900,334643,2,2004-02-09
5900,1539684,4,2000-02-06
5900,665042,5,2005-06-22
5900,2577960,3,2005-11-20
5900,486644,3,2005-12-01
5900,638564,1,2001-05-26
5900,612696,4,2005-07-21
5900,305344,3,2003-05-18
5900,513342,2,2003-03-09
5900,1825515,3,2004-08-30
5900,1364473,4,2004-08-03
5900,1181558,4,2004-10-02
5900,891032,3,2005-04-30
5900,946231,3,2005-07-09
5900,2144655,3,2004-12-23
5900,675514,2,2005-07-06
5900,1888914,3,2002-06-04
5900,2617574,3,2004-06-07
5900,1940764,3,2005-08-15
5900,1214861,4,2004-07-30
5900,6339,3,2004-01-10
5900,1714874,1,2005-01-23
5900,416560,1,2003-06-06
5900,1203347,3,2003-12-30
5900,378740,3,2005-02-09
5900,524937,4,2005-02-12
5900,1403217,2,2005-05-26
5900,2232571,5,2005-11-13
5900,53694,3,2004-06-24
5900,1560353,4,2004-10-02
5900,1018492,3,2005-02-25
5900,2083964,3,2002-05-02
5900,2634610,4,2005-03-15
5900,2585160,5,2005-05-03
5900,2127496,3,2005-11-23
5900,2243149,3,2000-04-20
5900,477297,2,2002-06-28
5900,2600927,1,2003-09-23
5900,928059,4,2003-08-27
5900,2525813,3,2004-08-10
5900,1466382,2,2004-08-07
5900,35111,4,2005-01-31
5900,106254,3,2004-11-21
5900,2257323,3,2000-07-05
5900,1645463,3,2001-08-27
5900,10268,3,2000-01-09
5900,186438,3,2002-08-01
5900,1295013,4,2004-07-01
5900,561013,3,2004-11-02
5900,2490542,4,2004-11-16
5900,1493361,3,2003-07-25
5900,1292631,1,2001-04-11
5900,2159290,4,2003-10-22
5900,1851166,3,2003-08-13
5900,2572181,4,2004-07-30
5900,5980,3,2005-06-08
5900,618392,3,2004-07-10
5900,879913,3,2003-07-25
5900,1123618,4,2004-10-09
5900,1129144,5,2004-11-30
5900,983069,3,2005-06-23
5900,53719,5,2005-09-21
5900,2092934,3,2002-04-20
5900,2485978,3,2003-10-22
5900,2366462,5,2005-06-29
5900,108936,3,2005-10-07
5900,2162876,3,2005-10-09
5900,411512,3,2002-01-29
5900,686954,4,2004-09-13
5900,588623,3,2003-07-12
5900,1452669,2,2002-11-08
5900,159159,3,2004-01-27
5900,1042456,3,2004-07-29
5900,57648,3,2005-01-24
5900,2120723,3,2005-06-17
5900,1905415,3,2005-07-28
5900,1962325,5,2004-01-09
5900,1661344,3,2004-01-04
5900,1775569,4,2004-12-20
5900,2177462,3,2002-10-16
5900,1783789,3,2004-06-16
5900,1565175,5,2004-12-28
5900,404516,5,2004-11-27
5900,1138585,3,2005-03-03
5900,1568881,1,2005-03-19
5900,1691062,2,2002-06-11
5900,464626,2,2000-12-05
5900,2546654,5,2005-07-13
5900,328651,4,2001-08-06
5900,290858,3,2005-07-21
5900,2037826,1,2004-02-01
5900,1329904,2,2002-03-22
5900,2112829,3,2004-08-09
5900,29008,3,2004-07-26
5900,606144,4,2005-01-13
5900,1728924,3,2005-03-26
5900,970590,1,2005-05-08
5900,133993,2,2005-10-04
5900,2227295,4,2003-12-17
5900,1079992,3,2004-04-12
5900,2349319,3,2005-09-07
5900,1113393,3,2004-08-09
5900,408037,5,2002-06-03
5900,511899,4,2005-05-18
5900,926054,3,2005-05-20
5900,1664458,2,2005-06-13
5900,2065772,4,2005-09-01
5900,1107588,2,2004-02-22
5900,2152273,3,2004-10-29
5900,1287065,3,2005-06-01
5900,33914,3,2005-07-28
5900,844459,5,2004-07-19
5900,1654854,5,2004-12-10
5900,788617,2,2005-03-05
5900,2023370,4,2005-11-04
5900,882898,4,2002-08-16
5900,1836907,3,2004-02-22
5900,723144,3,2004-11-27
5900,180243,3,2005-10-01
5900,141034,3,2005-11-13
5900,121182,2,2001-10-16
5900,1569593,3,2003-12-05
5900,1745107,3,2004-08-03
5900,2056022,2,2005-01-06
5900,379050,4,2004-04-07
5900,754990,5,2005-02-10
5900,230551,2,2003-12-22
5900,578191,3,2003-09-27
5900,478315,1,2002-12-30
5900,1929178,4,2003-08-02
5900,1972705,4,2005-09-08
5900,837133,2,2005-10-06
5900,1356962,5,2003-10-05
5900,279504,5,2004-12-26
5900,421433,3,2005-04-11
5900,2136248,5,2005-05-02
5900,2176465,3,2005-12-17
5900,940066,2,2002-01-16
5900,1190495,3,2005-08-16
5900,1447463,3,2004-04-05
5900,2465700,4,2004-01-24
5900,565862,3,2004-01-12
5900,1622462,4,2005-12-06
5900,1213114,3,2000-01-18
5900,944840,2,2005-01-29
5900,633317,2,2005-03-23
5900,805857,4,2005-05-28
5900,1229628,4,2005-06-03
5900,77225,3,2005-12-28
5900,1519378,3,2005-07-08
5900,816866,2,2001-01-19
5900,625067,4,2001-12-21
5900,1549491,3,2004-08-10
5900,1963904,1,2004-12-09
5900,2173288,4,2005-08-22
5900,2371665,5,2004-10-27
5900,2143764,4,2005-01-19
5900,2118461,5,2005-10-22
5900,169028,5,2002-05-30
5900,496815,4,2004-04-06
5900,1351237,4,2004-10-08
5900,1184498,4,2005-03-16
5900,1206397,5,2003-11-11
5900,2061495,3,2005-03-21
5900,2079888,3,2005-05-09
5900,2312891,3,2005-05-28
5900,1548363,1,2005-06-27
5900,1690079,2,2005-09-19
5900,2473843,4,2005-12-12
5900,387418,3,2003-09-09
5900,587372,4,2004-06-21
5900,2180817,1,2004-04-14
5900,977703,4,2004-07-26
5900,1335750,4,2003-08-07
5900,200427,2,2004-07-26
5900,2281101,3,2004-12-23
5900,875926,3,2005-06-04
5900,1029163,2,2002-05-27
5900,455550,5,2004-06-22
5900,1392942,4,2004-08-21
5900,437732,1,2005-01-29
5900,97611,3,2005-02-24
5900,2098223,1,2005-09-23
5900,1530578,2,2002-05-09
5900,1813329,3,2003-07-03
5900,873478,3,2003-09-22
5900,952636,3,2003-07-14
5900,2380065,3,2004-02-02
5900,1564191,3,2005-02-28
5900,1804608,2,2005-04-13
5900,2592540,3,2000-04-16
5900,1114342,4,2005-07-13
5900,38057,3,2004-04-13
5900,772337,3,2003-12-24
5900,191776,3,2004-12-07
5900,1258373,5,2005-10-13
5900,2474583,3,2005-07-06
5900,1616437,3,2004-04-22
5900,1478117,4,2005-08-19
5900,1762695,3,2004-07-05
5900,1061195,2,2004-01-28
5900,2020252,3,2004-11-04
5900,1338638,3,2005-05-12
5900,1895407,3,2005-09-22
5900,2530993,4,2005-10-16
5900,2180188,3,2005-10-25
5900,1317124,5,2005-12-25
5900,1280358,2,2005-07-16
5900,1276971,2,2004-01-06
5900,2352514,2,2005-08-08
5900,1629446,2,2005-08-12
5900,2171187,3,2003-01-13
5900,98388,4,2004-05-25
5900,1060658,4,2004-11-27
5900,1884816,3,2005-01-28
5900,1068727,2,2005-05-02
5900,408645,3,2004-07-02
5900,2261028,5,2004-03-24
5900,1257336,2,2005-12-14
5900,2597335,3,2005-03-19
5900,646765,4,2005-06-07
5900,119279,4,2005-06-28
5900,505047,4,2003-06-23
5900,1867238,3,2004-03-16
5900,1079115,2,2005-02-08
5900,1472376,1,2005-06-24
5900,2077378,1,2000-01-16
5900,2278411,3,2000-04-11
5900,151625,4,2004-04-30
5900,588883,3,2004-03-17
5900,1772242,4,2004-05-14
5900,768605,4,2004-12-02
5900,1351269,3,2005-05-16
5900,476618,4,2005-10-14
5900,1037245,3,2005-12-27
5900,1008014,3,2003-05-14
5900,1872980,3,2005-07-29
5900,922632,3,2004-08-18
5900,1865835,2,2005-08-05
5900,2291170,3,2004-07-30
5900,1204865,2,2005-08-25
5900,2239209,2,2005-06-16
5900,869968,2,2000-11-28
5900,751788,4,2005-07-11
5900,1084999,3,2002-03-08
5900,2027278,3,2005-01-04
5900,2588222,3,2005-03-07
5900,1795560,2,2002-11-21
5900,1639792,1,2002-04-03
5900,1281882,1,2004-04-27
5900,2224734,3,2005-02-28
5900,189443,2,2005-06-06
5900,2020475,2,2001-06-26
5900,253154,1,2003-04-30
5900,71186,4,2005-05-17
5900,2068909,2,2005-06-01
5900,589079,1,2002-03-30
5900,186965,5,2005-01-11
5900,2425979,5,2005-01-20
5900,1923516,2,2005-12-06
5900,950187,5,2000-08-28
5900,1695446,1,2003-11-28
5900,551489,3,2001-01-02
5900,2436452,4,2003-12-14
5900,2144253,3,2004-11-01
5900,1036636,3,2003-10-07
5900,2239360,4,2004-03-28
5900,2347849,3,2005-11-06
5900,995154,2,2001-08-24
5900,1717305,5,2004-12-27
5900,1372917,5,2005-02-24
5900,2019063,3,2005-05-26
5900,2108672,3,2000-01-06
5900,1838390,1,2000-06-24
5900,2371631,1,2003-05-28
5900,1451703,3,2005-07-31
5900,1610695,3,2003-10-06
5900,1440251,5,2004-08-23
5900,591151,3,2005-05-31
5900,996461,4,2001-08-05
5900,2029858,5,2003-08-24
5900,1852040,3,2004-05-13
5900,665128,2,2005-04-06
5900,2247659,4,2005-09-27
5900,1340155,2,2001-02-26
5900,1786604,4,2003-08-09
5900,228454,2,2005-02-09
5900,1486956,4,2005-03-26
5900,1939221,4,2005-06-05
5900,1326195,2,2005-09-13
5900,2497026,3,2001-03-14
5900,480895,4,2000-04-22
5900,2404551,3,2003-12-25
5900,14254,1,2005-02-14
5900,807434,3,2004-04-10
5900,1088910,2,2005-02-16
5900,859167,3,2005-03-20
5900,461344,5,2004-02-14
5900,744784,3,2004-10-14
5900,1420080,1,2005-04-01
5900,2226199,4,2005-04-04
5900,412805,3,2005-11-20
5900,2429294,4,2005-11-25
5900,2242475,5,2004-01-02
5900,953264,3,2004-08-18
5900,237263,2,2004-12-13
5900,2000600,5,2004-12-14
5900,98676,3,2004-05-28
5900,77803,4,2005-03-21
5900,539743,1,2004-06-03
5900,2521955,5,2005-09-07
5900,2552812,4,2005-05-22
5900,684648,4,2005-09-28
5900,1313126,2,2005-12-13
5900,2102810,3,2004-03-13
5900,2237988,3,2004-09-03
5900,2237717,2,2004-10-21
5900,1274035,4,2005-03-10
5900,617654,5,2005-04-15
5900,1645377,3,2005-06-24
5900,1563698,3,2005-09-20
5900,2047090,2,2003-08-27
5900,1790158,3,2005-04-12
5900,2139777,3,2005-06-15
5900,1664442,3,2005-01-19
5900,1460453,4,2005-12-08
