10450,1907667,4,2004-07-14
10450,780597,5,2004-05-29
10450,1242432,3,2005-08-25
10450,2007993,4,2004-02-13
10450,2048085,4,2004-05-15
10450,889868,4,2005-12-13
10450,2545072,3,2005-07-25
10450,2625420,2,2004-06-03
10450,2204961,4,2003-12-16
10450,843246,4,2005-08-20
10450,994246,5,2004-04-08
10450,2161899,4,2005-03-04
10450,1903877,5,2003-12-29
10450,1363841,5,2004-01-18
10450,10688,4,2004-09-24
10450,1329182,3,2004-12-24
10450,2312349,3,2005-01-06
10450,2584295,3,2005-09-24
10450,1827490,4,2005-07-12
10450,259348,3,2005-07-12
10450,1977959,3,2004-02-03
10450,1157667,4,2004-03-01
10450,2068688,3,2004-01-07
10450,1946227,4,2005-05-17
10450,756316,5,2005-07-17
10450,1507261,3,2004-04-13
10450,2217731,4,2005-03-06
10450,1119439,4,2005-03-28
10450,440220,2,2005-07-05
10450,2043617,4,2005-11-16
10450,2267005,4,2005-08-19
10450,200255,3,2003-12-19
10450,1919026,4,2005-08-23
10450,303948,4,2005-07-14
10450,899412,2,2005-07-28
10450,1968074,4,2004-02-10
10450,904474,5,2004-07-29
10450,1173459,3,2004-04-01
10450,1224299,4,2005-02-16
10450,2244849,3,2005-04-13
10450,125296,4,2005-08-23
10450,2549847,4,2005-08-24
10450,1675063,4,2004-01-27
10450,1673185,3,2004-01-15
10450,2602249,3,2004-07-07
10450,617134,5,2004-04-15
10450,1852207,1,2005-08-28
10450,986633,5,2005-09-01
10450,290215,3,2004-02-02
10450,1443679,5,2005-08-30
10450,1077945,3,2005-01-23
10450,732728,4,2005-03-27
10450,289920,3,2005-11-07
10450,1517797,3,2004-07-08
10450,786312,3,2004-11-15
10450,974942,4,2005-01-19
10450,1944516,5,2005-03-03
10450,1080872,3,2005-12-09
10450,1179117,3,2005-03-02
10450,693911,4,2004-02-04
10450,525356,3,2004-01-05
10450,1729535,4,2005-08-07
10450,385977,5,2004-01-09
10450,1416836,3,2005-07-12
10450,1054626,3,2004-04-11
10450,1078245,5,2005-08-30
10450,1434636,3,2004-05-01
10450,2101473,3,2004-11-24
10450,496631,5,2005-03-16
10450,2501391,4,2005-05-17
10450,1139591,5,2005-05-19
10450,1564651,3,2005-05-21
10450,1741099,5,2005-10-28
10450,314110,5,2005-11-21
10450,1033433,4,2005-07-08
10450,2495584,3,2005-07-22
10450,372791,4,2003-12-07
10450,416875,5,2004-08-30
10450,1892529,4,2005-06-03
10450,1630967,4,2005-10-13
10450,2278539,3,2004-07-12
10450,1713632,3,2005-08-31
10450,551623,5,2004-01-27
10450,1210382,5,2004-09-08
10450,1474282,4,2005-05-24
10450,717542,2,2004-02-09
10450,1404738,4,2004-04-20
10450,1108304,3,2004-07-20
10450,1973594,5,2004-01-21
10450,1358962,4,2003-12-23
10450,1810074,2,2004-09-13
10450,1001129,3,2004-10-10
10450,2465236,2,2005-02-08
10450,447930,5,2005-10-18
10450,1196836,4,2005-12-13
10450,1220431,4,2005-12-27
10450,2411830,5,2004-08-09
10450,1597177,3,2004-07-25
10450,1534345,3,2005-09-03
10450,1927580,4,2004-02-03
10450,2337638,3,2004-05-25
10450,716874,5,2005-06-19
10450,248151,4,2005-07-27
10450,1332318,4,2004-03-10
10450,103619,4,2004-07-12
10450,1535480,4,2004-03-08
10450,1935483,3,2004-02-15
10450,1516910,4,2004-12-12
10450,349572,4,2005-07-07
10450,2319621,5,2005-07-18
10450,1249577,5,2004-04-29
10450,1690256,3,2004-07-13
10450,1028956,4,2005-04-14
10450,167905,2,2005-04-28
10450,2459075,5,2005-09-10
10450,727242,1,2003-12-19
10450,1911705,4,2004-12-29
10450,1463271,5,2005-07-25
10450,2593197,4,2004-10-13
10450,235789,3,2004-12-28
10450,1114241,5,2005-11-30
10450,1331788,4,2004-03-31
10450,411705,4,2004-05-14
10450,2546904,4,2004-12-02
10450,435176,4,2005-05-17
10450,1750544,4,2004-02-09
10450,671473,3,2005-11-05
10450,831103,4,2005-07-17
10450,727175,4,2005-07-20
10450,2329026,5,2005-07-26
10450,195120,5,2005-08-07
10450,543279,3,2004-09-24
10450,395034,4,2005-01-25
10450,1232582,1,2005-02-07
10450,835847,4,2004-01-04
10450,1792741,3,2004-01-27
10450,1575462,4,2004-02-16
10450,389966,5,2005-08-29
10450,996101,4,2004-06-01
10450,1241790,4,2004-05-27
10450,1314869,2,2005-03-01
10450,1583129,4,2005-12-07
10450,2004274,4,2004-02-02
10450,1703879,3,2004-08-30
10450,181700,5,2004-05-18
10450,857005,3,2004-10-22
10450,1232164,3,2005-06-08
10450,1920310,2,2005-10-19
10450,2371389,3,2004-02-04
10450,636262,1,2005-08-24
10450,2078595,3,2004-01-06
10450,1605580,4,2004-10-04
10450,2184809,4,2005-02-28
10450,1727342,4,2005-08-07
10450,2523318,4,2004-12-30
10450,974823,3,2005-02-10
10450,2115962,4,2005-11-12
10450,2089791,2,2005-11-13
10450,915726,5,2005-07-31
10450,2420955,3,2004-07-21
10450,37378,4,2004-02-12
10450,989483,4,2004-03-09
10450,501300,4,2005-05-05
10450,1844669,4,2005-10-13
10450,2391686,1,2004-11-11
10450,859685,4,2004-11-30
10450,645237,4,2005-01-13
10450,1706266,4,2005-01-20
10450,1819462,3,2005-04-25
10450,249021,4,2005-11-20
10450,382234,3,2005-12-29
10450,2439493,1,2003-12-14
10450,1985664,4,2004-06-13
10450,353362,2,2004-09-08
10450,784875,4,2004-12-29
10450,530789,5,2005-07-04
10450,1805600,4,2005-11-27
10450,989932,4,2005-08-23
10450,2310071,1,2005-04-18
10450,2408413,5,2005-04-19
10450,2135677,4,2005-11-18
10450,2267955,3,2004-04-05
10450,485083,5,2004-12-25
10450,359143,4,2005-02-12
10450,1697526,4,2005-09-09
10450,2478643,4,2005-10-07
10450,740223,3,2005-12-27
10450,765640,5,2005-07-07
10450,466258,5,2004-01-12
10450,47796,4,2004-09-14
10450,2403229,5,2005-07-13
10450,1806991,4,2004-02-16
10450,238740,3,2004-08-29
10450,1808155,4,2004-12-16
10450,1545709,5,2005-06-29
10450,2482738,5,2005-08-18
10450,51746,4,2005-09-09
10450,2431353,5,2005-12-01
10450,817339,2,2005-09-02
10450,1939431,4,2005-02-17
10450,1918704,4,2004-04-02
10450,318457,3,2004-04-13
10450,1575605,4,2005-08-23
10450,709461,4,2005-11-16
10450,1024854,4,2005-08-24
10450,1609042,4,2004-10-19
10450,539607,3,2004-11-23
10450,2478512,5,2005-02-14
10450,74320,5,2005-05-27
10450,633722,5,2005-06-27
10450,2599262,5,2005-10-26
10450,1300687,3,2005-10-27
10450,2621771,3,2004-08-10
10450,2505139,5,2005-02-03
10450,302344,3,2005-05-08
10450,2588510,4,2004-03-16
10450,1115567,4,2004-04-21
10450,7116,3,2005-12-30
10450,792534,3,2003-11-27
10450,1382209,4,2004-10-04
10450,468246,4,2004-11-09
10450,283650,5,2005-11-02
10450,1906808,3,2005-12-12
10450,1829226,4,2005-06-27
10450,638721,4,2005-07-01
10450,1928107,5,2005-11-27
10450,962304,4,2004-09-09
10450,1317778,2,2005-07-25
10450,212963,4,2004-03-06
10450,1304231,4,2004-03-06
10450,823107,5,2004-12-16
10450,2204684,4,2004-02-05
10450,1788733,5,2005-11-11
10450,2644762,3,2005-07-10
10450,2006914,3,2004-02-24
10450,2197493,4,2005-05-05
10450,1709795,5,2005-12-18
10450,170600,3,2004-01-15
10450,2088513,4,2004-09-13
10450,727863,3,2005-02-24
10450,968541,4,2005-02-28
10450,2404219,3,2005-05-17
10450,1569653,3,2005-06-05
10450,2248080,3,2005-07-06
10450,818752,3,2004-08-03
10450,2196025,4,2005-11-09
10450,406359,3,2005-01-24
10450,2276987,4,2005-09-14
10450,873958,3,2005-07-17
10450,2339953,4,2004-10-17
10450,2457095,1,2004-10-26
10450,1864222,3,2004-12-20
10450,1659896,4,2005-02-24
10450,1318548,4,2005-11-11
10450,2496561,3,2004-08-23
10450,596255,1,2005-08-18
10450,394895,3,2005-09-07
10450,2459120,4,2004-03-30
10450,471177,3,2004-08-12
10450,543769,3,2005-07-25
10450,1621315,4,2004-09-26
10450,425737,4,2005-07-16
10450,254049,3,2004-03-03
10450,846642,5,2004-03-16
10450,1110014,5,2004-05-27
10450,1883094,2,2004-08-02
10450,922288,3,2005-04-28
10450,2065164,3,2005-11-23
10450,876961,1,2005-08-02
10450,1182451,3,2004-01-14
10450,2429730,5,2004-10-07
10450,2613898,3,2005-11-09
10450,1036350,4,2005-12-11
10450,1871337,4,2005-12-12
10450,391859,4,2005-03-15
10450,1677077,4,2005-11-05
10450,2243504,3,2005-11-09
10450,2215021,4,2004-02-27
10450,2195549,4,2003-12-15
10450,302877,3,2005-01-06
10450,96013,4,2005-04-15
10450,324281,4,2005-08-24
10450,2494753,4,2005-06-28
10450,1850241,3,2005-07-18
10450,728171,3,2003-12-24
10450,2104991,4,2005-02-12
10450,1038698,5,2005-02-15
10450,1304471,4,2004-02-24
10450,875970,4,2004-02-01
10450,1465385,4,2004-02-18
10450,2313013,4,2005-06-21
10450,998104,4,2005-06-30
10450,463781,3,2004-02-12
10450,588632,4,2005-03-15
10450,1172980,4,2005-11-21
10450,2060522,4,2005-05-31
10450,507603,1,2005-10-16
10450,2643375,5,2005-10-22
10450,1062029,4,2005-08-28
10450,2268851,4,2005-09-01
10450,2375257,3,2004-07-06
10450,341649,3,2004-01-03
10450,717860,4,2005-02-07
10450,584437,5,2005-07-17
10450,1332585,4,2005-05-03
10450,1935937,4,2005-10-28
10450,757742,2,2005-11-15
10450,1715879,5,2004-08-31
10450,368756,4,2004-10-04
10450,1501018,5,2005-10-28
10450,706897,3,2004-07-10
10450,729527,3,2005-08-26
10450,1366670,5,2003-12-30
10450,2552319,3,2005-04-03
10450,322009,3,2005-06-18
10450,2250323,3,2005-09-11
10450,2521051,5,2005-10-20
10450,2532402,5,2005-11-16
10450,1222167,4,2004-02-19
10450,569658,4,2004-04-28
10450,2141105,3,2005-07-19
10450,961346,4,2004-03-06
10450,274191,4,2004-02-25
10450,1042938,4,2004-08-26
10450,157667,1,2004-09-01
10450,2299517,3,2004-12-13
10450,2203225,2,2005-07-07
10450,803705,4,2005-07-17
10450,1736797,3,2004-04-08
10450,2368545,4,2004-06-25
10450,118213,4,2004-05-03
10450,2286785,5,2005-10-25
10450,2227455,4,2005-11-10
10450,1608318,4,2004-12-21
10450,86233,5,2005-03-10
10450,1664010,5,2005-10-12
10450,1902838,3,2003-12-12
10450,63056,4,2005-07-26
10450,1341623,4,2004-02-13
10450,1018465,4,2004-05-14
10450,2374782,5,2005-08-24
10450,1656401,5,2004-09-25
10450,1181609,4,2004-08-04
10450,2625146,4,2004-01-31
10450,507094,5,2005-05-10
10450,2259174,4,2005-11-28
10450,762414,4,2004-02-20
10450,1848303,4,2003-12-22
10450,2029403,5,2004-11-06
10450,759440,5,2005-09-09
10450,806313,4,2005-12-29
10450,770241,4,2004-06-29
10450,2040195,2,2004-03-17
10450,1618536,3,2004-06-04
10450,1742230,4,2004-09-19
10450,1821320,4,2005-01-11
10450,974027,4,2005-03-04
10450,1540447,4,2005-05-10
10450,731306,3,2004-08-16
10450,946380,3,2005-03-13
10450,2099780,1,2005-04-27
10450,1389432,5,2005-05-19
10450,1628899,2,2005-10-17
10450,2387672,5,2005-10-18
10450,1586449,5,2004-07-07
10450,873713,1,2004-10-25
10450,1231670,5,2005-11-01
10450,676437,3,2004-05-24
10450,2135891,4,2005-12-23
10450,2265162,5,2005-07-28
10450,364366,2,2005-08-22
10450,1168397,3,2004-10-31
10450,1567004,4,2005-05-05
10450,2442177,3,2005-05-14
10450,211108,3,2005-06-10
10450,779811,4,2005-10-19
10450,992021,3,2005-12-06
10450,1894895,3,2004-01-05
10450,381828,5,2005-08-25
10450,2230205,4,2004-04-13
10450,1480816,3,2005-04-01
10450,2012675,4,2005-06-21
10450,2078484,3,2004-08-06
10450,1822091,3,2005-08-22
10450,1758120,3,2005-10-18
10450,2199355,3,2005-05-24
10450,230252,5,2005-10-18
10450,973314,3,2004-05-03
10450,2078928,4,2004-05-03
10450,504440,3,2005-11-08
10450,1824009,3,2004-02-14
10450,773046,5,2004-04-20
10450,2099924,2,2005-01-02
10450,1961026,4,2004-04-30
10450,319203,4,2004-04-26
10450,2448035,3,2004-04-28
10450,1975876,4,2004-05-14
10450,771414,3,2004-11-17
10450,1935793,4,2005-04-04
10450,2466823,5,2004-03-24
10450,1200485,5,2005-06-14
10450,2591100,5,2005-11-17
10450,1273033,2,2004-09-03
10450,2536520,1,2004-01-26
10450,2511489,3,2005-04-30
10450,952063,1,2005-08-16
10450,139473,4,2004-12-14
10450,166041,4,2005-06-20
10450,722591,4,2004-02-22
10450,338545,3,2005-07-04
10450,2200107,5,2005-06-28
10450,1589214,4,2004-02-29
10450,685565,5,2005-08-30
10450,2073840,4,2004-01-04
10450,331432,4,2005-11-12
10450,2226028,5,2005-12-13
10450,420622,4,2005-07-21
10450,1238184,4,2004-01-11
10450,74533,3,2005-08-18
10450,2225743,1,2005-03-28
10450,567909,3,2005-04-11
10450,2380881,4,2005-11-27
10450,579485,4,2005-07-18
10450,718564,3,2004-09-14
10450,2518168,5,2004-07-12
10450,2067949,4,2005-06-27
10450,230112,2,2004-08-26
10450,788560,4,2005-05-19
10450,1780326,3,2005-10-12
10450,438340,4,2004-03-31
10450,115240,4,2005-04-06
10450,1604314,4,2005-08-03
10450,554587,2,2005-05-07
10450,491531,4,2005-05-31
10450,2210867,4,2005-06-06
10450,2145288,4,2005-11-06
10450,2064227,5,2005-08-19
10450,1679839,4,2004-01-20
10450,718388,4,2005-01-11
10450,574834,4,2005-08-25
10450,2504054,3,2004-04-20
10450,2012619,5,2004-02-07
10450,2077206,4,2004-02-07
10450,2045846,4,2004-11-30
10450,258664,4,2005-03-15
10450,745651,3,2005-05-09
10450,2606799,1,2005-05-16
10450,1975044,4,2005-06-02
10450,1466569,4,2005-07-16
10450,1072939,5,2004-08-23
10450,419470,4,2004-07-10
10450,2463759,2,2005-05-02
10450,2326542,4,2005-06-20
10450,2299661,5,2005-10-12
10450,564895,4,2005-10-24
10450,1146000,3,2004-01-06
10450,1799333,2,2004-01-29
10450,331472,2,2005-11-14
10450,1401393,5,2005-11-25
10450,1038731,5,2004-03-23
10450,647979,4,2004-04-26
10450,497753,3,2004-07-06
10450,2256485,1,2004-08-16
10450,1342357,3,2004-11-03
10450,327791,3,2005-11-20
10450,1370476,2,2005-11-24
10450,2579100,4,2005-12-19
10450,716173,5,2005-08-20
10450,1809497,4,2003-12-30
10450,560547,5,2004-01-21
10450,1190910,3,2004-10-26
10450,1299887,3,2005-02-08
10450,1400858,3,2004-01-02
10450,1556973,3,2004-02-17
10450,2430041,3,2005-02-01
10450,522647,4,2005-03-15
10450,682963,3,2005-06-20
10450,1220542,4,2005-07-25
10450,2138857,5,2005-06-23
10450,797227,5,2005-10-22
10450,2008700,5,2005-10-26
10450,804486,5,2004-03-03
10450,1731009,3,2005-04-17
10450,342877,4,2005-07-21
10450,1462172,3,2005-07-27
10450,2635339,4,2004-09-28
10450,1992205,5,2004-10-10
10450,1113284,2,2005-09-23
10450,1413526,4,2004-10-04
10450,319058,3,2005-02-09
10450,2120724,4,2005-10-28
10450,639998,4,2005-08-12
10450,1271404,3,2004-11-04
10450,1703028,4,2005-05-19
10450,151153,5,2005-01-25
10450,761197,4,2005-01-27
10450,1451635,4,2005-11-18
10450,1674496,4,2004-04-07
10450,305344,1,2003-10-20
10450,2597470,5,2004-04-28
10450,2033943,4,2004-04-10
10450,2273429,2,2005-01-27
10450,2234623,4,2005-09-06
10450,2051579,5,2003-12-17
10450,1141203,5,2004-10-07
10450,1334516,3,2005-10-03
10450,1068848,3,2004-06-04
10450,1978089,4,2005-02-16
10450,635056,3,2005-05-04
10450,2099446,4,2005-06-25
10450,2345117,4,2005-11-15
10450,1710658,4,2005-12-01
10450,1205174,4,2005-08-05
10450,2394080,5,2004-07-12
10450,1256605,4,2004-03-10
10450,1659626,4,2004-03-16
10450,1268171,4,2005-03-09
10450,2371144,5,2005-10-25
10450,2625628,5,2005-12-05
10450,484101,3,2005-12-11
10450,764566,4,2004-09-08
10450,2401302,4,2004-06-16
10450,308820,3,2005-05-03
10450,746372,4,2005-06-20
10450,2147527,1,2005-11-18
10450,2439620,4,2004-07-21
10450,1313859,3,2005-02-02
10450,2631950,3,2005-02-25
10450,2438832,3,2005-03-02
10450,1545878,4,2005-04-11
10450,651230,1,2005-05-11
10450,1071786,3,2005-11-13
10450,1636337,4,2005-11-14
10450,1326892,4,2005-11-16
10450,1168896,4,2005-08-01
10450,2380603,3,2005-09-03
10450,455947,3,2004-07-15
10450,17227,2,2005-04-04
10450,2464081,5,2005-07-15
10450,608624,3,2005-07-17
10450,138835,3,2004-09-16
10450,2346595,3,2005-09-04
10450,2128882,4,2004-02-02
10450,2623391,4,2004-05-03
10450,1791615,1,2004-09-27
10450,1327840,4,2004-12-29
10450,1603022,3,2005-08-29
10450,2150746,3,2005-07-05
10450,655601,4,2004-11-07
10450,2111271,3,2005-01-01
10450,655617,3,2005-01-24
10450,2200648,3,2004-04-20
10450,2204746,5,2004-10-22
10450,2317549,3,2004-11-07
10450,1444062,3,2005-11-25
10450,1223912,3,2004-01-08
10450,1692018,5,2005-08-02
10450,889687,4,2005-02-25
10450,1148221,3,2005-05-02
10450,2234621,3,2005-12-30
10450,2160405,5,2004-04-04
10450,1335658,4,2004-03-12
10450,360264,5,2005-03-04
10450,2144951,1,2005-05-03
10450,736927,5,2005-12-05
10450,1738884,5,2005-07-28
10450,1042456,4,2004-07-07
10450,2187377,4,2004-11-07
10450,1962325,3,2004-01-09
10450,1170618,3,2004-08-13
10450,1422074,3,2004-02-27
10450,2276002,3,2004-10-12
10450,391743,5,2005-03-01
10450,1969813,3,2005-04-25
10450,1909471,4,2005-12-15
10450,2382314,5,2005-07-25
10450,977471,3,2004-03-16
10450,1885740,4,2004-07-03
10450,2409906,5,2005-05-12
10450,23427,4,2005-09-13
10450,1934002,4,2005-12-16
10450,1623676,5,2004-05-04
10450,2353914,5,2005-08-09
10450,36641,3,2005-03-22
10450,269856,4,2005-11-14
10450,1121663,4,2005-12-23
10450,1134561,3,2004-06-24
10450,795340,4,2004-01-27
10450,1132470,4,2005-08-31
10450,1107588,3,2004-01-09
10450,2232911,3,2005-02-20
10450,377907,4,2005-06-27
10450,1274966,5,2005-12-16
10450,213677,4,2004-03-05
10450,1468943,3,2004-04-22
10450,1447095,4,2004-07-06
10450,10679,3,2005-07-10
10450,2228763,5,2004-01-31
10450,1182873,4,2004-07-30
10450,1526365,4,2005-11-16
10450,4597,4,2004-10-01
10450,603543,2,2004-11-01
10450,2362765,5,2005-04-18
10450,1084669,4,2004-02-15
10450,528530,2,2005-05-13
10450,605128,4,2005-12-14
10450,896279,3,2004-03-23
10450,1304870,3,2004-05-12
10450,1498221,3,2004-10-03
10450,2425339,5,2005-04-23
10450,1474260,5,2005-07-16
10450,2063145,1,2004-03-02
10450,2002853,3,2004-03-03
10450,985146,3,2005-09-07
10450,1702035,4,2004-03-19
10450,1625122,3,2005-08-30
10450,2305164,2,2004-03-23
10450,1509285,5,2005-11-06
10450,635609,4,2004-07-20
10450,1164175,4,2005-09-05
10450,1181111,4,2005-10-13
10450,874308,5,2005-12-01
10450,1037705,4,2005-08-25
10450,876379,2,2004-02-28
10450,1903412,2,2004-02-24
10450,2268279,5,2004-11-30
10450,1776412,3,2005-11-09
10450,1906110,4,2004-02-19
10450,2133714,3,2005-06-19
10450,2347755,4,2005-11-21
10450,520420,5,2005-03-23
10450,1804246,5,2005-09-25
10450,297192,4,2005-05-08
10450,2118461,5,2005-10-25
10450,2592591,4,2005-10-30
10450,20223,5,2005-07-17
10450,979563,5,2005-07-21
10450,2350722,3,2005-10-11
10450,1550823,5,2005-08-07
10450,493550,5,2005-06-06
10450,392651,3,2005-06-09
10450,741248,3,2005-11-08
10450,2359229,3,2005-11-21
10450,1589608,2,2005-12-19
10450,449212,3,2004-09-13
10450,387418,1,2003-12-14
10450,1336372,2,2004-07-08
10450,174485,4,2004-06-08
10450,754161,4,2005-10-24
10450,2422806,3,2005-11-21
10450,836945,3,2005-07-17
10450,2511211,3,2004-05-11
10450,783767,2,2004-06-14
10450,900096,4,2004-04-05
10450,398239,2,2005-01-13
10450,1261245,4,2005-03-23
10450,2464780,4,2005-10-06
10450,1706818,4,2005-11-16
10450,1632583,5,2005-08-07
10450,348960,1,2005-09-07
10450,1334853,3,2004-03-29
10450,2192258,2,2004-11-01
10450,1212143,3,2005-10-04
10450,1876612,4,2004-04-05
10450,1434556,4,2004-06-30
10450,1297773,3,2004-03-01
10450,752668,1,2004-02-25
10450,1981621,4,2005-06-22
10450,2504322,4,2005-11-11
10450,1876574,4,2004-01-20
10450,1399539,4,2005-09-20
10450,335348,3,2005-12-12
10450,2020385,5,2005-07-08
10450,1121106,3,2005-08-05
10450,2032885,4,2004-04-08
10450,1699714,4,2004-02-17
10450,2630,4,2005-08-31
10450,1932594,2,2004-04-18
10450,785992,4,2004-12-06
10450,2523231,5,2005-01-19
10450,895819,4,2004-08-05
10450,1493504,3,2004-03-26
10450,1061195,3,2003-12-30
10450,1317124,5,2005-12-25
10450,2090465,4,2004-10-20
10450,1498772,4,2004-12-13
10450,1276712,4,2005-04-15
10450,1831664,4,2005-06-04
10450,235077,1,2005-06-21
10450,1663888,3,2004-01-11
10450,124251,5,2005-05-24
10450,1834097,3,2005-11-07
10450,1211944,3,2004-03-23
10450,1525270,4,2004-03-13
10450,2041854,5,2005-08-29
10450,601391,5,2003-12-08
10450,531010,4,2004-06-24
10450,786881,4,2005-03-17
10450,629794,2,2005-05-25
10450,2493406,5,2005-10-23
10450,1058309,5,2004-02-24
10450,1602153,4,2004-10-04
10450,2492113,5,2005-01-05
10450,1812378,4,2005-06-03
10450,1495878,4,2005-11-07
10450,587590,4,2005-12-09
10450,1375303,4,2004-04-16
10450,685113,5,2003-10-17
10450,2484060,5,2005-10-19
10450,377334,3,2005-11-01
10450,133129,4,2004-09-12
10450,372743,4,2005-08-19
10450,877168,3,2005-08-22
10450,1167040,3,2005-09-13
10450,1877070,5,2005-10-24
10450,486048,3,2005-11-14
10450,2291170,5,2005-12-03
10450,2158859,5,2004-01-12
10450,1666805,3,2005-11-23
10450,1127081,4,2004-03-24
10450,1515355,4,2003-12-17
10450,128311,1,2004-01-25
10450,1281882,3,2004-07-19
10450,224522,3,2004-08-02
10450,2382912,4,2005-01-19
10450,189443,4,2005-01-31
10450,2201660,4,2005-05-01
10450,1504525,4,2005-09-20
10450,2547924,4,2005-10-14
10450,1594182,2,2005-11-30
10450,722983,5,2004-02-21
10450,57633,5,2003-12-04
10450,2550224,3,2004-05-25
10450,2096960,4,2004-11-03
10450,82683,5,2005-01-26
10450,1507727,3,2004-02-09
10450,1325749,5,2005-07-31
10450,907030,4,2004-03-09
10450,998236,4,2004-10-01
10450,1508797,4,2005-10-07
10450,2081789,4,2005-07-16
10450,2621229,4,2005-03-02
10450,1216880,4,2005-03-25
10450,1033930,3,2005-06-19
10450,2153607,4,2005-09-19
10450,2021271,3,2005-10-16
10450,2220056,4,2005-10-27
10450,903666,4,2005-11-07
10450,430126,5,2005-08-11
10450,592924,3,2005-11-28
10450,952668,5,2005-12-14
10450,433032,5,2004-07-24
10450,2080458,4,2004-09-30
10450,363609,3,2005-03-12
10450,2075314,4,2004-06-28
10450,2396324,3,2005-06-08
10450,87836,5,2005-09-28
10450,1614802,4,2005-11-22
10450,1852040,3,2004-01-24
10450,716649,5,2005-12-14
10450,2354382,5,2005-12-15
10450,2435544,5,2004-01-20
10450,2479631,4,2004-08-30
10450,2357062,4,2004-09-17
10450,105982,4,2005-05-21
10450,221631,5,2005-02-19
10450,88188,4,2005-08-16
10450,1416729,3,2005-08-30
10450,1933961,5,2004-05-09
10450,1508067,4,2005-03-18
10450,2036752,2,2005-08-10
10450,2429294,5,2005-08-30
10450,1389500,4,2004-02-19
10450,1646639,3,2005-05-27
10450,275551,5,2005-06-30
10450,2281318,5,2005-11-06
10450,1311573,5,2005-11-21
10450,2527771,4,2005-12-25
10450,206893,5,2005-07-14
10450,499856,4,2005-08-17
10450,2181264,4,2004-06-27
10450,237263,2,2004-12-13
10450,1811148,5,2005-01-06
10450,1533807,3,2005-05-01
10450,2460130,4,2005-06-22
10450,2203675,2,2005-08-23
10450,50400,4,2004-11-07
10450,2108631,3,2004-11-12
10450,466892,4,2005-07-19
10450,834423,4,2004-01-25
10450,376614,3,2005-02-01
10450,2521955,3,2005-06-22
10450,1933317,4,2005-06-28
10450,1274035,5,2005-08-16
10450,2237717,1,2004-01-24
10450,54348,4,2005-01-11
10450,1386134,4,2005-05-17
10450,2170453,5,2005-12-19
10450,940101,5,2005-08-28
10450,1300759,4,2004-09-15
10450,900899,4,2004-10-04
10450,220213,5,2005-06-17
10450,2151468,1,2005-05-14
10450,2247326,3,2005-10-17
