15415,1794216,2,2002-03-30
15415,844736,4,2002-08-16
15415,370291,4,2003-07-22
15415,2502462,1,2004-04-13
15415,1294425,3,2004-03-15
15415,139297,1,2004-02-22
15415,780936,5,2005-01-07
15415,1644750,2,2005-03-16
15415,14690,2,2003-05-07
15415,1145052,2,2003-06-08
15415,1435803,3,2003-03-27
15415,1174811,3,2002-06-24
15415,2498427,3,2003-11-24
15415,163546,3,2003-12-15
15415,560142,4,2004-03-26
15415,2142723,3,2004-04-27
15415,1539341,3,2002-07-02
15415,860599,3,2003-04-16
15415,1650301,1,2005-07-25
15415,2161899,3,2002-08-03
15415,567904,3,2003-02-13
15415,1197032,2,2003-10-08
15415,105087,1,2004-02-19
15415,2393632,3,2003-11-25
15415,467801,4,2004-08-31
15415,944767,4,2003-02-14
15415,1213587,3,2003-07-31
15415,992671,3,2004-02-27
15415,270910,4,2003-05-18
15415,1326981,3,2004-05-22
15415,113677,3,2003-09-01
15415,1297458,3,2004-06-02
15415,256788,3,2004-03-05
15415,839182,3,2005-03-02
15415,2500070,2,2004-01-08
15415,1977959,4,2002-04-05
15415,2439795,3,2002-12-22
15415,1203892,4,2002-08-28
15415,2159955,5,2005-04-26
15415,1668900,3,2005-04-16
15415,1998055,2,2002-04-07
15415,1579732,3,2002-08-07
15415,623677,3,2004-04-05
15415,103703,3,2004-01-21
15415,788994,2,2005-01-19
15415,1946921,4,2003-11-29
15415,1366739,2,2003-09-25
15415,1401549,3,2002-06-06
15415,1228566,3,2003-01-22
15415,2160787,3,2004-03-12
15415,1089070,2,2004-03-22
15415,2262263,2,2004-03-06
15415,1260217,4,2004-11-17
15415,2268573,1,2003-01-26
15415,834267,4,2002-03-18
15415,999743,4,2002-07-24
15415,1492122,3,2003-09-24
15415,933168,4,2003-03-28
15415,2145146,5,2002-06-16
15415,114106,3,2003-12-23
15415,491331,2,2005-09-04
15415,1095930,5,2003-08-19
15415,1107099,4,2004-03-18
15415,920128,3,2004-01-29
15415,2384246,2,2004-04-10
15415,343283,2,2005-04-25
15415,1645535,5,2005-11-05
15415,2048686,3,2002-04-11
15415,1355097,2,2002-10-09
15415,2602249,3,2004-06-03
15415,746872,2,2003-02-26
15415,1955367,2,2003-07-15
15415,2601294,3,2004-01-02
15415,1048939,2,2004-03-03
15415,98100,1,2003-12-25
15415,916348,4,2004-07-29
15415,2491620,2,2004-05-18
15415,796398,3,2002-07-06
15415,1220170,2,2004-08-11
15415,2217170,5,2004-04-05
15415,2203244,2,2004-01-09
15415,1599855,2,2004-06-15
15415,24275,3,2005-02-04
15415,2307923,2,2002-08-12
15415,1582412,2,2002-07-05
15415,844731,2,2002-06-07
15415,929308,2,2003-03-26
15415,166977,2,2003-10-28
15415,2145449,2,2005-02-22
15415,2388205,3,2005-04-28
15415,317779,4,2002-10-15
15415,108368,3,2003-05-15
15415,16581,4,2004-03-31
15415,1099291,4,2004-09-21
15415,2067044,2,2005-01-11
15415,124829,3,2005-09-27
15415,247448,3,2005-10-23
15415,2096154,1,2002-11-05
15415,347209,3,2002-11-01
15415,1487119,2,2002-08-01
15415,66109,3,2003-10-27
15415,1204847,3,2005-08-02
15415,2102030,5,2002-07-11
15415,2062100,3,2003-06-29
15415,339101,3,2003-11-11
15415,686510,4,2004-04-01
15415,1373500,2,2005-01-06
15415,2397283,3,2005-10-03
15415,1552276,4,2002-07-20
15415,1663295,3,2002-08-09
15415,2566515,2,2002-05-11
15415,2284627,2,2003-08-12
15415,514877,2,2004-01-20
15415,1118103,3,2003-07-02
15415,542640,3,2004-04-04
15415,2036360,2,2004-11-01
15415,2386920,1,2005-05-12
15415,31835,4,2005-11-27
15415,762369,4,2002-10-10
15415,326567,4,2004-07-05
15415,2045981,2,2003-01-25
15415,1354954,3,2004-02-06
15415,1416836,5,2005-01-03
15415,2092076,3,2005-09-29
15415,705774,2,2005-10-05
15415,821883,4,2002-03-30
15415,1751847,3,2005-01-24
15415,885087,3,2004-04-14
15415,1870357,3,2005-01-29
15415,2272253,3,2005-05-08
15415,1119488,3,2005-09-13
15415,2085613,1,2002-06-19
15415,1522223,3,2003-04-28
15415,2516786,2,2004-01-30
15415,973538,2,2005-09-01
15415,1053405,1,2004-03-23
15415,882818,3,2005-09-20
15415,1154763,5,2003-04-24
15415,2406150,3,2003-12-30
15415,901520,3,2003-08-14
15415,302102,1,2003-12-03
15415,2197411,2,2005-06-20
15415,1046857,2,2004-02-02
15415,2526844,4,2003-07-07
15415,787052,4,2004-07-11
15415,1001129,2,2004-10-18
15415,1528662,5,2005-07-03
15415,1181037,3,2005-11-02
15415,2604976,3,2002-08-28
15415,940434,3,2003-10-16
15415,2036637,3,2004-02-28
15415,789300,3,2004-07-21
15415,2561713,3,2004-11-03
15415,2037602,5,2004-06-24
15415,1447639,3,2002-05-20
15415,1162743,1,2004-03-22
15415,2289197,3,2005-07-16
15415,671682,3,2004-02-20
15415,2164070,3,2004-02-27
15415,415098,1,2002-08-10
15415,546941,3,2003-04-09
15415,417641,2,2004-02-18
15415,1954946,1,2004-02-26
15415,2492392,2,2003-05-03
15415,732363,2,2004-02-27
15415,1354763,3,2004-03-21
15415,2619515,3,2004-04-07
15415,2237950,4,2004-09-18
15415,831643,2,2002-06-04
15415,1958323,2,2002-08-04
15415,825993,3,2002-07-17
15415,199769,2,2003-12-03
15415,956264,2,2003-03-24
15415,1942005,3,2003-09-02
15415,2479320,2,2003-12-17
15415,2396806,2,2004-02-08
15415,1233428,5,2005-11-02
15415,551196,1,2004-04-12
15415,1742740,2,2004-03-02
15415,1153777,3,2004-02-20
15415,1414832,3,2005-11-08
15415,2173870,1,2004-05-22
15415,1388523,4,2002-04-23
15415,2524846,2,2003-10-28
15415,892472,3,2003-02-26
15415,1206842,3,2003-01-16
15415,1525763,2,2003-06-20
15415,396157,3,2005-07-25
15415,485715,2,2002-04-28
15415,345172,3,2004-06-17
15415,1941376,2,2003-09-17
15415,851702,3,2005-08-15
15415,411705,3,2004-04-21
15415,1710794,3,2004-04-12
15415,999410,3,2004-05-07
15415,2550838,1,2002-06-30
15415,2600419,2,2002-06-27
15415,872377,3,2004-02-23
15415,1918316,3,2004-02-10
15415,317912,3,2005-06-21
15415,1050395,5,2005-10-29
15415,1054564,3,2002-08-30
15415,831103,2,2002-06-01
15415,1071395,3,2002-04-23
15415,1572858,4,2005-08-12
15415,125713,3,2005-08-22
15415,721162,3,2005-08-29
15415,753195,3,2005-03-01
15415,1287451,3,2004-02-12
15415,1320774,3,2004-07-30
15415,1792741,2,2002-08-06
15415,1729139,5,2002-03-30
15415,2035369,2,2002-10-06
15415,1062512,2,2003-02-24
15415,1546749,3,2004-01-21
15415,415672,3,2004-07-24
15415,2619814,1,2004-01-23
15415,1314869,3,2004-04-11
15415,2157486,1,2004-11-16
15415,1932856,3,2004-12-28
15415,1698546,5,2005-05-23
15415,864172,4,2005-07-06
15415,2317533,4,2002-06-15
15415,2032944,3,2004-04-20
15415,1130133,3,2003-03-21
15415,33780,2,2004-06-04
15415,1342407,2,2003-12-22
15415,759310,4,2003-10-26
15415,2496492,2,2003-12-02
15415,458603,3,2004-06-27
15415,1509112,3,2005-02-25
15415,1843143,3,2005-05-16
15415,1605580,2,2002-06-26
15415,2006822,2,2002-05-18
15415,473435,4,2004-02-20
15415,1612774,2,2003-01-02
15415,2237185,2,2002-10-04
15415,504211,2,2002-10-10
15415,1081292,4,2003-06-01
15415,1166912,3,2003-05-16
15415,2089742,2,2003-12-05
15415,2261623,2,2004-01-06
15415,1395849,3,2004-05-02
15415,8167,2,2005-02-26
15415,490285,5,2005-04-07
15415,2002671,3,2003-02-12
15415,514579,3,2003-11-21
15415,2062350,3,2003-06-16
15415,1775947,3,2004-03-31
15415,1466818,3,2005-01-25
15415,1605122,2,2002-12-22
15415,1139570,4,2003-02-17
15415,664203,5,2003-12-15
15415,94915,2,2003-06-18
15415,429873,2,2003-06-09
15415,2235640,2,2004-03-06
15415,1216954,1,2004-01-20
15415,1003143,3,2004-06-30
15415,118321,5,2004-04-28
15415,2439493,2,2002-09-26
15415,1096917,4,2004-06-16
15415,530789,3,2004-01-22
15415,376701,3,2004-08-20
15415,1494275,3,2005-06-12
15415,1971183,3,2005-10-09
15415,471064,2,2002-06-29
15415,383062,4,2002-07-31
15415,1083688,1,2004-03-09
15415,163342,2,2003-08-05
15415,476262,3,2004-09-05
15415,1034714,2,2004-04-12
15415,1787492,1,2004-12-09
15415,2213097,3,2002-06-13
15415,2006681,3,2002-08-12
15415,1684232,2,2004-05-21
15415,1598514,3,2002-08-23
15415,2478643,4,2003-01-16
15415,2145987,3,2004-10-09
15415,1134379,3,2005-01-27
15415,147386,1,2005-06-23
15415,545258,5,2002-04-07
15415,1087944,2,2004-05-18
15415,1266719,3,2002-08-22
15415,2498496,4,2004-02-08
15415,1339784,1,2004-03-08
15415,2185614,3,2004-04-11
15415,1545709,4,2002-07-11
15415,1542310,3,2003-10-08
15415,1806991,2,2004-06-16
15415,1512936,4,2004-02-16
15415,1287203,3,2004-02-02
15415,72541,2,2004-05-05
15415,1127410,3,2004-05-30
15415,573920,3,2002-11-16
15415,2290263,3,2003-12-13
15415,57186,3,2003-03-20
15415,927786,2,2002-07-07
15415,492714,1,2002-07-13
15415,2274990,1,2004-03-27
15415,1193468,3,2003-11-12
15415,817339,4,2004-03-25
15415,1183174,2,2005-03-14
15415,1510783,3,2005-12-15
15415,1918704,3,2004-03-15
15415,2438293,2,2002-07-04
15415,1510091,2,2002-05-23
15415,848542,3,2002-09-26
15415,192131,3,2003-06-11
15415,1047368,3,2003-07-11
15415,870631,2,2004-02-15
15415,2370228,4,2004-10-11
15415,2389367,2,2004-06-06
15415,250509,3,2002-09-01
15415,2496479,5,2002-08-08
15415,2398061,3,2002-10-14
15415,2128440,4,2003-12-11
15415,1414013,3,2002-06-01
15415,485175,2,2002-07-25
15415,934213,3,2002-08-03
15415,773045,3,2002-08-29
15415,2612172,3,2003-08-15
15415,1962720,5,2004-03-04
15415,2550101,3,2003-11-11
15415,2155681,4,2004-11-15
15415,764785,3,2002-03-25
15415,597781,1,2003-07-31
15415,154669,4,2003-11-05
15415,2567682,4,2003-04-19
15415,1473980,4,2005-08-28
15415,1409687,2,2003-08-08
15415,1327446,2,2003-08-15
15415,2488357,3,2004-02-16
15415,2091987,2,2004-02-10
15415,2523426,2,2004-03-04
15415,302344,5,2004-09-19
15415,641754,3,2005-01-12
15415,657356,3,2005-04-27
15415,2025153,3,2002-09-11
15415,2588510,3,2003-02-28
15415,2567147,3,2005-08-21
15415,465885,3,2004-05-11
15415,2557674,3,2003-04-25
15415,548695,3,2003-05-23
15415,2512828,1,2004-02-29
15415,633570,1,2004-05-03
15415,2488901,2,2003-12-30
15415,2266549,1,2003-02-26
15415,1952829,3,2004-02-29
15415,2544372,2,2004-11-16
15415,969042,4,2002-03-30
15415,1185461,2,2003-10-03
15415,364145,4,2002-07-09
15415,1252521,3,2004-02-04
15415,2101632,3,2003-12-15
15415,167227,2,2003-01-25
15415,2166842,2,2005-08-02
15415,553202,2,2003-12-08
15415,1008097,2,2003-01-08
15415,1571609,3,2003-08-21
15415,1564486,3,2005-10-19
15415,2135424,3,2002-09-11
15415,1227730,1,2002-05-28
15415,1017860,3,2004-03-10
15415,1563265,3,2003-03-03
15415,1092521,2,2005-02-19
15415,952156,4,2004-02-25
15415,70483,3,2003-10-17
15415,1777406,4,2002-10-23
15415,87333,4,2004-02-14
15415,2067584,3,2004-02-24
15415,1098351,2,2002-05-31
15415,1756796,1,2005-08-07
15415,2490554,1,2004-07-17
15415,818752,3,2004-06-08
15415,1091873,3,2005-01-24
15415,1683198,3,2002-06-11
15415,1597145,1,2003-03-17
15415,965104,5,2004-05-25
15415,2512128,3,2004-03-31
15415,2004367,3,2005-01-29
15415,74556,3,2005-06-12
15415,585968,2,2002-07-31
15415,1161256,2,2003-01-15
15415,980828,3,2004-06-29
15415,768949,2,2004-02-13
15415,2457095,3,2004-02-16
15415,524142,2,2004-05-25
15415,2370302,2,2003-12-01
15415,1876520,1,2002-05-03
15415,920724,3,2004-06-04
15415,1621674,1,2005-03-29
15415,2219287,4,2002-05-08
15415,2541385,4,2002-05-14
15415,607560,5,2004-03-01
15415,595778,1,2004-08-15
15415,790183,3,2002-06-25
15415,364153,2,2002-08-03
15415,1621315,1,2002-08-17
15415,1693002,4,2004-04-30
15415,1406633,2,2004-02-17
15415,1931453,4,2003-12-10
15415,1459705,4,2004-07-01
15415,2494707,3,2004-04-25
15415,2320808,2,2005-06-10
15415,2627705,3,2004-06-08
15415,214763,4,2002-07-23
15415,922332,2,2002-06-22
15415,2409822,2,2005-02-19
15415,886059,3,2003-12-22
15415,605299,3,2004-11-15
15415,1239121,3,2002-06-16
15415,2195832,1,2002-07-03
15415,1446102,1,2002-09-06
15415,1371592,3,2002-10-15
15415,1709499,4,2004-07-23
15415,596918,4,2004-07-02
15415,1369078,4,2005-01-19
15415,2285688,3,2005-03-08
15415,1071266,3,2002-06-21
15415,496436,1,2002-07-02
15415,2268858,5,2003-11-30
15415,1107860,5,2003-09-15
15415,1614939,2,2003-08-12
15415,172229,2,2004-06-18
15415,2092609,2,2003-09-16
15415,522534,4,2004-05-24
15415,1771365,4,2003-01-20
15415,555688,4,2004-05-15
15415,1973503,2,2004-10-27
15415,1695160,4,2005-02-16
15415,2138296,3,2002-07-15
15415,1732840,1,2003-10-21
15415,992402,3,2003-07-06
15415,346137,3,2004-02-03
15415,1478444,1,2003-10-28
15415,2494753,2,2004-03-09
15415,2481491,1,2004-04-29
15415,755820,5,2005-02-10
15415,1106241,1,2005-12-09
15415,989564,2,2002-08-16
15415,728171,3,2002-12-27
15415,2249336,2,2003-03-10
15415,1727232,2,2002-06-17
15415,783144,5,2002-06-25
15415,1978173,1,2004-04-09
15415,184705,3,2004-11-16
15415,1795251,4,2005-11-20
15415,307136,3,2003-01-18
15415,2591704,3,2005-05-04
15415,507603,1,2005-10-07
15415,2193771,4,2003-11-26
15415,113369,3,2002-05-21
15415,1346837,3,2002-07-03
15415,2641668,2,2002-07-16
15415,2368526,3,2005-01-31
15415,1717184,3,2002-06-20
15415,1873315,2,2003-12-20
15415,623709,3,2002-09-11
15415,763840,3,2003-03-03
15415,2120864,2,2002-06-07
15415,431074,3,2002-06-11
15415,2106569,2,2002-08-16
15415,305357,2,2002-07-29
15415,1291455,3,2003-11-15
15415,1753870,3,2004-03-29
15415,2040853,3,2004-06-22
15415,708721,3,2004-10-09
15415,2537543,1,2005-11-02
15415,612615,3,2005-07-26
15415,1519761,2,2003-04-16
15415,404531,2,2002-07-07
15415,2299533,2,2004-04-28
15415,989533,4,2004-12-21
15415,1781198,3,2005-06-08
15415,2341852,4,2002-03-20
15415,1740297,2,2004-03-25
15415,172217,3,2003-12-23
15415,414536,1,2004-04-10
15415,184035,3,2003-11-01
15415,1638450,2,2004-05-06
15415,78331,4,2004-03-03
15415,793892,4,2004-07-29
15415,1000779,3,2004-09-09
15415,580231,1,2004-01-30
15415,2410475,3,2003-03-18
15415,19596,3,2003-11-10
15415,2083367,2,2002-07-09
15415,729527,3,2003-02-14
15415,2279366,3,2003-12-28
15415,129726,1,2004-01-12
15415,137921,3,2005-03-26
15415,949303,2,2005-11-17
15415,2235548,1,2003-09-22
15415,1637683,3,2004-05-26
15415,2426395,2,2002-09-06
15415,1223664,2,2003-10-26
15415,808792,3,2004-10-08
15415,625101,4,2004-12-12
15415,1124634,1,2003-01-08
15415,2569071,3,2002-04-07
15415,842962,2,2005-08-03
15415,478775,3,2002-07-11
15415,1429631,5,2003-05-16
15415,862644,3,2004-11-27
15415,193454,2,2003-03-28
15415,968709,3,2003-09-27
15415,896309,5,2004-02-02
15415,2337014,1,2004-03-16
15415,1985625,2,2005-03-02
15415,2398368,3,2005-06-03
15415,1204497,4,2002-06-17
15415,2417531,2,2003-02-21
15415,1990362,2,2003-03-22
15415,2299517,4,2004-04-26
15415,1871135,3,2003-07-11
15415,2240770,1,2004-05-14
15415,377937,1,2004-02-28
15415,960983,4,2004-03-05
15415,2521037,3,2005-05-02
15415,2508234,1,2004-04-06
15415,1848916,3,2002-06-02
15415,2481975,2,2003-03-12
15415,2455878,2,2004-04-10
15415,1032165,2,2002-09-11
15415,1726438,4,2002-04-17
15415,1579352,2,2002-12-18
15415,1071510,3,2005-10-09
15415,1272375,2,2002-11-06
15415,2586598,3,2004-02-09
15415,1993796,3,2004-01-18
15415,1914933,3,2004-04-13
15415,1664010,5,2005-10-15
15415,1902838,1,2002-03-17
15415,60706,3,2003-12-07
15415,1446909,3,2002-08-15
15415,2567000,3,2003-02-11
15415,421392,3,2004-02-11
15415,302544,2,2003-05-30
15415,2565975,4,2004-01-17
15415,296452,1,2004-03-01
15415,1018465,4,2004-05-18
15415,2493804,1,2005-01-31
15415,2238450,2,2005-05-10
15415,744631,3,2004-04-19
15415,1573988,4,2004-12-23
15415,1365750,4,2005-09-12
15415,1717654,3,2002-07-11
15415,2340466,2,2004-09-08
15415,583344,2,2002-04-12
15415,953084,3,2003-07-16
15415,1588471,3,2004-11-18
15415,148860,5,2002-11-24
15415,572481,1,2002-10-09
15415,385227,3,2002-07-31
15415,2029403,3,2003-06-24
15415,2404142,5,2003-10-07
15415,2005154,4,2004-06-01
15415,1520703,1,2004-02-09
15415,961708,2,2004-04-01
15415,2045002,3,2005-02-17
15415,32885,2,2005-03-27
15415,406365,4,2003-09-08
15415,831640,1,2003-06-07
15415,1871659,1,2003-02-13
15415,2000674,3,2003-10-31
15415,1902140,3,2004-04-18
15415,1872933,2,2004-05-23
15415,517794,3,2005-04-10
15415,101807,5,2002-04-24
15415,630964,2,2003-11-12
15415,1218201,3,2002-12-01
15415,2488021,3,2003-02-14
15415,200645,3,2004-02-19
15415,2078202,2,2004-03-24
15415,594196,4,2004-03-19
15415,830262,1,2004-01-22
15415,1903095,1,2004-01-15
15415,1615954,1,2004-02-24
15415,2289687,1,2004-04-28
15415,1586525,4,2003-09-27
15415,1424084,2,2002-07-07
15415,1156403,3,2003-01-03
15415,1362663,2,2003-08-08
15415,876510,5,2003-08-18
15415,1435875,3,2004-04-15
15415,1955660,2,2004-05-14
15415,1484561,3,2005-02-03
15415,975592,2,2002-05-25
15415,919160,4,2003-03-10
15415,2306017,3,2002-06-28
15415,1677588,2,2002-07-09
15415,1645664,2,2002-11-02
15415,2283695,2,2002-08-16
15415,2144004,3,2004-04-12
15415,263902,5,2004-03-16
15415,364366,1,2002-12-05
15415,1956224,3,2003-12-30
15415,2514777,1,2003-11-05
15415,638291,3,2004-07-13
15415,802351,5,2004-11-18
15415,2337411,3,2003-09-19
15415,477168,3,2003-02-13
15415,1270851,1,2004-02-24
15415,560960,3,2003-09-25
15415,595840,5,2004-05-01
15415,514262,2,2004-04-04
15415,1263021,3,2004-12-12
15415,2536547,1,2002-04-24
15415,347276,4,2002-07-25
15415,2471865,5,2004-05-06
15415,2341658,3,2003-04-23
15415,2096164,3,2002-05-13
15415,212794,1,2002-07-09
15415,1298511,2,2002-06-10
15415,2367915,1,2003-07-17
15415,1293986,2,2002-09-08
15415,2568217,4,2004-01-23
15415,1364974,4,2004-09-07
15415,828349,3,2002-09-25
15415,663627,3,2004-06-08
15415,525071,2,2004-02-28
15415,828655,5,2004-08-10
15415,1664306,3,2004-10-05
15415,189387,3,2005-01-23
15415,1040248,5,2002-05-16
15415,1786671,2,2003-06-27
15415,628307,3,2003-02-24
15415,2032785,2,2003-05-04
15415,2522005,2,2004-03-10
15415,193303,2,2004-03-05
15415,1018094,2,2003-09-23
15415,981753,1,2003-12-16
15415,1041851,1,2004-05-31
15415,949185,5,2005-01-09
15415,704058,3,2004-04-30
15415,2374756,4,2002-09-04
15415,465497,2,2002-09-21
15415,2011043,3,2003-02-13
15415,758634,4,2004-06-09
15415,1014949,3,2003-11-21
15415,166890,2,2004-10-26
15415,829075,4,2004-11-03
15415,1065644,3,2005-09-09
15415,984439,3,2002-05-01
15415,71594,3,2002-04-28
15415,2195326,3,2002-09-11
15415,2290732,2,2003-11-14
15415,2626336,1,2004-01-09
15415,918101,4,2002-05-25
15415,2201065,2,2002-07-10
15415,1101241,5,2003-03-14
15415,730954,5,2005-08-14
15415,2495182,3,2004-05-04
15415,2009821,1,2005-12-15
15415,2601377,2,2003-11-03
15415,109207,3,2004-08-13
15415,2378494,3,2003-06-30
15415,353876,3,2003-09-16
15415,2040500,3,2003-11-30
15415,2413320,4,2004-04-20
15415,190547,1,2004-04-28
15415,10374,5,2004-01-19
15415,1521960,4,2002-08-10
15415,679042,2,2003-03-04
15415,2106146,2,2004-04-27
15415,722591,5,2004-02-17
15415,336100,1,2005-11-18
15415,1720861,3,2003-11-18
15415,1418637,2,2004-06-04
15415,378591,3,2002-08-29
15415,3321,1,2005-07-31
15415,2073799,2,2004-05-24
15415,642089,4,2004-03-29
15415,959331,4,2004-01-13
15415,1515151,2,2004-07-28
15415,278223,2,2004-06-08
15415,1061773,4,2005-02-15
15415,567875,3,2005-05-29
15415,808435,3,2004-05-11
15415,1238184,2,2002-04-24
15415,1421402,2,2002-10-12
15415,312937,2,2002-07-08
15415,2533480,4,2003-08-20
15415,783973,4,2004-03-13
15415,825819,3,2004-04-08
15415,1755173,1,2004-12-25
15415,2166362,3,2004-05-13
15415,201707,4,2002-06-21
15415,718564,2,2003-07-01
15415,233761,2,2002-07-12
15415,1848170,2,2003-02-21
15415,1671947,4,2002-06-28
15415,2139353,2,2003-03-17
15415,2535581,3,2004-05-20
15415,1249663,5,2004-01-26
15415,426352,3,2004-01-16
15415,2561723,2,2004-01-03
15415,144318,5,2005-01-01
15415,1122804,5,2002-09-06
15415,1995860,2,2002-03-27
15415,2487298,4,2005-08-17
15415,1556831,2,2004-08-01
15415,1441256,2,2004-01-07
15415,888450,2,2002-08-14
15415,491531,1,2002-05-09
15415,2211122,3,2004-02-18
15415,1863536,4,2002-10-07
15415,637055,3,2003-03-10
15415,1844527,3,2004-01-10
15415,216534,3,2004-02-28
15415,2519299,2,2004-03-12
15415,2345204,1,2005-03-08
15415,641348,5,2005-04-16
15415,1084694,3,2005-06-12
15415,710621,2,2002-10-21
15415,1873281,2,2002-11-27
15415,501211,2,2002-04-02
15415,2607155,1,2004-02-17
15415,1979198,5,2003-02-24
15415,2603322,2,2004-02-26
15415,815418,2,2003-08-24
15415,1340377,2,2003-08-19
15415,1679839,3,2004-01-05
15415,2299681,4,2004-03-13
15415,752853,3,2002-05-28
15415,1255298,3,2002-04-24
15415,1348456,2,2002-12-16
15415,386947,3,2002-07-13
15415,336595,4,2003-08-16
15415,876568,2,2003-05-24
15415,1801164,3,2003-07-31
15415,2012619,1,2004-06-01
15415,119625,1,2002-11-07
15415,1202193,1,2003-11-01
15415,1559083,3,2003-11-22
15415,2047141,3,2005-06-02
15415,1329474,1,2005-12-26
15415,1984315,3,2003-12-24
15415,1567783,4,2004-03-25
15415,2463759,2,2003-12-26
15415,1390458,4,2005-04-05
15415,783241,4,2002-09-25
15415,2469,2,2003-03-28
15415,2022945,1,2004-03-26
15415,2510262,3,2004-04-28
15415,502305,2,2004-02-10
15415,1774584,4,2005-01-24
15415,202590,1,2003-05-20
15415,1214181,3,2003-11-25
15415,381625,3,2003-02-24
15415,449597,2,2003-02-24
15415,1519667,5,2004-02-07
15415,649585,1,2004-01-16
15415,362622,3,2004-04-01
15415,1614424,3,2004-04-24
15415,55331,5,2004-03-31
15415,647979,2,2005-01-22
15415,1258751,4,2005-09-27
15415,1345636,2,2005-10-15
15415,1312732,3,2005-11-15
15415,1330226,2,2003-09-14
15415,762165,3,2004-07-11
15415,17707,2,2005-08-28
15415,1698123,2,2003-11-19
15415,1920702,3,2004-03-25
15415,853965,1,2005-04-28
15415,108360,3,2003-11-04
15415,239825,4,2002-05-16
15415,212985,3,2002-07-12
15415,2539534,1,2004-01-22
15415,1005175,3,2004-02-12
15415,850586,3,2004-07-24
15415,1772954,3,2004-07-13
15415,1517669,4,2005-07-05
15415,24801,3,2003-10-22
15415,848753,2,2003-12-21
15415,789014,1,2003-01-21
15415,538574,3,2005-07-20
15415,2295594,4,2002-06-28
15415,1445521,4,2002-04-28
15415,798296,1,2002-12-08
15415,1074020,2,2003-01-17
15415,2430041,1,2003-02-14
15415,682963,3,2005-06-20
15415,2288555,2,2002-09-12
15415,682739,2,2002-07-18
15415,16272,2,2002-06-25
15415,504620,1,2005-08-03
15415,2021943,4,2002-08-15
15415,1030209,2,2002-08-18
15415,2440242,3,2004-09-09
15415,1648371,4,2004-06-21
15415,1531342,3,2004-03-29
15415,661611,2,2005-02-08
15415,1313562,1,2002-08-09
15415,2195802,3,2002-09-13
15415,755163,2,2002-11-09
15415,2525584,5,2005-04-28
15415,2484680,1,2003-02-14
15415,358742,4,2003-04-29
15415,1351421,3,2004-04-26
15415,65003,2,2003-05-05
15415,923149,3,2004-03-21
15415,2515488,3,2003-01-20
15415,517392,2,2003-12-16
15415,1667848,4,2005-03-03
15415,677371,3,2004-04-28
15415,1494683,2,2004-03-17
15415,2482256,3,2003-08-10
15415,63623,2,2003-12-02
15415,442813,3,2004-06-16
15415,334643,2,2002-06-29
15415,1292165,2,2004-01-16
15415,11043,3,2003-10-15
15415,2517588,4,2004-03-17
15415,2394024,3,2004-08-04
15415,964916,5,2005-05-06
15415,989738,3,2003-12-23
15415,100712,3,2003-09-21
15415,808789,2,2002-09-28
15415,1753576,3,2002-06-30
15415,2043149,3,2003-07-10
15415,1409708,2,2003-11-14
15415,29204,2,2005-08-18
15415,1627955,1,2004-04-30
15415,1381392,3,2004-11-23
15415,402516,4,2005-11-17
15415,2622230,5,2002-10-25
15415,685687,2,2004-05-25
15415,2586395,2,2003-01-07
15415,1620733,3,2004-06-20
15415,969304,3,2004-01-26
15415,2319565,2,2004-01-07
15415,1301942,2,2004-06-19
15415,1829748,2,2002-06-10
15415,1130847,3,2002-07-09
15415,2115145,2,2002-07-09
15415,942771,1,2002-03-25
15415,1181558,3,2002-08-31
15415,938447,3,2002-09-23
15415,305344,2,2003-02-18
15415,577224,4,2002-10-09
15415,665852,3,2003-04-15
15415,2274584,2,2003-05-03
15415,2538506,2,2004-03-12
15415,1690544,4,2004-02-16
15415,183227,4,2003-01-18
15415,1728528,3,2003-02-12
15415,210185,4,2003-11-18
15415,157643,2,2003-10-12
15415,885743,5,2004-04-16
15415,1273680,3,2004-05-16
15415,155041,4,2005-11-14
15415,574007,2,2002-12-17
15415,681019,3,2003-12-03
15415,134142,3,2002-07-05
15415,27349,3,2002-12-29
15415,327401,2,2003-02-24
15415,735393,3,2004-02-16
15415,2042985,5,2003-10-16
15415,1940764,3,2005-02-03
15415,1545940,4,2002-08-19
15415,1242585,2,2002-04-07
15415,1203347,3,2003-12-30
15415,2240842,4,2002-11-21
15415,1673965,5,2004-05-05
15415,218648,4,2003-09-08
15415,125493,4,2004-07-30
15415,90894,2,2003-09-30
15415,282654,2,2002-04-02
15415,2037693,1,2004-01-08
15415,992576,5,2004-04-29
15415,2192970,4,2003-07-23
15415,55339,4,2003-10-13
15415,170551,1,2004-03-15
15415,1890798,5,2004-12-26
15415,1144671,5,2004-12-26
15415,2508423,1,2002-07-24
15415,1065407,2,2004-01-08
15415,1379212,3,2003-12-01
15415,619920,4,2003-12-06
15415,1210389,3,2004-05-28
15415,284985,1,2004-12-06
15415,2152805,3,2005-02-14
15415,333573,5,2004-04-01
15415,885927,3,2002-07-02
15415,761379,3,2002-05-19
15415,1538355,3,2002-10-31
15415,2561349,3,2003-03-14
15415,476695,4,2004-02-29
15415,1252798,3,2005-03-16
15415,941886,4,2005-06-08
15415,919889,3,2003-09-12
15415,1726869,3,2002-08-11
15415,2244693,1,2004-04-22
15415,138835,3,2004-02-07
15415,768185,3,2003-10-17
15415,2568123,3,2004-02-12
15415,725884,2,2004-03-25
15415,387181,1,2004-02-16
15415,306569,1,2002-03-24
15415,271682,4,2002-07-10
15415,54849,2,2003-11-29
15415,1524551,1,2003-08-29
15415,1086688,4,2004-04-20
15415,1634654,2,2004-01-04
15415,944461,3,2004-02-21
15415,371382,4,2004-03-10
15415,1959604,3,2005-06-20
15415,10268,3,2002-07-09
15415,1480781,2,2002-08-02
15415,988817,3,2002-12-06
15415,899761,3,2004-08-16
15415,1376404,3,2002-09-21
15415,655601,3,2002-11-01
15415,1092913,5,2003-02-21
15415,1028467,3,2004-04-15
15415,2203931,2,2004-04-13
15415,459719,4,2004-12-07
15415,768730,3,2005-02-28
15415,2125032,3,2002-11-12
15415,587206,3,2005-08-04
15415,987785,2,2004-01-12
15415,1391586,2,2003-01-14
15415,2315012,1,2004-02-23
15415,2121765,2,2004-02-19
15415,652324,1,2004-04-03
15415,204060,3,2005-02-07
15415,1615800,3,2002-06-12
15415,1321837,4,2003-02-26
15415,1770828,1,2004-03-10
15415,341806,4,2003-10-28
15415,1446820,4,2005-02-21
15415,1537757,3,2002-04-29
15415,192,3,2003-11-01
15415,1034219,3,2004-04-23
15415,411512,2,2004-11-07
15415,1919368,4,2005-04-06
15415,1377251,5,2005-10-28
15415,1298406,3,2004-06-30
15415,223043,5,2002-06-15
15415,1962325,2,2004-05-25
15415,1707448,4,2002-06-04
15415,1994630,3,2003-10-04
15415,1827007,2,2003-05-21
15415,2586761,2,2004-01-24
15415,476539,3,2004-02-14
15415,2408103,3,2005-02-21
15415,2234653,4,2002-06-25
15415,2130811,3,2003-11-04
15415,355247,3,2004-03-26
15415,249030,3,2004-03-15
15415,1109849,2,2004-01-04
15415,48334,3,2004-10-08
15415,733458,4,2004-03-10
15415,1162949,5,2003-03-25
15415,423990,2,2003-12-08
15415,2360300,2,2004-03-23
15415,603113,3,2003-07-02
15415,980292,3,2004-01-10
15415,2126215,1,2004-02-14
15415,1217196,2,2004-02-09
15415,2241471,2,2004-11-18
15415,1984978,1,2004-02-25
15415,2598647,2,2002-09-08
15415,328651,3,2004-04-18
15415,1329904,2,2002-04-06
15415,2180090,2,2003-10-05
15415,2038137,2,2004-07-27
15415,137602,3,2004-03-11
15415,402266,1,2004-07-09
15415,490057,1,2002-06-27
15415,1275094,3,2002-08-19
15415,752642,1,2002-04-11
15415,1148950,2,2003-05-18
15415,1934089,4,2003-12-02
15415,1507887,2,2003-01-19
15415,1121663,3,2003-03-27
15415,542817,3,2002-09-19
15415,1974726,4,2005-09-01
15415,1892942,3,2003-12-12
15415,1228957,4,2004-07-09
15415,2322355,3,2004-08-15
15415,429876,1,2002-06-16
15415,697054,5,2002-09-13
15415,903296,3,2005-07-13
15415,2481504,2,2005-07-13
15415,1315401,2,2002-03-24
15415,1187924,3,2004-10-15
15415,2482819,2,2004-04-07
15415,1071403,2,2004-03-24
15415,889674,3,2004-03-14
15415,826696,2,2004-01-18
15415,712419,2,2003-09-11
15415,2378747,2,2004-02-17
15415,1060623,3,2005-01-02
15415,1439978,1,2005-05-28
15415,2272860,4,2005-10-09
15415,2539408,1,2003-10-30
15415,654401,4,2003-11-08
15415,1333129,2,2002-08-09
15415,1645733,2,2003-09-18
15415,479853,2,2003-12-30
15415,1526365,3,2004-03-29
15415,2093403,3,2005-02-14
15415,2480001,2,2005-05-27
15415,280380,5,2002-04-17
15415,2023416,1,2004-04-05
15415,121182,2,2002-08-03
15415,2004524,2,2004-02-15
15415,624270,1,2004-01-16
15415,2056022,2,2003-02-12
15415,1617675,3,2003-09-27
15415,789894,2,2003-11-27
15415,592277,1,2003-10-07
15415,1809207,2,2003-11-28
15415,400440,2,2004-02-23
15415,2116415,3,2004-04-21
15415,603543,2,2004-11-29
15415,1102616,3,2005-02-14
15415,1426824,2,2003-12-16
15415,378579,3,2002-05-16
15415,1722054,3,2003-08-26
15415,2375033,3,2004-06-12
15415,2499884,3,2005-11-17
15415,1609651,4,2002-04-09
15415,956271,2,2002-09-12
15415,1002780,2,2003-10-06
15415,1758002,2,2004-02-18
15415,1030744,3,2003-04-22
15415,400880,2,2004-03-28
15415,360846,2,2004-04-08
15415,307427,3,2004-03-02
15415,971176,2,2004-11-08
15415,794933,1,2002-09-23
15415,2540286,4,2004-03-05
15415,2556700,2,2002-06-26
15415,688579,4,2005-09-23
15415,701678,5,2004-05-23
15415,592691,5,2005-03-18
15415,1113515,3,2005-06-16
15415,1388630,1,2002-06-10
15415,1354717,5,2003-12-02
15415,1501869,3,2003-08-20
15415,1887505,3,2002-08-30
15415,1230845,3,2004-02-07
15415,2050233,3,2004-05-08
15415,1036641,3,2004-10-02
15415,1399042,1,2005-07-15
15415,992694,3,2003-03-05
15415,1519378,3,2004-03-21
15415,1589251,2,2002-08-04
15415,1930954,3,2002-10-21
15415,1158559,1,2002-12-01
15415,2019763,2,2004-08-19
15415,2398373,2,2004-05-28
15415,2188860,5,2004-04-26
15415,2143764,3,2005-03-22
15415,2039301,3,2005-12-14
15415,2118461,4,2005-12-21
15415,523779,4,2002-10-12
15415,1109636,2,2002-07-01
15415,388717,3,2003-02-13
15415,872232,2,2002-12-03
15415,1756244,2,2003-09-04
15415,1655598,3,2004-10-04
15415,1139203,4,2003-01-09
15415,421901,3,2002-07-09
15415,531630,3,2004-06-02
15415,1925832,3,2003-09-30
15415,2125368,4,2004-01-12
15415,1538864,2,2004-02-17
15415,264120,2,2004-02-27
15415,2200718,4,2003-07-22
15415,387418,1,2003-10-10
15415,774061,4,2004-01-23
15415,2584254,1,2004-03-12
15415,1580437,1,2003-09-03
15415,2541077,1,2004-01-20
15415,977703,4,2004-04-01
15415,93124,2,2005-06-22
15415,2508312,3,2002-07-13
15415,1041778,3,2002-04-08
15415,1543836,2,2003-06-09
15415,381346,3,2002-07-19
15415,1247574,2,2004-01-05
15415,1166090,3,2004-05-04
15415,200427,3,2004-02-14
15415,2452430,3,2004-10-11
15415,766680,3,2002-06-05
15415,1825371,2,2004-02-20
15415,844637,1,2004-03-29
15415,1029163,2,2002-05-06
15415,2427026,2,2004-01-10
15415,878576,1,2005-08-27
15415,1716427,3,2004-03-21
15415,1334853,3,2004-04-06
15415,601317,3,2004-03-13
15415,1309057,4,2004-05-03
15415,2158527,1,2002-05-10
15415,2565300,1,2002-11-22
15415,2478744,2,2004-04-09
15415,266147,1,2004-09-29
15415,375341,3,2003-09-02
15415,2386315,3,2002-09-10
15415,1051251,4,2003-11-25
15415,1939558,3,2003-12-19
15415,2214251,1,2003-11-20
15415,2440833,3,2005-12-10
15415,510180,4,2002-11-23
15415,1749656,4,2002-04-04
15415,1334279,3,2002-12-20
15415,2312452,1,2004-01-21
15415,915926,2,2004-05-11
15415,16273,3,2003-07-24
15415,794999,5,2004-06-08
15415,2054421,3,2004-10-27
15415,958687,2,2002-03-24
15415,2153721,1,2003-11-05
15415,356615,1,2002-05-17
15415,898123,2,2002-10-20
15415,1993568,3,2005-09-07
15415,1729096,1,2004-02-09
15415,1806018,3,2004-09-23
15415,686789,1,2005-09-18
15415,700490,3,2005-09-26
15415,852193,2,2003-04-20
15415,2520506,1,2003-08-22
15415,894461,2,2002-07-13
15415,458052,3,2003-04-07
15415,758749,3,2003-03-04
15415,2396403,3,2003-08-14
15415,1884816,4,2004-07-28
15415,2209849,3,2005-09-27
15415,2616235,2,2002-06-03
15415,815165,4,2002-06-29
15415,1663888,3,2003-11-03
15415,708630,3,2003-06-14
15415,1442150,2,2003-12-07
15415,387633,3,2004-02-18
15415,2350588,3,2004-10-22
15415,1461435,1,2002-03-14
15415,292654,1,2002-10-20
15415,2455561,2,2002-06-01
15415,2222510,4,2002-08-22
15415,2536367,2,2003-05-17
15415,601391,5,2003-12-28
15415,2420748,4,2004-04-12
15415,2179596,3,2004-06-15
15415,629794,1,2005-05-25
15415,584100,4,2005-12-23
15415,1343136,4,2003-01-15
15415,2392520,2,2004-01-31
15415,1300582,3,2004-04-05
15415,2552767,2,2004-05-12
15415,1602153,3,2005-06-24
15415,498748,3,2003-07-10
15415,2400344,1,2004-02-15
15415,38958,3,2002-08-25
15415,19296,3,2004-02-18
15415,1293514,2,2003-09-05
15415,999397,4,2004-06-15
15415,1453265,3,2005-04-11
15415,1037245,4,2005-12-27
15415,1173289,2,2002-06-08
15415,985495,3,2003-04-09
15415,151004,4,2002-07-08
15415,410076,3,2002-07-11
15415,378732,2,2003-05-17
15415,341868,2,2004-01-13
15415,2145249,4,2004-01-03
15415,1820593,3,2003-12-13
15415,642384,5,2005-02-09
15415,1154755,4,2005-04-12
15415,2060674,3,2002-11-29
15415,556870,2,2003-05-21
15415,1193442,1,2004-02-03
15415,596250,3,2004-02-17
15415,2140563,5,2002-07-10
15415,67134,1,2002-03-22
15415,1884871,1,2003-12-28
15415,1639792,1,2002-04-04
15415,1233297,3,2003-01-09
15415,1830300,3,2002-09-17
15415,2111055,2,2005-05-16
15415,443926,1,2002-08-20
15415,57633,2,2002-05-03
15415,38946,4,2002-07-06
15415,2338809,2,2003-01-16
15415,138833,1,2004-02-04
15415,1624343,3,2005-08-18
15415,1799090,2,2003-10-25
15415,1623723,2,2004-03-07
15415,790471,2,2002-09-24
15415,2318583,3,2002-06-10
15415,1000489,3,2004-05-12
15415,132731,3,2002-11-08
15415,2273925,2,2002-08-03
15415,1537847,4,2002-07-09
15415,2376835,4,2003-06-16
15415,547796,5,2004-03-16
15415,2143500,2,2005-01-30
15415,1591210,2,2002-08-30
15415,998142,2,2002-11-21
15415,2628278,3,2004-01-29
15415,1865100,3,2004-06-22
15415,1037292,1,2003-04-15
15415,2136526,3,2004-02-09
15415,1963140,1,2004-07-17
15415,475734,4,2004-02-18
15415,2377637,2,2005-10-24
15415,3363,4,2002-11-02
15415,1461978,2,2003-09-16
15415,487996,4,2004-09-15
15415,2477652,1,2003-12-13
15415,923631,2,2004-03-29
15415,1326993,2,2003-01-10
15415,1966227,4,2003-12-26
15415,2001326,2,2004-02-10
15415,242681,2,2003-09-11
15415,2373756,1,2004-02-21
15415,2283211,1,2004-05-24
15415,2238060,2,2004-08-18
15415,767362,4,2004-12-29
15415,2093736,3,2004-02-11
15415,1822915,5,2004-03-07
15415,1480807,3,2002-12-01
15415,787667,3,2002-09-21
15415,2049734,3,2003-05-01
15415,1707198,2,2004-03-02
15415,716649,3,2004-03-22
15415,1264243,3,2004-03-30
15415,416193,3,2004-04-16
15415,1493118,3,2002-07-09
15415,104724,2,2003-04-18
15415,1846055,4,2002-12-25
15415,2496250,3,2004-06-17
15415,2304517,3,2002-06-30
15415,928722,4,2002-10-29
15415,105421,1,2004-02-28
15415,497341,3,2005-09-13
15415,44341,3,2002-08-07
15415,1276983,3,2002-08-06
15415,1765144,1,2002-09-06
15415,984482,5,2004-03-14
15415,2429294,4,2005-08-15
15415,383952,1,2004-01-22
15415,1493929,2,2004-03-03
15415,2452367,3,2004-07-06
15415,275551,4,2005-07-01
15415,2070820,3,2002-11-26
15415,1456579,4,2002-09-15
15415,1344474,2,2002-04-11
15415,428688,2,2002-04-24
15415,1831290,3,2004-03-26
15415,2636170,3,2002-12-03
15415,188613,3,2002-06-22
15415,289656,1,2004-01-11
15415,948109,4,2002-06-13
15415,1873084,1,2003-03-25
15415,2414964,3,2003-01-14
15415,2419258,5,2005-08-12
15415,2076631,2,2003-10-22
15415,1466086,5,2004-02-03
15415,217762,3,2004-08-30
15415,816668,2,2002-05-04
15415,1766524,3,2002-07-31
15415,2197773,4,2003-12-22
15415,845991,3,2004-02-19
15415,10897,3,2003-10-27
15415,121369,3,2004-02-10
15415,927240,3,2004-04-30
15415,271434,5,2004-06-11
15415,309424,3,2002-05-08
15415,1544410,3,2002-09-14
15415,85493,3,2003-10-20
15415,1528326,3,2004-03-25
15415,563585,3,2004-12-28
15415,1517158,4,2004-01-03
15415,2524438,3,2002-04-30
15415,2111672,2,2003-05-07
15415,2634967,2,2004-01-21
15415,1961675,2,2004-01-26
15415,2573509,3,2002-04-30
15415,70476,4,2002-06-02
15415,1017813,3,2003-10-02
15415,2087152,3,2004-01-18
15415,2091016,3,2004-01-12
15415,324510,1,2004-01-23
15415,2522793,4,2004-08-13
