5540,2023579,4,2005-09-28
5540,1513144,4,2005-04-09
5540,2059716,4,2005-10-10
5540,323173,4,2005-05-05
5540,1794276,4,2005-11-02
5540,1227322,1,2005-05-16
5540,1030353,5,2005-12-25
5540,2170199,4,2005-11-02
5540,1235693,4,2005-11-15
5540,2043555,3,2005-09-19
5540,195013,5,2005-04-08
5540,1881487,4,2005-04-09
5540,850138,4,2005-10-25
5540,189811,5,2005-07-15
5540,203323,5,2005-12-30
5540,1705503,4,2005-10-09
5540,947385,5,2005-09-03
5540,2494005,4,2005-03-24
5540,2493009,5,2005-07-24
5540,511054,5,2005-08-01
5540,1306327,5,2005-09-13
5540,1244175,5,2005-04-11
5540,2075493,5,2005-10-08
5540,1212852,5,2005-09-17
5540,2439493,1,2005-09-25
5540,1140220,4,2005-09-26
5540,2450621,3,2005-09-13
5540,874065,4,2005-07-05
5540,400406,2,2005-09-13
5540,994153,4,2005-09-01
5540,2065448,5,2005-04-25
5540,959444,5,2005-10-10
5540,2426821,3,2005-11-08
5540,1374216,1,2005-09-26
5540,1827234,3,2005-10-04
5540,1005883,4,2005-12-06
5540,263425,4,2005-07-13
5540,2285688,5,2005-03-20
5540,1772359,5,2005-09-03
5540,28031,5,2005-10-06
5540,2029979,5,2005-09-04
5540,507603,1,2005-11-20
5540,2351412,4,2005-07-25
5540,1303244,4,2005-10-13
5540,1205700,5,2005-09-29
5540,1577708,4,2005-09-22
5540,36748,4,2005-11-29
5540,1664010,5,2005-10-17
5540,507094,5,2005-09-06
5540,1829377,5,2005-12-14
5540,286684,4,2005-09-20
5540,1723010,2,2005-12-06
5540,1924539,5,2005-07-13
5540,2296553,4,2005-11-02
5540,1589400,4,2005-08-19
5540,1738635,5,2005-11-02
5540,1360717,4,2005-08-17
5540,266801,5,2005-08-20
5540,1169517,5,2005-12-03
5540,614032,4,2005-10-10
5540,1584741,5,2005-06-11
5540,1111760,5,2005-06-06
5540,1856968,1,2005-04-17
5540,813510,5,2005-12-28
5540,281060,5,2005-09-15
5540,483168,5,2005-03-28
5540,592083,3,2005-11-28
5540,305344,1,2005-04-20
5540,2554977,1,2005-10-31
5540,2195332,4,2005-08-29
5540,2556455,5,2005-09-08
5540,1801598,5,2005-10-08
5540,2308103,4,2005-11-18
5540,1085566,5,2005-06-20
5540,1334281,5,2005-10-25
5540,1047269,4,2005-05-04
5540,989902,4,2005-05-31
5540,345574,4,2005-10-31
5540,1038581,3,2005-11-09
5540,574107,4,2005-10-22
5540,2288193,5,2005-11-21
5540,2483431,5,2005-06-29
5540,1198982,3,2005-11-28
5540,2487579,5,2005-06-28
5540,22501,5,2005-04-27
5540,1708775,3,2005-10-25
5540,1675556,4,2005-11-05
5540,1566104,5,2005-11-22
5540,563888,5,2005-04-13
5540,908626,5,2005-05-16
5540,8965,4,2005-05-27
5540,1005185,5,2005-04-06
5540,1806515,3,2005-09-20
5540,641138,5,2005-11-02
5540,1086684,1,2005-03-28
5540,761594,5,2005-09-19
5540,387418,1,2005-12-02
5540,1572951,4,2005-04-22
5540,1960295,1,2005-09-18
5540,2283349,4,2005-08-10
5540,1486829,4,2005-10-28
5540,1293508,5,2005-09-03
5540,1461435,1,2005-11-28
5540,1626200,5,2005-09-19
5540,1037245,3,2005-12-27
5540,2406705,2,2005-09-19
5540,1109887,2,2005-10-03
5540,1063391,5,2005-09-19
5540,840419,3,2005-12-26
5540,166307,4,2005-04-13
5540,267780,3,2005-09-29
5540,943423,4,2005-09-01
5540,1455446,3,2005-10-15
5540,1384225,3,2005-09-10
5540,413253,3,2005-10-19
5540,2222077,1,2005-10-24
5540,291041,5,2005-03-28
5540,2066383,5,2005-10-21
5540,558413,2,2005-11-20
5540,2424328,5,2005-03-15
5540,722287,5,2005-06-03
5540,1686270,4,2005-11-17
5540,1714427,5,2005-04-13
5540,1783476,3,2005-11-26
5540,128611,2,2005-10-18
5540,1698316,5,2005-10-25
5540,1065921,3,2005-11-01
