13196,577397,2,2004-01-14
13196,1744889,1,2004-03-03
13196,1319997,2,2003-12-17
13196,160876,3,2005-08-26
13196,1608985,3,2005-09-05
13196,2630287,2,2004-02-18
13196,25382,2,2004-04-08
13196,2007993,3,2004-02-13
13196,1657481,5,2004-10-07
13196,557167,3,2005-05-06
13196,546017,4,2005-07-12
13196,1485922,2,2003-08-28
13196,215739,3,2004-03-14
13196,461110,2,2003-10-22
13196,2602658,1,2004-02-20
13196,1131783,2,2004-04-27
13196,1041552,3,2004-11-04
13196,1197141,1,2005-07-28
13196,531744,4,2003-10-07
13196,908205,2,2003-10-01
13196,1426603,3,2003-12-31
13196,2587481,1,2004-03-12
13196,1764075,1,2004-08-24
13196,2138987,1,2004-02-18
13196,2548801,4,2005-06-13
13196,370065,2,2003-06-21
13196,2398831,1,2003-09-29
13196,1921624,1,2003-09-27
13196,1279857,3,2004-04-29
13196,2024226,3,2005-04-03
13196,2547935,2,2004-05-10
13196,624145,1,2004-02-24
13196,1977959,4,2002-05-06
13196,1429041,3,2004-05-28
13196,906509,2,2005-11-11
13196,2025375,1,2004-03-27
13196,1565948,3,2005-08-29
13196,2605003,3,2003-10-02
13196,1787269,3,2004-02-25
13196,1984086,2,2004-09-19
13196,1460653,3,2005-07-07
13196,1130045,1,2001-05-22
13196,1956586,3,2003-02-13
13196,1900854,4,2003-09-22
13196,287825,2,2004-01-28
13196,1857979,1,2003-06-06
13196,2463283,4,2004-04-01
13196,1796213,1,2004-03-08
13196,408459,2,2004-05-04
13196,1888170,4,2004-03-02
13196,2434480,2,2002-10-19
13196,544673,1,2003-12-17
13196,2443756,3,2002-12-02
13196,348646,2,2003-09-05
13196,656460,1,2004-02-06
13196,2543231,3,2004-03-12
13196,1615997,1,2004-04-26
13196,679412,1,2003-11-29
13196,1523159,3,2004-03-07
13196,2618381,2,2004-01-20
13196,2541025,1,2004-05-24
13196,118346,1,2004-01-11
13196,1323884,5,2004-04-16
13196,221091,1,2004-10-28
13196,385079,4,2004-12-08
13196,2268573,1,2003-01-26
13196,286969,2,2002-11-08
13196,2622904,3,2004-02-18
13196,262411,3,2003-10-28
13196,140418,3,2004-03-20
13196,1720797,1,2004-03-27
13196,963962,3,2004-06-03
13196,923084,2,2004-11-23
13196,413603,2,2005-01-24
13196,1684328,4,2005-03-28
13196,1020604,3,2002-03-19
13196,1131364,3,2003-08-05
13196,1784308,3,2004-04-28
13196,1379793,3,2004-03-24
13196,1652831,1,2003-12-23
13196,1546588,2,2004-04-26
13196,1746766,3,2005-12-13
13196,1572469,3,2003-06-07
13196,656167,1,2004-02-22
13196,2160223,2,2004-09-12
13196,1866984,4,2004-09-24
13196,1236924,2,2003-08-27
13196,2053553,2,2005-08-09
13196,158855,1,2004-01-26
13196,1220170,1,2004-01-19
13196,2225404,1,2004-03-26
13196,1078112,1,2004-02-23
13196,798524,3,2005-01-24
13196,2644644,3,2005-09-03
13196,2419406,2,2003-10-23
13196,1820058,1,2004-08-09
13196,1340285,1,2003-11-17
13196,2423285,1,2002-08-28
13196,929308,2,2003-07-05
13196,503348,2,2004-03-06
13196,316857,3,2004-02-12
13196,786523,1,2004-04-16
13196,61472,1,2003-10-04
13196,2142313,4,2003-09-11
13196,280597,1,2004-03-16
13196,268406,1,2005-11-01
13196,816549,2,2003-08-24
13196,266850,3,2005-08-08
13196,1512574,2,2004-03-29
13196,389017,2,2005-11-23
13196,752568,3,2002-08-21
13196,649969,1,2004-01-29
13196,13885,5,2003-04-20
13196,1559165,2,2004-05-10
13196,385977,1,2003-12-15
13196,1386143,2,2004-11-05
13196,2045348,3,2002-04-17
13196,1833567,1,2003-12-22
13196,2566515,2,2003-08-15
13196,2178659,1,2003-10-17
13196,1199825,2,2005-09-05
13196,1150025,2,2004-01-23
13196,1932377,1,2004-05-17
13196,474691,2,2002-04-20
13196,2046091,2,2002-08-10
13196,437394,1,2004-02-27
13196,1088303,4,2002-05-04
13196,2104131,2,2003-12-13
13196,2315129,2,2003-08-31
13196,1716910,4,2004-01-24
13196,1721623,2,2004-01-19
13196,2033308,1,2003-07-16
13196,1321004,2,2004-07-09
13196,979937,3,2004-03-01
13196,1038797,1,2004-05-15
13196,2025577,4,2003-01-07
13196,1589677,2,2002-03-18
13196,474656,1,2004-03-28
13196,569333,3,2003-08-13
13196,2403331,3,2003-06-15
13196,108484,3,2004-06-10
13196,1777211,3,2004-08-20
13196,1053405,1,2004-03-23
13196,2339919,3,2004-04-14
13196,2120060,3,2004-01-08
13196,2350518,4,2002-06-22
13196,1438767,1,2004-04-14
13196,901520,2,2003-08-15
13196,1445965,3,2004-03-25
13196,467416,1,2004-04-20
13196,183237,1,2004-04-11
13196,374858,1,2004-05-06
13196,2100928,3,2004-02-11
13196,26252,1,2005-10-13
13196,1980593,3,2002-01-01
13196,2291972,3,2005-07-19
13196,1288554,4,2004-01-14
13196,1822726,1,2003-09-16
13196,1652711,2,2003-11-05
13196,128053,1,2004-03-01
13196,1103154,1,2004-03-16
13196,2224153,2,2004-04-06
13196,722289,2,2004-06-06
13196,776415,3,2004-11-04
13196,1699063,1,2005-10-06
13196,2604976,2,2004-01-08
13196,745227,3,2003-03-03
13196,1344349,2,2002-05-21
13196,1079746,1,2004-01-17
13196,1903911,2,2003-11-29
13196,2598028,1,2004-01-19
13196,340350,1,2004-02-15
13196,1649964,1,2004-01-07
13196,58741,1,2004-01-02
13196,551587,3,2004-02-27
13196,1653367,3,2004-04-13
13196,881876,2,2004-11-03
13196,2089171,4,2004-02-23
13196,2485566,2,2001-08-06
13196,312038,2,2003-09-25
13196,1597177,1,2004-04-24
13196,180644,3,2003-09-05
13196,2247938,3,2005-11-02
13196,1954946,1,2004-02-26
13196,2640203,3,2004-05-29
13196,1351082,2,2003-08-04
13196,779144,1,2004-02-18
13196,246200,3,2004-03-16
13196,831055,2,2004-02-08
13196,625742,2,2004-03-22
13196,2356653,1,2004-05-01
13196,2473299,3,2004-03-01
13196,1833866,2,2005-08-09
13196,295718,1,2004-01-05
13196,1802239,1,2003-12-22
13196,162854,4,2004-03-12
13196,2479320,2,2003-10-05
13196,1478013,3,2004-01-04
13196,516004,3,2004-04-15
13196,2587280,2,2004-03-22
13196,785608,4,2004-03-26
13196,1371129,3,2005-12-02
13196,257622,2,2003-09-04
13196,1226291,4,2003-02-27
13196,727242,2,2002-11-08
13196,2493074,3,2004-06-27
13196,1768779,3,2005-01-11
13196,715293,3,2005-02-25
13196,1250949,3,2005-05-24
13196,2173870,1,2004-05-22
13196,1352981,2,2002-05-19
13196,1590697,2,2004-02-03
13196,80683,2,2002-04-22
13196,1211787,2,2004-02-03
13196,1309597,3,2004-03-08
13196,76852,2,2004-05-10
13196,241772,2,2004-09-18
13196,2468140,2,2005-04-19
13196,485715,3,2004-06-10
13196,891694,1,2003-12-11
13196,1832431,2,2004-06-21
13196,739394,1,2004-03-12
13196,1046596,4,2003-12-02
13196,793183,3,2004-01-28
13196,854751,2,2004-02-22
13196,1927042,2,2004-02-22
13196,1666454,4,2001-11-03
13196,778615,2,2002-05-22
13196,1750544,3,2002-07-31
13196,877469,3,2004-01-16
13196,1383811,3,2003-12-14
13196,376821,2,2004-04-15
13196,693865,3,2005-01-19
13196,1555901,2,2005-11-22
13196,462344,2,2003-03-26
13196,20392,2,2004-02-29
13196,938418,2,2004-02-06
13196,2329026,1,2004-04-06
13196,1054564,2,2005-01-07
13196,35036,3,2005-10-09
13196,403836,4,2005-08-14
13196,90893,4,2004-03-11
13196,1310728,3,2004-07-29
13196,1883721,1,2004-02-22
13196,1314869,3,2004-04-11
13196,2220239,4,2001-11-09
13196,671071,2,2004-02-09
13196,1661048,1,2003-11-10
13196,537447,3,2004-03-26
13196,2152843,2,2004-03-28
13196,307301,2,2005-04-28
13196,701615,2,2004-02-16
13196,1419527,3,2003-09-08
13196,1087321,1,2004-04-25
13196,2412709,1,2003-09-03
13196,473435,3,2004-03-03
13196,1318000,2,2004-08-06
13196,1473410,1,2004-04-14
13196,1244428,2,2004-04-02
13196,2237185,3,2002-06-14
13196,1669533,2,2002-12-08
13196,1926750,1,2003-12-12
13196,1458665,1,2003-01-04
13196,1721678,2,2004-03-02
13196,1457974,3,2005-09-04
13196,280327,3,2003-07-25
13196,180221,3,2004-11-24
13196,1800072,2,2005-02-16
13196,1645312,2,2005-11-15
13196,782611,2,2002-03-26
13196,2587117,2,2003-02-11
13196,1532433,2,2002-03-08
13196,2484944,2,2003-08-26
13196,786434,5,2004-02-26
13196,1190158,5,2004-06-06
13196,496994,3,2005-06-06
13196,102919,3,2003-12-09
13196,937713,4,2004-04-18
13196,897465,3,2004-02-17
13196,1912002,3,2005-12-05
13196,1578969,1,2004-01-21
13196,1734270,2,2003-11-22
13196,2258287,3,2002-10-30
13196,2439493,1,2003-01-16
13196,2534306,2,2004-02-17
13196,2301473,4,2004-04-08
13196,1124974,1,2004-02-07
13196,584354,3,2005-02-14
13196,1533135,2,2001-02-19
13196,439405,4,2002-12-11
13196,2250951,3,2003-03-25
13196,1758848,1,2004-01-03
13196,1412446,2,2004-04-05
13196,457692,4,2004-03-25
13196,2443669,1,2004-07-14
13196,1914525,1,2004-04-02
13196,1916579,4,2004-12-28
13196,501850,3,2004-02-16
13196,864902,3,2003-03-03
13196,1111480,2,2004-02-29
13196,1684232,1,2003-08-13
13196,116726,3,2003-09-18
13196,895956,2,2003-08-21
13196,2225637,3,2004-10-19
13196,2368618,1,2005-11-09
13196,2376367,3,2004-02-03
13196,2129374,4,2002-03-16
13196,2053984,1,2004-05-27
13196,2315679,3,2004-03-31
13196,2185614,3,2004-03-18
13196,536428,3,2005-02-03
13196,1801528,3,2005-11-12
13196,2281974,1,2005-11-28
13196,365673,4,2004-04-18
13196,176377,3,2003-11-04
13196,241634,2,2004-02-16
13196,2014706,1,2003-11-01
13196,1748269,2,2003-12-14
13196,1257515,4,2004-06-16
13196,2389886,2,2005-06-18
13196,741965,3,2004-02-29
13196,1163832,1,2004-05-18
13196,2290263,2,2004-01-15
13196,479376,3,2004-07-29
13196,1799734,3,2001-09-13
13196,796288,4,2003-10-15
13196,1873379,3,2002-08-01
13196,2442581,2,2003-01-17
13196,1707572,5,2004-05-14
13196,249561,1,2004-02-21
13196,1318951,1,2004-02-29
13196,853689,2,2004-07-28
13196,2121581,2,2004-06-07
13196,2461289,1,2005-05-11
13196,356652,2,2004-05-10
13196,228937,2,2004-03-16
13196,632193,1,2002-08-06
13196,973584,3,2001-12-30
13196,392859,1,2004-04-29
13196,2338153,1,2004-05-14
13196,1614948,2,2004-04-06
13196,1103273,2,2004-11-22
13196,428844,3,2005-05-28
13196,656977,2,2002-11-01
13196,1414013,2,2002-07-14
13196,2544637,1,2003-12-17
13196,235553,2,2004-02-07
13196,483968,1,2004-05-31
13196,2551662,2,2004-02-27
13196,1557239,3,2005-05-27
13196,1296087,2,2005-10-20
13196,2085544,1,2002-10-10
13196,1937671,2,2003-04-16
13196,1473980,3,2005-08-28
13196,345704,2,2003-12-03
13196,1394988,3,2003-08-16
13196,2370179,3,2004-02-11
13196,2223819,3,2004-04-18
13196,1939384,1,2004-04-16
13196,1409687,3,2004-10-25
13196,481049,3,2005-10-05
13196,565510,3,2000-12-03
13196,753231,2,2004-08-10
13196,465885,1,2004-01-14
13196,2512828,1,2003-09-27
13196,633570,3,2004-04-25
13196,1631443,1,2004-08-24
13196,1524964,3,2005-04-16
13196,839353,3,2005-09-22
13196,1277993,1,2005-10-26
13196,2531619,4,2002-11-06
13196,302425,3,2004-05-06
13196,2024417,2,2003-11-20
13196,679709,2,2004-02-25
13196,247932,3,2005-10-18
13196,452501,2,2005-11-19
13196,641719,4,2003-02-12
13196,1110156,2,2003-06-11
13196,1028463,1,2004-01-08
13196,1862998,1,2004-01-22
13196,219516,1,2005-01-11
13196,167521,3,2004-04-11
13196,2575694,1,2003-09-25
13196,738545,4,2003-12-30
13196,1308068,5,2003-08-04
13196,187101,2,2003-11-23
13196,1515943,1,2003-12-07
13196,323071,1,2004-05-25
13196,1003084,2,2004-05-10
13196,2186725,3,2004-11-06
13196,1463939,4,2002-11-05
13196,2204684,2,2002-04-07
13196,804027,3,2003-08-20
13196,959444,1,2004-03-24
13196,1571609,3,2003-08-21
13196,664230,3,2003-10-26
13196,351213,2,2004-03-15
13196,1471282,1,2004-01-18
13196,537788,3,2002-01-30
13196,2637327,2,2002-12-18
13196,383384,2,2003-08-30
13196,1691661,3,2004-04-27
13196,1739970,2,2004-01-22
13196,1867828,1,2004-03-28
13196,1055810,2,2004-03-28
13196,2321669,2,2005-03-04
13196,2036399,4,2002-03-12
13196,831157,3,2001-05-02
13196,2079664,3,2001-01-07
13196,899085,2,2003-01-25
13196,221926,3,2003-08-28
13196,858502,2,2004-02-24
13196,429830,2,2004-06-15
13196,1241060,3,2003-03-05
13196,1414980,4,2003-03-25
13196,1307362,1,2003-12-27
13196,621553,1,2004-03-22
13196,2365581,2,2004-01-13
13196,2328698,1,2004-03-23
13196,898303,1,2004-03-29
13196,2463081,2,2004-10-27
13196,1437617,2,2005-10-28
13196,1840269,2,2002-08-09
13196,1020599,2,2004-03-30
13196,474578,4,2001-01-10
13196,2304924,2,2002-04-03
13196,332698,3,2002-03-03
13196,638020,1,2004-05-18
13196,612111,2,2003-11-12
13196,1603304,3,2003-01-06
13196,1987695,2,2004-04-27
13196,991733,2,2003-11-21
13196,1036533,3,2004-02-17
13196,965104,2,2004-06-03
13196,1771841,2,2001-10-16
13196,1243711,3,2003-08-06
13196,2291750,4,2003-03-14
13196,1427751,3,2004-02-12
13196,1217641,2,2004-08-16
13196,436841,3,2003-12-29
13196,36212,2,2004-03-21
13196,1165562,4,2005-10-31
13196,2101808,2,2004-04-12
13196,2550530,1,2004-02-24
13196,790346,1,2003-10-24
13196,1950813,3,2004-01-23
13196,768949,3,2004-02-13
13196,524142,2,2004-05-25
13196,613492,1,2004-07-05
13196,1828803,3,2002-02-19
13196,1876520,1,2002-06-18
13196,551326,3,2004-05-07
13196,852683,3,2004-02-10
13196,1908305,4,2004-02-19
13196,2460659,1,2004-03-07
13196,1533132,3,2004-04-06
13196,1493193,2,2005-02-07
13196,2296949,4,2001-04-01
13196,471177,3,2004-02-13
13196,1938298,2,2004-02-17
13196,2422300,1,2004-03-18
13196,2545927,3,2004-01-22
13196,2451907,2,2003-12-30
13196,1783162,2,2004-12-29
13196,616173,3,2005-01-06
13196,1280456,3,2003-05-13
13196,1142961,1,2003-11-27
13196,1371909,3,2004-03-26
13196,1298417,2,2004-03-15
13196,605299,5,2004-03-25
13196,1249060,3,2004-05-13
13196,1392168,2,2005-10-02
13196,2299951,4,2002-07-10
13196,1117356,4,2004-02-06
13196,1369078,4,2003-02-13
13196,2623852,2,2003-07-03
13196,2205594,2,2002-09-12
13196,847313,2,2002-04-28
13196,931316,3,2005-08-01
13196,200261,3,2004-01-18
13196,1392598,2,2003-11-20
13196,1949341,3,2003-09-12
13196,2476695,2,2004-08-16
13196,18630,1,2004-03-19
13196,2531844,3,2004-09-16
13196,792551,3,2004-06-17
13196,2190310,1,2001-03-05
13196,994993,4,2002-04-08
13196,2198039,1,2004-01-25
13196,554137,1,2004-11-29
13196,562794,2,2003-11-25
13196,1652323,2,2004-01-24
13196,1224783,2,2003-10-04
13196,973443,2,2004-05-28
13196,2417151,4,2003-09-23
13196,792155,4,2004-03-18
13196,2459030,2,2003-11-06
13196,1316755,1,2003-12-28
13196,555688,1,2004-05-15
13196,530666,1,2005-05-03
13196,225862,3,2004-01-31
13196,2372150,2,2002-05-07
13196,441206,3,2004-09-05
13196,1586546,4,2004-07-25
13196,151821,4,2005-06-16
13196,91701,4,2004-05-10
13196,115055,2,2002-05-07
13196,494200,3,2003-12-21
13196,1568171,4,2004-04-07
13196,1475268,2,2004-02-27
13196,1015259,1,2004-03-12
13196,2538608,3,2004-08-24
13196,1583631,2,2004-10-10
13196,864528,1,2005-09-09
13196,1479892,2,2003-10-23
13196,1015048,2,2004-03-24
13196,1094358,2,2004-01-08
13196,559331,1,2003-08-20
13196,1795251,4,2003-01-15
13196,429207,1,2004-05-11
13196,2278587,3,2004-03-23
13196,780320,4,2004-12-21
13196,705960,3,2005-11-23
13196,1234115,2,2001-07-04
13196,1059661,3,2002-04-20
13196,469525,4,2004-04-18
13196,1319658,1,2004-01-24
13196,917443,3,2004-04-12
13196,489585,2,2004-02-23
13196,340859,1,2004-04-06
13196,507603,1,2005-03-22
13196,904015,3,2003-11-22
13196,1507611,2,2003-09-03
13196,1589248,4,2003-10-12
13196,339996,2,2003-07-21
13196,125409,2,2003-08-20
13196,1580125,2,2005-11-01
13196,708226,3,2005-12-25
13196,577593,2,2005-12-28
13196,1214282,1,2004-03-11
13196,803137,4,2003-07-17
13196,2200675,2,2004-07-21
13196,2143566,2,2003-01-04
13196,661153,3,2003-07-08
13196,1538393,3,2002-08-20
13196,1761577,3,2005-08-06
13196,2188549,3,2005-08-08
13196,1188139,3,2003-12-08
13196,1517632,2,2004-02-10
13196,2101646,4,2003-10-01
13196,501954,1,2004-01-25
13196,42416,2,2004-04-14
13196,933003,2,2003-10-14
13196,2225520,3,2002-12-31
13196,1283882,2,2004-02-09
13196,2633320,4,2003-11-06
13196,2518947,1,2004-06-01
13196,2335640,3,2004-10-13
13196,910295,1,2003-03-06
13196,1183089,5,2004-06-05
13196,1256752,3,2005-08-23
13196,1359739,3,2003-08-08
13196,1221497,3,2004-07-21
13196,2587540,3,2004-01-16
13196,862710,3,2004-05-07
13196,309324,3,2001-08-08
13196,1996763,4,2002-04-12
13196,2204336,1,2003-11-12
13196,2250323,2,2003-08-22
13196,555722,1,2004-03-10
13196,480075,2,2004-09-03
13196,322009,3,2004-03-23
13196,248305,1,2004-02-27
13196,1348261,4,2004-03-15
13196,940706,3,2004-10-11
13196,1213950,3,2005-09-11
13196,1744279,2,2005-10-03
13196,185339,1,2003-08-01
13196,315751,3,2003-12-28
13196,1495111,3,2005-07-14
13196,1941140,3,2003-10-28
13196,2374004,4,2001-12-22
13196,611335,3,2003-10-16
13196,2435243,1,2004-04-19
13196,1019987,2,2004-05-13
13196,2166206,3,2004-08-09
13196,1787024,2,2002-05-04
13196,1656393,2,2003-10-01
13196,1470123,2,2004-01-27
13196,1900307,2,2003-11-13
13196,47344,2,2004-05-26
13196,2113596,3,2005-08-29
13196,1639739,2,2004-04-25
13196,979865,1,2004-02-03
13196,896309,1,2004-03-14
13196,935173,1,2004-04-03
13196,2585427,2,2004-12-01
13196,2102334,4,2001-08-14
13196,92394,2,2001-01-30
13196,1374068,2,2002-09-04
13196,1651187,4,2003-04-15
13196,2417531,3,2003-08-29
13196,2539243,1,2004-04-20
13196,2448589,1,2003-10-25
13196,898603,1,2003-09-16
13196,1835142,2,2003-08-14
13196,2245965,5,2004-08-22
13196,690490,4,2004-03-24
13196,884122,3,2004-02-20
13196,2469908,4,2005-09-20
13196,2371791,2,2001-02-16
13196,1726438,2,2003-04-09
13196,844309,3,2004-04-13
13196,2553657,2,2003-11-09
13196,2203225,1,2003-10-01
13196,1384977,2,2004-02-11
13196,2228253,1,2005-01-11
13196,1848916,3,2005-11-17
13196,1982967,2,2002-11-03
13196,2574080,3,2004-07-01
13196,1637615,1,2003-10-21
13196,370643,2,2004-02-27
13196,1953066,3,2004-05-24
13196,1353002,2,2004-02-11
13196,919106,2,2004-03-26
13196,249112,3,2005-10-03
13196,1664010,5,2005-10-14
13196,397555,1,2005-11-29
13196,307177,3,2005-11-25
13196,1602717,4,2002-02-25
13196,1482568,5,2004-03-13
13196,164099,3,2004-02-24
13196,34762,2,2003-11-18
13196,2446442,2,2004-01-17
13196,340727,1,2003-06-30
13196,1099801,3,2004-06-02
13196,2327743,3,2004-01-16
13196,1634248,1,2004-02-27
13196,703988,1,2005-01-13
13196,1280428,4,2005-03-14
13196,511942,2,2002-05-18
13196,2642402,3,2004-02-29
13196,943538,3,2003-09-23
13196,1292216,3,2002-03-25
13196,1800701,3,2002-04-24
13196,2468551,2,2004-02-23
13196,2205125,1,2002-05-26
13196,1844334,2,2004-03-10
13196,1169634,1,2004-01-07
13196,576990,1,2004-02-16
13196,1588471,2,2004-02-03
13196,1944291,1,2004-02-19
13196,2615488,2,2004-03-26
13196,1127519,2,2004-01-17
13196,1192320,2,2004-02-12
13196,2404142,1,2003-09-12
13196,1918525,5,2004-06-26
13196,2111332,1,2005-10-10
13196,1952500,1,2004-01-14
13196,2540857,3,2004-03-18
13196,2043784,3,2003-12-23
13196,835122,1,2004-04-27
13196,616881,5,2003-12-11
13196,1775648,1,2004-02-14
13196,2187206,2,2003-10-20
13196,2358215,3,2004-04-06
13196,1952797,3,2003-10-07
13196,409676,4,2001-08-24
13196,2298725,3,2002-06-08
13196,1080173,3,2004-05-29
13196,1827937,3,2004-03-23
13196,283024,4,2003-07-30
13196,1769180,4,2004-01-26
13196,726538,1,2005-03-25
13196,2250305,3,2005-05-21
13196,1252558,2,2003-10-28
13196,1598182,2,2004-02-14
13196,197102,1,2003-11-19
13196,2327122,3,2003-04-10
13196,2539109,3,2004-03-27
13196,2101921,2,2004-04-05
13196,594196,2,2004-02-12
13196,877394,2,2003-10-21
13196,2382660,4,2003-08-12
13196,1730699,4,2003-12-30
13196,158266,3,2004-10-16
13196,2369608,2,2003-06-17
13196,45687,3,2005-08-22
13196,1447949,2,2004-04-09
13196,187601,2,2004-04-12
13196,2077127,3,2004-03-09
13196,1645664,2,2003-10-30
13196,1872591,3,2003-03-30
13196,242013,2,2004-02-18
13196,2637886,4,2002-11-26
13196,1453713,3,2003-11-24
13196,1117550,3,2004-03-29
13196,1104884,3,2002-03-20
13196,84150,1,2004-06-08
13196,1468007,2,2003-04-22
13196,2514733,3,2005-08-23
13196,400785,3,2003-10-30
13196,2640909,2,2004-02-03
13196,2514777,1,2003-11-03
13196,721926,3,2004-03-29
13196,249391,3,2004-03-21
13196,2261558,3,2004-04-02
13196,796157,4,2004-03-10
13196,1516320,5,2002-02-17
13196,1257537,1,2003-04-01
13196,438615,2,2002-08-23
13196,1326994,3,2004-01-13
13196,2550403,1,2005-07-31
13196,2278830,4,2004-04-13
13196,967827,2,2004-10-04
13196,266873,3,2005-04-09
13196,1508365,5,2005-11-26
13196,2606685,4,2002-10-17
13196,301009,1,2004-03-24
13196,432130,1,2004-02-08
13196,2297074,1,2003-08-24
13196,2034933,3,2003-12-04
13196,1236683,2,2004-03-17
13196,1943866,3,2005-12-05
13196,212794,2,2003-09-10
13196,1298511,2,2002-04-17
13196,1293986,3,2002-08-30
13196,1257781,1,2004-07-22
13196,1378586,1,2004-03-30
13196,2288449,1,2004-05-10
13196,411025,4,2002-07-20
13196,472180,1,2001-02-11
13196,293966,1,2003-09-12
13196,2186505,1,2003-07-28
13196,162074,2,2003-09-22
13196,2549119,4,2003-10-28
13196,69644,1,2004-02-17
13196,1508115,2,2004-04-14
13196,525071,1,2004-02-28
13196,377216,3,2004-01-04
13196,1218115,3,2004-01-26
13196,2578595,4,2004-05-14
13196,565378,1,2004-11-10
13196,1768787,1,2004-11-29
13196,2321192,1,2005-01-25
13196,2578414,1,2005-05-21
13196,961513,3,2005-10-12
13196,550596,1,2003-11-27
13196,517441,2,2004-04-12
13196,750677,3,2003-12-22
13196,2086711,4,2004-03-25
13196,1086481,2,2004-01-17
13196,1816784,3,2004-04-15
13196,1903346,3,2004-04-14
13196,1130705,3,2003-12-29
13196,1561422,1,2004-02-22
13196,1747784,1,2004-02-20
13196,725579,2,2004-04-06
13196,823883,2,2004-03-02
13196,1755161,1,2004-10-17
13196,224795,1,2004-11-21
13196,1717532,2,2005-04-11
13196,1807166,3,2002-08-20
13196,506680,3,2004-01-13
13196,304201,2,2004-05-15
13196,2044587,2,2004-01-24
13196,42059,5,2004-06-09
13196,542637,2,2005-12-06
13196,1583078,1,2003-09-24
13196,1718526,4,2004-04-29
13196,10638,2,2002-08-05
13196,373272,3,2004-03-31
13196,2540904,3,2004-02-03
13196,2019240,2,2004-04-20
13196,2640760,2,2005-03-14
13196,71594,2,2002-01-24
13196,2340602,2,2002-06-13
13196,922551,1,2003-08-22
13196,1023505,2,2003-03-31
13196,1816884,2,2003-07-04
13196,655409,1,2004-01-09
13196,1514867,3,2004-02-25
13196,1658101,3,2005-02-02
13196,327821,3,2003-05-02
13196,1005337,1,2002-06-26
13196,1458408,2,2004-05-08
13196,460006,3,2002-12-27
13196,747077,2,2003-09-04
13196,667911,1,2004-01-20
13196,756493,3,2005-06-01
13196,2337085,3,2005-11-11
13196,719246,3,2004-01-27
13196,2178000,3,2002-07-30
13196,1782749,2,2003-04-13
13196,1495528,2,2003-12-02
13196,650033,1,2004-02-14
13196,2291306,2,2004-03-01
13196,2472692,1,2004-05-08
13196,2644825,2,2005-06-15
13196,2636478,1,2002-08-22
13196,1344086,2,2003-09-11
13196,677888,2,2003-12-07
13196,2073799,2,2004-02-11
13196,2212481,4,2004-04-13
13196,1558099,3,2004-02-12
13196,1993749,5,2004-04-06
13196,1588648,1,2004-11-01
13196,2401693,4,2003-10-09
13196,1876996,4,2004-09-01
13196,1409059,1,2004-12-19
13196,2645276,2,2005-11-12
13196,2406094,3,2003-02-13
13196,915924,1,2004-08-27
13196,2474123,3,2003-12-12
13196,2186995,3,2004-03-15
13196,1741371,4,2004-03-30
13196,576039,2,2005-04-15
13196,1769175,2,2005-05-22
13196,788358,3,2003-01-08
13196,831151,2,2003-12-29
13196,1231980,2,2004-04-06
13196,2281919,3,2003-12-24
13196,2002198,2,2004-03-01
13196,1907304,1,2005-01-08
13196,2002865,2,2004-03-30
13196,1042584,1,2001-11-26
13196,1393438,2,2002-06-01
13196,1666213,1,2004-01-21
13196,2584924,5,2003-02-14
13196,2471478,3,2004-06-24
13196,980739,4,2003-10-28
13196,1556831,1,2004-01-27
13196,370508,4,2004-04-13
13196,2558442,2,2004-02-09
13196,2461433,1,2005-11-18
13196,2203568,3,2001-12-05
13196,491531,3,2003-11-03
13196,452667,3,2003-12-22
13196,1930788,3,2003-05-02
13196,744546,1,2004-03-26
13196,1717964,2,2004-04-25
13196,1317671,4,2004-10-12
13196,2047605,4,2003-10-06
13196,710621,4,2004-05-16
13196,976336,3,2004-02-19
13196,2463999,2,2003-09-11
13196,2607155,1,2004-02-17
13196,989812,2,2003-08-19
13196,1452969,2,2004-04-26
13196,586249,4,2004-09-22
13196,1719276,2,2004-12-20
13196,910229,1,2003-11-28
13196,935285,2,2004-03-19
13196,1950613,2,2003-07-15
13196,336595,4,2003-01-11
13196,911828,3,2004-04-09
13196,1583089,4,2004-02-24
13196,2089599,2,2004-01-02
13196,2448234,3,2004-04-03
13196,752702,4,2004-05-12
13196,816552,1,2004-09-24
13196,180392,2,2004-10-26
13196,2446344,1,2002-05-22
13196,1559083,3,2003-09-09
13196,623911,2,2004-11-08
13196,1863899,3,2005-01-10
13196,2552866,3,2005-10-08
13196,935249,3,2001-07-05
13196,1663116,1,2004-02-26
13196,1410446,2,2004-02-15
13196,3406,2,2004-03-02
13196,948037,3,2003-10-06
13196,647861,1,2004-04-20
13196,2044991,1,2004-01-30
13196,1984315,1,2003-12-23
13196,412001,2,2004-02-10
13196,1122509,1,2004-07-20
13196,1065302,1,2004-10-04
13196,1937908,5,2005-07-13
13196,1409036,3,2003-06-07
13196,2512235,3,2002-09-23
13196,929407,3,2003-04-13
13196,650517,2,2004-04-20
13196,275513,2,2003-10-08
13196,945761,5,2004-05-12
13196,1117642,4,2004-02-18
13196,854887,1,2004-03-03
13196,245371,3,2000-12-31
13196,602496,4,2004-04-03
13196,156235,2,2005-08-05
13196,237980,2,2004-01-21
13196,2426371,2,2004-06-21
13196,647979,1,2004-02-24
13196,431019,2,2004-03-15
13196,1719103,1,2004-04-12
13196,51570,3,2004-07-27
13196,1345636,3,2005-04-29
13196,1094010,3,2002-01-22
13196,1330226,2,2002-04-20
13196,716173,4,2005-07-27
13196,1823645,1,2004-02-07
13196,2071304,3,2004-03-24
13196,1185325,3,2004-11-21
13196,1575536,2,2005-10-06
13196,340611,4,2005-07-06
13196,710187,1,2005-07-12
13196,1833856,1,2004-04-15
13196,452784,2,2004-02-16
13196,460224,2,2004-08-29
13196,1119020,1,2004-01-07
13196,1177420,2,2004-01-23
13196,1717625,2,2004-03-23
13196,2539534,1,2004-01-12
13196,503045,2,2004-03-02
13196,184162,3,2004-09-24
13196,1089273,3,2005-07-13
13196,789014,1,2003-02-11
13196,2295594,3,2002-08-02
13196,1445521,2,2004-04-15
13196,798296,1,2002-11-11
13196,2232465,2,2004-08-25
13196,578848,2,2003-07-31
13196,247442,2,2003-08-22
13196,461799,4,2004-02-16
13196,1938646,2,2004-02-05
13196,1582952,2,2003-08-18
13196,1090951,3,2002-12-17
13196,16272,2,2002-08-03
13196,2267322,1,2003-10-10
13196,351882,3,2004-01-07
13196,2477145,1,2004-05-03
13196,1073345,2,2004-04-10
13196,1343296,1,2004-04-06
13196,1804579,3,2004-10-13
13196,2505152,2,2005-05-10
13196,831839,4,2003-08-18
13196,755163,3,2004-11-19
13196,1326441,1,2004-05-10
13196,21677,1,2004-01-12
13196,509496,3,2004-04-24
13196,1205049,3,2004-11-28
13196,2104126,2,2005-01-05
13196,395160,3,2005-03-28
13196,1227099,2,2005-06-03
13196,51453,3,2003-03-25
13196,2046124,1,2004-01-03
13196,1431297,4,2003-08-18
13196,1125734,2,2003-04-24
13196,2495613,2,2003-11-20
13196,517392,1,2003-12-16
13196,958604,2,2004-06-22
13196,2407568,4,2004-07-28
13196,269365,5,2004-03-16
13196,1845014,1,2004-04-26
13196,763551,2,2004-05-10
13196,1258191,2,2004-09-17
13196,1097099,2,2002-01-13
13196,1618585,1,2003-12-30
13196,841225,2,2004-04-22
13196,1172584,1,2003-09-12
13196,1494683,2,2004-06-07
13196,2637010,1,2004-03-29
13196,1036908,3,2004-02-26
13196,319058,2,2004-08-04
13196,394566,2,2004-01-02
13196,334643,1,2002-06-29
13196,379952,1,2004-05-18
13196,2355398,3,2005-08-23
13196,1889178,2,2004-02-10
13196,224092,1,2003-12-19
13196,1455293,1,2004-08-05
13196,1172778,1,2004-09-21
13196,2519993,1,2004-09-25
13196,711652,3,2001-06-15
13196,2141630,2,2003-09-24
13196,830745,2,2003-07-09
13196,2498672,2,2004-04-06
13196,151153,1,2004-03-06
13196,2051257,3,2004-06-21
13196,2316689,2,2004-10-14
13196,591238,2,2004-10-15
13196,1658658,3,2004-12-18
13196,1191445,2,2003-08-26
13196,2263064,2,2003-05-21
13196,1059844,2,2003-11-05
13196,1041187,2,2004-02-24
13196,1851758,4,2004-02-15
13196,517790,1,2003-10-03
13196,716292,3,2004-10-20
13196,827459,2,2005-09-15
13196,410753,3,2004-05-15
13196,2115145,2,2004-05-26
13196,305344,2,2003-02-21
13196,2538506,1,2004-04-07
13196,39686,3,2003-09-29
13196,2101428,3,2003-10-12
13196,89590,4,2004-03-15
13196,2183402,2,2005-05-11
13196,2602083,1,2003-12-15
13196,396739,3,2001-01-23
13196,2561682,1,2003-08-27
13196,2124179,3,2003-08-11
13196,2018665,1,2003-10-07
13196,2092125,2,2003-07-20
13196,1057027,1,2004-02-17
13196,2226525,2,2004-12-31
13196,1061243,3,2002-06-21
13196,844028,1,2002-02-04
13196,1502898,3,2004-03-26
13196,601533,1,2003-05-08
13196,327401,1,2004-01-12
13196,638004,3,2004-01-05
13196,1672504,3,2003-11-16
13196,1978089,2,2004-04-26
13196,2445424,3,2004-08-17
13196,949240,3,2003-04-18
13196,617390,3,2003-11-03
13196,643312,2,2005-08-02
13196,1175745,3,2005-09-01
13196,1773858,2,2003-10-06
13196,2276790,3,2004-02-02
13196,2463013,1,2004-03-25
13196,1341525,3,2004-06-04
13196,2439924,1,2005-10-20
13196,2373851,2,2002-01-09
13196,2037693,1,2004-01-04
13196,972715,4,2004-06-07
13196,543049,3,2004-09-01
13196,950398,3,2004-04-09
13196,2217027,1,2004-01-13
13196,802489,4,2004-06-30
13196,2576347,1,2003-01-03
13196,878341,1,2003-01-26
13196,1450484,3,2003-09-30
13196,2548994,3,2003-11-05
13196,633143,1,2004-03-25
13196,2597802,1,2002-03-28
13196,2476422,1,2003-07-27
13196,2449436,1,2003-09-15
13196,160659,2,2004-04-03
13196,1235302,3,2004-01-15
13196,299365,3,2003-10-20
13196,490882,4,2004-03-01
13196,1387720,2,2005-12-16
13196,2279562,3,2002-04-19
13196,1766112,1,2003-12-08
13196,1104415,3,2003-12-09
13196,1032736,1,2004-02-21
13196,1905121,4,2004-04-04
13196,925172,1,2003-10-20
13196,2404795,3,2004-03-17
13196,2030141,1,2004-11-11
13196,1988735,3,2005-06-03
13196,392346,4,2003-04-01
13196,2332797,2,2004-06-27
13196,2525813,3,2004-03-22
13196,306569,3,2001-11-19
13196,772825,1,2002-01-16
13196,539844,2,2004-03-15
13196,1382837,1,2003-12-08
13196,1626925,4,2004-02-13
13196,939033,1,2004-07-20
13196,149576,2,2004-03-24
13196,1387124,5,2003-08-28
13196,1661271,1,2004-02-11
13196,2074458,3,2005-08-23
13196,1200482,3,2003-09-21
13196,278114,4,2004-02-20
13196,2126579,2,2004-04-27
13196,1621282,2,2004-09-28
13196,1166271,2,2001-05-23
13196,1440845,3,2002-07-18
13196,2605271,4,2003-08-29
13196,1171217,3,2004-03-25
13196,2396765,3,2003-06-24
13196,2324905,2,2004-01-14
13196,1579368,1,2004-05-12
13196,1850228,3,2004-01-14
13196,1143036,3,2004-10-29
13196,2647334,2,2005-05-04
13196,495207,2,2005-09-06
13196,2260086,1,2003-12-18
13196,2315012,1,2004-02-23
13196,1099201,1,2004-03-25
13196,1268633,1,2004-05-10
13196,372273,2,2005-05-21
13196,260273,1,2003-09-02
13196,2601856,3,2001-08-29
13196,1746325,2,2003-04-20
13196,2482528,4,2004-07-10
13196,1770828,1,2004-02-17
13196,1196292,3,2004-04-16
13196,108936,2,2005-08-30
13196,1586557,2,2003-08-11
13196,341806,3,2003-10-28
13196,458179,1,2004-03-16
13196,1778011,3,2005-01-24
13196,2641965,3,2005-10-01
13196,2115148,2,2001-08-20
13196,858298,3,2002-06-14
13196,1452669,2,2003-04-16
13196,599997,2,2003-09-13
13196,588623,3,2005-09-03
13196,159159,1,2004-01-27
13196,2332894,3,2004-07-09
13196,1174637,1,2004-12-31
13196,256392,2,2005-02-02
13196,1486389,5,2005-12-09
13196,1715766,2,2003-09-15
13196,223043,2,2002-08-20
13196,1733440,1,2003-12-26
13196,1417402,2,2002-03-22
13196,2477814,5,2004-06-05
13196,1661344,3,2003-07-08
13196,1359730,3,2003-03-28
13196,1045879,2,2004-02-21
13196,85192,2,2003-08-02
13196,1480142,4,2003-11-21
13196,1127221,2,2004-03-20
13196,1772309,3,2004-07-28
13196,2188622,5,2005-01-29
13196,909786,1,2002-03-31
13196,2121920,1,2003-11-12
13196,1104959,2,2004-09-07
13196,2191815,3,2004-04-02
13196,1630882,4,2005-01-07
13196,1321978,2,2005-06-20
13196,402389,3,2005-10-05
13196,2392051,2,2001-08-11
13196,1617216,1,2004-04-16
13196,240923,2,2003-08-12
13196,2364836,3,2003-09-23
13196,404516,4,2004-01-05
13196,1431356,3,2005-02-28
13196,893980,2,2003-11-17
13196,2150095,4,2003-01-04
13196,137602,2,2005-11-06
13196,593110,2,2003-09-27
13196,12812,2,2004-12-04
13196,965741,4,2004-03-25
13196,1612962,1,2004-01-22
13196,402266,3,2004-07-08
13196,606144,1,2005-01-19
13196,273087,1,2005-02-13
13196,752642,1,2001-03-06
13196,2023759,3,2004-06-01
13196,490057,1,2004-10-22
13196,1918910,2,2004-06-09
13196,1094107,3,2004-01-26
13196,1527361,5,2004-10-06
13196,499146,2,2004-04-04
13196,1315401,3,2004-06-25
13196,1145636,2,2003-11-03
13196,421240,1,2003-07-19
13196,1497259,1,2004-05-27
13196,1762434,1,2004-02-24
13196,2148460,2,2004-12-26
13196,1440562,2,2005-05-27
13196,1069088,2,2002-04-09
13196,1336119,2,2003-03-03
13196,1687642,1,2001-02-01
13196,1244123,3,2005-07-27
13196,2229960,3,2004-09-10
13196,298126,2,2004-01-05
13196,2516189,2,2004-01-22
13196,1236401,3,2004-08-17
13196,1710896,1,2004-04-30
13196,1920565,2,2004-10-28
13196,2284110,2,2005-01-25
13196,2314898,3,2004-01-14
13196,462857,2,2003-09-15
13196,1822440,1,2003-11-13
13196,1280497,2,2004-11-23
13196,1077260,2,2004-12-30
13196,479853,2,2005-05-23
13196,2541537,2,2005-10-14
13196,17864,3,2005-12-04
13196,2023416,1,2003-09-23
13196,2056022,2,2005-07-14
13196,1633320,2,2002-05-31
13196,950079,5,2002-06-05
13196,1660384,4,2003-08-29
13196,592277,1,2003-09-27
13196,1334721,1,2004-03-14
13196,620146,1,2004-05-08
13196,1822072,3,2004-03-22
13196,1124753,1,2004-03-30
13196,2092369,1,2004-04-23
13196,1745107,3,2004-05-27
13196,2148706,3,2004-11-29
13196,326356,3,2005-02-13
13196,1992636,2,2005-12-16
13196,2597326,3,2002-05-15
13196,1337409,1,2003-09-22
13196,907347,2,2003-09-30
13196,1722054,5,2003-08-26
13196,531220,3,2004-02-22
13196,2181115,1,2005-08-21
13196,1802098,1,2003-07-08
13196,471654,1,2004-02-02
13196,2503600,5,2004-04-09
13196,1615850,3,2004-11-01
13196,857572,1,2005-01-28
13196,1119242,2,2005-02-04
13196,478261,4,2005-04-26
13196,801512,3,2005-12-20
13196,1315963,2,2002-06-05
13196,2518678,2,2003-11-02
13196,721771,2,2003-10-31
13196,1862911,2,2004-02-09
13196,2243350,5,2004-04-12
13196,307427,2,2004-03-02
13196,279485,2,2004-03-23
13196,2580333,3,2004-12-01
13196,1913186,4,2005-05-03
13196,1868732,2,2003-12-18
13196,2237786,2,2004-02-20
13196,2416290,3,2003-09-10
13196,1861482,1,2003-11-03
13196,1695976,1,2004-02-29
13196,1070896,1,2004-03-26
13196,2239892,3,2004-02-18
13196,1747954,2,2004-10-04
13196,2287602,2,2005-03-10
13196,1354129,2,2005-09-20
13196,1529818,1,2004-04-01
13196,432721,2,2002-01-11
13196,1344268,3,2004-01-09
13196,1395259,2,2003-11-11
13196,1464750,3,2004-04-05
13196,2176465,3,2005-01-25
13196,943256,2,2003-11-23
13196,1635523,4,2004-07-02
13196,1505438,2,2003-06-21
13196,1190495,2,2005-08-19
13196,1887732,2,2004-08-20
13196,1753772,2,2004-04-25
13196,76374,2,2005-08-23
13196,1236087,2,2003-08-27
13196,163893,2,2004-02-18
13196,1847237,3,2004-03-03
13196,2061213,3,2003-12-16
13196,2645984,1,2004-02-24
13196,2643111,2,2004-04-18
13196,953329,1,2003-03-12
13196,1093643,2,2004-01-05
13196,938681,3,2004-02-23
13196,1495562,2,2003-07-25
13196,1868816,3,2004-02-22
13196,1886179,1,2004-08-21
13196,22718,1,2004-02-14
13196,2445581,2,2004-03-03
13196,133075,3,2004-01-21
13196,898009,3,2004-04-20
13196,1207185,3,2004-03-02
13196,775383,2,2005-10-14
13196,2527516,2,2002-08-01
13196,1784621,3,2002-05-08
13196,844651,2,2002-01-31
13196,1054782,3,2004-05-04
13196,1278941,3,2005-08-04
13196,905334,3,2003-10-01
13196,560447,3,2004-06-24
13196,1807774,2,2003-10-02
13196,2220732,1,2003-12-28
13196,740118,2,2004-04-23
13196,1516350,3,2004-05-13
13196,1617019,1,2004-11-20
13196,1519378,2,2004-03-18
13196,480968,2,2001-09-23
13196,1359432,2,2004-01-02
13196,2222576,4,2003-06-26
13196,1427503,2,2004-03-19
13196,1763744,3,2004-03-05
13196,1224103,1,2003-08-24
13196,240447,2,2004-01-15
13196,2294868,2,2004-04-12
13196,947661,2,2004-05-11
13196,824546,3,2003-09-19
13196,2299730,2,2004-01-28
13196,1389153,3,2004-01-18
13196,474455,4,2004-03-24
13196,2422588,2,2004-04-14
13196,1637475,3,2003-05-13
13196,1391556,3,2003-05-05
13196,1880767,3,2004-12-04
13196,2226710,2,2004-06-09
13196,2118461,4,2005-10-22
13196,1589543,3,2003-04-13
13196,888747,3,2004-02-14
13196,1378578,2,2004-02-05
13196,1184498,3,2005-08-09
13196,1026937,1,2004-01-27
13196,2334969,2,2003-05-29
13196,612690,1,2003-08-27
13196,2644536,2,2004-02-10
13196,321819,3,2004-02-11
13196,814917,2,2004-03-10
13196,2157073,2,2004-02-24
13196,2241897,3,2004-09-16
13196,522180,1,2004-09-30
13196,2157060,3,2004-10-08
13196,673187,2,2002-08-20
13196,1575045,1,2004-01-19
13196,1116434,2,2004-08-30
13196,2061495,3,2005-03-28
13196,508111,3,2002-11-12
13196,1460630,3,2001-08-16
13196,1428225,1,2001-07-26
13196,2254751,2,2001-07-27
13196,1144397,3,2003-01-08
13196,387418,3,2003-08-23
13196,40757,2,2003-01-26
13196,2258880,3,2003-03-11
13196,1202761,3,2003-09-15
13196,1281575,2,2004-02-21
13196,872408,1,2003-12-10
13196,200938,1,2003-10-02
13196,1727531,3,2004-05-16
13196,148608,1,2004-03-31
13196,308751,1,2004-02-04
13196,637070,1,2004-02-07
13196,1292045,4,2004-03-26
13196,1622397,2,2005-04-26
13196,2168028,5,2005-05-26
13196,2508312,3,2004-05-03
13196,2556523,4,2002-10-17
13196,744011,2,2004-03-02
13196,2576833,1,2003-06-09
13196,1830541,3,2004-02-22
13196,1799171,4,2005-08-18
13196,1208420,1,2003-09-12
13196,406375,4,2003-08-19
13196,442954,2,2004-09-15
13196,200427,4,2004-02-14
13196,2257189,1,2005-06-27
13196,1395953,2,2003-11-30
13196,1367983,2,2004-08-02
13196,2427026,2,2003-10-31
13196,160160,1,2004-05-12
13196,2263263,3,2003-01-03
13196,2506970,2,2004-03-30
13196,1141463,2,2004-02-16
13196,1470143,5,2004-05-01
13196,987204,1,2004-03-11
13196,475336,2,2004-09-11
13196,1660348,2,2005-01-03
13196,758353,2,2004-02-26
13196,2463512,3,2003-12-12
13196,935459,4,2004-01-15
13196,2252435,2,2004-02-03
13196,1240723,1,2003-10-13
13196,894937,2,2004-03-02
13196,153612,5,2004-03-08
13196,2361228,5,2005-03-21
13196,97611,3,2005-09-16
13196,66436,3,2004-03-25
13196,331430,3,2002-06-01
13196,714368,2,2004-02-06
13196,213569,3,2003-11-18
13196,1925023,2,2004-02-09
13196,84127,2,2005-04-20
13196,974375,1,2003-08-25
13196,1252755,3,2004-01-16
13196,2032885,3,2004-04-09
13196,915926,2,2003-06-24
13196,2243423,3,2003-08-12
13196,2239109,4,2003-08-14
13196,772337,3,2004-05-09
13196,860018,2,2004-02-28
13196,1343137,3,2004-02-26
13196,1932594,2,2004-04-27
13196,1718096,2,2004-05-03
13196,794999,5,2004-11-01
13196,628578,2,2004-12-14
13196,1073300,3,2003-08-31
13196,1003617,3,2004-01-16
13196,2053910,3,2004-02-27
13196,2220628,2,2004-05-01
13196,663702,4,2004-11-08
13196,1389799,2,2002-12-08
13196,2356240,3,2001-02-26
13196,915103,2,2003-07-02
13196,595994,2,2002-07-28
13196,138807,1,2004-02-28
13196,1558608,2,2003-11-25
13196,1577480,3,2005-02-21
13196,1075425,4,2004-01-29
13196,553078,4,2004-01-18
13196,796977,1,2004-01-24
13196,882982,2,2004-03-01
13196,1220060,2,2004-03-13
13196,1357598,2,2004-04-14
13196,927992,3,2005-01-10
13196,231343,1,2005-01-19
13196,235077,5,2005-06-13
13196,2442131,3,2005-06-29
13196,137725,2,2004-02-06
13196,25755,2,2003-10-03
13196,464180,1,2003-12-20
13196,409565,3,2004-05-01
13196,231425,5,2005-01-05
13196,1992139,4,2002-01-19
13196,2068034,4,2003-03-20
13196,1604525,3,2003-09-15
13196,2536517,3,2003-02-13
13196,1525270,3,2004-04-26
13196,1049041,2,2003-08-28
13196,1241525,3,2003-10-28
13196,292654,3,2005-01-11
13196,1474447,3,2002-07-03
13196,575714,3,2003-01-24
13196,983572,2,2005-08-03
13196,1129076,2,2004-03-22
13196,2347696,2,2004-04-22
13196,534835,2,2004-02-27
13196,492762,1,2004-03-27
13196,1602153,3,2004-05-09
13196,2408851,2,2004-04-02
13196,2090953,4,2004-05-10
13196,2090706,3,2005-06-22
13196,1057992,3,2001-09-05
13196,2225732,2,2004-04-22
13196,1919155,3,2003-01-14
13196,323755,2,2004-05-20
13196,1138463,1,2004-05-17
13196,810209,3,2005-11-29
13196,409250,3,2004-02-25
13196,151004,3,2004-05-02
13196,1688316,1,2003-02-21
13196,1590625,2,2004-03-19
13196,573928,1,2003-08-31
13196,1070955,2,2004-03-16
13196,642384,5,2004-04-19
13196,1464729,3,2004-06-16
13196,1835511,3,2001-09-10
13196,2052377,1,2004-01-05
13196,304206,4,2003-11-01
13196,442963,2,2004-01-06
13196,1007629,3,2004-12-13
13196,1979880,4,2002-11-18
13196,1639792,1,2002-03-14
13196,1233297,3,2002-07-16
13196,968784,1,2004-01-04
13196,370012,2,2003-07-03
13196,1934345,4,2004-01-13
13196,1648316,3,2004-04-23
13196,128311,1,2003-10-30
13196,1979843,2,2005-01-12
13196,170248,2,2005-10-10
13196,57633,3,2002-12-17
13196,1121060,3,2003-09-04
13196,2352972,2,2003-08-27
13196,2156460,3,2004-03-20
13196,2409816,3,2004-01-31
13196,44419,3,2004-10-07
13196,2544102,2,2002-09-20
13196,955571,2,2000-12-15
13196,2149423,3,2004-04-20
13196,1107343,2,2003-09-12
13196,89240,2,2004-07-18
13196,2370502,1,2004-04-13
13196,535270,3,2004-08-19
13196,969785,1,2003-08-20
13196,1832073,3,2003-11-17
13196,2537738,3,2002-07-20
13196,2136526,2,2005-09-08
13196,45835,1,2003-12-12
13196,1063206,2,2004-05-06
13196,1148329,2,2004-02-20
13196,583070,2,2005-01-09
13196,481575,2,2004-03-01
13196,1491809,2,2005-08-15
13196,2281019,2,2004-03-17
13196,914953,3,2004-02-20
13196,721603,3,2004-12-28
13196,663118,2,2003-11-16
13196,1773818,3,2003-12-16
13196,1466389,1,2003-01-09
13196,422234,2,2004-04-13
13196,2001326,2,2003-09-16
13196,424387,2,2004-02-15
13196,1959417,3,2005-09-01
13196,924192,1,2004-03-15
13196,2053707,3,2004-01-28
13196,1742480,3,2004-04-22
13196,648287,2,2004-06-03
13196,714349,2,2004-07-14
13196,2238060,2,2004-08-17
13196,2080664,1,2004-12-17
13196,200469,3,2005-03-02
13196,1567792,3,2005-04-30
13196,512278,4,2001-10-16
13196,2451020,3,2004-05-04
13196,653747,2,2005-08-08
13196,2029858,1,2004-03-21
13196,2190079,4,2004-01-11
13196,1335181,3,2003-10-29
13196,1707198,3,2003-11-19
13196,485181,2,2003-11-20
13196,1881705,1,2004-05-10
13196,1852040,1,2004-02-27
13196,1225100,1,2004-01-08
13196,1790903,2,2004-02-25
13196,1092677,2,2004-03-13
13196,716649,2,2004-03-02
13196,2636678,5,2004-04-13
13196,1310,4,2004-11-24
13196,775895,1,2003-06-17
13196,794246,3,2003-09-04
13196,2328778,1,2004-03-30
13196,193560,3,2004-03-16
13196,898445,2,2004-03-25
13196,523564,4,2004-10-04
13196,610142,3,2004-10-18
13196,928722,3,2004-01-06
13196,1763465,3,2004-06-11
13196,1583424,2,2005-08-22
13196,629389,4,2004-01-26
13196,1433910,1,2004-03-26
13196,1071011,1,2004-08-03
13196,2399030,3,2004-08-16
13196,2320249,3,2002-06-16
13196,1664634,3,2003-09-24
13196,1847771,3,2003-12-15
13196,2026659,2,2004-03-14
13196,1500005,5,2004-06-07
13196,999088,1,2004-04-03
13196,329805,3,2004-07-26
13196,555962,1,2004-02-12
13196,1624131,3,2004-03-16
13196,697955,2,2001-04-24
13196,237263,2,2005-01-06
13196,924099,3,2004-02-29
13196,2413476,3,2002-08-05
13196,2088834,4,2003-07-01
13196,1238685,4,2002-10-31
13196,841432,1,2005-08-12
13196,2516669,2,2004-08-10
13196,1271504,2,2004-04-07
13196,1988192,2,2003-09-20
13196,2294553,4,2005-09-03
13196,1279603,1,2003-11-16
13196,1749986,5,2004-11-17
13196,1448656,4,2005-02-11
13196,832319,4,2004-12-28
13196,2197773,3,2003-12-22
13196,1597703,3,2004-07-13
13196,845991,3,2003-07-01
13196,1835815,3,2003-07-13
13196,442899,1,2003-09-06
13196,374741,1,2003-08-27
13196,684648,3,2004-04-20
13196,1531275,2,2004-02-06
13196,1566628,3,2004-04-16
13196,772839,2,2004-06-03
13196,2011458,1,2004-03-23
13196,2150755,2,2004-02-26
13196,2446246,1,2005-12-11
13196,1329100,2,2004-09-11
13196,1528326,2,2004-03-25
13196,382138,1,2005-09-16
13196,244644,5,2004-07-27
13196,809468,5,2002-07-25
13196,1050789,3,2004-04-02
13196,2581367,3,2005-08-20
13196,2011544,1,2004-04-08
13196,1161690,3,2004-05-04
13196,1300759,3,2004-09-29
13196,2023791,3,2005-01-30
13196,1380592,3,2005-02-28
13196,194929,3,2005-10-04
13196,2462886,2,2004-07-23
13196,70476,2,2002-07-20
13196,2057608,1,2003-06-28
13196,1561134,3,2002-08-06
13196,503952,5,2003-03-31
13196,1713558,1,2003-08-18
13196,2420260,2,2003-11-19
13196,2576036,2,2004-05-27
13196,454122,1,2004-07-17
13196,650976,1,2004-04-16
13196,654321,2,2005-04-01
13196,2224158,3,2005-04-21
