11367,1419837,1,2005-08-13
11367,2321468,5,2005-04-28
11367,2084362,4,2005-08-05
11367,1249801,4,2005-04-24
11367,1688444,4,2005-06-22
11367,1848739,5,2005-07-14
11367,1001935,3,2005-09-13
11367,957447,5,2005-12-19
11367,1443631,3,2005-09-09
11367,2365827,4,2005-05-09
11367,2404200,4,2005-05-24
11367,2101722,5,2005-06-29
11367,659037,4,2005-06-29
11367,152619,2,2005-06-12
11367,2497395,2,2005-07-27
11367,1118119,4,2005-05-22
11367,937274,2,2005-06-01
11367,526348,5,2005-06-03
11367,1920472,5,2005-11-05
11367,1759845,3,2005-06-13
11367,1396153,4,2005-08-21
11367,2219063,3,2005-05-31
11367,1784150,3,2005-06-15
11367,811486,5,2005-07-17
11367,1306277,2,2005-08-26
11367,1660191,5,2005-09-14
11367,412207,4,2005-11-03
11367,688908,5,2005-04-26
11367,257294,3,2005-06-27
11367,1530019,2,2005-05-12
11367,956229,1,2005-05-12
11367,1779842,4,2005-05-17
11367,2505679,1,2005-09-14
11367,1284554,4,2005-09-28
11367,852374,1,2005-05-13
11367,1459428,1,2005-09-15
11367,996683,5,2005-10-09
11367,1216467,3,2005-10-12
11367,1181089,3,2005-07-22
11367,294098,3,2005-05-17
11367,1302057,5,2005-10-02
11367,1314869,4,2005-03-26
11367,429972,3,2005-05-09
11367,2466950,5,2005-04-27
11367,636262,1,2005-08-26
11367,1980497,2,2005-08-29
11367,1599245,5,2005-12-27
11367,1329898,1,2005-09-21
11367,2075156,4,2005-04-25
11367,1468820,2,2005-06-17
11367,592132,1,2005-10-03
11367,1271559,2,2005-10-07
11367,2439493,1,2005-05-04
11367,479924,5,2005-11-27
11367,333514,5,2005-09-22
11367,1131422,1,2005-06-20
11367,224334,3,2005-05-23
11367,2492756,2,2005-05-17
11367,426008,1,2005-05-27
11367,2164954,5,2005-08-06
11367,1033794,2,2005-08-10
11367,596255,1,2005-08-12
11367,2638895,5,2005-07-17
11367,1961753,4,2005-07-03
11367,2550506,2,2005-05-12
11367,2349538,3,2005-04-14
11367,190213,1,2005-05-23
11367,390707,1,2005-05-24
11367,2198039,2,2005-05-30
11367,617988,4,2005-10-28
11367,167849,2,2005-07-27
11367,1768032,3,2005-06-10
11367,721369,3,2005-06-15
11367,91701,3,2005-04-30
11367,2096576,4,2005-05-17
11367,946175,5,2005-06-01
11367,507603,1,2005-07-23
11367,264647,1,2005-10-28
11367,1539017,4,2005-10-14
11367,1901135,5,2005-07-08
11367,148434,3,2005-05-19
11367,797951,3,2005-06-28
11367,1054182,3,2005-10-16
11367,1312501,4,2005-12-10
11367,2386606,3,2005-07-08
11367,2578830,4,2005-05-29
11367,910295,3,2005-06-12
11367,534416,4,2005-06-21
11367,936891,5,2005-04-28
11367,2464427,3,2005-05-15
11367,244707,3,2005-05-24
11367,486283,4,2005-05-26
11367,1679359,3,2005-07-20
11367,1220185,3,2005-05-03
11367,1664010,4,2005-10-17
11367,1819300,3,2005-07-26
11367,1834338,5,2005-05-15
11367,2253113,5,2005-05-11
11367,1252307,3,2005-09-05
11367,1509726,4,2005-04-29
11367,518550,3,2005-04-30
11367,2561618,1,2005-07-05
11367,1802241,3,2005-09-10
11367,1013491,2,2005-05-18
11367,1491740,5,2005-10-08
11367,763667,1,2005-11-01
11367,2306976,5,2005-04-13
11367,1405941,1,2005-07-06
11367,2014371,2,2005-07-07
11367,129204,2,2005-11-15
11367,1431020,2,2005-06-13
11367,382817,5,2005-12-28
11367,683124,5,2005-11-18
11367,1595083,3,2005-10-24
11367,2200332,3,2005-04-27
11367,2296144,4,2005-05-02
11367,2462852,5,2005-06-04
11367,2473451,5,2005-06-18
11367,1514647,5,2005-06-23
11367,1502832,2,2005-04-29
11367,685212,3,2005-05-09
11367,684850,3,2005-06-28
11367,1020189,2,2005-09-10
11367,384082,1,2005-08-06
11367,1170335,3,2005-07-04
11367,678224,3,2005-09-13
11367,1749017,4,2005-04-09
11367,583539,2,2005-05-18
11367,1414311,3,2005-10-03
11367,2589121,4,2005-05-27
11367,1767952,5,2005-12-09
11367,1216430,3,2005-05-25
11367,1570161,3,2005-09-07
11367,14831,1,2005-04-26
11367,2606799,4,2005-09-22
11367,1329474,5,2005-12-26
11367,2592263,5,2005-09-01
11367,874276,2,2005-09-23
11367,1619653,5,2005-05-09
11367,396985,4,2005-08-30
11367,1587025,3,2005-05-02
11367,201782,4,2005-06-29
11367,305344,1,2005-03-25
11367,1892310,3,2005-05-03
11367,1457006,4,2005-09-03
11367,1684187,3,2005-05-09
11367,860836,5,2005-05-09
11367,1403217,3,2005-08-17
11367,330677,4,2005-06-08
11367,2251848,2,2005-05-26
11367,2147527,1,2005-11-18
11367,651230,1,2005-05-26
11367,1010376,5,2005-10-19
11367,1911337,2,2005-07-11
11367,259202,3,2005-06-15
11367,1676445,4,2005-08-14
11367,1601247,4,2005-08-01
11367,186519,3,2005-05-22
11367,1745577,5,2005-07-21
11367,966935,1,2005-04-27
11367,149144,5,2005-05-05
11367,1692302,5,2005-12-30
11367,386985,5,2005-05-23
11367,2566033,5,2005-04-21
11367,1461667,4,2005-04-23
11367,1488235,5,2005-05-03
11367,802013,1,2005-05-23
11367,752642,1,2005-04-03
11367,1085570,4,2005-05-18
11367,412910,3,2005-05-27
11367,107723,5,2005-10-09
11367,844533,3,2005-10-22
11367,2133545,5,2005-11-07
11367,1325631,4,2005-05-11
11367,555528,1,2005-05-12
11367,27608,3,2005-06-06
11367,2105045,3,2005-09-30
11367,1123394,2,2005-11-22
11367,2298046,5,2005-04-11
11367,1413397,4,2005-05-12
11367,1064539,5,2005-09-23
11367,1307391,4,2005-08-31
11367,2496577,5,2005-04-28
11367,1004967,1,2005-06-03
11367,2456113,5,2005-10-31
11367,1202343,2,2005-08-15
11367,1445262,5,2005-12-11
11367,2176465,3,2005-03-29
11367,19006,5,2005-07-20
11367,489539,3,2005-05-13
11367,993185,4,2005-06-14
11367,917474,3,2005-10-28
11367,857132,5,2005-11-28
11367,624336,3,2005-07-09
11367,908626,5,2005-04-04
11367,620938,4,2005-04-11
11367,851177,4,2005-05-10
11367,454557,5,2005-08-26
11367,906273,3,2005-05-31
11367,876553,5,2005-07-03
11367,2118461,4,2005-12-20
11367,448730,3,2005-06-06
11367,265699,4,2005-09-25
11367,1584985,5,2005-04-18
11367,1004619,5,2005-06-24
11367,761594,3,2005-07-21
11367,1284297,4,2005-08-11
11367,1020125,5,2005-04-03
11367,1079519,3,2005-11-13
11367,387418,1,2005-12-11
11367,1151698,5,2005-05-20
11367,2618610,4,2005-07-12
11367,427565,4,2005-07-23
11367,1270443,3,2005-07-30
11367,1114324,3,2005-03-27
11367,43422,4,2005-04-10
11367,21364,1,2005-05-26
11367,1546273,5,2005-06-19
11367,1950369,4,2005-05-02
11367,1617771,5,2005-05-10
11367,615967,3,2005-05-24
11367,2305721,4,2005-07-08
11367,1461435,1,2005-06-13
11367,2234167,5,2005-04-06
11367,47956,1,2005-05-16
11367,227223,2,2005-08-01
11367,1715415,2,2005-06-13
11367,2181521,4,2005-11-22
11367,1562946,4,2005-05-24
11367,1838586,1,2005-08-17
11367,1311587,2,2005-07-07
11367,1515355,4,2005-12-19
11367,1531924,1,2005-07-18
11367,1487226,3,2005-09-07
11367,2338841,5,2005-07-15
11367,2341391,4,2005-12-08
11367,2540684,4,2005-09-07
11367,204101,5,2005-12-18
11367,358186,2,2005-05-29
11367,652311,2,2005-05-14
11367,569903,3,2005-10-31
11367,2183304,5,2005-07-13
11367,267841,3,2005-12-24
11367,1476224,3,2005-05-25
11367,2491400,4,2005-05-03
11367,2218074,5,2005-06-19
11367,2209110,3,2005-05-02
11367,412805,1,2005-11-16
11367,1420080,5,2005-12-21
11367,1895930,5,2005-08-16
