17718,1821073,1,2005-07-26
17718,2542972,2,2005-07-25
17718,1781408,1,2005-08-15
17718,2434480,3,2005-08-16
17718,1227322,1,2005-07-15
17718,500825,2,2005-10-03
17718,1204847,3,2005-10-12
17718,2308181,2,2005-10-23
17718,2472273,1,2005-08-19
17718,44266,3,2005-11-26
17718,333901,1,2005-08-28
17718,234959,4,2005-08-25
17718,1843540,1,2005-09-15
17718,1725009,4,2005-07-01
17718,1486137,2,2005-07-04
17718,1944765,5,2005-09-19
17718,312387,2,2005-08-08
17718,2439493,1,2005-07-25
17718,1062876,2,2005-08-14
17718,1240334,2,2005-10-23
17718,1836216,2,2005-09-29
17718,2198103,2,2005-07-26
17718,176377,2,2005-08-22
17718,437412,1,2005-09-27
17718,427923,3,2005-07-28
17718,828724,1,2005-10-28
17718,2404027,1,2005-07-28
17718,1799734,3,2005-10-19
17718,1222552,5,2005-11-05
17718,1149786,1,2005-09-16
17718,1526115,1,2005-10-02
17718,2600868,1,2005-07-30
17718,1828966,1,2005-07-23
17718,2217698,2,2005-09-21
17718,2781,2,2005-11-10
17718,1808148,2,2005-08-04
17718,374100,2,2005-07-20
17718,2338157,2,2005-07-05
17718,917443,3,2005-07-20
17718,2537048,3,2005-07-26
17718,507603,1,2005-10-06
17718,1820771,1,2005-11-03
17718,2093542,3,2005-08-03
17718,1106035,2,2005-11-05
17718,543559,5,2005-10-22
17718,1571662,3,2005-07-20
17718,862644,2,2005-09-03
17718,876133,2,2005-10-28
17718,1664010,2,2005-10-14
17718,2424335,2,2005-11-15
17718,1755455,2,2005-08-01
17718,617824,1,2005-09-23
17718,1234597,1,2005-07-29
17718,557862,2,2005-10-02
17718,1653016,2,2005-07-21
17718,967827,2,2005-08-12
17718,1783931,2,2005-08-30
17718,1205634,2,2005-10-24
17718,1269848,2,2005-08-20
17718,1184029,3,2005-09-12
17718,1755886,2,2005-07-21
17718,1808276,2,2005-07-23
17718,731685,3,2005-08-07
17718,1051462,2,2005-12-22
17718,511883,2,2005-08-10
17718,1983819,2,2005-09-27
17718,1330226,2,2005-08-21
17718,800938,4,2005-10-14
17718,387783,1,2005-09-02
17718,841225,2,2005-07-19
17718,305344,1,2005-07-01
17718,2241744,5,2005-09-16
17718,844028,5,2005-07-01
17718,905467,2,2005-11-02
17718,1096140,1,2005-08-30
17718,1759349,1,2005-08-18
17718,1210256,2,2005-08-10
17718,1605767,2,2005-10-18
17718,5980,5,2005-07-18
17718,1243199,3,2005-08-03
17718,470998,2,2005-07-28
17718,1661344,1,2005-08-26
17718,2262200,2,2005-07-22
17718,2455281,2,2005-12-07
17718,370075,1,2005-07-05
17718,154271,3,2005-07-03
17718,1938206,1,2005-08-10
17718,2268152,1,2005-08-18
17718,2481386,3,2005-11-23
17718,1955730,2,2005-11-15
17718,2296242,3,2005-08-08
17718,1760618,2,2005-08-07
17718,394528,1,2005-07-19
17718,1278543,1,2005-11-21
17718,1519432,2,2005-10-27
17718,912714,5,2005-10-03
17718,387418,1,2005-11-14
17718,1582340,1,2005-08-03
17718,108913,2,2005-07-23
17718,1122498,1,2005-10-23
17718,1732553,5,2005-07-03
17718,1461435,1,2005-08-17
17718,1249735,2,2005-07-29
17718,1390606,2,2005-08-29
17718,453043,1,2005-07-25
17718,1756370,4,2005-11-15
17718,720171,3,2005-08-16
17718,1824061,2,2005-12-15
17718,57633,2,2005-07-19
17718,732567,4,2005-08-10
17718,1981692,2,2005-09-12
17718,1790119,1,2005-09-28
17718,663118,1,2005-09-01
17718,1892187,3,2005-07-07
17718,8431,2,2005-08-03
17718,2456423,1,2005-11-10
17718,258308,1,2005-11-15
17718,1275790,2,2005-07-31
17718,349743,2,2005-09-02
17718,952152,1,2005-07-26
