16423,1907667,4,2003-07-27
16423,816064,3,2005-07-27
16423,862759,5,2004-03-27
16423,1492782,4,2004-07-07
16423,1650301,2,2005-07-19
16423,2044720,5,2003-11-25
16423,2239906,4,2004-08-08
16423,1805240,3,2003-07-17
16423,2593125,4,2004-10-06
16423,512899,4,2005-04-04
16423,600104,3,2005-07-19
16423,1874659,4,2004-01-26
16423,2490870,3,2004-03-10
16423,2546920,4,2004-03-11
16423,23824,3,2005-12-16
16423,1651276,3,2004-01-21
16423,2153624,4,2005-06-25
16423,987066,5,2005-02-25
16423,1466320,3,2004-02-18
16423,1345710,4,2003-11-07
16423,382355,5,2003-11-17
16423,503328,4,2005-08-22
16423,325794,4,2004-05-03
16423,1596074,4,2004-04-09
16423,74340,4,2003-10-08
16423,571594,5,2005-09-30
16423,2316419,3,2005-10-19
16423,1621920,4,2004-04-27
16423,1501738,4,2004-07-12
16423,1247659,5,2005-05-19
16423,776573,2,2005-02-13
16423,80683,4,2004-06-13
16423,2294328,5,2005-11-21
16423,1863453,5,2003-11-25
16423,833994,2,2004-06-22
16423,1743025,4,2004-08-03
16423,2196595,5,2005-11-25
16423,1792741,3,2004-03-30
16423,117193,5,2005-05-20
16423,2076734,4,2004-06-25
16423,1474804,4,2005-10-09
16423,405293,4,2005-08-01
16423,2062350,3,2003-06-16
16423,2497088,3,2005-02-08
16423,201851,4,2005-10-02
16423,937713,3,2004-04-18
16423,1467809,5,2005-02-09
16423,2439493,1,2003-04-01
16423,530789,5,2004-02-12
16423,980282,1,2003-10-23
16423,1850615,1,2005-07-12
16423,2327193,4,2003-12-03
16423,1555238,4,2004-03-06
16423,996306,4,2004-01-28
16423,827986,4,2004-03-26
16423,864448,4,2003-08-12
16423,2505425,5,2004-03-03
16423,1945838,3,2004-09-02
16423,1702282,5,2003-08-15
16423,418307,4,2004-10-01
16423,243532,3,2004-09-04
16423,737967,3,2005-05-06
16423,1548625,4,2003-09-02
16423,153693,4,2003-10-15
16423,1236308,4,2004-05-07
16423,7116,4,2003-09-03
16423,1171194,5,2004-10-07
16423,2040859,1,2004-11-23
16423,1271294,4,2003-12-19
16423,1334536,3,2004-08-12
16423,792534,5,2004-05-17
16423,2117999,4,2003-08-11
16423,1850664,3,2004-02-02
16423,2331739,5,2004-03-04
16423,2607296,5,2004-09-14
16423,299817,3,2003-12-14
16423,1526115,3,2003-05-28
16423,1394991,1,2004-04-19
16423,654266,1,2004-04-14
16423,2197493,5,2004-03-01
16423,1040691,4,2003-11-04
16423,1590745,5,2003-09-19
16423,697114,4,2004-05-27
16423,2640999,1,2005-10-24
16423,1181683,4,2004-02-17
16423,2227417,4,2005-11-27
16423,596995,3,2003-06-24
16423,2423082,3,2003-07-17
16423,1431710,4,2005-08-28
16423,2497845,2,2004-03-15
16423,1442182,3,2003-08-14
16423,2006491,4,2004-03-29
16423,2138016,5,2004-04-28
16423,1133667,4,2004-03-08
16423,1807535,3,2005-02-27
16423,618656,4,2004-03-22
16423,1317787,2,2004-03-12
16423,2354258,4,2003-10-07
16423,2602667,5,2003-07-14
16423,105221,2,2005-05-31
16423,949923,4,2003-12-02
16423,1132532,5,2003-09-16
16423,2510591,3,2004-03-16
16423,2481491,5,2003-11-24
16423,1552165,4,2004-06-09
16423,540293,5,2004-08-27
16423,1527217,3,2004-07-23
16423,1441275,5,2005-03-25
16423,507603,1,2005-04-06
16423,867588,4,2003-11-12
16423,1059105,5,2005-03-21
16423,1327129,3,2005-08-13
16423,2199627,3,2005-01-11
16423,1306893,4,2005-12-19
16423,996318,3,2004-05-21
16423,655818,4,2003-07-26
16423,922436,2,2004-03-11
16423,1552084,1,2004-03-31
16423,2639459,5,2005-10-27
16423,2186090,3,2005-12-20
16423,2489482,2,2004-04-29
16423,2619505,4,2004-12-10
16423,2626442,4,2005-04-12
16423,1432909,4,2003-08-30
16423,1349234,3,2003-10-01
16423,1708904,3,2004-11-11
16423,1596412,5,2004-12-20
16423,2101288,3,2004-04-11
16423,1017919,4,2004-10-14
16423,1724278,3,2005-01-28
16423,1271964,2,2004-04-12
16423,2544895,5,2004-04-26
16423,903316,3,2004-06-21
16423,2237295,4,2004-04-17
16423,2139894,2,2003-06-23
16423,1438622,3,2004-04-30
16423,1011011,5,2004-03-06
16423,1664010,4,2005-10-13
16423,107955,2,2004-04-27
16423,696206,2,2005-10-19
16423,2350701,3,2005-10-20
16423,504243,4,2003-09-26
16423,2297136,1,2005-07-08
16423,421242,4,2004-01-29
16423,2033448,3,2004-06-18
16423,1839479,3,2004-02-13
16423,1451774,4,2004-07-08
16423,99477,4,2004-07-08
16423,457282,3,2004-09-25
16423,217867,3,2005-04-21
16423,1156670,4,2004-06-23
16423,1474435,4,2004-02-23
16423,2513691,5,2005-04-29
16423,1174324,4,2003-09-24
16423,284084,4,2004-03-06
16423,1979633,3,2004-02-02
16423,862040,2,2004-02-14
16423,1865887,3,2003-08-13
16423,44412,3,2004-04-19
16423,154820,4,2004-03-02
16423,1346630,2,2003-12-27
16423,346108,5,2005-02-23
16423,2208852,3,2004-04-15
16423,2569471,4,2003-09-11
16423,1998128,5,2004-09-16
16423,1833004,4,2004-01-28
16423,2498721,5,2004-03-15
16423,1989587,3,2004-08-17
16423,1935793,1,2005-04-10
16423,1562378,4,2004-06-19
16423,1477153,4,2004-12-19
16423,994791,4,2005-02-02
16423,448821,4,2005-10-03
16423,1092029,4,2005-08-01
16423,2033774,4,2004-05-29
16423,2439868,5,2005-03-07
16423,2046267,1,2004-11-11
16423,3321,1,2005-09-27
16423,1923332,4,2003-09-15
16423,1742648,5,2004-03-26
16423,857378,3,2004-03-14
16423,230112,1,2004-08-26
16423,502362,4,2004-10-12
16423,1960115,4,2005-03-28
16423,959819,3,2005-08-24
16423,1006456,5,2005-12-17
16423,1992720,4,2003-07-31
16423,1191458,4,2004-03-09
16423,926968,4,2003-10-20
16423,66540,3,2004-07-08
16423,2436216,4,2005-09-26
16423,1786624,3,2003-08-07
16423,331860,4,2004-06-17
16423,2431930,3,2003-08-26
16423,731685,3,2003-09-03
16423,875221,5,2003-09-16
16423,2055175,4,2004-07-01
16423,252159,2,2004-04-09
16423,2606799,1,2005-05-16
16423,1146000,3,2005-07-17
16423,1051191,4,2003-10-07
16423,847739,3,2003-11-24
16423,1484282,4,2004-03-18
16423,1775996,4,2005-11-17
16423,34691,3,2004-03-05
16423,647979,4,2004-02-22
16423,2256485,1,2004-08-19
16423,760760,5,2004-06-27
16423,300765,4,2004-03-18
16423,1299887,4,2005-03-11
16423,682963,3,2005-06-21
16423,1653431,5,2003-11-20
16423,1813897,5,2004-09-11
16423,1565319,3,2004-05-10
16423,840701,3,2003-10-02
16423,1979655,5,2005-08-25
16423,2264726,4,2004-05-03
16423,1813118,4,2003-08-07
16423,1730773,4,2003-09-23
16423,1970475,3,2005-02-15
16423,732898,4,2004-03-21
16423,2460442,5,2003-10-03
16423,319058,1,2005-01-01
16423,2173152,5,2003-10-17
16423,1741691,3,2003-09-11
16423,2627922,3,2004-09-19
16423,803597,3,2004-03-01
16423,1340327,2,2004-02-11
16423,305344,3,2003-05-09
16423,2554977,5,2004-01-01
16423,841504,4,2004-02-17
16423,800928,3,2004-07-10
16423,2207042,4,2005-08-01
16423,449686,5,2005-09-19
16423,2004936,5,2004-04-08
16423,1403217,2,2005-08-09
16423,741376,4,2003-05-13
16423,160929,5,2004-04-02
16423,1302197,2,2004-09-30
16423,60839,4,2005-02-14
16423,723993,5,2004-10-27
16423,2631950,4,2005-03-04
16423,588086,2,2005-10-21
16423,19318,1,2003-09-04
16423,2646235,4,2004-01-12
16423,662530,5,2004-09-20
16423,2370848,5,2005-01-20
16423,2020963,2,2003-07-18
16423,1617455,4,2004-06-28
16423,1445494,5,2004-12-29
16423,2150746,4,2005-11-08
16423,2206123,2,2003-08-05
16423,777037,4,2003-10-23
16423,879244,5,2005-09-21
16423,1742199,4,2005-12-03
16423,130410,4,2005-02-07
16423,1595489,4,2003-09-11
16423,2348261,4,2003-09-30
16423,630985,3,2005-08-23
16423,1772011,3,2003-10-31
16423,2187377,4,2004-12-22
16423,1032461,1,2003-09-09
16423,2221744,2,2004-02-10
16423,1806011,3,2004-11-30
16423,1107137,5,2003-06-19
16423,848524,4,2004-10-30
16423,1608049,4,2005-03-19
16423,2573432,4,2004-09-15
16423,646862,5,2004-05-02
16423,133993,2,2005-10-04
16423,594095,4,2004-12-28
16423,555528,3,2004-01-29
16423,2349794,5,2004-01-14
16423,23018,5,2005-11-12
16423,2501388,5,2004-08-17
16423,1797590,3,2003-07-08
16423,1224756,4,2004-10-21
16423,1310176,5,2004-11-01
16423,1436851,1,2005-05-10
16423,2442408,4,2005-10-07
16423,1181468,4,2004-02-18
16423,866734,5,2004-12-02
16423,252633,4,2005-10-13
16423,1961161,3,2004-01-14
16423,2056022,2,2004-10-04
16423,1202818,5,2005-05-15
16423,867311,4,2005-12-04
16423,2026403,5,2004-08-23
16423,2189144,4,2004-02-28
16423,245114,5,2003-06-10
16423,274270,5,2003-08-04
16423,765007,2,2004-05-05
16423,2296242,5,2005-09-12
16423,538005,5,2005-08-24
16423,2578908,5,2004-03-04
16423,1918502,4,2005-05-02
16423,1728944,4,2005-03-28
16423,2495968,3,2005-03-25
16423,1806515,3,2005-09-23
16423,2118461,5,2005-12-19
16423,1043497,4,2004-03-07
16423,2119127,3,2003-10-01
16423,2609107,4,2003-08-22
16423,1744915,5,2004-04-16
16423,1690079,3,2005-11-14
16423,387418,1,2003-07-31
16423,1217630,3,2003-05-06
16423,1624561,3,2005-03-14
16423,1331519,5,2003-11-12
16423,1726058,2,2004-01-02
16423,539631,4,2005-11-09
16423,1956729,4,2003-08-25
16423,1997184,5,2004-09-21
16423,2018945,5,2004-09-07
16423,1591459,4,2003-09-24
16423,1267881,2,2003-08-26
16423,2268922,5,2004-06-21
16423,2341063,3,2004-02-19
16423,1631642,4,2004-06-18
16423,2064058,3,2005-03-23
16423,1730955,3,2005-12-12
16423,2482316,3,2003-12-21
16423,455467,5,2004-12-23
16423,1314968,3,2005-01-19
16423,375894,4,2005-04-28
16423,1077837,3,2004-10-06
16423,2498924,4,2003-06-24
16423,2643444,3,2004-10-08
16423,632642,3,2005-01-07
16423,1663888,3,2005-05-23
16423,292269,4,2003-12-22
16423,1461435,1,2003-06-13
16423,2146687,4,2004-04-15
16423,676564,3,2004-03-06
16423,1848139,5,2005-09-01
16423,666224,5,2004-10-05
16423,2316961,5,2005-05-31
16423,706442,5,2003-04-28
16423,2257029,2,2003-06-26
16423,1037245,4,2005-12-27
16423,398040,5,2004-08-31
16423,1026006,3,2005-09-22
16423,913445,5,2003-12-15
16423,2165012,4,2003-08-20
16423,1639792,1,2003-04-29
16423,1715727,4,2004-03-09
16423,434161,2,2004-09-24
16423,2090942,5,2004-04-26
16423,2238231,4,2004-10-24
16423,2096960,2,2005-01-19
16423,2254256,5,2005-03-08
16423,2339135,5,2005-09-19
16423,1507727,4,2003-09-23
16423,583555,4,2003-10-20
16423,1376062,5,2003-12-17
16423,2351136,4,2003-12-20
16423,1782332,3,2004-03-17
16423,1679462,5,2005-01-03
16423,1698540,4,2005-12-23
16423,1589878,4,2003-06-19
16423,1192113,5,2004-02-29
16423,296319,5,2005-01-28
16423,2621962,2,2005-04-24
16423,830267,4,2004-02-15
16423,1822229,1,2004-08-11
16423,49281,4,2005-10-11
16423,1710369,2,2003-10-17
16423,1918714,4,2004-02-09
16423,1382900,4,2003-08-12
16423,841711,4,2004-02-10
16423,2145905,1,2005-04-01
16423,3906,3,2003-05-28
16423,629389,5,2005-02-28
16423,721642,2,2005-11-21
16423,87613,5,2004-04-21
16423,1686909,3,2004-03-16
16423,1998877,5,2003-09-09
16423,133263,3,2004-06-29
16423,539480,2,2003-09-19
16423,2460130,2,2005-06-24
16423,2540589,4,2003-07-21
16423,539743,3,2004-05-08
16423,2115020,1,2003-08-08
16423,1365584,5,2003-10-20
16423,2304078,4,2004-01-19
16423,1070323,3,2003-07-05
16423,1563698,3,2004-08-01
16423,2045866,3,2005-08-09
16423,1790689,5,2004-02-28
16423,330278,2,2004-03-28
16423,543889,3,2005-10-21
