14433,1850680,1,2005-09-17
14433,789855,2,2004-04-20
14433,1270739,2,2004-03-07
14433,1204904,3,2005-04-25
14433,971700,2,2004-02-04
14433,1963830,4,2004-10-03
14433,2124045,3,2004-09-01
14433,300074,1,2005-07-10
14433,2476305,3,2005-07-25
14433,507921,3,2003-10-09
14433,986633,5,2005-01-19
14433,1362129,2,2004-07-26
14433,343789,3,2004-08-16
14433,2404857,1,2003-09-29
14433,1520166,1,2004-11-21
14433,372791,2,2004-02-09
14433,178860,3,2005-01-29
14433,2486770,3,2005-03-26
14433,1001129,3,2004-10-08
14433,1123495,1,2005-05-12
14433,1132581,5,2004-08-05
14433,912093,3,2004-10-07
14433,521825,3,2005-09-02
14433,2373517,3,2005-02-11
14433,952262,2,2005-11-13
14433,1426710,5,2004-10-04
14433,830370,4,2004-10-28
14433,1952710,4,2005-03-11
14433,1792741,3,2004-01-27
14433,1575462,4,2004-03-12
14433,192133,2,2004-05-04
14433,1827952,2,2005-10-09
14433,1819462,1,2005-04-27
14433,2439493,1,2003-11-21
14433,2545851,4,2004-12-17
14433,1330841,1,2005-11-29
14433,1914525,3,2004-04-30
14433,2538549,3,2004-10-20
14433,186435,3,2004-04-20
14433,2507646,3,2004-01-02
14433,1622051,3,2003-12-02
14433,1998777,2,2003-09-27
14433,57186,3,2004-04-07
14433,933416,3,2004-01-14
14433,2523426,3,2004-06-24
14433,1939384,3,2004-11-10
14433,759648,5,2005-06-15
14433,2040859,1,2004-11-23
14433,41029,2,2005-03-12
14433,2078073,3,2005-02-24
14433,1322467,5,2005-10-28
14433,1205651,4,2004-09-21
14433,2588144,5,2005-02-11
14433,2340649,2,2004-01-22
14433,2386059,4,2004-08-17
14433,1964202,5,2004-06-02
14433,835265,3,2005-11-26
14433,562504,3,2004-02-23
14433,2612884,1,2004-07-15
14433,1992545,3,2005-05-16
14433,341649,2,2004-04-17
14433,797951,1,2004-05-02
14433,1530425,2,2005-12-04
14433,2260832,2,2005-03-15
14433,1388917,2,2005-03-01
14433,1119695,3,2004-11-11
14433,1568774,3,2004-09-26
14433,1743784,3,2005-03-06
14433,124564,3,2005-10-02
14433,1664010,4,2005-10-17
14433,877387,4,2003-12-18
14433,2020781,5,2004-11-17
14433,2360583,3,2005-08-31
14433,329958,1,2004-02-08
14433,1918287,5,2004-09-02
14433,2552016,3,2004-05-02
14433,1629608,3,2004-07-20
14433,2357868,3,2004-08-08
14433,1148389,2,2004-01-02
14433,862040,3,2004-05-05
14433,315542,3,2005-05-20
14433,1015930,2,2004-02-21
14433,504440,1,2005-11-29
14433,2537578,5,2004-12-03
14433,2337995,5,2005-09-15
14433,159333,3,2004-04-06
14433,319203,3,2004-10-04
14433,1098841,3,2004-11-29
14433,28277,3,2004-04-11
14433,2413320,2,2003-11-02
14433,1924361,3,2004-03-21
14433,2210867,2,2005-07-21
14433,962273,2,2004-02-06
14433,676644,2,2004-12-02
14433,1187445,3,2005-05-11
14433,1446054,4,2005-06-23
14433,1801164,3,2004-04-05
14433,1963798,3,2004-08-23
14433,2021545,2,2005-01-11
14433,1471677,3,2005-07-16
14433,2296294,3,2004-08-06
14433,1456731,1,2005-09-16
14433,2408386,3,2005-05-23
14433,21003,2,2004-05-10
14433,138106,3,2003-12-25
14433,825353,5,2005-05-22
14433,1192224,3,2005-07-26
14433,305344,2,2003-08-22
14433,2077046,4,2005-04-12
14433,1835080,3,2005-10-31
14433,1710658,3,2005-12-16
14433,2147527,1,2005-11-18
14433,651230,1,2005-05-26
14433,2152805,3,2005-06-23
14433,8579,4,2004-08-08
14433,1479643,3,2005-09-02
14433,1517456,3,2004-10-26
14433,1653637,3,2005-09-27
14433,2466966,3,2004-12-30
14433,2412385,4,2005-12-09
14433,332200,3,2004-05-12
14433,120229,3,2005-02-02
14433,1086236,4,2004-10-11
14433,1396680,5,2005-09-03
14433,659395,4,2005-02-12
14433,235851,4,2004-01-20
14433,2572687,1,2004-08-16
14433,434339,5,2005-03-20
14433,1158537,2,2005-04-25
14433,1329904,3,2003-09-14
14433,205901,4,2004-10-18
14433,2158202,3,2004-12-03
14433,1120867,3,2005-11-14
14433,1907843,2,2005-10-21
14433,752642,1,2003-09-24
14433,402783,5,2005-09-07
14433,555528,4,2005-04-20
14433,1107588,3,2005-04-23
14433,2018894,3,2005-10-05
14433,1312396,1,2005-11-01
14433,838414,3,2004-05-11
14433,755743,2,2003-09-22
14433,2644927,3,2004-06-19
14433,624365,3,2005-12-15
14433,237286,2,2003-08-26
14433,1822560,3,2005-01-01
14433,1548363,3,2005-08-04
14433,133435,4,2004-07-17
14433,2473857,3,2005-10-12
14433,341330,1,2003-12-25
14433,387418,2,2003-10-10
14433,1334853,3,2004-03-21
14433,1414315,1,2004-05-13
14433,1096345,4,2005-09-06
14433,1061195,5,2003-11-23
14433,2536069,4,2005-08-31
14433,2230047,5,2005-09-30
14433,1559741,3,2004-05-15
14433,829708,5,2005-04-28
14433,966669,3,2005-05-10
14433,1708823,4,2004-04-21
14433,2467045,3,2004-06-08
14433,1027871,1,2004-11-05
14433,774169,4,2005-04-06
14433,1639792,1,2003-08-31
14433,911438,4,2005-07-14
14433,772426,4,2004-05-21
14433,998236,5,2004-06-23
14433,2460347,1,2005-12-19
14433,635411,5,2004-12-04
14433,1088820,2,2004-04-16
14433,1169614,5,2005-03-09
14433,68056,1,2004-09-13
14433,2049734,3,2004-02-18
14433,1612901,3,2005-12-07
14433,515436,1,2004-05-08
14433,1070187,3,2004-05-03
14433,376759,3,2004-10-13
14433,2327333,3,2004-08-30
14433,1381280,2,2003-10-13
14433,446078,2,2004-10-12
