9164,1850680,3,2005-08-14
9164,853261,4,2005-07-03
9164,461110,3,2005-07-17
9164,1495491,5,2005-08-08
9164,2207774,1,2005-06-06
9164,1228341,3,2005-09-20
9164,223911,5,2005-07-30
9164,856313,2,2005-06-30
9164,957447,4,2005-09-29
9164,1691233,5,2005-09-23
9164,1752638,3,2005-03-16
9164,17184,4,2005-04-12
9164,1281657,4,2005-05-06
9164,1705134,2,2005-06-05
9164,2426322,2,2005-04-16
9164,1686845,5,2005-07-08
9164,300074,1,2005-07-09
9164,2178605,3,2005-07-27
9164,1701298,4,2005-04-01
9164,1810944,4,2005-04-13
9164,2064033,3,2005-05-15
9164,1842812,2,2005-09-27
9164,491331,2,2005-09-04
9164,289162,3,2005-04-06
9164,291084,3,2005-10-14
9164,2196809,3,2005-10-25
9164,868331,4,2005-05-17
9164,1318585,4,2005-10-31
9164,57495,4,2005-07-25
9164,2092288,4,2005-04-23
9164,2121379,1,2005-09-18
9164,831920,4,2005-08-02
9164,271825,5,2005-07-12
9164,137288,4,2005-08-09
9164,667414,3,2005-05-18
9164,2039201,4,2005-10-14
9164,773525,4,2005-04-06
9164,827322,2,2005-06-25
9164,1230680,4,2005-09-17
9164,216947,3,2005-09-18
9164,84645,5,2005-12-11
9164,874550,3,2005-05-15
9164,2426064,2,2005-08-10
9164,1841531,1,2005-06-06
9164,1741099,1,2005-09-23
9164,2039412,2,2005-03-24
9164,2456781,5,2005-04-10
9164,1233004,3,2005-06-19
9164,1954138,4,2005-11-11
9164,885414,3,2005-08-17
9164,1075923,3,2005-06-21
9164,1240267,4,2005-10-24
9164,1532336,3,2005-07-14
9164,2103029,3,2005-07-18
9164,1518269,3,2005-04-28
9164,29269,4,2005-06-02
9164,356285,5,2005-11-19
9164,2646784,5,2005-07-05
9164,2401585,1,2005-08-09
9164,157711,3,2005-08-30
9164,1001129,3,2005-05-24
9164,2250113,3,2005-08-08
9164,47312,3,2005-08-15
9164,789969,3,2005-06-17
9164,631747,4,2005-06-29
9164,2132765,5,2005-09-30
9164,2272721,5,2005-11-23
9164,900488,3,2005-12-24
9164,1264330,2,2005-07-08
9164,956229,1,2005-03-15
9164,1295056,4,2005-06-18
9164,2289197,3,2005-06-18
9164,246200,3,2005-06-26
9164,335499,3,2005-07-02
9164,1085709,5,2005-12-08
9164,528522,5,2005-07-05
9164,2404814,5,2005-06-13
9164,1115629,5,2005-08-21
9164,1307785,4,2005-10-16
9164,2228496,5,2005-10-18
9164,1851895,5,2005-04-13
9164,1313053,3,2005-05-09
9164,1505867,3,2005-10-31
9164,1082084,3,2005-12-23
9164,199257,3,2005-07-25
9164,1314869,2,2005-03-11
9164,1798806,5,2005-05-11
9164,426335,5,2005-05-24
9164,389588,3,2005-05-31
9164,1176462,1,2005-06-13
9164,1360042,3,2005-06-28
9164,2227804,4,2005-11-29
9164,195504,2,2005-08-24
9164,715782,4,2005-03-15
9164,1867481,4,2005-04-06
9164,203498,3,2005-06-22
9164,636262,1,2005-08-23
9164,106593,3,2005-04-18
9164,516343,4,2005-07-25
9164,1265312,3,2005-03-14
9164,2238940,1,2005-11-03
9164,825779,4,2005-12-14
9164,807754,5,2005-07-31
9164,2208736,3,2005-11-19
9164,298867,5,2005-03-21
9164,602389,4,2005-03-27
9164,314467,5,2005-07-05
9164,608046,5,2005-10-26
9164,1389360,5,2005-11-12
9164,173724,4,2005-12-14
9164,520520,5,2005-03-25
9164,1025764,3,2005-03-29
9164,1363462,5,2005-04-28
9164,2439493,1,2005-05-04
9164,2270611,2,2005-12-30
9164,1914525,3,2005-12-15
9164,2415395,1,2005-07-25
9164,239891,4,2005-04-15
9164,2077708,5,2005-11-09
9164,839123,5,2005-09-03
9164,1452127,5,2005-07-03
9164,2539502,5,2005-08-24
9164,1799009,2,2005-10-08
9164,868723,3,2005-12-27
9164,1563935,1,2005-08-15
9164,88278,4,2005-07-07
9164,1746985,4,2005-04-20
9164,1183174,3,2005-06-20
9164,1138563,4,2005-11-16
9164,1913414,5,2005-07-26
9164,471023,2,2005-08-30
9164,572592,3,2005-06-11
9164,819255,4,2005-06-15
9164,1777474,4,2005-06-17
9164,99400,5,2005-09-15
9164,684876,1,2005-11-01
9164,1082737,4,2005-07-21
9164,982049,4,2005-04-12
9164,2549948,5,2005-06-17
9164,1147853,3,2005-03-12
9164,1524964,3,2005-07-03
9164,1791621,4,2005-07-21
9164,516239,4,2005-05-26
9164,821095,5,2005-06-08
9164,2338901,4,2005-04-06
9164,1751084,4,2005-10-13
9164,2058636,2,2005-11-01
9164,1322467,5,2005-11-02
9164,2404972,4,2005-11-23
9164,364892,4,2005-04-21
9164,2109149,5,2005-07-10
9164,680290,5,2005-07-17
9164,1850399,4,2005-10-28
9164,962019,1,2005-09-03
9164,1810670,3,2005-03-11
9164,2035212,3,2005-05-25
9164,2577898,4,2005-06-05
9164,2175570,4,2005-11-04
9164,1544531,3,2005-07-08
9164,568977,3,2005-03-15
9164,2480764,4,2005-04-26
9164,1412245,5,2005-11-06
9164,1609519,5,2005-07-12
9164,898283,1,2005-04-07
9164,1866818,4,2005-05-29
9164,1390768,1,2005-06-29
9164,1881328,3,2005-11-09
9164,1069916,4,2005-03-28
9164,151986,3,2005-04-19
9164,1807143,3,2005-10-30
9164,145941,3,2005-08-23
9164,2321701,1,2005-08-30
9164,1940923,4,2005-06-30
9164,135748,5,2005-10-04
9164,596995,3,2005-08-25
9164,227591,5,2005-07-08
9164,394895,5,2005-09-05
9164,1098387,4,2005-07-20
9164,1769920,4,2005-05-23
9164,1220648,5,2005-06-15
9164,300777,3,2005-07-05
9164,1961753,5,2005-08-20
9164,364618,4,2005-06-27
9164,2124931,2,2005-07-27
9164,2550506,2,2005-06-09
9164,2378868,4,2005-10-16
9164,618427,3,2005-11-15
9164,763571,3,2005-07-08
9164,1984882,4,2005-05-17
9164,440463,2,2005-12-26
9164,2128514,4,2005-05-17
9164,431098,4,2005-05-24
9164,339183,5,2005-10-19
9164,2364551,5,2005-08-19
9164,330282,3,2005-06-05
9164,2309163,5,2005-11-01
9164,621279,5,2005-07-18
9164,1059101,3,2005-08-25
9164,1634998,5,2005-04-05
9164,2025046,5,2005-05-31
9164,2322405,5,2005-06-30
9164,1700308,4,2005-11-12
9164,2442434,5,2005-11-17
9164,375526,4,2005-11-17
9164,199435,2,2005-08-03
9164,1059661,4,2005-08-04
9164,1637682,4,2005-04-26
9164,507603,1,2005-09-16
9164,704795,2,2005-10-10
9164,2284388,3,2005-04-06
9164,506044,3,2005-05-20
9164,107866,3,2005-05-22
9164,1258738,3,2005-12-05
9164,973136,3,2005-07-15
9164,2048729,4,2005-08-19
9164,1555725,5,2005-05-08
9164,162616,3,2005-05-24
9164,995497,1,2005-11-03
9164,1901906,5,2005-11-28
9164,1405395,4,2005-05-26
9164,2518947,3,2005-05-29
9164,1640334,4,2005-10-13
9164,1192269,5,2005-10-24
9164,1290524,3,2005-08-01
9164,1692212,5,2005-04-13
9164,1117099,4,2005-04-18
9164,2578830,2,2005-05-29
9164,1622041,1,2005-06-13
9164,997467,1,2005-09-27
9164,1714672,3,2005-03-13
9164,1895279,3,2005-05-03
9164,269344,1,2005-05-22
9164,1647674,1,2005-11-30
9164,1548969,5,2005-08-05
9164,1818059,5,2005-08-22
9164,1470123,1,2005-07-25
9164,2220963,4,2005-04-05
9164,651512,3,2005-05-18
9164,1995026,5,2005-07-22
9164,1957786,5,2005-08-18
9164,1394198,3,2005-03-13
9164,2280179,3,2005-07-09
9164,334656,3,2005-03-16
9164,1513643,4,2005-03-23
9164,1664010,5,2005-10-17
9164,1410175,3,2005-10-17
9164,132333,5,2005-04-06
9164,2132051,4,2005-05-16
9164,1469029,4,2005-05-16
9164,2636000,1,2005-10-05
9164,1409104,1,2005-10-22
9164,2088799,3,2005-03-29
9164,1777762,3,2005-05-17
9164,217403,5,2005-05-28
9164,796774,4,2005-10-27
9164,1108757,1,2005-12-27
9164,507094,5,2005-09-21
9164,612384,5,2005-04-03
9164,633243,5,2005-12-12
9164,1811832,3,2005-07-28
9164,2227543,4,2005-08-23
9164,1058935,3,2005-04-15
9164,1952797,4,2005-06-16
9164,114093,3,2005-07-07
9164,39147,4,2005-08-11
9164,1296679,2,2005-08-18
9164,1832770,3,2005-04-21
9164,874605,2,2005-06-28
9164,379701,2,2005-09-19
9164,1355330,2,2005-10-30
9164,1157243,3,2005-07-26
9164,1324541,4,2005-06-24
9164,873713,3,2005-08-30
9164,2355625,2,2005-05-18
9164,1490642,3,2005-06-16
9164,1241893,5,2005-06-30
9164,2283856,2,2005-07-10
9164,476205,2,2005-07-18
9164,1138511,4,2005-08-22
9164,2256731,1,2005-05-15
9164,893631,5,2005-04-15
9164,86641,2,2005-07-25
9164,161964,1,2005-08-30
9164,1854658,4,2005-08-30
9164,594177,4,2005-04-19
9164,1148389,1,2005-05-08
9164,952289,5,2005-05-17
9164,621092,5,2005-10-17
9164,2614895,5,2005-05-23
9164,1172525,3,2005-04-27
9164,2232731,4,2005-09-18
9164,740697,5,2005-12-01
9164,707217,5,2005-08-20
9164,641364,3,2005-05-14
9164,1629440,3,2005-12-06
9164,1418260,5,2005-08-31
9164,1111302,4,2005-09-20
9164,1239120,3,2005-09-01
9164,27318,5,2005-02-23
9164,923864,5,2005-03-20
9164,104344,4,2005-08-08
9164,1208914,1,2005-06-18
9164,427967,3,2005-06-19
9164,2205719,3,2005-10-14
9164,1106280,5,2005-05-04
9164,977932,5,2005-07-11
9164,2333966,5,2005-08-23
9164,1463703,3,2005-08-25
9164,952063,1,2005-05-09
9164,242425,5,2005-06-11
9164,2126702,3,2005-08-07
9164,2080663,4,2005-08-18
9164,2579094,5,2005-05-14
9164,2634576,4,2005-07-02
9164,78595,5,2005-10-21
9164,1111943,3,2005-05-24
9164,807954,1,2005-10-18
9164,1727322,3,2005-08-09
9164,659839,3,2005-04-23
9164,1569028,5,2005-05-18
9164,1616870,3,2005-06-01
9164,1423790,2,2005-11-27
9164,486258,5,2005-04-28
9164,1170335,3,2005-05-31
9164,2324830,3,2005-06-21
9164,2634124,4,2005-09-29
9164,812814,5,2005-12-09
9164,2427005,4,2005-08-05
9164,629010,3,2005-03-16
9164,2618129,3,2005-04-17
9164,1490538,5,2005-10-19
9164,271880,5,2005-07-21
9164,1834546,3,2005-06-28
9164,2509609,1,2005-09-22
9164,565348,5,2005-11-03
9164,907708,1,2005-11-03
9164,1007754,4,2005-07-16
9164,2350033,4,2005-08-22
9164,445634,5,2005-05-02
9164,1317671,4,2005-05-23
9164,1374385,4,2005-06-06
9164,281455,5,2005-09-27
9164,2089599,3,2005-03-13
9164,1777614,3,2005-03-14
9164,695353,3,2005-05-06
9164,1108004,4,2005-08-18
9164,1528604,2,2005-03-14
9164,437756,4,2005-04-26
9164,922088,1,2005-10-29
9164,1333494,5,2005-08-18
9164,408457,3,2005-03-15
9164,957334,5,2005-07-19
9164,2559537,3,2005-04-26
9164,1133966,4,2005-06-30
9164,198706,2,2005-09-25
9164,9290,3,2005-04-18
9164,1079253,3,2005-08-14
9164,389704,1,2005-10-17
9164,1119020,2,2005-11-06
9164,2141153,3,2005-11-12
9164,1567970,3,2005-03-15
9164,682963,3,2005-06-30
9164,1591103,4,2005-09-21
9164,2430041,3,2005-12-27
9164,2487916,5,2005-08-04
9164,2201507,4,2005-10-13
9164,1180952,5,2005-11-16
9164,504620,5,2005-11-17
9164,1419882,5,2005-12-23
9164,1235320,5,2005-08-16
9164,1295307,5,2005-05-20
9164,1354082,3,2005-09-18
9164,3423,1,2005-08-23
9164,1747640,3,2005-09-12
9164,58628,4,2005-10-10
9164,2233156,5,2005-05-07
9164,211233,4,2005-05-21
9164,825353,1,2005-11-25
9164,1329454,5,2005-07-24
9164,1921550,5,2005-04-25
9164,890573,3,2005-09-22
9164,2226577,1,2005-07-10
9164,741684,4,2005-08-11
9164,2212463,4,2005-08-22
9164,1354796,3,2005-03-14
9164,1729739,5,2005-10-20
9164,1662695,2,2005-08-24
9164,305344,1,2005-03-11
9164,101246,1,2005-06-21
9164,2464003,3,2005-06-22
9164,2548846,4,2005-07-11
9164,651524,5,2005-04-16
9164,2163622,4,2005-04-19
9164,1197493,3,2005-05-03
9164,2486965,5,2005-08-17
9164,2222151,4,2005-04-06
9164,1835080,3,2005-10-31
9164,1710658,4,2005-12-05
9164,2604820,5,2005-08-16
9164,366233,3,2005-09-18
9164,1247208,3,2005-05-17
9164,2251848,3,2005-05-23
9164,2147527,2,2005-11-18
9164,942334,4,2005-07-14
9164,135785,5,2005-07-19
9164,1803891,3,2005-08-16
9164,651230,1,2005-03-15
9164,1827071,4,2005-03-28
9164,2152805,3,2005-06-23
9164,1428930,3,2005-10-05
9164,2599404,4,2005-04-01
9164,447759,5,2005-10-05
9164,2127496,4,2005-11-27
9164,2349552,4,2005-08-09
9164,2491110,4,2005-03-15
9164,1152644,3,2005-10-17
9164,300435,3,2005-05-05
9164,1746121,4,2005-06-27
9164,67687,5,2005-07-26
9164,1413791,5,2005-08-04
9164,182261,2,2005-08-17
9164,1578729,4,2005-06-06
9164,2080176,5,2005-05-14
9164,948709,5,2005-06-22
9164,1650616,4,2005-07-04
9164,890158,5,2005-10-30
9164,142279,3,2005-11-26
9164,1229755,2,2005-09-07
9164,1481728,5,2005-11-19
9164,531979,5,2005-09-06
9164,1587665,1,2005-06-21
9164,2107500,4,2005-09-28
9164,2029744,3,2005-12-03
9164,2189283,3,2005-09-24
9164,1486389,4,2005-12-19
9164,1745577,5,2005-08-15
9164,436276,3,2005-09-25
9164,1692302,4,2005-08-13
9164,73253,4,2005-03-15
9164,128473,4,2005-06-01
9164,1042055,3,2005-11-12
9164,2590036,2,2005-08-09
9164,2630797,2,2005-09-04
9164,819621,2,2005-06-07
9164,1152594,3,2005-03-23
9164,401334,4,2005-04-22
9164,2270680,3,2005-05-07
9164,219470,4,2005-06-06
9164,1907843,3,2005-10-21
9164,173755,4,2005-11-25
9164,43653,1,2005-11-30
9164,1373180,1,2005-07-27
9164,111018,5,2005-07-06
9164,561,4,2005-08-09
9164,1555531,3,2005-06-13
9164,257331,5,2005-04-19
9164,555528,4,2005-05-12
9164,742589,3,2005-06-17
9164,2481504,1,2005-07-13
9164,995935,5,2005-08-12
9164,2251095,4,2005-04-17
9164,1107588,4,2005-04-28
9164,2018894,3,2005-05-17
9164,1175001,4,2005-07-04
9164,2160866,4,2005-12-11
9164,788617,3,2005-07-12
9164,2400645,4,2005-07-13
9164,2386321,5,2005-08-04
9164,2255880,2,2005-05-14
9164,402212,1,2005-05-18
9164,2516189,1,2005-10-03
9164,947830,5,2005-03-27
9164,2265911,4,2005-04-25
9164,1215235,3,2005-09-21
9164,2056022,2,2005-08-16
9164,2103047,5,2005-07-02
9164,418339,3,2005-10-02
9164,219888,3,2005-11-11
9164,814022,5,2005-07-18
9164,1280761,1,2005-12-12
9164,1087457,5,2005-05-02
9164,76916,4,2005-05-02
9164,2397185,3,2005-05-08
9164,1299355,1,2005-05-25
9164,801512,3,2005-09-23
9164,1299611,3,2005-10-17
9164,700018,3,2005-11-07
9164,2181115,2,2005-11-08
9164,201805,1,2005-10-02
9164,1999876,4,2005-11-03
9164,1742718,4,2005-11-15
9164,638956,4,2005-05-15
9164,1621580,3,2005-05-19
9164,912823,5,2005-06-21
9164,2976,3,2005-08-23
9164,2176465,3,2005-04-27
9164,557449,4,2005-09-20
9164,538005,1,2005-08-24
9164,901484,5,2005-03-27
9164,1174885,5,2005-04-05
9164,717332,2,2005-06-04
9164,857132,1,2005-06-17
9164,411290,4,2005-09-22
9164,801989,1,2005-11-15
9164,2597822,4,2005-03-11
9164,188847,3,2005-03-15
9164,901587,4,2005-04-15
9164,109079,2,2005-06-15
9164,1365170,3,2005-09-24
9164,1413367,4,2005-07-08
9164,322064,1,2005-12-13
9164,661465,5,2005-07-10
9164,638314,2,2005-03-14
9164,1336367,1,2005-04-27
9164,1084484,3,2005-04-05
9164,894838,3,2005-05-04
9164,1048389,2,2005-06-27
9164,1806515,3,2005-09-23
9164,2118461,5,2005-10-20
9164,2334757,3,2005-12-31
9164,447437,1,2005-07-12
9164,474114,1,2005-07-18
9164,522180,3,2005-08-25
9164,955284,3,2005-04-01
9164,2442868,2,2005-06-14
9164,2501886,5,2005-10-06
9164,366318,5,2005-08-05
9164,387418,1,2005-03-12
9164,765593,2,2005-05-20
9164,2409465,3,2005-07-19
9164,1652281,4,2005-08-01
9164,2123964,4,2005-08-10
9164,2512104,5,2005-11-05
9164,1235851,3,2005-11-07
9164,2648290,5,2005-07-21
9164,1114324,3,2005-03-24
9164,429260,4,2005-06-19
9164,229726,1,2005-09-23
9164,2251050,5,2005-10-11
9164,2149035,3,2005-08-30
9164,835353,3,2005-04-28
9164,648894,4,2005-11-26
9164,500249,3,2005-07-28
9164,340479,3,2005-03-16
9164,1210229,4,2005-03-29
9164,2470021,3,2005-05-03
9164,172663,4,2005-06-09
9164,2186779,2,2005-09-09
9164,112018,5,2005-09-10
9164,2645621,2,2005-10-10
9164,806545,4,2005-07-08
9164,2495333,5,2005-07-16
9164,814965,3,2005-05-09
9164,794999,5,2005-05-24
9164,1019603,5,2005-05-28
9164,2608976,3,2005-09-08
9164,1116065,5,2005-03-12
9164,127275,5,2005-03-29
9164,1645904,4,2005-10-07
9164,264772,5,2005-12-01
9164,1324830,4,2005-12-14
9164,1317124,5,2005-12-26
9164,2572516,4,2005-08-06
9164,1924795,5,2005-03-26
9164,235077,3,2005-06-21
9164,444566,3,2005-11-04
9164,1518446,3,2005-03-28
9164,1654721,4,2005-11-20
9164,1076056,3,2005-04-01
9164,1001928,4,2005-05-02
9164,1461435,1,2005-05-05
9164,2198129,1,2005-09-18
9164,361310,3,2005-09-03
9164,375199,4,2005-05-26
9164,2369115,5,2005-05-28
9164,1867238,3,2005-06-06
9164,2284436,4,2005-12-09
9164,1263397,4,2005-07-25
9164,1906413,4,2005-04-25
9164,1471529,5,2005-05-31
9164,591336,3,2005-12-19
9164,915249,5,2005-04-05
9164,362875,4,2005-05-05
9164,2224013,5,2005-06-22
9164,1563727,3,2005-07-09
9164,1466573,5,2005-07-22
9164,561909,4,2005-08-17
9164,1277334,3,2005-08-31
9164,836806,4,2005-04-06
9164,1209897,3,2005-07-06
9164,2224734,4,2005-03-28
9164,1420020,1,2005-05-05
9164,1302590,4,2005-07-01
9164,1515355,4,2005-10-15
9164,60582,3,2005-12-22
9164,2636305,1,2005-07-13
9164,891803,4,2005-04-18
9164,1301993,3,2005-07-09
9164,2468383,4,2005-08-11
9164,2159648,3,2005-04-08
9164,2578770,2,2005-05-26
9164,2469479,2,2005-06-06
9164,1489031,4,2005-06-27
9164,78404,3,2005-06-01
9164,518137,3,2005-09-19
9164,2338841,3,2005-09-23
9164,1730622,4,2005-08-03
9164,2049472,5,2005-08-23
9164,1935050,4,2005-06-02
9164,152920,5,2005-04-01
9164,1959417,4,2005-11-07
9164,2305929,4,2005-07-29
9164,1769993,3,2005-06-17
9164,2424566,5,2005-06-26
9164,119157,4,2005-09-04
9164,913820,1,2005-12-20
9164,1563544,5,2005-04-28
9164,1103596,4,2005-06-06
9164,1819253,5,2005-12-20
9164,1326195,1,2005-12-22
9164,378420,2,2005-07-09
9164,1453339,3,2005-08-30
9164,1771461,5,2005-10-07
9164,2320697,3,2005-05-21
9164,728941,4,2005-09-02
9164,441597,4,2005-04-07
9164,94396,4,2005-05-14
9164,1420533,5,2005-05-21
9164,1878354,3,2005-06-29
9164,211959,1,2005-09-26
9164,2263437,1,2005-08-24
9164,1078333,5,2005-03-16
9164,2488350,5,2005-06-10
9164,897142,5,2005-12-22
9164,489702,1,2005-08-05
9164,272840,5,2005-08-28
9164,599723,4,2005-05-20
9164,2644491,3,2005-09-28
9164,425403,4,2005-03-16
9164,2389424,4,2005-06-10
9164,769745,3,2005-09-23
9164,1955703,5,2005-10-15
9164,1125075,3,2005-09-20
9164,145647,4,2005-07-26
9164,843503,4,2005-08-04
9164,256452,1,2005-09-02
9164,87134,2,2005-03-14
9164,770339,2,2005-03-15
9164,1483955,5,2005-03-21
9164,1602924,2,2005-05-18
9164,2465495,4,2005-10-02
9164,516948,4,2005-10-30
