4893,589931,2,2005-03-01
4893,209200,3,2003-06-26
4893,1345228,2,2005-01-28
4893,281396,3,2005-09-06
4893,1587696,3,2005-08-28
4893,2245347,4,2003-09-09
4893,1788130,2,2005-09-12
4893,2538248,4,2005-04-01
4893,2260838,2,2003-10-01
4893,925541,4,2003-09-05
4893,1314869,1,2005-05-21
4893,1890978,3,2005-07-11
4893,1706765,2,2003-09-03
4893,1819462,1,2005-04-28
4893,2439493,1,2003-06-04
4893,283559,2,2004-04-09
4893,250988,5,2004-04-05
4893,656977,3,2004-10-28
4893,1476719,3,2005-07-06
4893,2198706,1,2005-01-26
4893,386467,3,2003-06-25
4893,2140196,4,2004-10-11
4893,334809,5,2003-04-30
4893,2198070,4,2004-03-22
4893,501823,5,2005-07-10
4893,1280835,4,2005-01-29
4893,239789,2,2003-04-09
4893,2233998,4,2003-04-28
4893,2519094,4,2004-02-28
4893,1280878,3,2004-06-24
4893,2203332,4,2004-09-08
4893,1652323,3,2004-09-22
4893,2469315,3,2005-07-22
4893,2112383,3,2003-04-04
4893,1401895,4,2004-06-29
4893,2510178,3,2003-08-29
4893,244707,1,2005-06-29
4893,2399842,5,2005-02-20
4893,863479,1,2003-12-24
4893,2207181,2,2004-08-31
4893,1664010,3,2005-10-12
4893,557982,3,2005-01-23
4893,282786,2,2005-08-30
4893,2533746,4,2004-08-16
4893,1330253,3,2003-10-31
4893,367223,1,2004-10-23
4893,1749821,3,2003-11-28
4893,2470428,5,2004-04-23
4893,2272304,3,2004-12-18
4893,1533522,1,2003-09-11
4893,2049319,3,2005-05-24
4893,1729995,3,2005-08-01
4893,2606799,3,2005-05-16
4893,2085265,4,2003-05-10
4893,789014,1,2003-02-11
4893,798296,1,2003-02-13
4893,1157185,3,2003-09-20
4893,2332058,3,2005-08-09
4893,1953091,2,2003-04-15
4893,147941,4,2004-02-09
4893,2378212,4,2003-09-04
4893,2358626,5,2004-08-03
4893,1296498,3,2005-11-06
4893,305344,3,2003-03-23
4893,2206659,3,2004-06-07
4893,6629,2,2003-07-16
4893,2130811,1,2003-12-04
4893,1558180,2,2005-02-03
4893,2177957,3,2004-03-01
4893,1193743,4,2005-10-05
4893,1612715,4,2004-04-22
4893,2056022,2,2004-04-22
4893,2560121,3,2003-11-14
4893,2256188,4,2005-04-19
4893,2574649,1,2003-03-13
4893,1664,3,2005-05-19
4893,813594,3,2004-02-07
4893,992256,2,2003-08-13
4893,114576,2,2004-11-19
4893,1265606,3,2005-01-10
4893,884722,3,2005-05-01
4893,1847822,3,2003-09-11
4893,2118461,3,2005-12-20
4893,387418,3,2003-08-14
4893,1620784,3,2003-08-12
4893,1114324,3,2005-03-28
4893,794999,5,2004-07-20
4893,405268,3,2005-09-23
4893,1760528,5,2005-04-18
4893,1025592,1,2004-06-03
4893,1077213,2,2005-07-20
4893,1461435,1,2003-02-12
4893,1105736,3,2004-05-21
4893,1639792,1,2003-02-12
4893,1912978,2,2004-03-01
4893,2559945,3,2005-05-03
4893,168399,3,2003-04-24
4893,2520477,2,2003-10-27
4893,1193400,3,2004-02-14
4893,2449569,5,2005-04-20
4893,1369546,3,2004-03-05
4893,2634967,1,2005-01-10
