13855,290621,2,2004-09-03
13855,1356914,4,2005-07-21
13855,44937,5,2004-11-29
13855,716091,5,2005-01-05
13855,573364,4,2005-03-08
13855,1428688,2,2005-12-07
13855,524654,3,2003-09-08
13855,1956280,5,2004-01-06
13855,105942,4,2004-11-07
13855,2248903,5,2005-04-13
13855,2622033,2,2005-05-06
13855,603277,3,2003-12-27
13855,1275804,5,2004-05-16
13855,915001,4,2004-10-13
13855,2086878,4,2005-03-15
13855,2484814,4,2005-04-17
13855,2482518,4,2005-06-07
13855,2594137,5,2005-10-30
13855,124237,4,2005-07-11
13855,1049643,3,2004-09-15
13855,818736,3,2004-05-14
13855,161893,4,2005-02-08
13855,1471026,5,2003-07-14
13855,2173816,3,2003-08-06
13855,1254903,5,2003-10-09
13855,291816,5,2004-03-02
13855,1312746,3,2004-08-23
13855,1420822,4,2005-01-08
13855,1050707,4,2005-06-28
13855,489962,4,2005-11-10
13855,1333,2,2004-03-28
13855,2386302,3,2004-02-11
13855,2409565,4,2005-02-07
13855,322178,1,2005-03-17
13855,1517471,4,2004-05-13
13855,1319527,4,2005-01-23
13855,597499,4,2005-02-16
13855,301811,5,2005-06-20
13855,1379726,4,2005-11-21
13855,932186,3,2003-11-23
13855,923084,2,2004-10-25
13855,1224299,3,2005-03-18
13855,1541854,3,2005-04-20
13855,303948,2,2005-11-10
13855,1602932,5,2003-11-13
13855,2554745,5,2004-06-25
13855,1247899,2,2005-07-10
13855,2091752,3,2004-05-25
13855,1404357,4,2005-08-09
13855,138354,3,2004-03-02
13855,1227322,1,2003-07-09
13855,2623268,5,2004-05-24
13855,2173758,4,2005-03-13
13855,1794933,3,2005-09-23
13855,890087,4,2004-07-01
13855,566325,4,2004-11-22
13855,1865375,5,2005-02-15
13855,1152671,4,2005-06-09
13855,2413441,4,2005-06-02
13855,1142291,3,2004-08-02
13855,109337,2,2005-07-21
13855,861239,3,2003-11-14
13855,1293490,5,2003-11-13
13855,786312,3,2004-11-06
13855,2566190,5,2005-09-12
13855,2213601,5,2005-09-17
13855,335842,5,2005-08-09
13855,2377770,4,2004-06-29
13855,424958,5,2004-12-14
13855,501561,4,2005-10-03
13855,404525,5,2005-07-07
13855,1915354,3,2003-07-22
13855,1696335,3,2004-11-09
13855,1101585,4,2004-06-15
13855,335351,5,2004-01-09
13855,1048307,2,2005-03-09
13855,734265,4,2005-06-15
13855,2035079,4,2005-10-13
13855,922190,4,2005-11-20
13855,1665694,3,2005-08-09
13855,880828,4,2005-09-26
13855,44266,5,2005-11-29
13855,1321983,5,2004-04-06
13855,1346269,5,2004-08-17
13855,2422044,5,2004-11-29
13855,831988,4,2005-02-23
13855,48614,3,2005-03-15
13855,2405710,4,2005-04-16
13855,819314,4,2005-09-24
13855,303556,5,2005-10-01
13855,393676,5,2004-06-24
13855,2643730,3,2004-02-20
13855,2171986,4,2004-11-10
13855,2398842,4,2005-04-27
13855,344216,3,2005-10-05
13855,660937,2,2003-11-17
13855,791521,4,2004-01-13
13855,1989641,4,2003-08-20
13855,270694,5,2003-10-21
13855,1949179,3,2004-02-07
13855,2173196,5,2004-12-31
13855,1285021,4,2005-01-19
13855,1279272,4,2005-03-16
13855,1092228,3,2004-03-02
13855,660495,4,2003-06-10
13855,337244,5,2003-11-10
13855,1001129,2,2005-03-09
13855,753836,4,2005-08-22
13855,1124822,3,2004-02-06
13855,1529338,4,2004-09-28
13855,1553591,4,2005-06-13
13855,29318,1,2005-06-17
13855,792693,4,2004-01-12
13855,1965797,4,2005-05-03
13855,1956967,4,2005-05-18
13855,204439,3,2003-09-08
13855,797901,4,2003-09-22
13855,1607985,1,2003-09-02
13855,2621846,5,2005-08-29
13855,2162539,4,2004-10-05
13855,1482654,4,2005-04-11
13855,186506,3,2005-06-08
13855,1649545,4,2005-10-24
13855,1205474,4,2005-11-05
13855,329226,4,2005-07-29
13855,232257,5,2003-07-15
13855,371342,5,2003-08-14
13855,2367646,3,2005-01-25
13855,471756,3,2005-05-04
13855,895218,5,2005-06-17
13855,1929487,3,2005-07-22
13855,2646115,4,2003-10-07
13855,126732,4,2004-05-31
13855,1021121,4,2005-02-28
13855,1236938,5,2005-03-07
13855,1134816,5,2005-04-04
13855,256048,4,2005-05-17
13855,2414144,5,2005-06-30
13855,1801798,4,2004-04-15
13855,60995,4,2003-09-15
13855,247940,4,2003-11-23
13855,959318,2,2005-08-01
13855,2621263,5,2005-08-12
13855,332392,1,2005-08-13
13855,1056645,2,2004-01-05
13855,478176,4,2004-07-30
13855,1180144,4,2005-03-02
13855,1167572,3,2005-03-13
13855,2528715,5,2005-05-07
13855,1095174,3,2005-05-12
13855,2098740,4,2005-10-16
13855,619070,2,2005-07-27
13855,2100210,5,2003-08-14
13855,1521266,5,2005-08-04
13855,926197,3,2003-09-06
13855,2109316,5,2004-01-31
13855,1663779,4,2004-10-25
13855,2037839,5,2005-05-23
13855,451362,4,2005-06-09
13855,2058861,1,2005-09-15
13855,859024,5,2005-11-04
13855,2170930,1,2005-06-27
13855,200746,3,2005-10-19
13855,1536354,4,2004-12-17
13855,1979650,3,2005-02-26
13855,109124,5,2005-06-04
13855,1103080,4,2005-06-16
13855,290789,4,2005-10-26
13855,916295,3,2005-08-09
13855,1014567,4,2003-08-18
13855,2405956,5,2005-08-30
13855,1309088,1,2005-01-31
13855,415672,3,2005-09-04
13855,1575462,5,2005-10-31
13855,134378,5,2005-12-15
13855,295182,5,2004-03-07
13855,2341291,4,2005-08-07
13855,1661048,4,2004-09-14
13855,96431,5,2005-09-02
13855,1097536,5,2005-03-19
13855,2353394,5,2005-05-08
13855,1055117,4,2005-09-26
13855,2543952,3,2005-11-12
13855,405604,4,2003-09-19
13855,1601449,4,2004-12-21
13855,2576384,4,2005-09-10
13855,2466475,5,2005-10-15
13855,623818,3,2005-11-12
13855,1685089,4,2003-10-04
13855,920932,1,2005-03-28
13855,2111183,5,2005-04-04
13855,2320264,1,2004-01-26
13855,815106,3,2004-02-13
13855,783406,4,2005-06-21
13855,1696241,4,2005-10-06
13855,2221546,3,2005-11-27
13855,2574320,3,2005-12-22
13855,52794,3,2003-10-05
13855,1636987,3,2004-11-23
13855,2361606,4,2005-02-02
13855,1819462,1,2005-04-22
13855,1157288,3,2005-10-17
13855,249021,5,2005-11-20
13855,2439493,1,2003-11-09
13855,875184,5,2004-09-09
13855,1732137,4,2005-09-15
13855,604903,1,2005-06-05
13855,1963805,3,2005-10-28
13855,207131,5,2005-07-16
13855,1386457,4,2003-09-02
13855,1653334,5,2004-01-12
13855,111243,5,2005-01-19
13855,1034714,1,2005-01-19
13855,1491835,3,2005-11-25
13855,1209966,4,2004-07-10
13855,2050931,4,2005-06-28
13855,556041,4,2005-07-10
13855,1125377,5,2004-07-01
13855,1673357,3,2005-01-25
13855,276182,5,2003-10-29
13855,691886,3,2005-08-21
13855,2596548,5,2005-06-16
13855,1533293,3,2003-09-23
13855,62054,4,2005-10-03
13855,1471987,4,2005-11-07
13855,504297,5,2004-02-14
13855,369872,4,2004-07-01
13855,1509270,4,2005-02-08
13855,1654621,5,2005-05-17
13855,1770331,1,2005-06-25
13855,1851130,5,2005-12-22
13855,1121699,4,2005-07-17
13855,1059284,4,2005-08-20
13855,1506586,4,2004-02-09
13855,1357088,4,2003-10-23
13855,1139937,1,2004-07-29
13855,781020,4,2004-12-11
13855,1876949,4,2005-01-19
13855,656811,4,2005-01-26
13855,1003816,3,2005-02-15
13855,1646880,3,2005-02-17
13855,1644628,4,2005-04-27
13855,2453811,4,2005-06-13
13855,2132411,5,2004-06-21
13855,1024854,4,2004-10-07
13855,1504503,5,2005-04-10
13855,2565182,4,2005-04-24
13855,1140762,5,2005-11-23
13855,1574875,5,2005-12-28
13855,2129827,4,2005-10-03
13855,918219,3,2005-12-16
13855,2225344,5,2003-11-29
13855,412129,5,2003-08-15
13855,2440681,5,2004-05-22
13855,1978892,3,2005-06-08
13855,1485818,3,2004-01-16
13855,1749224,4,2005-02-05
13855,1207684,4,2005-06-15
13855,258337,3,2005-11-13
13855,106256,3,2004-07-21
13855,461075,1,2004-09-27
13855,588573,3,2004-10-25
13855,1473595,4,2005-02-18
13855,1862998,4,2005-03-03
13855,2236554,4,2005-03-14
13855,2124347,3,2005-04-02
13855,1644621,3,2005-04-18
13855,2378902,3,2005-09-27
13855,445227,5,2004-07-19
13855,2171588,3,2005-02-09
13855,2602749,1,2005-03-27
13855,2306009,5,2005-07-23
13855,1149786,5,2003-07-17
13855,2258411,5,2004-09-28
13855,2300921,3,2005-09-13
13855,1695600,4,2005-09-26
13855,41924,4,2004-02-25
13855,1836850,5,2004-10-17
13855,2372992,3,2005-06-27
13855,572523,5,2005-09-24
13855,1283798,4,2004-06-18
13855,19796,4,2005-08-07
13855,1903324,1,2003-12-05
13855,1939029,4,2003-09-29
13855,477165,4,2004-05-22
13855,237970,4,2004-01-04
13855,67658,3,2005-03-18
13855,1151752,5,2005-09-11
13855,1999176,2,2005-08-05
13855,835819,3,2003-08-13
13855,1853299,5,2004-10-20
13855,2197203,5,2005-04-10
13855,1905883,3,2005-06-12
13855,1173822,5,2005-10-23
13855,1345089,2,2005-12-23
13855,1748702,3,2005-05-12
13855,1048749,4,2005-05-16
13855,759560,3,2005-06-26
13855,1523954,3,2005-10-04
13855,965779,4,2005-11-25
13855,585968,3,2004-04-06
13855,975911,3,2004-02-01
13855,914958,5,2003-11-08
13855,296570,1,2004-11-26
13855,597776,4,2004-10-28
13855,277837,2,2005-02-01
13855,1341553,5,2005-02-17
13855,1883088,2,2005-04-19
13855,1491873,5,2005-07-04
13855,1453014,5,2005-09-23
13855,1524853,5,2003-12-17
13855,101068,4,2004-08-25
13855,2045883,2,2004-10-14
13855,981848,4,2005-01-05
13855,2596745,5,2005-02-08
13855,2282637,2,2005-04-08
13855,10100,4,2005-05-23
13855,418172,5,2005-10-08
13855,915354,4,2005-11-01
13855,66885,2,2003-07-29
13855,373990,3,2003-08-19
13855,786801,5,2004-05-28
13855,2094329,4,2004-10-11
13855,1105029,4,2004-10-30
13855,2141037,3,2005-01-19
13855,1264878,4,2005-09-09
13855,1390282,4,2005-09-12
13855,2136927,4,2005-08-25
13855,625344,3,2003-08-09
13855,432620,5,2003-09-02
13855,1961377,4,2004-12-01
13855,253900,4,2005-01-24
13855,1706491,5,2005-06-10
13855,252540,5,2004-03-26
13855,2240295,3,2005-03-08
13855,2513009,4,2005-09-25
13855,322291,5,2005-12-12
13855,107776,4,2005-12-28
13855,1301832,4,2004-07-29
13855,627335,5,2003-08-12
13855,275533,3,2005-07-14
13855,364140,3,2004-05-13
13855,799339,3,2005-05-02
13855,475712,4,2005-07-03
13855,1858770,3,2005-11-02
13855,607854,5,2005-07-11
13855,1732840,5,2003-08-03
13855,2618752,1,2004-11-28
13855,794387,3,2004-11-30
13855,2341923,3,2005-12-07
13855,265760,5,2005-07-12
13855,1708141,4,2005-07-21
13855,2408123,4,2004-07-10
13855,1406180,1,2004-06-30
13855,661071,4,2004-07-19
13855,175338,4,2005-10-03
13855,1404960,3,2005-07-12
13855,81036,4,2004-11-27
13855,1047039,5,2004-01-18
13855,926530,4,2005-01-31
13855,2644350,2,2005-04-06
13855,1437396,5,2005-04-05
13855,2462256,3,2005-12-16
13855,2260761,4,2005-12-26
13855,1123175,2,2005-07-20
13855,2252432,4,2005-08-11
13855,612626,3,2004-03-05
13855,2585864,5,2004-10-10
13855,2068409,4,2005-01-19
13855,371215,5,2005-05-19
13855,1336252,3,2005-06-24
13855,1580125,3,2005-11-22
13855,1190953,4,2003-07-08
13855,872667,5,2005-08-30
13855,2440615,2,2004-03-30
13855,1031887,5,2004-09-02
13855,1636791,3,2004-11-27
13855,952748,4,2005-01-01
13855,2556625,5,2005-01-25
13855,2264456,2,2005-01-28
13855,468280,4,2005-03-28
13855,2537543,1,2005-04-18
13855,363608,4,2005-05-15
13855,945594,5,2005-06-14
13855,445533,3,2005-08-26
13855,647880,3,2004-01-14
13855,2133317,4,2004-10-15
13855,2335640,3,2004-12-21
13855,2057875,5,2005-01-10
13855,2349520,5,2005-02-01
13855,1929457,5,2005-12-03
13855,1693171,3,2005-08-15
13855,2377222,5,2004-02-08
13855,886905,3,2005-08-23
13855,361313,4,2004-12-06
13855,121996,4,2004-12-07
13855,1528266,5,2004-12-20
13855,1655656,4,2005-01-29
13855,241083,5,2005-03-20
13855,1852058,3,2005-11-24
13855,1099221,4,2005-07-12
13855,2083367,4,2003-07-22
13855,2250323,2,2003-07-26
13855,2012052,5,2004-08-26
13855,186411,5,2004-11-05
13855,2055810,4,2005-03-28
13855,1025593,5,2005-04-25
13855,2515390,5,2005-05-22
13855,1606589,4,2005-11-11
13855,757420,3,2005-11-16
13855,1941811,4,2004-04-19
13855,1388915,4,2003-08-26
13855,1100040,2,2004-06-02
13855,602628,2,2004-09-17
13855,2150751,4,2004-11-30
13855,66892,5,2003-12-26
13855,855852,3,2004-01-19
13855,2617068,5,2004-09-29
13855,659526,4,2005-05-27
13855,1296336,4,2005-06-09
13855,2145466,4,2005-10-03
13855,1641214,5,2005-11-06
13855,1470123,2,2005-11-29
13855,1093988,4,2005-12-08
13855,1912423,1,2005-12-29
13855,1595688,3,2005-08-25
13855,143120,5,2004-10-09
13855,16364,4,2005-01-07
13855,1163868,4,2005-10-28
13855,1463115,4,2005-07-15
13855,1032165,5,2003-07-08
13855,387222,5,2004-04-07
13855,373103,5,2004-09-11
13855,1745200,4,2004-03-01
13855,434308,3,2004-09-26
13855,43271,4,2004-11-29
13855,479989,4,2005-01-08
13855,1325888,3,2005-03-01
13855,1641147,3,2005-10-10
13855,2510089,2,2004-03-02
13855,624071,4,2004-01-13
13855,788698,5,2003-11-11
13855,547429,5,2005-01-25
13855,2409367,4,2005-03-27
13855,1684416,2,2005-04-26
13855,1664010,5,2005-10-14
13855,927953,4,2005-10-15
13855,1704146,4,2005-12-05
13855,2013922,4,2005-07-28
13855,1383690,5,2004-10-01
13855,1262542,5,2005-09-16
13855,1819300,3,2005-10-27
13855,2564085,4,2005-12-07
13855,919823,3,2004-07-01
13855,1785327,4,2004-03-22
13855,2141427,4,2004-12-02
13855,1801559,2,2005-02-22
13855,1828574,5,2005-05-28
13855,984085,4,2005-10-01
13855,2613213,4,2005-06-08
13855,1947714,4,2005-10-19
13855,1498149,4,2005-07-20
13855,2221307,5,2005-08-02
13855,547521,5,2004-06-01
13855,1207990,5,2005-01-24
13855,1270100,4,2004-11-03
13855,2080795,2,2004-11-12
13855,1419259,5,2005-04-30
13855,324423,5,2005-09-22
13855,1615158,5,2005-09-27
13855,725549,4,2003-10-21
13855,2631480,5,2004-09-04
13855,627995,3,2004-09-27
13855,2350502,2,2004-09-29
13855,504243,4,2004-11-01
13855,1519717,3,2004-11-21
13855,464269,4,2005-03-01
13855,1470064,4,2005-10-27
13855,1628041,4,2005-11-11
13855,2458451,5,2005-08-05
13855,1985181,4,2004-06-03
13855,1136842,1,2004-08-05
13855,2241247,5,2005-06-05
13855,1217553,3,2005-11-27
13855,1365319,5,2003-07-07
13855,2009894,5,2003-12-09
13855,1292190,3,2003-10-20
13855,1976306,3,2005-01-06
13855,865847,1,2005-07-02
13855,802944,4,2005-10-20
13855,1818813,3,2005-10-26
13855,954410,5,2005-07-19
13855,963611,4,2004-01-07
13855,438579,5,2003-09-19
13855,665985,4,2003-10-25
13855,1303591,3,2004-10-05
13855,1940105,4,2004-11-02
13855,498507,4,2005-04-14
13855,1730088,3,2005-10-12
13855,2493474,5,2005-12-14
13855,89360,3,2003-12-10
13855,401455,5,2005-06-14
13855,3728,4,2004-11-11
13855,273641,5,2005-01-13
13855,983272,3,2005-03-10
13855,1040259,3,2005-08-01
13855,2406078,1,2005-08-08
13855,205438,4,2005-08-11
13855,2075326,3,2005-03-29
13855,429034,5,2005-12-19
13855,1848868,4,2003-08-14
13855,1803723,2,2005-03-17
13855,2616187,3,2005-09-08
13855,866475,3,2004-03-09
13855,1425680,5,2004-10-07
13855,1115332,3,2005-01-12
13855,1935592,4,2005-04-04
13855,1190391,4,2005-05-28
13855,590071,4,2005-06-10
13855,1177848,4,2005-11-03
13855,289419,3,2005-11-22
13855,318409,4,2004-06-27
13855,408114,2,2005-05-31
13855,109831,4,2003-07-16
13855,2244725,4,2004-02-17
13855,202925,4,2005-09-20
13855,1989720,3,2005-10-01
13855,2106433,3,2005-08-04
13855,697474,5,2003-10-29
13855,2044807,4,2004-07-17
13855,2331215,2,2005-04-06
13855,183962,5,2005-09-24
13855,1601193,3,2005-11-22
13855,1928223,4,2005-07-06
13855,1400057,4,2005-07-11
13855,2135531,4,2003-08-08
13855,1004396,4,2005-07-21
13855,1346930,5,2004-03-18
13855,2445102,5,2004-12-02
13855,302958,5,2005-03-09
13855,334857,5,2005-05-17
13855,2219240,4,2005-09-05
13855,1036358,2,2004-01-15
13855,1612297,4,2004-02-28
13855,899682,4,2005-01-19
13855,615720,4,2005-04-06
13855,825224,4,2005-09-29
13855,2601377,3,2003-12-16
13855,248468,3,2003-09-24
13855,1046104,1,2004-05-29
13855,849715,3,2005-08-28
13855,935708,3,2003-07-23
13855,354881,3,2004-07-01
13855,471215,5,2004-08-09
13855,376024,5,2005-04-18
13855,1450391,5,2005-04-21
13855,1370695,2,2005-06-14
13855,1431663,3,2005-10-30
13855,2471312,5,2005-11-21
13855,2291306,3,2004-02-19
13855,1399712,5,2005-04-11
13855,1877497,4,2003-09-15
13855,2024522,2,2004-08-17
13855,1146402,4,2003-12-09
13855,502918,5,2004-12-20
13855,1535401,3,2005-04-04
13855,2634074,3,2005-10-24
13855,1331818,3,2005-07-20
13855,2485577,4,2004-11-04
13855,2550711,4,2004-11-22
13855,2225743,1,2005-02-10
13855,1699551,5,2005-02-10
13855,908136,5,2005-04-05
13855,1968102,4,2005-12-25
13855,1277662,5,2005-08-03
13855,1553768,4,2005-08-15
13855,707563,4,2004-07-11
13855,433342,5,2005-02-08
13855,1628621,5,2005-06-23
13855,2503369,3,2005-12-01
13855,576723,4,2005-04-12
13855,247436,5,2005-10-20
13855,2206773,5,2005-12-19
13855,681961,2,2005-04-05
13855,2212602,4,2004-10-30
13855,2464456,4,2005-04-13
13855,1755886,4,2005-05-12
13855,1957273,4,2005-09-12
13855,657197,4,2005-10-07
13855,2132263,4,2005-11-08
13855,1957291,5,2005-07-15
13855,2331421,4,2003-09-20
13855,1683958,5,2003-08-08
13855,733016,4,2005-08-15
13855,771983,5,2005-09-06
13855,528046,5,2004-09-20
13855,1232297,3,2005-05-02
13855,563705,1,2005-11-04
13855,1258732,2,2005-11-19
13855,506179,3,2005-11-19
13855,1254363,5,2003-09-28
13855,1591925,3,2005-08-08
13855,56276,3,2004-05-26
13855,537998,4,2004-01-20
13855,66540,4,2004-05-27
13855,1197388,4,2004-11-10
13855,2202801,1,2004-11-18
13855,1272480,3,2004-12-16
13855,1842184,5,2005-01-10
13855,188676,4,2005-01-19
13855,834344,3,2005-03-04
13855,696431,5,2005-06-14
13855,434561,2,2005-10-09
13855,1577401,5,2004-09-04
13855,367289,5,2004-08-12
13855,1197375,5,2004-09-29
13855,333,5,2004-10-28
13855,920065,1,2004-12-22
13855,364980,4,2005-01-27
13855,746044,5,2005-09-29
13855,2028898,2,2003-08-30
13855,276549,5,2005-09-09
13855,1386234,4,2004-10-04
13855,1147583,4,2005-12-07
13855,1520884,4,2005-12-19
13855,1984315,3,2005-07-18
13855,1837447,5,2003-10-21
13855,523957,5,2004-03-26
13855,1107753,4,2004-09-24
13855,731469,4,2005-05-23
13855,1332214,4,2005-09-23
13855,522450,5,2005-10-08
13855,2127205,4,2003-10-28
13855,1147677,4,2004-09-04
13855,745527,4,2005-08-23
13855,1169796,4,2004-05-15
13855,1214181,4,2003-07-17
13855,1725515,5,2003-07-07
13855,2256485,2,2004-11-29
13855,1349389,4,2004-02-25
13855,1267441,5,2005-08-24
13855,2280741,2,2004-10-16
13855,1492860,4,2004-12-08
13855,1645778,5,2005-12-02
13855,1181703,4,2004-08-05
13855,2616470,4,2005-08-30
13855,2223513,3,2004-04-16
13855,2263070,2,2004-11-01
13855,1299887,4,2005-02-17
13855,2580986,4,2005-12-06
13855,380149,4,2003-08-14
13855,798296,5,2003-08-13
13855,465743,5,2004-07-26
13855,1177133,4,2004-02-23
13855,2622719,4,2004-01-02
13855,355278,3,2004-12-31
13855,1611412,5,2005-04-22
13855,2519758,4,2005-10-04
13855,206564,4,2005-05-11
13855,64743,4,2005-05-14
13855,2616287,3,2004-10-12
13855,1088988,4,2005-06-09
13855,60973,5,2005-06-27
13855,1595251,5,2005-07-06
13855,724097,3,2005-07-17
13855,2412630,5,2003-12-02
13855,1504451,5,2004-10-30
13855,1116428,4,2005-03-02
13855,531782,3,2005-10-08
13855,344201,4,2004-06-06
13855,2384329,5,2005-03-16
13855,1818865,3,2005-09-12
13855,1622587,4,2005-12-23
13855,538741,3,2005-07-25
13855,2360456,5,2005-08-21
13855,1472020,4,2004-02-20
13855,1821155,4,2004-08-17
13855,2028530,5,2004-09-12
13855,1749597,3,2005-12-29
13855,2591003,5,2003-11-13
13855,2572311,5,2004-01-25
13855,34413,4,2004-10-15
13855,852418,3,2005-02-14
13855,692018,4,2005-05-25
13855,1201988,5,2005-12-05
13855,1369063,4,2005-08-06
13855,408160,4,2005-08-08
13855,49037,3,2003-07-30
13855,1009033,4,2004-07-13
13855,666659,3,2004-03-05
13855,487236,4,2004-07-19
13855,69653,4,2005-10-01
13855,1241661,3,2005-07-19
13855,305344,1,2003-07-12
13855,404726,3,2005-04-26
13855,1053026,5,2005-06-03
13855,1470113,4,2004-10-21
13855,1997987,5,2005-02-25
13855,1954917,4,2005-11-02
13855,2048620,2,2003-07-07
13855,2043854,4,2004-07-13
13855,1107752,4,2005-04-25
13855,596799,3,2005-05-24
13855,417346,4,2005-05-25
13855,1880556,3,2004-01-19
13855,1007468,1,2004-02-03
13855,1851609,4,2004-10-19
13855,1264970,2,2005-03-22
13855,1523710,4,2005-04-13
13855,2276790,3,2005-06-21
13855,1614522,5,2005-11-28
13855,1006672,5,2003-10-13
13855,1474508,4,2003-12-19
13855,1824358,4,2003-11-03
13855,2004485,4,2003-12-27
13855,1910719,2,2003-10-06
13855,2172509,3,2005-04-16
13855,547874,5,2005-07-25
13855,256278,4,2004-02-23
13855,2294689,3,2003-07-13
13855,1986877,4,2004-03-09
13855,36195,2,2004-07-01
13855,2612453,4,2005-04-05
13855,1744653,5,2005-05-24
13855,1515440,4,2005-08-12
13855,1315290,3,2005-02-19
13855,774602,4,2004-09-20
13855,2435658,3,2004-12-07
13855,1308112,5,2005-03-28
13855,414455,5,2005-07-12
13855,1793540,4,2005-08-08
13855,2625733,5,2004-07-18
13855,264991,5,2004-10-02
13855,2040501,4,2004-12-23
13855,2136338,4,2005-01-20
13855,1243579,4,2005-03-06
13855,2288409,3,2005-04-12
13855,1252466,5,2005-11-20
13855,1865701,4,2005-06-21
13855,2178278,4,2005-07-22
13855,26101,3,2003-11-13
13855,740127,4,2004-09-27
13855,1442887,3,2004-12-12
13855,228539,3,2005-04-12
13855,1444287,5,2004-08-10
13855,1382872,3,2004-08-09
13855,1217672,4,2005-02-02
13855,1764595,3,2005-03-15
13855,5980,3,2005-04-28
13855,2315012,1,2005-07-06
13855,1011513,4,2005-07-20
13855,310027,5,2005-08-10
13855,890165,4,2004-04-28
13855,484464,2,2004-05-17
13855,546195,4,2004-09-23
13855,1979820,4,2005-01-20
13855,609451,4,2005-05-23
13855,627048,5,2005-09-28
13855,492002,5,2005-07-25
13855,829561,2,2005-03-26
13855,1976973,5,2005-05-18
13855,1769985,3,2005-06-09
13855,2179097,5,2005-09-28
13855,2012618,4,2004-12-14
13855,159159,5,2005-05-25
13855,1420392,4,2005-08-06
13855,1675680,4,2003-11-19
13855,2282751,5,2004-12-22
13855,1977824,5,2005-05-29
13855,1775569,4,2005-12-16
13855,2105004,3,2004-05-11
13855,1398124,2,2004-06-09
13855,2518760,3,2005-02-02
13855,1960798,5,2005-03-14
13855,546619,5,2005-12-06
13855,517454,3,2005-07-08
13855,544011,3,2005-07-13
13855,113139,4,2004-02-13
13855,1897184,4,2005-01-05
13855,340447,5,2005-01-28
13855,1431356,3,2005-05-03
13855,1900952,1,2005-09-20
13855,859765,5,2005-11-06
13855,1934002,1,2005-12-10
13855,516734,2,2003-08-18
13855,888647,4,2005-09-19
13855,637118,3,2004-06-16
13855,2557152,4,2005-01-26
13855,240232,2,2005-11-23
13855,776353,3,2005-12-21
13855,615047,3,2005-07-12
13855,1391691,3,2004-08-10
13855,459103,1,2005-08-15
13855,1717979,3,2004-12-10
13855,1580032,5,2005-03-27
13855,1100595,5,2005-09-27
13855,924504,4,2005-08-06
13855,1741802,5,2003-08-05
13855,334222,5,2004-12-14
13855,1995406,4,2005-02-21
13855,956297,4,2005-05-19
13855,1413792,5,2005-11-21
13855,507873,1,2005-04-14
13855,1028151,4,2005-05-04
13855,2565022,4,2005-06-01
13855,2072257,3,2005-06-15
13855,2216658,4,2005-11-21
13855,1433110,3,2004-01-09
13855,973801,4,2003-10-08
13855,690777,5,2004-08-11
13855,1526765,5,2005-01-26
13855,569689,4,2005-02-04
13855,713559,5,2005-09-24
13855,1089037,2,2004-08-03
13855,812617,4,2004-07-12
13855,425469,2,2003-10-23
13855,929903,3,2004-02-02
13855,2083245,5,2004-10-19
13855,2480629,5,2004-12-08
13855,1783296,3,2005-01-27
13855,1183927,3,2005-06-08
13855,4597,2,2004-11-05
13855,603543,3,2004-11-24
13855,326356,4,2005-01-25
13855,915643,4,2005-03-10
13855,2605904,5,2005-09-29
13855,433234,4,2005-10-05
13855,1654591,5,2005-11-25
13855,508647,4,2005-11-28
13855,2550962,3,2005-09-01
13855,471654,5,2005-03-03
13855,1008039,5,2003-08-05
13855,1407062,2,2004-10-26
13855,2394071,4,2005-03-15
13855,2580333,5,2005-05-25
13855,899174,4,2005-06-03
13855,2267849,4,2005-08-09
13855,140284,4,2004-01-06
13855,398887,4,2004-02-20
13855,612666,3,2004-09-03
13855,1188955,3,2005-01-30
13855,1814870,2,2005-05-13
13855,1625122,3,2005-08-30
13855,985009,4,2004-10-31
13855,1723989,4,2004-11-10
13855,1784184,3,2005-11-24
13855,796178,5,2005-07-07
13855,2254502,3,2003-07-17
13855,447206,4,2003-10-06
13855,1792597,4,2005-08-16
13855,643153,4,2004-09-24
13855,1253964,4,2004-09-29
13855,474521,5,2005-03-23
13855,1385316,5,2003-10-24
13855,702177,4,2003-10-03
13855,1605846,4,2004-06-16
13855,2126762,4,2004-01-28
13855,1658614,5,2004-01-21
13855,230265,4,2005-02-22
13855,263397,4,2005-02-22
13855,1520183,3,2005-06-27
13855,438688,5,2005-07-27
13855,761430,5,2004-10-29
13855,1544780,4,2005-01-19
13855,772798,5,2005-09-18
13855,828344,4,2005-12-17
13855,2153063,5,2004-04-19
13855,522848,4,2005-05-11
13855,2002974,5,2005-09-16
13855,530891,4,2004-01-14
13855,424674,4,2005-03-21
13855,1949855,4,2005-10-12
13855,2118461,5,2005-10-27
13855,1343009,3,2005-11-04
13855,2204903,5,2005-12-15
13855,2217242,4,2004-06-27
13855,1179801,4,2004-04-05
13855,1418521,3,2005-08-29
13855,676013,5,2005-02-28
13855,862852,3,2004-09-20
13855,1574397,5,2005-05-04
13855,1593343,3,2005-05-11
13855,168523,2,2005-12-09
13855,387418,3,2003-08-21
13855,1923886,5,2004-04-25
13855,1840778,3,2004-04-27
13855,1609056,3,2004-11-02
13855,1510379,4,2005-10-30
13855,950903,3,2005-11-02
13855,256660,4,2005-07-13
13855,510975,4,2003-08-23
13855,1543836,4,2003-06-30
13855,398239,5,2003-07-30
13855,49556,3,2004-04-18
13855,1943182,4,2004-03-07
13855,444517,4,2005-02-02
13855,1624556,3,2005-05-25
13855,2315220,5,2005-09-12
13855,2209865,3,2005-12-27
13855,2375867,4,2005-07-29
13855,2520933,4,2005-02-19
13855,607897,5,2005-03-08
13855,590473,4,2005-04-28
13855,1367304,2,2005-10-22
13855,1405915,4,2005-12-12
13855,762651,5,2004-01-17
13855,1560940,4,2004-10-29
13855,1845061,4,2004-12-09
13855,2540964,3,2005-01-10
13855,2349263,2,2005-03-29
13855,2098185,5,2005-05-16
13855,1791064,4,2005-06-07
13855,1738116,3,2004-12-20
13855,164942,5,2005-02-28
13855,43422,4,2005-04-27
13855,693542,5,2005-06-15
13855,319529,4,2005-10-16
13855,1414900,1,2005-11-29
13855,794999,5,2004-06-22
13855,1271985,4,2004-07-13
13855,2153721,3,2005-01-24
13855,994924,2,2005-02-15
13855,2296816,4,2005-03-07
13855,495174,4,2005-03-07
13855,2190996,3,2005-05-03
13855,1971428,1,2005-07-02
13855,2387950,4,2003-09-06
13855,2364743,2,2004-01-28
13855,79989,5,2005-03-15
13855,1229494,5,2005-06-02
13855,983587,4,2005-06-26
13855,343300,3,2005-09-06
13855,412528,3,2005-11-30
13855,2265729,3,2003-07-01
13855,168828,4,2004-01-06
13855,1663694,2,2004-04-24
13855,1663888,3,2004-03-25
13855,1966687,3,2004-04-19
13855,1257336,1,2004-11-30
13855,345437,3,2005-01-04
13855,364238,3,2005-07-11
13855,1461435,1,2003-07-11
13855,680004,4,2003-07-07
13855,2253616,3,2005-03-01
13855,2365398,5,2005-10-25
13855,1093270,2,2003-12-15
13855,1865929,3,2004-02-24
13855,1984465,5,2004-10-18
13855,715770,4,2004-11-14
13855,560599,5,2004-11-16
13855,2347696,1,2004-11-16
13855,947104,3,2005-12-02
13855,587590,3,2005-12-03
13855,899498,4,2005-08-13
13855,1050130,4,2005-08-22
13855,1057992,3,2004-09-28
13855,620143,5,2005-02-09
13855,918773,4,2004-03-15
13855,1150431,5,2004-09-20
13855,736233,3,2005-01-28
13855,2502834,4,2005-02-24
13855,1496865,5,2005-03-19
13855,1407182,3,2005-03-21
13855,323431,5,2005-11-02
13855,86394,5,2004-02-02
13855,333843,4,2004-03-20
13855,1851578,5,2005-06-23
13855,601331,5,2005-11-03
13855,1770199,2,2005-07-31
13855,101554,5,2004-01-31
13855,1085820,3,2005-01-05
13855,2463846,5,2005-01-27
13855,2561084,4,2005-04-04
13855,761623,5,2003-07-08
13855,1659075,3,2005-09-02
13855,135215,4,2005-03-04
13855,2055388,4,2005-04-24
13855,2462855,5,2005-06-21
13855,586659,5,2005-12-17
13855,1141769,4,2005-07-24
13855,1573062,3,2003-12-30
13855,790471,4,2004-09-23
13855,2143500,2,2004-12-29
13855,2621645,4,2005-03-13
13855,383938,4,2005-10-28
13855,1797765,3,2005-07-05
13855,1241819,5,2005-07-16
13855,2537488,5,2004-02-05
13855,1981425,3,2005-06-21
13855,38955,2,2005-10-30
13855,1202734,4,2005-08-05
13855,1592647,3,2003-11-24
13855,1963140,5,2003-12-20
13855,1329687,1,2004-10-27
13855,849144,3,2005-04-04
13855,344622,2,2005-11-15
13855,2274465,5,2005-11-21
13855,67047,4,2004-01-13
13855,338733,4,2003-10-22
13855,391996,5,2005-02-10
13855,1137159,3,2005-03-28
13855,2261467,3,2005-06-28
13855,550101,4,2005-10-12
13855,1440251,1,2004-08-23
13855,423986,4,2005-01-09
13855,760943,4,2005-09-10
13855,40136,4,2005-04-18
13855,671342,5,2005-08-14
13855,1707198,3,2003-12-24
13855,1112365,1,2004-11-11
13855,717414,4,2005-01-12
13855,2192745,4,2005-02-07
13855,461552,2,2005-03-07
13855,1852040,2,2005-03-09
13855,1456244,4,2005-10-19
13855,2527386,4,2005-07-18
13855,2345605,4,2005-07-27
13855,1162672,4,2004-02-15
13855,2495357,2,2004-08-12
13855,791523,4,2005-03-23
13855,2206991,4,2005-10-17
13855,680550,3,2005-10-29
13855,1810042,3,2003-10-26
13855,651252,3,2004-02-24
13855,1256654,5,2004-10-25
13855,441248,4,2004-11-07
13855,1273323,4,2005-05-31
13855,1619822,4,2005-06-20
13855,1241598,3,2005-06-30
13855,2277203,4,2005-07-18
13855,1191367,4,2003-08-11
13855,1366326,4,2004-04-20
13855,1911099,5,2005-03-01
13855,224933,4,2004-01-14
13855,517335,2,2004-05-26
13855,1162805,3,2004-10-11
13855,2458072,5,2005-05-01
13855,1147738,5,2005-06-30
13855,896925,4,2005-12-09
13855,2101435,3,2005-12-31
13855,1693762,3,2004-01-07
13855,1312689,3,2003-09-04
13855,1037090,2,2004-01-17
13855,892961,2,2003-08-14
13855,349743,5,2003-12-12
13855,723448,4,2004-11-08
13855,1191319,4,2004-11-22
13855,963766,4,2004-11-29
13855,1513348,5,2004-12-22
13855,189940,3,2004-12-28
13855,356103,4,2003-07-30
13855,693397,4,2004-06-01
13855,1532085,4,2003-12-28
13855,2242356,5,2005-03-16
13855,948109,3,2005-09-21
13855,24059,4,2005-09-03
13855,846971,4,2004-09-09
13855,1316136,5,2003-10-18
13855,948376,2,2004-02-03
13855,1915716,5,2005-05-04
13855,1561647,4,2003-07-01
13855,2170453,5,2004-07-05
13855,1683055,5,2004-09-12
13855,255120,3,2005-05-05
13855,2019186,3,2005-07-01
13855,1141065,3,2005-10-07
13855,2448838,5,2004-06-17
13855,946102,5,2005-08-10
13855,494741,4,2005-08-29
13855,884171,3,2004-03-20
13855,2062455,5,2004-10-19
13855,292741,5,2004-11-22
13855,1400108,5,2005-01-10
13855,1992341,5,2005-06-08
13855,473923,1,2005-06-28
13855,822098,3,2004-12-29
13855,1552802,4,2005-01-25
13855,863782,5,2005-04-28
13855,196584,4,2005-04-28
