11324,874115,3,2005-05-18
11324,1516555,3,2005-06-19
11324,2625420,2,2005-03-16
11324,1650301,2,2005-05-23
11324,2295138,3,2005-05-30
11324,2226053,3,2005-06-29
11324,165383,5,2005-03-08
11324,633894,5,2005-01-19
11324,1216253,5,2005-04-04
11324,444370,2,2005-04-12
11324,30388,3,2005-04-18
11324,1418772,4,2004-12-16
11324,1857997,5,2004-11-23
11324,1471460,3,2005-04-29
11324,2533024,4,2005-07-28
11324,1018942,2,2005-02-18
11324,2506903,5,2005-12-07
11324,823110,4,2005-03-27
11324,2337382,4,2005-04-16
11324,830282,3,2005-04-26
11324,1725053,3,2004-12-12
11324,727242,1,2005-01-24
11324,2611980,1,2005-01-26
11324,2101662,4,2005-02-13
11324,810809,3,2005-02-14
11324,438290,4,2005-07-02
11324,1258163,2,2005-11-05
11324,1768970,4,2005-08-04
11324,2466815,5,2005-07-17
11324,1425332,4,2004-11-23
11324,1792741,1,2005-02-10
11324,1314869,1,2005-02-10
11324,1377848,5,2005-07-19
11324,521985,1,2004-12-15
11324,473817,5,2005-02-02
11324,2194223,5,2005-03-07
11324,2067447,5,2004-10-19
11324,928664,4,2005-03-01
11324,2156198,5,2005-11-28
11324,2439493,1,2004-10-10
11324,929476,4,2005-06-13
11324,676684,4,2005-04-11
11324,630637,4,2005-05-30
11324,1433743,3,2005-10-11
11324,1563935,1,2005-08-15
11324,1392697,4,2005-04-13
11324,1862004,5,2005-06-01
11324,1340936,5,2005-10-04
11324,139407,4,2005-02-16
11324,1658172,3,2005-05-01
11324,1611477,5,2005-06-12
11324,2178598,5,2005-07-07
11324,1717145,4,2005-07-29
11324,410078,4,2004-12-09
11324,1427387,3,2005-12-07
11324,2251317,3,2005-02-02
11324,1093198,2,2005-06-06
11324,647462,5,2005-05-17
11324,1832101,5,2005-10-14
11324,39533,4,2005-07-07
11324,376881,3,2005-05-01
11324,2133551,4,2005-07-26
11324,226422,3,2005-10-07
11324,787779,3,2005-01-08
11324,769702,1,2005-02-26
11324,1145552,3,2005-06-07
11324,688132,5,2005-07-19
11324,1421208,4,2005-09-04
11324,982790,5,2005-10-29
11324,1105029,2,2004-11-29
11324,394926,5,2005-05-09
11324,204177,3,2005-05-27
11324,184178,5,2005-06-01
11324,1046844,4,2005-07-24
11324,1905560,3,2005-02-23
11324,246624,2,2004-12-14
11324,1329746,5,2004-12-27
11324,660585,5,2005-01-13
11324,220183,4,2005-02-22
11324,2054183,4,2005-01-26
11324,1024289,5,2005-06-10
11324,659150,5,2005-09-21
11324,507603,1,2005-07-31
11324,1259220,3,2005-11-05
11324,1640354,4,2005-02-03
11324,1075759,4,2005-03-20
11324,2637755,2,2005-04-27
11324,529545,1,2005-02-14
11324,62328,4,2005-10-01
11324,2552319,1,2005-04-03
11324,2580679,5,2004-11-27
11324,174972,3,2004-12-14
11324,1685134,5,2005-02-09
11324,1650580,4,2004-12-05
11324,156276,2,2005-09-14
11324,1643021,2,2005-02-08
11324,708802,4,2005-06-15
11324,818416,4,2005-07-04
11324,1497593,5,2005-01-08
11324,803489,4,2005-06-13
11324,1664010,5,2005-10-12
11324,1367460,3,2005-06-06
11324,1794853,4,2005-11-13
11324,1905364,5,2005-09-06
11324,1148602,5,2005-06-09
11324,2422741,2,2005-08-29
11324,803610,4,2004-12-27
11324,1198196,4,2004-12-15
11324,762194,5,2005-08-26
11324,462171,3,2005-01-08
11324,1736476,4,2005-07-31
11324,1888070,5,2005-09-30
11324,738885,3,2004-12-08
11324,970269,4,2004-12-11
11324,68979,4,2005-03-13
11324,1098510,3,2005-04-21
11324,1474258,3,2005-08-20
11324,210140,3,2005-07-08
11324,2216966,3,2005-08-31
11324,2366024,5,2005-03-17
11324,516781,3,2005-01-19
11324,918600,4,2005-08-05
11324,1312448,2,2005-03-13
11324,533713,4,2005-11-27
11324,2508906,5,2005-10-20
11324,746083,2,2005-09-18
11324,474659,3,2005-02-05
11324,1399457,4,2005-07-21
11324,1144332,5,2004-11-30
11324,994274,4,2004-11-25
11324,2262039,4,2005-10-25
11324,2409146,4,2005-09-27
11324,1772901,4,2004-11-29
11324,1233226,4,2005-02-25
11324,1857889,2,2005-10-18
11324,2606799,2,2005-01-31
11324,673896,2,2004-12-28
11324,2256485,1,2005-03-21
11324,1403525,3,2005-01-10
11324,459838,4,2004-12-11
11324,1035502,3,2005-11-29
11324,2382719,5,2005-04-17
11324,369765,3,2005-08-28
11324,888053,3,2005-04-26
11324,2333918,5,2004-10-06
11324,2616054,4,2004-12-14
11324,226048,4,2004-09-29
11324,2055282,5,2004-10-29
11324,581281,4,2005-10-30
11324,1916360,5,2005-12-29
11324,945617,5,2005-01-19
11324,1637403,3,2005-02-03
11324,305344,1,2004-11-23
11324,2166180,4,2005-04-08
11324,501028,5,2005-12-17
11324,651524,5,2005-07-13
11324,395853,4,2005-05-06
11324,1891948,5,2005-06-12
11324,1548841,4,2005-01-03
11324,520371,4,2005-04-03
11324,1562632,4,2005-05-23
11324,966330,4,2004-12-30
11324,613510,4,2005-10-27
11324,897180,4,2005-07-06
11324,697745,4,2005-10-20
11324,2142152,3,2005-11-24
11324,267818,5,2005-08-13
11324,2504976,3,2005-07-04
11324,88009,4,2005-10-25
11324,2426691,3,2005-10-29
11324,697231,3,2004-12-07
11324,1134088,3,2005-05-08
11324,660871,3,2005-01-06
11324,218926,4,2005-05-29
11324,2504134,3,2005-06-11
11324,821832,4,2005-08-02
11324,1496309,4,2005-03-09
11324,2467794,4,2005-11-28
11324,302887,5,2004-12-14
11324,2274015,4,2005-02-26
11324,1774163,5,2005-10-13
11324,374259,4,2005-03-13
11324,2600739,1,2005-07-08
11324,463937,5,2005-07-30
11324,447503,4,2005-02-06
11324,397916,4,2005-02-01
11324,2532208,5,2005-04-22
11324,677565,4,2005-01-05
11324,2176465,1,2005-02-25
11324,1178454,5,2005-05-24
11324,1661735,4,2005-11-08
11324,339482,4,2005-07-20
11324,1374899,1,2005-02-10
11324,2315006,2,2005-02-14
11324,1691171,2,2005-10-28
11324,200713,4,2004-11-09
11324,2192840,1,2005-07-03
11324,906040,4,2005-05-10
11324,2033576,5,2005-09-02
11324,2118461,5,2005-10-24
11324,2187803,3,2005-04-10
11324,387418,1,2004-11-19
11324,1491023,5,2005-02-02
11324,1402285,3,2005-05-08
11324,1009839,4,2005-05-12
11324,1290916,3,2005-07-31
11324,108176,4,2004-12-16
11324,1932594,2,2005-01-22
11324,2029676,3,2005-05-31
11324,1410395,4,2005-06-06
11324,1160597,5,2005-01-02
11324,1185828,1,2005-03-08
11324,2490540,3,2004-12-19
11324,1982279,4,2005-01-24
11324,1961167,4,2005-03-04
11324,381142,5,2005-06-16
11324,694737,4,2005-02-24
11324,1528081,5,2004-12-31
11324,1224357,3,2005-01-13
11324,1533580,3,2005-11-18
11324,466669,5,2005-07-10
11324,1515355,5,2004-11-24
11324,1934527,4,2005-05-25
11324,1721952,3,2004-12-12
11324,2027131,4,2005-01-10
11324,577270,3,2005-03-26
11324,518137,4,2004-11-03
11324,535008,4,2004-12-01
11324,1423985,5,2005-10-27
11324,2268948,3,2005-07-18
11324,2255608,5,2005-01-04
11324,2057604,5,2005-06-23
11324,267294,5,2005-08-07
11324,94787,1,2005-07-22
11324,515436,1,2005-02-13
11324,2327323,3,2005-02-23
11324,1013464,4,2005-03-31
11324,1754164,4,2004-11-22
11324,443447,4,2005-05-12
11324,2103135,4,2005-02-10
11324,1875010,4,2005-03-27
11324,847817,3,2005-03-08
11324,2080535,4,2005-03-31
11324,2602754,4,2005-06-21
11324,2634967,1,2005-01-10
11324,208724,2,2004-12-18
11324,1203467,1,2005-02-24
11324,221577,5,2005-12-16
