17493,339532,2,2005-07-20
17493,160876,5,2005-08-24
17493,1268697,3,2004-10-25
17493,1700914,5,2005-05-15
17493,1550446,3,2004-11-01
17493,2015764,4,2005-02-07
17493,441324,2,2005-03-21
17493,1982309,5,2005-09-26
17493,2608816,3,2005-12-27
17493,2207774,5,2005-02-03
17493,2264425,4,2005-09-27
17493,1947275,5,2005-08-26
17493,1881486,2,2005-09-01
17493,1887630,3,2005-04-29
17493,1654509,5,2005-06-22
17493,1375578,1,2005-07-12
17493,189023,1,2004-10-05
17493,2585184,4,2005-08-22
17493,294227,2,2004-10-25
17493,704012,4,2005-01-20
17493,1014554,4,2005-10-23
17493,1680423,4,2005-01-23
17493,2394097,5,2005-07-21
17493,2632468,3,2004-11-16
17493,1378685,2,2005-04-15
17493,1280726,3,2005-05-31
17493,1251482,5,2005-08-19
17493,282665,2,2004-11-09
17493,2627263,2,2005-12-08
17493,1049943,4,2005-08-08
17493,1230680,4,2005-09-17
17493,1204847,2,2005-11-10
17493,1943596,3,2005-08-04
17493,297521,3,2004-10-04
17493,1975561,4,2005-04-19
17493,480759,2,2005-12-04
17493,1680042,3,2005-12-17
17493,1784150,1,2004-12-22
17493,65127,5,2005-02-05
17493,1247807,5,2005-03-01
17493,2221430,3,2005-03-09
17493,1967331,3,2005-03-20
17493,1164869,3,2005-07-05
17493,2616232,3,2005-09-07
17493,1471904,3,2005-10-07
17493,885414,4,2005-05-28
17493,595054,1,2005-06-21
17493,688892,5,2005-10-14
17493,2043555,2,2005-11-30
17493,819280,3,2004-11-27
17493,2103029,4,2005-08-10
17493,374858,1,2004-12-25
17493,2197411,2,2005-04-06
17493,1338771,4,2004-12-09
17493,962384,1,2005-09-13
17493,1778714,1,2005-10-06
17493,1801037,2,2005-03-13
17493,2229919,3,2005-06-11
17493,1574264,5,2005-09-30
17493,1295056,4,2005-06-18
17493,290813,3,2005-03-01
17493,528522,5,2005-11-06
17493,2536765,4,2004-09-29
17493,727242,1,2004-12-06
17493,2401053,4,2005-03-03
17493,97463,5,2005-09-20
17493,313641,3,2005-10-05
17493,2539332,4,2005-11-01
17493,2374726,1,2005-12-22
17493,1030857,5,2005-08-10
17493,1373580,5,2005-09-15
17493,155271,5,2005-12-21
17493,1468354,2,2004-10-29
17493,708088,1,2005-06-15
17493,704223,2,2005-10-13
17493,410924,3,2005-08-31
17493,961262,2,2004-11-03
17493,357781,3,2005-12-03
17493,1872033,5,2005-07-06
17493,2112205,5,2004-10-23
17493,2372819,3,2005-01-24
17493,2375416,1,2005-12-12
17493,1314869,1,2005-04-21
17493,720024,4,2004-09-07
17493,1240240,3,2005-02-08
17493,2499955,4,2005-10-27
17493,500474,4,2005-03-14
17493,421988,5,2005-12-01
17493,684951,5,2004-08-16
17493,2464431,5,2004-09-13
17493,853491,1,2005-01-10
17493,320474,3,2004-09-07
17493,2391686,4,2004-09-12
17493,2241800,4,2004-11-29
17493,265634,3,2005-10-22
17493,2439493,1,2004-10-23
17493,1269561,3,2005-09-28
17493,1012498,4,2005-07-26
17493,1478210,4,2005-07-27
17493,1602636,4,2005-02-05
17493,1430920,3,2005-05-31
17493,2009131,4,2005-12-18
17493,1532984,5,2005-06-05
17493,619889,5,2005-07-11
17493,609614,4,2005-09-03
17493,831746,4,2005-03-29
17493,1310195,3,2005-06-07
17493,585412,2,2005-12-30
17493,1563935,1,2005-07-13
17493,222553,2,2005-01-19
17493,31377,3,2005-05-27
17493,1910730,4,2005-03-28
17493,1697339,2,2005-05-17
17493,754443,5,2005-06-14
17493,2162676,2,2005-09-23
17493,1248353,4,2005-08-23
17493,1417832,2,2004-10-11
17493,1036337,3,2005-11-20
17493,592122,3,2005-07-05
17493,1473980,3,2005-08-30
17493,1071066,1,2004-10-10
17493,2117305,1,2005-05-09
17493,345580,5,2005-05-19
17493,1509994,1,2005-11-29
17493,479898,3,2005-05-21
17493,1658447,3,2005-12-23
17493,821095,3,2004-11-30
17493,1290356,5,2005-07-30
17493,2491072,3,2005-08-16
17493,1028463,5,2004-12-29
17493,1343377,2,2005-01-06
17493,75384,3,2005-05-16
17493,2290970,3,2004-11-15
17493,921783,3,2004-12-06
17493,1494429,4,2005-03-22
17493,1401956,3,2005-04-27
17493,1079726,3,2005-05-13
17493,2351488,5,2004-08-29
17493,757005,1,2004-12-26
17493,1160127,4,2005-02-15
17493,1122422,2,2005-10-29
17493,962019,1,2005-12-16
17493,642195,5,2005-07-29
17493,1412245,5,2005-11-06
17493,1396748,1,2004-10-04
17493,642882,2,2004-12-09
17493,2450433,3,2005-01-08
17493,346394,5,2005-02-02
17493,1887425,3,2005-03-16
17493,2045897,4,2005-10-26
17493,1616100,3,2004-09-03
17493,1016140,5,2005-04-23
17493,1419103,1,2005-03-01
17493,1805932,4,2005-06-14
17493,1325467,3,2005-12-29
17493,219832,2,2005-07-17
17493,347992,2,2004-12-21
17493,2169348,5,2005-12-01
17493,2332246,5,2005-04-25
17493,2400924,4,2005-11-02
17493,2479740,2,2004-12-07
17493,1385788,3,2005-02-04
17493,1389780,2,2005-03-20
17493,1961753,3,2005-12-16
17493,935402,2,2004-09-14
17493,1520304,4,2005-11-08
17493,2221057,4,2005-12-25
17493,891275,1,2005-10-09
17493,440463,2,2005-12-26
17493,1138452,4,2005-09-08
17493,2364551,5,2005-11-09
17493,1050570,4,2005-12-09
17493,1262604,4,2004-12-08
17493,1954578,1,2005-07-11
17493,728089,3,2005-09-21
17493,2501912,3,2005-11-08
17493,1429668,4,2004-12-27
17493,1761577,3,2005-04-06
17493,995497,1,2005-06-16
17493,1724273,2,2005-12-06
17493,224190,3,2005-08-02
17493,690045,4,2005-05-10
17493,2395971,4,2005-06-24
17493,644955,2,2005-06-30
17493,639089,3,2005-10-19
17493,2429614,2,2005-07-11
17493,1858305,1,2005-09-18
17493,515610,5,2004-11-26
17493,1927110,3,2004-11-16
17493,315751,2,2004-12-26
17493,1470123,4,2004-08-29
17493,284978,2,2004-10-26
17493,862644,4,2005-04-23
17493,2266161,2,2005-08-09
17493,391161,2,2004-10-18
17493,773040,1,2005-04-24
17493,1072312,2,2004-09-18
17493,1283765,5,2004-10-28
17493,1410175,4,2005-10-03
17493,1664010,5,2005-10-13
17493,1513643,5,2005-12-23
17493,252327,3,2004-12-26
17493,1409104,1,2005-09-14
17493,1526905,5,2004-09-14
17493,619498,5,2005-04-05
17493,237672,5,2005-07-30
17493,1952500,1,2004-12-09
17493,150528,5,2005-02-23
17493,1817470,5,2005-09-18
17493,2543158,3,2005-07-06
17493,672009,4,2005-09-03
17493,862596,2,2005-09-15
17493,765594,4,2005-10-02
17493,531851,5,2005-10-24
17493,2496874,5,2005-07-22
17493,39147,3,2004-10-19
17493,283024,5,2005-03-14
17493,216893,4,2005-06-27
17493,2256611,4,2005-11-07
17493,806267,2,2005-11-28
17493,251123,5,2005-08-09
17493,2208129,5,2004-12-24
17493,227185,5,2005-08-25
17493,2599611,4,2005-02-26
17493,2355625,2,2005-05-18
17493,942442,5,2005-01-12
17493,1691656,4,2005-07-07
17493,1747831,4,2004-11-26
17493,2762,1,2005-04-07
17493,507140,4,2004-08-30
17493,1581512,3,2005-09-29
17493,1008663,5,2004-11-02
17493,907226,5,2004-11-24
17493,347276,1,2005-01-31
17493,122197,1,2005-03-09
17493,1965439,3,2005-08-26
17493,683124,5,2004-08-31
17493,1245018,5,2005-06-16
17493,221558,3,2005-11-07
17493,1252460,4,2005-09-05
17493,2455567,3,2004-11-27
17493,1126227,3,2004-12-27
17493,1420062,5,2005-04-19
17493,2290508,1,2005-05-15
17493,2415859,2,2005-06-19
17493,25264,5,2005-02-02
17493,2351296,5,2005-10-17
17493,1212523,2,2005-08-04
17493,1821138,5,2005-11-11
17493,1277262,3,2005-05-23
17493,555635,4,2005-05-25
17493,3321,1,2005-07-25
17493,1354252,1,2005-06-14
17493,2470498,5,2005-10-13
17493,2386443,3,2005-08-19
17493,1666963,1,2005-09-05
17493,1217336,2,2005-03-01
17493,1310822,4,2005-07-09
17493,2297770,5,2004-11-16
17493,2426928,2,2004-12-16
17493,770133,1,2005-06-16
17493,1511901,5,2005-09-23
17493,2377815,3,2005-11-08
17493,1557557,3,2005-12-13
17493,721718,5,2004-10-10
17493,50075,4,2005-09-20
17493,1540779,3,2005-08-07
17493,1855590,5,2005-08-31
17493,533352,4,2005-12-17
17493,1830560,3,2005-07-13
17493,2056853,4,2004-09-19
17493,2256485,1,2004-11-09
17493,586891,3,2005-06-20
17493,1740380,5,2005-10-25
17493,2472762,2,2004-11-29
17493,308716,4,2005-05-01
17493,716173,3,2005-06-23
17493,2626881,4,2005-01-06
17493,2450002,2,2005-02-18
17493,651546,3,2005-05-23
17493,908545,3,2004-09-21
17493,369912,3,2005-08-05
17493,2394112,2,2005-10-14
17493,2213213,3,2005-09-28
17493,825353,1,2005-12-04
17493,566333,5,2004-11-13
17493,1575939,1,2004-11-13
17493,2090369,5,2005-01-19
17493,2543144,1,2005-09-15
17493,1868611,4,2005-08-22
17493,853918,4,2005-07-02
17493,305344,1,2004-08-14
17493,1570306,5,2005-08-20
17493,2148669,3,2005-08-29
17493,2006277,1,2005-05-13
17493,2486758,2,2005-05-16
17493,744757,3,2005-06-29
17493,844028,5,2004-09-26
17493,1159683,2,2005-05-28
17493,756315,5,2005-10-12
17493,1940764,1,2005-10-17
17493,2290239,4,2004-11-08
17493,639533,4,2004-12-31
17493,2439385,4,2005-05-24
17493,2147527,2,2005-11-18
17493,1522766,5,2005-08-07
17493,707685,5,2005-02-01
17493,1186423,4,2005-03-11
17493,447759,5,2005-09-19
17493,1044605,5,2005-09-26
17493,1131695,3,2005-12-27
17493,209999,5,2005-05-18
17493,458457,4,2005-08-26
17493,1403323,4,2005-08-31
17493,2295763,2,2005-02-25
17493,2362931,5,2005-07-05
17493,343719,3,2005-06-30
17493,5980,1,2005-07-21
17493,953989,5,2005-02-03
17493,890158,5,2005-12-28
17493,427186,2,2004-08-16
17493,1692018,1,2005-01-10
17493,766496,3,2005-06-05
17493,2289352,5,2005-09-13
17493,1693627,5,2005-10-12
17493,1748002,3,2005-10-24
17493,523602,1,2005-07-27
17493,1795203,5,2004-12-02
17493,1185473,3,2005-01-21
17493,531979,5,2005-09-06
17493,2029744,3,2005-12-03
17493,26134,3,2005-08-09
17493,444763,3,2004-11-03
17493,1278837,2,2005-04-19
17493,2304247,3,2004-10-30
17493,1740307,5,2005-12-28
17493,1692302,5,2005-08-09
17493,861279,4,2005-05-24
17493,165175,4,2005-12-08
17493,857699,4,2005-12-27
17493,2360356,2,2005-02-07
17493,227151,2,2005-06-13
17493,2344542,4,2005-07-21
17493,752642,1,2004-10-01
17493,498043,5,2004-10-06
17493,2266974,3,2004-10-19
17493,962300,1,2004-11-18
17493,432225,5,2005-08-21
17493,1133763,3,2005-04-06
17493,517532,5,2004-12-20
17493,400644,2,2005-02-15
17493,930669,3,2005-03-04
17493,1553699,4,2005-07-27
17493,934163,3,2005-10-14
17493,603543,3,2005-12-08
17493,1304749,4,2004-11-14
17493,611287,4,2004-11-23
17493,1449929,5,2005-01-02
17493,76916,2,2005-02-22
17493,642364,5,2005-07-01
17493,1198293,1,2005-12-12
17493,245377,5,2005-05-15
17493,296232,1,2004-11-10
17493,13432,3,2005-05-08
17493,676062,2,2005-09-12
17493,1686298,1,2005-07-29
17493,1097862,3,2005-08-09
17493,952981,2,2005-03-13
17493,679869,3,2005-06-29
17493,1559423,3,2005-10-03
17493,2220881,3,2005-11-23
17493,169462,5,2005-12-27
17493,620938,3,2005-03-15
17493,1516350,2,2005-05-12
17493,1519378,3,2004-12-05
17493,1264563,4,2005-08-15
17493,223488,1,2005-09-06
17493,499258,4,2005-01-19
17493,1506554,1,2005-09-21
17493,2118461,4,2005-10-22
17493,648972,4,2005-06-11
17493,820543,3,2005-12-14
17493,1164651,5,2005-07-11
17493,387418,1,2004-08-16
17493,748300,4,2005-08-05
17493,582958,3,2005-02-28
17493,415253,3,2005-08-23
17493,2409465,3,2005-05-04
17493,712635,3,2005-06-15
17493,2512104,4,2005-09-17
17493,1759039,5,2005-02-19
17493,506088,4,2005-07-07
17493,482817,2,2004-12-23
17493,2376106,4,2005-03-09
17493,1789450,1,2005-12-10
17493,379184,3,2004-12-27
17493,1701491,3,2005-02-08
17493,172663,5,2005-06-09
17493,1049374,5,2005-12-28
17493,2495333,1,2005-07-16
17493,1861331,3,2005-08-09
17493,1530254,4,2004-12-16
17493,1645904,5,2005-08-26
17493,1294533,2,2005-09-02
17493,733225,4,2004-11-15
17493,2120289,1,2005-01-09
17493,1116065,5,2005-04-21
17493,1630822,3,2005-12-29
17493,1783814,4,2005-12-31
17493,2244442,2,2005-01-01
17493,1587737,4,2005-03-22
17493,256530,1,2005-03-23
17493,2171187,3,2005-06-26
17493,2326926,3,2005-08-11
17493,1349907,5,2005-08-19
17493,25755,2,2004-10-16
17493,1654721,5,2005-07-04
17493,1793876,4,2005-09-25
17493,2436770,4,2005-12-20
17493,1662263,3,2005-08-22
17493,1001928,3,2004-12-08
17493,951996,4,2005-04-06
17493,1807643,4,2005-06-13
17493,482421,3,2004-11-29
17493,864504,4,2005-02-16
17493,1299978,4,2005-08-15
17493,2570514,3,2004-12-06
17493,435738,2,2005-09-17
17493,1390290,1,2005-10-10
17493,2306980,3,2005-05-29
17493,831984,4,2005-07-17
17493,1820247,3,2004-11-24
17493,2263611,5,2005-12-07
17493,2123549,3,2005-07-22
17493,2350892,4,2005-01-04
17493,39375,5,2005-07-03
17493,2516783,1,2005-09-15
17493,2338841,5,2005-09-23
17493,1556692,3,2005-10-22
17493,1567792,5,2004-10-21
17493,1713708,2,2005-05-11
17493,978215,1,2005-07-04
17493,2513045,4,2005-01-03
17493,236108,5,2005-12-20
17493,1919713,3,2005-12-06
17493,2504092,5,2005-03-07
17493,1271907,4,2005-10-11
17493,441597,4,2005-01-04
17493,1420080,5,2005-06-19
17493,2539158,5,2005-11-24
17493,585420,1,2005-02-22
17493,103738,3,2005-06-01
17493,962982,1,2005-06-21
17493,1534085,4,2004-09-07
17493,489702,1,2005-08-05
17493,1686270,1,2005-06-13
17493,651906,5,2004-12-23
17493,1696775,1,2005-01-24
17493,1689218,4,2005-01-27
17493,1125075,3,2005-04-06
17493,697970,1,2005-07-11
17493,1423566,5,2005-08-21
17493,42477,4,2005-02-03
17493,1400108,3,2005-03-09
17493,1403184,3,2005-05-12
17493,256452,3,2005-06-30
17493,2555248,3,2005-11-12
17493,1746236,3,2004-10-24
