1389,889439,4,2005-07-07
1389,2208518,5,2004-05-13
1389,497224,4,2003-08-19
1389,542786,3,2003-06-26
1389,1107322,1,2004-01-01
1389,1562558,5,2004-09-24
1389,1183144,4,2004-12-08
1389,1567328,4,2005-02-09
1389,807969,4,2005-10-24
1389,1288924,5,2005-08-25
1389,1425214,4,2004-09-27
1389,1100953,4,2004-12-15
1389,2537219,3,2005-03-01
1389,2156245,5,2005-09-18
1389,884121,5,2005-10-15
1389,2038379,4,2005-11-07
1389,2625420,2,2004-05-18
1389,2345999,4,2003-11-05
1389,1162164,4,2004-09-22
1389,2620652,5,2005-02-22
1389,1765747,3,2005-03-08
1389,1906868,4,2005-04-15
1389,1495318,5,2005-05-31
1389,673263,3,2005-06-07
1389,955896,5,2005-11-28
1389,1177203,5,2004-06-19
1389,2242540,4,2005-08-03
1389,985334,5,2005-06-10
1389,1896596,4,2005-07-04
1389,507278,4,2005-11-05
1389,1091730,4,2005-08-15
1389,47411,5,2005-01-23
1389,1988323,4,2005-05-02
1389,2644694,5,2005-06-10
1389,279482,3,2005-06-26
1389,995127,4,2005-10-18
1389,642513,4,2005-07-26
1389,407669,4,2004-09-14
1389,84935,4,2005-04-13
1389,2245602,4,2005-04-30
1389,663990,5,2005-06-12
1389,915571,4,2005-10-25
1389,1641461,4,2005-08-29
1389,1245640,5,2005-09-03
1389,1223281,5,2005-02-08
1389,571986,3,2005-02-10
1389,640454,5,2005-05-26
1389,1184557,5,2005-09-27
1389,1629880,3,2003-05-06
1389,2560360,5,2004-06-25
1389,2577594,4,2005-01-28
1389,587473,1,2005-01-29
1389,1948337,3,2005-02-17
1389,2250121,2,2005-03-06
1389,2619065,5,2005-03-14
1389,2030472,4,2005-11-07
1389,1372557,4,2005-08-23
1389,327483,4,2005-01-13
1389,2065566,5,2005-03-04
1389,517060,4,2005-03-28
1389,491331,3,2005-04-01
1389,1422947,5,2005-04-15
1389,905858,3,2005-06-21
1389,115218,4,2005-07-16
1389,764390,3,2003-08-24
1389,697010,2,2004-02-05
1389,223759,4,2005-06-05
1389,2596383,3,2005-09-28
1389,2454741,4,2005-11-02
1389,1083553,4,2005-11-27
1389,1186154,3,2003-11-20
1389,2027266,5,2005-02-11
1389,251574,4,2005-06-08
1389,380199,4,2005-12-12
1389,1883903,5,2005-08-18
1389,1462071,3,2004-07-15
1389,1033629,3,2004-05-24
1389,515166,5,2004-09-30
1389,140549,5,2005-02-24
1389,1401126,3,2005-03-09
1389,715022,5,2005-03-10
1389,1372014,2,2005-03-11
1389,641013,5,2005-05-26
1389,1080872,5,2005-06-29
1389,284921,1,2005-11-06
1389,1097970,4,2005-07-27
1389,449737,3,2005-08-20
1389,95358,5,2004-11-22
1389,1370857,3,2005-05-19
1389,2542340,4,2005-06-11
1389,2639676,3,2005-06-24
1389,736847,4,2005-09-21
1389,1602489,4,2005-10-18
1389,303637,4,2005-11-01
1389,525356,1,2003-08-15
1389,649969,5,2003-06-02
1389,646551,4,2003-12-10
1389,2069818,4,2005-09-05
1389,1103813,3,2003-07-05
1389,2351743,4,2005-03-04
1389,1242044,3,2005-04-28
1389,2266083,4,2005-05-02
1389,113222,5,2005-05-03
1389,1904000,5,2005-11-02
1389,1449137,4,2005-11-21
1389,1181095,5,2005-11-27
1389,539249,5,2005-08-08
1389,2631605,3,2004-08-30
1389,794581,2,2005-02-09
1389,1121384,3,2005-09-09
1389,1711022,4,2005-11-10
1389,1834435,3,2005-08-11
1389,2287919,3,2005-08-23
1389,363163,5,2005-09-03
1389,2616560,4,2005-03-03
1389,412100,4,2005-03-19
1389,755439,5,2005-04-26
1389,491074,5,2005-05-26
1389,2005634,4,2005-11-03
1389,2581132,1,2005-07-14
1389,1812611,3,2005-08-04
1389,2508819,4,2003-09-17
1389,1698750,4,2003-11-05
1389,847917,5,2003-11-06
1389,302036,3,2005-04-06
1389,1631504,3,2005-04-11
1389,1853482,4,2005-04-13
1389,1309838,5,2005-04-25
1389,704050,4,2005-06-07
1389,1960412,4,2005-11-21
1389,1792333,3,2004-08-24
1389,149854,4,2003-07-16
1389,1061353,4,2005-09-10
1389,2296475,5,2004-03-15
1389,1119664,5,2005-01-26
1389,767537,5,2005-02-11
1389,493188,4,2005-05-02
1389,1973116,4,2005-05-16
1389,497284,3,2005-09-26
1389,2563452,5,2005-07-06
1389,1441559,3,2005-07-14
1389,2212531,3,2005-11-04
1389,1731008,5,2004-08-11
1389,57160,3,2004-02-16
1389,1269872,5,2005-02-13
1389,164241,5,2005-03-01
1389,774018,5,2005-03-03
1389,503051,5,2005-06-06
1389,1356908,5,2005-11-08
1389,2082423,3,2004-02-02
1389,357665,4,2005-08-06
1389,2285836,4,2003-10-06
1389,1765842,4,2003-10-25
1389,2252684,2,2004-10-05
1389,1001129,2,2004-11-24
1389,2465236,5,2004-12-31
1389,1948929,4,2005-02-23
1389,2639387,4,2005-03-15
1389,634147,1,2005-10-09
1389,339454,5,2005-07-07
1389,273800,3,2003-06-04
1389,790920,3,2005-06-27
1389,823543,5,2005-09-15
1389,2160421,3,2005-10-03
1389,1174189,5,2005-11-07
1389,2427192,4,2005-09-01
1389,1911068,4,2004-12-10
1389,302913,5,2005-03-01
1389,238528,4,2005-09-30
1389,1363161,5,2005-10-06
1389,949612,4,2005-10-10
1389,247909,4,2005-11-18
1389,640098,3,2005-01-26
1389,1025483,4,2005-03-29
1389,230314,5,2005-06-07
1389,1407103,5,2005-09-18
1389,2413747,4,2005-03-10
1389,2621093,5,2005-04-16
1389,2467023,2,2003-08-26
1389,645596,5,2004-03-22
1389,1170922,4,2005-03-18
1389,1706833,5,2005-10-08
1389,883478,4,2005-10-10
1389,235789,2,2005-07-25
1389,1259776,4,2003-08-11
1389,1289281,3,2005-08-29
1389,906298,3,2004-10-20
1389,2084678,4,2005-03-02
1389,150924,2,2005-03-21
1389,648060,4,2005-10-25
1389,627515,2,2005-11-25
1389,1995942,4,2003-09-23
1389,190286,2,2004-03-15
1389,1425555,3,2005-08-29
1389,1026504,5,2004-12-23
1389,777583,3,2005-01-31
1389,987647,4,2005-10-31
1389,2472914,5,2005-07-28
1389,438503,3,2004-05-13
1389,1963970,4,2004-06-07
1389,376821,4,2004-08-30
1389,243182,4,2004-11-15
1389,361669,4,2004-11-29
1389,1013802,1,2005-02-27
1389,1535652,4,2005-05-17
1389,291597,3,2005-06-12
1389,111337,4,2005-09-14
1389,2374684,3,2005-10-16
1389,195120,5,2005-07-10
1389,1679125,4,2004-06-27
1389,462344,4,2004-10-19
1389,1467446,5,2005-01-26
1389,2318597,3,2005-04-03
1389,542969,4,2005-05-15
1389,1445236,3,2005-10-18
1389,670126,5,2004-09-06
1389,847083,4,2004-01-20
1389,2429789,4,2004-11-25
1389,1314869,1,2005-04-15
1389,10917,4,2005-09-13
1389,2100574,1,2005-12-03
1389,1176462,4,2005-12-10
1389,2646515,4,2003-08-22
1389,662624,5,2004-08-16
1389,5916,5,2004-03-11
1389,1255703,5,2004-12-08
1389,400803,4,2004-12-10
1389,1124553,4,2004-12-20
1389,2375640,5,2005-06-11
1389,1038077,5,2005-06-15
1389,702104,5,2005-09-25
1389,1139518,5,2005-10-27
1389,2594385,5,2003-11-04
1389,1541231,4,2005-08-15
1389,1263404,3,2005-08-18
1389,636262,1,2005-08-22
1389,2485000,4,2004-10-17
1389,493685,5,2005-01-19
1389,2170041,5,2005-10-31
1389,1190558,5,2005-07-13
1389,968808,3,2003-06-08
1389,850764,4,2003-05-13
1389,2182008,5,2003-11-17
1389,898793,2,2003-09-01
1389,991670,4,2005-08-21
1389,51295,4,2004-02-23
1389,2174880,4,2005-01-06
1389,2147486,3,2005-04-07
1389,1727064,4,2005-10-24
1389,651895,1,2005-11-05
1389,1276353,3,2005-12-12
1389,524672,5,2004-04-22
1389,851728,4,2004-01-27
1389,1972330,3,2004-06-19
1389,1025542,5,2004-09-27
1389,1394924,4,2004-10-03
1389,2062350,3,2004-12-07
1389,756079,4,2004-12-09
1389,1054724,5,2005-02-06
1389,103407,4,2005-06-21
1389,1248900,4,2005-06-24
1389,1018296,5,2005-10-25
1389,258914,4,2005-11-08
1389,1359191,4,2005-11-29
1389,1618859,4,2005-07-13
1389,2042893,4,2005-08-15
1389,1933255,4,2004-11-16
1389,2374704,5,2004-12-30
1389,1466779,3,2005-05-13
1389,2322830,4,2005-05-17
1389,2439493,1,2003-03-23
1389,503640,4,2003-12-05
1389,269315,4,2003-12-22
1389,613799,4,2003-11-21
1389,986049,3,2004-12-10
1389,2027866,5,2005-04-13
1389,1964514,5,2005-05-26
1389,1444924,5,2003-04-02
1389,1322384,5,2004-11-19
1389,876825,2,2005-01-20
1389,1731543,5,2005-02-13
1389,2379494,5,2005-03-07
1389,592218,5,2005-05-24
1389,1598658,3,2005-10-12
1389,2512189,5,2005-12-20
1389,1451474,3,2005-08-25
1389,2242835,5,2003-09-29
1389,1028016,4,2005-08-29
1389,391325,1,2003-10-27
1389,1537147,4,2004-12-13
1389,805190,4,2005-01-13
1389,1134379,5,2005-01-19
1389,2636398,5,2005-02-13
1389,1389044,3,2005-06-08
1389,2636118,5,2005-06-15
1389,1515326,4,2005-09-12
1389,1525907,3,2005-10-11
1389,956174,4,2005-08-01
1389,1452127,5,2005-08-01
1389,2219267,4,2005-03-27
1389,494391,3,2005-04-27
1389,2383154,3,2005-11-03
1389,1033331,5,2005-07-10
1389,1150267,4,2004-04-29
1389,1200697,5,2003-06-27
1389,336438,5,2005-03-08
1389,1970726,4,2005-07-21
1389,448466,4,2005-08-10
1389,1576349,3,2003-08-15
1389,754953,4,2005-05-24
1389,2528951,4,2005-10-08
1389,397392,5,2005-10-12
1389,1295473,5,2005-07-14
1389,924960,1,2003-05-24
1389,2554379,3,2005-07-31
1389,1364246,4,2005-08-17
1389,2315986,4,2005-01-26
1389,1323080,4,2005-07-10
1389,1666957,3,2003-10-24
1389,118027,5,2005-11-01
1389,2062052,5,2003-12-31
1389,1769851,5,2004-10-12
1389,1267712,5,2005-01-12
1389,740670,3,2005-03-08
1389,2156184,4,2005-10-24
1389,28194,5,2005-09-24
1389,704756,3,2005-08-23
1389,731973,3,2005-04-25
1389,2091474,5,2005-12-05
1389,465247,5,2005-07-09
1389,1873604,5,2005-08-11
1389,1183573,4,2005-08-19
1389,1267342,5,2004-05-05
1389,4753,5,2004-09-10
1389,1058074,5,2005-01-30
1389,2137441,5,2005-04-20
1389,2016353,5,2005-05-30
1389,759648,3,2005-06-15
1389,1782273,4,2005-10-19
1389,652442,5,2005-10-26
1389,753231,4,2004-06-08
1389,1552669,5,2003-11-19
1389,2220543,4,2003-10-27
1389,1115567,4,2004-09-10
1389,2040859,1,2004-11-23
1389,406233,5,2005-05-17
1389,1485785,4,2005-09-12
1389,422157,4,2005-10-12
1389,691119,4,2005-11-30
1389,1122020,4,2004-02-12
1389,672419,4,2005-07-28
1389,869264,5,2004-03-10
1389,2306336,5,2004-11-01
1389,2146708,4,2005-01-19
1389,2487011,5,2005-03-14
1389,2086786,5,2005-03-23
1389,1350775,4,2005-04-11
1389,400451,4,2003-06-24
1389,561145,2,2003-06-30
1389,1137084,4,2004-01-25
1389,2411531,5,2004-10-13
1389,1028463,5,2004-12-14
1389,2119014,3,2005-06-30
1389,152807,3,2005-09-30
1389,86425,2,2005-07-11
1389,130107,4,2004-01-16
1389,1266917,3,2003-08-25
1389,921783,5,2003-08-04
1389,92416,5,2005-02-23
1389,85215,4,2005-03-01
1389,1003084,1,2005-04-19
1389,598155,4,2005-04-20
1389,432370,3,2005-09-19
1389,2298976,5,2005-11-22
1389,1189875,4,2003-09-29
1389,1023527,5,2004-10-04
1389,701774,5,2004-10-10
1389,2271758,5,2005-04-07
1389,455707,4,2005-10-20
1389,2567140,5,2005-11-14
1389,2593177,4,2004-04-19
1389,520803,4,2005-01-19
1389,407037,1,2005-06-12
1389,2169750,4,2005-06-19
1389,1572499,3,2005-09-12
1389,2469918,4,2005-10-23
1389,1974891,3,2005-07-18
1389,2431103,5,2003-11-06
1389,2606193,4,2004-10-24
1389,410007,5,2004-12-11
1389,815048,5,2005-01-07
1389,159768,2,2005-02-26
1389,2166261,4,2005-05-19
1389,1156307,4,2005-10-07
1389,1953285,5,2005-07-17
1389,593799,3,2004-07-04
1389,2450433,3,2004-12-20
1389,284169,3,2005-01-12
1389,2292759,4,2005-10-06
1389,1532724,2,2003-05-12
1389,1267957,4,2005-12-10
1389,1817781,4,2004-06-08
1389,2337091,3,2003-09-02
1389,505448,3,2004-05-14
1389,2521550,5,2004-11-20
1389,1060057,2,2004-12-27
1389,511613,4,2005-10-15
1389,651316,4,2005-07-27
1389,1693265,4,2003-09-17
1389,707160,4,2004-10-15
1389,571212,5,2004-12-29
1389,1579211,5,2005-01-28
1389,1824459,5,2005-08-04
1389,1637997,2,2003-04-10
1389,2329945,5,2005-09-04
1389,1377376,5,2004-11-27
1389,1754594,4,2005-06-21
1389,394895,4,2005-10-31
1389,140157,5,2003-04-07
1389,474805,4,2004-08-08
1389,1261154,5,2004-09-27
1389,1171259,1,2005-03-01
1389,1802192,5,2005-05-14
1389,862541,5,2005-09-17
1389,1523671,4,2005-10-03
1389,2394211,4,2005-11-03
1389,2488820,4,2005-02-08
1389,1330354,5,2005-04-14
1389,727646,3,2005-10-06
1389,2034341,5,2005-10-07
1389,2000164,4,2005-11-11
1389,2106765,4,2005-02-22
1389,1307588,4,2005-05-05
1389,1078938,5,2005-06-04
1389,1064630,4,2005-09-08
1389,1362105,5,2005-10-16
1389,2027275,4,2005-11-04
1389,1922330,5,2005-08-04
1389,846505,4,2004-05-03
1389,2059679,3,2003-04-11
1389,2027294,4,2004-01-12
1389,837071,5,2005-11-11
1389,302877,4,2005-07-16
1389,2019936,3,2004-06-22
1389,887440,4,2005-10-03
1389,2311675,4,2003-06-28
1389,1660432,5,2004-04-28
1389,274257,4,2004-07-27
1389,910579,1,2004-10-15
1389,1670174,4,2005-01-06
1389,1576204,5,2005-02-06
1389,308567,5,2005-12-06
1389,1106241,1,2005-12-19
1389,1711526,3,2004-03-11
1389,170904,3,2005-04-20
1389,747212,4,2005-05-09
1389,1005606,4,2005-05-16
1389,2256127,5,2005-05-29
1389,720310,3,2005-06-28
1389,1581717,4,2005-10-05
1389,777856,3,2004-07-16
1389,2159365,4,2004-06-24
1389,1807578,3,2004-12-20
1389,821793,4,2004-12-31
1389,2583530,5,2005-01-29
1389,556594,5,2005-09-01
1389,1884736,5,2005-01-11
1389,255324,4,2005-03-18
1389,507603,1,2005-03-23
1389,2383582,2,2005-04-19
1389,1943714,5,2005-11-30
1389,2463091,3,2005-01-12
1389,752372,4,2005-02-16
1389,942380,5,2005-06-10
1389,2129787,5,2005-06-11
1389,400303,4,2005-10-15
1389,147512,3,2005-08-01
1389,2054303,5,2005-08-31
1389,2582552,1,2004-08-31
1389,53794,3,2005-03-28
1389,1781530,4,2005-05-13
1389,1232028,4,2004-04-15
1389,1303244,5,2005-08-22
1389,797111,2,2004-08-28
1389,725616,4,2004-11-01
1389,1473708,5,2004-12-20
1389,2160722,4,2005-03-22
1389,2161508,3,2005-05-21
1389,1640334,4,2005-10-07
1389,532653,4,2005-10-26
1389,2065019,5,2005-11-10
1389,2604060,3,2005-11-06
1389,2359767,5,2003-09-17
1389,1048728,4,2004-09-07
1389,1612505,2,2005-02-20
1389,317385,5,2005-04-15
1389,828058,5,2005-06-07
1389,2360423,4,2005-07-16
1389,2250323,3,2003-07-26
1389,37432,3,2004-03-03
1389,839176,3,2004-11-09
1389,1563814,4,2005-03-01
1389,320314,4,2005-05-02
1389,1252560,3,2003-08-12
1389,2215276,1,2003-04-08
1389,939903,4,2004-11-18
1389,1818059,4,2005-05-09
1389,1085879,4,2005-12-15
1389,724067,5,2005-08-22
1389,1491592,4,2005-03-16
1389,956247,3,2005-04-04
1389,652749,5,2005-04-18
1389,1290221,5,2005-05-11
1389,1746378,4,2005-10-28
1389,360661,2,2003-10-31
1389,120220,4,2004-04-11
1389,2012835,3,2004-11-01
1389,1240540,5,2005-09-12
1389,243363,5,2005-10-05
1389,1624416,5,2003-05-19
1389,915215,3,2003-09-04
1389,2411635,4,2005-04-14
1389,91651,5,2005-09-23
1389,978062,5,2004-08-02
1389,1822345,4,2004-10-11
1389,2016002,3,2004-11-08
1389,668068,4,2004-12-30
1389,2070572,5,2005-01-07
1389,1557148,1,2005-05-31
1389,2251189,3,2005-06-25
1389,1664010,4,2005-10-12
1389,2370673,5,2005-11-21
1389,596586,5,2005-07-12
1389,66451,3,2004-01-23
1389,526043,5,2004-10-26
1389,2047026,4,2004-12-29
1389,2189993,2,2005-01-25
1389,2463963,1,2005-03-27
1389,1815570,4,2005-09-16
1389,671697,5,2005-07-10
1389,2419225,4,2004-01-07
1389,1035116,5,2005-03-14
1389,1049315,4,2004-07-10
1389,1940614,5,2005-05-01
1389,86781,5,2005-10-12
1389,31724,4,2005-11-03
1389,2479000,5,2003-09-05
1389,9601,4,2005-09-15
1389,420220,3,2005-09-15
1389,80354,4,2005-10-14
1389,783747,4,2005-11-22
1389,2616948,5,2005-12-28
1389,1811832,4,2005-07-28
1389,1033461,3,2004-04-05
1389,786017,5,2005-09-09
1389,1147929,5,2005-10-31
1389,2430613,4,2005-11-13
1389,2275419,5,2005-08-09
1389,219746,5,2004-09-01
1389,1360342,4,2005-01-11
1389,1400378,5,2005-06-10
1389,1265878,4,2005-04-18
1389,2297136,2,2005-04-28
1389,2559036,4,2005-05-24
1389,978011,3,2005-10-24
1389,751876,3,2005-11-28
1389,422206,3,2003-08-15
1389,1394012,5,2004-09-24
1389,877142,3,2004-10-29
1389,520881,1,2005-05-02
1389,902047,3,2005-06-12
1389,1139028,4,2005-10-14
1389,1612756,4,2003-06-10
1389,1322927,1,2004-03-15
1389,726959,5,2003-08-30
1389,1210815,4,2005-01-08
1389,1619879,3,2005-05-08
1389,1562953,3,2004-12-15
1389,1426786,4,2003-10-20
1389,330713,3,2004-11-02
1389,813213,4,2005-03-04
1389,326040,5,2005-03-23
1389,1538094,4,2005-09-17
1389,842984,5,2005-10-07
1389,556619,5,2005-10-17
1389,1211273,3,2003-07-07
1389,1997419,4,2004-10-21
1389,885088,5,2004-12-29
1389,1601152,3,2005-02-21
1389,1526063,4,2005-03-28
1389,1778488,5,2005-05-27
1389,2100131,4,2003-09-09
1389,920168,3,2003-05-14
1389,818018,5,2004-11-29
1389,710783,4,2005-06-15
1389,1315051,4,2005-09-13
1389,2239537,5,2005-11-09
1389,1364543,4,2004-01-09
1389,1490148,5,2005-01-23
1389,572694,3,2003-07-10
1389,1073367,3,2004-12-13
1389,997132,5,2005-01-06
1389,434258,4,2005-04-30
1389,2162106,5,2005-12-11
1389,1315086,4,2005-08-15
1389,2470428,1,2004-11-11
1389,2185496,4,2004-12-29
1389,2509976,5,2005-02-12
1389,1145697,3,2005-09-21
1389,2118083,3,2005-09-25
1389,1344356,5,2005-12-31
1389,1954994,4,2005-08-08
1389,2242757,4,2004-12-21
1389,1407862,4,2004-05-02
1389,1704223,1,2004-09-23
1389,1935793,1,2005-03-09
1389,226947,4,2005-05-15
1389,350415,5,2005-06-07
1389,1312608,4,2005-07-04
1389,2233771,4,2005-09-23
1389,1835681,4,2005-08-09
1389,382635,4,2003-06-06
1389,2071210,4,2004-10-18
1389,2172519,5,2005-03-10
1389,2182341,2,2005-05-21
1389,715542,5,2005-07-03
1389,1217704,5,2005-09-08
1389,1622277,5,2005-10-06
1389,2420528,4,2004-01-02
1389,1517432,2,2005-08-27
1389,1221872,5,2004-11-02
1389,1051612,4,2004-11-29
1389,2579048,5,2004-12-20
1389,2156708,1,2005-02-23
1389,1106280,5,2005-04-10
1389,2141085,4,2005-05-17
1389,639327,4,2005-06-21
1389,2175548,4,2004-04-27
1389,2520144,4,2005-03-02
1389,2190808,4,2005-10-04
1389,415218,5,2005-08-23
1389,41789,4,2005-09-01
1389,1955025,2,2004-02-17
1389,73834,5,2005-06-06
1389,722591,5,2005-10-25
1389,2405164,1,2003-12-16
1389,608234,5,2004-11-08
1389,685565,5,2005-01-01
1389,2077980,2,2005-01-06
1389,1503887,4,2005-03-11
1389,2352966,5,2005-10-28
1389,1185256,3,2005-08-03
1389,2571029,5,2004-07-11
1389,2223250,5,2005-02-22
1389,2449245,5,2005-04-20
1389,1046909,5,2005-05-31
1389,554448,5,2005-06-08
1389,310352,2,2005-06-22
1389,1944905,5,2005-07-31
1389,738029,5,2005-08-11
1389,2086712,4,2004-10-01
1389,1042494,2,2004-10-05
1389,1102660,5,2004-10-22
1389,2084338,4,2004-11-03
1389,260103,5,2005-01-11
1389,2553724,5,2005-06-20
1389,790780,4,2004-01-29
1389,411341,3,2003-10-17
1389,1514687,4,2004-08-31
1389,2343532,4,2004-08-19
1389,1485263,3,2004-10-21
1389,607677,5,2004-10-27
1389,435024,5,2004-12-02
1389,1705693,3,2005-01-24
1389,1255214,4,2005-03-26
1389,2394118,4,2005-10-31
1389,1802868,5,2005-07-13
1389,1426395,4,2005-02-20
1389,873375,2,2003-09-26
1389,2270404,5,2003-08-14
1389,454289,4,2003-11-06
1389,1336528,3,2005-11-12
1389,2212713,3,2003-12-26
1389,2470440,4,2005-06-21
1389,769942,2,2005-11-29
1389,217625,5,2005-12-14
1389,703042,3,2005-12-22
1389,494636,4,2004-10-21
1389,2589121,5,2005-01-20
1389,819980,2,2005-03-02
1389,666500,3,2005-05-24
1389,1664216,5,2005-05-27
1389,1675137,2,2005-06-17
1389,1568682,5,2005-09-21
1389,2360158,1,2005-09-21
1389,1868151,5,2005-11-04
1389,648874,5,2005-12-17
1389,1748885,5,2005-07-20
1389,1485227,5,2004-07-29
1389,254508,3,2003-10-09
1389,320856,1,2005-01-11
1389,1628326,3,2005-03-06
1389,1177581,4,2005-06-13
1389,944372,5,2005-09-18
1389,2519453,5,2005-10-29
1389,516845,5,2005-12-25
1389,1320583,4,2005-07-30
1389,1291512,3,2004-11-26
1389,2606799,2,2005-05-16
1389,402288,1,2005-09-22
1389,1139091,5,2003-06-17
1389,1134030,4,2004-07-23
1389,502890,5,2004-06-03
1389,1444941,5,2004-12-07
1389,491297,5,2005-04-17
1389,506623,5,2005-06-08
1389,1224367,5,2005-06-17
1389,650517,4,2003-07-29
1389,1454202,2,2003-08-25
1389,2426145,3,2003-08-15
1389,2366524,4,2004-04-01
1389,1832429,5,2004-09-24
1389,1231291,4,2004-12-13
1389,82587,4,2005-04-25
1389,368702,4,2003-11-25
1389,2256485,1,2004-07-21
1389,1016509,4,2005-02-13
1389,147730,5,2005-09-25
1389,720142,3,2005-11-06
1389,2078438,5,2005-12-14
1389,1883095,4,2004-07-21
1389,2466243,4,2005-07-21
1389,26016,4,2005-07-27
1389,662309,4,2003-08-18
1389,696599,4,2003-10-02
1389,716173,4,2004-12-30
1389,2202688,3,2005-09-10
1389,17707,1,2005-09-13
1389,1026596,5,2005-10-20
1389,853965,4,2005-10-20
1389,806576,4,2003-09-19
1389,2098445,4,2005-02-04
1389,1417415,5,2005-03-19
1389,1097415,4,2005-08-18
1389,436553,5,2004-04-12
1389,59131,3,2004-07-02
1389,2555170,5,2004-12-13
1389,778283,3,2005-02-01
1389,8219,5,2005-01-31
1389,1867019,2,2005-03-08
1389,1357428,5,2005-10-07
1389,1246893,5,2005-10-29
1389,611231,3,2005-12-13
1389,1202203,5,2005-08-03
1389,2332058,3,2005-08-09
1389,1167774,4,2005-08-18
1389,1713221,5,2005-04-12
1389,2605669,4,2005-06-08
1389,504620,1,2005-09-13
1389,1469776,4,2005-12-03
1389,2261411,3,2005-07-16
1389,1357761,4,2004-12-25
1389,395887,4,2005-03-18
1389,136695,4,2005-05-03
1389,2214253,1,2005-11-21
1389,2165875,5,2005-08-04
1389,902670,5,2005-04-09
1389,842989,5,2005-05-30
1389,2040618,4,2005-06-04
1389,2115951,5,2005-10-12
1389,2473070,4,2005-10-25
1389,53433,4,2005-07-25
1389,1601140,3,2005-07-26
1389,1009947,2,2005-08-12
1389,2309763,4,2005-08-22
1389,2410762,3,2003-09-21
1389,63623,4,2004-09-16
1389,1688968,4,2004-06-10
1389,211233,5,2005-02-01
1389,2350308,3,2005-02-01
1389,2603169,5,2005-12-06
1389,26124,3,2005-12-28
1389,2470653,5,2004-06-29
1389,508927,4,2004-02-10
1389,2255069,5,2003-11-06
1389,2223860,3,2004-08-23
1389,164804,4,2004-07-15
1389,1628912,3,2005-04-25
1389,870097,5,2005-10-28
1389,830745,3,2005-02-18
1389,1623996,2,2005-03-15
1389,1954316,5,2005-08-03
1389,1436015,4,2005-03-11
1389,1761730,5,2005-09-21
1389,2297873,5,2005-10-04
1389,305344,3,2003-03-23
1389,2123058,4,2005-08-10
1389,1651534,3,2003-10-22
1389,623811,2,2004-02-02
1389,2538506,1,2004-08-01
1389,431741,4,2004-11-04
1389,883822,4,2005-01-23
1389,419338,4,2005-04-14
1389,1704944,5,2005-12-29
1389,2508842,4,2003-08-28
1389,508573,5,2005-04-06
1389,59742,4,2005-05-12
1389,1089793,5,2005-10-18
1389,2049602,3,2005-12-05
1389,211815,3,2003-09-04
1389,963546,5,2005-09-14
1389,2150951,5,2005-07-26
1389,648556,4,2003-12-10
1389,888488,4,2005-08-23
1389,2448424,5,2005-08-23
1389,861035,4,2004-03-26
1389,1018311,5,2005-05-04
1389,2634333,4,2005-05-06
1389,1403217,1,2005-09-22
1389,847780,4,2005-10-16
1389,1282519,4,2005-07-08
1389,741287,5,2005-08-27
1389,617288,5,2004-08-18
1389,1876311,4,2005-06-11
1389,2147527,5,2005-10-20
1389,505199,4,2005-11-01
1389,737838,3,2003-04-21
1389,2008940,5,2005-02-04
1389,63666,4,2005-03-03
1389,1540527,4,2005-04-02
1389,354699,2,2005-04-26
1389,2504803,3,2005-07-13
1389,1671671,2,2005-08-01
1389,1126082,3,2004-05-07
1389,632944,5,2004-09-08
1389,1837202,5,2004-12-02
1389,261806,4,2005-05-21
1389,1385105,4,2005-06-01
1389,2377589,4,2003-12-30
1389,111575,3,2005-09-02
1389,921487,4,2005-03-08
1389,1047269,4,2005-03-16
1389,978881,5,2005-11-25
1389,1603022,4,2005-09-03
1389,732069,1,2004-05-12
1389,2351252,5,2005-02-23
1389,1698583,5,2005-03-20
1389,1240418,4,2005-05-31
1389,111977,5,2005-07-09
1389,659697,4,2005-07-15
1389,2296592,3,2005-08-30
1389,1620251,3,2005-05-03
1389,777347,5,2005-05-14
1389,2429354,4,2005-06-27
1389,2274219,4,2005-10-27
1389,1075761,2,2005-07-13
1389,2205259,5,2005-07-21
1389,1035000,3,2005-07-28
1389,987785,3,2004-08-19
1389,2228502,5,2004-03-29
1389,362446,3,2005-03-15
1389,1933449,4,2005-03-21
1389,1291667,5,2005-05-08
1389,399238,4,2005-06-01
1389,2543520,3,2005-06-12
1389,979016,4,2005-09-14
1389,451341,4,2004-04-14
1389,1777847,5,2005-05-31
1389,747375,3,2005-07-07
1389,834407,2,2003-07-09
1389,949364,4,2004-06-30
1389,1670703,5,2004-12-15
1389,725984,5,2005-02-12
1389,733245,4,2005-11-05
1389,2392074,5,2005-08-30
1389,433214,5,2005-02-09
1389,295708,3,2005-09-16
1389,1452669,3,2005-10-02
1389,808269,5,2003-06-15
1389,2611837,4,2004-07-07
1389,2647320,5,2004-04-06
1389,161574,4,2004-12-13
1389,2214694,5,2005-04-09
1389,1437339,5,2005-05-23
1389,2279435,5,2005-06-24
1389,2098983,4,2005-07-12
1389,2196737,5,2005-04-27
1389,73253,1,2005-05-01
1389,580760,4,2005-06-13
1389,841553,4,2005-06-30
1389,240923,3,2004-08-08
1389,1026268,2,2003-06-12
1389,1716604,4,2004-11-04
1389,1480343,4,2005-03-08
1389,2069526,4,2005-03-08
1389,709094,5,2005-05-18
1389,1204403,5,2005-10-18
1389,2276819,4,2005-11-21
1389,2394671,4,2003-06-18
1389,290342,5,2005-02-02
1389,2239864,4,2005-03-22
1389,124612,4,2005-04-04
1389,749009,3,2005-06-06
1389,2056163,4,2005-09-21
1389,324430,5,2005-09-28
1389,98798,4,2005-09-29
1389,1515518,4,2005-07-14
1389,2018555,2,2005-07-22
1389,686311,5,2005-07-22
1389,922812,5,2005-07-27
1389,1925195,4,2003-08-11
1389,337255,3,2003-04-29
1389,1771967,4,2005-09-02
1389,938764,5,2004-10-09
1389,2143212,5,2004-11-03
1389,2218150,3,2005-05-23
1389,1695436,5,2005-09-13
1389,402783,4,2005-10-03
1389,960577,5,2005-10-30
1389,774430,4,2005-11-22
1389,1328871,5,2004-12-01
1389,2228144,4,2005-04-12
1389,586370,4,2005-09-17
1389,2282221,4,2003-07-01
1389,935344,5,2004-10-07
1389,1283757,5,2004-12-31
1389,688057,4,2005-02-23
1389,945666,5,2005-04-04
1389,2485642,5,2005-09-15
1389,109470,5,2005-09-15
1389,2018894,4,2005-10-05
1389,1835777,3,2005-08-18
1389,2519289,3,2004-11-11
1389,2095153,4,2004-12-16
1389,2136203,5,2005-10-24
1389,875991,5,2005-12-08
1389,690239,5,2005-08-03
1389,147239,4,2004-11-01
1389,2589198,3,2005-05-04
1389,2341798,5,2005-05-23
1389,447703,3,2003-08-11
1389,789894,3,2003-07-17
1389,2056022,2,2004-10-04
1389,390772,1,2005-02-07
1389,2402760,4,2005-04-12
1389,1101954,3,2005-06-16
1389,2244671,4,2005-05-26
1389,2339424,5,2005-11-09
1389,1080839,4,2005-07-08
1389,535898,2,2005-07-21
1389,590058,5,2003-12-01
1389,2305978,5,2005-08-18
1389,230551,3,2003-12-16
1389,2041089,5,2004-04-07
1389,1655242,3,2004-07-20
1389,96111,3,2004-08-23
1389,1187192,3,2004-12-27
1389,1728935,5,2005-05-02
1389,1293487,5,2005-06-02
1389,1497323,5,2005-09-19
1389,245773,4,2005-12-19
1389,436647,3,2005-07-08
1389,1718936,5,2005-08-31
1389,2080857,2,2004-06-03
1389,148283,5,2004-10-21
1389,689626,5,2005-06-28
1389,445664,3,2005-09-14
1389,46003,5,2005-12-17
1389,321207,4,2005-08-15
1389,405403,3,2003-08-14
1389,999756,5,2005-06-16
1389,500113,5,2005-07-01
1389,396505,3,2005-10-07
1389,2222126,3,2003-06-01
1389,1652212,3,2004-02-16
1389,1323,3,2004-03-13
1389,1338922,5,2005-03-01
1389,264892,3,2005-05-04
1389,824471,5,2005-10-17
1389,169462,3,2005-07-08
1389,398838,3,2005-08-05
1389,1305760,2,2005-10-24
1389,2517874,5,2003-09-18
1389,1860023,4,2005-08-25
1389,1202686,2,2003-05-28
1389,2349052,5,2005-05-10
1389,2133714,5,2005-05-11
1389,946014,5,2005-05-18
1389,88850,4,2005-09-22
1389,322064,1,2005-12-19
1389,1105015,4,2003-06-16
1389,1436956,5,2005-08-23
1389,1340105,5,2004-10-07
1389,2352203,5,2004-11-19
1389,1804246,4,2005-05-13
1389,394528,3,2005-05-14
1389,1308802,3,2005-05-25
1389,2374608,5,2005-05-27
1389,1762176,4,2005-09-20
1389,1656801,5,2005-09-24
1389,2419326,3,2005-07-13
1389,334853,5,2005-07-21
1389,1806515,4,2005-07-17
1389,1761905,5,2005-09-03
1389,2477289,3,2004-03-31
1389,1756501,5,2005-06-27
1389,2118461,5,2005-10-27
1389,1692220,4,2004-07-31
1389,1230296,4,2005-05-23
1389,457903,5,2005-05-27
1389,1196998,3,2005-06-14
1389,1225209,4,2005-09-25
1389,2623563,3,2005-07-14
1389,1651964,5,2005-07-23
1389,1548363,3,2005-08-02
1389,1122200,3,2003-03-29
1389,1116110,3,2005-10-03
1389,109717,5,2005-07-10
1389,387418,2,2005-09-28
1389,2133306,5,2005-09-04
1389,1320502,4,2004-09-06
1389,717139,4,2005-02-03
1389,1938112,4,2005-05-02
1389,754724,5,2005-10-13
1389,1878120,5,2005-11-08
1389,934735,4,2003-03-17
1389,1920218,5,2003-07-08
1389,824033,5,2005-02-12
1389,745822,5,2005-04-06
1389,993941,5,2005-06-19
1389,1409760,4,2005-10-08
1389,2394357,4,2004-07-08
1389,2449919,5,2005-01-31
1389,2001281,4,2005-02-08
1389,1505271,3,2005-04-26
1389,2544051,4,2005-06-13
1389,2335010,5,2005-07-05
1389,1100885,4,2004-01-27
1389,1266206,5,2003-05-23
1389,1849656,4,2003-06-10
1389,2521398,5,2005-01-22
1389,1323881,5,2005-01-23
1389,1637960,4,2005-03-08
1389,1436668,3,2005-03-09
1389,118416,4,2005-05-16
1389,26407,5,2005-05-24
1389,1960295,2,2005-09-22
1389,1702488,5,2005-10-09
1389,1737219,4,2003-10-06
1389,1867416,4,2005-08-03
1389,1629989,4,2005-08-07
1389,1787629,3,2004-01-21
1389,1860661,4,2004-11-15
1389,1859236,5,2005-09-22
1389,846686,3,2005-12-10
1389,611713,3,2005-07-11
1389,1444666,4,2003-08-10
1389,99939,4,2004-11-11
1389,129845,5,2005-06-23
1389,356615,5,2005-07-05
1389,1330826,2,2004-12-06
1389,917333,4,2005-02-13
1389,1750752,4,2004-03-02
1389,512488,5,2004-10-13
1389,2064449,5,2005-02-06
1389,109644,4,2005-06-05
1389,2303820,2,2004-09-02
1389,2618552,3,2004-06-22
1389,342958,4,2004-10-06
1389,275570,5,2005-04-20
1389,445409,5,2005-06-01
1389,2252191,5,2005-07-12
1389,1461435,1,2003-07-30
1389,646763,5,2005-08-10
1389,1559741,4,2005-02-17
1389,402775,5,2005-04-14
1389,409170,4,2005-05-04
1389,2564257,4,2005-11-18
1389,921585,3,2003-05-19
1389,2572081,2,2004-03-08
1389,2606457,2,2003-06-30
1389,1300582,4,2004-09-30
1389,1490451,4,2005-01-29
1389,2102253,5,2005-02-18
1389,375199,5,2005-10-13
1389,587590,5,2005-12-09
1389,836879,4,2005-07-11
1389,263680,4,2005-08-09
1389,461809,4,2004-04-28
1389,1334960,3,2003-06-27
1389,2456295,4,2004-11-28
1389,1074312,4,2004-12-06
1389,2385065,5,2005-06-20
1389,1348359,5,2005-05-13
1389,2182089,3,2005-06-15
1389,728508,5,2005-06-25
1389,2389839,3,2005-06-29
1389,2151789,5,2005-12-05
1389,598918,4,2004-09-29
1389,207837,5,2005-02-15
1389,2330786,5,2005-06-14
1389,733276,3,2005-06-15
1389,1386765,4,2005-10-13
1389,1639792,1,2003-04-01
1389,1879665,1,2004-09-21
1389,1349822,5,2005-10-14
1389,957317,2,2005-03-23
1389,1820568,5,2005-06-08
1389,2422704,3,2005-06-10
1389,1209897,5,2005-09-12
1389,1124379,4,2005-08-16
1389,1924507,3,2004-12-23
1389,1850855,4,2005-02-24
1389,263031,3,2005-04-22
1389,570681,3,2005-06-13
1389,682858,4,2005-06-14
1389,12842,5,2005-07-06
1389,1149289,5,2005-10-08
1389,2380412,4,2005-11-18
1389,650443,5,2005-07-27
1389,2425550,4,2005-04-08
1389,2460347,1,2005-05-02
1389,334959,5,2005-05-18
1389,1570945,4,2005-09-22
1389,911122,4,2005-11-07
1389,420500,2,2004-07-12
1389,2068281,4,2004-11-11
1389,1910428,4,2005-04-27
1389,2295321,5,2005-09-23
1389,906696,5,2005-10-01
1389,2117411,5,2005-10-05
1389,1074260,5,2005-10-11
1389,219481,3,2005-07-22
1389,5775,3,2003-06-12
1389,1228744,3,2004-10-19
1389,1552620,5,2005-02-17
1389,1116815,4,2005-05-31
1389,1114801,3,2005-11-03
1389,195091,5,2005-11-08
1389,2238060,5,2005-09-03
1389,1488392,3,2004-05-19
1389,1087642,4,2005-03-02
1389,1029784,2,2005-03-19
1389,814884,1,2005-10-25
1389,1421266,3,2005-08-16
1389,292335,4,2005-01-24
1389,1461607,4,2005-08-29
1389,248976,4,2004-10-18
1389,1852040,2,2004-10-28
1389,1112365,3,2004-11-11
1389,1878780,3,2005-09-26
1389,179682,5,2005-11-09
1389,724141,4,2005-12-07
1389,1301783,5,2004-04-19
1389,203821,4,2003-09-08
1389,2188143,3,2005-03-09
1389,2426066,3,2004-06-22
1389,280677,5,2004-05-03
1389,1681364,5,2005-05-28
1389,906667,2,2005-06-17
1389,1584139,5,2005-06-28
1389,1122791,4,2005-11-11
1389,2320697,3,2005-01-27
1389,104066,5,2005-04-11
1389,1654617,1,2005-06-28
1389,336109,5,2005-09-26
1389,1443575,5,2005-10-11
1389,847003,4,2005-02-16
1389,2429294,4,2005-05-08
1389,1124100,4,2005-05-16
1389,1442608,2,2004-06-08
1389,648277,5,2005-01-19
1389,1988192,5,2005-05-14
1389,1662445,4,2005-05-17
1389,825802,5,2005-06-01
1389,402735,3,2004-08-04
1389,1918556,4,2003-12-04
1389,2005643,5,2005-02-01
1389,1381014,5,2005-09-28
1389,847817,5,2004-06-23
1389,732975,5,2004-03-07
1389,1839652,5,2004-10-15
1389,2610012,4,2004-11-08
1389,218221,4,2005-03-19
1389,927240,4,2005-05-26
1389,2114521,5,2005-06-03
1389,1474753,3,2003-06-17
1389,133383,5,2005-08-21
1389,1474501,5,2004-01-25
1389,756304,3,2005-03-09
1389,773708,4,2005-04-08
1389,21607,4,2005-04-11
1389,857103,4,2005-06-14
1389,1125075,4,2005-09-12
1389,223119,5,2003-04-16
1389,1420786,4,2005-08-08
1389,247438,1,2004-09-27
1389,2115919,4,2004-10-18
1389,2634967,1,2005-01-10
1389,2007627,5,2005-02-18
1389,2537879,2,2005-03-19
1389,246220,5,2005-04-19
1389,683143,3,2003-09-05
1389,1796076,3,2004-03-01
1389,145601,4,2003-10-07
1389,2066438,3,2005-01-10
1389,1313368,3,2005-04-20
