1716,41412,2,2003-12-18
1716,70244,4,2004-02-29
1716,76196,1,2001-12-27
1716,2339348,2,2002-11-15
1716,2436788,3,2000-01-15
1716,200255,3,2005-06-18
1716,2244849,3,2005-04-06
1716,491331,2,2005-09-04
1716,1974221,2,2004-10-11
1716,1068656,4,2000-03-04
1716,1673185,3,2003-07-10
1716,933508,1,2004-10-12
1716,1277457,3,2005-01-19
1716,1187949,4,2005-09-20
1716,786312,4,2004-11-06
1716,2056324,3,2003-07-28
1716,1649067,3,2002-09-10
1716,31835,4,2005-11-30
1716,178860,2,2004-11-03
1716,158197,3,2004-09-13
1716,448201,5,2003-06-29
1716,1902621,4,2002-04-03
1716,1810074,3,2005-11-18
1716,1052057,2,2001-07-19
1716,1927580,4,2004-01-28
1716,1638441,4,2004-11-22
1716,2257122,4,2005-08-02
1716,1249577,3,2004-05-05
1716,912093,3,2004-06-11
1716,1539697,3,2004-11-17
1716,1691746,3,2000-04-04
1716,1567202,3,2005-12-09
1716,1056435,4,2004-09-12
1716,732682,5,2003-10-20
1716,1272379,2,2002-03-19
1716,1582794,5,2005-11-08
1716,1927597,3,2000-03-21
1716,831103,4,2002-04-06
1716,125765,2,2004-05-03
1716,2329026,4,2004-09-28
1716,1792741,3,2001-07-24
1716,2469477,2,2005-07-31
1716,636262,1,2005-08-23
1716,1166912,3,2003-05-29
1716,1527527,3,2004-09-16
1716,1124126,1,2005-08-29
1716,460747,3,2004-08-13
1716,2439493,1,2004-01-14
1716,2185614,3,2004-04-11
1716,1587833,3,2002-07-20
1716,1545709,4,2001-08-10
1716,173301,3,2002-04-15
1716,238740,3,2004-11-30
1716,57186,3,2001-10-06
1716,817339,3,2005-07-21
1716,1622535,3,2000-01-29
1716,1928290,3,2005-07-15
1716,1473980,2,2005-09-09
1716,1054341,3,2002-05-09
1716,1531029,1,2003-10-29
1716,1382209,4,2004-09-17
1716,1710306,3,2000-01-15
1716,1110156,3,2004-01-04
1716,399376,3,2000-01-18
1716,1311346,3,2000-04-03
1716,2338019,4,2004-10-21
1716,444229,3,2005-10-11
1716,2331428,2,2002-06-02
1716,1903324,1,2004-12-08
1716,1119113,3,2005-09-16
1716,2173557,4,2001-02-12
1716,818752,5,2004-07-16
1716,2424683,3,2004-08-16
1716,2355331,4,2000-08-25
1716,2600868,4,2003-11-09
1716,879760,2,2004-07-11
1716,1986034,3,2003-12-14
1716,1212887,3,2000-01-29
1716,898493,3,2002-12-25
1716,1242529,1,2005-11-08
1716,2457095,2,2004-09-15
1716,1374216,2,2005-09-23
1716,902293,3,2003-03-09
1716,1144243,4,2003-06-27
1716,760481,3,2004-11-24
1716,284660,5,2005-10-11
1716,1287892,3,2001-04-24
1716,952582,4,2004-10-19
1716,1106241,1,2005-12-09
1716,2626875,3,2005-07-27
1716,184705,3,2004-11-18
1716,1062029,2,2004-03-14
1716,341649,2,2004-01-30
1716,2464728,3,2005-10-25
1716,1294472,3,2003-06-11
1716,1852784,2,2005-01-10
1716,899762,3,2002-06-02
1716,581952,4,2005-08-12
1716,322009,3,2004-04-27
1716,1516379,4,2002-01-19
1716,480094,3,2004-09-15
1716,1332684,3,2005-07-01
1716,659526,2,2005-04-01
1716,657198,4,2005-10-26
1716,377937,1,2004-03-01
1716,2041319,3,2005-06-08
1716,2368545,5,2005-06-21
1716,1664010,4,2005-10-15
1716,787083,4,2002-04-17
1716,22432,3,2000-01-14
1716,1181609,4,2004-08-04
1716,1169634,5,2004-03-16
1716,507094,4,2004-09-12
1716,1317566,2,2004-09-24
1716,576990,1,2004-12-17
1716,2404142,3,2003-10-05
1716,2188398,4,2005-09-12
1716,2063301,2,2005-11-13
1716,2523240,3,2000-01-19
1716,862596,3,2005-10-05
1716,101807,3,2002-03-19
1716,549011,4,2004-05-22
1716,578699,3,2000-01-28
1716,2549474,5,2000-01-16
1716,2617170,5,2002-03-17
1716,873713,3,2004-10-25
1716,2264286,3,2002-11-20
1716,1321643,3,2003-08-04
1716,2135891,4,2004-10-23
1716,992021,3,2005-12-25
1716,1813328,5,2002-08-15
1716,381828,4,2004-08-05
1716,2585863,4,2003-07-27
1716,1298511,2,2003-06-28
1716,980993,3,2000-01-16
1716,348033,3,2000-01-13
1716,892469,3,2003-09-01
1716,940516,3,2004-11-30
1716,1344624,2,2005-10-06
1716,1308196,3,2003-02-11
1716,2415859,3,2005-06-19
1716,773046,2,2005-11-02
1716,325552,3,2000-01-25
1716,1961026,4,2003-03-28
1716,737114,2,2000-02-02
1716,71594,3,2000-06-29
1716,1002943,4,2005-11-01
1716,456437,3,2002-04-07
1716,139473,4,2005-01-10
1716,769481,3,2000-05-02
1716,338545,3,2005-04-11
1716,1584234,2,2005-09-23
1716,1811425,2,2000-04-15
1716,3321,2,2005-07-31
1716,2334924,5,2004-02-25
1716,2005741,3,2004-12-15
1716,2356911,3,2003-09-27
1716,1848170,3,2003-04-26
1716,1630194,3,2005-10-26
1716,2453341,4,2005-06-28
1716,529889,3,2000-01-14
1716,491531,3,2002-05-09
1716,1317671,3,2004-10-11
1716,690339,3,2005-11-03
1716,249029,2,2002-04-16
1716,1851746,3,2005-11-28
1716,2156165,3,2000-01-27
1716,574834,4,2004-08-04
1716,2329289,3,2001-10-26
1716,1559083,3,2003-08-06
1716,2606799,1,2005-05-16
1716,2463759,3,2004-08-12
1716,1628190,3,2000-01-16
1716,1769206,3,2005-06-10
1716,449597,4,2003-09-10
1716,2256485,2,2004-11-29
1716,933082,2,2002-06-22
1716,1299887,3,2005-04-03
1716,798296,2,2003-02-14
1716,1400858,1,2004-01-24
1716,682963,3,2005-06-24
1716,2013561,5,2004-02-02
1716,1370564,2,2003-06-03
1716,843912,3,2005-12-13
1716,1031600,3,2000-02-06
1716,431116,3,2005-07-30
1716,1249791,3,2000-01-26
1716,2426167,3,2000-02-22
1716,1208602,1,2005-10-25
1716,238705,4,2001-12-27
1716,74778,1,2003-06-02
1716,1627955,3,2004-09-02
1716,918015,2,2004-11-28
1716,486529,3,2000-01-18
1716,305344,5,2003-04-27
1716,1396856,1,2003-04-15
1716,2538506,1,2004-07-31
1716,2447633,2,2004-03-08
1716,1710658,3,2005-12-23
1716,2337729,3,2005-07-23
1716,1403217,2,2005-08-10
1716,1268171,5,2005-08-11
1716,2105847,2,2005-12-02
1716,1205174,4,2005-12-17
1716,290182,3,2005-08-02
1716,2397454,2,2005-09-02
1716,2152492,1,2004-11-26
1716,651230,2,2005-07-22
1716,1791615,2,2004-09-20
1716,825831,3,2005-06-07
1716,2446249,3,2005-10-14
1716,1462211,3,2005-12-20
1716,2124788,5,2000-12-26
1716,27120,5,2004-09-13
1716,2315251,2,2003-08-26
1716,2366462,3,2001-09-22
1716,1715766,3,2004-06-27
1716,555672,2,2004-03-05
1716,385594,3,2000-01-23
1716,1170618,3,2002-03-10
1716,2482075,3,2000-02-03
1716,1020214,3,2004-04-12
1716,402266,3,2004-10-16
1716,752642,2,2001-03-03
1716,1121663,3,2005-07-28
1716,1488032,4,2004-07-29
1716,369339,3,2004-09-26
1716,1127224,2,2005-05-07
1716,1986937,3,2000-02-29
1716,2056022,2,2004-11-05
1716,2499884,2,2005-10-18
1716,1292162,3,2005-11-08
1716,1312412,4,2001-07-06
1716,1498221,4,2004-08-11
1716,971176,2,2005-01-26
1716,578191,3,2005-07-17
1716,961541,3,2005-12-21
1716,1875549,3,2005-12-09
1716,1783950,3,2001-04-21
1716,2384928,5,2000-01-17
1716,1728944,4,2004-04-12
1716,2133714,3,2005-09-23
1716,1190829,3,2000-02-17
1716,489530,1,2003-02-18
1716,1912238,3,2005-01-19
1716,1204386,5,2004-02-14
1716,1005185,5,2004-07-18
1716,1806515,3,2005-09-23
1716,2118461,4,2005-12-19
1716,20223,5,2005-07-23
1716,1779229,4,2004-12-21
1716,387418,2,2003-10-10
1716,1237064,4,2005-08-21
1716,1467564,2,2004-10-05
1716,429260,3,2002-11-15
1716,1114324,3,2004-12-11
1716,266579,1,2005-03-02
1716,1391510,3,2005-11-01
1716,893014,3,2005-06-19
1716,785992,3,2003-09-23
1716,1932594,3,2004-05-02
1716,2054421,3,2004-11-29
1716,958687,3,2000-01-16
1716,2153721,2,2001-07-10
1716,356615,1,2002-05-16
1716,2120970,4,2005-08-22
1716,408645,4,2004-07-02
1716,1663888,3,2004-08-11
1716,1257336,1,2004-11-30
1716,1461435,2,2003-07-28
1716,1267805,3,2002-01-05
1716,1282507,3,2002-04-26
1716,2493406,4,2005-11-12
1716,631966,3,2000-01-24
1716,815,3,2002-06-28
1716,541796,3,2005-08-29
1716,1784020,3,2005-06-22
1716,685113,5,2005-01-10
1716,1037245,4,2005-12-27
1716,1173289,2,2002-03-27
1716,2158859,3,2002-03-27
1716,2295235,5,2005-09-23
1716,67134,2,2001-10-18
1716,1639792,1,2002-04-03
1716,1281882,4,2004-08-04
1716,2020475,2,2001-06-26
1716,57633,3,2003-01-03
1716,1507727,1,2003-03-05
1716,1130461,5,2004-03-13
1716,1638469,3,2005-11-02
1716,702581,3,2005-09-04
1716,1440251,4,2004-08-23
1716,1663664,2,2005-01-25
1716,176896,4,2004-06-08
1716,2029858,3,2004-07-18
1716,1707198,3,2004-03-02
1716,563486,2,2002-04-06
1716,1612901,3,2005-09-18
1716,2320697,1,2001-12-02
1716,315602,3,2000-04-20
1716,2010898,3,2004-09-08
1716,275551,5,2005-07-01
1716,1462534,5,2005-07-22
1716,1635449,2,2005-01-10
