9622,1436887,5,2005-07-19
9622,146200,5,2005-02-21
9622,160977,5,2005-05-02
9622,120539,4,2005-10-18
9622,2078381,4,2004-11-08
9622,782537,5,2005-10-17
9622,908205,3,2005-07-22
9622,859350,4,2004-10-30
9622,2625420,2,2004-11-01
9622,549494,5,2004-12-29
9622,1867400,4,2005-07-31
9622,1723799,4,2005-08-05
9622,2026560,5,2004-12-29
9622,975816,5,2005-01-30
9622,896173,5,2005-02-01
9622,1815614,1,2005-11-09
9622,21983,4,2005-07-17
9622,2004175,4,2004-10-29
9622,1079731,5,2005-01-29
9622,1030986,3,2005-02-21
9622,1602765,3,2005-07-04
9622,1611849,5,2005-11-26
9622,2220846,5,2005-11-29
9622,1826086,4,2005-07-25
9622,2415876,4,2005-08-26
9622,269808,4,2005-05-03
9622,2351019,4,2005-05-19
9622,200255,5,2005-07-23
9622,224358,5,2004-10-09
9622,371312,4,2004-12-30
9622,1977651,4,2005-02-07
9622,300074,1,2005-07-10
9622,1734105,4,2004-10-29
9622,303948,4,2005-04-11
9622,674169,4,2005-06-16
9622,875623,5,2005-09-25
9622,179627,5,2005-06-27
9622,1686984,4,2005-06-28
9622,1826189,4,2005-10-01
9622,1743518,4,2005-07-07
9622,500845,5,2005-09-04
9622,1599977,3,2004-10-25
9622,1196728,4,2004-12-28
9622,2066924,5,2005-05-23
9622,2487958,4,2005-11-15
9622,2323140,4,2005-07-24
9622,1914348,5,2005-02-11
9622,1277457,4,2005-04-05
9622,1462151,5,2005-04-06
9622,1220170,4,2005-04-28
9622,558108,4,2005-09-15
9622,786312,3,2004-11-18
9622,1841130,5,2005-03-15
9622,2133767,4,2005-07-18
9622,1598729,4,2004-12-16
9622,2407988,5,2005-03-15
9622,960023,4,2005-04-06
9622,894149,3,2005-04-06
9622,2135872,5,2005-05-20
9622,774681,4,2005-08-10
9622,1683601,3,2005-08-26
9622,2559803,4,2005-03-11
9622,693911,4,2005-04-27
9622,1627119,4,2005-06-19
9622,1564651,4,2005-05-31
9622,2528088,3,2005-06-17
9622,1199523,4,2005-10-07
9622,1421718,5,2005-10-20
9622,2260609,4,2005-07-07
9622,1892529,4,2004-10-13
9622,1570568,4,2005-08-19
9622,1610450,4,2004-11-02
9622,425033,4,2004-11-16
9622,406959,4,2005-11-25
9622,645523,4,2005-09-06
9622,1001129,3,2004-10-08
9622,1423956,3,2004-11-23
9622,1810074,5,2005-10-12
9622,447930,5,2005-10-18
9622,1529338,3,2004-12-17
9622,567822,3,2005-02-17
9622,1927580,4,2004-11-08
9622,574670,5,2005-07-11
9622,1332318,3,2005-01-07
9622,202667,3,2005-02-03
9622,103619,4,2005-02-28
9622,125501,5,2005-06-08
9622,2036346,5,2005-09-08
9622,2603203,5,2005-10-11
9622,1561406,5,2005-10-23
9622,763587,5,2005-07-11
9622,2319621,5,2005-07-18
9622,522654,3,2004-12-14
9622,1299082,2,2004-12-28
9622,2095263,4,2005-05-17
9622,1785196,4,2005-05-22
9622,44689,3,2005-09-06
9622,2429018,4,2005-12-05
9622,1355281,4,2005-08-08
9622,2569992,4,2004-11-02
9622,1167622,5,2005-05-04
9622,2595156,1,2005-05-18
9622,1248286,5,2005-12-18
9622,369761,4,2005-02-14
9622,1567202,4,2005-02-15
9622,1525524,5,2005-03-02
9622,1095174,4,2005-03-19
9622,1942832,5,2005-04-24
9622,427369,4,2005-01-11
9622,1648397,5,2005-10-08
9622,460117,5,2005-10-16
9622,262748,5,2005-08-26
9622,2178181,3,2005-09-05
9622,1437668,4,2004-10-18
9622,1750544,5,2005-01-12
9622,2638132,3,2005-01-23
9622,1551312,4,2005-04-23
9622,246987,5,2005-06-09
9622,1743025,4,2004-10-20
9622,489458,4,2004-11-02
9622,2015481,4,2005-04-02
9622,370257,3,2005-11-10
9622,1954885,5,2004-10-10
9622,1851603,5,2004-12-07
9622,415672,4,2005-01-06
9622,2171160,3,2005-01-11
9622,266172,4,2005-02-05
9622,1792741,4,2005-02-10
9622,1390084,5,2005-05-05
9622,1219818,4,2005-06-27
9622,1499853,5,2005-08-25
9622,1827952,5,2005-03-13
9622,2260021,5,2005-09-11
9622,2411610,4,2005-11-14
9622,172979,5,2005-11-26
9622,111085,4,2004-12-06
9622,1112672,3,2005-06-13
9622,1588845,3,2005-10-20
9622,601147,4,2005-10-22
9622,2576749,4,2005-03-11
9622,982829,5,2005-03-21
9622,249021,5,2005-07-25
9622,930552,4,2005-05-29
9622,2460018,4,2005-06-07
9622,1638221,5,2005-06-13
9622,1068821,5,2005-09-04
9622,2439493,1,2004-10-29
9622,668540,4,2004-12-11
9622,1047830,3,2004-12-18
9622,989579,4,2004-12-22
9622,180858,3,2005-03-19
9622,1475591,3,2005-07-26
9622,1945990,5,2005-08-06
9622,1661052,5,2004-12-15
9622,1952860,5,2005-04-18
9622,8121,3,2005-05-09
9622,1491835,5,2005-10-22
9622,1033053,4,2005-11-14
9622,1736931,4,2005-12-05
9622,1684232,5,2005-07-02
9622,2592823,4,2005-11-20
9622,668487,5,2005-07-25
9622,859673,3,2005-08-10
9622,765640,5,2005-02-10
9622,2550612,1,2005-03-15
9622,2329593,3,2005-09-12
9622,680681,5,2005-02-10
9622,2161461,5,2005-03-28
9622,1997160,4,2005-04-27
9622,717937,3,2005-09-28
9622,2432893,4,2004-12-03
9622,1989918,5,2005-04-26
9622,1497845,4,2005-08-15
9622,2255590,4,2004-12-25
9622,1438167,4,2005-02-22
9622,1393246,5,2005-06-17
9622,2435695,1,2005-12-31
9622,531806,3,2005-07-27
9622,991974,4,2005-01-08
9622,1548179,5,2005-02-14
9622,108805,4,2005-12-07
9622,584980,4,2005-07-23
9622,1540380,4,2005-09-07
9622,115256,3,2004-12-03
9622,758407,2,2005-03-03
9622,1928290,4,2005-05-07
9622,1041536,3,2005-08-23
9622,2462084,2,2005-07-19
9622,2427632,4,2005-08-03
9622,2040859,1,2004-11-23
9622,938294,5,2005-04-29
9622,827777,4,2005-08-01
9622,1382209,4,2004-11-29
9622,1245038,4,2004-12-08
9622,1465978,4,2005-04-11
9622,175407,5,2005-06-18
9622,1100916,4,2004-12-27
9622,2096868,3,2005-01-22
9622,1928107,5,2005-10-29
9622,10032,5,2005-08-15
9622,915974,5,2004-11-05
9622,2594064,3,2005-04-20
9622,1675978,5,2005-08-05
9622,509365,4,2004-10-18
9622,1954386,3,2004-11-09
9622,2372045,4,2004-11-11
9622,853427,4,2004-12-06
9622,1788733,5,2005-01-02
9622,480567,5,2005-07-02
9622,837155,4,2005-11-08
9622,2260496,4,2005-07-22
9622,952156,3,2004-10-31
9622,746511,3,2004-12-07
9622,650088,4,2005-02-02
9622,137500,4,2005-05-08
9622,898283,1,2004-10-03
9622,508852,3,2005-04-02
9622,98586,4,2005-09-14
9622,1339190,3,2005-07-16
9622,2178735,3,2005-08-30
9622,2600868,3,2005-01-04
9622,428653,5,2005-06-01
9622,566017,5,2005-07-08
9622,2611526,5,2005-06-23
9622,11996,4,2005-09-01
9622,2457095,2,2004-11-01
9622,1922937,2,2005-04-27
9622,1872391,5,2005-04-28
9622,1126015,5,2005-10-20
9622,1295906,5,2005-11-19
9622,236760,5,2004-11-01
9622,733230,4,2004-11-16
9622,2026558,5,2005-11-27
9622,2292844,5,2005-07-28
9622,1163442,4,2005-08-01
9622,1105029,2,2004-09-25
9622,1424650,4,2004-12-29
9622,2106376,4,2005-09-15
9622,789530,5,2005-11-02
9622,2568908,4,2005-07-24
9622,1290937,5,2004-12-20
9622,1965036,3,2005-03-07
9622,105221,4,2004-11-01
9622,1896861,5,2005-01-24
9622,1161417,5,2005-02-04
9622,1593270,4,2005-09-09
9622,1569889,4,2004-12-11
9622,554137,3,2005-01-31
9622,975931,4,2005-09-20
9622,1482775,3,2005-04-10
9622,279521,5,2004-11-28
9622,1475789,2,2005-01-11
9622,304756,5,2005-03-03
9622,1169333,4,2005-06-21
9622,493078,5,2005-09-17
9622,1640206,3,2005-12-18
9622,328439,4,2005-02-08
9622,1515189,4,2004-10-17
9622,184705,3,2004-11-18
9622,2386418,4,2004-12-09
9622,2472944,5,2005-05-03
9622,2266753,5,2005-09-11
9622,507603,1,2005-08-27
9622,1368954,5,2004-11-10
9622,1276060,3,2004-11-29
9622,1413358,5,2005-05-18
9622,2194079,5,2005-07-14
9622,1306304,4,2004-12-28
9622,1778991,4,2005-06-21
9622,1500543,4,2005-07-29
9622,1818224,4,2005-08-22
9622,986687,5,2005-01-26
9622,2705,4,2005-02-14
9622,2636046,4,2005-07-08
9622,1958179,4,2005-01-07
9622,2081757,3,2005-03-14
9622,174107,5,2005-03-28
9622,743367,4,2005-05-16
9622,1021760,5,2005-10-18
9622,1246744,5,2005-10-13
9622,706897,3,2004-11-08
9622,2327948,4,2004-12-24
9622,1643637,4,2005-01-25
9622,1214728,5,2005-03-28
9622,303263,4,2005-06-07
9622,304887,2,2005-11-15
9622,2112629,4,2005-07-14
9622,2356837,2,2005-08-21
9622,208187,5,2005-09-11
9622,424267,5,2005-01-26
9622,1973244,4,2005-03-07
9622,1954411,3,2005-07-15
9622,947536,5,2005-08-14
9622,2094929,2,2004-11-17
9622,1237290,4,2004-12-24
9622,1990362,4,2005-04-13
9622,2115291,3,2005-04-26
9622,1877483,4,2005-10-18
9622,1332226,5,2004-10-25
9622,342312,5,2005-04-04
9622,2291551,5,2005-05-16
9622,158019,5,2005-10-04
9622,2286785,5,2005-12-17
9622,981539,4,2005-08-09
9622,2476584,4,2005-08-23
9622,2337950,5,2005-08-27
9622,1535125,3,2004-10-26
9622,2224178,4,2005-01-25
9622,2586598,4,2005-04-05
9622,367057,4,2005-09-23
9622,1664010,5,2005-10-15
9622,1080929,4,2005-10-27
9622,299845,4,2005-08-22
9622,2257296,4,2005-04-03
9622,787083,4,2005-05-09
9622,1663236,3,2005-10-07
9622,330104,4,2005-11-13
9622,396661,3,2005-05-08
9622,1485270,5,2005-07-05
9622,2253854,5,2004-11-01
9622,344411,4,2005-09-20
9622,1181609,5,2005-09-27
9622,787658,3,2005-11-07
9622,2465683,4,2004-10-18
9622,2436529,3,2004-11-30
9622,2002241,5,2005-04-02
9622,1207990,4,2005-04-11
9622,2514010,3,2005-09-20
9622,1207192,5,2005-05-07
9622,247474,4,2005-05-28
9622,421237,5,2005-02-19
9622,1296679,2,2005-08-18
9622,2018908,5,2005-02-07
9622,2553640,4,2005-03-08
9622,1435721,4,2005-03-22
9622,1351751,3,2005-03-27
9622,1397311,5,2005-06-08
9622,731306,5,2005-01-07
9622,674346,4,2005-04-30
9622,1431134,1,2005-06-24
9622,66877,5,2005-10-02
9622,2135891,5,2005-04-24
9622,2256731,1,2005-05-15
9622,1355955,4,2005-09-30
9622,1779860,5,2005-10-03
9622,1720313,5,2005-08-09
9622,1168397,3,2004-10-31
9622,1014439,5,2005-04-06
9622,2311304,2,2005-04-24
9622,2576593,4,2005-05-17
9622,242308,4,2005-06-14
9622,1254404,4,2005-11-04
9622,968184,1,2005-08-08
9622,1419816,4,2004-10-08
9622,1894895,4,2005-01-10
9622,1689330,3,2005-01-11
9622,1003108,3,2005-02-10
9622,664780,2,2005-04-23
9622,2465601,5,2005-10-16
9622,2507467,4,2004-12-08
9622,2511165,4,2005-06-20
9622,1094767,4,2005-11-06
9622,1964566,4,2005-12-11
9622,2627357,5,2004-12-28
9622,1877773,4,2005-03-07
9622,230252,4,2005-03-15
9622,122019,4,2005-05-23
9622,973314,4,2004-12-14
9622,992668,4,2004-12-30
9622,2615816,4,2005-01-04
9622,942513,5,2005-08-25
9622,669553,4,2005-03-16
9622,1637750,1,2005-05-15
9622,660435,4,2005-07-22
9622,2559676,4,2005-07-26
9622,887619,5,2004-10-17
9622,2607373,4,2005-03-09
9622,272912,4,2005-04-05
9622,2223033,5,2005-05-21
9622,2599718,3,2005-09-29
9622,1114187,3,2005-03-27
9622,1085864,4,2005-10-18
9622,475487,4,2005-09-02
9622,2607455,5,2005-05-23
9622,432325,4,2005-07-03
9622,1663717,4,2005-12-07
9622,2205636,4,2005-08-01
9622,1122030,5,2004-12-12
9622,797889,5,2005-02-09
9622,117368,4,2005-07-18
9622,2234279,4,2005-07-24
9622,1507065,5,2005-02-18
9622,1684613,4,2005-05-09
9622,685565,5,2005-10-05
9622,2645276,4,2005-03-03
9622,2223839,5,2005-05-26
9622,692829,5,2005-06-23
9622,303748,4,2004-12-04
9622,2518168,5,2004-10-14
9622,2314733,5,2004-11-07
9622,718564,3,2005-01-31
9622,2389781,5,2005-02-12
9622,877320,4,2005-09-16
9622,667053,5,2005-10-11
9622,2025284,5,2005-10-18
9622,2167399,4,2005-08-05
9622,2212895,5,2005-02-03
9622,2118155,5,2005-02-17
9622,779359,4,2005-06-02
9622,2493236,3,2005-10-22
9622,115240,5,2005-07-31
9622,241330,5,2004-12-07
9622,1069534,5,2005-01-05
9622,383642,5,2005-03-15
9622,357246,5,2005-03-27
9622,1701980,4,2005-05-12
9622,1172530,5,2005-06-16
9622,123564,4,2005-06-21
9622,361829,5,2005-12-01
9622,2072811,3,2005-08-08
9622,1416785,1,2004-12-26
9622,2124730,3,2005-01-24
9622,451096,4,2005-04-05
9622,1932315,4,2005-04-15
9622,2454801,5,2005-10-19
9622,1013156,4,2005-10-24
9622,2504054,5,2005-02-07
9622,214501,5,2005-03-16
9622,574834,5,2005-04-07
9622,1644709,4,2005-02-06
9622,2606799,2,2005-03-09
9622,2384063,2,2005-03-21
9622,1213751,5,2005-08-02
9622,2257693,4,2005-05-09
9622,690747,4,2005-05-12
9622,2117006,5,2005-09-05
9622,1633859,5,2005-10-07
9622,1316788,1,2005-08-01
9622,1146000,2,2004-12-04
9622,1360750,4,2005-08-31
9622,2165079,4,2004-10-21
9622,887873,4,2004-10-23
9622,565070,5,2005-02-11
9622,1207838,5,2005-03-06
9622,1949332,5,2005-03-27
9622,2158266,5,2005-10-27
9622,2256485,1,2004-11-09
9622,431892,3,2005-01-10
9622,740539,4,2005-10-25
9622,974797,3,2005-10-28
9622,183689,4,2004-12-08
9622,929283,4,2004-12-21
9622,481178,5,2005-02-04
9622,1511623,4,2005-02-16
9622,1208904,3,2005-04-03
9622,1050931,4,2005-04-20
9622,2512258,4,2005-10-04
9622,1871917,4,2005-12-24
9622,1632854,5,2005-08-26
9622,1532716,2,2005-11-14
9622,2498990,4,2004-12-22
9622,1335048,4,2005-03-21
9622,2376413,5,2005-07-23
9622,1311916,4,2005-07-26
9622,2626197,3,2005-04-11
9622,1220542,5,2005-09-10
9622,2266432,4,2005-06-24
9622,2281417,5,2004-12-30
9622,352553,3,2005-04-26
9622,1377941,4,2005-01-19
9622,1551251,4,2005-02-18
9622,371349,3,2005-05-06
9622,1592266,4,2005-07-18
9622,881085,5,2005-08-20
9622,1834315,4,2005-02-26
9622,2193337,4,2004-12-30
9622,1144516,5,2005-01-24
9622,2349448,4,2005-03-01
9622,851314,5,2005-03-10
9622,2588872,4,2005-04-04
9622,244903,4,2005-08-02
9622,1453137,5,2005-02-28
9622,868017,5,2005-06-10
9622,1875014,3,2005-11-07
9622,305344,1,2004-09-25
9622,1409829,5,2005-09-11
9622,2449279,4,2004-12-10
9622,1334516,4,2004-12-10
9622,1333864,4,2005-03-21
9622,947574,4,2005-05-04
9622,1261931,4,2005-06-06
9622,1835080,4,2005-10-31
9622,10251,4,2004-12-29
9622,1358714,4,2005-01-10
9622,1268171,4,2005-03-09
9622,1523710,5,2005-04-06
9622,2312971,4,2005-04-28
9622,637596,4,2005-03-23
9622,1241165,4,2005-04-25
9622,416892,3,2005-06-18
9622,2147527,1,2005-11-18
9622,893998,5,2005-04-12
9622,767591,5,2005-05-01
9622,651230,1,2005-05-26
9622,866419,4,2005-10-18
9622,1636337,4,2005-11-14
9622,79835,5,2005-09-24
9622,2039684,5,2005-10-07
9622,1015774,4,2005-10-15
9622,2061180,5,2005-06-14
9622,1327840,5,2005-06-23
9622,138835,2,2005-07-05
9622,2572807,4,2005-10-06
9622,405416,4,2005-08-27
9622,902980,5,2005-09-01
9622,2099003,5,2004-12-28
9622,2150746,4,2005-01-11
9622,2614562,5,2005-04-07
9622,1559947,4,2005-05-27
9622,862928,4,2005-06-26
9622,1494268,1,2005-09-16
9622,1462211,4,2005-10-26
9622,2276279,4,2005-07-07
9622,1212557,4,2005-07-16
9622,1871816,4,2004-11-27
9622,275743,4,2004-11-19
9622,990639,4,2005-02-23
9622,2465985,4,2005-05-13
9622,1613267,5,2005-02-07
9622,2443281,4,2005-04-06
9622,1143540,5,2005-01-23
9622,889687,4,2005-02-25
9622,669635,3,2005-04-11
9622,49142,3,2005-04-30
9622,1148221,4,2005-06-22
9622,2478472,4,2005-06-15
9622,1488616,5,2004-11-07
9622,193212,5,2004-12-21
9622,981307,4,2005-01-30
9622,2496938,4,2005-03-09
9622,1663395,5,2005-11-24
9622,1620175,5,2005-12-28
9622,484528,4,2005-08-19
9622,1553129,4,2005-01-03
9622,842359,5,2005-03-11
9622,1264906,5,2005-04-05
9622,1934002,3,2005-12-23
9622,1885503,4,2005-12-31
9622,2363842,3,2005-07-08
9622,127165,4,2005-07-11
9622,2573432,3,2004-12-20
9622,1035969,5,2005-05-25
9622,2123847,4,2005-02-20
9622,2035541,4,2005-02-05
9622,544778,4,2005-03-21
9622,2622866,4,2005-03-23
9622,2614949,5,2005-04-06
9622,851144,3,2005-05-01
9622,2192829,4,2005-11-23
9622,1634596,4,2004-11-29
9622,555528,1,2005-03-22
9622,1365371,4,2005-10-06
9622,1107588,4,2005-12-10
9622,1274966,5,2005-12-16
9622,479092,3,2005-07-28
9622,1485662,4,2005-01-19
9622,2409121,3,2005-09-14
9622,735074,4,2004-11-29
9622,723144,5,2005-02-21
9622,2008705,3,2005-03-15
9622,2043809,3,2005-10-08
9622,1503698,5,2005-10-22
9622,1646271,2,2005-10-26
9622,1496118,4,2005-07-26
9622,1155087,4,2005-08-18
9622,1600696,4,2005-01-19
9622,1753554,4,2005-01-24
9622,2160851,4,2005-11-09
9622,140561,2,2005-11-14
9622,1948253,3,2004-12-27
9622,1802098,4,2004-10-24
9622,2526533,4,2004-11-13
9622,354581,4,2004-11-16
9622,1192595,4,2005-05-02
9622,2075165,5,2005-08-08
9622,1867337,3,2005-03-14
9622,2425339,5,2005-03-20
9622,982586,3,2005-09-12
9622,300819,5,2005-10-29
9622,1543701,4,2005-04-11
9622,2545709,5,2004-11-04
9622,2406724,4,2004-12-23
9622,1164175,5,2005-07-22
9622,2263326,5,2005-06-20
9622,1875549,3,2005-07-04
9622,1154786,4,2005-09-06
9622,1037705,5,2005-07-18
9622,1511741,5,2005-08-02
9622,2164462,4,2005-08-07
9622,961675,4,2005-08-31
9622,1359607,4,2005-01-20
9622,432404,4,2005-03-09
9622,1712289,5,2005-04-11
9622,2046509,3,2005-02-20
9622,1071153,5,2005-07-31
9622,772486,3,2005-03-19
9622,2133714,5,2005-04-02
9622,1042848,4,2005-05-07
9622,1804246,5,2005-09-08
9622,71743,4,2005-02-01
9622,1628185,4,2005-04-02
9622,820511,4,2005-04-14
9622,2118461,4,2005-09-13
9622,1447593,4,2005-01-07
9622,761425,5,2005-04-04
9622,1638460,3,2005-05-06
9622,1822560,4,2005-11-30
9622,102255,4,2005-11-10
9622,372910,5,2005-11-02
9622,387418,1,2004-11-19
9622,1699254,5,2005-06-28
9622,841869,3,2005-12-28
9622,5827,5,2004-09-25
9622,955102,4,2004-10-13
9622,1725375,5,2005-01-09
9622,151120,4,2005-04-12
9622,1920218,4,2005-05-23
9622,2603678,4,2005-07-04
9622,301141,3,2005-09-16
9622,497125,5,2005-10-22
9622,407830,3,2005-11-08
9622,2511211,3,2005-11-15
9622,154698,3,2005-11-28
9622,1095284,4,2005-12-09
9622,671319,4,2005-11-09
9622,397212,1,2005-02-10
9622,752668,4,2005-01-10
9622,1289712,4,2005-02-27
9622,2004435,5,2005-04-28
9622,370622,3,2005-05-22
9622,785992,3,2004-10-01
9622,508480,3,2005-03-19
9622,859092,5,2005-05-31
9622,2586415,5,2005-08-09
9622,2330287,4,2005-08-09
9622,895819,4,2004-11-15
9622,347428,4,2005-01-24
9622,1285994,4,2005-01-31
9622,270477,5,2005-08-01
9622,2120970,4,2005-08-22
9622,2540506,4,2005-01-11
9622,650647,3,2005-02-13
9622,1498772,4,2005-04-11
9622,159776,4,2005-08-24
9622,2096620,5,2004-12-23
9622,2017716,5,2005-09-21
9622,808523,3,2005-11-15
9622,2482605,4,2004-12-14
9622,2224487,4,2004-12-17
9622,326330,4,2005-01-04
9622,2555055,4,2005-06-11
9622,2056554,4,2005-01-19
9622,1386193,5,2005-05-10
9622,979847,5,2005-08-08
9622,1741534,4,2005-05-19
9622,372743,4,2005-08-19
9622,1714743,4,2005-01-19
9622,403948,5,2005-08-05
9622,2394623,4,2005-02-14
9622,1127081,2,2004-12-06
9622,1117474,4,2005-05-28
9622,813498,5,2005-06-02
9622,1353208,4,2005-06-12
9622,898458,5,2005-09-15
9622,432546,5,2005-07-11
9622,814013,4,2005-06-20
9622,2440427,4,2005-09-02
9622,106574,4,2005-05-11
9622,113983,4,2004-10-19
9622,2195004,5,2004-10-27
9622,2579061,5,2004-12-01
9622,777731,5,2005-02-05
9622,2436452,4,2005-02-10
9622,518137,2,2005-09-19
9622,740397,3,2004-12-13
9622,1570434,4,2004-12-20
9622,2111611,4,2005-01-19
9622,1322878,5,2005-06-08
9622,1283290,5,2005-10-24
9622,2569015,5,2005-08-21
9622,146587,4,2005-12-20
9622,2213560,4,2004-11-18
9622,2284958,4,2005-11-03
9622,770945,5,2005-07-05
9622,2080494,4,2005-07-29
9622,1541053,5,2005-08-17
9622,1491101,5,2004-10-21
9622,775020,4,2005-05-08
9622,1397235,3,2005-07-01
9622,805373,4,2005-11-15
9622,1508067,5,2004-11-27
9622,902738,4,2005-07-16
9622,391521,4,2005-07-29
9622,458475,5,2005-02-20
9622,247120,3,2004-12-16
9622,1023208,4,2005-02-07
9622,734713,4,2005-03-11
9622,319647,3,2005-03-13
9622,996175,4,2005-07-15
9622,2058752,4,2005-06-24
9622,2093639,4,2005-10-12
9622,428688,4,2005-07-31
9622,206893,5,2004-11-29
9622,1115740,4,2004-12-06
9622,1603468,4,2004-12-14
9622,1354827,3,2005-03-17
9622,2489585,4,2005-05-28
9622,1079078,3,2005-11-07
9622,1980732,4,2005-08-27
9622,1764962,5,2005-03-15
9622,622093,3,2005-05-17
9622,2018649,4,2005-09-15
9622,1654508,4,2004-12-27
9622,293417,4,2005-03-22
9622,712096,4,2005-04-09
9622,2293751,3,2005-11-09
9622,769979,5,2005-12-26
9622,220213,5,2004-12-14
9622,1300759,3,2005-01-03
9622,784112,5,2005-03-03
