15502,528098,1,2005-08-12
15502,512852,2,2005-04-18
15502,306466,2,2005-09-19
15502,2338545,2,2000-07-04
15502,1650931,4,2004-10-16
15502,2455594,1,2004-12-27
15502,955916,2,2003-11-22
15502,524211,1,2003-05-26
15502,2375761,2,2004-09-09
15502,1345964,2,2004-06-28
15502,2547935,5,2001-05-22
15502,620443,4,2002-11-13
15502,2027763,1,2004-12-24
15502,2044715,3,2005-01-19
15502,788994,1,2005-01-19
15502,2030845,4,2005-05-02
15502,1897382,1,2004-05-03
15502,1182411,2,2004-10-20
15502,369848,3,2004-11-18
15502,2125428,3,2005-09-23
15502,618841,3,2000-03-08
15502,2198653,4,2004-10-07
15502,303948,2,2005-03-28
15502,599628,3,2003-07-08
15502,153249,3,2003-03-20
15502,1346301,2,2005-02-23
15502,1673185,3,2005-09-13
15502,1860412,4,2002-04-24
15502,404652,2,2003-12-30
15502,1189269,5,2005-02-12
15502,309333,2,2005-09-19
15502,306199,2,2002-08-15
15502,2443370,1,2004-07-02
15502,570414,3,2004-06-27
15502,525356,3,2004-11-14
15502,696969,3,2005-05-30
15502,1552276,2,2000-07-20
15502,1372463,3,2004-05-11
15502,1189678,5,2005-06-14
15502,470500,2,2000-04-11
15502,2364018,3,2002-11-16
15502,1416836,2,2005-01-03
15502,960036,5,2003-06-12
15502,1003967,1,2005-05-27
15502,1559022,3,2003-03-17
15502,1557002,1,2004-01-20
15502,878038,2,2005-02-14
15502,1839064,3,2005-03-06
15502,431490,3,2005-10-31
15502,1025618,1,2002-07-31
15502,1866197,2,2005-03-02
15502,789969,2,2005-03-28
15502,257294,3,2005-11-16
15502,1738830,1,2005-03-23
15502,938934,3,2005-10-25
15502,131683,3,2003-01-10
15502,213296,1,2005-05-16
15502,1398685,3,2005-06-14
15502,2526173,3,2005-08-23
15502,215406,2,2003-05-29
15502,2454589,1,2004-06-19
15502,1271796,1,2002-12-28
15502,466778,2,2004-03-07
15502,274662,2,2004-06-10
15502,434567,1,2005-04-19
15502,1863224,3,2003-08-12
15502,1206842,1,2003-05-29
15502,2396118,3,2003-07-08
15502,1498767,1,2003-01-05
15502,1918957,2,2005-07-05
15502,1119165,1,2003-06-11
15502,91782,1,2003-10-20
15502,1049825,3,2003-09-25
15502,405828,3,2005-12-15
15502,364679,3,2000-03-13
15502,1792741,1,2004-06-28
15502,338368,3,2001-11-21
15502,521985,1,2002-07-10
15502,2411610,3,2002-08-24
15502,126230,4,2005-05-15
15502,1304280,3,2003-08-08
15502,2507129,4,2004-11-11
15502,1234830,1,2005-04-13
15502,1894052,1,2005-08-29
15502,863923,1,2005-05-05
15502,2506266,2,2005-09-14
15502,777716,1,2005-01-04
15502,1912002,3,2005-10-09
15502,1131926,1,2002-03-14
15502,1463088,3,2004-05-06
15502,2439493,1,2002-07-13
15502,2542215,1,2003-07-09
15502,566255,1,2005-07-25
15502,1204833,2,2004-05-04
15502,307320,2,2003-09-19
15502,1989750,2,2004-10-19
15502,772738,3,2005-01-24
15502,609742,3,2003-10-16
15502,1436522,1,2003-04-29
15502,696445,3,2005-02-16
15502,2501601,1,2005-09-14
15502,2301514,3,2005-10-20
15502,1542310,3,2003-01-16
15502,2642209,3,2005-02-19
15502,2442283,3,2004-12-08
15502,68102,4,2005-05-12
15502,168527,4,2002-07-09
15502,450438,2,2003-11-29
15502,1422833,3,2004-09-21
15502,2455340,1,2005-06-16
15502,2087189,3,2005-10-19
15502,1253877,1,2000-01-26
15502,1570077,2,2004-01-23
15502,43177,1,2003-12-08
15502,2366644,1,2003-08-08
15502,47495,2,2005-09-27
15502,2173904,3,2005-12-06
15502,2345098,1,2005-07-10
15502,2111692,3,2002-03-13
15502,1731825,3,2005-07-29
15502,1073478,4,2005-04-20
15502,1534723,3,2003-09-13
15502,2216105,3,2002-12-03
15502,141876,3,2005-03-28
15502,1136807,1,2002-03-02
15502,1473980,3,2005-08-28
15502,1393307,5,2004-11-05
15502,1129347,1,2005-03-16
15502,1477137,2,2005-04-24
15502,1273193,3,2005-02-16
15502,1156035,3,2004-03-26
15502,2648906,1,2003-05-14
15502,1110156,2,2003-05-17
15502,1993440,2,2003-09-09
15502,746892,2,2002-12-18
15502,220775,4,2003-08-04
15502,1371678,2,2002-01-15
15502,2095640,2,2003-01-16
15502,1227730,2,2003-08-25
15502,1159247,4,2005-04-07
15502,477165,1,2005-02-09
15502,2581605,3,2005-04-19
15502,1500810,1,2002-08-13
15502,1020599,1,2004-08-27
15502,2447492,3,2005-04-20
15502,2576676,1,2005-05-02
15502,1910370,1,2005-05-07
15502,793171,2,2000-11-29
15502,1793530,4,2002-06-29
15502,1712784,2,2003-12-25
15502,2082864,3,2005-11-17
15502,596995,4,2003-05-06
15502,2161835,3,2004-04-17
15502,2592898,4,2004-04-02
15502,715923,2,2005-04-20
15502,728312,2,2005-11-29
15502,1378339,1,2000-03-11
15502,1876520,1,2002-05-06
15502,891536,2,2003-07-14
15502,2418314,1,2005-04-07
15502,66885,5,2001-06-12
15502,1297622,1,2003-03-23
15502,881355,5,2004-02-23
15502,616173,3,2004-03-14
15502,2494707,2,2004-04-25
15502,2108443,1,2005-11-22
15502,170870,1,2003-10-21
15502,590607,3,2003-06-10
15502,886059,5,2004-03-12
15502,2622066,5,2003-10-08
15502,1117356,5,2003-05-28
15502,501719,1,2002-07-21
15502,1497505,3,2004-03-28
15502,162926,2,2004-02-27
15502,735560,5,2001-04-29
15502,2190310,1,2001-03-17
15502,2363261,1,2002-06-14
15502,1738333,3,2005-08-31
15502,812796,3,2005-07-13
15502,751145,2,2002-06-04
15502,973443,2,2003-08-17
15502,767958,3,2001-05-22
15502,1114364,4,2001-02-11
15502,1069240,4,2005-08-05
15502,998502,3,2001-09-05
15502,1043599,1,2005-04-05
15502,507603,1,2005-09-11
15502,637266,3,2005-10-16
15502,272942,1,2002-02-21
15502,487631,2,2003-07-15
15502,1330032,2,2003-10-23
15502,1109837,5,2004-12-04
15502,2101646,5,2004-05-05
15502,2162729,2,2004-02-15
15502,1742476,3,2004-03-25
15502,2064713,2,2004-11-10
15502,469318,5,2005-01-19
15502,2210523,5,2005-01-09
15502,2083367,3,2002-11-13
15502,2055243,2,2004-10-05
15502,1676413,1,2005-07-17
15502,1495111,2,2005-07-21
15502,281392,3,2005-08-17
15502,2302438,4,2004-11-07
15502,1714897,3,2000-03-29
15502,311875,1,2000-05-14
15502,2059274,2,2004-07-02
15502,391161,3,2005-11-08
15502,2258828,2,2005-11-16
15502,1072072,2,2002-10-18
15502,1478134,2,2004-01-01
15502,1032165,1,2003-11-17
15502,701960,3,2004-08-19
15502,1664010,3,2005-10-12
15502,626407,1,2004-08-14
15502,522473,3,2004-09-26
15502,1981138,3,2005-05-25
15502,2133579,2,2005-09-16
15502,907023,3,2003-06-12
15502,2374782,3,2004-07-03
15502,830932,4,2000-03-04
15502,2298007,1,2004-09-05
15502,1531695,3,2005-10-13
15502,58995,4,2005-05-26
15502,715607,1,2002-06-25
15502,2265561,2,2004-06-29
15502,2430181,2,2003-12-12
15502,2047578,3,2002-01-22
15502,2152856,3,2004-01-22
15502,998198,4,2005-06-26
15502,1104884,5,2001-06-10
15502,286684,3,2004-02-10
15502,1688864,2,2005-07-25
15502,993550,3,2002-08-16
15502,111999,2,2004-12-18
15502,2004105,4,2005-12-12
15502,703504,3,2001-01-29
15502,328839,1,2003-08-28
15502,1885932,3,2004-08-02
15502,73918,2,2005-03-20
15502,1503372,4,2005-11-30
15502,247005,2,2004-11-27
15502,223379,3,2004-01-19
15502,2459229,1,2002-09-10
15502,2210909,2,2001-06-01
15502,1483098,3,2002-10-11
15502,103699,4,2004-04-04
15502,2087937,3,2004-08-27
15502,2303705,5,2004-12-06
15502,1753949,2,2005-12-08
15502,446889,1,2003-05-02
15502,40056,3,2004-07-29
15502,1327005,3,2004-11-09
15502,1182251,1,2005-02-15
15502,315894,1,2002-03-03
15502,2413320,1,2004-02-16
15502,385191,3,2004-09-17
15502,123392,3,2005-05-05
15502,2442356,1,2005-05-09
15502,444053,2,2003-08-17
15502,331875,2,2005-09-29
15502,2630958,3,2003-06-02
15502,1149495,5,2005-09-13
15502,2174795,1,2005-10-30
15502,39568,1,2004-07-07
15502,808435,1,2003-07-29
15502,1765372,2,2005-01-13
15502,1701835,1,2005-02-11
15502,598548,1,2003-02-13
15502,1519861,3,2003-02-20
15502,189083,2,2004-03-20
15502,2087627,2,2004-01-09
15502,1353529,2,2004-11-08
15502,858947,4,2005-02-17
15502,531533,3,2003-06-16
15502,603999,4,2003-12-08
15502,491531,1,2002-05-09
15502,2519299,3,2004-06-30
15502,2284890,3,2005-03-14
15502,563705,2,2005-12-17
15502,70281,1,2003-05-21
15502,2222062,2,2005-03-08
15502,2536427,1,2004-02-24
15502,2215647,3,2005-05-04
15502,1835795,2,2005-10-14
15502,587361,2,2002-02-19
15502,2365141,1,2003-08-19
15502,1488439,5,2002-11-16
15502,538024,1,2005-01-08
15502,2606799,1,2005-04-17
15502,1070582,1,2005-11-13
15502,1084108,4,2003-07-14
15502,1910058,5,2002-07-22
15502,1345636,2,2003-10-16
15502,1807475,4,2005-08-15
15502,1330311,3,2004-12-31
15502,1373069,5,2003-03-12
15502,129179,1,2004-11-16
15502,716173,3,2004-12-30
15502,2613850,2,2005-04-18
15502,1309691,3,2003-12-26
15502,331278,2,2003-10-12
15502,504624,2,2003-02-27
15502,2295594,3,2002-06-30
15502,798296,1,2002-10-19
15502,1669107,3,2003-07-01
15502,1480841,5,2005-05-03
15502,1397082,3,2004-03-04
15502,591072,4,2005-10-17
15502,1619179,2,2000-03-05
15502,65003,3,2004-03-12
15502,1290148,1,2004-11-15
15502,1782323,3,2004-11-05
15502,2234687,3,2004-12-18
15502,288740,1,2003-06-05
15502,907338,4,2004-01-16
15502,2394024,4,2005-01-10
15502,265257,1,2004-02-24
15502,586704,4,2004-03-21
15502,29204,1,2005-08-21
15502,1260952,4,2004-04-22
15502,1230822,1,2002-04-20
15502,305344,1,2003-03-29
15502,2607494,3,2005-08-08
15502,1165862,2,2004-05-10
15502,983558,3,2005-05-25
15502,87688,1,2003-03-25
15502,2208730,4,2004-04-25
15502,844028,3,2003-08-29
15502,702585,4,2004-07-10
15502,571779,5,2004-06-09
15502,1066934,1,2005-05-19
15502,275058,3,2002-12-03
15502,561419,2,2003-05-09
15502,1403217,2,2005-12-22
15502,522615,3,2003-09-27
15502,2117724,1,2004-09-08
15502,802489,3,2002-11-27
15502,1087472,4,2005-06-21
15502,340166,1,2000-03-14
15502,2030141,4,2004-08-18
15502,476695,1,2004-02-29
15502,2450942,2,2004-10-16
15502,2634298,5,2005-02-14
15502,328642,3,2005-03-09
15502,2344470,3,2005-08-19
15502,2066199,4,2005-08-25
15502,2244394,3,2004-02-12
15502,892116,3,2004-06-02
15502,277258,3,2005-10-05
15502,413229,2,2004-01-29
15502,2322592,2,2004-05-10
15502,1076693,3,2005-12-28
15502,2167896,2,2004-11-07
15502,1586276,1,2002-08-06
15502,888463,5,2004-03-19
15502,1868902,1,2002-07-31
15502,635758,3,2003-05-03
15502,1026014,2,2003-04-08
15502,2315130,3,2005-04-04
15502,1480142,1,2005-09-13
15502,1663395,1,2002-09-18
15502,1590456,4,2003-11-19
15502,580251,2,2005-07-11
15502,1565082,2,2005-07-16
15502,1945316,2,2003-10-15
15502,2465537,1,2005-03-23
15502,2552576,3,2005-11-18
15502,116838,1,2000-03-03
15502,2003634,3,2002-06-05
15502,752642,1,2002-01-11
15502,903296,3,2005-07-13
15502,2587909,3,2004-11-07
15502,956297,4,2004-11-09
15502,6460,1,2005-02-23
15502,515993,3,2000-02-18
15502,826696,3,2003-02-12
15502,1435594,1,2005-02-15
15502,1425521,3,2004-04-26
15502,1107475,1,2003-10-13
15502,551208,3,2003-10-09
15502,2041382,3,2005-02-02
15502,2056022,2,2005-01-20
15502,1615850,2,2004-01-18
15502,2077357,3,2003-04-25
15502,907347,2,2002-07-19
15502,1722054,5,2003-08-26
15502,1907354,2,2004-10-01
15502,2607433,3,2004-03-16
15502,1327900,1,2004-10-13
15502,1474260,3,2002-05-24
15502,1283802,4,2005-04-26
15502,1563459,2,2004-03-05
15502,2176465,1,2005-03-21
15502,1952831,3,2005-06-04
15502,455810,4,2005-10-04
15502,411290,3,2004-01-09
15502,1093643,3,2004-03-15
15502,2284041,3,2003-03-03
15502,1964313,4,2003-12-04
15502,214076,1,2004-05-12
15502,1975707,3,2004-06-25
15502,261506,3,2005-04-19
15502,2114436,4,2003-05-21
15502,678552,1,2004-11-03
15502,2556132,3,2002-03-30
15502,1093075,3,2003-06-01
15502,1495747,1,2003-05-28
15502,1252769,3,2005-08-31
15502,2118461,3,2005-12-18
15502,842769,3,2003-04-12
15502,1296497,1,2002-08-04
15502,157805,1,2005-02-13
15502,1925266,3,2005-12-11
15502,446674,1,2001-02-07
15502,255470,3,2005-01-01
15502,2254751,2,2001-07-27
15502,387418,3,2003-08-21
15502,1230857,1,2000-09-10
15502,889734,2,2004-10-18
15502,289992,2,2003-07-22
15502,912577,4,2005-02-20
15502,935998,3,2004-09-02
15502,1114324,3,2005-02-26
15502,1108576,4,2000-12-28
15502,732716,2,2004-02-25
15502,2487127,1,2004-03-29
15502,1670645,1,2002-11-14
15502,1227620,2,2004-09-14
15502,1122498,1,2005-11-17
15502,1749656,1,2002-05-30
15502,37409,2,2004-04-11
15502,16273,3,2003-08-25
15502,794999,5,2004-06-08
15502,1121106,2,2004-11-14
15502,1884698,3,2005-02-03
15502,1073300,3,2005-09-25
15502,246880,5,2004-08-19
15502,2002484,1,2004-10-10
15502,1553545,1,2005-12-10
15502,739313,2,2005-02-19
15502,469588,3,2005-08-20
15502,870421,2,2005-08-27
15502,1663888,3,2004-10-20
15502,2009400,3,2005-09-20
15502,1628841,3,2001-10-23
15502,1461435,1,2002-02-04
15502,2308600,3,2005-11-30
15502,707873,3,2000-08-19
15502,1072730,2,2004-11-04
15502,1674535,4,2005-01-19
15502,981423,1,2003-07-01
15502,1453265,2,2002-07-21
15502,2353213,2,2005-04-27
15502,1037245,3,2005-12-28
15502,2418823,3,2001-09-21
15502,2130289,5,2004-02-06
15502,191869,3,2001-05-01
15502,1084999,2,2003-02-21
15502,1148376,4,2002-08-20
15502,840419,4,2004-03-17
15502,2105765,2,2003-12-22
15502,1639792,1,2002-04-05
15502,2430930,2,2003-10-17
15502,2111055,3,2004-11-23
15502,1303581,2,2005-11-25
15502,1504089,2,2003-08-03
15502,642866,1,2000-11-12
15502,2143500,3,2005-02-07
15502,20036,4,2005-03-11
15502,1127117,1,2002-05-23
15502,1294397,2,2004-05-03
15502,1176502,2,2005-06-26
15502,2136526,3,2002-12-20
15502,1044649,1,2003-10-31
15502,475734,5,2004-03-08
15502,2353534,1,2004-10-05
15502,1184587,3,2004-10-27
15502,1239512,4,2005-07-14
15502,1633729,1,2003-01-26
15502,219481,2,2003-07-21
15502,2083121,2,2004-10-23
15502,138649,1,2005-12-19
15502,1838390,1,2000-06-19
15502,2080664,3,2002-12-23
15502,648505,1,2005-01-31
15502,787209,2,2005-12-19
15502,1426399,1,2004-07-24
15502,653747,2,2005-07-16
15502,878821,4,2003-04-07
15502,211064,4,2002-10-26
15502,2049734,3,2003-01-19
15502,1707198,3,2004-03-26
15502,1313557,3,2000-02-24
15502,1987400,3,2004-11-26
15502,810771,4,2002-11-24
15502,982594,2,2003-06-09
15502,229439,1,2003-05-09
15502,98922,1,2004-04-13
15502,1968070,4,2004-11-23
15502,1157962,3,2004-11-30
15502,1833140,2,2005-01-31
15502,1566875,2,2003-08-25
15502,1042086,1,2004-12-13
15502,2306815,1,2005-04-30
15502,2121978,2,2004-07-15
15502,1741700,4,2005-02-17
15502,2242475,2,2005-10-17
15502,188613,3,2002-12-25
15502,2219917,1,2003-02-12
15502,1930089,5,2003-10-26
15502,2076482,3,2004-11-01
15502,684648,3,2005-04-11
15502,1257571,2,2005-09-12
15502,1561647,3,2004-03-01
15502,1116498,1,2004-07-30
15502,611620,3,2005-04-18
15502,632961,2,2005-05-25
15502,2628029,2,2003-07-23
15502,2224158,4,2003-07-16
15502,442222,2,2004-03-15
15502,453585,3,2005-03-21
