6476,716091,4,2005-07-18
6476,1604980,4,2005-03-28
6476,1109700,5,2004-12-14
6476,573364,5,2005-03-04
6476,876388,3,2005-05-16
6476,1622320,4,2005-05-19
6476,146851,3,2005-05-23
6476,1917746,4,2005-06-08
6476,2216413,4,2005-08-02
6476,2514465,2,2004-09-28
6476,1394327,4,2004-12-02
6476,755443,3,2005-06-21
6476,669662,3,2005-12-20
6476,2484814,3,2005-08-26
6476,126998,3,2004-09-30
6476,900977,1,2004-09-28
6476,157521,5,2004-10-03
6476,215762,4,2004-12-07
6476,138873,4,2005-04-06
6476,670998,4,2005-10-31
6476,475351,2,2005-07-15
6476,1505121,4,2005-08-21
6476,2244688,4,2005-01-06
6476,1254903,3,2005-03-14
6476,1006473,3,2005-05-16
6476,115929,4,2005-06-16
6476,131329,4,2005-09-20
6476,776655,4,2005-07-06
6476,1989892,4,2005-08-24
6476,922922,4,2004-09-23
6476,710534,4,2004-12-14
6476,1756478,4,2005-05-17
6476,700359,4,2005-09-03
6476,499718,4,2005-08-27
6476,1517471,5,2005-02-23
6476,494647,4,2005-03-28
6476,2388940,5,2005-04-06
6476,1212700,4,2005-05-17
6476,2554745,4,2004-08-30
6476,971977,4,2005-07-22
6476,837741,3,2005-08-15
6476,1130717,3,2005-09-12
6476,709091,4,2005-01-26
6476,1673185,3,2005-02-11
6476,2412767,5,2005-04-28
6476,2098985,4,2005-05-31
6476,1573664,4,2005-07-22
6476,838916,4,2004-10-10
6476,583891,4,2005-09-25
6476,1614895,5,2004-10-14
6476,2213289,4,2004-10-16
6476,2637642,5,2004-12-08
6476,1882279,4,2004-12-20
6476,861239,4,2005-04-02
6476,41756,4,2005-05-21
6476,211046,4,2005-11-22
6476,1496803,3,2005-07-15
6476,2423307,4,2005-01-06
6476,465035,2,2005-12-27
6476,1915354,4,2004-11-30
6476,2086504,4,2005-08-04
6476,1292217,5,2004-09-22
6476,279442,5,2005-01-28
6476,2595201,4,2005-02-20
6476,2087269,5,2005-03-24
6476,335351,5,2005-07-01
6476,365779,2,2005-08-21
6476,2056262,3,2005-01-19
6476,200058,5,2005-01-31
6476,1574605,4,2005-02-22
6476,1512643,3,2005-05-10
6476,48614,3,2004-12-13
6476,10016,4,2005-02-13
6476,1053281,3,2005-09-26
6476,584576,4,2004-10-09
6476,921295,4,2005-03-03
6476,806175,3,2005-03-20
6476,893235,4,2005-04-09
6476,973538,3,2005-06-18
6476,1039068,4,2005-06-21
6476,485977,4,2005-12-02
6476,793228,5,2005-08-15
6476,1231207,4,2005-08-26
6476,1087964,3,2005-02-15
6476,1285021,4,2005-03-04
6476,1912740,4,2005-05-05
6476,1464753,5,2005-08-20
6476,736664,5,2005-11-07
6476,2223740,4,2004-09-05
6476,1976891,1,2005-08-27
6476,2538880,5,2004-12-07
6476,1529338,3,2004-12-27
6476,187080,3,2005-01-02
6476,894561,4,2005-06-14
6476,174580,5,2005-09-14
6476,2485566,5,2005-01-19
6476,1400312,5,2005-11-04
6476,1584927,3,2005-11-30
6476,1690256,3,2004-10-27
6476,265695,5,2004-11-09
6476,967997,4,2004-12-01
6476,473411,5,2005-03-13
6476,2408262,3,2005-03-24
6476,1134816,4,2005-05-26
6476,2043027,4,2005-05-31
6476,2125329,4,2005-09-27
6476,1032389,5,2005-01-05
6476,1753862,4,2005-05-22
6476,180030,4,2005-06-22
6476,1535620,4,2005-10-07
6476,478176,5,2005-12-02
6476,2037839,4,2005-08-19
6476,2109316,5,2004-10-13
6476,1223817,3,2005-04-06
6476,2100210,5,2005-04-08
6476,2248551,4,2004-11-14
6476,2338924,3,2005-04-27
6476,2170930,1,2005-06-27
6476,1281832,4,2005-09-13
6476,2250230,3,2005-10-11
6476,346909,5,2005-08-01
6476,1536354,5,2005-03-14
6476,504316,3,2005-05-08
6476,2582367,3,2005-06-09
6476,405828,5,2005-10-25
6476,995763,3,2005-11-29
6476,1314869,2,2005-08-28
6476,1617677,5,2005-08-28
6476,700661,3,2005-05-02
6476,1257631,5,2005-01-19
6476,356619,3,2005-02-27
6476,2217988,3,2005-04-18
6476,707521,2,2005-05-18
6476,718006,1,2005-05-25
6476,2058406,4,2005-09-13
6476,1513514,5,2005-12-20
6476,2320264,3,2004-08-30
6476,375090,5,2005-08-30
6476,1566652,4,2004-12-08
6476,1927703,3,2005-02-14
6476,1817307,5,2005-07-27
6476,540779,4,2005-01-22
6476,52794,5,2005-02-24
6476,765129,4,2005-04-20
6476,2172070,4,2005-11-26
6476,1878820,3,2005-12-15
6476,910386,4,2005-08-24
6476,875184,5,2004-10-14
6476,2439493,1,2004-11-11
6476,1101086,4,2005-04-24
6476,1416471,4,2005-05-11
6476,2062090,3,2005-06-27
6476,703753,4,2005-06-28
6476,1721858,4,2005-09-14
6476,1386457,3,2005-07-28
6476,596405,5,2005-08-31
6476,2325297,4,2004-09-21
6476,320708,5,2004-11-01
6476,1528405,3,2005-10-07
6476,2083665,3,2004-10-29
6476,1462266,5,2005-04-09
6476,2491723,5,2005-04-13
6476,2263203,2,2005-05-05
6476,123919,2,2005-06-15
6476,2384687,5,2004-09-10
6476,1563935,1,2005-08-10
6476,803473,5,2004-11-16
6476,1927891,4,2004-11-20
6476,1182116,2,2005-01-31
6476,2537605,4,2005-11-30
6476,589626,4,2004-10-06
6476,2254078,4,2005-01-10
6476,1501706,3,2005-04-01
6476,626655,5,2005-09-28
6476,147152,4,2005-10-27
6476,1086501,1,2005-02-28
6476,1863985,5,2005-06-03
6476,131264,4,2005-06-26
6476,411684,2,2005-12-29
6476,773045,2,2005-07-09
6476,1534723,5,2004-12-24
6476,2446366,4,2005-04-20
6476,576984,5,2005-08-28
6476,2356207,4,2004-12-03
6476,2523426,4,2005-02-23
6476,904417,3,2005-04-30
6476,538221,4,2005-05-13
6476,918219,4,2005-10-10
6476,2002079,3,2005-12-18
6476,2095168,5,2005-07-05
6476,827537,5,2005-07-12
6476,412129,5,2004-09-12
6476,441131,4,2004-09-27
6476,1368089,5,2004-12-01
6476,1978892,4,2005-02-07
6476,1928089,5,2005-02-14
6476,1367805,3,2005-03-20
6476,593525,4,2005-05-12
6476,1587216,3,2005-01-19
6476,2641809,3,2005-03-07
6476,2503103,3,2005-11-10
6476,480664,3,2005-02-27
6476,862592,5,2005-04-10
6476,1855875,5,2005-05-11
6476,858204,3,2005-05-16
6476,1272831,4,2005-06-23
6476,2378902,5,2005-09-11
6476,1177340,3,2005-09-30
6476,538533,5,2005-10-01
6476,2588989,4,2005-11-07
6476,2427825,3,2005-12-30
6476,1382013,2,2005-04-05
6476,953430,3,2004-09-21
6476,2569181,4,2004-10-20
6476,986524,4,2005-04-25
6476,531947,5,2005-07-29
6476,1715948,3,2005-02-24
6476,1853299,5,2004-10-02
6476,1556363,4,2004-10-22
6476,2455079,3,2004-11-23
6476,2575882,5,2004-12-06
6476,2157897,4,2005-01-03
6476,2217779,4,2005-01-25
6476,991512,5,2005-05-10
6476,2197203,5,2005-06-28
6476,1175987,3,2005-10-05
6476,409574,4,2005-10-22
6476,1768211,3,2005-02-07
6476,1827859,4,2005-05-03
6476,604521,4,2005-05-17
6476,956576,3,2005-06-13
6476,2135859,5,2005-01-12
6476,101068,3,2005-03-01
6476,1227912,4,2005-09-12
6476,1125803,4,2005-09-07
6476,1105029,4,2005-01-07
6476,432620,4,2004-08-31
6476,1921487,5,2004-09-14
6476,1802380,3,2004-09-29
6476,2167214,5,2005-04-14
6476,2136927,4,2005-05-01
6476,1677869,4,2005-12-02
6476,805958,5,2005-08-21
6476,687574,4,2004-11-11
6476,402912,4,2005-02-27
6476,2120219,5,2005-11-06
6476,335073,5,2005-12-01
6476,1301832,5,2005-07-19
6476,2382998,3,2005-07-20
6476,2470948,5,2005-08-11
6476,1120498,3,2004-12-24
6476,2634980,5,2005-08-10
6476,2586024,3,2005-01-30
6476,1875144,4,2005-05-25
6476,1463613,3,2005-06-16
6476,301960,5,2005-10-30
6476,1515930,3,2005-03-09
6476,269941,4,2005-12-13
6476,2408123,4,2005-08-07
6476,2096400,3,2005-08-22
6476,675616,4,2004-12-23
6476,1047039,5,2005-03-07
6476,756692,3,2005-05-01
6476,1135948,3,2005-06-19
6476,16723,3,2005-12-09
6476,1961777,3,2005-12-21
6476,1745404,3,2005-08-31
6476,602138,2,2005-02-16
6476,122317,4,2005-06-14
6476,2595733,5,2004-09-22
6476,335441,5,2004-09-28
6476,1002249,4,2005-02-02
6476,2032900,4,2005-04-19
6476,1928316,4,2005-05-23
6476,1410043,5,2005-10-03
6476,1209459,3,2004-10-26
6476,57691,3,2004-10-27
6476,468280,3,2005-03-28
6476,945594,5,2005-06-14
6476,2495393,3,2005-09-28
6476,1069400,3,2005-10-06
6476,1354071,4,2005-11-09
6476,2575899,5,2004-09-19
6476,1174779,3,2004-10-05
6476,701004,3,2005-02-22
6476,2166018,5,2005-03-03
6476,2133317,5,2005-04-27
6476,1929457,4,2005-06-13
6476,691222,4,2005-09-09
6476,824277,3,2005-11-08
6476,2111662,4,2005-08-06
6476,1954166,4,2005-08-29
6476,950424,4,2005-01-28
6476,1179020,4,2004-12-21
6476,1141410,4,2005-01-31
6476,2552319,3,2005-04-03
6476,2055810,4,2005-04-10
6476,1785629,5,2005-09-06
6476,2308406,3,2005-09-26
6476,348723,1,2005-10-14
6476,602628,4,2004-12-29
6476,2472247,3,2005-06-14
6476,419387,5,2005-10-25
6476,2129248,2,2005-12-26
6476,2054241,3,2004-12-02
6476,945715,3,2005-03-13
6476,1650580,4,2004-09-13
6476,1750007,4,2005-04-20
6476,419691,5,2005-05-06
6476,1953155,4,2004-10-19
6476,1019056,4,2005-10-14
6476,213486,3,2004-10-02
6476,2169535,4,2004-10-13
6476,1557148,5,2004-12-11
6476,927953,5,2005-03-24
6476,1162564,4,2005-04-06
6476,1288158,4,2005-04-15
6476,1896685,4,2005-04-27
6476,1664010,5,2005-10-13
6476,1434651,2,2005-08-23
6476,706862,3,2004-09-09
6476,1777357,5,2004-11-03
6476,2152071,4,2005-03-23
6476,2396898,5,2005-04-09
6476,964786,3,2005-04-11
6476,1390990,3,2005-05-10
6476,396661,4,2004-12-26
6476,703838,4,2005-10-09
6476,2613213,4,2004-10-22
6476,1460421,3,2005-03-23
6476,43354,3,2005-05-16
6476,1184046,4,2005-06-15
6476,2259174,4,2005-11-15
6476,659540,4,2004-08-30
6476,100654,5,2005-01-29
6476,1207990,5,2005-02-08
6476,29875,1,2005-12-21
6476,504243,4,2004-10-26
6476,1916112,3,2004-11-19
6476,2430883,3,2005-09-27
6476,183221,2,2005-10-24
6476,195761,3,2005-07-05
6476,1545819,3,2004-10-03
6476,2241247,5,2005-06-05
6476,1434330,3,2005-09-21
6476,2616932,4,2005-07-31
6476,1199280,2,2005-09-08
6476,541491,4,2005-03-20
6476,448003,4,2005-11-08
6476,1064326,4,2005-12-18
6476,1963835,1,2005-12-29
6476,873713,1,2005-08-30
6476,819911,4,2005-08-31
6476,637272,4,2005-03-02
6476,2252259,4,2004-11-22
6476,2193044,1,2005-10-08
6476,2521412,3,2005-07-17
6476,2634684,4,2004-10-10
6476,592786,3,2004-12-26
6476,989386,4,2005-01-11
6476,273641,5,2005-06-15
6476,2280280,5,2005-07-14
6476,1296998,4,2005-01-30
6476,1516320,4,2005-09-30
6476,1049321,4,2005-12-01
6476,2125717,5,2005-12-12
6476,1848868,3,2004-09-29
6476,868258,3,2005-01-21
6476,2045631,4,2005-02-16
6476,122197,1,2005-03-09
6476,2387369,4,2005-06-04
6476,1637108,3,2004-10-13
6476,866475,4,2004-12-06
6476,405075,4,2005-03-06
6476,1414159,3,2005-03-14
6476,217178,5,2005-05-22
6476,1632603,3,2005-06-02
6476,971103,3,2004-10-05
6476,40771,4,2005-03-10
6476,318409,5,2005-04-09
6476,2266957,5,2005-10-25
6476,1777957,2,2005-11-22
6476,1441182,5,2005-12-11
6476,869468,4,2004-08-23
6476,2244725,4,2004-12-26
6476,1989720,1,2005-11-28
6476,1246348,5,2005-07-13
6476,2072907,5,2005-07-25
6476,168571,4,2005-09-01
6476,1857656,3,2004-10-08
6476,30403,3,2005-04-13
6476,324391,2,2005-10-29
6476,1543607,4,2005-12-13
6476,2445102,5,2004-12-02
6476,1477153,3,2005-02-17
6476,2309222,2,2005-03-25
6476,1782430,4,2005-04-26
6476,427967,4,2005-05-28
6476,1394933,3,2005-03-12
6476,1231406,4,2005-08-10
6476,315894,4,2005-02-22
6476,2224884,5,2005-02-22
6476,2481257,2,2005-05-27
6476,642089,4,2005-07-28
6476,885518,4,2005-07-27
6476,819863,4,2004-09-29
6476,1418467,5,2004-11-12
6476,2040685,3,2004-12-03
6476,2550711,4,2004-12-31
6476,2021209,3,2005-02-09
6476,731528,4,2005-11-14
6476,2635117,5,2005-09-10
6476,1277662,4,2005-11-07
6476,247436,4,2004-09-15
6476,2493236,4,2005-04-06
6476,2212602,4,2004-10-30
6476,203421,5,2005-01-11
6476,840797,4,2005-03-01
6476,2449001,4,2005-03-07
6476,450296,4,2005-08-20
6476,216534,5,2004-09-21
6476,903186,4,2004-10-26
6476,1810763,3,2005-02-25
6476,606742,5,2005-05-01
6476,821374,5,2005-10-18
6476,1028982,5,2005-10-19
6476,384821,4,2004-09-02
6476,561984,5,2004-08-21
6476,766434,3,2004-11-01
6476,66540,3,2005-03-19
6476,268872,3,2005-05-26
6476,2289962,3,2005-04-26
6476,1318655,5,2005-08-01
6476,1104138,2,2005-08-08
6476,2349507,5,2004-09-16
6476,1389295,4,2005-05-16
6476,1079165,3,2005-08-08
6476,882293,3,2004-08-27
6476,411774,3,2005-02-15
6476,1984315,3,2005-03-28
6476,41058,3,2005-06-18
6476,1430585,5,2004-10-04
6476,2256485,1,2004-11-09
6476,1278397,4,2005-04-18
6476,1641072,3,2005-09-10
6476,1564972,4,2005-07-08
6476,1351322,5,2005-04-03
6476,1006385,5,2005-05-06
6476,597358,2,2005-09-27
6476,1407227,3,2005-07-05
6476,1511397,3,2004-09-09
6476,480923,4,2005-01-04
6476,2609383,5,2005-01-11
6476,1299887,5,2005-02-10
6476,1197972,4,2005-02-15
6476,2104646,5,2005-03-17
6476,2071611,2,2005-08-21
6476,798296,4,2005-01-01
6476,492394,3,2005-03-27
6476,1402120,4,2005-05-16
6476,682963,3,2005-06-20
6476,1520259,2,2005-06-30
6476,1132450,5,2005-09-26
6476,310032,3,2005-12-31
6476,1077547,5,2005-07-17
6476,263181,3,2004-11-18
6476,1242653,4,2005-04-06
6476,2367964,5,2005-04-25
6476,2527740,5,2004-09-14
6476,1634480,5,2005-01-04
6476,295533,5,2005-09-30
6476,772036,3,2005-10-25
6476,738379,3,2005-03-11
6476,603657,3,2005-02-14
6476,1236549,5,2005-03-15
6476,1811456,4,2005-06-03
6476,2465085,5,2005-07-03
6476,936746,3,2005-10-10
6476,319058,2,2005-10-31
6476,1952630,5,2005-07-22
6476,2028530,4,2004-09-22
6476,1472020,4,2005-04-12
6476,557801,3,2005-06-03
6476,1252722,4,2005-09-08
6476,2221693,4,2005-07-25
6476,1796420,4,2005-01-05
6476,34413,4,2005-01-06
6476,852418,4,2005-02-10
6476,1263003,4,2005-02-15
6476,561808,3,2005-03-16
6476,2367063,3,2005-05-21
6476,137138,4,2005-08-05
6476,827526,5,2005-05-08
6476,2338061,5,2005-06-28
6476,1068245,2,2005-10-04
6476,305344,1,2004-08-13
6476,1470113,5,2004-08-27
6476,1251054,3,2004-10-14
6476,1986551,2,2005-09-15
6476,860601,1,2005-10-04
6476,2312053,4,2005-10-17
6476,2048620,4,2004-09-08
6476,111086,4,2005-06-15
6476,2546912,4,2005-11-01
6476,431731,4,2005-12-31
6476,272775,4,2004-12-02
6476,788321,2,2005-02-06
6476,1900130,4,2005-06-03
6476,1626183,4,2005-11-08
6476,1713967,4,2005-05-17
6476,1923584,3,2005-09-15
6476,1757773,3,2005-08-04
6476,337026,4,2004-11-01
6476,2631950,5,2005-03-01
6476,2469417,4,2005-06-23
6476,2172379,4,2005-07-06
6476,2059696,3,2004-09-01
6476,383468,5,2004-12-13
6476,795578,4,2005-02-18
6476,1126082,5,2005-05-20
6476,2203538,3,2005-11-21
6476,2415531,5,2005-08-21
6476,6483,5,2005-01-19
6476,2150746,5,2005-07-13
6476,1014815,5,2004-12-24
6476,1252466,3,2005-02-22
6476,40031,5,2005-02-23
6476,1636825,5,2005-06-15
6476,2066739,5,2005-10-02
6476,1219200,5,2005-10-11
6476,2304851,2,2005-09-06
6476,632567,4,2005-03-04
6476,1477365,3,2005-03-08
6476,2521265,5,2005-04-02
6476,740127,4,2005-05-12
6476,1768181,5,2004-12-04
6476,1150258,3,2004-09-29
6476,1327822,4,2004-10-03
6476,1948063,4,2005-04-09
6476,1011513,2,2005-07-09
6476,310027,4,2005-08-06
6476,970073,4,2005-03-16
6476,546195,4,2005-05-10
6476,472933,4,2004-10-04
6476,1384814,5,2005-01-21
6476,2396494,2,2005-10-18
6476,736927,5,2005-12-05
6476,1619003,2,2005-03-17
6476,159159,5,2005-05-25
6476,2644744,3,2005-05-30
6476,2545033,5,2005-08-23
6476,1675680,3,2004-09-15
6476,1962325,4,2005-05-08
6476,548487,4,2005-06-17
6476,1487832,3,2005-06-21
6476,1762296,3,2005-08-19
6476,154565,4,2004-09-03
6476,240285,5,2004-12-14
6476,221821,5,2005-03-01
6476,742915,5,2005-05-14
6476,1285852,2,2005-11-14
6476,517454,4,2005-07-08
6476,978251,2,2005-07-13
6476,199003,4,2005-07-25
6476,339645,4,2004-11-15
6476,1431356,5,2005-03-26
6476,302234,2,2005-04-09
6476,1934002,4,2005-12-12
6476,776353,3,2005-07-07
6476,1588467,4,2005-08-09
6476,185424,3,2004-12-02
6476,851778,3,2005-01-11
6476,2112251,4,2005-01-13
6476,1431104,3,2005-01-19
6476,1143687,5,2005-10-16
6476,2033859,4,2005-07-06
6476,486526,3,2004-10-06
6476,430318,5,2004-10-25
6476,1389855,4,2005-02-27
6476,2368891,5,2005-03-19
6476,2056909,5,2005-04-05
6476,67271,3,2005-06-13
6476,1391691,3,2005-09-12
6476,98341,4,2005-08-01
6476,1960695,5,2005-02-27
6476,1741802,4,2005-12-06
6476,263581,2,2005-05-29
6476,2192677,4,2005-12-21
6476,1244123,3,2005-02-14
6476,1436851,4,2005-04-18
6476,1252945,3,2004-08-27
6476,1195257,3,2005-02-12
6476,685546,5,2005-04-18
6476,2489269,3,2005-09-06
6476,739252,3,2004-08-31
6476,1330588,5,2004-12-14
6476,603543,4,2005-01-10
6476,1477783,5,2005-03-02
6476,1660384,5,2005-03-05
6476,4597,2,2005-04-24
6476,915643,5,2005-05-10
6476,444557,3,2005-10-12
6476,1698961,4,2005-11-12
6476,471654,5,2005-03-04
6476,85244,3,2005-04-01
6476,826195,1,2005-04-17
6476,720958,4,2005-04-20
6476,2359546,4,2005-06-04
6476,1708714,4,2005-09-15
6476,1763048,4,2005-11-17
6476,1833771,5,2005-12-13
6476,1128917,1,2005-08-12
6476,2461455,5,2005-03-31
6476,327575,5,2005-09-06
6476,1436780,3,2005-09-08
6476,2372224,5,2005-09-28
6476,685353,5,2005-10-24
6476,41561,5,2005-11-22
6476,883691,4,2005-08-11
6476,677536,3,2004-09-20
6476,2264638,5,2005-01-05
6476,837165,3,2005-05-31
6476,994534,4,2005-06-25
6476,512598,2,2005-09-07
6476,2645673,5,2005-08-01
6476,2534614,3,2005-08-15
6476,1182342,5,2005-01-06
6476,2153053,5,2005-06-17
6476,380236,3,2005-07-05
6476,1908977,3,2005-11-07
6476,1438614,5,2004-10-13
6476,809341,3,2005-01-10
6476,171522,4,2005-04-14
6476,296232,4,2005-09-13
6476,1955740,5,2005-11-10
6476,1463595,5,2004-12-28
6476,230265,4,2005-02-22
6476,1465312,2,2005-03-05
6476,544982,5,2005-11-04
6476,887769,5,2005-08-24
6476,828344,4,2005-01-21
6476,643783,3,2005-09-07
6476,1259557,5,2005-09-15
6476,1413367,4,2005-12-10
6476,1190829,3,2004-10-16
6476,838343,3,2004-11-24
6476,1964076,4,2005-05-11
6476,31985,3,2005-06-06
6476,935236,4,2005-02-04
6476,461358,4,2005-03-16
6476,1662380,5,2005-03-20
6476,2526155,4,2005-04-08
6476,2401629,3,2005-04-14
6476,2118461,5,2005-11-12
6476,1856058,5,2005-08-15
6476,1638460,4,2004-09-09
6476,1551461,4,2004-09-23
6476,1151430,3,2004-12-22
6476,2477243,5,2005-01-24
6476,2063510,4,2005-04-12
6476,823072,4,2005-06-14
6476,932005,5,2005-11-08
6476,1570214,3,2005-07-13
6476,2327546,3,2005-04-05
6476,787252,3,2005-09-08
6476,387418,1,2004-08-19
6476,226909,4,2004-10-14
6476,375177,4,2004-12-08
6476,1152731,5,2005-05-24
6476,2478414,3,2005-06-20
6476,321519,3,2005-10-07
6476,398239,3,2005-07-21
6476,2613810,4,2005-10-10
6476,256660,1,2005-11-24
6476,1744121,4,2005-07-28
6476,607897,5,2004-10-26
6476,2271872,5,2005-01-10
6476,2501801,4,2005-06-13
6476,951158,1,2005-12-19
6476,2011755,4,2005-07-19
6476,762651,5,2004-09-15
6476,1768277,5,2005-08-23
6476,1995451,4,2004-09-28
6476,1791064,4,2004-11-15
6476,636282,5,2004-11-22
6476,1826320,5,2005-02-13
6476,905388,2,2005-05-05
6476,1279631,3,2005-06-06
6476,2540964,3,2005-09-19
6476,680861,3,2005-10-05
6476,1668137,5,2005-11-15
6476,1618470,4,2004-09-22
6476,1945298,5,2005-02-13
6476,2120330,4,2005-04-23
6476,805853,4,2005-04-24
6476,331430,4,2005-06-05
6476,776406,4,2005-09-11
6476,2015148,4,2004-09-28
6476,1932594,1,2005-01-20
6476,42916,3,2005-10-05
6476,2489619,4,2005-10-24
6476,1073300,3,2005-09-01
6476,495174,4,2005-01-12
6476,1607191,5,2005-05-18
6476,862461,3,2005-08-09
6476,455831,4,2005-01-03
6476,2565053,5,2005-03-01
6476,79989,5,2005-10-10
6476,2142570,4,2004-09-15
6476,1663888,5,2004-08-10
6476,1608542,3,2005-03-17
6476,181797,3,2005-11-09
6476,1228882,2,2005-08-27
6476,959776,4,2004-11-10
6476,1984358,3,2004-11-20
6476,1587492,3,2005-02-26
6476,1715001,4,2005-03-13
6476,2484218,3,2005-10-06
6476,841014,3,2005-09-01
6476,1058773,5,2004-09-09
6476,1024342,5,2005-01-21
6476,86199,3,2005-12-21
6476,699412,1,2005-08-18
6476,1150431,5,2005-05-23
6476,333843,3,2004-09-14
6476,1373087,3,2004-10-04
6476,2102931,4,2005-05-07
6476,739922,5,2005-11-18
6476,1805297,5,2004-11-19
6476,1624351,4,2005-10-04
6476,57633,5,2004-12-21
6476,1425410,4,2005-06-13
6476,2143500,3,2005-01-02
6476,153939,3,2005-02-07
6476,132718,5,2005-03-16
6476,136160,4,2005-04-14
6476,1573062,4,2005-06-20
6476,513933,4,2005-09-22
6476,1797765,4,2005-07-16
6476,2043374,4,2004-08-08
6476,1137090,3,2005-03-10
6476,2519908,5,2005-04-26
6476,2516192,5,2005-05-07
6476,2065698,5,2005-10-12
6476,2590625,5,2005-08-04
6476,2536048,4,2005-01-20
6476,738147,4,2005-01-25
6476,221712,4,2005-05-04
6476,626857,5,2005-10-07
6476,432383,2,2005-10-17
6476,1963140,3,2005-11-16
6476,1676423,4,2005-08-31
6476,1920413,3,2004-10-31
6476,1271455,4,2005-10-07
6476,40136,4,2005-06-08
6476,2125956,4,2005-11-11
6476,655297,2,2005-08-01
6476,1704379,5,2004-12-10
6476,1040680,4,2005-03-15
6476,662650,3,2005-06-04
6476,2205542,4,2005-11-16
6476,1455542,5,2005-07-12
6476,2495357,3,2005-08-26
6476,1126571,3,2004-11-28
6476,1760540,3,2005-02-14
6476,2092552,2,2005-03-06
6476,791523,4,2005-03-23
6476,2581215,4,2005-05-17
6476,440294,3,2005-06-15
6476,2143405,5,2005-09-27
6476,441248,5,2005-04-26
6476,88188,3,2005-08-08
6476,317103,5,2004-11-01
6476,629062,4,2004-11-16
6476,224933,2,2005-01-11
6476,1190713,2,2005-02-22
6476,2506445,3,2005-03-29
6476,388042,2,2005-04-07
6476,276172,2,2005-08-17
6476,1902807,5,2004-09-23
6476,1829564,5,2004-10-03
6476,641491,3,2005-06-25
6476,1182065,3,2005-10-13
6476,654591,5,2004-09-03
6476,685987,3,2005-03-06
6476,2374706,4,2005-04-04
6476,1470542,3,2005-04-29
6476,2234732,3,2005-01-05
6476,2066845,3,2005-04-18
6476,1033224,4,2005-06-14
6476,2630492,4,2005-04-08
6476,1844850,4,2005-09-22
6476,2448838,4,2004-09-15
6476,1499608,5,2005-09-22
6476,1560518,5,2005-10-29
6476,498387,3,2005-12-08
6476,17374,5,2005-12-14
6476,1603751,5,2005-07-29
6476,863782,5,2005-04-20
