7506,2625420,2,2004-06-03
7506,1508073,1,2004-12-02
7506,1527780,3,2005-05-14
7506,751812,3,2005-06-20
7506,970031,2,2004-05-19
7506,1701487,1,2003-05-03
7506,1203136,3,2003-12-12
7506,1340537,1,2005-04-05
7506,356731,3,2005-10-28
7506,401756,2,2004-08-06
7506,1163907,2,2004-03-17
7506,364540,3,2005-03-14
7506,112382,2,2000-07-18
7506,979157,2,2005-12-22
7506,593440,3,2004-08-28
7506,1269699,3,2005-01-29
7506,2439493,1,2003-06-13
7506,186179,3,2001-01-02
7506,457527,3,2004-12-07
7506,1706187,4,2003-09-03
7506,1277216,2,2004-01-12
7506,2455340,2,2005-10-30
7506,2386208,3,2003-08-29
7506,2040859,1,2004-11-23
7506,2494000,4,2005-08-02
7506,1153564,4,2000-12-28
7506,1077156,4,2002-01-30
7506,1147641,1,2003-02-15
7506,2286202,2,2001-10-06
7506,99847,1,2004-11-16
7506,1629176,3,2003-02-13
7506,1707723,2,2005-09-11
7506,325489,1,2000-03-15
7506,1973828,1,2004-03-25
7506,1664010,3,2005-10-12
7506,572481,1,2002-12-24
7506,2242083,5,2005-09-26
7506,1287454,3,2005-07-08
7506,2635943,5,2004-08-08
7506,142492,3,2003-08-23
7506,1569109,2,2003-05-15
7506,117368,3,2004-03-31
7506,677888,1,2004-11-03
7506,2503369,2,2004-11-23
7506,2460959,5,2001-08-08
7506,414976,3,2005-11-10
7506,1299887,4,2005-02-14
7506,798296,1,2002-12-31
7506,2406779,3,2004-11-14
7506,2562910,4,2005-08-27
7506,305344,1,2003-03-23
7506,2167042,1,2000-03-23
7506,75640,3,2003-01-09
7506,2212534,3,2004-01-30
7506,1123981,1,2003-02-24
7506,2597239,3,2003-11-21
7506,1722054,5,2003-08-26
7506,1881260,1,2005-10-17
7506,1225936,2,2003-02-14
7506,1319107,2,2005-06-10
7506,2118461,3,2005-12-22
7506,387418,3,2003-08-21
7506,1789747,3,2000-03-04
7506,1486829,1,2004-10-18
7506,1932594,1,2005-02-02
7506,1371729,3,2005-11-19
7506,2406110,2,2004-09-18
7506,1461435,1,2002-02-16
7506,1010920,3,2005-09-01
7506,1639792,1,2003-02-12
7506,830716,2,2001-08-02
7506,1041949,3,2004-02-09
7506,20461,3,2005-03-28
7506,2634967,1,2004-02-29
