190,917118,1,2004-05-17
190,853958,4,2002-08-04
190,2105661,3,2003-12-19
190,1621848,3,2004-01-24
190,1977297,3,2005-08-11
190,960036,2,2005-01-12
190,1658098,2,2005-06-07
190,776415,2,2004-03-16
190,1001129,2,2004-10-29
190,1045220,2,2004-07-19
190,1457029,3,2005-10-04
190,1955811,2,2004-07-07
190,984786,1,2005-06-20
190,1501892,2,2004-07-18
190,1792741,2,2005-07-22
190,2411610,2,2003-08-12
190,1082169,3,2005-06-08
190,2473404,1,2005-02-27
190,447282,2,2004-07-15
190,2439493,1,2003-05-16
190,177972,3,2004-04-24
190,1277397,2,2004-02-13
190,929208,1,2003-07-16
190,1631443,2,2004-10-13
190,895523,1,2004-03-25
190,952156,2,2004-05-21
190,447410,4,2004-04-30
190,2282202,3,2003-05-16
190,596995,2,2003-02-13
190,1876520,1,2003-05-19
190,1142961,1,2002-10-24
190,1491812,2,2005-07-20
190,1865969,2,2003-03-04
190,1087004,2,2000-08-24
190,272845,3,2004-05-15
190,1861182,2,2004-05-03
190,1664010,3,2005-10-17
190,1902838,2,2000-06-19
190,2133579,1,2004-11-07
190,64458,1,2004-10-31
190,2595816,2,2005-03-18
190,1872968,3,2004-02-04
190,572481,1,2004-03-30
190,1740122,2,2004-12-15
190,1249592,1,2004-06-16
190,1811248,1,2003-07-18
190,1628211,2,2004-05-11
190,589847,1,2004-09-23
190,1326994,1,2002-04-23
190,1954817,1,2004-07-01
190,1897386,3,2002-11-24
190,1089164,2,2004-03-23
190,2086711,3,2004-07-15
190,242425,1,2005-07-17
190,677888,1,2003-11-19
190,1514667,1,2003-07-07
190,2087627,1,2004-04-04
190,2203372,3,2005-12-27
190,464185,2,2005-08-06
190,752702,5,2005-02-09
190,1377637,2,2004-04-26
190,249729,3,2004-06-01
190,16272,2,2002-08-10
190,1923028,3,2004-11-15
190,305344,1,2003-07-13
190,2408230,3,2004-12-05
190,187329,2,2003-05-19
190,817744,2,2004-06-18
190,55339,2,2004-04-06
190,53694,3,2004-08-18
190,1595895,1,2001-01-27
190,375525,3,2004-08-01
190,1700131,2,2004-04-26
190,429669,2,2004-12-08
190,1104959,2,2003-01-13
190,752642,1,2002-09-12
190,1284347,3,2005-06-02
190,2056022,2,2004-03-07
190,1992636,3,2005-12-19
190,907347,2,2004-08-12
190,1045579,4,2003-07-18
190,24392,2,2002-08-22
190,772679,3,2003-12-13
190,993836,2,2004-12-15
190,2114,3,2005-10-30
190,1265998,2,2005-11-14
190,28857,4,2004-05-03
190,2061495,3,2005-03-28
190,446674,3,2005-10-25
190,387418,2,2003-10-10
190,2508312,2,2004-10-18
190,1029163,2,2002-07-02
190,1114324,1,2005-08-04
190,1932594,2,2005-08-23
190,1453265,3,2002-12-08
190,19296,2,2003-04-23
190,1639792,1,2002-05-31
190,2436452,1,2003-08-21
190,781974,3,2005-09-15
190,1768369,1,2002-09-24
190,229439,1,2003-07-31
190,751725,3,2004-01-06
190,2019369,2,2003-11-10
190,1300759,2,2004-09-30
