11809,1663216,2,2002-06-14
11809,1146418,5,2004-05-15
11809,1763839,1,2003-09-19
11809,1236824,5,2004-03-18
11809,960023,3,2003-09-07
11809,155342,1,2003-03-30
11809,2278539,3,2002-09-25
11809,2192991,3,2002-07-10
11809,556780,5,2003-08-08
11809,49585,1,2003-01-20
11809,1866321,3,2005-11-29
11809,1815789,3,2000-02-19
11809,1788346,1,2003-05-14
11809,2424168,3,2000-02-19
11809,1947371,4,2004-02-16
11809,2439493,1,2004-01-19
11809,2034970,3,2000-02-17
11809,879196,4,2003-04-13
11809,268739,3,2002-12-20
11809,1901089,5,2003-09-26
11809,485461,5,2002-09-01
11809,1893197,3,2004-12-05
11809,1876520,1,2002-05-30
11809,626204,5,2003-08-29
11809,2205594,1,2002-03-28
11809,596620,2,2003-05-21
11809,1358084,4,2003-10-16
11809,2008354,5,2004-04-26
11809,624448,1,2002-12-18
11809,406132,5,2004-12-16
11809,320314,5,2000-01-26
11809,2250323,3,2004-04-28
11809,638781,3,2003-07-01
11809,311875,3,2000-01-29
11809,2244406,4,2003-10-27
11809,1664010,3,2005-10-13
11809,1962176,3,2000-01-29
11809,1535722,5,2004-01-27
11809,2341524,5,2003-08-05
11809,1698928,3,2004-03-24
11809,2555614,5,2004-06-16
11809,491531,1,2002-07-14
11809,677214,4,2003-05-15
11809,2481447,4,2003-09-13
11809,933082,2,2002-06-28
11809,798296,2,2002-10-02
11809,1813897,3,2005-01-20
11809,1341142,3,2004-04-15
11809,406825,3,2004-09-22
11809,1541133,3,2003-07-05
11809,305344,3,2003-05-17
11809,2207042,5,2002-10-11
11809,494014,5,2003-11-04
11809,1039544,4,2002-02-10
11809,2309376,3,2003-09-15
11809,1561394,4,2003-02-26
11809,201694,3,2003-09-25
11809,1107588,3,2004-01-24
11809,1313125,3,2000-02-15
11809,324507,3,2003-10-13
11809,1190829,3,2000-01-27
11809,2423536,2,2002-08-19
11809,1526086,3,2002-07-07
11809,387418,3,2003-09-09
11809,1029163,2,2002-05-27
11809,1789747,3,2000-03-04
11809,2084748,2,2002-06-08
11809,544728,4,2004-04-05
11809,1927251,3,2003-11-01
11809,1461435,1,2002-02-11
11809,359115,5,2002-06-03
11809,1670329,3,2000-01-27
11809,1639792,1,2002-03-30
11809,841872,4,2003-08-27
11809,920896,4,2002-07-10
11809,1939221,3,2003-08-13
11809,1409021,4,2005-03-02
11809,1325816,2,2003-12-12
11809,1995953,3,2001-06-24
11809,655254,2,2003-11-02
