16932,175214,4,2005-07-31
16932,2129835,3,2003-10-15
16932,2540201,4,2004-04-28
16932,1289059,3,2004-05-17
16932,497196,1,2004-06-17
16932,349968,4,2004-05-05
16932,2336005,1,2004-10-20
16932,789493,3,2005-03-04
16932,76196,4,2004-04-28
16932,2353323,3,2004-04-15
16932,2625420,2,2004-05-13
16932,2648502,5,2004-05-17
16932,724592,4,2005-05-23
16932,1650301,2,2005-05-23
16932,1458847,2,2004-04-28
16932,113677,4,2004-09-30
16932,938911,5,2005-10-26
16932,2027763,4,2005-07-29
16932,878145,4,2004-10-18
16932,1222878,4,2004-11-08
16932,127010,1,2004-11-22
16932,2220846,3,2005-02-04
16932,2112467,5,2004-04-28
16932,1029270,2,2004-05-13
16932,1811103,3,2004-04-28
16932,1647196,5,2003-11-02
16932,2272678,4,2005-01-24
16932,2571411,3,2003-10-27
16932,1705344,5,2005-07-21
16932,278526,4,2005-08-29
16932,1139922,4,2005-09-06
16932,2135487,2,2005-10-28
16932,253138,2,2004-04-28
16932,2104010,4,2005-08-14
16932,85856,3,2004-06-11
16932,2180261,1,2005-07-07
16932,2169283,5,2004-04-28
16932,2318505,4,2004-02-19
16932,868331,1,2005-03-25
16932,1768010,3,2004-04-28
16932,404652,3,2004-10-14
16932,1146649,4,2005-09-30
16932,70503,3,2004-06-30
16932,313872,2,2005-09-22
16932,1197233,1,2004-12-29
16932,855711,4,2005-04-05
16932,929308,3,2005-12-23
16932,920882,5,2003-09-24
16932,2460918,3,2004-04-28
16932,525356,1,2004-04-28
16932,425547,3,2004-03-29
16932,2233484,5,2005-01-20
16932,236957,1,2005-05-31
16932,1938037,3,2005-06-06
16932,1189678,5,2005-07-12
16932,848193,3,2003-10-19
16932,1521970,3,2004-04-28
16932,539017,3,2005-07-30
16932,1907148,4,2005-08-01
16932,1043089,3,2005-05-08
16932,1416836,3,2005-07-12
16932,1054626,1,2004-04-28
16932,2389769,3,2004-05-03
16932,2616306,2,2004-08-07
16932,2559917,3,2005-01-06
16932,1010887,3,2005-05-10
16932,153204,3,2005-05-28
16932,1784150,4,2005-09-20
16932,379296,5,2004-08-22
16932,1857997,4,2004-12-06
16932,1603826,3,2004-04-28
16932,2533024,3,2005-07-28
16932,924064,4,2004-04-28
16932,2287391,3,2004-01-18
16932,1713944,5,2005-03-09
16932,2172013,4,2004-04-28
16932,776415,4,2003-10-06
16932,1810453,5,2003-10-31
16932,2404756,5,2004-01-05
16932,794819,4,2004-02-02
16932,825016,2,2004-09-04
16932,716874,5,2005-05-22
16932,1574264,3,2005-06-12
16932,232044,3,2005-09-16
16932,2433461,2,2004-04-28
16932,704642,4,2004-04-28
16932,788660,3,2004-03-28
16932,239108,4,2004-06-17
16932,1330878,2,2005-06-21
16932,790331,4,2004-08-29
16932,1246336,3,2005-08-10
16932,608196,1,2003-10-02
16932,830282,2,2005-05-23
16932,1713587,4,2004-04-28
16932,1007914,5,2004-09-21
16932,356100,3,2004-10-05
16932,293486,3,2004-12-07
16932,370552,2,2005-04-24
16932,1473666,5,2005-05-19
16932,2118528,3,2004-04-28
16932,883732,3,2005-08-22
16932,2536667,3,2003-10-04
16932,1763910,5,2004-09-23
16932,1056195,3,2003-10-24
16932,1320186,4,2004-01-21
16932,1768970,4,2005-05-12
16932,1563886,1,2004-05-03
16932,1918957,2,2005-03-14
16932,1189139,1,2005-10-09
16932,2414559,2,2004-05-30
16932,1631874,4,2005-03-28
16932,2015481,3,2005-05-29
16932,1475603,4,2004-04-28
16932,1177547,5,2004-04-28
16932,2642389,4,2004-04-28
16932,1314869,4,2004-07-09
16932,1759886,2,2005-03-11
16932,1730075,3,2005-09-21
16932,968759,4,2004-04-28
16932,482067,2,2003-10-01
16932,586318,2,2004-04-28
16932,1844915,1,2003-09-15
16932,1234055,5,2003-10-13
16932,710911,2,2005-09-29
16932,1065084,3,2005-10-12
16932,2239074,4,2004-09-01
16932,481484,5,2005-05-07
16932,1230247,4,2005-07-04
16932,928664,3,2004-08-05
16932,2067447,5,2004-10-19
16932,920932,1,2005-03-24
16932,1394924,1,2003-11-10
16932,899592,2,2004-04-28
16932,2593882,1,2004-04-28
16932,644245,4,2005-08-14
16932,840333,4,2004-04-28
16932,2331152,3,2004-06-23
16932,1046518,3,2005-04-22
16932,2439493,1,2003-11-06
16932,136330,4,2004-02-25
16932,2202429,1,2004-07-30
16932,879462,4,2004-05-03
16932,1303543,2,2004-05-03
16932,1760780,3,2004-05-09
16932,2269039,4,2004-04-28
16932,2479356,1,2003-10-06
16932,1100765,2,2005-05-26
16932,2625943,4,2005-07-17
16932,1382935,4,2003-11-14
16932,1198765,3,2003-10-18
16932,2172358,4,2005-02-01
16932,546645,5,2005-05-16
16932,1563935,1,2005-08-15
16932,1392697,5,2004-12-24
16932,1772050,1,2004-04-28
16932,2586052,4,2004-02-22
16932,176588,3,2004-04-28
16932,342644,3,2004-05-28
16932,1183174,3,2004-11-05
16932,1243277,4,2004-12-14
16932,2162676,3,2005-07-23
16932,2005841,1,2003-09-30
16932,2100003,5,2004-11-02
16932,2167653,3,2005-06-16
16932,1340936,5,2005-10-04
16932,1190770,3,2005-07-11
16932,1658172,5,2003-10-11
16932,1611477,5,2005-06-12
16932,714327,2,2005-06-12
16932,2454494,4,2005-06-24
16932,2407007,3,2005-11-12
16932,1552467,5,2004-04-28
16932,1440301,1,2004-05-03
16932,1669219,3,2005-05-31
16932,1473980,1,2005-09-25
16932,468508,3,2004-04-28
16932,1771252,3,2005-08-06
16932,2040859,1,2004-05-03
16932,2637388,4,2004-10-03
16932,468713,5,2004-11-01
16932,2456308,3,2004-04-28
16932,410078,4,2004-07-31
16932,447839,2,2004-05-03
16932,1110156,3,2004-11-02
16932,1887805,5,2005-05-25
16932,186732,3,2003-09-30
16932,1847935,3,2003-10-21
16932,2290970,2,2004-08-06
16932,1505546,3,2005-02-06
16932,596205,3,2005-03-04
16932,2204684,4,2004-04-28
16932,2618515,3,2005-01-31
16932,392919,3,2004-04-28
16932,1903324,1,2004-06-04
16932,727458,2,2005-08-26
16932,80914,3,2005-11-01
16932,2134425,3,2003-07-27
16932,2395817,1,2004-04-15
16932,2570366,5,2005-07-22
16932,851668,5,2004-04-28
16932,1430873,3,2005-06-20
16932,2320450,4,2004-05-19
16932,2255646,1,2004-04-28
16932,10867,3,2005-09-13
16932,538999,5,2005-08-19
16932,1493193,5,2004-06-25
16932,105534,3,2005-09-12
16932,201431,4,2005-10-14
16932,540650,4,2004-04-28
16932,263636,4,2005-08-15
16932,2129065,4,2004-08-02
16932,1048062,3,2004-08-23
16932,2634690,3,2004-12-17
16932,89209,3,2005-03-14
16932,394926,5,2005-03-27
16932,1763459,3,2005-05-05
16932,1170030,3,2005-08-02
16932,2357895,1,2004-04-28
16932,828529,3,2004-12-15
16932,2224808,4,2005-03-20
16932,15251,4,2003-10-06
16932,2127429,2,2003-10-13
16932,1329746,5,2003-10-02
16932,1905560,4,2005-02-23
16932,1724818,5,2004-06-01
16932,220183,4,2004-10-17
16932,225626,4,2004-12-03
16932,1892262,4,2005-09-19
16932,1364434,3,2005-11-29
16932,686241,2,2005-12-31
16932,2181393,1,2004-04-28
16932,2126432,3,2004-07-12
16932,1657303,5,2004-08-19
16932,117934,3,2005-12-11
16932,1892504,2,2004-04-28
16932,1067459,3,2004-05-03
16932,507603,1,2005-08-27
16932,1741344,1,2003-11-01
16932,1507649,5,2005-11-02
16932,116977,1,2004-04-28
16932,2528132,1,2004-05-03
16932,1306304,3,2003-09-15
16932,708226,3,2005-08-26
16932,2249006,3,2004-04-28
16932,1330032,2,2003-10-03
16932,1106518,2,2004-02-04
16932,773037,2,2003-10-08
16932,2430477,4,2004-05-12
16932,476873,5,2004-10-11
16932,2643447,5,2004-10-26
16932,1143701,3,2005-05-10
16932,1960241,5,2004-04-28
16932,2277758,4,2004-04-28
16932,529545,1,2004-07-26
16932,2045020,4,2005-09-06
16932,179372,3,2004-05-10
16932,733416,3,2005-04-30
16932,354757,2,2004-04-28
16932,2463489,2,2004-05-17
16932,1265890,1,2005-01-31
16932,1362788,4,2005-06-15
16932,964881,4,2003-11-11
16932,2580679,4,2004-06-16
16932,430718,4,2004-11-04
16932,1325858,3,2005-01-31
16932,2328186,2,2005-05-28
16932,174972,4,2003-09-16
16932,1302673,4,2005-10-16
16932,477923,3,2005-09-02
16932,708802,3,2004-04-28
16932,1873229,5,2004-06-16
16932,1651960,1,2004-10-07
16932,818416,3,2005-06-22
16932,1663823,1,2005-09-30
16932,605397,5,2004-04-28
16932,2442218,3,2004-04-28
16932,2337950,5,2005-08-18
16932,1497593,5,2005-01-08
16932,1664010,5,2005-10-12
16932,1819300,3,2003-09-20
16932,34822,3,2004-04-28
16932,1657840,2,2003-10-22
16932,558142,5,2004-11-04
16932,1501175,3,2004-01-05
16932,893413,1,2004-04-28
16932,266874,2,2005-08-15
16932,1252307,2,2004-07-07
16932,1905364,5,2004-08-02
16932,2524907,4,2004-04-28
16932,2029403,2,2003-09-17
16932,803610,2,2005-09-26
16932,1821320,3,2004-07-06
16932,610014,4,2005-07-22
16932,462171,3,2004-04-28
16932,630964,5,2004-01-22
16932,585251,3,2005-02-23
16932,1698085,4,2004-04-28
16932,1828822,1,2005-07-19
16932,1882828,4,2005-08-19
16932,222767,3,2004-05-03
16932,754343,3,2004-10-25
16932,378066,4,2005-05-10
16932,1736476,5,2005-06-06
16932,795082,5,2005-09-26
16932,2583803,3,2004-04-28
16932,2353709,3,2004-04-13
16932,2252844,5,2005-06-25
16932,2489526,3,2005-07-08
16932,1139477,1,2005-05-17
16932,68979,3,2003-11-23
16932,778665,4,2004-10-18
16932,1546369,1,2004-04-28
16932,2644448,3,2004-04-28
16932,2647389,5,2003-11-08
16932,2459746,3,2004-06-15
16932,742283,3,2004-08-09
16932,1128213,3,2004-07-02
16932,1346908,5,2003-11-10
16932,2366024,4,2005-03-14
16932,534005,4,2005-04-16
16932,1635276,1,2004-04-28
16932,389932,3,2004-08-15
16932,19237,5,2005-10-27
16932,1338035,4,2003-11-02
16932,1298511,1,2004-04-28
16932,2414400,2,2004-04-28
16932,391543,5,2004-11-22
16932,1312448,2,2004-05-03
16932,2132394,3,2004-04-28
16932,533713,3,2004-12-12
16932,2377192,2,2005-02-15
16932,2156560,5,2005-06-18
16932,2475125,1,2005-10-05
16932,50214,4,2004-06-24
16932,659827,1,2004-01-02
16932,713247,4,2005-11-01
16932,521932,2,2004-04-28
16932,1961026,2,2004-05-03
16932,197101,4,2004-12-15
16932,1934271,4,2005-03-17
16932,2442925,2,2004-04-15
16932,2128788,2,2004-04-28
16932,2264314,2,2005-03-29
16932,325215,1,2005-05-14
16932,2025236,2,2004-04-28
16932,1627581,3,2004-04-10
16932,425184,3,2004-06-16
16932,572994,4,2005-01-27
16932,1399457,5,2005-03-02
16932,585045,4,2005-12-20
16932,1945221,3,2004-02-25
16932,2001123,3,2004-04-28
16932,2106579,2,2004-09-12
16932,1346494,3,2005-08-09
16932,257095,2,2005-08-16
16932,331875,1,2004-07-08
16932,414286,4,2005-02-01
16932,1038505,5,2005-10-18
16932,1457134,4,2004-04-28
16932,531125,1,2004-07-20
16932,133780,3,2004-09-15
16932,507498,3,2003-09-13
16932,932166,4,2004-08-17
16932,2641290,3,2004-09-09
16932,592466,3,2005-05-17
16932,319893,3,2005-07-06
16932,1608637,5,2004-02-25
16932,355763,5,2005-02-02
16932,2084462,1,2004-05-03
16932,2002198,3,2004-07-20
16932,643374,3,2004-09-07
16932,524313,3,2004-08-20
16932,900151,3,2005-04-02
16932,1233226,2,2005-04-02
16932,1895781,4,2004-04-28
16932,2433610,3,2004-04-28
16932,2466397,3,2004-04-28
16932,2534061,1,2004-04-28
16932,1275526,3,2004-06-08
16932,430983,4,2004-12-03
16932,1594053,2,2005-04-04
16932,379443,3,2005-04-22
16932,491531,3,2004-06-02
16932,769942,3,2004-12-06
16932,1625845,3,2004-04-28
16932,2479785,2,2004-06-10
16932,1282728,5,2004-04-28
16932,752159,2,2004-05-03
16932,2639376,3,2004-07-11
16932,135477,4,2004-06-24
16932,1384078,4,2005-05-03
16932,480305,2,2004-04-28
16932,11910,5,2004-04-28
16932,2203182,5,2005-01-30
16932,2606799,2,2005-01-31
16932,1690470,3,2004-04-28
16932,785709,2,2004-04-28
16932,2574641,3,2003-09-16
16932,749593,4,2004-04-26
16932,588687,3,2005-08-29
16932,818857,1,2004-01-20
16932,2256485,3,2004-07-21
16932,613002,1,2005-09-21
16932,1257465,3,2005-10-25
16932,1160401,5,2005-12-06
16932,870526,3,2004-04-28
16932,2540809,3,2003-10-02
16932,459838,4,2005-04-05
16932,2334289,3,2005-06-14
16932,1387334,5,2005-07-12
16932,798296,1,2004-04-28
16932,1594098,5,2004-04-28
16932,2022000,2,2005-11-05
16932,504620,1,2005-08-12
16932,1607572,4,2004-04-28
16932,207782,1,2004-04-28
16932,1185379,5,2004-04-28
16932,369912,4,2004-05-25
16932,401613,1,2005-05-31
16932,1619179,3,2004-04-28
16932,1448838,2,2003-09-20
16932,2174181,3,2005-05-23
16932,2182816,4,2005-06-04
16932,555336,3,2005-11-01
16932,258764,2,2005-07-08
16932,1533,2,2005-07-26
16932,1298475,2,2004-03-06
16932,226048,2,2004-11-27
16932,2483683,3,2004-04-28
16932,1978238,1,2004-04-28
16932,1837276,4,2004-04-28
16932,873777,3,2004-10-02
16932,584266,3,2005-06-23
16932,789909,5,2005-09-29
16932,2138723,4,2004-06-15
16932,1729065,4,2004-04-28
16932,536081,5,2004-04-28
16932,1796588,3,2004-05-03
16932,1073354,3,2004-04-28
16932,305344,1,2003-09-17
16932,1494390,4,2005-03-24
16932,395853,3,2005-02-26
16932,1891948,5,2005-05-08
16932,592108,4,2004-05-03
16932,1548841,4,2003-09-20
16932,1431928,1,2004-07-20
16932,1185017,3,2004-11-11
16932,1710658,3,2005-12-01
16932,2280788,3,2003-10-31
16932,2497124,3,2005-08-25
16932,1514276,3,2004-10-14
16932,1562632,4,2005-05-23
16932,2373851,2,2004-04-28
16932,376576,3,2004-04-28
16932,2147527,2,2005-11-11
16932,1522766,1,2005-07-20
16932,467381,1,2004-04-28
16932,1913716,5,2005-04-03
16932,766107,5,2005-06-07
16932,1595895,3,2004-11-22
16932,708831,3,2004-08-25
16932,1937871,2,2004-04-28
16932,1988735,2,2004-01-16
16932,1101737,4,2004-10-28
16932,1437766,3,2005-03-08
16932,1340872,3,2004-05-03
16932,1221134,2,2005-07-19
16932,1058762,1,2004-04-28
16932,771377,2,2005-04-06
16932,1244162,2,2005-04-09
16932,1494268,4,2005-09-12
16932,2389458,5,2005-10-18
16932,1642259,5,2005-03-24
16932,1694338,2,2004-04-28
16932,2292498,5,2004-04-28
16932,1631617,2,2005-06-25
16932,1708366,5,2005-09-21
16932,2084207,4,2005-10-21
16932,1164589,3,2005-10-25
16932,2315012,1,2005-07-06
16932,14352,3,2004-04-28
16932,2610742,4,2004-04-28
16932,427186,3,2004-08-16
16932,1289515,3,2005-09-13
16932,411512,1,2004-04-28
16932,660871,4,2004-04-28
16932,218926,5,2005-05-29
16932,1395295,3,2005-09-06
16932,42072,3,2004-04-28
16932,2467794,3,2004-02-09
16932,1267254,5,2004-08-25
16932,2399274,4,2005-06-25
16932,773607,2,2004-05-03
16932,855463,3,2004-04-28
16932,648350,4,2004-12-31
16932,2474661,2,2004-04-28
16932,1152594,3,2004-02-24
16932,903145,3,2004-10-22
16932,1547409,3,2005-12-26
16932,752642,1,2004-04-28
16932,2625805,4,2004-04-28
16932,1582127,1,2004-06-28
16932,1590926,2,2004-08-16
16932,1848302,4,2005-02-25
16932,633730,4,2005-02-28
16932,538529,1,2005-06-24
16932,408037,4,2004-04-28
16932,2152273,4,2003-09-25
16932,1539689,1,2005-02-07
16932,1197965,3,2005-10-07
16932,2057220,5,2004-05-03
16932,2530159,3,2004-02-18
16932,1174453,1,2004-04-28
16932,1456704,4,2005-01-03
16932,2223396,4,2003-11-02
16932,608076,4,2004-12-07
16932,2056022,2,2005-01-01
16932,836782,3,2005-10-12
16932,1299497,3,2004-04-28
16932,417582,2,2004-04-28
16932,2210312,2,2004-04-28
16932,1638316,4,2005-08-21
16932,858340,2,2005-03-18
16932,754457,5,2005-05-23
16932,307010,1,2004-04-28
16932,729187,3,2004-04-28
16932,2339154,4,2004-10-18
16932,1188067,4,2004-04-28
16932,1233657,3,2005-09-08
16932,2094906,3,2005-09-13
16932,212887,4,2004-04-28
16932,1618124,3,2005-08-02
16932,2644305,5,2004-10-27
16932,2038135,2,2005-01-05
16932,1051791,5,2005-06-06
16932,1580781,3,2005-10-10
16932,1537902,2,2005-07-08
16932,2338866,3,2004-04-28
16932,339482,4,2005-10-05
16932,548334,5,2005-07-21
16932,1156960,3,2005-07-27
16932,1763016,1,2005-10-03
16932,8660,4,2004-04-28
16932,230599,2,2003-10-01
16932,2328257,3,2005-04-04
16932,77225,5,2005-10-27
16932,357048,3,2005-09-21
16932,88459,5,2004-05-21
16932,876553,4,2005-10-06
16932,2118461,5,2005-10-27
16932,386915,4,2005-11-03
16932,155233,3,2004-04-28
16932,713326,3,2004-04-28
16932,544571,2,2004-11-30
16932,1553376,2,2005-05-04
16932,1813609,4,2005-10-02
16932,20223,2,2005-12-01
16932,1422484,3,2005-08-18
16932,2272187,4,2004-12-13
16932,387418,3,2003-09-13
16932,349239,2,2004-09-09
16932,930627,2,2004-11-23
16932,109717,3,2005-02-15
16932,1169249,2,2005-11-03
16932,2477534,3,2004-04-28
16932,834412,3,2005-08-14
16932,2101985,4,2005-02-24
16932,1240351,4,2005-06-28
16932,719978,4,2004-04-28
16932,760459,4,2003-11-04
16932,2456658,3,2003-10-06
16932,1074725,3,2004-07-22
16932,118416,3,2005-11-17
16932,54492,3,2004-08-25
16932,1861095,3,2003-11-17
16932,1137710,4,2004-01-06
16932,1087159,2,2003-10-05
16932,1907694,2,2004-05-24
16932,893014,3,2005-05-16
16932,108176,4,2003-11-25
16932,1025424,2,2003-09-25
16932,794999,5,2004-06-22
16932,757828,4,2004-10-08
16932,784896,4,2005-02-17
16932,1932594,1,2005-04-19
16932,1160597,3,2003-09-18
16932,1609700,1,2004-04-28
16932,1840034,4,2004-04-28
16932,2000145,2,2003-09-21
16932,752619,1,2004-06-02
16932,1620158,2,2004-07-12
16932,998059,2,2005-10-02
16932,1961167,3,2004-04-28
16932,2160017,2,2004-04-28
16932,1870560,4,2005-07-22
16932,2490540,2,2004-07-03
16932,1982279,2,2004-08-16
16932,1450023,5,2005-11-01
16932,1065341,4,2004-04-28
16932,1461435,1,2004-04-28
16932,1730570,3,2004-05-03
16932,1043805,3,2004-11-17
16932,361137,4,2005-02-18
16932,1104620,3,2005-09-20
16932,363515,3,2004-07-12
16932,615258,3,2004-04-12
16932,47956,2,2004-04-05
16932,1816226,3,2004-06-09
16932,2524045,5,2005-02-22
16932,1010922,4,2005-11-18
16932,74720,1,2004-02-09
16932,2446318,3,2004-04-28
16932,1772242,1,2004-11-25
16932,2490543,3,2005-03-23
16932,899324,2,2004-04-28
16932,1528081,5,2004-06-08
16932,136681,1,2004-08-05
16932,2281243,1,2004-08-04
16932,1095305,5,2004-04-28
16932,487031,3,2005-02-14
16932,1533580,3,2005-06-14
16932,1186925,3,2003-10-30
16932,1639792,1,2004-04-28
16932,1515355,3,2003-09-12
16932,2050168,4,2004-07-29
16932,314018,3,2004-04-28
16932,52591,3,2004-10-12
16932,466669,5,2005-02-24
16932,808933,2,2004-04-28
16932,2027131,3,2004-04-28
16932,97145,4,2004-06-11
16932,1667349,5,2004-07-12
16932,2484391,4,2005-10-02
16932,2016598,4,2004-10-23
16932,930334,5,2005-07-30
16932,2583,2,2005-05-05
16932,518137,3,2004-06-12
16932,682099,3,2003-10-23
16932,1976208,1,2005-03-11
16932,280176,3,2005-07-05
16932,1651228,3,2003-09-22
16932,638962,4,2005-01-26
16932,1604027,3,2005-09-14
16932,1935050,4,2004-04-28
16932,1930688,2,2004-04-28
16932,1483160,3,2004-04-28
16932,150819,2,2004-01-21
16932,1130461,4,2004-04-28
16932,888019,2,2004-08-01
16932,2081907,4,2005-08-27
16932,2255608,5,2005-01-26
16932,1626021,3,2005-11-04
16932,1878798,5,2004-02-22
16932,1745745,2,2004-04-28
16932,2049734,4,2004-04-28
16932,2029858,4,2004-02-01
16932,1602117,3,2003-12-15
16932,596690,3,2005-09-19
16932,1987400,2,2005-11-11
16932,592646,4,2003-11-18
16932,515436,1,2004-05-20
16932,712215,1,2004-02-11
16932,280677,1,2004-06-04
16932,247262,4,2005-01-01
16932,1811676,2,2005-10-01
16932,1028324,4,2004-07-30
16932,225968,2,2004-04-28
16932,108740,3,2005-06-13
16932,230296,5,2005-06-28
16932,670196,2,2004-04-28
16932,1875010,4,2004-07-27
16932,2352183,4,2004-04-29
16932,851331,3,2004-11-17
16932,188613,3,2004-04-28
16932,237175,4,2004-05-03
16932,1663781,3,2005-09-02
16932,2392601,3,2003-10-22
16932,50400,2,2004-01-26
16932,1731797,1,2004-04-28
16932,361617,4,2004-04-28
16932,2389424,1,2004-01-05
16932,1766524,5,2004-04-28
16932,1158474,2,2004-04-24
16932,2080535,4,2005-05-01
16932,1525418,2,2004-04-28
16932,594201,3,2003-09-24
16932,2634967,1,2004-07-17
16932,1433740,2,2005-03-15
16932,1713558,2,2004-07-27
16932,2642974,1,2004-08-20
16932,1300087,5,2004-10-19
16932,119241,5,2004-12-10
