10912,1276913,5,2004-08-10
10912,66187,2,2005-08-23
10912,139297,3,2004-08-17
10912,1778851,4,2005-01-08
10912,2230271,1,2005-04-06
10912,146851,4,2005-04-28
10912,2241806,5,2005-07-01
10912,180849,4,2005-09-14
10912,962487,4,2005-11-25
10912,2296924,4,2004-06-28
10912,2305266,4,2004-08-15
10912,2018877,3,2004-03-18
10912,858362,4,2004-10-01
10912,635344,3,2004-11-30
10912,819870,2,2005-05-24
10912,705603,5,2005-09-14
10912,476805,2,2005-10-25
10912,896780,3,2004-03-22
10912,2625420,2,2004-06-03
10912,2137527,2,2005-08-28
10912,667665,3,2004-05-23
10912,1112372,4,2004-09-21
10912,1606064,2,2004-11-10
10912,1280109,3,2005-01-05
10912,2343417,4,2005-01-07
10912,908205,4,2005-01-19
10912,2161899,4,2005-01-30
10912,1650301,3,2005-02-09
10912,1579371,4,2005-03-09
10912,2597480,3,2005-04-08
10912,744121,4,2005-05-24
10912,1413031,5,2005-05-26
10912,2179335,3,2005-06-09
10912,2231930,3,2005-10-10
10912,2260788,3,2004-08-14
10912,752696,3,2005-08-04
10912,1160001,4,2004-12-05
10912,2064424,1,2004-07-12
10912,2212890,3,2004-06-18
10912,1010370,4,2004-11-27
10912,2504147,2,2004-12-18
10912,414791,2,2005-01-08
10912,2168145,2,2005-01-19
10912,1363333,5,2005-04-12
10912,1213587,4,2005-05-31
10912,1917600,4,2005-10-10
10912,1569053,3,2005-10-12
10912,1310250,3,2005-10-12
10912,1977959,2,2004-04-14
10912,2536720,4,2005-07-27
10912,543865,3,2004-03-23
10912,259348,3,2004-06-29
10912,17063,3,2004-07-09
10912,1117379,4,2004-11-09
10912,164532,4,2005-01-21
10912,2645579,3,2005-01-23
10912,1875767,4,2005-01-29
10912,2159955,3,2005-03-09
10912,918897,3,2005-03-17
10912,535268,3,2005-04-04
10912,1891708,4,2005-06-23
10912,134161,4,2005-10-07
10912,267768,3,2005-12-11
10912,1128484,4,2005-07-06
10912,917118,4,2005-07-15
10912,955178,1,2005-07-26
10912,322173,4,2004-06-16
10912,52540,5,2005-01-19
10912,2217731,3,2005-03-05
10912,1227576,3,2005-03-08
10912,1212375,3,2005-03-11
10912,222123,4,2005-09-14
10912,1167579,4,2005-10-17
10912,2043617,4,2005-11-16
10912,866411,4,2005-12-17
10912,1830096,3,2004-12-04
10912,2264352,4,2004-09-22
10912,200255,4,2004-10-04
10912,2577867,3,2004-12-11
10912,1517358,4,2005-01-13
10912,1995637,4,2005-03-02
10912,2162826,5,2005-04-01
10912,2416619,1,2005-04-18
10912,1518964,4,2005-06-01
10912,629742,3,2005-09-28
10912,1808130,4,2005-10-29
10912,850588,3,2005-11-08
10912,1874317,4,2005-11-20
10912,2191844,5,2004-09-14
10912,1122179,5,2005-08-09
10912,1449780,4,2005-08-26
10912,2268800,2,2004-07-12
10912,2209992,3,2004-10-08
10912,163399,3,2004-11-03
10912,2600558,1,2004-11-04
10912,2243703,4,2004-11-30
10912,2637948,3,2005-03-11
10912,1224299,4,2005-03-23
10912,2244849,2,2005-04-05
10912,262411,4,2005-06-09
10912,281851,4,2005-07-03
10912,752670,2,2005-09-12
10912,599628,3,2004-08-17
10912,639194,5,2004-08-16
10912,141745,2,2004-03-21
10912,1058639,3,2005-08-27
10912,1705674,5,2004-08-23
10912,39526,3,2004-09-12
10912,792568,3,2005-05-30
10912,360412,4,2005-06-17
10912,1955706,3,2005-06-17
10912,112320,4,2005-09-12
10912,1709417,5,2005-10-25
10912,1915120,5,2005-12-11
10912,2048686,3,2004-09-14
10912,1430142,2,2005-07-12
10912,945258,3,2004-03-04
10912,1273429,3,2005-08-02
10912,2602249,3,2004-06-25
10912,1227322,1,2004-02-09
10912,1990523,3,2004-07-04
10912,2491620,2,2005-01-19
10912,1279939,5,2005-01-19
10912,1551284,5,2005-03-02
10912,543825,4,2005-03-06
10912,279960,3,2005-06-15
10912,290916,4,2005-09-15
10912,1811853,3,2005-10-22
10912,2509588,3,2005-11-11
10912,1673185,3,2005-12-20
10912,1654627,2,2005-07-05
10912,2217170,4,2005-07-12
10912,761972,3,2005-08-02
10912,1220170,3,2004-06-01
10912,1905973,3,2005-08-28
10912,1107022,4,2004-07-19
10912,1077945,3,2004-04-13
10912,1236952,3,2004-11-08
10912,1236924,2,2005-03-03
10912,1187949,4,2005-03-16
10912,2412030,4,2005-03-18
10912,1467856,3,2005-09-16
10912,2114406,5,2005-10-31
10912,2404204,3,2005-11-21
10912,767144,5,2005-12-06
10912,148606,4,2005-07-17
10912,2503676,3,2004-11-26
10912,929308,2,2004-07-26
10912,720833,5,2005-08-07
10912,2312862,5,2005-09-05
10912,1977685,3,2004-08-07
10912,490992,3,2004-06-30
10912,1652478,3,2004-09-09
10912,2559157,4,2004-10-14
10912,786312,2,2004-11-06
10912,1295097,2,2004-12-20
10912,2107564,5,2005-02-16
10912,1401395,3,2005-04-19
10912,373450,4,2005-06-03
10912,2444932,3,2005-06-28
10912,1509566,3,2005-07-03
10912,1643561,5,2005-09-22
10912,1280726,4,2005-09-28
10912,471414,3,2005-10-18
10912,1172153,4,2005-07-07
10912,371897,3,2005-07-09
10912,124829,2,2005-07-26
10912,1489727,5,2005-08-07
10912,317779,3,2004-06-11
10912,1956980,3,2004-03-08
10912,1591568,1,2005-08-20
10912,2093522,2,2004-05-25
10912,1225682,3,2004-08-25
10912,2404146,3,2004-11-12
10912,1365840,4,2004-11-15
10912,1189269,5,2004-11-28
10912,1830537,5,2004-12-13
10912,468079,4,2005-03-27
10912,2053101,5,2005-05-13
10912,1928445,4,2005-06-09
10912,2534574,5,2005-09-17
10912,545781,5,2005-11-07
10912,2327477,5,2005-11-09
10912,25533,3,2005-11-21
10912,910537,3,2005-12-13
10912,306199,3,2004-08-04
10912,1204847,2,2005-07-12
10912,525356,2,2004-06-18
10912,843387,5,2004-08-24
10912,794717,3,2005-08-17
10912,2100684,4,2005-08-18
10912,65841,3,2005-09-08
10912,686510,3,2004-07-21
10912,829825,5,2004-06-27
10912,385977,3,2004-10-09
10912,66109,4,2004-10-19
10912,1487119,2,2005-01-04
10912,1300907,5,2005-01-19
10912,931045,4,2005-03-17
10912,2102030,4,2005-04-28
10912,1391029,4,2005-07-01
10912,354091,5,2005-11-18
10912,353900,3,2005-11-24
10912,2566515,3,2004-05-05
10912,582092,4,2005-07-29
10912,2386920,4,2004-06-23
10912,1018474,3,2004-05-27
10912,2379593,4,2004-10-13
10912,1424487,3,2004-11-14
10912,873556,3,2005-01-31
10912,2210112,3,2005-03-16
10912,1941091,2,2005-04-25
10912,2116402,5,2005-06-24
10912,401047,3,2005-06-29
10912,700229,5,2005-07-04
10912,2192511,3,2005-10-26
10912,2059967,4,2005-11-17
10912,423540,4,2004-12-05
10912,151484,5,2004-08-10
10912,1509395,2,2004-10-18
10912,1784150,5,2004-10-29
10912,1413533,4,2004-11-25
10912,1191122,3,2005-01-27
10912,1553047,3,2005-04-28
10912,369007,4,2005-05-15
10912,220608,4,2005-05-31
10912,273945,3,2005-06-14
10912,902249,4,2005-06-19
10912,1604702,4,2005-11-03
10912,298408,3,2005-11-07
10912,194219,5,2005-07-21
10912,1457139,3,2004-02-24
10912,1870357,4,2004-07-15
10912,1176800,2,2004-05-03
10912,923889,2,2004-08-04
10912,885087,4,2004-07-08
10912,1494153,3,2004-10-19
10912,102848,4,2005-04-08
10912,1119488,3,2005-05-11
10912,57183,4,2005-05-20
10912,821883,4,2005-05-30
10912,1208146,3,2005-09-17
10912,1297721,4,2005-09-18
10912,2604811,5,2005-09-28
10912,2504674,5,2005-10-31
10912,2221430,5,2005-11-01
10912,197121,4,2005-11-06
10912,1623070,3,2005-07-09
10912,1622628,3,2004-04-09
10912,1564649,3,2005-09-04
10912,2618645,4,2004-11-15
10912,821292,3,2004-11-28
10912,1919770,1,2005-04-06
10912,2085613,3,2005-04-21
10912,569333,3,2005-06-19
10912,1696308,4,2005-07-04
10912,1517824,3,2005-12-10
10912,901520,2,2005-07-09
10912,1226844,4,2004-03-30
10912,148394,3,2004-11-21
10912,717542,4,2004-12-22
10912,650960,3,2005-03-08
10912,1835276,5,2005-06-27
10912,556776,3,2005-11-14
10912,1310782,3,2005-12-11
10912,650454,3,2005-12-30
10912,712217,5,2005-07-18
10912,787052,4,2004-07-11
10912,313288,4,2005-08-08
10912,600450,5,2005-08-25
10912,435009,3,2004-06-20
10912,2566318,2,2004-08-22
10912,1606621,3,2004-09-29
10912,2568773,3,2004-12-13
10912,2465236,4,2004-12-31
10912,2401585,2,2005-01-05
10912,1859573,3,2005-01-28
10912,264429,4,2005-03-21
10912,57332,5,2005-04-28
10912,1001129,2,2005-05-24
10912,2536101,3,2005-06-09
10912,234815,4,2005-12-26
10912,2604976,2,2004-07-13
10912,2178153,4,2005-07-31
10912,2573288,4,2005-08-03
10912,631747,3,2004-04-13
10912,2403513,2,2004-07-14
10912,2561713,3,2004-10-04
10912,1279110,4,2004-12-18
10912,760072,4,2004-12-27
10912,2647197,3,2005-01-26
10912,275687,1,2005-06-08
10912,1276355,3,2005-06-11
10912,1359157,4,2005-07-03
10912,2142119,4,2005-10-11
10912,457326,3,2005-11-15
10912,38647,3,2005-07-19
10912,2073766,3,2005-08-12
10912,1927580,2,2004-04-22
10912,1077386,3,2004-04-18
10912,1954102,3,2004-09-30
10912,1957453,4,2004-11-11
10912,2041533,4,2005-01-19
10912,2216907,4,2005-01-22
10912,476851,3,2005-01-30
10912,411396,5,2005-03-07
10912,198936,4,2005-03-18
10912,1746056,3,2005-04-19
10912,2209805,5,2005-04-26
10912,716874,4,2005-05-06
10912,89800,3,2005-05-30
10912,1667197,3,2005-09-30
10912,2118374,3,2005-10-01
10912,2047145,4,2005-10-02
10912,937784,4,2005-10-17
10912,1750443,3,2005-11-21
10912,2375683,3,2005-08-25
10912,1750396,2,2005-08-02
10912,2257122,5,2005-08-03
10912,941600,4,2004-05-01
10912,436122,4,2004-07-26
10912,2239984,5,2004-10-21
10912,2345110,5,2004-11-09
10912,1631417,5,2004-12-06
10912,923544,4,2004-12-13
10912,103619,4,2004-12-28
10912,962564,3,2005-01-03
10912,2274382,4,2005-05-05
10912,1423249,4,2005-05-10
10912,1676093,4,2005-06-15
10912,1150912,4,2005-09-11
10912,2639932,4,2005-08-01
10912,894921,5,2005-08-13
10912,2348692,4,2004-09-28
10912,870045,3,2004-11-14
10912,2251582,3,2005-02-01
10912,349572,4,2005-03-07
10912,840163,3,2005-04-23
10912,59913,3,2005-05-03
10912,1018379,2,2005-06-22
10912,2404476,3,2005-09-30
10912,1425875,2,2004-03-14
10912,213811,2,2005-08-26
10912,1536492,3,2004-04-09
10912,1774825,3,2004-06-28
10912,762135,2,2004-12-07
10912,1037347,5,2004-12-09
10912,1961619,4,2004-12-27
10912,1225226,4,2005-02-02
10912,479327,3,2005-02-12
10912,1938992,3,2005-04-25
10912,1898804,4,2005-09-15
10912,930318,4,2005-09-18
10912,1242266,3,2005-09-19
10912,1539697,3,2005-11-27
10912,1414832,5,2005-12-29
10912,235789,5,2004-12-04
10912,377808,4,2005-07-28
10912,81782,5,2005-08-18
10912,1683507,5,2005-08-25
10912,961409,3,2004-06-20
10912,742875,4,2004-09-26
10912,1925969,3,2004-09-26
10912,1315654,3,2004-12-01
10912,2402629,3,2004-12-19
10912,1259776,4,2004-12-23
10912,966992,4,2005-05-24
10912,1239654,2,2005-09-20
10912,2085053,5,2005-10-08
10912,1567202,2,2005-10-13
10912,2157229,4,2005-11-16
10912,1558950,3,2005-12-12
10912,1333118,5,2004-03-04
10912,739394,2,2004-08-31
10912,9964,4,2004-09-13
10912,706264,3,2005-02-18
10912,1025990,3,2005-05-04
10912,1041802,4,2005-05-09
10912,306350,2,2005-05-18
10912,302162,4,2005-05-24
10912,1371422,2,2005-06-10
10912,2550239,3,2005-10-17
10912,1181089,5,2005-07-14
10912,732682,5,2004-09-06
10912,1462488,3,2005-01-26
10912,7628,4,2005-05-18
10912,1613540,3,2005-05-23
10912,1730124,3,2005-05-27
10912,752197,4,2005-06-04
10912,1399082,5,2005-06-22
10912,2237178,4,2005-09-23
10912,1486225,4,2005-10-07
10912,494150,1,2005-11-02
10912,2035299,3,2004-07-15
10912,1524855,4,2004-11-23
10912,1273640,3,2005-07-02
10912,284143,4,2005-09-18
10912,835847,3,2004-02-23
10912,2121865,4,2005-07-09
10912,1792741,1,2004-05-19
10912,2372494,4,2004-02-25
10912,1759886,3,2004-08-14
10912,1314869,3,2004-08-05
10912,2349412,2,2005-04-08
10912,123241,3,2005-04-28
10912,2378920,1,2005-05-07
10912,615509,3,2005-09-08
10912,864172,4,2004-06-24
10912,2496492,3,2004-01-17
10912,451892,3,2004-03-04
10912,861077,3,2004-07-27
10912,1843143,2,2004-07-10
10912,766982,4,2004-11-14
10912,1355023,5,2005-01-31
10912,164845,2,2005-03-17
10912,1829014,3,2005-06-24
10912,2278738,5,2005-06-24
10912,1340455,3,2005-09-19
10912,1488176,1,2005-09-23
10912,1920310,2,2005-10-19
10912,851848,3,2005-02-20
10912,2115174,3,2005-08-08
10912,636262,1,2005-08-22
10912,493587,4,2004-10-06
10912,2634707,5,2004-10-13
10912,2425967,1,2004-12-20
10912,1599245,5,2004-12-28
10912,2342774,3,2005-01-05
10912,1012113,3,2005-01-22
10912,1071084,3,2005-01-26
10912,987078,4,2005-01-28
10912,1382862,4,2005-03-25
10912,952381,5,2005-06-26
10912,1057513,3,2005-09-14
10912,2160085,2,2005-11-17
10912,2005678,4,2005-12-10
10912,163650,5,2005-07-08
10912,1166912,3,2005-07-11
10912,1664193,4,2005-07-14
10912,2237185,2,2004-03-31
10912,688182,1,2005-06-06
10912,2547661,4,2005-06-26
10912,2115962,4,2005-09-30
10912,2476202,4,2005-08-18
10912,73526,5,2004-10-18
10912,2384203,5,2004-12-28
10912,501300,4,2005-05-04
10912,27708,4,2005-10-30
10912,992602,4,2005-11-15
10912,1155747,2,2005-07-16
10912,2003876,2,2005-07-20
10912,726823,4,2005-07-23
10912,1121006,4,2005-07-29
10912,2550108,4,2004-08-30
10912,2416772,3,2004-10-03
10912,905624,4,2004-10-25
10912,2363742,3,2004-12-30
10912,382234,4,2005-03-02
10912,1391652,3,2005-03-10
10912,2630337,1,2005-03-10
10912,1501707,3,2005-05-06
10912,1912002,3,2005-10-03
10912,592132,4,2005-10-10
10912,2593960,3,2005-10-20
10912,2187741,3,2005-10-24
10912,2439493,1,2004-02-09
10912,1968107,4,2004-11-11
10912,418653,3,2004-11-28
10912,1943753,3,2005-01-08
10912,1803747,3,2005-01-21
10912,2495043,3,2005-02-01
10912,1987049,4,2005-04-29
10912,892278,4,2005-06-09
10912,2291127,4,2005-06-13
10912,2625412,3,2005-11-06
10912,2501468,3,2005-12-09
10912,481523,4,2005-12-22
10912,1892170,3,2005-07-23
10912,726543,3,2004-12-05
10912,2494075,2,2004-08-03
10912,1952860,5,2004-09-27
10912,2443669,3,2005-01-24
10912,1058508,4,2005-03-03
10912,1733123,4,2005-04-15
10912,45207,4,2005-05-05
10912,1997371,4,2005-05-15
10912,1963208,3,2005-10-02
10912,479264,5,2005-10-17
10912,1698770,3,2005-10-19
10912,799551,5,2005-11-27
10912,1684232,3,2005-07-05
10912,2058194,5,2005-07-06
10912,1343237,3,2005-07-24
10912,827136,3,2005-09-07
10912,147386,4,2004-09-18
10912,186435,4,2004-10-28
10912,2553495,5,2005-01-03
10912,1976585,4,2005-01-08
10912,1134379,3,2005-01-27
10912,2033466,3,2005-03-13
10912,1729269,3,2005-04-08
10912,2091875,3,2005-05-24
10912,627503,3,2005-06-14
10912,485083,4,2005-09-14
10912,1259082,4,2005-10-11
10912,475631,4,2005-10-25
10912,215281,3,2005-10-27
10912,1928368,5,2005-12-27
10912,1087944,3,2004-07-31
10912,1397103,5,2005-08-24
10912,2615184,5,2005-08-29
10912,237585,3,2005-09-02
10912,1105158,3,2004-08-17
10912,246980,3,2005-03-27
10912,452919,2,2005-04-06
10912,212071,3,2005-05-04
10912,1801528,2,2005-11-01
10912,982875,3,2005-11-27
10912,1488460,2,2005-12-15
10912,1545709,2,2004-03-05
10912,851008,4,2005-07-20
10912,2180836,5,2005-12-22
10912,581893,4,2004-08-02
10912,1624701,4,2004-07-07
10912,48746,3,2004-10-27
10912,2642209,1,2005-01-25
10912,2610356,5,2005-01-25
10912,2627394,4,2005-05-06
10912,888617,5,2005-06-13
10912,2549238,3,2005-06-30
10912,2403229,2,2005-09-25
10912,124342,4,2004-09-02
10912,322191,4,2004-08-06
10912,365000,5,2004-10-20
10912,568981,2,2004-11-29
10912,1471629,5,2004-12-23
10912,42064,4,2004-12-28
10912,1125596,5,2005-01-02
10912,290700,3,2005-03-09
10912,1021948,3,2005-05-13
10912,1430108,3,2005-05-25
10912,1169571,4,2005-10-04
10912,1771397,5,2005-11-23
10912,9816,3,2005-07-15
10912,1385163,4,2004-05-05
10912,729682,3,2004-02-10
10912,2023883,5,2005-07-30
10912,612562,4,2005-08-26
10912,1579209,4,2004-07-03
10912,2575022,4,2004-06-17
10912,707130,3,2004-06-07
10912,1939431,4,2005-03-02
10912,1770466,3,2005-04-05
10912,1174162,3,2005-09-19
10912,1514886,3,2005-11-11
10912,2536712,4,2005-12-15
10912,1634443,4,2005-07-13
10912,276665,4,2004-07-07
10912,1796585,1,2005-08-07
10912,2612016,5,2005-08-14
10912,2096648,4,2005-08-16
10912,415641,3,2004-05-12
10912,2100003,4,2004-04-17
10912,2373402,3,2004-08-27
10912,634774,3,2004-12-02
10912,1286183,4,2004-12-29
10912,2388479,5,2005-01-20
10912,469045,1,2005-04-06
10912,521788,3,2005-05-10
10912,2293077,2,2005-06-06
10912,1047368,3,2005-09-20
10912,1632784,2,2005-10-28
10912,2331444,4,2005-11-01
10912,1300687,3,2005-07-05
10912,709357,5,2005-08-10
10912,1658172,4,2004-07-18
10912,2612172,3,2004-06-23
10912,633722,5,2004-08-16
10912,388260,3,2004-08-27
10912,2636378,4,2004-08-13
10912,123384,4,2004-10-19
10912,2155681,4,2004-12-10
10912,1504503,3,2005-04-10
10912,117747,2,2005-04-18
10912,608392,4,2005-09-28
10912,2578541,4,2005-10-17
10912,2599262,5,2005-10-20
10912,2601379,3,2005-11-05
10912,974285,3,2005-11-06
10912,1343042,4,2005-11-09
10912,1677263,4,2005-12-08
10912,1330537,3,2005-12-29
10912,440345,3,2005-07-05
10912,858574,4,2005-08-19
10912,1473980,3,2005-08-30
10912,1107678,4,2004-07-29
10912,971567,3,2004-07-30
10912,1208622,3,2004-09-22
10912,426008,1,2004-10-07
10912,828444,3,2004-10-08
10912,1711195,3,2004-11-24
10912,2488357,4,2004-11-30
10912,376013,3,2005-03-27
10912,1120126,5,2005-09-08
10912,1670302,3,2005-10-17
10912,288343,4,2005-10-31
10912,1485047,3,2005-08-30
10912,633570,2,2004-07-29
10912,814304,4,2004-10-11
10912,753231,4,2004-11-08
10912,1244273,2,2004-11-11
10912,361482,4,2004-11-17
10912,1781280,2,2005-01-27
10912,2603700,4,2005-01-07
10912,168741,5,2005-03-07
10912,1273193,4,2005-03-13
10912,87360,4,2005-04-06
10912,200805,3,2005-04-06
10912,219710,4,2005-04-24
10912,465885,3,2005-05-10
10912,1362091,3,2005-06-06
10912,2338429,5,2005-09-27
10912,503579,5,2005-10-06
10912,1490432,3,2005-10-12
10912,2521619,2,2005-10-28
10912,48915,4,2005-07-06
10912,2231960,4,2005-07-23
10912,684056,3,2004-06-17
10912,2196426,4,2004-10-12
10912,2065448,2,2004-12-21
10912,452501,1,2005-01-11
10912,2638856,2,2005-01-20
10912,2333850,4,2005-05-20
10912,1782189,1,2005-11-30
10912,2357964,4,2005-08-16
10912,152659,5,2005-08-20
10912,1952829,2,2004-02-29
10912,461075,3,2004-09-27
10912,659029,2,2004-12-08
10912,1322467,3,2005-02-01
10912,1028463,5,2005-03-02
10912,648173,3,2005-03-08
10912,198434,3,2005-04-13
10912,2542967,4,2005-04-15
10912,1478933,5,2005-05-09
10912,515441,3,2005-05-16
10912,2055615,3,2005-06-05
10912,1765734,3,2005-06-20
10912,1039641,4,2005-06-25
10912,1236841,4,2005-09-26
10912,407383,4,2004-02-23
10912,2534534,2,2004-09-08
10912,1683746,3,2004-06-03
10912,2407208,3,2004-07-09
10912,2343380,2,2004-06-17
10912,859505,5,2004-07-09
10912,844526,5,2004-12-07
10912,689918,2,2005-04-19
10912,2159285,5,2005-10-04
10912,1446328,3,2005-10-26
10912,600383,5,2005-11-16
10912,234680,4,2005-12-08
10912,704254,1,2005-12-15
10912,804027,4,2004-09-07
10912,213322,5,2005-08-12
10912,1013856,4,2004-09-11
10912,337202,3,2004-04-08
10912,1449358,4,2004-10-22
10912,2139059,3,2004-10-28
10912,455707,3,2004-11-08
10912,351213,3,2004-11-30
10912,297809,5,2004-12-15
10912,1725399,1,2005-01-08
10912,2070798,4,2005-01-09
10912,2068411,4,2005-01-11
10912,743633,4,2005-01-24
10912,1300982,4,2005-03-07
10912,2195297,3,2005-04-06
10912,2227388,2,2005-11-09
10912,232421,3,2005-11-30
10912,1045053,3,2005-12-10
10912,378033,5,2005-07-08
10912,1900375,4,2005-07-17
10912,2195071,3,2004-06-16
10912,962019,1,2005-08-22
10912,952156,2,2004-05-21
10912,2338019,2,2004-11-02
10912,407037,1,2004-11-12
10912,361778,4,2005-01-10
10912,1477732,5,2005-01-25
10912,2604473,3,2005-03-27
10912,1554139,2,2005-04-08
10912,854356,4,2005-04-16
10912,981619,4,2005-05-16
10912,1172958,3,2005-06-19
10912,1178902,3,2005-06-24
10912,2043278,5,2005-10-13
10912,578151,4,2005-11-02
10912,444229,3,2005-11-09
10912,294265,4,2005-11-11
10912,1111556,2,2005-11-17
10912,1978747,3,2005-12-19
10912,1227603,3,2005-07-05
10912,1230535,4,2004-12-22
10912,2563028,4,2005-02-01
10912,2124555,5,2005-03-28
10912,1406309,3,2005-04-18
10912,2646245,2,2005-05-06
10912,143737,4,2005-05-07
10912,863546,5,2005-11-22
10912,2302997,2,2005-12-15
10912,939315,4,2005-09-07
10912,167041,4,2004-10-13
10912,1787676,4,2004-10-26
10912,1494438,3,2004-11-24
10912,2450433,1,2004-12-20
10912,719255,5,2005-01-09
10912,474106,2,2005-03-28
10912,39242,3,2005-04-15
10912,2461142,3,2005-05-28
10912,1743858,4,2005-06-26
10912,867268,5,2005-10-01
10912,1125150,4,2005-12-11
10912,638020,3,2004-06-03
10912,1014412,3,2005-08-10
10912,973981,3,2004-02-20
10912,2645476,2,2004-08-15
10912,2145755,3,2004-07-07
10912,762049,3,2004-07-25
10912,1959273,4,2005-03-18
10912,997666,5,2005-05-15
10912,769702,3,2005-07-02
10912,790792,3,2005-10-03
10912,1114846,3,2005-07-25
10912,676123,5,2004-08-15
10912,570546,4,2005-08-07
10912,2452906,5,2004-09-06
10912,2197982,4,2004-08-19
10912,1362612,3,2004-10-04
10912,1978271,3,2004-12-15
10912,1571988,4,2004-12-22
10912,2181739,4,2005-02-01
10912,128713,4,2005-02-21
10912,2082864,3,2005-03-18
10912,2095856,4,2005-05-17
10912,1905989,4,2005-06-24
10912,315168,3,2005-11-14
10912,963658,3,2005-11-29
10912,1161256,2,2004-02-26
10912,1027506,4,2005-07-28
10912,1599231,1,2004-07-31
10912,1618381,4,2005-08-29
10912,2457095,3,2004-03-22
10912,749535,3,2004-06-23
10912,52639,4,2004-06-23
10912,2165574,3,2005-01-02
10912,1483251,5,2005-01-12
10912,384710,3,2005-01-26
10912,2288257,3,2005-02-17
10912,1589111,2,2005-03-12
10912,1419103,2,2005-03-15
10912,1302120,4,2005-04-06
10912,85747,4,2005-05-19
10912,321089,4,2005-06-07
10912,548053,4,2005-10-07
10912,1192770,4,2005-10-24
10912,1315827,3,2005-12-16
10912,1278428,1,2005-12-22
10912,216277,1,2004-07-09
10912,2413875,3,2005-08-27
10912,2629105,4,2004-07-04
10912,2459120,4,2004-05-16
10912,120650,5,2004-09-23
10912,1200461,4,2004-10-04
10912,1720098,5,2004-11-06
10912,697116,5,2004-12-15
10912,2433001,5,2005-01-12
10912,177089,3,2005-04-19
10912,804602,4,2005-05-08
10912,564367,5,2005-05-20
10912,2376898,5,2005-10-30
10912,2160527,3,2005-07-17
10912,369625,3,2005-07-20
10912,942007,3,2004-07-14
10912,1931453,4,2004-12-08
10912,2356870,4,2004-12-28
10912,1753825,5,2005-03-14
10912,169391,3,2005-03-16
10912,2618943,4,2005-07-04
10912,101564,3,2005-10-06
10912,2369316,3,2005-11-05
10912,1251028,3,2005-11-27
10912,845103,3,2004-08-15
10912,699988,2,2005-08-02
10912,327064,4,2004-06-21
10912,1911008,3,2004-07-19
10912,2011258,3,2004-10-27
10912,1371426,3,2004-12-03
10912,890825,5,2004-12-20
10912,2267391,4,2005-03-20
10912,1961753,3,2005-05-24
10912,1492505,3,2005-06-25
10912,787156,4,2005-06-29
10912,2503546,3,2005-09-10
10912,1985643,5,2005-09-21
10912,425571,4,2005-10-10
10912,1437304,4,2005-11-28
10912,2065164,3,2005-11-29
10912,629951,4,2005-12-29
10912,931316,2,2005-08-06
10912,2004994,5,2005-08-28
10912,474253,5,2005-09-01
10912,17587,4,2004-10-01
10912,1958406,3,2004-12-17
10912,107776,2,2005-03-28
10912,108673,3,2005-03-21
10912,753924,4,2005-04-19
10912,1387766,4,2005-06-14
10912,1036350,4,2005-06-15
10912,62655,3,2005-11-28
10912,735560,4,2004-03-20
10912,2051278,5,2005-07-25
10912,284052,3,2004-09-09
10912,992512,4,2004-06-19
10912,1419757,3,2004-08-27
10912,482999,4,2004-10-15
10912,2038799,3,2005-03-09
10912,661089,5,2005-03-16
10912,2299152,4,2005-03-24
10912,1568621,1,2005-03-29
10912,1406649,4,2005-09-25
10912,1254857,5,2005-10-02
10912,1422519,4,2005-11-11
10912,440463,3,2005-12-12
10912,1099798,1,2004-05-28
10912,431098,5,2005-07-27
10912,2444804,3,2005-03-06
10912,699133,3,2005-04-06
10912,1709175,3,2005-05-18
10912,1771365,4,2005-06-27
10912,2123934,4,2005-09-18
10912,370271,2,2005-09-29
10912,1136979,5,2005-10-18
10912,1784276,3,2005-11-10
10912,2626992,4,2005-11-10
10912,1502423,4,2005-07-11
10912,97474,5,2004-09-06
10912,206243,4,2004-06-22
10912,325498,4,2004-08-13
10912,1409445,3,2004-09-06
10912,1013603,5,2004-09-18
10912,1737149,3,2004-10-14
10912,497900,4,2004-11-29
10912,2327425,3,2005-03-13
10912,735278,3,2005-03-22
10912,2388645,4,2005-04-30
10912,151821,2,2005-06-22
10912,1013102,4,2005-09-30
10912,978339,4,2005-10-11
10912,1386881,4,2005-11-24
10912,2283320,4,2005-12-21
10912,1924377,4,2005-08-20
10912,809945,4,2005-01-27
10912,1184537,4,2005-03-02
10912,890518,3,2005-06-01
10912,1583631,4,2005-06-27
10912,1256976,3,2005-06-28
10912,277204,3,2005-09-09
10912,829241,3,2005-12-14
10912,1222126,2,2004-08-04
10912,914155,4,2005-08-24
10912,1727232,3,2005-08-24
10912,1406587,3,2004-07-06
10912,2108491,4,2004-07-21
10912,550905,3,2004-11-07
10912,184705,3,2004-11-18
10912,1880766,4,2004-11-24
10912,1564095,3,2005-02-10
10912,275803,5,2005-03-23
10912,2313013,3,2005-06-23
10912,1568056,1,2005-09-15
10912,2376121,4,2005-10-28
10912,1740987,5,2005-07-11
10912,507603,1,2005-09-08
10912,2274452,3,2005-09-09
10912,637266,2,2004-07-05
10912,432259,4,2004-10-21
10912,1577661,5,2004-10-27
10912,1934178,5,2004-11-22
10912,1997514,3,2004-12-31
10912,2586051,5,2005-01-13
10912,2176780,4,2005-02-01
10912,909167,3,2005-03-26
10912,1172980,4,2005-04-05
10912,1123175,3,2005-05-30
10912,284180,5,2005-10-06
10912,1578191,4,2005-12-13
10912,1248477,4,2005-12-26
10912,2593402,4,2004-07-11
10912,1753201,3,2004-06-30
10912,1824675,3,2005-09-06
10912,2194079,5,2004-09-18
10912,47075,5,2004-12-06
10912,1228095,3,2004-12-21
10912,1068988,4,2005-01-22
10912,337431,4,2005-01-26
10912,1353938,4,2005-03-02
10912,1428560,3,2005-03-07
10912,2532407,3,2005-04-13
10912,2512391,4,2005-04-22
10912,291690,4,2005-05-12
10912,2252432,2,2005-05-18
10912,1270812,4,2005-05-21
10912,1829286,2,2005-06-22
10912,2518146,3,2005-07-05
10912,277892,4,2005-07-26
10912,341649,3,2004-01-12
10912,92386,4,2004-11-22
10912,1242336,1,2004-11-28
10912,1143757,3,2005-02-14
10912,903036,3,2005-03-23
10912,2637755,2,2005-04-02
10912,2537543,2,2005-06-17
10912,1717184,4,2005-07-04
10912,97893,3,2005-09-16
10912,549556,4,2005-09-23
10912,82065,2,2005-09-30
10912,934389,4,2005-10-13
10912,631001,5,2005-07-18
10912,2166018,2,2005-07-29
10912,851147,1,2005-08-15
10912,860520,3,2004-07-29
10912,2575552,3,2004-06-15
10912,813694,3,2004-10-16
10912,166980,4,2004-10-20
10912,584437,4,2004-11-26
10912,2047178,4,2005-01-19
10912,1405395,3,2005-01-23
10912,1781198,3,2005-06-03
10912,1307002,3,2005-10-16
10912,2002848,4,2005-10-22
10912,390062,1,2005-10-22
10912,1044742,4,2005-11-10
10912,1742476,3,2005-11-11
10912,960004,3,2005-11-26
10912,426267,5,2005-11-29
10912,830052,3,2005-07-27
10912,1245620,3,2005-08-02
10912,1256752,5,2005-08-23
10912,2359767,4,2004-06-21
10912,1494821,3,2004-10-21
10912,1715879,3,2004-10-25
10912,1000779,3,2004-10-30
10912,1586184,3,2004-12-29
10912,948465,2,2005-05-11
10912,1218493,3,2005-09-17
10912,743636,4,2005-10-02
10912,2082328,5,2005-10-27
10912,2449356,3,2005-11-27
10912,80229,4,2005-12-06
10912,1095815,3,2004-08-03
10912,2260832,1,2004-02-14
10912,793113,4,2004-12-04
10912,361141,5,2004-07-03
10912,2012052,3,2004-08-22
10912,322009,3,2004-10-28
10912,1969285,4,2004-11-11
10912,598757,4,2004-11-21
10912,576961,1,2004-12-20
10912,2472638,4,2005-01-22
10912,1473033,5,2005-03-10
10912,802912,3,2005-03-15
10912,1776870,2,2005-04-05
10912,1223966,5,2005-06-02
10912,949303,3,2005-06-29
10912,437371,5,2005-10-11
10912,581952,5,2005-10-23
10912,1207104,4,2005-10-28
10912,2503473,3,2005-11-01
10912,651070,5,2005-07-15
10912,1447381,4,2004-06-14
10912,591797,4,2005-08-02
10912,2286380,4,2004-07-29
10912,1131186,1,2005-08-10
10912,874451,3,2005-08-24
10912,480094,3,2004-10-04
10912,1818059,2,2005-01-27
10912,2457781,1,2005-04-11
10912,998185,3,2005-04-25
10912,2103554,4,2005-05-23
10912,760433,5,2005-06-26
10912,2615552,4,2005-10-19
10912,2355384,3,2005-07-22
10912,1819620,3,2004-08-02
10912,2334446,4,2005-08-29
10912,623496,3,2004-09-08
10912,2120303,3,2005-01-02
10912,1800955,4,2005-06-27
10912,2570995,5,2005-06-28
10912,1745430,1,2005-11-29
10912,705954,5,2005-07-25
10912,1486502,5,2005-07-31
10912,2539243,3,2004-07-13
10912,274191,2,2004-09-16
10912,2361185,4,2004-07-03
10912,2545237,3,2004-09-20
10912,2318245,5,2004-09-28
10912,1102418,4,2004-10-01
10912,377937,2,2004-10-28
10912,2141136,2,2004-12-30
10912,962537,4,2005-03-02
10912,649638,5,2005-03-06
10912,774398,3,2005-03-13
10912,634586,4,2005-04-28
10912,2395697,3,2005-05-04
10912,822140,5,2005-05-07
10912,391161,2,2005-05-17
10912,419691,3,2005-09-13
10912,1129880,5,2005-09-19
10912,1851956,5,2005-09-26
10912,92786,3,2005-09-30
10912,388586,4,2005-12-26
10912,1463219,4,2005-07-08
10912,456590,2,2005-08-07
10912,2142237,3,2004-12-17
10912,1802288,4,2005-01-20
10912,1478134,4,2005-01-26
10912,114620,3,2005-02-01
10912,30873,4,2005-03-28
10912,1902573,4,2005-04-19
10912,510834,4,2005-05-20
10912,1540611,4,2005-06-11
10912,818416,2,2005-06-13
10912,726079,3,2005-09-17
10912,2313306,3,2005-09-26
10912,2227455,4,2005-09-29
10912,2286785,4,2005-12-07
10912,1835632,3,2004-02-27
10912,2467393,5,2004-09-24
10912,205023,5,2005-01-25
10912,1136740,5,2005-03-19
10912,576285,3,2005-05-23
10912,2133322,3,2005-06-07
10912,1993796,3,2005-09-06
10912,1042975,3,2005-10-08
10912,1664010,5,2005-10-12
10912,116160,3,2005-10-25
10912,2600002,3,2005-11-25
10912,1112079,3,2005-12-08
10912,837776,3,2004-06-29
10912,2480469,3,2004-10-20
10912,1902838,1,2004-11-10
10912,1544026,2,2005-01-09
10912,2238450,3,2005-04-26
10912,1408249,2,2005-06-04
10912,233061,4,2005-11-17
10912,500552,3,2005-12-17
10912,877387,4,2005-08-12
10912,1570114,4,2004-07-16
10912,1850091,3,2004-09-22
10912,1126555,3,2005-01-23
10912,1831550,5,2005-03-07
10912,369646,4,2005-04-16
10912,2513873,4,2005-04-26
10912,542006,5,2005-05-02
10912,2157606,1,2005-05-29
10912,2416878,4,2005-06-25
10912,895587,4,2005-09-11
10912,928181,5,2005-09-15
10912,196208,5,2005-09-17
10912,1062213,3,2005-10-12
10912,1018789,2,2005-11-04
10912,2453024,5,2005-08-01
10912,1181609,4,2004-10-23
10912,507094,4,2004-10-30
10912,1063315,3,2004-12-19
10912,1999703,3,2005-01-19
10912,2618128,3,2005-03-03
10912,500016,5,2005-03-06
10912,1363196,2,2005-07-03
10912,1179811,3,2005-10-19
10912,260080,5,2005-12-02
10912,1844813,5,2004-08-27
10912,1233636,4,2004-03-09
10912,767688,4,2004-11-01
10912,860465,3,2005-01-07
10912,928027,4,2005-03-02
10912,1422758,1,2005-04-06
10912,50669,1,2005-04-10
10912,1952500,3,2005-04-15
10912,499257,3,2005-05-01
10912,332300,3,2005-05-02
10912,335485,4,2005-06-14
10912,527592,4,2005-06-26
10912,655098,5,2005-12-20
10912,638961,2,2005-12-26
10912,2616948,2,2005-12-28
10912,2043784,4,2004-06-26
10912,406365,4,2004-09-09
10912,2449453,5,2004-06-29
10912,265848,2,2004-07-27
10912,1918287,3,2004-11-07
10912,2155331,3,2004-12-11
10912,247474,3,2005-01-07
10912,313335,5,2005-01-19
10912,1862352,4,2005-03-05
10912,1581439,4,2005-04-18
10912,2410085,3,2005-04-24
10912,58995,2,2005-04-26
10912,301272,2,2005-06-22
10912,753107,4,2005-09-19
10912,1716364,4,2005-10-01
10912,1252110,4,2004-04-16
10912,1296679,3,2005-08-21
10912,39147,3,2004-08-23
10912,1006156,2,2004-12-11
10912,101807,3,2005-04-25
10912,2170880,3,2005-05-23
10912,84168,3,2005-10-04
10912,97571,4,2005-10-21
10912,2387672,5,2005-07-16
10912,1360272,4,2005-07-18
10912,2302505,4,2004-04-07
10912,951578,3,2004-12-26
10912,2498949,1,2004-10-31
10912,1633211,3,2004-12-28
10912,2382660,5,2005-01-19
10912,2358788,4,2005-01-24
10912,62691,3,2005-02-10
10912,962631,3,2005-04-13
10912,570446,4,2005-04-13
10912,2099780,3,2005-04-27
10912,619027,3,2005-05-17
10912,1421573,3,2005-06-02
10912,1279283,4,2005-06-23
10912,184470,5,2005-09-15
10912,712778,3,2005-09-29
10912,2061246,3,2005-12-29
10912,2566993,4,2005-12-31
10912,213980,4,2005-07-09
10912,1361167,4,2005-07-12
10912,1654930,3,2004-06-12
10912,2397276,1,2004-07-01
10912,873713,2,2005-08-30
10912,280120,3,2004-03-16
10912,717338,4,2004-10-11
10912,136058,5,2004-12-23
10912,861532,5,2004-12-29
10912,1010690,5,2005-05-07
10912,851111,5,2005-05-14
10912,579190,3,2005-09-01
10912,1524957,4,2005-11-10
10912,1167944,1,2005-12-14
10912,2238785,4,2005-12-19
10912,2152856,3,2004-08-21
10912,1558286,3,2005-01-10
10912,704707,3,2005-03-24
10912,1013013,3,2005-04-17
10912,2193044,4,2005-06-29
10912,890153,4,2005-06-30
10912,1666439,1,2005-10-11
10912,336565,4,2005-10-19
10912,1876896,4,2005-11-07
10912,918157,5,2005-12-07
10912,1174324,3,2004-07-11
10912,2514777,1,2005-09-06
10912,2624159,3,2004-07-26
10912,105150,5,2005-03-05
10912,1053340,2,2005-04-01
10912,1117152,5,2005-04-27
10912,1743210,5,2005-05-19
10912,2635458,4,2005-05-28
10912,2604897,3,2005-06-05
10912,1053077,5,2005-10-31
10912,1453877,4,2005-11-27
10912,187062,2,2004-07-01
10912,381828,2,2004-07-01
10912,1358164,3,2004-07-10
10912,1143068,4,2004-10-18
10912,1566674,3,2004-11-14
10912,808197,5,2004-12-10
10912,176934,5,2005-03-07
10912,2497599,3,2005-03-11
10912,993550,4,2005-03-22
10912,1227773,3,2005-03-31
10912,1123886,3,2005-04-20
10912,314146,1,2005-06-28
10912,1727554,4,2005-07-04
10912,613758,5,2005-10-11
10912,2246248,3,2005-10-17
10912,454172,3,2005-10-24
10912,2375713,3,2005-12-26
10912,879912,4,2004-08-27
10912,222992,4,2005-01-11
10912,2471865,5,2005-01-29
10912,1301819,2,2005-03-04
10912,430727,3,2005-05-17
10912,1897737,2,2005-07-01
10912,2483121,4,2005-10-01
10912,716448,4,2005-10-02
10912,1432469,5,2005-11-29
10912,2225053,4,2005-12-26
10912,1535722,4,2004-08-12
10912,140601,4,2005-08-08
10912,1851769,3,2005-08-12
10912,953276,4,2005-10-17
10912,2285967,3,2005-08-17
10912,1662724,3,2004-06-03
10912,222993,4,2004-07-14
10912,1509458,2,2005-03-19
10912,2502336,4,2004-10-18
10912,679429,5,2004-12-06
10912,230252,5,2004-12-13
10912,1935592,5,2005-02-01
10912,897867,4,2005-05-10
10912,1751563,4,2005-06-27
10912,632738,4,2005-10-02
10912,2009901,4,2005-12-02
10912,117581,5,2005-12-15
10912,2109306,4,2004-08-02
10912,2167190,5,2004-07-05
10912,533713,3,2004-07-02
10912,1629440,5,2004-10-02
10912,719294,4,2004-10-17
10912,1721277,3,2005-06-01
10912,351774,4,2005-09-11
10912,1344624,4,2005-10-04
10912,1465888,2,2005-11-24
10912,504440,3,2005-12-24
10912,981753,3,2004-07-07
10912,2455567,3,2004-06-29
10912,2037437,3,2004-09-28
10912,224795,3,2005-01-08
10912,250374,5,2005-04-11
10912,216558,4,2005-04-22
10912,224856,3,2005-04-29
10912,1974267,4,2005-05-19
10912,478932,4,2005-06-02
10912,511815,5,2005-09-28
10912,120113,2,2005-10-06
10912,1531781,3,2005-10-25
10912,2416829,3,2005-10-28
10912,811013,4,2004-09-02
10912,2332012,2,2005-08-27
10912,134640,1,2005-08-28
10912,704058,3,2004-10-25
10912,954489,4,2004-12-01
10912,398616,4,2005-01-27
10912,1852607,4,2005-03-02
10912,1935793,3,2005-04-04
10912,1919178,1,2005-09-14
10912,417323,4,2005-09-29
10912,2590413,5,2005-10-04
10912,2218980,4,2005-10-31
10912,1415063,4,2005-11-01
10912,2375169,3,2005-08-11
10912,1814941,3,2004-04-22
10912,1851625,3,2004-06-30
10912,2647888,3,2004-11-02
10912,1223933,5,2004-11-22
10912,552558,3,2005-01-23
10912,2019240,3,2005-01-24
10912,1859530,3,2005-02-17
10912,715542,5,2005-03-06
10912,526361,2,2005-03-10
10912,1511945,4,2005-04-11
10912,2316963,5,2005-04-12
10912,2218750,3,2005-05-06
10912,2299488,4,2005-05-23
10912,1748849,2,2005-05-26
10912,409927,3,2005-05-27
10912,221776,4,2005-06-23
10912,1137360,4,2005-10-18
10912,1799013,4,2005-10-20
10912,1071329,2,2005-10-28
10912,1252263,4,2005-11-22
10912,1962475,3,2005-12-08
10912,984439,4,2004-09-08
10912,608051,4,2004-08-27
10912,1909560,3,2005-08-15
10912,223631,4,2004-01-28
10912,248904,3,2004-11-17
10912,1164527,2,2004-11-19
10912,2296590,5,2005-01-23
10912,1367564,4,2005-01-29
10912,1106280,4,2005-05-13
10912,2051299,4,2005-11-23
10912,977932,5,2005-07-07
10912,2402504,3,2005-07-08
10912,1006953,4,2005-08-02
10912,1254945,3,2004-03-23
10912,1415249,4,2004-10-07
10912,1735893,3,2004-10-26
10912,1094019,5,2004-10-26
10912,2170392,5,2005-02-01
10912,554477,4,2005-04-17
10912,613805,4,2005-04-28
10912,1708934,4,2005-05-15
10912,361189,3,2005-06-17
10912,829598,3,2005-10-31
10912,384365,4,2005-11-01
10912,2085421,3,2005-11-22
10912,181687,3,2005-12-18
10912,166041,3,2005-12-29
10912,545780,3,2004-07-15
10912,1187026,4,2004-07-14
10912,908394,5,2004-11-12
10912,2418149,3,2005-03-13
10912,2015182,1,2005-05-30
10912,2200107,5,2005-06-28
10912,2447937,4,2005-09-22
10912,10374,5,2005-11-14
10912,18963,5,2005-11-22
10912,2412833,2,2005-12-01
10912,509213,4,2005-07-09
10912,3321,1,2005-07-26
10912,932405,4,2005-08-28
10912,531125,2,2004-07-20
10912,1586929,4,2004-10-01
10912,203369,4,2004-11-11
10912,2636478,4,2004-12-30
10912,161063,4,2005-04-18
10912,1673934,4,2005-09-15
10912,786982,3,2005-09-16
10912,1637138,5,2005-10-30
10912,2032402,5,2005-10-30
10912,331432,3,2005-11-12
10912,896146,4,2005-11-12
10912,1970957,4,2004-06-25
10912,1876817,4,2004-09-01
10912,458766,3,2004-07-20
10912,630396,3,2004-09-20
10912,2533480,4,2004-10-15
10912,825819,4,2004-12-21
10912,2401693,5,2005-01-12
10912,2142754,5,2005-04-18
10912,1616870,4,2005-05-24
10912,420622,3,2005-05-25
10912,2335203,3,2005-06-08
10912,561217,3,2005-06-13
10912,2270315,3,2005-10-03
10912,2286414,2,2005-10-11
10912,1293154,2,2005-10-15
10912,809505,3,2005-10-19
10912,1568605,4,2005-12-04
10912,1622407,3,2005-07-11
10912,1848170,4,2004-08-21
10912,664033,5,2005-01-06
10912,1091645,3,2005-03-09
10912,1160102,3,2005-04-04
10912,291018,2,2005-05-15
10912,1784924,4,2005-09-10
10912,2540343,5,2005-10-03
10912,547210,4,2005-12-06
10912,440606,3,2004-08-15
10912,407877,2,2004-10-12
10912,327000,5,2004-12-15
10912,2020353,3,2004-12-24
10912,196027,3,2004-12-27
10912,1093671,4,2005-01-30
10912,576723,3,2005-03-14
10912,2523257,3,2005-03-31
10912,299557,4,2005-05-19
10912,736264,4,2005-10-24
10912,1789629,5,2005-10-31
10912,671869,4,2005-11-21
10912,1933788,5,2005-11-29
10912,1451564,3,2005-12-03
10912,1995860,2,2004-08-12
10912,2535249,4,2005-08-15
10912,2209351,4,2005-08-25
10912,115240,3,2005-08-28
10912,271921,3,2005-08-31
10912,1218875,2,2004-07-19
10912,2088700,5,2004-11-09
10912,2474804,5,2004-11-26
10912,993775,5,2004-12-16
10912,1556831,4,2005-01-10
10912,1572752,4,2005-01-25
10912,2487298,4,2005-01-31
10912,2360675,4,2005-05-20
10912,913224,3,2005-06-04
10912,2318593,3,2005-06-07
10912,182650,3,2005-11-24
10912,461371,5,2005-08-16
10912,775846,4,2005-09-02
10912,1800459,5,2004-08-17
10912,2519299,3,2004-03-11
10912,2284890,2,2005-03-14
10912,2507028,5,2005-06-05
10912,682688,3,2005-06-05
10912,1346432,3,2005-09-14
10912,1572273,4,2005-09-22
10912,1915501,5,2005-09-25
10912,1792137,5,2005-10-19
10912,2145288,3,2005-11-06
10912,1916555,5,2005-07-27
10912,1292755,3,2005-08-07
10912,2122080,4,2004-04-15
10912,748141,3,2004-12-31
10912,509518,3,2005-01-26
10912,286397,3,2005-05-15
10912,853087,3,2005-06-11
10912,958279,3,2005-06-25
10912,8117,4,2005-11-15
10912,1110113,4,2005-02-20
10912,574834,3,2004-08-04
10912,313693,3,2004-09-01
10912,2192957,3,2004-07-11
10912,355103,4,2004-09-29
10912,1454516,4,2004-11-25
10912,386947,4,2004-12-23
10912,1425723,3,2005-01-19
10912,1374197,3,2005-07-01
10912,2282510,2,2005-07-02
10912,973120,5,2005-07-15
10912,784305,4,2004-08-11
10912,877646,5,2005-07-30
10912,1456376,5,2005-08-01
10912,919245,3,2004-07-16
10912,2212550,5,2005-08-25
10912,390215,1,2004-08-12
10912,1557557,4,2004-09-23
10912,618551,5,2004-10-25
10912,1565070,4,2005-01-03
10912,1863899,2,2005-01-12
10912,1691081,3,2005-01-19
10912,1554458,4,2005-01-25
10912,2606799,5,2005-03-06
10912,1118746,3,2005-05-18
10912,360496,4,2005-06-05
10912,287545,4,2005-10-04
10912,2226134,3,2005-10-22
10912,254222,4,2005-10-26
10912,733049,5,2005-11-16
10912,1429579,4,2005-12-16
10912,720831,5,2005-07-18
10912,408457,2,2004-06-24
10912,1499737,5,2005-08-09
10912,2463759,3,2004-08-12
10912,2025704,4,2004-10-18
10912,424202,3,2004-10-29
10912,63740,4,2005-01-28
10912,1897742,2,2005-04-17
10912,1231504,4,2005-04-29
10912,504981,4,2005-05-25
10912,1911247,2,2005-11-07
10912,954924,4,2005-11-25
10912,2299661,4,2005-12-03
10912,901269,2,2004-03-23
10912,2150812,4,2004-10-08
10912,2559537,1,2005-01-19
10912,104237,5,2005-01-25
10912,1060393,2,2005-04-12
10912,1849084,5,2005-06-10
10912,2496042,3,2005-10-14
10912,533352,3,2005-11-27
10912,1231291,3,2005-12-12
10912,1249458,2,2005-08-14
10912,647979,2,2004-02-11
10912,1519667,4,2004-10-01
10912,2508062,5,2004-10-04
10912,1719103,4,2005-04-07
10912,2375962,4,2005-04-19
10912,622742,4,2005-04-26
10912,1573566,5,2005-06-22
10912,1378016,2,2005-09-23
10912,1206148,3,2005-10-06
10912,1313812,3,2005-10-17
10912,685074,5,2005-08-09
10912,470187,5,2005-08-24
10912,1882384,4,2004-10-10
10912,1511623,4,2004-10-29
10912,716173,5,2004-12-30
10912,1305234,3,2005-01-02
10912,2127108,3,2005-01-30
10912,1473602,3,2005-04-19
10912,884300,3,2005-04-25
10912,2340450,3,2005-05-21
10912,1797462,3,2005-05-21
10912,230044,5,2005-10-15
10912,290031,3,2005-11-02
10912,1435346,4,2005-11-21
10912,2334289,3,2005-07-08
10912,2384948,5,2004-08-26
10912,1119020,3,2004-11-21
10912,147790,2,2005-01-31
10912,247003,5,2005-03-23
10912,505289,3,2005-04-09
10912,535886,3,2005-05-21
10912,449509,5,2005-10-06
10912,1941862,3,2005-10-14
10912,1593330,4,2005-07-11
10912,1439806,3,2004-08-09
10912,2539738,5,2005-07-30
10912,1323156,4,2005-09-07
10912,520507,1,2004-12-29
10912,24801,3,2005-01-27
10912,522647,3,2005-03-15
10912,682963,4,2005-06-20
10912,33152,5,2005-06-28
10912,1669107,5,2005-12-20
10912,2008700,3,2005-07-08
10912,1122249,3,2005-07-17
10912,1961537,5,2004-12-05
10912,1480900,3,2004-09-15
10912,2397008,3,2004-01-19
10912,1531342,4,2004-04-04
10912,1047203,4,2004-08-09
10912,1937311,4,2005-01-28
10912,1582952,3,2004-12-27
10912,1880039,3,2005-01-23
10912,469120,5,2005-05-13
10912,1719554,3,2005-05-26
10912,2251831,3,2005-10-15
10912,1114821,4,2005-12-12
10912,1731009,2,2005-07-09
10912,928740,2,2005-07-15
10912,521074,3,2005-07-21
10912,903434,4,2004-07-07
10912,252124,3,2004-06-27
10912,1397082,3,2004-09-16
10912,1930074,2,2004-08-21
10912,607188,3,2004-12-09
10912,894205,4,2005-02-01
10912,2480676,2,2005-04-12
10912,653174,4,2005-04-24
10912,895935,4,2005-05-17
10912,2560930,5,2005-09-12
10912,2257890,3,2005-12-15
10912,342877,4,2004-05-16
10912,1116290,5,2004-01-01
10912,417746,3,2005-08-16
10912,1663475,4,2005-09-08
10912,364143,1,2004-07-13
10912,1462172,2,2004-11-17
10912,1634558,3,2004-11-30
10912,1463712,4,2004-12-15
10912,1725008,3,2004-12-26
10912,1351421,4,2005-03-03
10912,1271816,4,2005-03-11
10912,204504,5,2005-06-29
10912,2434632,3,2004-09-08
10912,506757,3,2005-07-30
10912,1778599,1,2005-08-28
10912,2556552,3,2004-03-01
10912,319058,1,2004-11-29
10912,389581,2,2005-01-24
10912,2626421,3,2005-03-15
10912,70122,4,2005-05-01
10912,1022170,4,2005-06-04
10912,1341078,4,2005-07-02
10912,443122,1,2005-10-18
10912,26124,2,2005-12-30
10912,92453,4,2004-05-18
10912,508927,3,2004-07-14
10912,2073292,3,2005-08-18
10912,2440769,1,2005-09-04
10912,11043,3,2004-12-10
10912,2534832,4,2004-12-26
10912,890573,2,2005-03-18
10912,205371,4,2005-06-14
10912,628251,3,2005-06-23
10912,119029,4,2005-09-16
10912,1047388,3,2005-10-31
10912,904813,5,2005-11-16
10912,2177379,2,2005-07-27
10912,2232041,4,2005-08-03
10912,529760,4,2005-08-09
10912,1627955,2,2004-07-19
10912,2588645,4,2004-11-26
10912,2495459,1,2005-03-18
10912,108397,3,2005-04-06
10912,2374340,4,2005-04-04
10912,265257,5,2005-05-10
10912,90900,4,2005-05-29
10912,2415052,3,2005-06-08
10912,1307258,3,2005-06-28
10912,397600,3,2005-10-14
10912,2481987,4,2005-11-17
10912,1246636,3,2005-11-22
10912,769879,4,2004-07-24
10912,458317,5,2005-09-04
10912,1510892,5,2004-03-09
10912,2356218,4,2004-10-22
10912,1854660,2,2004-10-24
10912,2087234,4,2004-11-26
10912,406948,4,2005-01-20
10912,1294471,3,2005-01-31
10912,461070,4,2005-03-02
10912,558243,3,2005-03-15
10912,2209986,2,2005-05-26
10912,735514,4,2005-11-20
10912,1212155,3,2005-11-22
10912,1950334,4,2005-11-25
10912,964436,3,2005-12-21
10912,1829748,2,2004-05-29
10912,305344,5,2004-02-10
10912,2538506,1,2004-04-28
10912,2465900,4,2004-06-24
10912,1181558,4,2004-10-02
10912,654201,4,2004-10-07
10912,1907859,3,2004-10-28
10912,1529386,3,2004-11-14
10912,2167895,3,2004-12-15
10912,1708788,3,2005-01-03
10912,530118,4,2005-01-30
10912,2561608,3,2005-09-30
10912,2554977,5,2005-10-31
10912,1351594,3,2005-11-26
10912,158785,3,2005-12-23
10912,1560099,3,2005-12-28
10912,651142,4,2004-07-30
10912,417263,4,2004-02-10
10912,2318083,4,2005-08-30
10912,2307,4,2004-12-28
10912,2077046,3,2005-03-26
10912,2413226,4,2005-03-29
10912,452123,5,2005-06-28
10912,915168,4,2005-11-02
10912,2412874,3,2004-07-07
10912,2261915,4,2005-08-16
10912,1708678,3,2005-08-20
10912,2368686,1,2004-05-10
10912,43279,4,2004-10-03
10912,2195565,5,2004-10-10
10912,1978089,4,2004-10-28
10912,1839500,3,2004-11-14
10912,1502648,2,2005-01-24
10912,111086,1,2005-03-04
10912,1181784,2,2005-04-09
10912,2099446,4,2005-06-30
10912,2232148,3,2005-11-10
10912,1710658,2,2005-12-05
10912,2458901,5,2005-12-16
10912,2033070,4,2005-07-26
10912,2566950,3,2004-07-06
10912,1205174,4,2004-11-18
10912,440716,4,2004-12-01
10912,2244258,3,2004-12-26
10912,1247465,5,2005-04-06
10912,816942,3,2005-10-28
10912,731539,3,2005-11-15
10912,1868684,5,2004-05-08
10912,2474212,3,2005-07-22
10912,55339,4,2004-08-22
10912,53694,3,2004-06-28
10912,741809,3,2004-09-06
10912,1186401,4,2004-11-07
10912,689488,3,2004-11-11
10912,2563498,5,2004-11-26
10912,1482158,5,2004-11-26
10912,2306038,4,2004-12-08
10912,2375380,4,2005-03-09
10912,376317,5,2005-03-21
10912,1126388,5,2005-04-03
10912,2345385,1,2005-04-21
10912,1528606,4,2005-04-27
10912,223213,4,2005-09-11
10912,74825,3,2005-12-03
10912,1719780,2,2005-12-10
10912,962151,3,2004-05-31
10912,2573464,1,2005-08-16
10912,2216721,5,2005-08-25
10912,356047,4,2005-08-30
10912,2343759,5,2005-09-04
10912,446332,3,2004-10-20
10912,2102064,3,2004-11-06
10912,280761,5,2004-12-30
10912,1910719,1,2005-01-19
10912,796001,2,2005-02-07
10912,2273951,3,2005-04-26
10912,2245221,4,2005-10-08
10912,1569627,5,2005-07-27
10912,110726,4,2004-02-05
10912,1538355,3,2004-08-30
10912,2373733,5,2004-09-27
10912,1623226,4,2004-10-19
10912,1096082,2,2005-01-03
10912,1200479,3,2005-01-19
10912,168729,3,2005-03-21
10912,283515,4,2005-09-19
10912,1216154,5,2005-10-03
10912,2178323,4,2005-10-13
10912,2348693,3,2005-10-20
10912,1131695,3,2005-10-22
10912,2388228,3,2005-10-27
10912,1145543,4,2005-11-06
10912,447759,5,2005-11-18
10912,2127496,5,2005-12-04
10912,1961649,4,2005-12-12
10912,2503547,5,2005-07-06
10912,1400154,1,2005-07-19
10912,14081,4,2005-07-28
10912,1520861,3,2005-08-10
10912,2326306,5,2004-02-04
10912,2464081,3,2004-03-16
10912,620010,2,2004-07-26
10912,774602,3,2004-11-29
10912,1658662,3,2004-12-17
10912,1653637,3,2004-12-27
10912,1466382,3,2004-12-28
10912,2089924,5,2004-12-28
10912,137546,3,2005-02-27
10912,2549073,3,2005-03-20
10912,1359724,3,2005-05-27
10912,1710643,5,2005-06-16
10912,608624,2,2005-06-21
10912,2057489,2,2005-07-03
10912,187538,5,2005-09-13
10912,124598,5,2005-09-22
10912,116563,1,2005-11-17
10912,2036838,4,2005-12-09
10912,1815174,3,2005-12-18
10912,1349680,3,2005-08-18
10912,1603022,5,2005-08-29
10912,260995,3,2004-07-06
10912,1777917,4,2004-12-19
10912,2040501,2,2004-12-23
10912,1767145,4,2005-02-18
10912,1025484,4,2005-03-20
10912,1407789,4,2005-05-16
10912,1825773,3,2005-06-03
10912,424228,3,2005-09-12
10912,1776455,4,2005-10-13
10912,1462211,2,2005-10-26
10912,1144710,4,2005-11-05
10912,296755,3,2005-11-20
10912,707683,4,2005-12-02
10912,494440,5,2005-07-19
10912,1920849,5,2004-09-07
10912,582910,4,2004-08-19
10912,1739170,5,2004-07-27
10912,780768,4,2004-10-25
10912,655601,5,2004-10-28
10912,466149,3,2005-01-25
10912,1473641,3,2005-04-30
10912,815233,4,2005-05-29
10912,510641,2,2005-10-07
10912,2013504,3,2005-08-04
10912,2228502,3,2004-09-13
10912,1447641,1,2004-06-24
10912,2159290,5,2004-10-09
10912,581396,5,2004-10-11
10912,2233703,5,2004-10-26
10912,2204746,4,2005-01-05
10912,945089,4,2005-03-16
10912,1676798,2,2005-03-23
10912,1800405,4,2005-04-18
10912,1478155,3,2005-04-23
10912,2094114,2,2005-06-12
10912,2479747,4,2005-09-30
10912,1088005,3,2005-10-23
10912,657805,5,2005-10-31
10912,2250969,4,2005-11-29
10912,1289515,4,2005-07-24
10912,1701762,3,2005-08-05
10912,2137795,1,2005-08-12
10912,1104185,2,2004-07-07
10912,1869907,3,2004-10-20
10912,864647,2,2004-10-29
10912,390912,5,2005-01-11
10912,1299822,5,2005-09-19
10912,2443695,4,2005-09-21
10912,1535968,4,2005-10-04
10912,623742,4,2005-10-28
10912,2254190,1,2005-11-10
10912,60856,5,2005-12-02
10912,1058420,4,2004-05-21
10912,1082263,4,2004-11-29
10912,2366462,5,2004-12-15
10912,2105657,5,2004-12-18
10912,1145377,1,2005-01-06
10912,1073396,4,2005-03-10
10912,783220,4,2005-09-10
10912,1028036,3,2005-10-17
10912,46105,3,2004-08-08
10912,2387734,1,2005-08-13
10912,905922,3,2004-02-02
10912,1083720,4,2004-11-03
10912,1049467,3,2004-11-30
10912,2100834,4,2004-12-16
10912,377530,4,2005-05-10
10912,2165353,3,2005-06-09
10912,573077,2,2005-06-12
10912,407525,3,2005-09-17
10912,2413156,4,2005-11-30
10912,551555,5,2005-12-04
10912,1486389,3,2005-12-30
10912,1258876,4,2004-07-19
10912,1745577,5,2005-08-15
10912,380992,4,2005-08-15
10912,2360747,3,2005-08-28
10912,256796,4,2004-07-12
10912,1144968,4,2005-01-04
10912,896653,5,2005-05-12
10912,2305031,4,2005-10-20
10912,184008,4,2005-11-18
10912,1374416,5,2005-11-30
10912,1849620,4,2005-07-05
10912,2234653,3,2005-07-15
10912,688506,3,2005-07-28
10912,1692302,3,2005-08-28
10912,2432848,4,2004-08-19
10912,853459,5,2004-06-28
10912,427511,5,2004-09-28
10912,2049454,4,2004-11-29
10912,1948183,4,2004-12-06
10912,2005241,3,2004-12-14
10912,636085,5,2005-03-09
10912,1371696,4,2005-05-20
10912,938181,4,2005-10-01
10912,644818,4,2005-11-03
10912,2511278,3,2004-05-31
10912,630700,5,2004-09-01
10912,2357680,4,2004-08-20
10912,842359,5,2004-11-02
10912,524204,3,2004-11-11
10912,861220,4,2005-03-23
10912,692305,4,2005-09-23
10912,2440481,4,2005-07-11
10912,629227,5,2004-09-08
10912,246637,5,2004-09-08
10912,1702270,5,2005-01-08
10912,1623676,4,2005-01-13
10912,2340639,3,2005-01-19
10912,1623686,3,2005-05-18
10912,419346,1,2005-06-03
10912,903145,5,2005-06-17
10912,2630515,4,2005-10-31
10912,1857990,2,2005-11-01
10912,464626,2,2005-12-14
10912,2229666,5,2005-07-12
10912,752642,2,2004-02-24
10912,1731512,2,2005-07-18
10912,886520,4,2005-07-24
10912,2035541,4,2004-07-14
10912,488551,5,2004-09-07
10912,342433,3,2004-05-11
10912,227799,2,2004-07-08
10912,608366,5,2004-12-10
10912,928607,1,2005-01-24
10912,2133545,5,2005-02-01
10912,1214125,4,2005-04-27
10912,337144,4,2005-05-14
10912,2058400,4,2005-10-23
10912,938764,3,2005-11-14
10912,745193,4,2005-11-20
10912,1003773,4,2005-12-07
10912,903296,4,2005-07-13
10912,750641,1,2005-07-17
10912,511899,4,2004-09-14
10912,2131287,5,2004-09-05
10912,2125395,5,2004-02-28
10912,1494196,5,2004-09-20
10912,2589332,3,2004-12-29
10912,1677833,5,2005-01-07
10912,1622827,4,2005-04-12
10912,1664458,4,2005-04-17
10912,1782121,2,2005-10-02
10912,2434527,3,2005-11-01
10912,1599022,5,2005-11-23
10912,593173,3,2005-07-08
10912,2491477,2,2005-07-18
10912,2519865,5,2004-09-02
10912,2018894,5,2005-08-23
10912,2485642,5,2005-08-24
10912,1562778,4,2005-09-07
10912,1107588,1,2004-01-24
10912,1459851,4,2004-09-19
10912,1921318,3,2004-12-01
10912,1440562,3,2005-02-24
10912,546751,5,2005-03-29
10912,2141089,3,2005-04-26
10912,86813,4,2005-05-05
10912,1321161,5,2005-10-21
10912,1211016,3,2004-08-29
10912,1671471,3,2005-07-18
10912,2153439,5,2005-08-17
10912,1748612,3,2004-11-07
10912,2634028,3,2005-01-20
10912,2325794,3,2005-04-25
10912,2051938,3,2005-10-04
10912,2524211,4,2005-10-09
10912,731988,4,2005-11-10
10912,2548434,3,2004-03-18
10912,2184092,5,2005-08-08
10912,924765,5,2003-12-24
10912,1526365,3,2004-03-25
10912,1571713,3,2004-04-18
10912,369036,4,2004-09-16
10912,2444052,3,2004-09-19
10912,38859,4,2004-11-30
10912,827097,5,2004-12-27
10912,654401,5,2005-01-12
10912,1559797,4,2005-01-24
10912,460308,4,2005-01-31
10912,1732302,4,2005-03-17
10912,1747135,4,2005-04-06
10912,1714542,4,2005-05-15
10912,833998,4,2005-05-24
10912,1850071,5,2005-10-19
10912,638130,4,2005-11-02
10912,2039023,4,2005-12-31
10912,121182,4,2004-04-07
10912,2322928,3,2004-02-16
10912,1489091,4,2004-08-04
10912,1511744,3,2005-08-02
10912,436208,4,2005-08-03
10912,1745107,5,2004-08-04
10912,868285,4,2004-09-22
10912,2056022,2,2004-10-04
10912,1689344,3,2005-01-31
10912,2469176,3,2005-03-11
10912,879028,5,2005-03-18
10912,2348530,5,2005-04-22
10912,2574568,3,2005-06-02
10912,867311,5,2005-06-20
10912,1436697,3,2005-07-04
10912,2499773,3,2005-10-01
10912,1498236,2,2005-10-27
10912,63845,1,2005-07-05
10912,286009,2,2004-07-23
10912,1677370,4,2005-07-18
10912,1287490,4,2005-08-07
10912,1670876,2,2005-09-03
10912,1157818,4,2004-07-19
10912,1551768,5,2004-11-28
10912,2275574,3,2004-12-17
10912,2267335,3,2005-01-10
10912,245430,4,2005-01-25
10912,1547032,1,2005-01-29
10912,2352698,3,2005-03-26
10912,1956010,3,2005-05-01
10912,695541,4,2005-05-06
10912,2321824,2,2005-10-06
10912,2487901,4,2005-11-10
10912,1946102,5,2005-11-21
10912,1110261,3,2005-07-06
10912,2005911,2,2004-07-12
10912,1774642,3,2005-09-02
10912,1862911,3,2004-02-10
10912,1180529,5,2004-10-12
10912,1617936,3,2004-12-21
10912,1606779,4,2005-01-05
10912,1634201,4,2005-01-10
10912,2067423,5,2005-01-20
10912,589444,2,2005-03-08
10912,2093590,3,2005-04-02
10912,2580353,3,2005-04-26
10912,1261875,2,2005-06-02
10912,2228750,4,2005-06-04
10912,1416190,3,2005-06-26
10912,325073,3,2005-09-16
10912,578191,3,2004-08-09
10912,2474839,4,2004-08-17
10912,1191362,4,2004-08-04
10912,1985001,4,2004-08-29
10912,2103335,4,2004-12-31
10912,1985228,2,2005-03-02
10912,1184788,3,2005-04-27
10912,822164,5,2005-10-19
10912,742204,4,2005-07-18
10912,2976,3,2005-07-25
10912,1474480,3,2004-08-08
10912,398194,5,2005-08-15
10912,2375687,4,2004-11-30
10912,430648,5,2004-12-03
10912,1320587,4,2005-02-02
10912,1078800,4,2005-03-07
10912,399820,3,2005-03-08
10912,2426088,1,2005-03-08
10912,1439882,3,2005-04-29
10912,1119804,3,2005-05-29
10912,2305164,3,2005-09-09
10912,1084923,5,2005-10-01
10912,1057021,3,2005-10-14
10912,136827,3,2005-10-30
10912,268585,3,2005-11-14
10912,284008,5,2005-12-27
10912,857132,3,2005-07-09
10912,708047,3,2005-07-12
10912,1262713,4,2004-08-13
10912,1729518,5,2005-08-24
10912,1501869,3,2004-08-23
10912,411290,3,2004-01-09
10912,536967,3,2004-07-21
10912,1669360,5,2004-11-22
10912,1078644,4,2005-01-25
10912,374008,4,2005-03-04
10912,466151,4,2005-03-17
10912,813594,3,2005-04-09
10912,1269718,4,2005-06-28
10912,70993,5,2005-11-12
10912,1453623,4,2005-12-01
10912,1093643,2,2004-02-17
10912,1845251,2,2004-05-30
10912,1872971,3,2004-08-04
10912,828045,5,2004-12-20
10912,2415382,2,2005-01-11
10912,702403,3,2005-01-24
10912,647340,4,2005-06-07
10912,2370571,4,2005-07-02
10912,1495354,4,2005-10-06
10912,1037705,4,2005-10-14
10912,640174,5,2005-11-07
10912,208579,4,2005-11-07
10912,897304,3,2005-11-09
10912,520374,3,2005-11-18
10912,2121720,3,2005-07-26
10912,2220732,3,2003-12-29
10912,175695,2,2004-06-24
10912,2109211,4,2004-10-11
10912,643877,4,2004-11-20
10912,1233754,2,2004-12-17
10912,2186920,3,2005-01-19
10912,123105,4,2005-01-24
10912,1866323,3,2005-05-25
10912,2133714,2,2005-06-19
10912,2562858,2,2005-06-23
10912,1973951,4,2005-09-21
10912,580675,5,2005-10-06
10912,77225,2,2005-10-25
10912,2347755,3,2005-10-27
10912,2059635,3,2005-10-28
10912,2138793,3,2005-10-30
10912,1940150,3,2005-11-15
10912,2225876,4,2005-11-30
10912,390375,3,2005-07-05
10912,308502,5,2005-07-16
10912,1284016,2,2004-02-29
10912,1007057,4,2005-07-30
10912,509683,3,2004-04-17
10912,385781,5,2004-10-05
10912,625067,5,2004-10-15
10912,759469,3,2004-11-06
10912,2365626,3,2004-11-18
10912,1038880,3,2004-11-30
10912,1930954,4,2004-12-13
10912,706076,3,2005-04-04
10912,707496,4,2005-04-09
10912,1988679,2,2005-05-31
10912,2532366,4,2005-09-15
10912,816844,3,2005-09-30
10912,1934459,4,2005-07-09
10912,418832,2,2005-07-25
10912,1806515,3,2005-07-27
10912,475253,3,2004-08-01
10912,12649,2,2004-11-12
10912,876962,3,2005-01-19
10912,2143764,3,2005-01-25
10912,1383642,4,2005-01-27
10912,2391620,3,2005-05-03
10912,1706873,3,2005-05-07
10912,2162866,5,2005-10-19
10912,2118461,5,2005-10-24
10912,978229,5,2005-11-02
10912,799675,3,2005-12-21
10912,2592591,4,2005-12-26
10912,2452446,3,2005-07-19
10912,772197,5,2005-07-20
10912,2555666,5,2005-08-10
10912,2458372,4,2004-04-12
10912,1357332,3,2004-06-18
10912,884078,2,2004-07-08
10912,139942,4,2004-11-30
10912,2323598,4,2004-12-21
10912,1822560,3,2005-01-01
10912,2157060,3,2005-04-09
10912,946075,3,2005-04-13
10912,979563,3,2005-04-23
10912,896114,3,2005-05-23
10912,217973,3,2005-06-02
10912,1583023,3,2005-06-06
10912,2477159,2,2005-06-07
10912,1072585,4,2005-06-24
10912,1648775,3,2005-07-03
10912,1406452,2,2005-10-31
10912,20223,4,2005-11-08
10912,2178203,4,2005-07-11
10912,240721,5,2005-07-16
10912,2632990,5,2005-08-28
10912,2463441,3,2004-08-17
10912,301501,5,2005-03-02
10912,756299,3,2005-03-16
10912,1698802,4,2005-03-21
10912,392651,2,2005-04-28
10912,1492410,4,2005-05-07
10912,2243611,4,2005-06-17
10912,1690079,2,2005-09-03
10912,761524,5,2005-09-10
10912,2453450,4,2005-11-29
10912,387418,1,2004-02-08
10912,872408,2,2005-08-04
10912,1622397,3,2004-02-22
10912,1907620,5,2004-07-03
10912,902049,4,2004-10-19
10912,821315,5,2004-10-22
10912,2341845,4,2004-12-02
10912,446160,4,2005-09-09
10912,754161,4,2005-10-24
10912,1235326,5,2005-11-21
10912,324326,3,2004-09-04
10912,290588,3,2005-08-19
10912,783767,4,2004-08-31
10912,868990,3,2004-06-18
10912,2223583,4,2004-09-28
10912,1310425,4,2004-10-06
10912,2296193,3,2005-04-22
10912,875926,3,2005-06-01
10912,2177085,3,2005-09-08
10912,2543959,4,2005-09-13
10912,1478136,4,2005-09-19
10912,2019983,2,2005-10-22
10912,1250802,4,2005-10-26
10912,2592234,3,2005-11-01
10912,2228179,2,2005-08-19
10912,982204,4,2004-07-25
10912,1334853,3,2004-03-31
10912,1201867,5,2004-06-08
10912,2053907,2,2004-06-01
10912,1002688,4,2004-09-22
10912,2307508,4,2004-09-29
10912,1993723,4,2005-01-01
10912,1583321,3,2005-01-27
10912,1114324,3,2005-02-26
10912,397212,5,2005-03-18
10912,1159540,4,2005-06-25
10912,1308935,5,2005-06-26
10912,2457184,3,2005-06-27
10912,1463246,5,2005-11-18
10912,107379,5,2005-11-27
10912,370622,3,2005-09-03
10912,2543513,4,2004-05-07
10912,835353,3,2004-06-15
10912,1351821,4,2004-06-17
10912,686362,3,2005-01-23
10912,376197,5,2005-03-27
10912,2462764,3,2005-05-04
10912,296253,5,2005-06-03
10912,1960295,3,2005-09-18
10912,836139,5,2005-12-01
10912,2470021,3,2005-07-26
10912,2115299,3,2004-06-11
10912,1424768,3,2004-08-27
10912,2469871,3,2005-08-24
10912,1486911,3,2004-09-29
10912,21364,3,2004-11-29
10912,2274004,5,2005-03-25
10912,379184,4,2005-03-27
10912,2424223,3,2005-03-27
10912,399620,4,2005-04-11
10912,935060,2,2005-04-15
10912,1743131,4,2005-04-27
10912,917571,4,2005-05-17
10912,1876574,3,2005-05-21
10912,2446923,4,2005-10-31
10912,819462,2,2004-05-19
10912,2243423,3,2004-09-10
10912,16273,3,2004-02-26
10912,1932594,3,2004-05-02
10912,237530,4,2004-04-20
10912,612641,3,2004-05-19
10912,1654478,4,2004-12-02
10912,1545791,4,2004-12-16
10912,1578405,3,2005-01-11
10912,2054421,3,2005-01-13
10912,1447978,2,2005-02-15
10912,783137,3,2005-03-25
10912,794999,5,2005-05-24
10912,1478117,4,2004-08-27
10912,936760,4,2005-08-15
10912,1762695,4,2004-06-24
10912,158607,3,2004-07-21
10912,1824761,3,2004-10-28
10912,1061195,5,2004-10-31
10912,271971,3,2004-11-15
10912,811903,4,2005-06-20
10912,1140701,2,2005-06-21
10912,1130863,3,2005-10-05
10912,246108,4,2005-11-03
10912,700490,4,2005-11-06
10912,1317124,5,2005-12-26
10912,306957,4,2005-07-11
10912,2209849,2,2005-07-15
10912,1771677,3,2004-07-08
10912,274650,2,2005-08-12
10912,2120970,4,2005-08-23
10912,1537431,4,2004-07-27
10912,2460085,5,2004-09-28
10912,1368650,3,2004-12-08
10912,323253,3,2005-04-03
10912,290466,2,2005-05-03
10912,275600,4,2005-05-27
10912,2284144,5,2005-07-07
10912,2629195,3,2005-07-11
10912,54040,3,2004-06-16
10912,743640,3,2005-07-26
10912,389461,4,2005-08-12
10912,1663888,3,2004-04-05
10912,116140,3,2004-08-08
10912,983097,3,2004-11-22
10912,1257336,3,2004-12-03
10912,387633,4,2005-01-06
10912,808523,4,2005-03-11
10912,1649612,4,2005-03-16
10912,124251,3,2005-06-18
10912,1990473,4,2005-09-09
10912,933855,2,2005-09-17
10912,465432,5,2005-09-27
10912,1069683,5,2005-09-08
10912,942523,5,2004-08-23
10912,974118,3,2004-08-06
10912,27061,5,2004-07-21
10912,2031909,3,2004-11-27
10912,2041854,5,2004-12-09
10912,1546371,4,2004-12-30
10912,1832616,4,2005-03-17
10912,1454920,5,2005-04-06
10912,1576227,4,2005-04-16
10912,1488400,3,2005-06-08
10912,2609187,5,2005-07-02
10912,158989,3,2005-10-15
10912,2438449,4,2005-10-26
10912,1519692,4,2005-11-30
10912,2287465,4,2004-08-02
10912,2124351,3,2004-02-16
10912,290874,4,2004-08-18
10912,329475,4,2004-03-11
10912,1300582,2,2004-04-05
10912,1980782,5,2004-06-04
10912,1602153,4,2004-11-29
10912,909926,4,2004-11-04
10912,1812378,4,2004-11-30
10912,849966,5,2004-12-20
10912,1467035,3,2004-12-27
10912,1494079,4,2005-01-26
10912,2470648,4,2005-01-31
10912,2090953,4,2005-03-17
10912,97199,4,2005-04-12
10912,1480571,2,2005-09-13
10912,542228,5,2005-10-12
10912,1008145,2,2005-07-13
10912,2198755,3,2005-08-08
10912,38958,3,2005-08-22
10912,1075250,4,2004-06-02
10912,1381313,3,2004-10-11
10912,685113,4,2004-12-17
10912,1240794,4,2005-03-09
10912,12573,4,2005-04-06
10912,1099833,3,2005-05-01
10912,922614,4,2005-09-10
10912,2484060,3,2005-09-13
10912,1455281,3,2005-09-20
10912,2471832,5,2005-11-04
10912,2407458,4,2005-11-05
10912,591336,3,2005-11-09
10912,1978278,3,2005-12-13
10912,2273696,4,2005-07-09
10912,2448925,4,2005-07-15
10912,1925397,2,2004-02-24
10912,708157,3,2004-04-20
10912,206903,3,2004-07-03
10912,642384,5,2004-09-16
10912,445900,4,2004-09-24
10912,2489377,5,2005-01-23
10912,1686385,3,2005-01-26
10912,1233877,4,2005-03-07
10912,785931,3,2005-06-17
10912,2361369,2,2005-07-02
10912,908324,4,2005-09-19
10912,793202,4,2005-09-28
10912,670926,3,2005-12-19
10912,351328,3,2005-08-30
10912,442963,3,2004-08-03
10912,401206,2,2004-12-20
10912,734355,3,2005-04-29
10912,135879,3,2005-05-02
10912,958464,5,2005-06-01
10912,443865,5,2005-06-01
10912,2076638,3,2005-06-20
10912,1618268,4,2005-07-10
10912,136477,2,2005-08-25
10912,2224734,3,2004-06-30
10912,2225399,3,2005-01-30
10912,2156630,5,2005-02-01
10912,1688727,5,2005-02-13
10912,1740720,4,2005-03-10
10912,2580932,5,2005-05-17
10912,2227681,5,2005-10-25
10912,232301,4,2005-11-22
10912,2112242,3,2005-12-09
10912,400103,5,2004-08-31
10912,1184328,3,2004-08-04
10912,1265131,4,2005-03-03
10912,2462855,1,2005-03-14
10912,1662625,5,2005-03-22
10912,951800,5,2005-04-25
10912,1618737,5,2005-05-04
10912,911463,3,2005-05-12
10912,2198801,5,2005-09-07
10912,242896,4,2005-09-20
10912,350894,4,2005-10-07
10912,377262,5,2005-10-24
10912,1398122,4,2005-12-29
10912,2137366,3,2005-07-14
10912,132731,5,2004-02-15
10912,1325749,4,2005-07-31
10912,535510,5,2005-08-16
10912,410206,2,2005-08-23
10912,1569342,2,2004-07-14
10912,1262684,3,2004-04-10
10912,129428,2,2004-07-23
10912,2392002,5,2004-11-10
10912,2143500,3,2004-12-11
10912,2009638,4,2004-12-20
10912,1489031,4,2004-12-22
10912,734347,4,2005-01-04
10912,2160087,3,2005-01-05
10912,516686,3,2005-03-03
10912,162641,4,2005-06-16
10912,613560,4,2005-06-27
10912,925611,3,2005-09-14
10912,2258149,3,2005-10-06
10912,1025888,4,2005-10-08
10912,2526414,3,2004-03-16
10912,1290593,4,2004-12-16
10912,1740741,4,2005-01-11
10912,377329,3,2005-04-01
10912,691272,5,2005-05-14
10912,903666,4,2005-06-26
10912,1162732,5,2005-06-27
10912,518137,4,2005-09-29
10912,2215727,3,2005-11-12
10912,2220056,4,2005-11-23
10912,253061,3,2005-11-25
10912,1663467,4,2005-12-21
10912,925404,1,2004-04-26
10912,1545694,2,2005-07-28
10912,1304141,4,2005-07-31
10912,1201442,2,2004-07-09
10912,480033,3,2005-08-22
10912,1002509,1,2004-03-26
10912,24715,2,2004-07-28
10912,2471738,3,2004-06-23
10912,1720424,2,2004-09-13
10912,2282041,3,2004-11-15
10912,1175391,4,2004-11-28
10912,521244,2,2004-12-06
10912,234672,3,2005-01-06
10912,1832073,4,2005-01-25
10912,326502,3,2005-01-25
10912,257285,4,2005-02-01
10912,562704,3,2005-03-16
10912,2325040,2,2005-04-17
10912,62452,5,2005-05-17
10912,2202694,5,2005-06-03
10912,2571331,4,2005-11-05
10912,2339129,4,2004-06-30
10912,680324,3,2004-07-19
10912,2540684,3,2004-11-11
10912,361702,4,2005-06-08
10912,2621962,3,2005-10-13
10912,2145961,5,2005-08-15
10912,2238060,5,2004-08-17
10912,1657710,4,2004-11-08
10912,505967,4,2004-12-01
10912,714802,5,2005-01-29
10912,1692610,5,2005-02-28
10912,2293072,5,2005-03-18
10912,2283211,2,2005-04-14
10912,2638183,5,2005-05-05
10912,1907534,3,2005-06-14
10912,2017576,1,2005-06-22
10912,1891748,3,2005-09-23
10912,2380601,4,2005-11-28
10912,2521994,4,2005-11-28
10912,928364,2,2005-12-13
10912,394014,4,2005-07-26
10912,2049734,3,2005-07-29
10912,1707198,3,2004-06-16
10912,1852040,4,2004-07-13
10912,785573,1,2004-03-29
10912,1233312,1,2004-06-28
10912,25120,4,2004-11-11
10912,1866446,3,2004-11-30
10912,2494411,5,2005-02-12
10912,1698636,3,2005-02-23
10912,626090,3,2005-03-18
10912,716649,4,2005-04-05
10912,2465288,3,2005-04-12
10912,2214363,4,2005-07-03
10912,2469970,3,2005-10-16
10912,1934538,5,2005-10-31
10912,153109,3,2005-07-07
10912,267841,4,2005-07-17
10912,1612901,2,2005-08-31
10912,2557596,3,2004-10-19
10912,610024,3,2004-12-28
10912,1987400,3,2005-01-22
10912,1270980,3,2005-01-24
10912,19991,5,2005-06-25
10912,1584128,3,2005-09-26
10912,2014656,4,2005-10-15
10912,1328001,5,2005-12-06
10912,2169476,3,2005-12-13
10912,1841692,2,2005-08-26
10912,2414865,3,2004-08-30
10912,2341871,5,2004-12-17
10912,2256160,2,2005-03-14
10912,1257291,3,2005-01-08
10912,508652,3,2005-01-23
10912,1257454,3,2005-01-26
10912,1182139,3,2005-03-22
10912,1909628,4,2005-04-19
10912,1368132,3,2005-09-05
10912,1391796,4,2005-10-06
10912,1640132,4,2005-10-10
10912,644429,3,2005-08-28
10912,1152975,3,2004-07-29
10912,1900424,4,2005-09-05
10912,486152,2,2004-07-31
10912,2320697,3,2004-09-29
10912,1114100,4,2005-05-31
10912,2287814,3,2005-09-21
10912,1550718,5,2005-09-30
10912,1044403,3,2005-10-10
10912,162313,4,2005-10-24
10912,350009,5,2005-07-25
10912,1347119,5,2005-07-26
10912,1716933,5,2005-07-28
10912,1361661,3,2004-06-22
10912,1357209,4,2004-09-25
10912,760924,4,2004-11-18
10912,1112565,4,2004-12-11
10912,1842201,3,2004-12-21
10912,2047616,3,2005-02-23
10912,2251346,3,2005-03-04
10912,1580917,3,2005-03-17
10912,275551,5,2005-07-01
10912,412805,3,2005-09-13
10912,1953286,4,2005-09-15
10912,1877590,3,2005-10-29
10912,394124,4,2005-08-26
10912,953667,4,2004-08-31
10912,1967891,3,2005-01-31
10912,1995214,4,2005-03-15
10912,1309043,4,2005-03-22
10912,298221,3,2005-03-31
10912,1674814,3,2005-04-21
10912,907490,4,2005-04-29
10912,1941199,5,2005-05-28
10912,1221897,4,2005-05-31
10912,1830456,2,2005-06-18
10912,888801,3,2005-09-12
10912,2195600,3,2005-09-29
10912,583086,2,2004-04-09
10912,1671155,3,2005-08-01
10912,954742,2,2004-08-27
10912,29815,4,2005-08-25
10912,336165,3,2005-08-29
10912,1198962,4,2004-11-02
10912,1085127,3,2004-12-22
10912,965730,3,2005-01-31
10912,585272,3,2005-02-18
10912,638767,3,2005-03-03
10912,19938,3,2005-06-17
10912,1766524,4,2004-09-01
10912,262134,4,2005-02-20
10912,1283745,4,2005-08-02
10912,1693895,1,2004-07-06
10912,807890,3,2004-07-15
10912,1634652,5,2005-01-19
10912,1009895,5,2005-03-19
10912,1933317,4,2005-03-20
10912,1702419,3,2005-04-02
10912,374741,5,2005-06-02
10912,1066555,5,2005-06-10
10912,1866164,5,2005-10-12
10912,1538439,4,2005-10-29
10912,454329,3,2005-10-29
10912,509065,5,2005-12-17
10912,783797,2,2005-07-25
10912,1563698,1,2004-08-01
10912,2300163,4,2004-07-16
10912,452299,3,2004-07-22
10912,1614324,2,2004-12-28
10912,1542460,3,2005-03-28
10912,1054248,5,2005-04-19
10912,13462,3,2005-09-30
10912,2492695,2,2005-10-28
10912,464774,3,2005-11-30
10912,251216,4,2005-12-06
10912,152134,3,2005-12-10
10912,925001,3,2005-12-15
10912,1702487,5,2005-07-15
10912,707528,2,2004-03-10
10912,678155,4,2005-07-20
10912,1669420,4,2005-03-24
10912,2634967,1,2004-01-20
10912,2637974,5,2004-04-26
10912,2408711,4,2004-08-18
10912,1300759,4,2004-09-17
10912,1458854,4,2004-12-22
10912,2371980,3,2005-04-11
10912,1790158,4,2005-04-13
10912,516026,4,2005-05-23
10912,2469788,3,2005-06-29
10912,940101,3,2005-09-16
10912,2205703,2,2005-10-07
10912,2482502,4,2005-10-08
10912,1442835,4,2005-12-21
10912,1183170,4,2005-07-29
10912,600160,2,2004-03-31
10912,44490,4,2004-09-24
10912,2332186,4,2004-11-09
10912,1619362,4,2004-11-17
10912,70476,4,2004-12-21
10912,453585,2,2005-03-21
10912,444860,4,2005-06-07
10912,2151468,2,2005-06-26
10912,1804819,1,2005-10-13
10912,633738,3,2005-10-24
