363,2540656,4,2004-01-26
363,672200,3,2004-06-10
363,546578,4,2005-08-23
363,608309,2,2004-01-25
363,1562558,2,2004-05-05
363,725596,1,2004-07-12
363,306466,2,2004-09-28
363,2422606,4,2004-10-19
363,469857,3,2005-11-22
363,105833,3,2004-09-05
363,1086736,3,2004-03-03
363,175887,4,2004-04-22
363,293901,3,2004-01-18
363,461110,3,2004-05-15
363,838130,4,2004-03-22
363,1564363,2,2004-02-09
363,1957175,2,2004-09-13
363,1755092,4,2005-01-22
363,50409,1,2005-02-11
363,1561059,4,2005-03-16
363,1051723,2,2005-12-14
363,1462949,3,2004-03-26
363,1502043,2,2004-05-17
363,677906,2,2004-05-28
363,740716,4,2004-04-21
363,1242847,3,2004-06-01
363,1628545,2,2004-09-24
363,643182,4,2004-11-05
363,1649154,2,2005-03-15
363,543463,4,2005-10-26
363,1278950,4,2004-07-20
363,2207100,5,2004-05-25
363,227469,4,2004-07-15
363,1307041,2,2004-11-10
363,1816473,4,2004-12-23
363,243877,4,2005-11-27
363,122188,4,2004-03-25
363,2230367,5,2004-02-23
363,733453,4,2004-04-26
363,966208,2,2004-01-21
363,243738,3,2004-09-15
363,736288,4,2004-10-05
363,155899,3,2004-10-06
363,273630,2,2005-01-22
363,534943,5,2005-05-18
363,2368652,3,2005-05-22
363,1826349,3,2005-12-23
363,38203,1,2004-05-11
363,1872628,2,2004-03-01
363,623677,3,2004-03-17
363,1037782,3,2005-12-04
363,97000,4,2004-08-14
363,1160698,4,2004-04-16
363,133060,1,2004-04-27
363,2601250,2,2005-07-19
363,145032,2,2004-08-03
363,1202898,2,2004-06-01
363,1881481,4,2004-05-03
363,1517358,3,2004-06-08
363,228052,1,2004-07-05
363,1229269,3,2005-12-12
363,1196592,1,2004-03-19
363,1721692,5,2004-01-16
363,1507128,4,2004-06-05
363,2047888,3,2004-02-02
363,1484808,4,2004-02-11
363,303948,4,2005-11-28
363,1553054,3,2005-07-06
363,2593317,3,2004-07-28
363,204011,2,2004-03-25
363,826409,2,2004-02-09
363,125296,2,2004-08-07
363,1519810,2,2004-01-21
363,2467039,3,2004-07-21
363,258788,2,2004-05-25
363,29113,2,2004-03-22
363,1107099,4,2004-06-30
363,92563,4,2004-06-21
363,574487,4,2004-09-23
363,1077467,4,2005-01-24
363,1826189,3,2005-04-26
363,2514164,3,2005-09-29
363,1451183,2,2004-08-28
363,1199312,4,2004-07-09
363,2004537,1,2004-02-03
363,869097,3,2004-07-27
363,2197112,5,2004-03-04
363,907779,4,2004-05-14
363,2435614,3,2004-02-24
363,1170841,4,2004-07-27
363,1388503,3,2004-07-28
363,654043,4,2005-06-09
363,1594764,4,2004-04-04
363,1644144,3,2004-09-08
363,483077,4,2004-05-16
363,1695472,3,2004-05-28
363,352362,5,2004-05-11
363,848114,3,2004-07-29
363,473516,3,2004-11-15
363,886165,3,2005-01-03
363,1701487,3,2004-03-21
363,733257,4,2004-09-08
363,746908,4,2004-06-08
363,1366054,3,2004-01-22
363,2209199,3,2004-08-02
363,1106301,2,2004-03-24
363,67313,2,2004-03-11
363,1760666,1,2004-05-02
363,831920,5,2004-08-03
363,2399724,4,2004-09-27
363,2253960,4,2004-10-08
363,1135143,1,2004-05-02
363,342330,1,2005-08-04
363,1007229,2,2004-08-02
363,1423188,4,2004-04-25
363,1826941,2,2004-09-12
363,734541,4,2004-10-03
363,2039201,3,2005-10-10
363,1367078,3,2004-03-12
363,600454,3,2004-03-23
363,385977,1,2004-03-23
363,1416310,3,2004-07-07
363,804627,2,2004-05-16
363,2362750,5,2004-04-27
363,623215,4,2004-05-05
363,2508428,3,2004-06-06
363,494455,2,2004-07-25
363,2476195,4,2005-02-10
363,180368,5,2005-03-09
363,1113913,4,2005-09-20
363,1552276,3,2004-04-23
363,2230701,2,2004-04-04
363,437505,3,2004-02-03
363,1827796,3,2005-08-17
363,1181698,4,2005-08-18
363,1118103,2,2004-02-27
363,1964071,5,2004-09-11
363,1689407,3,2004-07-06
363,93290,3,2004-07-05
363,509575,3,2004-06-05
363,1443236,3,2004-04-05
363,1738046,5,2004-01-17
363,363163,2,2004-08-21
363,2154453,4,2004-07-12
363,138594,3,2004-02-03
363,380505,3,2004-01-16
363,488694,1,2004-03-08
363,2330585,4,2004-07-12
363,2000068,1,2004-05-25
363,1904628,3,2004-11-29
363,742359,3,2004-12-12
363,1822241,4,2004-12-28
363,1784150,2,2005-12-14
363,1427332,4,2005-12-31
363,1181880,2,2004-03-06
363,1189672,3,2004-07-02
363,1413636,2,2004-08-20
363,2407714,3,2004-02-08
363,2456727,1,2005-08-29
363,863778,3,2004-03-08
363,156917,3,2004-09-08
363,2627483,3,2004-08-15
363,1084598,4,2005-04-19
363,550491,4,2005-05-10
363,2402945,3,2004-02-05
363,785946,4,2004-06-29
363,1941476,4,2004-09-09
363,1559022,3,2004-01-14
363,1374435,3,2004-01-25
363,2152668,4,2004-03-17
363,1796981,2,2004-03-01
363,2417270,2,2004-02-22
363,2217043,3,2004-03-27
363,2321370,3,2004-03-19
363,505375,1,2004-10-08
363,1190027,4,2004-11-15
363,650960,2,2004-05-05
363,621274,2,2004-01-26
363,1509243,2,2004-04-14
363,2130595,5,2004-08-30
363,750438,4,2004-10-04
363,1919510,4,2004-11-08
363,29269,2,2005-03-21
363,885704,4,2004-03-23
363,1257939,3,2004-02-14
363,586835,4,2004-04-28
363,2030080,1,2004-03-17
363,1594633,1,2004-02-15
363,2224153,3,2004-03-31
363,2269654,1,2004-03-19
363,1378895,4,2004-09-21
363,249288,2,2004-10-01
363,1729082,3,2004-11-21
363,1760551,1,2004-04-06
363,2556051,1,2004-08-20
363,1515716,3,2004-03-15
363,2598028,1,2004-07-30
363,1765974,3,2004-07-06
363,2404752,3,2004-09-15
363,452106,3,2005-04-08
363,503235,2,2005-05-17
363,1270970,1,2004-02-16
363,2500414,3,2004-02-26
363,2265014,3,2004-08-09
363,1098906,3,2004-10-21
363,1848036,3,2005-12-19
363,1886679,3,2005-08-16
363,1493697,4,2004-03-01
363,2093957,3,2004-06-08
363,546733,3,2004-05-19
363,779144,3,2004-03-26
363,1557266,4,2004-06-08
363,1397641,2,2004-07-11
363,711178,5,2005-02-01
363,982748,2,2005-05-02
363,1193792,2,2004-05-19
363,1044029,1,2004-01-23
363,2148643,3,2004-03-09
363,1766906,4,2005-08-13
363,1478013,3,2004-10-14
363,49585,2,2004-02-14
363,594870,5,2005-08-10
363,281711,2,2004-04-30
363,765858,4,2004-04-01
363,1821833,3,2004-08-21
363,2384905,2,2004-03-19
363,112382,2,2004-02-24
363,512303,2,2004-02-10
363,2449394,4,2004-03-21
363,2253957,4,2004-04-03
363,1599873,3,2004-02-24
363,1908401,2,2004-09-09
363,648060,2,2004-06-17
363,1259776,3,2004-03-06
363,516498,3,2005-08-17
363,1588953,2,2004-02-16
363,1083538,3,2004-02-02
363,2334555,3,2004-05-05
363,2031174,2,2005-03-01
363,223641,2,2005-10-24
363,2197984,4,2004-06-01
363,2179378,3,2004-08-02
363,1840368,3,2004-02-12
363,1203445,4,2004-04-13
363,557442,2,2004-03-16
363,1143797,3,2004-03-29
363,2027956,3,2004-04-22
363,411705,3,2004-04-21
363,819177,2,2004-06-21
363,627674,3,2004-07-03
363,1815873,2,2004-09-19
363,1832431,2,2005-11-01
363,1323467,3,2004-02-26
363,629383,3,2004-01-15
363,72570,1,2004-03-12
363,1013696,3,2004-02-02
363,2098505,3,2004-01-29
363,1618799,3,2004-03-03
363,410857,5,2004-06-23
363,199257,4,2005-04-04
363,365496,2,2004-06-07
363,1244978,3,2005-07-31
363,1531049,3,2004-09-01
363,394125,3,2005-08-15
363,1562670,3,2004-06-25
363,504246,3,2004-04-09
363,916626,3,2004-01-19
363,2493022,1,2004-02-20
363,339416,2,2005-03-16
363,981681,3,2005-12-20
363,975199,2,2004-02-04
363,1792741,2,2004-04-21
363,1030128,3,2004-08-10
363,565559,2,2004-03-06
363,705352,4,2004-03-24
363,2616142,3,2004-03-14
363,1098431,3,2004-05-10
363,1314869,3,2004-05-19
363,2218552,4,2005-03-08
363,691833,3,2005-05-25
363,2205734,3,2004-03-04
363,929177,4,2004-04-18
363,2440934,3,2004-05-08
363,164312,2,2004-03-09
363,1130133,2,2004-01-20
363,540461,3,2004-02-16
363,2092746,5,2004-10-22
363,1112672,4,2004-06-14
363,777750,2,2004-06-04
363,1518496,3,2004-03-20
363,493685,1,2004-02-19
363,1191566,3,2005-08-16
363,2592889,3,2004-06-07
363,667892,2,2004-11-22
363,968808,3,2004-02-22
363,2176223,4,2004-04-21
363,534043,2,2004-04-25
363,894287,2,2004-06-14
363,2455173,3,2004-05-25
363,51295,4,2004-05-04
363,2049375,4,2004-07-10
363,52700,1,2004-07-20
363,66245,3,2005-01-03
363,2553810,5,2004-04-27
363,2315135,4,2004-04-29
363,2385173,2,2004-06-01
363,403961,3,2004-06-04
363,1997034,5,2004-10-16
363,1215759,3,2005-04-06
363,1699366,2,2005-05-19
363,2093677,2,2005-10-09
363,320474,5,2005-05-05
363,1612387,3,2004-07-07
363,1094621,2,2004-08-15
363,1989647,4,2004-05-05
363,567782,1,2005-06-29
363,2439493,1,2004-03-23
363,2015177,2,2004-04-21
363,895741,2,2004-08-31
363,2382673,5,2004-01-19
363,2200553,3,2004-05-16
363,1152063,3,2004-05-02
363,1880446,5,2004-07-09
363,1463088,3,2004-10-07
363,2116582,4,2004-03-19
363,1573527,3,2004-01-28
363,2100741,4,2004-01-20
363,2094266,3,2004-06-05
363,9045,3,2004-08-16
363,1998073,4,2005-12-23
363,2107119,5,2004-02-01
363,1824733,3,2005-07-26
363,1511574,4,2004-02-09
363,610700,1,2004-03-18
363,2115857,4,2004-02-02
363,156721,3,2004-04-14
363,2585491,4,2004-09-17
363,214762,3,2004-04-06
363,2633921,2,2004-07-30
363,1303543,2,2004-11-29
363,2305067,4,2005-04-13
363,1949631,2,2005-11-13
363,2376367,4,2004-04-25
363,1691090,3,2004-04-27
363,2051620,3,2004-02-08
363,667102,2,2004-06-01
363,807708,2,2004-03-26
363,298447,3,2004-03-09
363,2484033,4,2004-05-07
363,2629549,3,2004-07-20
363,871350,3,2004-08-09
363,1630419,4,2004-05-19
363,925510,3,2004-06-29
363,1439485,4,2005-11-09
363,925897,4,2005-11-12
363,731321,3,2005-11-26
363,581893,4,2005-07-10
363,1933187,2,2004-02-11
363,1698330,2,2004-04-16
363,1007577,3,2004-03-22
363,868723,3,2004-02-22
363,610335,3,2004-04-10
363,649116,3,2004-08-09
363,1808155,4,2004-03-25
363,1090765,4,2004-06-19
363,2263447,3,2004-04-14
363,1927420,3,2004-06-22
363,1467708,2,2004-07-28
363,2066458,3,2004-07-25
363,1959049,1,2004-02-21
363,2645580,3,2004-03-10
363,2579706,2,2004-01-14
363,1411711,2,2004-09-05
363,807150,1,2004-01-30
363,1653467,3,2004-02-26
363,379279,4,2004-05-25
363,1843064,2,2004-09-04
363,2554126,4,2004-08-31
363,1600629,2,2004-10-14
363,1071418,1,2004-11-02
363,861862,2,2004-08-08
363,302959,1,2004-05-11
363,2373167,2,2004-01-16
363,1271011,3,2004-05-20
363,2329002,4,2004-06-19
363,1427666,2,2004-08-13
363,732221,4,2004-03-16
363,2560203,3,2004-03-06
363,2442581,2,2005-01-28
363,2335667,2,2004-02-20
363,746881,3,2005-07-14
363,563481,3,2004-01-18
363,1007391,3,2004-01-26
363,2594099,3,2004-07-26
363,1562322,2,2004-04-13
363,2491788,3,2004-07-23
363,292739,3,2004-04-23
363,2376563,2,2004-02-09
363,728938,4,2004-09-10
363,671716,5,2004-09-30
363,87328,4,2005-09-17
363,512995,4,2004-05-15
363,896996,4,2004-05-11
363,1405644,3,2004-02-24
363,1473980,4,2005-08-28
363,923987,2,2004-03-18
363,291453,2,2004-04-01
363,692977,3,2004-03-12
363,33070,2,2004-09-29
363,2040859,4,2004-07-12
363,1241116,4,2004-07-20
363,94185,3,2004-07-07
363,1553659,2,2004-04-24
363,1411701,2,2004-06-06
363,625163,3,2004-03-26
363,1213911,4,2004-03-08
363,1901368,3,2004-04-27
363,1485560,3,2004-04-27
363,1292493,4,2004-06-01
363,2528342,4,2004-05-17
363,1137451,2,2004-09-15
363,1810509,4,2004-09-25
363,1775861,2,2004-11-14
363,217276,1,2005-06-15
363,963705,3,2004-02-16
363,1460449,2,2004-03-01
363,2261359,3,2004-02-21
363,1314318,2,2004-02-26
363,1530087,4,2004-03-10
363,1110156,3,2004-07-06
363,402299,3,2004-02-19
363,2494143,3,2004-06-01
363,1575018,3,2004-02-27
363,461075,2,2004-07-17
363,2183036,4,2004-01-29
363,2612741,4,2004-02-17
363,393577,3,2004-04-26
363,2039521,3,2004-05-12
363,324169,3,2004-10-14
363,1880925,3,2004-10-18
363,1028463,5,2004-12-29
363,579352,3,2004-08-27
363,607988,3,2004-08-03
363,1109553,2,2004-08-08
363,1599277,4,2004-07-25
363,996868,5,2004-06-12
363,905669,4,2004-10-26
363,812377,3,2004-09-07
363,1458124,4,2004-04-21
363,13875,4,2004-02-27
363,1297752,2,2004-05-20
363,351213,3,2004-08-19
363,2560812,3,2004-08-30
363,1282872,3,2004-04-14
363,1754395,5,2004-10-13
363,28305,3,2004-10-27
363,2443941,3,2004-12-10
363,1343223,3,2005-01-06
363,17860,3,2004-08-15
363,706509,1,2004-02-16
363,2029460,3,2004-05-09
363,2445120,1,2004-09-07
363,2310820,3,2004-07-19
363,542907,2,2004-04-22
363,1023010,3,2004-06-17
363,1663211,4,2004-05-11
363,2012563,4,2005-05-23
363,962019,1,2005-12-16
363,367127,3,2004-09-10
363,1401592,1,2004-07-22
363,568743,3,2004-01-20
363,1195070,3,2004-04-18
363,139991,3,2004-04-23
363,1278473,3,2004-02-21
363,406360,3,2004-02-10
363,572890,4,2004-03-16
363,1357786,2,2004-02-09
363,1874298,4,2004-04-21
363,2025855,3,2004-04-15
363,1866818,4,2004-03-17
363,818752,2,2004-06-08
363,1380913,2,2004-07-12
363,645462,1,2005-01-12
363,346394,5,2005-02-21
363,1986034,3,2004-01-23
363,1090713,4,2004-03-11
363,1516077,5,2004-08-11
363,382301,4,2004-05-30
363,592693,2,2005-03-01
363,1999176,3,2005-03-28
363,988917,3,2005-06-27
363,1952959,3,2004-05-26
363,23771,3,2004-02-09
363,2004004,2,2004-02-29
363,166023,1,2004-05-04
363,1771330,2,2005-08-08
363,2542777,2,2004-08-02
363,1443417,5,2004-03-02
363,1103259,4,2004-02-22
363,1817718,3,2004-02-23
363,2611201,4,2004-08-09
363,2555117,4,2005-02-16
363,2618433,4,2004-03-05
363,104457,3,2004-01-20
363,1227300,3,2004-03-01
363,1095683,2,2004-03-01
363,277243,4,2004-05-03
363,115561,3,2004-01-24
363,1787188,4,2004-06-24
363,1628290,1,2004-03-20
363,524142,2,2004-05-27
363,2128766,4,2004-06-21
363,217501,1,2005-07-19
363,687712,2,2004-04-28
363,394181,2,2004-07-21
363,1675732,3,2004-05-10
363,2353923,4,2004-06-16
363,170874,3,2004-11-18
363,1068610,3,2005-10-12
363,1230082,3,2004-06-22
363,2177239,3,2004-08-03
363,351363,2,2004-03-02
363,494624,5,2004-04-08
363,212941,2,2004-10-03
363,25524,3,2004-10-05
363,2219287,5,2004-11-04
363,621733,5,2005-04-13
363,1459059,3,2005-09-13
363,1899876,2,2004-07-20
363,1385788,4,2005-08-30
363,247182,3,2004-04-09
363,1947719,2,2004-09-14
363,429357,4,2005-03-05
363,1308922,4,2004-04-16
363,1949341,3,2004-05-03
363,1196217,3,2004-06-29
363,2636382,1,2004-04-13
363,1867832,4,2004-03-24
363,395104,4,2004-04-20
363,2153829,3,2004-01-27
363,1684916,3,2004-02-04
363,947328,1,2005-07-17
363,2591134,2,2004-07-01
363,30360,3,2004-07-18
363,2589319,2,2005-04-15
363,2522393,4,2004-07-15
363,1160588,3,2004-12-29
363,225701,3,2005-03-29
363,91114,2,2005-06-19
363,2329565,2,2005-07-03
363,157997,3,2004-07-21
363,1104495,1,2004-05-21
363,33160,1,2004-10-13
363,2519999,2,2004-10-14
363,701962,3,2005-11-28
363,2057104,4,2005-12-20
363,1534100,3,2004-09-10
363,363940,2,2004-03-28
363,1349998,1,2004-06-09
363,2592370,4,2004-09-28
363,2318590,5,2004-12-12
363,1626727,2,2004-12-22
363,2130003,4,2004-07-02
363,867676,2,2004-07-04
363,177215,3,2004-07-22
363,522176,3,2004-05-24
363,239262,4,2004-02-07
363,1146244,1,2004-07-02
363,837001,1,2004-06-09
363,184705,3,2004-11-18
363,607205,5,2005-02-07
363,583797,3,2005-04-04
363,2599761,4,2005-06-06
363,188507,5,2004-02-22
363,1059661,2,2004-06-10
363,1709869,2,2004-04-25
363,1783039,2,2004-01-21
363,611572,2,2004-09-05
363,1385255,3,2004-08-12
363,2039644,3,2004-11-24
363,507603,1,2005-04-02
363,909167,3,2005-09-16
363,2591704,3,2005-12-30
363,2633127,5,2004-04-07
363,1400659,1,2004-06-23
363,2443552,4,2004-04-14
363,1384123,3,2004-05-15
363,1270812,4,2004-07-02
363,1717184,3,2004-04-14
363,445880,2,2004-03-16
363,1900047,4,2004-01-15
363,1128082,3,2004-05-28
363,1753870,3,2004-05-05
363,2633644,3,2004-02-04
363,2557821,4,2004-03-17
363,1079644,3,2004-05-03
363,1711536,2,2004-05-11
363,870271,4,2005-04-07
363,1962479,3,2005-06-21
363,2557349,2,2004-02-03
363,43991,4,2004-01-23
363,1961862,2,2004-01-22
363,622214,3,2004-02-23
363,1665885,5,2004-07-17
363,669122,2,2004-02-22
363,1422324,3,2004-04-06
363,1134655,3,2004-04-20
363,1552084,5,2004-04-02
363,2234028,5,2005-03-18
363,1201241,3,2004-08-11
363,1195652,3,2004-04-23
363,2498453,5,2004-05-05
363,1854399,2,2004-04-27
363,639089,3,2004-07-25
363,1747200,4,2004-08-17
363,265,2,2004-09-22
363,582683,4,2005-10-18
363,1345921,3,2004-07-07
363,2511392,4,2004-04-09
363,623281,3,2004-01-23
363,559119,3,2004-01-28
363,1273979,3,2004-11-02
363,597447,3,2005-02-26
363,1744279,3,2005-10-03
363,2168506,4,2004-07-09
363,515610,5,2004-04-14
363,463875,3,2004-07-20
363,2530108,3,2005-08-17
363,2432917,3,2004-07-23
363,1604220,3,2005-01-27
363,957716,5,2005-09-30
363,70320,3,2004-03-09
363,743746,3,2004-04-19
363,1124804,4,2004-01-20
363,484095,1,2004-03-03
363,862644,4,2005-08-16
363,2647648,4,2005-08-26
363,1001046,4,2005-08-29
363,970777,2,2004-04-30
363,2217283,5,2004-03-03
363,2352325,5,2005-01-31
363,324366,4,2005-05-19
363,1924968,2,2005-10-01
363,2619077,2,2005-10-29
363,258675,2,2004-02-02
363,375770,2,2004-07-08
363,577981,3,2004-06-29
363,973313,3,2004-03-18
363,1814662,3,2004-06-26
363,2291847,3,2004-07-01
363,1154450,2,2004-08-12
363,1068981,4,2004-06-21
363,447222,3,2004-06-19
363,171430,4,2004-03-24
363,454750,3,2005-03-22
363,1840030,3,2004-05-24
363,358552,4,2004-01-20
363,1478134,3,2004-07-19
363,699825,2,2004-07-26
363,1219935,3,2004-05-30
363,432859,3,2004-09-02
363,40927,2,2004-02-29
363,167612,3,2004-03-01
363,655277,4,2004-01-22
363,1044556,5,2004-06-17
363,382906,3,2005-09-04
363,1853952,2,2004-04-28
363,1866009,4,2004-07-30
363,83756,3,2005-12-18
363,303006,2,2004-03-05
363,1341477,2,2004-05-17
363,978119,3,2004-02-12
363,2414534,4,2004-03-29
363,1532220,2,2004-03-20
363,704310,2,2004-02-05
363,1370403,2,2004-07-08
363,1993796,2,2004-10-04
363,202996,4,2005-01-03
363,1664010,4,2005-10-13
363,1055424,1,2004-01-27
363,1737738,2,2005-09-01
363,1275394,3,2004-02-06
363,70292,4,2004-08-10
363,2327743,3,2004-01-17
363,880131,2,2004-08-15
363,783710,3,2005-01-30
363,856834,1,2004-05-19
363,561715,3,2004-07-11
363,1959929,2,2004-03-11
363,2122850,3,2004-02-12
363,147413,3,2004-01-15
363,2612911,3,2004-05-21
363,2341415,2,2004-02-16
363,2617545,3,2004-09-30
363,2552603,3,2005-01-23
363,2154854,5,2005-10-13
363,1486742,1,2004-07-12
363,2105662,2,2004-02-10
363,338194,2,2004-01-19
363,1810064,1,2004-02-05
363,474091,5,2004-03-28
363,2107249,2,2004-07-06
363,942473,4,2004-09-24
363,1100241,5,2004-10-13
363,59218,1,2005-06-29
363,537705,5,2005-11-02
363,332300,3,2004-06-30
363,1521272,3,2004-02-01
363,188329,4,2004-06-21
363,2540857,4,2004-03-30
363,2191355,3,2004-07-26
363,1278158,2,2004-12-30
363,867717,2,2005-05-18
363,1422758,4,2005-07-03
363,1288207,3,2004-04-27
363,1432772,3,2004-03-04
363,1775648,3,2004-02-14
363,1456526,4,2004-04-27
363,589132,3,2004-08-08
363,297743,2,2004-03-01
363,62346,3,2004-05-10
363,1495305,1,2004-05-22
363,753107,3,2005-12-29
363,2298725,3,2004-05-31
363,1734103,1,2004-03-16
363,328708,3,2004-08-31
363,1838937,2,2004-09-10
363,761761,1,2004-02-24
363,1586030,4,2004-06-15
363,1556551,2,2004-03-16
363,2444202,4,2004-10-13
363,808977,2,2004-10-26
363,1721862,3,2005-04-19
363,1455822,3,2004-09-15
363,78091,3,2004-08-31
363,1039883,3,2004-06-01
363,2031826,3,2004-04-15
363,1410008,2,2004-03-03
363,311485,3,2004-09-08
363,1680176,1,2004-08-08
363,1951355,5,2005-04-06
363,1449229,5,2005-07-09
363,1030634,2,2004-02-12
363,1817026,2,2005-07-29
363,861385,4,2004-05-26
363,873713,3,2005-08-30
363,1150128,5,2004-05-07
363,280120,3,2004-04-21
363,360047,3,2004-06-18
363,1095243,3,2005-04-13
363,1379561,3,2004-08-29
363,830188,2,2004-03-08
363,846386,2,2004-06-08
363,1109377,5,2004-06-28
363,1749706,3,2005-10-12
363,2193044,3,2005-12-04
363,2273061,4,2004-02-10
363,1189723,5,2003-12-28
363,769165,2,2004-08-01
363,653541,3,2004-06-23
363,1708325,3,2004-01-25
363,1716673,3,2004-05-03
363,351929,3,2004-07-26
363,989386,1,2004-06-04
363,950498,3,2004-09-20
363,1219733,3,2005-05-11
363,1516320,2,2004-03-03
363,737480,4,2004-09-09
363,1393600,1,2004-06-12
363,162474,2,2004-01-27
363,796455,2,2004-03-26
363,976803,4,2004-03-29
363,213727,2,2004-07-07
363,1974022,1,2004-04-07
363,1633082,3,2004-04-18
363,1854658,3,2005-08-29
363,2186515,3,2004-06-04
363,564265,4,2004-05-10
363,1403554,3,2004-08-26
363,452001,4,2004-10-02
363,274687,2,2005-06-01
363,1292003,3,2004-05-24
363,243612,4,2004-04-12
363,976521,3,2004-08-13
363,80250,2,2004-08-04
363,925194,4,2004-07-18
363,865254,1,2004-06-11
363,73023,3,2004-09-27
363,2092788,2,2004-10-05
363,598280,3,2005-03-14
363,2257619,3,2005-05-13
363,2117885,2,2004-02-29
363,225526,2,2004-06-04
363,138601,3,2004-06-11
363,1443875,2,2004-07-16
363,153363,3,2004-06-14
363,1191023,2,2004-11-21
363,2497577,3,2004-12-20
363,1104107,1,2004-01-21
363,1057576,5,2005-08-25
363,1593386,3,2004-03-16
363,50214,2,2004-01-30
363,167021,2,2004-03-08
363,2037437,2,2004-03-30
363,2527129,2,2004-05-05
363,952248,4,2004-11-20
363,298716,1,2005-07-25
363,2528268,3,2004-02-05
363,1566512,1,2004-08-27
363,74520,2,2004-07-02
363,2261465,1,2004-09-23
363,1046329,5,2004-09-30
363,1935793,2,2005-01-25
363,220460,2,2005-04-12
363,2575594,3,2005-06-19
363,2179066,3,2004-04-13
363,1079056,1,2004-08-27
363,1100167,3,2004-04-12
363,2019083,3,2004-03-24
363,260187,3,2004-03-06
363,972648,2,2004-07-06
363,812458,3,2004-04-24
363,33711,3,2005-09-22
363,1845415,4,2004-01-27
363,426375,3,2004-07-15
363,1637938,2,2004-08-13
363,1851087,1,2004-04-01
363,992096,2,2004-04-17
363,1951046,3,2004-04-30
363,2535914,4,2004-04-27
363,1560288,3,2004-08-10
363,37797,3,2005-01-31
363,1647000,3,2005-05-26
363,963361,4,2004-07-13
363,1194207,2,2004-04-01
363,571625,3,2004-06-14
363,249241,3,2004-04-20
363,375148,3,2004-02-06
363,2591537,3,2004-06-06
363,2175548,2,2004-04-16
363,1336618,2,2004-08-14
363,109207,2,2004-10-20
363,1974827,3,2004-05-09
363,2178000,3,2004-02-04
363,590725,3,2004-02-15
363,2015182,3,2004-03-29
363,3992,3,2004-04-14
363,466472,3,2004-11-17
363,1720861,3,2004-03-30
363,901325,4,2004-03-01
363,562508,2,2004-07-02
363,1478112,1,2004-04-27
363,54058,4,2004-04-27
363,1746773,4,2004-03-30
363,1159539,1,2004-04-27
363,873888,3,2004-09-05
363,1783292,4,2004-10-11
363,2613825,5,2005-01-27
363,938044,4,2005-02-22
363,111693,2,2005-03-15
363,2350500,2,2004-02-07
363,1686565,4,2004-03-23
363,2571029,2,2004-01-28
363,1958604,3,2004-07-27
363,893522,2,2004-10-25
363,2225743,1,2005-02-26
363,2500166,3,2005-12-23
363,867068,4,2004-04-03
363,117065,2,2004-06-02
363,933262,2,2004-02-04
363,1171744,2,2005-08-15
363,377550,3,2004-04-30
363,1170335,3,2005-12-01
363,1280254,3,2005-12-13
363,1321465,5,2004-11-27
363,583539,3,2005-07-18
363,1530018,3,2004-03-16
363,162681,4,2004-02-28
363,1129838,3,2004-09-15
363,1090155,3,2004-02-22
363,2329160,4,2004-04-23
363,2002198,3,2004-09-27
363,1804968,2,2004-12-23
363,79900,2,2005-02-03
363,1490538,4,2005-02-21
363,2506974,2,2004-01-19
363,2520524,3,2004-06-01
363,655638,2,2004-08-16
363,150797,3,2004-05-17
363,1282584,3,2004-06-20
363,2535249,3,2004-06-04
363,1937307,5,2004-04-21
363,1065652,3,2004-06-13
363,1194911,3,2005-06-03
363,1567048,1,2005-12-07
363,2116230,2,2004-03-26
363,2157469,3,2004-02-28
363,2446506,3,2004-01-22
363,1885132,4,2004-05-10
363,1783723,3,2004-01-21
363,1625247,5,2004-05-19
363,1523399,1,2004-04-07
363,2191005,2,2004-07-02
363,2441759,4,2005-01-01
363,958279,1,2005-07-15
363,1634599,4,2004-03-08
363,1032402,4,2004-07-20
363,178623,3,2004-02-25
363,679222,5,2005-08-11
363,1255867,4,2004-06-24
363,1719276,2,2004-06-30
363,2004864,2,2005-11-10
363,120720,3,2004-08-11
363,1765019,4,2004-02-19
363,703307,3,2004-03-01
363,781828,2,2004-05-16
363,320856,1,2004-08-23
363,2054215,2,2004-09-23
363,1731527,3,2004-11-03
363,2063009,2,2004-03-03
363,2365141,3,2004-04-09
363,670416,3,2004-05-17
363,1128645,4,2004-03-23
363,1762521,1,2004-08-13
363,1202193,2,2004-02-09
363,1070582,2,2004-09-05
363,1192523,4,2004-02-11
363,1502525,4,2004-02-12
363,1194766,3,2004-04-13
363,1021242,3,2004-04-05
363,895384,2,2004-07-05
363,2291292,2,2005-01-21
363,2561161,1,2004-06-04
363,1445127,2,2004-01-29
363,2556571,3,2004-04-19
363,2256471,3,2004-06-15
363,2585918,4,2004-04-10
363,491130,3,2004-04-12
363,8200,2,2005-03-15
363,375606,3,2005-04-11
363,583169,3,2004-05-30
363,964241,3,2004-03-16
363,1587304,2,2004-03-04
363,2003497,1,2004-02-23
363,142521,4,2004-05-17
363,2215060,1,2004-08-30
363,759902,4,2004-02-29
363,168892,3,2005-08-05
363,2501510,4,2004-08-23
363,1180991,3,2004-07-08
363,1277101,3,2004-09-17
363,380169,5,2004-11-13
363,1996154,3,2004-03-09
363,986794,3,2004-04-19
363,1895746,2,2004-06-22
363,431326,3,2004-04-22
363,117228,3,2004-03-11
363,2328064,2,2004-02-11
363,1355241,1,2004-08-11
363,2176304,4,2004-01-14
363,1692256,4,2004-02-21
363,2204470,3,2004-09-14
363,270063,1,2004-12-12
363,2118838,2,2005-01-06
363,762165,2,2005-11-05
363,1493247,4,2004-01-15
363,2366453,3,2004-03-24
363,542323,4,2004-02-21
363,1634520,2,2004-03-02
363,704117,3,2004-03-04
363,2513067,3,2004-01-15
363,1371488,3,2004-06-01
363,2395124,3,2004-04-27
363,1119020,4,2004-05-23
363,1722922,1,2004-03-24
363,308752,3,2004-07-25
363,1178938,2,2004-08-27
363,1700006,3,2005-05-16
363,2096373,3,2004-03-17
363,750327,2,2004-03-28
363,316972,3,2004-03-25
363,1938646,4,2005-07-25
363,1879128,1,2004-03-17
363,465836,3,2004-04-06
363,1401803,5,2004-01-24
363,726025,3,2005-08-26
363,1025308,4,2004-06-02
363,1945693,3,2004-07-29
363,1860673,4,2005-03-03
363,203366,2,2005-03-14
363,212867,3,2005-04-03
363,1432290,3,2004-06-14
363,1713221,4,2004-02-16
363,535468,3,2004-06-14
363,2618083,2,2004-05-18
363,876370,3,2004-02-26
363,351882,2,2004-02-09
363,916391,3,2004-10-13
363,1308048,3,2005-10-10
363,2441434,3,2004-01-14
363,1688372,4,2004-01-23
363,732147,3,2004-04-30
363,2519397,3,2004-08-10
363,1883946,3,2004-02-21
363,2286741,4,2004-09-30
363,1169850,2,2004-02-15
363,1317026,3,2004-09-04
363,796191,2,2004-03-29
363,630156,3,2004-05-24
363,1169441,3,2004-01-19
363,1397583,1,2004-03-25
363,2170255,4,2004-08-10
363,1147627,2,2004-09-23
363,167375,3,2004-10-27
363,2602564,4,2005-10-27
363,1018928,4,2005-07-19
363,2574187,3,2004-03-16
363,237408,2,2005-08-07
363,2502329,3,2004-06-10
363,1688968,4,2004-09-10
363,878073,3,2004-04-28
363,1066481,4,2004-09-15
363,56590,3,2004-09-23
363,1657921,2,2004-02-21
363,1401599,5,2004-04-19
363,1068275,3,2004-04-23
363,1434786,3,2004-06-02
363,112800,4,2004-04-23
363,2346235,3,2004-03-23
363,1151483,3,2004-08-25
363,673625,1,2004-10-21
363,640588,3,2005-01-20
363,1134808,3,2004-04-02
363,2081345,2,2004-03-28
363,2023215,2,2004-05-20
363,665762,4,2004-04-27
363,1570580,1,2004-06-07
363,578869,3,2004-01-14
363,1279821,4,2004-04-19
363,834682,3,2004-02-11
363,2051257,3,2004-09-14
363,715516,4,2004-03-12
363,1431604,4,2004-05-06
363,2649020,1,2004-08-13
363,2357164,1,2004-09-21
363,2261800,2,2004-09-25
363,1994208,3,2004-10-02
363,1558712,3,2005-02-10
363,1517141,4,2005-03-22
363,2232041,3,2005-09-20
363,279265,3,2004-07-02
363,2089379,3,2004-06-14
363,458823,4,2004-05-01
363,827459,4,2005-10-08
363,548581,3,2004-08-15
363,305344,1,2004-03-24
363,1829748,1,2005-08-12
363,530118,4,2004-07-01
363,2089112,3,2004-03-10
363,1821436,4,2004-04-20
363,1556168,3,2004-02-18
363,340630,4,2004-07-19
363,84208,5,2004-10-10
363,1374758,4,2005-12-07
363,1919298,2,2004-04-17
363,44434,1,2004-01-18
363,443308,3,2004-03-28
363,1568516,2,2004-04-28
363,56514,2,2004-04-27
363,2198443,2,2004-11-01
363,2232127,3,2005-03-25
363,1673880,3,2004-08-14
363,423585,3,2004-04-12
363,1480607,4,2004-08-11
363,1824021,4,2004-07-31
363,129250,1,2004-07-01
363,2318780,3,2004-12-02
363,1403217,2,2004-08-07
363,2033070,3,2004-08-17
363,67468,3,2004-02-19
363,1193423,2,2005-07-29
363,12684,4,2004-08-26
363,1154579,3,2004-09-03
363,862092,4,2004-06-11
363,1397711,3,2004-08-24
363,100126,3,2004-11-30
363,2061838,2,2004-12-13
363,1523658,3,2004-01-19
363,2429206,4,2004-01-21
363,1920055,3,2004-03-20
363,2042868,1,2004-09-03
363,288382,3,2005-03-22
363,1724026,2,2004-08-02
363,1827071,3,2004-01-13
363,916669,3,2005-09-07
363,2434028,3,2004-02-16
363,949850,4,2004-06-01
363,586385,4,2004-03-12
363,1406988,4,2004-07-08
363,160659,2,2004-11-27
363,1914374,5,2004-12-17
363,2152805,3,2005-03-16
363,280167,3,2005-05-24
363,1156011,3,2005-02-20
363,2277528,3,2004-06-29
363,1048152,3,2004-01-30
363,232877,3,2004-04-06
363,1517396,4,2004-06-23
363,1438606,2,2004-02-02
363,2328922,4,2004-08-19
363,2450942,3,2005-11-15
363,1988735,2,2004-09-12
363,1430314,4,2004-04-13
363,138835,1,2004-07-06
363,108317,1,2004-04-23
363,1221337,5,2004-04-05
363,1585165,3,2004-03-03
363,2220194,3,2004-03-23
363,1336554,2,2004-09-29
363,1254920,3,2005-12-02
363,453831,3,2004-03-30
363,2241136,4,2004-08-10
363,1724972,2,2004-02-25
363,1509682,1,2004-05-11
363,1321199,1,2004-03-21
363,2150746,2,2004-07-27
363,246681,3,2004-03-02
363,556191,4,2004-10-13
363,160961,3,2004-10-18
363,458790,3,2005-02-21
363,288420,4,2004-06-19
363,3502,1,2004-03-29
363,1636903,3,2004-09-02
363,6130,4,2004-05-20
363,1268681,3,2004-04-12
363,1742222,3,2004-04-05
363,1886911,3,2004-10-18
363,1980603,3,2005-02-04
363,459219,3,2005-06-20
363,2584676,5,2004-09-07
363,34845,4,2004-04-21
363,2228502,2,2004-07-13
363,1067920,3,2004-03-26
363,1917486,4,2004-02-29
363,1342227,3,2004-02-25
363,2614713,3,2004-05-20
363,1324585,1,2004-04-08
363,472880,3,2004-03-18
363,498087,4,2004-04-20
363,2159284,1,2004-05-11
363,91079,2,2004-08-31
363,568104,3,2004-09-28
363,1379662,3,2005-06-21
363,593252,1,2004-02-05
363,778627,2,2004-06-22
363,1129284,3,2004-07-04
363,341806,2,2004-06-04
363,1385228,3,2004-08-08
363,1669692,3,2004-02-16
363,271355,2,2004-07-25
363,902413,4,2004-06-07
363,2612518,5,2004-02-13
363,1239467,3,2004-05-31
363,663708,5,2004-06-12
363,626493,4,2004-06-17
363,372095,2,2005-02-07
363,190507,4,2005-04-06
363,1452669,3,2005-05-04
363,1145255,3,2005-05-31
363,2304247,2,2004-01-18
363,1298406,2,2004-04-13
363,1295832,3,2004-04-14
363,1583673,3,2004-02-05
363,995426,2,2004-07-30
363,2024188,3,2004-05-03
363,2379329,3,2004-10-14
363,1664134,3,2005-02-27
363,1386737,3,2005-09-19
363,152063,3,2005-10-17
363,744985,5,2004-05-07
363,1637513,3,2004-02-23
363,1289745,4,2004-02-17
363,21302,1,2004-05-19
363,2191815,3,2004-12-13
363,2449144,5,2005-04-25
363,402389,3,2005-10-09
363,517559,1,2005-11-08
363,1616215,2,2004-02-11
363,2016596,2,2004-01-30
363,589682,4,2004-04-09
363,258705,3,2004-03-12
363,1065127,3,2004-06-18
363,2562835,3,2004-11-16
363,1085049,3,2004-11-29
363,1372257,4,2005-01-03
363,370222,4,2004-06-16
363,2087801,2,2004-07-20
363,213668,4,2004-07-30
363,1997653,2,2004-03-09
363,1852534,1,2004-01-21
363,1238991,4,2004-03-28
363,1145003,3,2004-03-25
363,2304943,2,2004-08-23
363,1214543,5,2004-02-12
363,2210257,1,2004-06-08
363,2482554,2,2004-09-27
363,2035541,3,2005-01-07
363,1870288,3,2004-03-03
363,1630184,4,2004-06-14
363,905404,2,2004-04-13
363,1325631,3,2004-01-23
363,2434527,3,2005-09-03
363,853929,1,2004-03-02
363,1494196,5,2004-10-30
363,1442867,4,2005-03-06
363,563632,2,2005-05-14
363,1801221,2,2005-09-23
363,422324,3,2004-04-19
363,753480,4,2005-07-28
363,1705878,2,2004-01-19
363,1194937,1,2004-04-21
363,1423982,3,2004-02-11
363,1371462,3,2004-11-18
363,2466899,3,2004-02-28
363,1398076,4,2004-05-19
363,1755852,1,2004-02-09
363,375241,3,2004-05-20
363,1927278,3,2004-01-19
363,429303,2,2004-05-17
363,1920565,3,2004-05-05
363,1944175,4,2004-02-18
363,1738896,3,2005-01-19
363,648906,3,2005-05-22
363,2489727,3,2005-10-26
363,170178,3,2004-04-26
363,141034,3,2005-08-04
363,982070,4,2004-07-08
363,1874590,3,2004-01-30
363,2220646,3,2004-04-09
363,2289015,2,2004-06-23
363,53075,3,2004-02-15
363,767877,2,2004-05-06
363,2548965,3,2004-10-03
363,476669,3,2004-11-10
363,1855794,5,2005-03-09
363,64220,2,2004-07-12
363,2481827,3,2004-08-06
363,2056022,2,2004-01-16
363,2603093,3,2004-08-03
363,2441094,4,2005-08-18
363,2482394,3,2004-04-12
363,1569593,2,2004-12-14
363,4597,2,2005-01-27
363,2330531,5,2005-04-04
363,1866105,3,2005-06-09
363,71530,2,2004-09-10
363,2481386,2,2004-01-19
363,473748,3,2004-08-23
363,1227096,3,2004-09-05
363,494779,2,2004-03-27
363,176893,3,2004-07-31
363,1045211,3,2004-03-22
363,710463,3,2004-07-13
363,1328294,4,2004-06-11
363,1337026,3,2004-06-16
363,478261,4,2005-06-14
363,1553024,4,2004-01-15
363,1002780,4,2004-08-30
363,1827263,4,2004-03-09
363,1679400,4,2004-02-25
363,92483,1,2004-06-18
363,1732365,4,2005-11-19
363,578191,3,2004-07-26
363,471176,4,2004-01-20
363,1728285,2,2004-03-16
363,282867,3,2004-03-02
363,523517,3,2004-03-25
363,1033855,3,2004-06-23
363,2491840,1,2004-04-07
363,2618484,4,2004-02-16
363,2048970,3,2004-01-25
363,2592393,4,2004-08-01
363,1905177,3,2004-01-21
363,744220,3,2004-04-12
363,2614051,4,2004-04-01
363,378791,4,2004-07-07
363,2174838,4,2004-06-02
363,1938988,3,2004-06-30
363,1429222,2,2004-10-15
363,1057021,4,2004-12-27
363,2593478,5,2005-01-28
363,2176465,3,2005-02-22
363,758383,4,2005-03-04
363,1727375,2,2004-04-28
363,150038,4,2004-03-22
363,100430,1,2004-05-18
363,998388,3,2004-05-13
363,1779019,3,2004-03-05
363,765277,4,2004-07-26
363,1446845,3,2004-05-17
363,562689,5,2004-05-29
363,1045232,4,2004-12-28
363,676062,3,2005-09-12
363,1578622,3,2004-07-21
363,262059,4,2004-03-17
363,1680926,1,2004-03-16
363,806450,2,2004-09-15
363,2445581,4,2004-10-05
363,992694,2,2004-04-12
363,1231594,3,2004-04-03
363,538178,1,2004-01-25
363,1309584,5,2005-01-28
363,69528,4,2004-06-04
363,560447,3,2004-10-11
363,2502499,4,2004-10-14
363,2135692,1,2005-11-22
363,2097548,3,2005-12-03
363,1123549,2,2004-01-22
363,1495380,2,2004-01-15
363,1914066,3,2004-09-07
363,343094,3,2004-04-20
363,489530,3,2004-11-08
363,2481859,3,2005-01-20
363,1021406,2,2005-03-02
363,1969736,4,2005-07-13
363,1621615,4,2004-08-09
363,1140560,3,2004-02-06
363,627156,3,2004-02-03
363,1391556,2,2004-03-28
363,2635599,5,2004-07-16
363,2499642,3,2004-04-05
363,1597273,3,2004-03-21
363,1163135,1,2004-08-04
363,1516935,4,2004-09-07
363,2594373,4,2005-02-26
363,914123,4,2005-04-06
363,574988,3,2005-10-18
363,2118461,4,2005-10-22
363,798262,4,2005-07-09
363,2201940,3,2004-08-24
363,2386868,3,2004-01-19
363,523779,3,2004-01-19
363,2050772,4,2004-07-04
363,791025,3,2004-06-27
363,1628484,4,2005-08-11
363,2334969,2,2004-03-15
363,1406452,4,2005-09-06
363,1842592,2,2004-04-26
363,124806,3,2004-05-03
363,2458372,3,2004-05-02
363,448730,3,2005-03-14
363,421901,1,2004-03-10
363,437081,3,2004-05-03
363,1208059,3,2004-07-03
363,1239634,3,2005-09-09
363,1323507,1,2005-09-30
363,387418,2,2004-02-13
363,2470338,2,2004-04-19
363,413922,3,2004-06-16
363,1768212,3,2004-08-19
363,1823920,3,2004-12-20
363,905115,4,2005-07-19
363,103916,2,2004-01-29
363,815014,2,2004-01-22
363,2606029,2,2004-06-23
363,842930,4,2004-04-08
363,807836,5,2004-09-30
363,1217518,1,2004-11-29
363,608204,3,2005-09-29
363,2185049,2,2004-06-21
363,1928315,3,2004-03-17
363,2573370,3,2004-09-29
363,289992,1,2004-10-06
363,1114324,3,2005-02-13
363,1390436,3,2005-12-29
363,401148,3,2004-02-15
363,1589698,1,2004-05-27
363,1695884,3,2004-01-28
363,1739013,4,2004-07-01
363,470406,4,2004-08-11
363,2072389,5,2004-09-17
363,594729,4,2004-11-03
363,752668,3,2004-12-30
363,644837,2,2005-03-19
363,2373901,2,2005-04-25
363,1903703,3,2004-07-12
363,68408,3,2004-02-10
363,1860661,3,2004-03-06
363,1996102,5,2004-01-27
363,90729,3,2004-01-15
363,940967,4,2004-01-13
363,1247586,4,2004-06-04
363,1175494,3,2004-06-02
363,1880804,3,2004-06-29
363,2049822,3,2004-10-08
363,893014,3,2005-06-18
363,857778,3,2005-12-05
363,2135410,4,2004-01-22
363,2591832,3,2004-02-04
363,1732425,5,2004-05-05
363,2610420,3,2004-02-08
363,380232,4,2004-03-08
363,2182121,3,2004-02-20
363,2326311,2,2004-09-15
363,1722557,3,2004-05-21
363,359255,3,2004-07-12
363,1932594,3,2004-06-01
363,1830599,3,2004-07-08
363,2400356,4,2004-05-11
363,259454,4,2004-07-20
363,794999,5,2004-05-29
363,584733,3,2004-10-08
363,2525101,4,2004-11-28
363,2407926,3,2005-01-03
363,249676,4,2005-09-25
363,1324830,4,2004-04-13
363,1785031,1,2005-08-23
363,1762695,4,2004-07-21
363,2058158,3,2004-03-12
363,303694,4,2004-06-03
363,1061195,3,2004-03-02
363,654410,3,2004-02-18
363,506563,3,2004-10-23
363,1763832,3,2004-05-18
363,1742593,3,2004-02-10
363,704947,3,2004-04-04
363,1907018,4,2004-06-13
363,2540506,4,2004-09-17
363,2447465,4,2004-10-31
363,2572690,4,2004-06-26
363,2291202,4,2004-01-20
363,769870,3,2004-01-22
363,1031328,2,2004-03-27
363,172069,4,2004-04-13
363,2147262,2,2004-07-19
363,547277,1,2004-10-05
363,1793717,3,2004-01-21
363,1910590,4,2004-04-16
363,2378885,3,2004-03-28
363,1049041,2,2004-08-06
363,2312938,4,2004-06-19
363,2328701,5,2004-09-19
363,943445,4,2005-01-29
363,1453928,2,2005-12-02
363,1249735,2,2004-03-01
363,575714,3,2004-06-21
363,691588,2,2004-05-20
363,2069442,2,2004-03-07
363,465514,3,2004-02-23
363,1867238,1,2004-03-27
363,874732,5,2004-02-16
363,199673,4,2004-09-13
363,625012,3,2004-09-10
363,673841,4,2004-07-21
363,2294724,3,2004-10-08
363,1919377,4,2004-11-29
363,1444533,3,2004-12-07
363,370831,3,2005-06-15
363,118431,3,2005-09-27
363,168630,3,2004-04-13
363,605082,3,2004-08-09
363,2546260,3,2005-07-19
363,1427314,2,2004-08-24
363,1453522,3,2004-04-28
363,824753,2,2004-04-14
363,2024102,4,2004-07-06
363,1479456,4,2004-10-28
363,1058895,4,2005-09-30
363,1037245,3,2005-12-27
363,523724,3,2005-08-30
363,788936,4,2004-08-27
363,2334000,5,2004-02-05
363,1328011,4,2004-07-06
363,1769779,2,2004-09-21
363,863163,4,2004-04-05
363,893701,1,2004-02-13
363,836806,3,2004-03-19
363,1824444,3,2004-05-03
363,868641,3,2004-06-05
363,1709022,3,2005-10-26
363,170248,1,2004-02-01
363,370012,4,2004-01-15
363,1605430,3,2004-01-22
363,521850,2,2004-03-31
363,1511305,4,2004-05-12
363,2584839,3,2004-03-16
363,1303581,1,2004-04-30
363,1352747,2,2004-04-27
363,1199342,5,2004-04-20
363,2095858,4,2004-07-17
363,1979843,3,2004-12-02
363,993962,3,2005-01-05
363,2224734,3,2005-05-14
363,2102180,4,2004-03-17
363,1516036,3,2004-08-11
363,2550224,1,2004-06-22
363,423367,1,2004-02-09
363,2041865,2,2004-03-23
363,1196290,1,2004-05-17
363,1096722,2,2004-06-24
363,1149160,2,2004-09-27
363,371701,2,2005-03-31
363,781021,4,2004-05-18
363,1583566,2,2004-01-15
363,1598931,3,2004-08-20
363,756826,2,2004-06-23
363,2376835,3,2005-01-19
363,1926837,4,2004-03-19
363,1033930,3,2004-03-24
363,2568558,4,2004-08-07
363,1591210,3,2004-12-26
363,2509084,3,2005-11-09
363,253061,2,2005-11-18
363,39375,4,2004-08-24
363,2110645,4,2004-04-30
363,310009,2,2004-01-26
363,740397,2,2004-05-17
363,2604292,3,2004-03-01
363,1351898,3,2004-06-28
363,2562864,3,2004-01-15
363,594163,4,2004-03-13
363,2087093,1,2004-03-30
363,475734,3,2004-05-20
363,180814,2,2004-08-15
363,1155842,2,2004-06-14
363,376153,4,2004-10-31
363,1002509,4,2005-12-22
363,1935050,3,2004-02-16
363,1489900,3,2005-07-18
363,361702,4,2005-07-21
363,1266775,2,2004-03-23
363,733987,3,2004-01-22
363,1182000,5,2004-05-18
363,2344231,1,2004-08-27
363,2241291,3,2004-11-19
363,1014098,4,2005-04-29
363,2630854,2,2004-01-19
363,1890044,1,2004-07-13
363,88568,3,2004-03-22
363,1993420,4,2004-02-09
363,1112483,3,2004-04-24
363,5399,5,2004-04-15
363,326545,3,2005-02-11
363,1703127,1,2004-08-02
363,152090,3,2004-01-21
363,2581159,2,2004-08-20
363,363868,4,2004-07-17
363,1288244,3,2004-03-27
363,824465,2,2004-01-29
363,2472797,5,2004-08-26
363,28346,2,2004-05-17
363,1852040,2,2004-05-13
363,578632,4,2004-08-20
363,861227,3,2005-10-08
363,1735909,3,2004-02-06
363,591471,2,2005-02-19
363,853287,3,2004-08-07
363,1334128,5,2004-04-24
363,1369304,2,2004-01-30
363,2496250,4,2004-05-22
363,2357012,5,2004-04-12
363,1664726,2,2005-01-19
363,1987400,2,2005-02-03
363,257710,3,2004-01-30
363,1086900,2,2004-05-11
363,89015,3,2004-02-09
363,759360,4,2004-03-03
363,2414865,2,2004-06-10
363,807994,2,2004-03-04
363,2031018,4,2005-02-09
363,1388885,3,2005-05-30
363,1437043,3,2005-06-23
363,1707427,4,2004-04-18
363,2005487,3,2005-08-08
363,1290145,4,2004-02-16
363,231586,2,2004-04-21
363,1419621,4,2004-06-05
363,383132,4,2004-05-03
363,1785520,3,2004-03-22
363,1659679,2,2004-06-28
363,2214885,4,2004-03-24
363,1109629,2,2004-03-23
363,810280,3,2004-06-15
363,81683,3,2004-06-23
363,1821778,5,2004-08-30
363,1157360,4,2004-05-08
363,1297338,3,2004-04-18
363,281938,3,2004-08-13
363,1639944,5,2004-07-08
363,1622165,2,2004-07-30
363,1760813,3,2005-01-29
363,362038,4,2005-02-25
363,924155,4,2005-09-19
363,2365226,4,2005-07-14
363,428688,3,2004-02-17
363,1556093,4,2004-03-30
363,1037090,1,2004-03-29
363,124078,1,2004-09-09
363,1979830,4,2004-07-22
363,1462255,4,2004-09-23
363,1114007,2,2004-09-29
363,669581,3,2004-12-27
363,1078333,3,2005-02-24
363,792855,4,2005-06-25
363,2533753,2,2004-02-26
363,2076631,3,2004-03-05
363,2594857,2,2004-06-01
363,1183527,4,2004-05-20
363,1115964,4,2004-03-11
363,731125,4,2004-01-21
363,611573,2,2004-08-15
363,1076372,3,2004-11-04
363,1122364,3,2004-01-25
363,1234139,3,2004-08-02
363,146239,3,2004-06-17
363,1302417,4,2004-02-16
363,2431231,3,2004-03-01
363,1401506,3,2004-04-05
363,121369,3,2004-08-10
363,1367834,4,2004-04-09
363,2096807,3,2004-07-22
363,1933447,3,2005-05-12
363,2172649,3,2004-07-06
363,464774,3,2004-01-13
363,383080,4,2004-07-07
363,752038,3,2004-04-20
363,1274035,2,2004-08-12
363,985703,4,2004-04-01
363,1548623,1,2004-06-15
363,491201,3,2005-04-29
363,235092,4,2004-05-21
363,2511466,1,2004-04-12
363,930095,3,2004-08-24
363,1458854,3,2004-05-24
363,707528,1,2004-10-05
363,795105,2,2004-04-06
363,728499,3,2004-12-05
363,600160,3,2004-06-24
363,774251,3,2004-07-02
363,2345216,2,2004-02-18
363,503439,2,2004-02-05
363,266474,3,2004-08-04
363,318116,4,2005-11-28
