11757,764281,3,2005-05-22
11757,2476197,2,2003-08-26
11757,1684328,3,2004-04-06
11757,1808930,1,2005-07-26
11757,2048686,1,2004-02-27
11757,290215,1,2002-10-16
11757,2544413,3,2004-06-07
11757,466519,5,2001-01-07
11757,2566515,1,2003-01-08
11757,2555595,4,2005-05-15
11757,1959591,3,2003-06-16
11757,2079367,3,2001-10-30
11757,1460659,2,2005-09-05
11757,1389883,1,2005-06-21
11757,346583,2,2005-06-13
11757,556780,2,2000-09-09
11757,1422673,3,2005-09-21
11757,1621374,1,2002-09-06
11757,727242,1,2005-08-17
11757,2431842,1,2002-12-31
11757,2458835,2,2005-02-08
11757,1272379,1,2002-01-10
11757,1750544,4,2002-10-18
11757,1509980,1,2005-01-25
11757,126230,2,2005-04-14
11757,767193,2,2005-11-20
11757,2490130,2,2002-12-16
11757,230485,4,2003-10-01
11757,2439493,1,2003-06-23
11757,1801528,1,2005-10-29
11757,1826939,3,2005-10-04
11757,57186,2,2002-12-05
11757,492714,2,2002-08-20
11757,2403216,2,2002-01-07
11757,1843816,3,2003-12-02
11757,1329779,5,2005-12-12
11757,2055615,3,2005-06-04
11757,719335,5,2005-03-25
11757,1597736,1,2002-05-28
11757,2198070,3,2005-08-01
11757,612111,1,2003-03-12
11757,2141727,4,2005-07-13
11757,2574932,3,2003-09-16
11757,697116,4,2005-04-06
11757,1740522,4,2005-03-04
11757,847313,3,2003-01-25
11757,1094761,5,2005-03-15
11757,992512,3,2005-03-03
11757,464919,4,2005-05-31
11757,2252502,5,2004-11-14
11757,1671330,2,2005-01-30
11757,1268903,1,2004-03-11
11757,562156,1,2002-09-15
11757,1390001,3,2003-04-22
11757,507603,1,2005-09-09
11757,1290908,3,2004-04-13
11757,713081,3,2004-09-14
11757,1817906,3,2003-05-03
11757,580231,3,2002-01-26
11757,2083367,4,2002-11-13
11757,2511392,2,2002-10-18
11757,274191,2,2004-04-30
11757,2101288,2,2004-04-11
11757,425179,1,2005-08-13
11757,1664010,3,2005-10-12
11757,22432,3,2000-01-14
11757,1438719,3,2003-11-25
11757,2535238,1,2004-05-15
11757,962631,3,2004-04-13
11757,1677588,1,2002-01-29
11757,347276,3,2002-06-19
11757,243612,2,2002-09-11
11757,71594,1,2001-03-17
11757,1574825,2,2005-08-22
11757,971361,2,2004-06-24
11757,677888,2,2004-08-20
11757,531125,1,2005-09-09
11757,341933,2,2005-07-08
11757,2238629,2,2003-02-17
11757,2017040,5,2003-12-30
11757,1865249,1,2004-06-12
11757,2606799,2,2005-05-16
11757,17707,1,2005-08-26
11757,798296,1,2002-10-19
11757,450500,3,2004-06-04
11757,1071644,5,2004-07-25
11757,2201882,2,2002-02-08
11757,385553,4,2004-09-15
11757,387916,2,2003-08-18
11757,508927,3,2004-12-30
11757,2263064,1,2002-10-20
11757,305344,2,2003-02-18
11757,455855,1,2005-04-06
11757,772859,3,2004-11-01
11757,1538355,3,2004-07-10
11757,1466382,3,2004-09-27
11757,336672,5,2004-07-31
11757,620741,2,2003-04-27
11757,24995,3,2005-02-03
11757,42072,3,2000-03-23
11757,2360300,3,2004-05-21
11757,408193,3,2005-11-08
11757,752642,1,2001-06-01
11757,555528,3,2002-02-02
11757,1440562,4,2005-10-10
11757,231013,4,2005-06-13
11757,17864,2,2003-11-08
11757,702639,3,2002-03-27
11757,504051,2,2002-10-13
11757,751458,2,2003-09-29
11757,1722054,5,2003-08-26
11757,1394420,1,2004-07-27
11757,508335,1,2003-02-27
11757,837133,2,2005-05-04
11757,2305164,2,2005-03-17
11757,813594,2,2003-05-24
11757,84387,1,2005-03-07
11757,1929673,3,2005-03-29
11757,2118461,3,2005-12-18
11757,374238,1,2002-08-27
11757,387418,3,2003-08-21
11757,2152775,1,2002-09-02
11757,2019983,3,2005-10-22
11757,698036,3,2004-12-25
11757,2487127,1,2004-03-29
11757,1486911,3,2004-09-29
11757,1061195,2,2003-12-30
11757,1663888,3,2004-01-18
11757,1461435,1,2002-01-27
11757,305717,4,2005-04-12
11757,214158,3,2004-02-10
11757,2069442,2,2004-04-13
11757,1241958,2,2001-04-05
11757,1639792,1,2002-04-05
11757,2578968,1,2003-06-13
11757,2570998,2,2005-04-27
11757,642551,1,2002-12-04
11757,2143500,1,2005-01-28
11757,1545694,2,2005-08-09
11757,1995580,3,2004-09-16
11757,2026480,4,2003-07-08
11757,721741,2,2005-11-22
11757,1157962,3,2003-08-28
11757,1400085,2,2005-04-03
11757,452299,2,2004-07-03
