16292,2431286,5,2005-07-10
16292,29545,3,2005-07-15
16292,2119485,5,2005-07-17
16292,2628220,4,2005-08-21
16292,2472268,5,2005-09-05
16292,532579,5,2005-02-09
16292,519545,3,2005-02-28
16292,1936617,3,2005-05-04
16292,754082,5,2005-06-03
16292,1068777,4,2005-06-18
16292,1697479,3,2005-06-26
16292,1228922,5,2005-09-20
16292,1189990,5,2005-10-04
16292,1377035,3,2005-11-21
16292,1589663,1,2005-12-05
16292,1780909,3,2005-12-12
16292,2267099,3,2005-12-24
16292,847027,5,2005-07-05
16292,2325737,5,2005-07-07
16292,1120091,4,2005-07-08
16292,1550446,4,2005-07-09
16292,2090131,1,2005-08-25
16292,382651,5,2005-02-09
16292,1808924,4,2005-02-14
16292,1755092,4,2005-04-02
16292,914508,3,2005-06-13
16292,2434606,4,2005-06-15
16292,441324,3,2005-09-27
16292,2609870,1,2005-11-01
16292,1369121,5,2005-11-12
16292,1971852,5,2005-11-25
16292,1495491,5,2005-12-02
16292,1666394,5,2005-12-07
16292,482391,1,2005-07-14
16292,2542255,4,2005-07-28
16292,2405337,5,2005-08-21
16292,1274049,4,2005-08-25
16292,2487269,2,2005-09-03
16292,655366,5,2005-01-03
16292,2343417,5,2005-01-05
16292,1519729,5,2005-01-25
16292,2625420,2,2005-03-17
16292,973736,4,2005-05-08
16292,1539341,3,2005-05-18
16292,2339348,4,2005-05-25
16292,623957,3,2005-05-27
16292,2179335,3,2005-06-02
16292,255357,4,2005-06-09
16292,2231930,4,2005-09-23
16292,1077444,4,2005-10-02
16292,1436407,4,2005-10-04
16292,2183249,2,2005-11-03
16292,12876,5,2005-11-28
16292,307505,5,2005-08-14
16292,2403601,3,2005-08-15
16292,2078502,1,2005-08-16
16292,240319,4,2005-09-05
16292,411537,5,2005-02-09
16292,2294108,5,2005-03-04
16292,2199258,3,2005-03-11
16292,948591,4,2005-03-14
16292,1959707,3,2005-04-06
16292,119287,4,2005-04-08
16292,496341,4,2005-06-10
16292,2260788,2,2005-06-14
16292,1928412,3,2005-06-17
16292,2598622,4,2005-06-25
16292,2605535,4,2005-06-27
16292,288354,5,2005-07-04
16292,1471991,1,2005-09-10
16292,1977925,4,2005-09-21
16292,1314384,5,2005-10-05
16292,1310250,4,2005-10-26
16292,938911,5,2005-10-26
16292,2312045,3,2005-10-30
16292,957447,4,2005-11-03
16292,2302327,2,2005-11-05
16292,1309423,1,2005-11-17
16292,190856,5,2005-12-26
16292,2309963,5,2005-12-29
16292,2563204,4,2005-07-11
16292,1387049,3,2005-01-05
16292,2628763,4,2005-01-20
16292,541295,4,2005-02-07
16292,537732,4,2005-02-11
16292,1378970,3,2005-04-30
16292,96081,5,2005-09-19
16292,749532,5,2005-09-22
16292,1284684,3,2005-10-18
16292,309383,5,2005-10-28
16292,575207,4,2005-10-29
16292,1983873,4,2005-11-14
16292,571379,5,2005-07-08
16292,1981741,3,2005-07-18
16292,327179,3,2005-07-19
16292,1576957,5,2005-08-10
16292,1801027,5,2005-01-25
16292,2530840,3,2005-03-13
16292,351900,4,2005-04-09
16292,1998055,5,2005-04-19
16292,1390219,1,2005-04-19
16292,1752638,3,2005-05-04
16292,2509293,4,2005-06-14
16292,2620590,3,2005-07-02
16292,1036110,3,2005-09-11
16292,1217869,4,2005-11-02
16292,268049,3,2005-11-10
16292,275869,5,2005-11-23
16292,787003,5,2005-07-15
16292,1987133,5,2005-07-21
16292,1657951,4,2005-08-28
16292,1647196,3,2005-09-05
16292,2101722,5,2005-02-06
16292,1253465,5,2005-04-14
16292,27870,3,2005-04-26
16292,1260217,5,2005-05-06
16292,542326,3,2005-06-24
16292,2095198,3,2005-07-03
16292,939340,4,2005-09-08
16292,2559702,1,2005-09-10
16292,1045129,4,2005-09-10
16292,2491366,3,2005-09-28
16292,981995,5,2005-10-04
16292,1959835,5,2005-10-13
16292,1896064,5,2005-10-17
16292,694422,4,2005-10-20
16292,1359875,4,2005-11-06
16292,1308167,5,2005-11-14
16292,1771587,5,2005-11-20
16292,1052042,4,2005-11-30
16292,300074,3,2005-07-09
16292,1931966,3,2005-07-13
16292,1274452,5,2005-07-17
16292,140916,3,2005-08-31
16292,1286998,5,2005-09-07
16292,303948,4,2005-02-17
16292,2064033,3,2005-03-09
16292,1224299,4,2005-03-18
16292,2600558,4,2005-03-18
16292,1336135,5,2005-03-23
16292,440789,4,2005-03-28
16292,2384855,4,2005-04-20
16292,1853328,4,2005-06-23
16292,1332250,3,2005-06-26
16292,122431,3,2005-09-22
16292,69183,5,2005-11-04
16292,771805,4,2005-11-04
16292,513501,5,2005-11-15
16292,681050,5,2005-12-04
16292,558634,5,2005-12-17
16292,2382676,4,2005-07-21
16292,491331,5,2005-09-04
16292,112320,5,2005-09-09
16292,289162,5,2005-02-07
16292,2207589,5,2005-02-14
16292,1058639,5,2005-04-01
16292,2358256,4,2005-04-02
16292,1155253,5,2005-06-21
16292,771888,5,2005-06-25
16292,1644222,3,2005-09-13
16292,1516595,3,2005-09-13
16292,1621169,5,2005-09-22
16292,894789,4,2005-09-27
16292,2166035,5,2005-10-08
16292,157677,5,2005-10-16
16292,216963,5,2005-10-31
16292,1563932,5,2005-11-17
16292,1022288,5,2005-12-18
16292,42453,4,2005-12-21
16292,2028581,3,2005-12-30
16292,2491620,3,2005-07-11
16292,2602249,3,2005-02-19
16292,1486643,5,2005-02-08
16292,1339110,4,2005-02-11
16292,86365,4,2005-02-27
16292,1048939,1,2005-04-06
16292,576087,3,2005-05-03
16292,996595,5,2005-05-05
16292,798852,3,2005-05-29
16292,930710,4,2005-06-18
16292,2465894,4,2005-06-26
16292,1198690,4,2005-06-27
16292,1279939,5,2005-07-01
16292,786360,5,2005-09-27
16292,284224,5,2005-10-01
16292,1068174,2,2005-10-11
16292,1318585,3,2005-10-31
16292,1120202,5,2005-11-01
16292,39189,5,2005-11-23
16292,253707,5,2005-11-27
16292,1118884,5,2005-07-07
16292,1220170,3,2005-07-12
16292,1943279,1,2005-07-20
16292,2329942,3,2005-07-28
16292,1551042,3,2005-08-08
16292,1856315,5,2005-08-27
16292,1030669,5,2005-08-30
16292,2121379,5,2005-01-04
16292,2334083,4,2005-01-22
16292,1024352,3,2005-02-12
16292,1697656,5,2005-02-27
16292,1443679,5,2005-06-25
16292,902532,4,2005-06-28
16292,2622950,5,2005-09-04
16292,2280798,1,2005-09-13
16292,1221507,4,2005-09-30
16292,2106758,5,2005-11-07
16292,1660080,5,2005-12-08
16292,1842957,4,2005-12-24
16292,483018,4,2005-08-15
16292,568153,1,2005-08-19
16292,2153290,5,2005-02-10
16292,571538,4,2005-03-09
16292,680897,5,2005-03-10
16292,582662,3,2005-03-13
16292,2331863,4,2005-03-24
16292,831920,4,2005-05-06
16292,641013,4,2005-05-24
16292,1922840,5,2005-06-07
16292,1599875,5,2005-06-19
16292,482328,5,2005-06-28
16292,1857643,5,2005-06-28
16292,2388205,4,2005-07-01
16292,1840356,1,2005-09-15
16292,2364584,4,2005-10-01
16292,304232,5,2005-10-26
16292,219232,3,2005-10-31
16292,1831883,4,2005-11-17
16292,350539,5,2005-11-27
16292,253991,5,2005-12-01
16292,2623903,4,2005-12-15
16292,1365840,5,2005-07-11
16292,2407154,4,2005-07-12
16292,1942723,3,2005-07-15
16292,1135143,4,2005-07-23
16292,1500237,4,2005-08-16
16292,944586,5,2005-09-04
16292,1179117,1,2005-03-02
16292,1765862,3,2005-06-14
16292,124829,2,2005-06-25
16292,1211963,5,2005-07-02
16292,2039201,5,2005-09-13
16292,1631968,5,2005-11-14
16292,2648176,5,2005-11-25
16292,472027,5,2005-07-18
16292,2502180,3,2005-07-19
16292,1388216,4,2005-07-20
16292,2266083,4,2005-02-20
16292,1661415,5,2005-02-19
16292,1370255,3,2005-08-25
16292,2100684,1,2005-09-06
16292,1002367,3,2004-12-02
16292,73103,5,2005-01-06
16292,787206,5,2005-02-08
16292,1668815,5,2005-02-15
16292,1759845,4,2005-02-16
16292,1282017,5,2005-02-21
16292,73664,4,2005-03-21
16292,2080644,4,2005-04-06
16292,1983493,3,2005-04-22
16292,380877,4,2005-05-13
16292,1242044,4,2005-06-30
16292,2286671,3,2005-10-03
16292,898468,5,2005-10-06
16292,1161725,5,2005-10-19
16292,2268861,4,2005-10-28
16292,1320926,5,2005-11-10
16292,941237,4,2005-11-23
16292,1294865,5,2005-07-07
16292,805249,5,2005-07-14
16292,2470453,4,2005-08-01
16292,1943596,4,2005-08-10
16292,2088685,5,2005-08-16
16292,1498913,4,2005-08-26
16292,189230,3,2005-09-06
16292,1494502,3,2005-02-14
16292,299762,5,2005-03-25
16292,2389578,3,2005-04-05
16292,299910,4,2005-04-12
16292,1520166,4,2005-05-05
16292,401047,1,2005-06-01
16292,1959959,4,2005-06-05
16292,1481961,2,2005-06-25
16292,848193,5,2005-07-04
16292,371158,3,2005-09-16
16292,348070,5,2005-10-27
16292,874550,4,2005-11-08
16292,371355,4,2005-11-14
16292,1204886,3,2005-12-06
16292,2391973,5,2005-12-08
16292,1264549,5,2005-08-23
16292,1741099,5,2005-09-02
16292,541870,3,2005-02-15
16292,1509395,4,2005-02-17
16292,1439015,3,2005-04-18
16292,1305872,3,2005-06-23
16292,2535930,4,2005-06-23
16292,2046091,3,2005-06-24
16292,1416836,5,2005-06-26
16292,77469,5,2005-06-29
16292,1123582,4,2005-09-12
16292,165024,5,2005-10-14
16292,443512,5,2005-10-17
16292,1308744,1,2005-10-29
16292,1409,5,2005-11-11
16292,1765185,5,2005-12-28
16292,106599,3,2005-08-10
16292,737709,4,2005-01-31
16292,1269667,5,2005-03-08
16292,1262753,3,2005-03-18
16292,178860,4,2005-03-25
16292,1309838,5,2005-10-23
16292,2145441,4,2005-04-27
16292,1025959,5,2005-06-17
16292,120379,5,2005-06-19
16292,1223911,5,2005-06-29
16292,313962,4,2005-09-22
16292,694806,5,2005-09-25
16292,1363275,2,2005-09-30
16292,751329,2,2005-10-03
16292,722473,4,2005-10-10
16292,1886910,5,2005-10-15
16292,2498751,3,2005-12-12
16292,1701791,3,2005-12-15
16292,354818,5,2005-12-31
16292,1752727,3,2005-07-08
16292,2586495,4,2005-07-14
16292,1526008,5,2005-07-18
16292,2216856,4,2005-07-18
16292,327693,1,2005-08-03
16292,2043555,3,2005-08-22
16292,1631237,4,2005-09-04
16292,1335582,5,2005-09-06
16292,1239410,5,2005-09-08
16292,1363670,5,2005-03-01
16292,2504747,4,2005-03-11
16292,484407,4,2005-04-06
16292,1919770,5,2005-04-15
16292,1898907,4,2005-06-21
16292,1696308,4,2005-06-27
16292,2467382,4,2005-09-13
16292,2467814,5,2005-09-24
16292,1101789,5,2005-09-30
16292,1713632,3,2005-10-01
16292,1240267,3,2005-10-25
16292,1623070,5,2005-11-04
16292,104459,5,2005-11-25
16292,356285,5,2005-07-08
16292,2103029,3,2005-07-19
16292,771113,5,2005-08-15
16292,1658098,4,2005-08-19
16292,72250,5,2005-08-21
16292,2276908,3,2005-08-26
16292,1115285,5,2004-12-30
16292,2307943,2,2005-02-25
16292,787736,4,2005-02-28
16292,148394,4,2005-03-08
16292,216290,5,2005-09-16
16292,1725155,3,2005-10-12
16292,2075173,4,2005-10-15
16292,1237096,3,2005-10-16
16292,32134,2,2005-07-18
16292,1684223,2,2005-08-20
16292,2145934,5,2005-09-05
16292,984584,5,2005-09-09
16292,1552183,4,2004-12-27
16292,1221477,5,2005-02-11
16292,535081,4,2005-02-13
16292,253918,2,2005-02-14
16292,2634805,4,2005-02-22
16292,1001129,2,2005-03-03
16292,2401585,5,2005-03-08
16292,800445,3,2005-04-10
16292,157711,4,2005-04-21
16292,380354,3,2005-04-28
16292,2517390,4,2005-05-31
16292,2052769,5,2005-09-12
16292,2512234,5,2005-09-14
16292,355403,3,2005-09-22
16292,1871485,5,2005-10-02
16292,126421,4,2005-11-10
16292,1822278,4,2005-11-17
16292,2270260,4,2005-12-25
16292,1577665,5,2005-08-10
16292,1011293,2,2005-08-27
16292,1876538,2,2005-09-01
16292,2561713,4,2005-01-20
16292,826184,2,2005-02-06
16292,2609159,4,2005-02-09
16292,2219598,4,2005-02-16
16292,1583564,4,2005-03-01
16292,1381517,5,2005-03-17
16292,584880,5,2005-06-17
16292,2437854,5,2005-09-07
16292,1195746,4,2005-09-12
16292,2066697,3,2005-09-15
16292,2446265,5,2005-10-03
16292,2280721,5,2005-10-07
16292,335226,3,2005-11-03
16292,1680106,4,2005-11-08
16292,113867,2,2005-11-15
16292,2233782,5,2005-11-25
16292,631747,5,2005-11-26
16292,275172,5,2005-11-30
16292,77457,3,2005-12-01
16292,1059036,5,2005-12-06
16292,439670,4,2005-12-17
16292,653567,2,2005-07-05
16292,1939389,2,2005-07-06
16292,2472440,3,2005-08-11
16292,2352009,4,2005-08-28
16292,1525924,5,2005-09-03
16292,1752856,4,2005-02-27
16292,198936,4,2005-07-03
16292,2332660,4,2005-09-09
16292,78433,5,2005-09-23
16292,1985654,5,2005-09-29
16292,2496232,4,2005-10-29
16292,2448916,3,2005-10-30
16292,2322391,1,2005-11-02
16292,1560508,4,2005-11-11
16292,2042003,4,2005-11-17
16292,937784,3,2005-12-18
16292,1009589,5,2005-12-29
16292,2257122,5,2005-07-19
16292,1179782,4,2005-07-21
16292,248151,1,2005-07-24
16292,968242,5,2005-08-18
16292,1462959,5,2005-08-21
16292,322874,4,2005-08-30
16292,2160937,5,2005-02-22
16292,103619,2,2005-02-28
16292,51523,3,2005-02-28
16292,1976090,4,2005-03-02
16292,2289197,3,2005-06-18
16292,1014928,5,2005-07-04
16292,172639,4,2005-09-06
16292,962564,4,2005-09-06
16292,1546862,4,2005-09-23
16292,1419751,5,2005-10-07
16292,920401,4,2005-10-20
16292,2206511,3,2005-10-23
16292,876635,5,2005-11-01
16292,445491,4,2005-11-16
16292,1417806,3,2005-11-18
16292,832021,4,2005-12-16
16292,663654,4,2005-07-20
16292,2347437,4,2005-08-18
16292,451958,4,2005-02-08
16292,2251582,3,2005-02-27
16292,271366,3,2005-03-02
16292,349572,3,2005-03-03
16292,2046079,1,2005-04-03
16292,2481068,4,2005-04-25
16292,597479,4,2005-05-03
16292,1833866,3,2005-06-03
16292,1251388,4,2005-06-09
16292,295718,5,2005-06-25
16292,2622423,2,2005-09-19
16292,2066072,5,2005-09-20
16292,1580859,4,2005-09-23
16292,17240,3,2005-11-14
16292,2426625,4,2005-11-21
16292,1068973,1,2005-07-15
16292,1200930,5,2005-07-27
16292,1495705,5,2005-08-14
16292,1796217,2,2005-08-23
16292,984464,1,2005-08-29
16292,727242,1,2005-02-08
16292,1880965,4,2005-02-24
16292,2298660,2,2005-02-27
16292,1930496,3,2005-04-27
16292,1295417,5,2005-05-10
16292,1961619,4,2005-06-15
16292,421712,5,2005-06-18
16292,2303885,5,2005-09-27
16292,2068022,4,2005-11-09
16292,16891,5,2005-11-09
16292,174615,5,2005-11-11
16292,1096555,1,2005-12-26
16292,658510,3,2005-08-03
16292,1208156,5,2005-01-19
16292,205890,3,2005-02-10
16292,884944,3,2005-02-12
16292,56371,3,2005-04-04
16292,261107,5,2005-04-08
16292,2322383,4,2005-06-24
16292,468126,5,2005-09-21
16292,1974166,5,2005-09-22
16292,1459428,5,2005-10-11
16292,2228496,5,2005-10-18
16292,2505701,3,2005-10-19
16292,1689555,5,2005-10-29
16292,1172062,5,2005-12-03
16292,2413934,1,2005-12-19
16292,1145733,4,2005-07-05
16292,2531893,5,2005-07-10
16292,627975,5,2005-08-24
16292,2174151,5,2005-01-09
16292,903758,2,2005-03-15
16292,891694,3,2005-03-18
16292,1468972,5,2005-05-24
16292,709755,2,2005-10-13
16292,697601,2,2005-10-21
16292,1795120,3,2005-10-26
16292,2479011,4,2005-11-06
16292,899258,3,2005-11-20
16292,704223,3,2005-11-27
16292,1048903,4,2005-12-05
16292,68472,4,2005-07-07
16292,199257,3,2005-07-18
16292,1396046,2,2005-07-18
16292,2359103,3,2005-07-25
16292,1563429,5,2005-09-06
16292,1272379,4,2005-02-09
16292,830370,5,2005-02-17
16292,1997478,5,2005-03-28
16292,1785862,5,2005-05-15
16292,303540,3,2005-06-21
16292,199780,5,2005-06-27
16292,418742,3,2005-10-02
16292,2633691,2,2005-10-17
16292,185695,5,2005-10-20
16292,1426173,5,2005-10-26
16292,2061079,2,2005-11-08
16292,1145956,2,2005-11-09
16292,1051935,2,2005-11-21
16292,1582794,4,2005-12-02
16292,1394815,5,2005-12-30
16292,1316604,5,2005-07-07
16292,394125,5,2005-07-07
16292,2035299,4,2005-08-20
16292,82457,3,2005-08-24
16292,1244978,5,2005-03-07
16292,630029,2,2005-03-24
16292,169311,3,2005-04-04
16292,2097608,4,2005-06-23
16292,2290352,3,2005-09-25
16292,1677244,3,2005-10-06
16292,443619,5,2005-10-11
16292,707329,5,2005-10-14
16292,1991674,3,2005-10-31
16292,1445236,5,2005-11-07
16292,2559808,3,2005-08-23
16292,1525844,5,2004-11-28
16292,1314869,2,2005-02-10
16292,2133061,5,2005-02-17
16292,614465,5,2005-02-22
16292,1176462,4,2005-03-21
16292,2170557,5,2005-04-10
16292,1360042,4,2005-04-20
16292,132562,3,2005-04-28
16292,1792741,3,2005-05-05
16292,2592021,5,2005-06-14
16292,1138678,3,2005-06-24
16292,1671688,5,2005-09-22
16292,280523,5,2005-09-24
16292,1219841,4,2005-10-12
16292,1874777,5,2005-10-22
16292,2100574,5,2005-11-04
16292,1413270,5,2005-11-08
16292,2227804,5,2005-11-27
16292,1362809,4,2005-12-11
16292,1583129,3,2005-12-15
16292,513126,5,2005-07-25
16292,1719610,4,2005-08-19
16292,195504,4,2005-08-24
16292,2397374,4,2005-02-04
16292,2209480,4,2005-02-13
16292,2408589,5,2005-03-02
16292,181229,5,2005-03-10
16292,203498,4,2005-03-12
16292,164845,1,2005-03-17
16292,964730,3,2005-03-22
16292,904075,5,2005-06-01
16292,1036991,3,2005-06-07
16292,2279742,5,2005-06-07
16292,1667347,5,2005-06-17
16292,1792263,5,2005-06-21
16292,2588107,3,2005-06-22
16292,972166,4,2005-06-24
16292,513306,4,2005-09-21
16292,591844,5,2005-10-06
16292,604823,5,2005-10-19
16292,1504597,5,2005-10-28
16292,2339556,3,2005-11-07
16292,1882485,5,2005-11-13
16292,1858247,4,2005-11-15
16292,821412,4,2005-12-11
16292,637533,5,2005-07-09
16292,763058,1,2005-07-19
16292,2092509,4,2005-08-12
16292,1764558,5,2005-08-14
16292,636262,4,2005-08-23
16292,1057513,5,2005-08-31
16292,2580818,4,2005-01-19
16292,217967,5,2005-02-08
16292,1109950,4,2005-02-24
16292,996445,3,2005-03-01
16292,1939815,4,2005-03-14
16292,2643937,4,2005-04-17
16292,2425967,4,2005-04-20
16292,1599245,5,2005-05-20
16292,2175344,5,2005-05-22
16292,574034,4,2005-06-10
16292,418403,3,2005-06-16
16292,1998852,4,2005-07-04
16292,1109896,3,2005-09-16
16292,523720,4,2005-09-22
16292,1560983,4,2005-09-24
16292,2048858,1,2005-09-25
16292,1027400,4,2005-10-14
16292,1146972,3,2005-10-29
16292,2561910,5,2005-11-06
16292,1267586,5,2005-12-20
16292,2066039,5,2005-07-09
16292,1276353,4,2005-08-09
16292,91502,4,2005-09-04
16292,441200,3,2005-09-05
16292,593440,5,2005-09-11
16292,1580127,5,2005-01-19
16292,1046046,3,2005-02-15
16292,1310748,4,2005-02-26
16292,457477,4,2005-03-06
16292,1265312,5,2005-03-10
16292,516343,4,2005-03-12
16292,920932,5,2005-03-24
16292,491293,3,2005-06-01
16292,687445,5,2005-06-20
16292,63298,2,2005-09-25
16292,163650,5,2005-10-03
16292,171944,4,2005-10-11
16292,688753,5,2005-10-29
16292,359063,3,2005-11-02
16292,2283186,3,2005-11-09
16292,780478,2,2005-11-25
16292,1100863,5,2005-12-06
16292,1882719,5,2005-12-24
16292,2050877,5,2005-07-05
16292,2510622,5,2005-07-15
16292,1409665,4,2005-07-16
16292,1301085,5,2005-08-13
16292,532177,5,2005-08-18
16292,2404017,5,2005-08-22
16292,2441229,3,2005-03-06
16292,354316,5,2005-03-18
16292,1606342,2,2005-03-28
16292,2069524,4,2005-04-08
16292,994195,5,2005-06-16
16292,1460210,5,2005-07-02
16292,1938340,4,2005-09-24
16292,2147047,4,2005-10-24
16292,926860,4,2005-11-04
16292,2155180,3,2005-11-16
16292,2416772,5,2005-07-16
16292,294155,4,2005-07-21
16292,666786,5,2005-08-02
16292,2309074,3,2005-08-14
16292,2206070,3,2005-09-06
16292,1819462,4,2005-03-03
16292,2645132,4,2005-03-04
16292,914350,4,2005-06-01
16292,2630337,5,2005-03-10
16292,2325822,4,2005-05-09
16292,1665054,3,2005-05-31
16292,1365370,5,2005-06-23
16292,2616396,4,2005-09-12
16292,265634,1,2005-09-12
16292,2394277,2,2005-09-19
16292,1979259,5,2005-10-20
16292,1129552,3,2005-10-23
16292,827056,3,2005-10-27
16292,616973,3,2005-10-27
16292,1909338,3,2005-10-29
16292,663193,2,2005-11-08
16292,1389360,5,2005-11-12
16292,1856268,4,2005-12-29
16292,1978837,4,2005-07-06
16292,1440587,3,2005-07-14
16292,1849332,3,2005-08-04
16292,1195665,4,2005-08-08
16292,1031938,3,2005-02-19
16292,2505665,5,2005-08-17
16292,2270611,4,2005-08-25
16292,1618915,3,2005-08-28
16292,1979787,3,2004-12-22
16292,2439493,1,2005-02-08
16292,479781,4,2005-02-15
16292,589633,5,2005-02-16
16292,170446,2,2005-04-25
16292,530789,3,2005-07-04
16292,662581,4,2005-07-04
16292,2071416,4,2005-07-05
16292,79799,3,2005-09-15
16292,473699,3,2005-09-15
16292,982397,5,2005-09-19
16292,479924,5,2005-09-27
16292,857880,4,2005-10-05
16292,144556,4,2005-10-11
16292,1822888,1,2005-11-14
16292,1835357,4,2005-07-11
16292,204363,5,2005-07-14
16292,344672,4,2005-07-21
16292,2519310,4,2005-08-10
16292,2461125,2,2005-08-26
16292,14422,4,2005-02-12
16292,1296705,3,2005-03-22
16292,845921,4,2005-03-25
16292,1204833,4,2005-06-09
16292,1298147,4,2005-06-13
16292,2450621,4,2005-09-12
16292,283523,4,2005-09-20
16292,1141511,5,2005-09-27
16292,2436933,5,2005-11-02
16292,2559843,3,2005-11-21
16292,1619818,5,2005-12-08
16292,441816,3,2005-07-05
16292,2005985,5,2005-07-06
16292,407611,5,2005-07-06
16292,846426,4,2005-08-16
16292,1477973,4,2005-01-20
16292,2005212,5,2005-02-13
16292,2427376,4,2005-03-09
16292,2336169,4,2005-05-29
16292,1108724,5,2005-06-21
16292,1591085,3,2005-11-02
16292,619263,5,2005-11-05
16292,1956207,5,2005-11-14
16292,676587,3,2005-11-18
16292,2122854,5,2005-11-30
16292,2534110,3,2005-12-09
16292,2269039,5,2005-08-16
16292,2538677,5,2005-08-26
16292,1130118,3,2005-09-01
16292,839123,5,2005-09-03
16292,2592137,4,2005-01-30
16292,784490,5,2005-02-24
16292,1540655,5,2005-03-02
16292,2396772,1,2005-03-13
16292,283559,3,2005-05-12
16292,1452127,5,2005-06-03
16292,2185614,3,2005-06-05
16292,1376939,5,2005-06-20
16292,667102,3,2005-11-02
16292,2160898,5,2005-11-10
16292,1654030,4,2005-11-28
16292,1154874,4,2005-12-16
16292,1388664,5,2005-07-11
16292,1066990,4,2005-08-14
16292,396870,1,2005-08-27
16292,648308,2,2005-09-05
16292,987148,5,2005-09-07
16292,2115223,5,2005-02-08
16292,1901876,2,2005-02-23
16292,754567,5,2005-03-08
16292,1007577,2,2005-03-12
16292,868723,4,2005-03-13
16292,1833446,5,2005-03-15
16292,241634,4,2005-04-10
16292,1116080,3,2005-06-30
16292,1141718,4,2005-09-17
16292,1799009,3,2005-09-24
16292,2648768,3,2005-10-12
16292,2046408,2,2005-10-16
16292,939433,3,2005-11-05
16292,1807224,3,2005-12-06
16292,1131422,5,2005-07-17
16292,726096,4,2005-08-11
16292,2140355,3,2005-08-15
16292,962512,4,2005-08-19
16292,561882,1,2005-08-30
16292,920139,4,2005-02-15
16292,2150959,4,2005-03-01
16292,280180,4,2005-03-18
16292,2108170,5,2005-03-27
16292,2554126,4,2005-04-25
16292,2385871,4,2005-05-21
16292,1416038,2,2005-06-09
16292,290700,4,2005-06-15
16292,1861156,5,2005-06-25
16292,754953,4,2005-06-29
16292,2630962,2,2005-06-30
16292,2455340,3,2005-07-01
16292,2043732,4,2005-09-29
16292,247797,1,2005-10-11
16292,2083021,3,2005-10-19
16292,1319012,5,2005-12-01
16292,2528951,4,2005-12-17
16292,2318876,4,2005-12-26
16292,2010224,2,2005-07-07
16292,887893,4,2005-07-14
16292,1608651,1,2005-07-17
16292,269353,3,2005-08-18
16292,2193134,4,2005-09-05
16292,924960,3,2005-09-07
16292,2601274,4,2005-03-13
16292,1476383,4,2005-05-31
16292,9816,5,2005-07-01
16292,831346,3,2005-09-24
16292,2043931,5,2005-09-26
16292,2497949,5,2005-10-25
16292,962375,5,2005-10-28
16292,958159,5,2005-11-01
16292,2212089,5,2005-11-14
16292,2328238,5,2005-11-19
16292,2283283,3,2005-12-12
16292,2452392,5,2005-07-06
16292,2345098,3,2005-08-03
16292,1314977,5,2005-08-11
16292,1719288,4,2005-02-10
16292,780334,4,2005-02-10
16292,2577397,1,2005-06-20
16292,255378,5,2005-02-24
16292,2096648,2,2005-02-24
16292,750005,4,2005-03-24
16292,1570292,3,2005-04-11
16292,1913414,5,2005-04-21
16292,153907,5,2005-04-29
16292,1007545,5,2005-06-29
16292,2388555,3,2005-09-03
16292,2266688,5,2005-09-11
16292,2100537,3,2005-10-07
16292,599592,3,2005-10-05
16292,1216083,4,2005-10-13
16292,593997,4,2005-10-26
16292,1975354,2,2005-10-30
16292,2425457,5,2005-11-03
16292,929981,3,2005-11-14
16292,1612590,4,2005-11-19
16292,2243690,4,2005-12-23
16292,2626223,4,2005-12-27
16292,572592,5,2005-12-29
16292,1691442,4,2005-07-13
16292,935174,5,2005-02-20
16292,1585489,5,2005-07-28
16292,356546,4,2005-08-13
16292,389782,1,2005-08-18
16292,921962,5,2005-08-30
16292,1673412,5,2005-03-16
16292,165247,5,2005-04-01
16292,726006,5,2005-04-04
16292,2445812,5,2005-05-07
16292,964175,1,2005-05-10
16292,892252,3,2005-05-18
16292,263291,5,2005-05-28
16292,74320,5,2005-06-23
16292,2578541,3,2005-06-29
16292,2014137,5,2005-07-05
16292,268713,4,2005-09-11
16292,770119,4,2005-09-14
16292,838868,4,2005-09-14
16292,1648869,3,2005-09-15
16292,99400,5,2005-09-15
16292,928463,3,2005-09-20
16292,2529942,5,2005-10-21
16292,2599262,5,2005-10-27
16292,684876,2,2005-11-01
16292,699655,5,2005-11-01
16292,1593948,2,2005-11-07
16292,2361462,4,2005-11-11
16292,313331,2,2005-11-13
16292,1296087,3,2005-12-02
16292,512952,1,2005-12-06
16292,1949091,4,2005-12-08
16292,481049,3,2005-07-05
16292,1702096,4,2005-08-14
16292,1473980,5,2005-08-18
16292,1733998,4,2005-01-30
16292,345704,2,2005-03-01
16292,345580,5,2005-03-23
16292,412221,4,2005-04-13
16292,2162807,5,2005-04-20
16292,2295815,5,2005-05-02
16292,1939384,4,2005-05-08
16292,2059327,4,2005-05-23
16292,665876,3,2005-06-14
16292,2549948,5,2005-06-17
16292,592122,5,2005-06-17
16292,844784,4,2005-09-14
16292,995021,5,2005-09-17
16292,34522,1,2005-09-26
16292,1655535,5,2005-10-06
16292,74703,5,2005-10-12
16292,1165121,4,2005-10-18
16292,2509106,5,2005-10-18
16292,1670302,3,2005-10-19
16292,1472945,3,2005-10-23
16292,1826058,4,2005-11-08
16292,2488357,5,2005-12-09
16292,778091,4,2005-12-13
16292,570055,5,2005-12-18
16292,1237193,4,2005-07-08
16292,165288,3,2005-07-11
16292,548695,5,2005-07-19
16292,501739,3,2005-07-22
16292,465885,4,2005-08-15
16292,355330,3,2005-08-23
16292,609,4,2005-08-25
16292,741449,5,2004-12-22
16292,763287,4,2005-01-13
16292,311027,1,2005-02-24
16292,753231,3,2005-03-04
16292,1524964,3,2005-04-15
16292,1516496,4,2005-06-16
16292,2551112,5,2005-07-01
16292,1932304,2,2005-09-10
16292,461158,4,2005-09-23
16292,924421,5,2005-09-27
16292,895255,4,2005-09-27
16292,743216,5,2005-09-27
16292,1128099,5,2005-10-09
16292,1266522,5,2005-10-13
16292,286783,4,2005-10-20
16292,651625,3,2005-10-24
16292,1655466,5,2005-11-08
16292,328433,4,2005-11-10
16292,1691193,4,2005-11-12
16292,994569,3,2005-11-17
16292,165369,4,2005-12-08
16292,137953,3,2005-12-20
16292,2007313,4,2005-07-06
16292,2243429,5,2005-07-10
16292,2429310,3,2005-07-17
16292,247932,4,2004-12-24
16292,207611,4,2005-03-02
16292,316752,3,2005-03-13
16292,2393510,5,2005-03-20
16292,732907,2,2005-04-07
16292,961794,4,2005-04-09
16292,325844,4,2005-06-06
16292,1079964,3,2005-06-12
16292,1442105,4,2005-06-14
16292,1999275,2,2005-06-23
16292,1306447,5,2005-09-14
16292,1256816,2,2005-10-04
16292,215945,4,2005-10-28
16292,152958,4,2005-11-02
16292,1427387,3,2005-11-10
16292,304500,1,2005-11-19
16292,1026246,4,2005-11-19
16292,907979,1,2005-12-15
16292,1109978,4,2005-12-19
16292,83923,3,2005-07-19
16292,1751084,4,2005-08-11
16292,152807,5,2005-02-19
16292,2564178,5,2005-08-21
16292,13266,4,2005-08-26
16292,2215040,5,2005-08-29
16292,2548754,4,2005-08-30
16292,2091736,5,2004-12-15
16292,1990616,4,2005-02-08
16292,75384,3,2005-03-01
16292,2515381,3,2005-03-02
16292,1028463,5,2005-03-04
16292,2542967,4,2005-04-09
16292,1137509,4,2005-04-25
16292,202678,1,2005-06-15
16292,1487164,3,2005-06-26
16292,935732,4,2005-09-11
16292,1158787,4,2005-10-03
16292,1079943,5,2005-10-03
16292,1765734,4,2005-10-07
16292,2404972,5,2005-10-27
16292,2058636,4,2005-11-01
16292,1322467,4,2005-11-02
16292,833176,3,2005-11-10
16292,1299754,5,2005-11-29
16292,2406958,3,2005-12-07
16292,704342,4,2005-07-06
16292,845170,5,2005-08-15
16292,1329619,5,2005-02-09
16292,1577862,2,2005-02-12
16292,1584814,4,2005-02-13
16292,628120,1,2005-03-02
16292,1490035,4,2005-05-10
16292,175737,4,2005-06-09
16292,2279651,4,2005-06-17
16292,579352,3,2005-06-22
16292,151136,5,2005-09-09
16292,292962,3,2005-09-22
16292,257402,3,2005-09-28
16292,633303,5,2005-10-13
16292,1935614,5,2005-10-28
16292,849919,3,2005-11-05
16292,2298976,5,2005-11-22
16292,743633,5,2005-07-12
16292,2189558,1,2005-07-16
16292,1298716,5,2005-08-20
16292,13875,5,2005-02-16
16292,1717675,5,2005-02-22
16292,1419227,3,2005-03-22
16292,1465857,2,2005-04-01
16292,2270392,3,2005-04-07
16292,2259855,5,2005-04-18
16292,926900,3,2005-05-16
16292,1123111,3,2005-06-03
16292,1554033,5,2005-10-10
16292,1264604,4,2005-10-12
16292,1845782,5,2005-11-02
16292,2227388,3,2005-11-04
16292,818554,5,2005-12-10
16292,1637024,4,2005-07-11
16292,962019,3,2005-08-12
16292,2469500,4,2005-08-13
16292,1790412,3,2005-08-20
16292,757005,4,2005-02-07
16292,2368209,5,2005-02-16
16292,2296852,5,2005-02-22
16292,1172958,4,2005-03-26
16292,2577898,5,2005-03-28
16292,1111556,3,2005-06-10
16292,1482497,4,2005-06-22
16292,2437565,1,2005-06-30
16292,2285701,4,2005-07-02
16292,2474205,5,2005-09-16
16292,297580,5,2005-09-25
16292,2175570,4,2005-10-07
16292,1481169,3,2005-10-21
16292,1978747,5,2005-11-07
16292,1583953,4,2005-11-17
16292,284979,5,2005-12-07
16292,1470697,4,2005-12-11
16292,1275275,3,2005-02-08
16292,2328698,5,2005-02-24
16292,1555203,3,2005-03-07
16292,2067353,5,2005-03-10
16292,94189,5,2005-03-21
16292,817464,3,2005-05-16
16292,1137886,3,2005-05-18
16292,359494,4,2005-06-06
16292,2588019,5,2005-06-30
16292,1087416,3,2005-09-10
16292,1522343,3,2005-10-05
16292,85488,4,2005-10-21
16292,874505,5,2005-10-30
16292,1506885,1,2005-11-01
16292,2291422,3,2005-11-01
16292,1412245,3,2005-11-06
16292,1278244,5,2005-11-27
16292,2438459,2,2005-12-04
16292,2198586,4,2005-12-30
16292,2250449,5,2005-12-31
16292,199863,1,2005-07-06
16292,799672,5,2005-07-07
16292,1475025,3,2005-07-24
16292,875723,3,2005-08-07
16292,831812,4,2005-08-13
16292,1787676,4,2005-02-10
16292,224582,4,2005-02-15
16292,1866818,5,2005-02-27
16292,2450433,3,2005-03-09
16292,1128164,3,2005-03-16
16292,345186,3,2005-03-21
16292,2122314,1,2005-04-05
16292,2461142,4,2005-04-07
16292,2612104,4,2005-04-26
16292,898283,5,2005-05-10
16292,2584918,4,2005-05-23
16292,1616135,4,2005-06-03
16292,653906,2,2005-11-20
16292,1396036,5,2005-06-18
16292,1666920,5,2005-06-28
16292,2395073,5,2005-09-16
16292,1901591,3,2005-09-25
16292,1881328,3,2005-09-27
16292,363345,5,2005-10-15
16292,1409616,5,2005-10-24
16292,2562446,5,2005-10-26
16292,321874,5,2005-11-08
16292,2498579,2,2005-11-11
16292,1756796,3,2005-11-15
16292,2109394,4,2005-11-19
16292,624171,5,2005-12-01
16292,860549,3,2005-12-06
16292,1999176,1,2005-07-11
16292,2264111,5,2005-09-06
16292,68976,3,2005-09-07
16292,128389,5,2005-01-19
16292,638020,3,2005-02-03
16292,70950,4,2005-02-09
16292,769702,2,2005-02-26
16292,332698,2,2005-05-23
16292,1701231,5,2005-06-17
16292,2010173,3,2005-06-19
16292,1014412,3,2005-10-03
16292,1807143,4,2005-10-17
16292,2135759,3,2005-12-01
16292,501823,5,2005-07-07
16292,759560,4,2005-08-23
16292,1605213,3,2005-08-23
16292,66150,5,2005-08-28
16292,1589834,5,2005-08-31
16292,1807245,3,2005-02-07
16292,791629,5,2005-02-14
16292,1060057,5,2005-02-24
16292,2320450,5,2005-02-28
16292,713535,4,2005-03-06
16292,2537933,5,2005-04-05
16292,2286388,4,2005-05-03
16292,977695,5,2005-05-16
16292,643871,5,2005-06-23
16292,2181739,4,2005-06-24
16292,1922690,4,2005-06-27
16292,511613,1,2005-09-26
16292,773694,5,2005-10-03
16292,1963163,4,2005-10-25
16292,1596973,5,2005-11-17
16292,1756533,3,2005-11-21
16292,2204272,4,2005-07-21
16292,270861,3,2005-08-08
16292,2575174,3,2005-08-30
16292,823802,4,2004-12-31
16292,384710,5,2005-03-24
16292,1475293,3,2005-01-30
16292,2368442,4,2005-02-14
16292,277837,1,2005-02-17
16292,606809,4,2005-02-23
16292,1708797,4,2005-03-09
16292,808181,5,2005-03-25
16292,321089,4,2005-04-07
16292,1733776,5,2005-04-17
16292,1293027,4,2005-05-14
16292,2404088,4,2005-06-29
16292,484412,4,2005-10-09
16292,2558262,5,2005-11-07
16292,16388,4,2005-11-17
16292,936393,5,2005-12-06
16292,2377860,3,2005-07-10
16292,637603,5,2005-07-11
16292,927286,4,2005-07-13
16292,701864,3,2005-08-10
16292,2329945,5,2005-08-15
16292,1569651,2,2005-08-26
16292,1973436,1,2005-09-06
16292,1200461,2,2004-12-21
16292,394895,4,2005-02-26
16292,119497,4,2005-03-01
16292,1225003,3,2005-04-06
16292,1374216,2,2005-05-04
16292,227591,2,2005-06-22
16292,2636407,3,2005-06-23
16292,1272320,5,2005-09-12
16292,1757328,4,2005-09-19
16292,424184,4,2005-10-03
16292,231874,5,2005-12-09
16292,1212509,5,2005-07-12
16292,2021244,5,2005-07-15
16292,1098387,5,2005-07-20
16292,494624,5,2004-12-02
16292,2001618,5,2005-02-11
16292,595778,4,2005-03-09
16292,210117,5,2005-03-15
16292,236815,4,2005-03-18
16292,1398211,5,2005-04-17
16292,1769920,5,2005-05-23
16292,2347526,4,2005-06-07
16292,881355,3,2005-06-10
16292,774364,4,2005-06-16
16292,2394211,2,2005-06-24
16292,1105029,2,2005-06-26
16292,318718,5,2005-09-12
16292,1459059,3,2005-09-13
16292,2298914,5,2005-09-13
16292,122720,5,2005-10-11
16292,1437916,3,2005-11-08
16292,696902,5,2005-08-15
16292,457952,5,2005-08-31
16292,913510,5,2005-04-30
16292,1868998,3,2005-05-16
16292,1961753,3,2005-05-26
16292,2236520,5,2005-06-14
16292,844335,5,2005-06-16
16292,921539,3,2005-06-20
16292,2529456,1,2005-06-21
16292,384008,3,2005-06-22
16292,835265,3,2005-06-27
16292,364618,5,2005-06-27
16292,2023248,5,2005-09-08
16292,994077,3,2005-09-13
16292,1301201,4,2005-09-14
16292,139937,3,2005-09-22
16292,2152706,4,2005-09-24
16292,902597,3,2005-09-28
16292,1319494,3,2005-10-06
16292,2123341,1,2005-10-10
16292,133462,4,2005-11-11
16292,580817,5,2005-11-19
16292,1051092,4,2005-11-24
16292,2065164,4,2005-11-26
16292,1018210,4,2005-07-05
16292,1329977,5,2005-07-14
16292,2531844,3,2004-11-27
16292,281190,4,2005-08-01
16292,273056,3,2005-08-21
16292,1503879,1,2005-09-01
16292,1621089,3,2004-11-28
16292,2539101,5,2005-01-03
16292,412824,4,2005-01-21
16292,1842281,5,2005-02-13
16292,755346,2,2005-02-16
16292,1708540,5,2005-03-01
16292,656780,1,2005-03-16
16292,2550506,3,2005-03-22
16292,2430630,5,2005-05-18
16292,2027275,3,2005-06-17
16292,667177,5,2005-06-21
16292,670831,5,2005-09-18
16292,2204979,3,2005-09-20
16292,621981,4,2005-10-26
16292,1069123,3,2005-11-02
16292,2613898,1,2005-11-03
16292,604030,4,2005-12-06
16292,2553627,5,2005-12-29
16292,2349538,5,2005-07-05
16292,1553942,5,2005-07-12
16292,1964735,4,2005-07-19
16292,217747,4,2005-02-07
16292,554137,3,2005-01-24
16292,763571,4,2005-02-14
16292,2213864,5,2005-05-02
16292,1571856,2,2005-05-24
16292,2589029,4,2005-06-06
16292,1525786,3,2005-09-16
16292,682970,5,2005-09-20
16292,704089,3,2005-10-09
16292,2299152,3,2005-10-13
16292,1370177,3,2005-10-22
16292,1923081,5,2005-10-23
16292,713980,3,2005-10-28
16292,2102761,5,2005-10-31
16292,25343,3,2005-11-16
16292,1161783,2,2005-12-04
16292,440463,3,2005-12-12
16292,414994,3,2005-07-15
16292,1448787,2,2005-07-19
16292,2350865,2,2005-08-19
16292,1771365,4,2005-02-05
16292,79524,3,2005-03-24
16292,431098,4,2005-05-24
16292,339183,3,2005-06-21
16292,1368684,3,2005-06-29
16292,1399818,5,2005-10-17
16292,2530572,1,2005-10-30
16292,1147893,5,2005-11-22
16292,723161,5,2005-07-14
16292,1433421,4,2005-08-09
16292,2520865,4,2005-08-13
16292,2364551,5,2005-08-19
16292,2550175,3,2005-08-24
16292,1997156,5,2004-12-14
16292,2338157,3,2005-01-08
16292,1737149,5,2005-02-09
16292,548590,5,2005-02-11
16292,359681,3,2005-02-16
16292,497900,5,2005-03-13
16292,549416,5,2005-04-11
16292,2374862,5,2005-05-25
16292,330282,3,2005-06-18
16292,1640855,5,2005-06-25
16292,1303722,4,2005-06-25
16292,1333000,5,2005-09-19
16292,2309163,5,2005-10-20
16292,2062405,3,2005-10-24
16292,1506188,4,2005-11-26
16292,2343076,3,2005-11-29
16292,487901,4,2004-12-05
16292,863227,3,2005-08-26
16292,1451893,5,2005-08-31
16292,1072923,5,2005-09-04
16292,2253226,3,2005-03-03
16292,1928961,4,2005-03-22
16292,2319026,4,2005-03-25
16292,1810141,4,2005-06-04
16292,653361,3,2005-06-21
16292,729671,3,2005-06-24
16292,1430761,3,2005-06-25
16292,1744253,4,2005-09-22
16292,1551862,3,2005-09-22
16292,1268813,2,2005-09-23
16292,2309157,5,2005-10-25
16292,2199973,5,2005-10-30
16292,2595846,5,2005-11-11
16292,1342962,4,2005-11-15
16292,2115155,4,2005-11-24
16292,1313462,5,2005-11-27
16292,1464164,5,2005-12-01
16292,775776,5,2005-08-10
16292,1229558,3,2005-05-01
16292,217648,5,2005-05-06
16292,2157035,4,2005-05-31
16292,2432474,4,2005-06-25
16292,2562487,2,2005-09-12
16292,1441164,5,2005-09-17
16292,556102,2,2005-09-19
16292,2303995,1,2005-09-22
16292,1583585,5,2005-10-04
16292,2406489,2,2005-10-08
16292,120513,5,2005-10-14
16292,1015048,3,2005-11-06
16292,194172,4,2005-11-14
16292,1532140,3,2005-12-20
16292,550905,5,2005-12-23
16292,1092430,4,2005-08-03
16292,354885,4,2005-08-15
16292,436106,5,2005-08-18
16292,1020903,5,2005-02-08
16292,957143,3,2005-02-15
16292,711767,3,2005-03-02
16292,507603,1,2005-03-28
16292,122317,3,2005-05-18
16292,1059661,3,2005-05-24
16292,2205248,4,2005-06-26
16292,2490151,4,2005-09-25
16292,1385255,5,2005-10-10
16292,833752,5,2005-10-21
16292,946714,4,2005-11-08
16292,381707,5,2005-11-14
16292,1763979,3,2005-07-05
16292,2210272,4,2005-07-10
16292,966211,5,2005-07-12
16292,2512391,5,2005-07-21
16292,1994385,5,2005-08-03
16292,1121321,3,2005-08-13
16292,2512221,5,2005-08-15
16292,77239,1,2005-08-21
16292,2159458,5,2005-08-28
16292,1353938,4,2005-03-01
16292,490940,5,2005-04-24
16292,1315670,5,2005-06-17
16292,2570444,3,2005-06-20
16292,1274789,5,2005-06-25
16292,818484,1,2005-07-03
16292,492024,4,2005-09-12
16292,2330864,1,2005-09-14
16292,593896,5,2005-09-20
16292,1689263,2,2005-09-26
16292,1494765,4,2005-11-27
16292,1322587,5,2005-12-20
16292,2537543,1,2005-07-09
16292,973136,5,2005-07-11
16292,302790,3,2005-07-12
16292,2620146,4,2005-08-20
16292,2312108,3,2005-08-30
16292,236481,4,2004-12-05
16292,162616,3,2005-02-10
16292,1815269,3,2005-02-11
16292,163074,4,2005-03-07
16292,2637755,3,2005-04-06
16292,1838238,4,2005-05-23
16292,42416,2,2005-06-03
16292,1451253,3,2005-06-15
16292,995497,3,2005-06-16
16292,193883,3,2005-06-20
16292,1391523,5,2005-06-22
16292,1229545,3,2005-06-25
16292,2537120,2,2005-09-27
16292,181163,1,2005-10-12
16292,1884499,2,2005-11-07
16292,595094,4,2005-11-22
16292,2308706,3,2005-08-23
16292,429379,2,2005-07-11
16292,1673078,2,2005-07-24
16292,529545,5,2005-08-22
16292,82404,4,2005-08-24
16292,1176591,5,2005-08-26
16292,688440,5,2005-01-25
16292,988926,4,2005-02-13
16292,1640334,4,2005-02-23
16292,631001,5,2005-02-25
16292,2074808,4,2005-03-02
16292,1742476,4,2005-03-15
16292,1799095,4,2005-03-15
16292,2111039,5,2005-05-10
16292,1493140,5,2005-05-26
16292,211344,5,2005-06-15
16292,1781198,3,2005-06-23
16292,1566775,4,2005-09-29
16292,860520,4,2005-10-03
16292,2064432,5,2005-10-12
16292,1744860,3,2005-10-17
16292,588285,5,2005-10-31
16292,989112,5,2005-07-07
16292,1290524,4,2005-07-13
16292,1449412,3,2005-07-13
16292,1256752,5,2005-08-23
16292,2542731,4,2005-08-30
16292,1852784,4,2005-02-03
16292,2076571,5,2005-02-15
16292,972986,3,2005-02-15
16292,910295,5,2005-03-13
16292,2051681,4,2005-03-15
16292,2444087,5,2005-04-06
16292,793892,3,2005-04-05
16292,343055,5,2005-04-17
16292,2384577,4,2005-05-12
16292,139220,5,2005-06-15
16292,1495711,4,2005-06-15
16292,474631,3,2005-06-16
16292,578482,5,2005-09-14
16292,782528,3,2005-10-04
16292,1416253,5,2005-11-30
16292,1243316,3,2005-12-14
16292,470645,3,2005-07-16
16292,1989573,4,2005-08-14
16292,1714672,1,2004-12-31
16292,2516717,4,2005-02-08
16292,1120985,5,2005-02-21
16292,2552319,3,2005-04-03
16292,1514735,5,2005-04-04
16292,2083367,4,2005-05-20
16292,269344,3,2005-05-22
16292,322009,4,2005-06-18
16292,482902,3,2005-06-25
16292,1858305,1,2005-09-18
16292,1014684,5,2005-11-30
16292,1174724,2,2005-12-13
16292,591797,5,2005-07-05
16292,253408,5,2005-07-21
16292,908448,5,2005-02-23
16292,329205,4,2005-04-13
16292,1818059,4,2005-06-07
16292,1405518,4,2005-06-30
16292,1415713,3,2005-09-08
16292,588425,3,2005-10-01
16292,2296266,4,2005-10-18
16292,1353745,5,2005-10-18
16292,1317160,3,2005-11-13
16292,1104922,4,2005-11-27
16292,1474603,5,2005-08-17
16292,2082456,4,2005-08-21
16292,2605785,5,2005-08-27
16292,135577,4,2005-09-09
16292,2152276,5,2005-01-27
16292,2220963,5,2005-02-15
16292,1038281,5,2005-03-17
16292,2337014,5,2005-03-17
16292,1470123,4,2005-03-24
16292,2229690,3,2005-04-04
16292,1798474,4,2005-04-20
16292,363052,5,2005-06-27
16292,936891,4,2005-06-27
16292,1373447,5,2005-07-03
16292,2287957,5,2005-09-17
16292,1579214,3,2005-09-22
16292,183370,3,2005-09-26
16292,631733,4,2005-09-27
16292,1304542,5,2005-10-14
16292,1924968,5,2005-10-17
16292,1198665,5,2005-10-31
16292,1634297,3,2005-12-05
16292,2551297,5,2005-07-20
16292,339281,1,2005-08-04
16292,99993,5,2005-08-23
16292,3998,4,2005-02-16
16292,460419,5,2005-02-23
16292,2632868,1,2005-03-09
16292,1976033,5,2005-03-09
16292,423000,5,2005-03-23
16292,1102418,5,2005-06-28
16292,2538943,4,2005-09-09
16292,150663,5,2005-09-09
16292,2622948,3,2005-09-22
16292,1675603,5,2005-10-31
16292,1391373,1,2005-11-02
16292,1650580,2,2005-11-05
16292,840737,3,2005-11-06
16292,2132498,4,2005-11-14
16292,181207,5,2005-11-22
16292,1827996,4,2005-07-23
16292,2225682,3,2005-09-09
16292,91146,5,2005-02-07
16292,2633543,5,2005-02-28
16292,2081090,5,2005-03-04
16292,910339,1,2005-04-14
16292,510834,2,2005-05-21
16292,1299602,5,2005-06-19
16292,525715,4,2005-06-21
16292,1071510,5,2005-09-15
16292,1540611,4,2005-09-20
16292,2370584,4,2005-09-25
16292,1527676,3,2005-09-28
16292,124564,5,2005-10-02
16292,1646964,5,2005-10-28
16292,346984,5,2005-11-01
16292,1013527,4,2005-11-05
16292,1410175,5,2005-07-07
16292,2122350,5,2005-07-12
16292,1616154,5,2005-07-13
16292,1998563,1,2005-07-15
16292,1870555,4,2005-07-16
16292,1873262,5,2005-08-24
16292,1758606,4,2005-09-05
16292,2337950,1,2005-09-05
16292,432912,5,2005-02-08
16292,205023,5,2005-02-18
16292,2337653,4,2005-02-26
16292,1001464,4,2005-03-13
16292,28786,5,2005-03-19
16292,58802,4,2005-04-27
16292,1828866,4,2005-04-29
16292,809207,4,2005-06-20
16292,2251189,3,2005-06-25
16292,1516834,3,2005-06-29
16292,234590,3,2005-07-02
16292,697780,4,2005-09-09
16292,414769,3,2005-09-12
16292,1008791,3,2005-09-25
16292,1664010,5,2005-10-17
16292,2550720,1,2005-10-17
16292,1663724,4,2005-10-23
16292,695091,5,2005-10-30
16292,264275,2,2005-11-07
16292,1355692,4,2005-11-07
16292,2576467,5,2005-12-23
16292,1147251,5,2005-08-18
16292,1344215,3,2005-09-02
16292,1777158,5,2004-12-21
16292,486822,5,2004-12-26
16292,239431,5,2005-02-08
16292,344974,4,2005-02-15
16292,1526640,1,2005-02-20
16292,2327743,5,2005-04-06
16292,1919580,3,2005-04-06
16292,836372,3,2005-06-20
16292,1528218,5,2005-07-04
16292,2632722,5,2005-09-29
16292,1702974,5,2005-10-13
16292,340209,4,2005-10-21
16292,1672953,3,2005-10-30
16292,933337,5,2005-11-04
16292,2636000,4,2005-11-15
16292,329966,5,2005-12-01
16292,307483,5,2005-12-17
16292,438733,3,2005-12-21
16292,1089335,3,2005-07-14
16292,1775696,4,2005-09-03
16292,416881,3,2005-09-03
16292,2304667,4,2005-02-10
16292,62499,4,2005-03-14
16292,2241103,3,2005-03-22
16292,1777762,3,2005-03-23
16292,874883,4,2005-03-23
16292,1526110,5,2005-04-01
16292,1078250,1,2005-04-04
16292,2649267,3,2005-10-07
16292,1699740,4,2005-10-13
16292,2400422,4,2005-07-16
16292,2040183,5,2005-08-22
16292,1063315,2,2005-08-25
16292,2308300,4,2005-09-07
16292,2032164,4,2005-02-13
16292,1749717,5,2005-02-13
16292,1662098,5,2005-03-10
16292,2536066,3,2005-03-14
16292,507094,3,2005-04-02
16292,165541,5,2005-04-02
16292,1168739,5,2005-06-14
16292,1352781,3,2005-06-18
16292,876475,5,2005-07-03
16292,1361124,3,2005-09-15
16292,1808753,5,2005-09-19
16292,2072309,5,2005-09-21
16292,451056,5,2005-10-25
16292,1219858,5,2005-11-08
16292,1018075,3,2005-11-18
16292,1757577,4,2005-07-10
16292,406841,3,2005-07-19
16292,1840149,5,2005-02-20
16292,1091814,1,2005-08-12
16292,1412309,5,2005-02-14
16292,2544088,5,2005-02-27
16292,2617503,4,2005-03-22
16292,612384,3,2005-03-24
16292,2222355,5,2005-06-05
16292,1706225,5,2005-06-10
16292,499257,2,2005-06-23
16292,1354427,4,2005-09-14
16292,745624,5,2005-09-18
16292,991926,5,2005-09-23
16292,2564497,5,2005-10-01
16292,134750,4,2005-10-08
16292,1430398,3,2005-11-16
16292,531747,4,2005-11-19
16292,1829377,2,2005-12-06
16292,1931529,5,2005-12-07
16292,1528874,5,2005-12-21
16292,177183,3,2005-07-08
16292,2066105,5,2005-07-12
16292,95100,3,2005-07-15
16292,2082085,3,2005-07-15
16292,610014,5,2005-07-16
16292,175331,5,2005-08-16
16292,2227543,4,2005-08-23
16292,1884251,5,2005-01-19
16292,1269877,4,2005-02-09
16292,1177576,3,2005-03-13
16292,48558,3,2005-05-18
16292,1622150,3,2005-05-01
16292,455024,3,2005-05-29
16292,1834690,1,2005-06-17
16292,2324813,4,2005-06-21
16292,862596,4,2005-09-15
16292,753107,3,2005-09-19
16292,853475,3,2005-10-09
16292,1801408,1,2005-10-09
16292,854441,1,2005-10-11
16292,531851,5,2005-10-24
16292,582141,5,2005-10-25
16292,1293953,2,2005-11-05
16292,97547,3,2005-11-14
16292,1576642,3,2005-11-22
16292,125806,2,2005-12-24
16292,2341192,4,2005-08-01
16292,1296679,3,2005-08-18
16292,1788404,3,2005-08-21
16292,1343679,5,2004-12-06
16292,526149,4,2005-02-09
16292,1265878,4,2005-03-03
16292,1491740,3,2005-03-07
16292,1056827,3,2005-04-06
16292,1283117,5,2005-04-28
16292,2222535,3,2005-05-05
16292,885358,4,2005-06-27
16292,1189574,3,2005-06-29
16292,1080078,3,2005-09-12
16292,1923574,5,2005-09-15
16292,379701,4,2005-09-19
16292,2269876,5,2005-10-06
16292,910868,1,2005-11-17
16292,1539268,2,2005-11-27
16292,593873,5,2005-12-05
16292,1930296,5,2005-12-29
16292,1708200,5,2005-07-07
16292,1537743,4,2005-07-07
16292,1981556,5,2005-07-28
16292,243700,3,2005-08-11
16292,2221446,4,2005-08-25
16292,1232675,3,2005-08-25
16292,499225,4,2004-12-12
16292,62691,4,2005-01-06
16292,1841056,3,2005-03-06
16292,1347916,3,2005-04-26
16292,2576043,1,2005-05-15
16292,2000436,5,2005-05-25
16292,1711751,5,2005-06-02
16292,1610234,3,2005-06-13
16292,2568756,4,2005-06-18
16292,1727869,3,2005-06-20
16292,2261091,5,2005-07-01
16292,251775,5,2005-09-22
16292,2195651,1,2005-11-17
16292,1324541,4,2005-11-25
16292,439134,5,2005-12-27
16292,2274193,5,2005-07-09
16292,2355625,3,2005-07-15
16292,1510806,3,2005-07-17
16292,1359564,5,2005-08-15
16292,1743756,4,2005-08-19
16292,227185,5,2005-08-25
16292,2522838,1,2005-02-18
16292,2467784,5,2005-02-26
16292,2403533,4,2005-03-28
16292,1218960,5,2005-04-18
16292,1210815,4,2005-05-01
16292,874923,5,2005-05-31
16292,762102,4,2005-06-05
16292,330866,4,2005-06-09
16292,751829,5,2005-07-04
16292,1512733,4,2005-09-13
16292,1917094,3,2005-10-06
16292,147963,5,2005-11-01
16292,223472,1,2005-11-12
16292,1794068,5,2005-12-27
16292,524619,5,2005-12-27
16292,1690808,3,2005-07-18
16292,970269,4,2005-07-23
16292,1102887,5,2005-01-27
16292,2014371,4,2005-02-23
16292,40163,5,2005-03-01
16292,2169489,4,2005-03-11
16292,1767795,5,2005-06-13
16292,1841991,3,2005-06-16
16292,1641506,4,2005-09-26
16292,1757203,1,2005-10-02
16292,1831058,5,2005-10-04
16292,291122,2,2005-10-12
16292,2588413,3,2005-10-13
16292,477254,4,2005-10-22
16292,1065687,3,2005-11-21
16292,733982,3,2005-11-25
16292,913632,4,2005-11-28
16292,1097058,5,2005-12-29
16292,1474408,4,2005-07-13
16292,865926,4,2005-08-27
16292,2311304,3,2005-08-30
16292,591482,3,2005-09-06
16292,2224853,4,2005-03-21
16292,755340,1,2005-02-08
16292,745457,4,2005-02-21
16292,2648885,3,2005-02-23
16292,1991147,5,2005-02-27
16292,1706831,4,2005-02-28
16292,2510050,5,2005-03-01
16292,168263,4,2005-04-11
16292,1496219,3,2005-09-28
16292,2296701,4,2005-09-30
16292,713224,5,2005-10-11
16292,1468007,3,2005-10-30
16292,193469,3,2005-11-25
16292,992021,4,2005-12-06
16292,1945504,4,2005-12-18
16292,1407014,3,2005-08-02
16292,1937271,3,2005-08-23
16292,1854658,4,2005-08-29
16292,1372614,4,2005-08-29
16292,2427512,3,2005-08-31
16292,1026933,3,2004-12-25
16292,1113902,3,2004-12-25
16292,1257537,3,2005-02-17
16292,2017885,4,2005-02-23
16292,621092,5,2005-03-18
16292,2633061,3,2005-04-01
16292,1898048,5,2005-04-03
16292,1148389,2,2005-05-08
16292,716761,4,2005-06-24
16292,1843005,5,2005-06-27
16292,314146,4,2005-06-28
16292,1892323,2,2005-09-14
16292,366870,3,2005-09-20
16292,646073,4,2005-09-29
16292,120072,4,2005-10-10
16292,2307491,5,2005-10-28
16292,47476,5,2005-12-10
16292,765430,5,2005-12-19
16292,2105883,5,2005-02-05
16292,482855,5,2005-03-03
16292,1545735,5,2005-03-15
16292,75976,4,2005-03-21
16292,1885042,4,2005-05-03
16292,2483121,4,2005-07-03
16292,2422758,2,2005-09-10
16292,2550299,5,2005-10-12
16292,1225628,3,2005-11-21
16292,524086,5,2005-08-03
16292,2395915,2,2005-08-22
16292,1071647,3,2005-08-30
16292,820916,3,2005-01-31
16292,202039,4,2005-02-16
16292,1556824,5,2005-03-21
16292,1949871,2,2005-03-21
16292,405075,4,2005-04-06
16292,1053421,4,2005-04-09
16292,1650584,2,2005-06-27
16292,2252878,5,2005-07-01
16292,332627,3,2005-09-11
16292,1257921,3,2005-10-12
16292,93288,5,2005-10-24
16292,1311381,4,2005-12-05
16292,208538,3,2005-12-09
16292,2394142,3,2005-12-25
16292,707217,5,2005-07-09
16292,1816622,5,2005-08-16
16292,1495118,5,2005-08-22
16292,2134385,4,2005-08-29
16292,31259,5,2005-09-02
16292,706955,5,2005-02-12
16292,1847859,5,2005-02-18
16292,712653,3,2005-02-22
16292,2207893,4,2005-03-12
16292,227904,5,2005-03-20
16292,2635943,5,2005-04-05
16292,2646107,1,2005-04-06
16292,807551,5,2005-05-27
16292,2065963,3,2005-06-25
16292,1505455,5,2005-09-16
16292,2362173,4,2005-09-19
16292,2118083,3,2005-09-22
16292,2585641,5,2005-10-01
16292,682084,5,2005-10-11
16292,103988,1,2005-11-19
16292,1629440,3,2005-12-06
16292,2550095,3,2005-07-21
16292,243304,4,2005-08-16
16292,1537898,4,2005-02-19
16292,1418260,3,2005-08-31
16292,655385,3,2005-09-07
16292,1821474,3,2004-12-02
16292,1517549,3,2005-03-07
16292,336239,3,2005-06-26
16292,97277,3,2005-10-05
16292,469070,1,2005-10-16
16292,1481817,3,2005-10-18
16292,344307,4,2005-11-27
16292,2373330,4,2005-12-16
16292,684531,3,2005-12-26
16292,1542060,5,2005-07-06
16292,788396,4,2005-07-16
16292,2514202,4,2005-07-20
16292,2206623,3,2005-07-21
16292,143024,3,2005-08-10
16292,2479467,2,2005-08-19
16292,134640,4,2005-08-28
16292,1956308,5,2005-09-01
16292,27318,5,2005-09-05
16292,954489,5,2005-01-12
16292,1817595,5,2005-03-06
16292,30751,4,2005-03-21
16292,1525399,5,2005-03-24
16292,1397668,5,2005-04-16
16292,1917540,5,2005-04-26
16292,60171,5,2005-05-17
16292,1464934,5,2005-09-13
16292,1853369,1,2005-09-15
16292,892694,3,2005-09-20
16292,1242879,5,2005-09-27
16292,2220095,5,2005-10-02
16292,1031580,5,2005-10-13
16292,132277,2,2005-11-06
16292,2375169,2,2005-07-06
16292,505184,5,2005-07-08
16292,2070271,5,2005-07-17
16292,2400234,1,2005-02-07
16292,2025104,5,2005-02-16
16292,467339,3,2005-02-23
16292,2607300,3,2005-03-25
16292,2442925,5,2005-04-26
16292,427967,3,2005-06-19
16292,28713,2,2005-06-22
16292,1091251,4,2005-07-04
16292,269913,4,2005-10-20
16292,761230,2,2005-10-27
16292,1223091,5,2005-11-08
16292,2304779,4,2005-12-14
16292,40035,5,2005-07-26
16292,43729,4,2005-08-08
16292,2562458,5,2005-08-25
16292,1678519,5,2005-01-01
16292,1932397,3,2005-02-12
16292,1816884,4,2005-03-01
16292,2536520,1,2005-03-23
16292,1845415,4,2005-04-06
16292,1106280,4,2005-04-09
16292,437586,4,2005-04-24
16292,2200487,5,2005-05-24
16292,1014995,3,2005-06-12
16292,958956,3,2005-09-24
16292,1761351,4,2005-09-27
16292,2115175,3,2005-10-10
16292,1145768,3,2005-10-23
16292,1219362,2,2005-11-01
16292,1861297,3,2005-11-02
16292,1872986,5,2005-11-03
16292,1400256,5,2005-11-13
16292,1252003,4,2005-12-07
16292,1399457,3,2005-12-08
16292,2214254,1,2005-12-11
16292,255651,4,2005-12-15
16292,977932,5,2005-07-07
16292,1947739,5,2005-07-07
16292,2459341,4,2005-07-09
16292,537878,4,2005-07-15
16292,166041,4,2005-08-23
16292,71502,3,2005-09-02
16292,2171387,5,2005-09-05
16292,2543825,4,2005-01-05
16292,428296,4,2005-03-25
16292,2312645,3,2005-04-02
16292,613805,4,2005-04-19
16292,756493,5,2005-04-25
16292,952063,3,2005-06-06
16292,206155,5,2005-06-15
16292,1351706,4,2005-06-29
16292,2337085,4,2005-10-08
16292,2195480,5,2005-10-19
16292,1919451,5,2005-10-26
16292,2023283,5,2005-12-05
16292,1607685,2,2005-12-22
16292,1961707,4,2005-07-07
16292,224053,5,2005-07-20
16292,1340301,4,2005-07-31
16292,790517,4,2005-08-18
16292,920326,1,2005-08-23
16292,1418622,4,2005-08-24
16292,929477,1,2005-09-01
16292,2049319,2,2005-09-04
16292,200215,5,2005-01-19
16292,437672,4,2005-01-19
16292,722591,5,2005-02-06
16292,202501,4,2005-02-07
16292,2516094,5,2005-02-09
16292,1689683,4,2005-02-11
16292,255383,1,2005-04-10
16292,149625,3,2005-05-24
16292,2473451,5,2005-09-12
16292,264709,3,2005-11-08
16292,1828571,4,2005-12-14
16292,2627190,2,2005-12-30
16292,654283,4,2005-07-25
16292,1016879,5,2005-08-14
16292,546332,3,2005-08-28
16292,133780,3,2005-02-21
16292,608234,5,2005-02-28
16292,2249750,2,2005-03-02
16292,188964,4,2005-05-10
16292,2469190,3,2005-05-31
16292,1007245,3,2005-06-29
16292,2032860,3,2005-09-20
16292,2476026,3,2005-09-21
16292,261764,2,2005-10-23
16292,978046,5,2005-10-24
16292,1492171,5,2005-11-08
16292,2326186,2,2005-11-22
16292,586340,4,2005-08-04
16292,2346250,2,2005-08-06
16292,433651,4,2005-08-15
16292,564341,1,2005-08-31
16292,2050532,3,2005-01-29
16292,2266372,1,2005-02-28
16292,1743381,5,2005-03-08
16292,1842770,1,2005-04-13
16292,312937,4,2005-05-07
16292,1616870,3,2005-06-01
16292,1349717,5,2005-06-08
16292,927233,5,2005-06-18
16292,769807,1,2005-06-21
16292,2195697,2,2005-07-01
16292,200525,2,2005-10-02
16292,1437853,4,2005-07-07
16292,347412,4,2005-07-08
16292,387004,5,2005-07-14
16292,2107839,5,2005-07-14
16292,1464600,5,2005-07-31
16292,1326360,2,2005-02-14
16292,472636,1,2005-02-16
16292,781131,3,2005-02-27
16292,448146,4,2005-02-28
16292,2120968,3,2005-03-13
16292,1622407,4,2005-03-29
16292,274070,3,2005-04-01
16292,535156,3,2005-05-31
16292,305373,3,2005-06-30
16292,2423233,5,2005-09-16
16292,1765294,1,2005-10-02
16292,2632753,5,2005-09-25
16292,635309,5,2005-10-12
16292,786487,4,2005-10-24
16292,1170335,4,2005-10-27
16292,549399,5,2005-11-23
16292,2078001,5,2005-12-07
16292,2427005,4,2005-07-14
16292,2601975,1,2005-07-22
16292,1802028,3,2005-08-11
16292,1278249,3,2005-08-30
16292,2421283,4,2005-08-30
16292,2247406,3,2005-09-04
16292,1629845,5,2005-09-05
16292,2536114,3,2005-02-07
16292,1490538,5,2005-02-09
16292,974174,5,2005-02-14
16292,1290120,4,2005-03-07
16292,1749017,5,2005-03-09
16292,1090155,3,2005-03-13
16292,1121725,1,2005-03-24
16292,2523257,3,2005-06-30
16292,2269029,4,2005-05-04
16292,2473782,5,2005-06-15
16292,2386443,3,2005-06-20
16292,1093671,4,2005-06-28
16292,14868,4,2005-09-25
16292,933167,3,2005-10-04
16292,1575994,5,2005-10-11
16292,1625802,5,2005-11-03
16292,880635,3,2005-11-08
16292,1796212,5,2005-11-14
16292,4894,5,2005-11-29
16292,2487298,4,2005-07-10
16292,1250298,4,2005-08-02
16292,2360000,4,2005-08-19
16292,907708,3,2005-09-06
16292,1728104,5,2005-03-02
16292,2242117,4,2005-03-14
16292,2041514,4,2005-03-29
16292,2464456,4,2005-05-19
16292,2328511,3,2005-05-26
16292,244814,1,2005-06-27
16292,2382165,1,2005-09-24
16292,1203442,5,2005-09-25
16292,2048238,3,2005-10-22
16292,1524966,5,2005-10-23
16292,1857889,4,2005-10-24
16292,2635287,2,2005-10-27
16292,2394704,3,2005-10-29
16292,1366418,5,2005-11-13
16292,1608965,2,2005-11-17
16292,2228240,4,2005-07-11
16292,2457720,4,2005-07-13
16292,2468139,3,2005-02-19
16292,651541,1,2005-08-11
16292,2241206,5,2005-08-28
16292,116502,4,2004-12-16
16292,280795,5,2005-01-07
16292,1584516,4,2005-02-14
16292,1941017,5,2005-03-22
16292,1007754,4,2005-04-19
16292,1317671,3,2005-04-23
16292,409267,5,2005-07-01
16292,1363830,3,2005-05-14
16292,491531,4,2005-05-31
16292,1915501,5,2005-09-25
16292,1811259,3,2005-09-26
16292,661098,3,2005-10-10
16292,342510,3,2005-11-04
16292,1215137,3,2005-11-17
16292,2131869,5,2005-11-30
16292,402743,5,2005-12-06
16292,41033,5,2005-12-07
16292,1006456,3,2005-12-17
16292,2283770,4,2005-07-05
16292,1582579,5,2005-07-06
16292,1232966,4,2005-07-11
16292,853087,5,2005-07-21
16292,2360158,5,2005-08-11
16292,278105,3,2005-08-19
16292,70281,5,2005-09-04
16292,1588745,2,2005-09-06
16292,1365272,3,2005-01-31
16292,1446054,4,2005-02-28
16292,1552525,5,2005-03-13
16292,1242854,4,2005-04-09
16292,1258770,3,2005-05-17
16292,950730,4,2005-05-31
16292,1608936,1,2005-06-07
16292,482972,4,2005-09-11
16292,2636327,5,2005-09-29
16292,2237712,2,2005-10-13
16292,680273,4,2005-11-05
16292,88909,5,2005-11-21
16292,286397,3,2005-12-05
16292,2327851,5,2005-07-11
16292,1050638,2,2005-07-13
16292,1714116,2,2005-08-06
16292,1791838,3,2005-02-08
16292,2089033,4,2005-02-15
16292,455984,4,2005-02-18
16292,386947,5,2005-02-22
16292,2089599,3,2005-02-25
16292,636256,3,2005-03-17
16292,1570161,3,2005-06-19
16292,1680173,1,2005-06-30
16292,2601021,5,2005-09-17
16292,921612,3,2005-10-04
16292,1461334,3,2005-10-18
16292,1404439,1,2005-10-19
16292,320856,3,2005-10-27
16292,524110,5,2005-11-14
16292,2514916,5,2005-07-07
16292,1108004,4,2005-07-10
16292,90682,5,2005-07-15
16292,1159968,4,2005-08-14
16292,116858,4,2005-08-23
16292,1929632,5,2005-08-29
16292,1528604,3,2005-02-03
16292,2606799,5,2005-02-08
16292,278056,4,2005-02-09
16292,1564195,5,2005-02-28
16292,1636164,4,2005-03-20
16292,128348,4,2005-04-05
16292,45392,4,2005-04-10
16292,218003,5,2005-04-29
16292,1438031,5,2005-05-16
16292,997138,5,2005-06-09
16292,2248749,3,2005-06-14
16292,2001447,5,2005-09-23
16292,1463359,5,2005-10-10
16292,2535902,1,2005-10-12
16292,733049,5,2005-10-17
16292,2342834,5,2005-10-28
16292,1578207,4,2005-10-30
16292,2629811,5,2005-11-10
16292,480332,4,2005-11-18
16292,1629301,5,2005-11-22
16292,1747911,2,2005-12-04
16292,1517168,3,2005-07-10
16292,2609416,4,2005-07-14
16292,2440315,4,2005-07-20
16292,292700,5,2005-08-15
16292,1333494,5,2005-08-18
16292,2620116,5,2005-08-24
16292,2426375,2,2005-09-02
16292,1787038,3,2005-02-12
16292,890713,5,2005-02-17
16292,1790714,5,2005-02-18
16292,313043,5,2005-02-18
16292,408457,3,2005-03-02
16292,2503563,5,2005-04-20
16292,1059382,5,2005-06-20
16292,2137288,5,2005-06-27
16292,1222770,3,2005-10-04
16292,1984315,3,2005-10-05
16292,2299661,4,2005-10-12
16292,817139,5,2005-10-27
16292,1923621,3,2005-11-21
16292,513120,3,2005-11-28
16292,1773418,5,2005-08-22
16292,1422346,5,2005-09-01
16292,1802819,5,2005-02-18
16292,2559537,4,2005-03-21
16292,1453267,5,2005-05-22
16292,1207339,4,2005-06-06
16292,2236105,4,2005-06-23
16292,1133966,5,2005-09-12
16292,1521597,5,2005-09-21
16292,1946766,4,2005-09-30
16292,488559,5,2005-10-06
16292,1604006,4,2005-10-10
16292,2250621,5,2005-10-13
16292,1540779,1,2005-10-16
16292,1568758,4,2005-10-21
16292,881873,5,2005-10-26
16292,2289508,3,2005-11-30
16292,1056017,3,2005-12-14
16292,979613,1,2005-12-29
16292,463267,4,2005-07-14
16292,2106878,5,2005-07-20
16292,63265,3,2005-08-30
16292,1513550,2,2005-02-12
16292,2245932,5,2005-02-15
16292,116353,5,2005-02-18
16292,135161,5,2005-03-07
16292,1499926,5,2005-03-23
16292,2509695,5,2005-03-23
16292,647979,2,2005-04-10
16292,829575,3,2005-05-12
16292,931503,5,2005-06-03
16292,1502406,5,2005-06-28
16292,1180994,4,2005-10-12
16292,1210726,3,2005-10-06
16292,2162407,4,2005-10-08
16292,897732,3,2005-10-27
16292,327791,5,2005-11-19
16292,1740380,5,2005-11-29
16292,1514095,4,2005-07-13
16292,1677045,5,2005-08-10
16292,417632,1,2005-08-14
16292,1852578,5,2005-08-23
16292,1895489,4,2005-08-26
16292,1461864,5,2005-03-01
16292,200216,4,2005-03-10
16292,1595644,4,2005-04-29
16292,2440118,4,2005-05-19
16292,716173,4,2005-06-01
16292,455711,5,2005-06-12
16292,2618366,5,2005-06-19
16292,269857,1,2005-06-22
16292,759737,3,2005-06-27
16292,1155196,5,2005-09-18
16292,1494377,5,2005-09-23
16292,51817,3,2005-09-23
16292,858941,5,2005-10-14
16292,531255,4,2005-10-25
16292,1783376,3,2005-12-13
16292,1919197,5,2005-08-01
16292,1407227,3,2005-07-10
16292,510997,5,2005-07-15
16292,703986,3,2005-08-09
16292,2337931,5,2005-08-10
16292,83963,4,2005-08-12
16292,1079253,3,2005-08-15
16292,1892654,5,2005-08-22
16292,806188,3,2005-08-31
16292,2626881,5,2005-09-06
16292,2223786,4,2005-02-09
16292,1336735,4,2005-02-14
16292,2125582,4,2005-02-22
16292,360005,4,2005-02-22
16292,492058,4,2005-03-11
16292,423966,4,2005-03-20
16292,2102046,5,2005-06-04
16292,1917357,4,2005-06-10
16292,450055,4,2005-06-13
16292,1801483,4,2005-09-16
16292,1190708,5,2005-09-19
16292,746460,5,2005-09-27
16292,817920,3,2005-10-15
16292,1437996,5,2005-10-23
16292,1002598,3,2005-11-10
16292,2141153,3,2005-11-12
16292,1713798,1,2005-11-16
16292,782679,5,2005-11-21
16292,1809389,1,2005-12-04
16292,708253,5,2005-07-12
16292,1310583,4,2005-07-18
16292,1567970,5,2005-02-08
16292,789014,4,2005-03-15
16292,1983891,5,2005-05-17
16292,1663055,5,2005-05-23
16292,2010587,5,2005-06-08
16292,135932,4,2005-06-14
16292,1246893,4,2005-06-19
16292,682963,3,2005-06-20
16292,465836,4,2005-06-23
16292,1476148,5,2005-09-17
16292,540803,4,2005-09-27
16292,1130380,3,2005-10-03
16292,1591103,4,2005-10-05
16292,2473626,5,2005-10-10
16292,1114607,4,2005-10-16
16292,1109043,3,2005-10-17
16292,717599,5,2005-11-14
16292,2316081,3,2005-12-12
16292,2484001,5,2005-07-14
16292,1480900,3,2005-02-19
16292,1218847,5,2005-09-01
16292,2089531,5,2005-01-09
16292,982098,3,2005-02-07
16292,2318311,2,2005-02-09
16292,1465445,4,2005-02-15
16292,1278390,4,2005-02-22
16292,1047203,4,2005-02-26
16292,2067793,4,2005-03-08
16292,784932,5,2005-04-06
16292,770004,5,2005-04-26
16292,1938258,5,2005-06-07
16292,722798,4,2005-06-12
16292,682739,3,2005-06-12
16292,1276819,4,2005-06-18
16292,2138116,3,2005-09-09
16292,2560726,5,2005-09-11
16292,2302454,5,2005-09-12
16292,2365963,5,2005-09-14
16292,1587985,5,2005-09-15
16292,1419882,5,2005-09-19
16292,1457201,4,2005-10-04
16292,1582952,4,2005-10-06
16292,2201507,5,2005-10-17
16292,2428099,3,2005-10-21
16292,2025791,4,2005-11-08
16292,441050,1,2005-11-13
16292,2632643,5,2005-11-18
16292,924106,4,2005-12-13
16292,2080843,3,2005-12-20
16292,2483190,3,2005-07-25
16292,1235320,5,2005-08-16
16292,1935358,5,2005-09-01
16292,895732,4,2004-12-22
16292,2310410,4,2005-01-20
16292,1370564,3,2005-03-02
16292,2065658,1,2005-03-02
16292,2401136,3,2005-03-05
16292,1153562,4,2005-03-09
16292,894205,2,2005-03-28
16292,2301956,5,2005-04-29
16292,2434438,3,2005-06-08
16292,2499981,4,2005-06-26
16292,273223,4,2005-09-19
16292,569465,5,2005-11-18
16292,445935,5,2005-11-29
16292,1652858,3,2005-12-06
16292,565458,1,2005-07-17
16292,572011,5,2005-08-16
16292,1587119,3,2005-08-20
16292,1863363,5,2005-08-21
16292,1040061,5,2005-02-16
16292,446433,4,2005-03-03
16292,1845014,3,2005-03-07
16292,732129,5,2005-03-09
16292,2204477,5,2005-03-10
16292,1057247,5,2005-03-20
16292,2433512,4,2005-06-12
16292,1747640,5,2005-06-20
16292,782975,5,2005-06-21
16292,1885118,4,2005-06-26
16292,1667288,1,2005-09-12
16292,2039008,3,2005-09-19
16292,632795,5,2005-10-04
16292,2621458,1,2005-10-05
16292,1117073,3,2005-10-10
16292,576383,1,2005-11-01
16292,2385206,4,2005-11-06
16292,1379470,3,2005-11-25
16292,1135473,5,2005-11-30
16292,417746,4,2005-12-05
16292,2568640,1,2005-12-12
16292,2182671,4,2005-08-10
16292,1970437,4,2005-08-25
16292,1580943,4,2005-04-19
16292,2006747,5,2005-04-22
16292,1370968,4,2005-05-25
16292,211233,5,2005-06-01
16292,602481,3,2005-06-30
16292,2185815,3,2005-07-04
16292,2061197,1,2005-10-31
16292,825353,1,2005-11-25
16292,997444,5,2005-11-26
16292,366466,1,2005-12-05
16292,2288404,3,2005-12-21
16292,321138,5,2005-12-30
16292,989152,4,2005-07-18
16292,247496,5,2005-08-16
16292,2355398,3,2005-08-17
16292,11043,4,2004-12-13
16292,1921550,4,2005-02-14
16292,437599,3,2005-03-07
16292,1412213,4,2005-03-20
16292,2459887,5,2005-03-24
16292,1104400,5,2005-05-27
16292,2475241,4,2005-06-03
16292,2073292,3,2005-06-05
16292,1995476,5,2005-06-27
16292,19351,5,2005-06-27
16292,549593,3,2005-09-09
16292,2646608,5,2005-09-20
16292,890573,4,2005-09-22
16292,845539,4,2005-10-04
16292,1541133,4,2005-10-28
16292,348337,4,2005-11-06
16292,2633669,4,2005-11-19
16292,1378431,1,2005-07-05
16292,216647,1,2005-07-07
16292,2397179,5,2005-07-16
16292,1337758,5,2005-08-10
16292,1886077,5,2005-08-26
16292,669124,5,2005-01-24
16292,2608047,5,2005-02-06
16292,972203,4,2005-02-07
16292,1575939,5,2005-02-27
16292,1307258,3,2005-05-02
16292,1387099,5,2005-03-21
16292,2462935,5,2005-03-31
16292,715516,4,2005-04-13
16292,1519940,5,2005-05-16
16292,2315241,5,2005-06-05
16292,1766438,2,2005-06-20
16292,90900,4,2005-06-22
16292,2226577,3,2005-07-04
16292,353626,3,2005-09-20
16292,991356,3,2005-09-22
16292,2379079,3,2005-10-27
16292,1585686,5,2005-11-08
16292,133040,5,2005-11-16
16292,1010572,4,2005-11-17
16292,702789,4,2005-11-18
16292,2631240,4,2005-12-02
16292,1430587,4,2005-07-07
16292,2373185,4,2005-07-18
16292,473597,5,2005-07-21
16292,249078,4,2005-07-21
16292,558243,3,2005-09-03
16292,1620733,3,2005-09-10
16292,137046,5,2005-01-09
16292,1242195,4,2005-01-30
16292,466367,5,2005-02-07
16292,1477723,3,2005-05-31
16292,2100354,4,2005-03-06
16292,99310,4,2005-03-21
16292,2284035,4,2005-03-31
16292,2212463,4,2005-06-14
16292,1729739,4,2005-10-20
16292,1374758,2,2005-07-06
16292,468547,5,2005-07-08
16292,2464003,3,2005-07-12
16292,1519527,5,2005-07-13
16292,305344,1,2004-12-31
16292,1779014,1,2005-10-16
16292,726098,3,2005-02-07
16292,1118783,4,2005-02-15
16292,1312935,4,2005-02-24
16292,280260,4,2005-03-06
16292,29127,4,2005-03-08
16292,1180482,3,2005-03-08
16292,169054,3,2005-03-13
16292,1927008,5,2005-06-28
16292,662002,5,2005-09-15
16292,1278961,3,2005-09-18
16292,1577476,3,2005-10-19
16292,1858041,5,2005-10-23
16292,727301,5,2005-11-01
16292,1669116,4,2005-11-03
16292,1350995,3,2005-11-14
16292,1755159,1,2005-12-04
16292,749591,3,2005-12-09
16292,647326,4,2005-07-09
16292,1984120,5,2005-07-12
16292,2340873,3,2005-07-20
16292,1193873,5,2005-08-11
16292,304167,2,2005-08-13
16292,1257444,3,2005-08-20
16292,2090838,2,2005-09-08
16292,1197493,2,2005-01-20
16292,540649,4,2005-02-07
16292,1147571,4,2005-05-10
16292,216059,3,2005-05-12
16292,2077046,2,2005-06-17
16292,1967866,4,2005-06-19
16292,936034,3,2005-09-19
16292,2244355,1,2005-11-10
16292,1737774,2,2005-07-16
16292,223562,4,2005-08-10
16292,2486965,5,2005-08-17
16292,1863119,4,2005-08-28
16292,1978089,3,2005-08-31
16292,136921,5,2005-02-08
16292,1658158,4,2005-02-09
16292,81130,5,2005-03-16
16292,750006,5,2005-04-19
16292,740294,5,2005-06-28
16292,609739,3,2005-09-12
16292,2269012,4,2005-09-13
16292,1835080,3,2005-09-30
16292,1714874,3,2005-10-02
16292,487867,5,2005-10-21
16292,1617787,3,2005-11-01
16292,449686,2,2005-11-05
16292,1710658,2,2005-12-02
16292,1407942,5,2005-07-08
16292,244718,3,2005-07-31
16292,257923,4,2005-08-29
16292,2033070,5,2004-12-03
16292,1921653,4,2005-03-04
16292,2244258,4,2005-03-10
16292,2167853,3,2005-04-27
16292,2356552,5,2005-05-05
16292,330677,5,2005-05-10
16292,1264384,4,2005-05-28
16292,366233,5,2005-09-18
16292,1215460,1,2005-09-22
16292,736301,1,2005-09-27
16292,1571637,4,2005-10-29
16292,2135802,4,2005-11-17
16292,1982898,1,2005-12-17
16292,643312,4,2005-12-27
16292,2042868,3,2005-07-12
16292,1611350,5,2005-08-30
16292,1720041,5,2005-09-06
16292,1381413,3,2005-02-11
16292,1198632,3,2005-06-06
16292,53694,3,2005-06-10
16292,2453988,3,2005-06-10
16292,2147527,1,2005-11-16
16292,544538,4,2005-10-12
16292,2538674,4,2005-10-22
16292,2587334,5,2005-10-27
16292,224690,5,2005-11-29
16292,1719780,2,2005-12-28
16292,30646,5,2005-07-08
16292,299365,5,2005-02-20
16292,1450484,1,2005-08-13
16292,2516111,2,2005-08-22
16292,299949,3,2005-08-25
16292,942334,4,2005-02-09
16292,450620,5,2005-02-21
16292,596964,2,2005-02-22
16292,76023,2,2005-03-15
16292,264988,4,2005-03-28
16292,2152805,4,2005-04-11
16292,651230,3,2005-04-19
16292,2216381,4,2005-05-16
16292,2242472,3,2005-05-23
16292,2121069,5,2005-05-31
16292,2269950,4,2005-06-01
16292,1725451,3,2005-06-07
16292,1965480,4,2005-06-20
16292,302469,4,2005-09-17
16292,2573464,3,2005-09-29
16292,1496300,4,2005-10-10
16292,614201,1,2005-10-17
16292,805851,3,2005-10-20
16292,2468929,3,2005-10-28
16292,1428930,3,2005-11-21
16292,2115046,5,2005-11-21
16292,1584361,5,2005-12-15
16292,1080364,5,2005-12-21
16292,2198560,5,2005-02-20
16292,611049,4,2005-07-17
16292,2355703,5,2005-07-24
16292,100424,3,2005-08-10
16292,2471304,4,2005-08-21
16292,341418,4,2005-09-04
16292,1187757,3,2005-01-27
16292,1977244,5,2005-02-08
16292,768876,4,2005-02-22
16292,401315,3,2005-03-02
16292,322497,5,2005-03-06
16292,817342,5,2005-04-04
16292,1857075,5,2005-04-15
16292,2170243,4,2005-06-19
16292,934647,4,2005-06-25
16292,556030,5,2005-09-11
16292,325617,3,2005-09-13
16292,2078160,3,2005-09-20
16292,981199,4,2005-09-23
16292,1131695,3,2005-10-22
16292,715992,5,2005-11-02
16292,147023,3,2005-11-16
16292,2376301,5,2005-11-17
16292,1231258,1,2005-12-04
16292,1458172,5,2005-12-18
16292,978881,4,2005-08-16
16292,1653637,5,2005-01-07
16292,174015,5,2005-01-27
16292,2455789,3,2005-02-02
16292,588280,1,2005-02-09
16292,701833,5,2005-02-10
16292,1098639,5,2005-02-25
16292,1149153,5,2005-02-28
16292,1438459,5,2005-03-15
16292,138835,1,2005-03-24
16292,2600172,5,2005-03-29
16292,1503757,5,2005-04-28
16292,2039705,5,2005-05-25
16292,860643,5,2005-09-08
16292,328642,4,2005-09-18
16292,1942575,5,2005-09-19
16292,124598,5,2005-09-21
16292,2276315,2,2005-10-03
16292,273277,3,2005-10-05
16292,1041833,4,2005-10-11
16292,272299,3,2005-10-12
16292,1128593,5,2005-10-13
16292,1152644,2,2005-10-17
16292,1947845,4,2005-10-27
16292,1722173,4,2005-10-28
16292,1221337,3,2005-11-20
16292,1133081,5,2005-12-13
16292,99844,5,2005-12-24
16292,1226149,5,2005-08-17
16292,1498249,4,2005-08-18
16292,1603022,3,2005-08-29
16292,272892,1,2005-02-16
16292,2191674,3,2005-04-08
16292,1459971,5,2005-06-20
16292,1746121,5,2005-09-15
16292,2516844,5,2005-09-27
16292,752862,4,2005-10-05
16292,1645186,4,2005-10-12
16292,663803,4,2005-10-16
16292,2162095,4,2005-10-19
16292,2149665,5,2005-10-25
16292,1750288,5,2005-11-02
16292,2116875,5,2005-11-13
16292,2471961,4,2005-11-25
16292,1020688,4,2005-11-26
16292,977380,2,2005-12-18
16292,910994,4,2005-07-05
16292,494440,4,2005-07-08
16292,2074458,5,2005-07-20
16292,680334,4,2005-08-10
16292,948486,4,2005-08-11
16292,2482504,1,2005-08-18
16292,1995242,4,2005-08-22
16292,1275067,2,2005-09-11
16292,1236641,4,2005-09-06
16292,134431,3,2005-02-08
16292,1707202,4,2005-02-15
16292,1473641,5,2005-03-08
16292,2222247,5,2005-05-17
16292,299805,4,2005-06-29
16292,311179,4,2005-09-16
16292,2364716,3,2005-10-10
16292,1996893,5,2005-10-25
16292,2467982,5,2005-10-25
16292,634268,1,2005-11-04
16292,1947418,5,2005-11-09
16292,397793,4,2005-11-17
16292,1595967,3,2005-12-19
16292,5618,4,2005-02-19
16292,1357619,4,2005-02-28
16292,1613004,4,2005-09-04
16292,2547683,3,2005-09-18
16292,1749406,5,2005-09-18
16292,1820040,5,2005-09-30
16292,2569217,1,2005-10-24
16292,2228502,4,2005-12-06
16292,494632,5,2005-12-14
16292,175138,2,2005-07-09
16292,1281387,5,2005-07-18
16292,457286,3,2005-02-20
16292,2076863,4,2005-08-25
16292,984791,5,2005-08-26
16292,1047445,1,2005-08-29
16292,864647,4,2005-01-20
16292,1933168,5,2005-01-23
16292,1123618,4,2005-02-12
16292,1003874,4,2005-04-03
16292,647111,4,2005-04-06
16292,2315012,2,2005-04-11
16292,744247,5,2005-05-08
16292,530000,1,2005-05-14
16292,390912,5,2005-05-17
16292,2036299,5,2005-06-27
16292,1390480,5,2005-06-21
16292,2118797,5,2005-10-06
16292,105280,1,2005-10-12
16292,1725138,5,2005-10-13
16292,623742,2,2005-10-14
16292,690770,4,2005-10-25
16292,1696636,1,2005-10-28
16292,1481728,5,2005-11-02
16292,2021092,3,2005-11-16
16292,1188105,4,2005-11-16
16292,385042,4,2005-11-21
16292,427186,4,2005-12-15
16292,740662,4,2005-07-10
16292,1544092,4,2005-07-13
16292,1242322,4,2005-02-19
16292,1770828,4,2005-08-29
16292,1518510,5,2005-05-31
16292,1526205,3,2005-10-03
16292,2094609,1,2005-10-27
16292,1275368,1,2005-11-03
16292,1854414,5,2005-11-25
16292,1023245,3,2005-12-01
16292,23354,5,2005-07-12
16292,1109491,4,2005-07-12
16292,618252,2,2005-08-23
16292,1497007,3,2005-08-27
16292,2643806,5,2005-09-08
16292,2453535,1,2005-02-23
16292,2100834,2,2005-03-18
16292,2443466,5,2005-04-17
16292,1271756,3,2005-05-25
16292,376406,4,2005-06-04
16292,1192958,3,2005-06-10
16292,1815508,3,2005-06-15
16292,1774845,5,2005-06-16
16292,1452669,3,2005-06-21
16292,1562707,1,2005-07-04
16292,953286,5,2005-09-20
16292,2515081,3,2005-11-15
16292,1432126,5,2005-12-04
16292,1486389,5,2005-12-19
16292,533270,3,2005-12-20
16292,1597530,5,2005-12-28
16292,2173968,3,2005-07-29
16292,2103785,1,2005-07-08
16292,2097249,1,2005-07-14
16292,1491763,2,2005-07-20
16292,1248467,4,2005-07-20
16292,1902510,3,2004-12-30
16292,1283171,4,2005-10-18
16292,2644945,4,2005-02-25
16292,1745577,5,2005-02-26
16292,2319476,5,2005-03-16
16292,380894,3,2005-03-17
16292,1318721,4,2005-04-13
16292,2015946,3,2005-04-24
16292,1204809,4,2005-05-11
16292,878889,5,2005-06-28
16292,938025,4,2005-06-28
16292,1385580,3,2005-06-29
16292,1001654,5,2005-09-03
16292,195075,5,2005-09-10
16292,436276,5,2005-09-25
16292,1175980,4,2005-09-27
16292,304485,3,2005-10-07
16292,652594,1,2005-10-10
16292,2083951,3,2005-10-20
16292,2255251,4,2005-12-21
16292,1814516,3,2005-11-05
16292,2646027,5,2005-12-01
16292,1816425,3,2005-12-28
16292,1692302,3,2005-07-10
16292,809898,1,2005-08-23
16292,815448,5,2004-12-31
16292,1565175,5,2005-01-28
16292,2005241,5,2005-03-08
16292,1780593,4,2005-04-06
16292,2270041,4,2005-05-22
16292,550534,5,2005-09-13
16292,873921,3,2005-09-24
16292,919510,5,2005-10-12
16292,67626,4,2005-10-18
16292,402389,4,2005-11-30
16292,2623601,3,2005-12-03
16292,2240461,4,2005-12-17
16292,86930,4,2005-07-11
16292,558055,4,2005-07-13
16292,388609,4,2005-08-11
16292,819621,3,2005-08-20
16292,539186,3,2005-08-31
16292,2394163,5,2005-02-08
16292,589682,3,2005-02-11
16292,2385533,2,2005-03-07
16292,2568493,4,2005-03-20
16292,1110164,3,2005-03-20
16292,386985,5,2005-05-09
16292,1414654,5,2005-06-30
16292,477383,3,2005-09-20
16292,1415805,4,2005-10-18
16292,1866094,3,2005-10-26
16292,309991,1,2005-11-07
16292,795473,3,2005-12-04
16292,1548016,1,2005-12-12
16292,2414147,5,2005-12-21
16292,825002,5,2005-07-15
16292,12812,4,2005-02-25
16292,45656,3,2005-03-09
16292,2498939,5,2005-03-21
16292,1329904,3,2005-04-30
16292,1679407,5,2005-06-12
16292,317407,1,2005-06-15
16292,139081,3,2005-06-20
16292,337793,4,2005-06-26
16292,2017088,4,2005-09-20
16292,980850,5,2005-09-23
16292,74122,4,2005-09-26
16292,2285993,4,2005-10-03
16292,1907843,2,2005-10-21
16292,691509,3,2005-07-11
16292,1417209,2,2005-07-12
16292,632025,5,2005-08-16
16292,938764,5,2005-09-05
16292,2142230,5,2005-02-14
16292,282887,4,2005-02-21
16292,962300,3,2005-02-25
16292,1232251,2,2005-02-28
16292,227799,5,2005-03-07
16292,922812,5,2005-03-29
16292,1790831,5,2005-04-10
16292,1854193,3,2005-05-02
16292,1277303,4,2005-05-06
16292,359054,5,2005-06-19
16292,2199854,4,2005-06-29
16292,393222,3,2005-10-03
16292,465167,4,2005-10-30
16292,93745,1,2005-11-08
16292,2322883,2,2005-07-07
16292,1962362,3,2005-07-09
16292,50465,2,2005-07-11
16292,2220400,4,2005-07-15
16292,2636781,4,2005-02-08
16292,1415977,4,2005-02-21
16292,742589,3,2005-03-13
16292,555528,4,2005-03-22
16292,422950,5,2005-06-25
16292,564169,1,2005-06-27
16292,2609960,3,2005-07-04
16292,966730,5,2005-09-20
16292,2502100,5,2005-10-03
16292,2290447,4,2005-10-21
16292,1059094,4,2005-11-04
16292,2452892,5,2005-11-20
16292,2480454,5,2005-12-14
16292,600251,5,2005-12-23
16292,874293,5,2005-07-12
16292,2481504,3,2005-07-13
16292,2141089,5,2005-07-19
16292,2485642,4,2005-08-10
16292,1133763,3,2005-08-12
16292,1257438,4,2005-02-19
16292,2086992,3,2005-08-26
16292,1005371,3,2005-08-30
16292,2233290,5,2005-01-20
16292,2018894,4,2005-01-24
16292,507873,4,2005-02-08
16292,1845189,4,2005-02-14
16292,1107588,3,2005-03-18
16292,2636392,5,2005-03-27
16292,2548386,4,2005-04-20
16292,2405561,3,2005-06-14
16292,2152273,3,2005-06-14
16292,272222,5,2005-06-16
16292,1395584,5,2005-06-16
16292,1123394,3,2005-10-04
16292,2182670,3,2005-11-02
16292,1309657,3,2005-12-21
16292,995935,5,2005-12-24
16292,1584245,5,2005-07-10
16292,2400645,5,2005-07-13
16292,517532,3,2005-07-13
16292,2136203,5,2005-08-14
16292,2082620,2,2005-08-29
16292,2528157,5,2005-08-31
16292,1755852,3,2004-12-30
16292,788617,2,2005-02-17
16292,1331406,3,2005-02-18
16292,1303573,3,2005-03-02
16292,1983441,5,2005-03-15
16292,648906,3,2005-05-19
16292,1515495,5,2005-06-14
16292,451962,3,2005-06-15
16292,2629467,1,2005-09-17
16292,570279,5,2005-09-22
16292,2051938,4,2005-09-29
16292,180371,5,2005-09-30
16292,340106,5,2005-10-08
16292,816025,2,2005-10-09
16292,89706,5,2005-10-10
16292,1903193,4,2005-10-11
16292,2371333,2,2005-11-16
16292,2255880,2,2005-11-22
16292,1518487,4,2005-12-28
16292,1071849,5,2005-07-06
16292,1756698,5,2005-07-10
16292,782551,4,2005-07-19
16292,534933,5,2004-12-22
16292,1559797,4,2005-01-31
16292,2596334,4,2005-02-12
16292,2548965,5,2005-02-24
16292,2351715,4,2005-02-26
16292,1474733,5,2005-02-28
16292,1561960,1,2005-03-02
16292,2190100,5,2005-04-23
16292,2589198,3,2005-06-08
16292,550910,4,2005-06-21
16292,1732302,4,2005-09-23
16292,686134,5,2005-09-30
16292,2076343,4,2005-10-10
16292,934163,4,2005-10-14
16292,1172228,1,2005-10-28
16292,2173514,4,2005-12-13
16292,1774039,2,2005-12-23
16292,705758,5,2005-02-19
16292,866496,3,2004-12-30
16292,2562086,3,2005-02-14
16292,2433768,5,2005-03-07
16292,370037,5,2005-03-14
16292,1621561,5,2005-03-24
16292,2238663,3,2005-05-18
16292,1986937,3,2005-05-18
16292,1399675,5,2005-05-29
16292,2535512,2,2005-06-13
16292,1159003,5,2005-06-17
16292,1569593,4,2005-06-26
16292,260797,4,2005-10-04
16292,2249265,2,2005-10-10
16292,79380,2,2005-10-11
16292,2305305,3,2005-10-20
16292,1118120,3,2005-10-22
16292,856992,5,2005-10-22
16292,2056022,2,2005-10-25
16292,2324556,1,2005-10-26
16292,1415143,3,2005-11-08
16292,1660384,5,2005-12-17
16292,1992636,4,2005-12-19
16292,520786,5,2005-07-07
16292,278136,5,2005-07-18
16292,1352849,4,2005-07-24
16292,1426920,5,2005-07-26
16292,421874,5,2005-08-01
16292,2275574,4,2004-12-17
16292,497541,3,2005-02-21
16292,76916,4,2005-02-22
16292,2510551,4,2005-04-03
16292,532045,5,2005-04-28
16292,2397185,3,2005-05-08
16292,2487901,4,2005-05-19
16292,767577,5,2005-06-19
16292,946538,5,2005-07-02
16292,2000237,5,2005-09-15
16292,585215,4,2005-10-03
16292,494293,3,2005-10-06
16292,1401815,4,2005-10-17
16292,1299611,4,2005-10-17
16292,1542441,4,2005-11-08
16292,1735806,4,2005-11-17
16292,2541565,5,2005-11-21
16292,1963921,3,2005-12-10
16292,1963686,4,2005-07-08
16292,1643299,4,2005-08-22
16292,1473171,5,2005-08-22
16292,2492984,3,2005-01-23
16292,1994100,5,2005-02-02
16292,903704,5,2005-03-09
16292,1436780,1,2005-03-23
16292,567705,3,2005-05-02
16292,1273765,3,2005-06-27
16292,168877,3,2005-10-10
16292,1187192,3,2005-10-31
16292,550530,5,2005-11-01
16292,2062853,1,2005-07-10
16292,2459168,5,2005-07-12
16292,425238,5,2005-07-19
16292,1432790,5,2005-08-07
16292,854403,1,2005-08-17
16292,669135,4,2005-09-04
16292,2416290,4,2005-01-19
16292,1034831,3,2005-02-07
16292,507167,4,2005-02-10
16292,2316429,4,2005-03-14
16292,830948,2,2005-05-12
16292,1077764,5,2005-04-29
16292,1191362,1,2005-06-17
16292,1096159,5,2005-06-29
16292,199525,5,2005-10-07
16292,141543,4,2005-10-29
16292,180699,3,2005-11-10
16292,2539096,5,2005-11-11
16292,2140686,2,2005-11-12
16292,1446912,5,2005-11-15
16292,373838,5,2005-11-16
16292,1429994,3,2005-12-03
16292,743043,5,2005-12-06
16292,1493114,5,2005-12-28
16292,1702914,1,2005-07-19
16292,148720,5,2005-08-27
16292,310887,4,2005-08-28
16292,2591828,4,2005-02-14
16292,398194,5,2005-02-16
16292,2169512,3,2005-02-17
16292,557449,5,2005-02-24
16292,566410,4,2005-02-26
16292,2176465,2,2005-02-27
16292,2048970,4,2005-03-10
16292,279504,2,2005-03-13
16292,1077082,4,2005-03-17
16292,211704,5,2005-06-09
16292,50634,3,2005-06-14
16292,294973,5,2005-06-20
16292,1161952,4,2005-10-01
16292,2420384,1,2005-10-31
16292,425590,5,2005-11-12
16292,533807,2,2005-12-13
16292,1154923,3,2005-12-30
16292,1424753,5,2005-07-14
16292,303002,5,2005-07-19
16292,1625025,3,2005-08-29
16292,2111017,5,2005-08-29
16292,339616,5,2005-08-30
16292,2465700,5,2005-02-13
16292,2315006,3,2005-03-25
16292,411290,4,2005-04-11
16292,2564260,5,2005-04-30
16292,717332,3,2005-06-04
16292,857132,5,2005-06-20
16292,441289,4,2005-06-23
16292,1256475,4,2005-09-11
16292,2483306,3,2005-11-12
16292,2577467,5,2005-11-30
16292,2356355,4,2005-07-06
16292,336578,5,2005-07-12
16292,529008,3,2005-08-15
16292,1185107,3,2005-09-08
16292,2473314,3,2005-01-12
16292,2318135,4,2005-02-09
16292,1225914,4,2005-02-11
16292,1739485,5,2005-05-26
16292,801989,5,2005-05-11
16292,1365170,4,2005-06-05
16292,2109386,4,2005-06-13
16292,2236364,5,2005-09-17
16292,441428,4,2005-09-20
16292,196494,3,2005-10-04
16292,1960214,4,2005-10-10
16292,702403,4,2005-10-13
16292,775296,4,2005-10-13
16292,616750,5,2005-10-18
16292,1812893,3,2005-10-23
16292,1630827,3,2005-10-25
16292,1707078,3,2005-11-04
16292,2254731,1,2005-11-17
16292,1359127,2,2005-11-22
16292,151926,4,2005-11-23
16292,2622657,3,2005-12-21
16292,472734,4,2005-07-08
16292,2608782,5,2005-07-08
16292,2548206,2,2005-09-01
16292,1069584,5,2005-09-04
16292,2585154,5,2004-12-14
16292,620938,3,2005-02-07
16292,2552589,1,2005-02-15
16292,1327336,4,2005-02-16
16292,1516350,3,2005-04-11
16292,940135,5,2005-05-27
16292,2305404,4,2005-06-27
16292,1905715,4,2005-07-01
16292,2558876,4,2005-09-10
16292,1415865,3,2005-10-03
16292,181816,5,2005-10-23
16292,1229628,3,2005-11-05
16292,1742928,4,2005-11-13
16292,175695,5,2005-11-19
16292,1688035,4,2005-12-14
16292,641598,1,2005-07-08
16292,504789,4,2005-07-09
16292,1522685,4,2005-07-10
16292,918761,4,2005-08-10
16292,1052017,3,2005-08-15
16292,1007057,3,2005-08-25
16292,638314,3,2005-02-10
16292,982821,4,2005-02-21
16292,1336367,4,2005-03-02
16292,1166749,2,2005-03-07
16292,1027150,5,2005-04-28
16292,385781,3,2005-05-13
16292,794040,3,2005-06-20
16292,1786918,2,2005-09-23
16292,1656801,5,2005-09-24
16292,1194884,5,2005-09-29
16292,1284016,3,2005-10-17
16292,651284,4,2005-10-19
16292,1961781,1,2005-11-01
16292,1746613,3,2005-11-02
16292,590311,4,2005-11-06
16292,2384512,3,2005-12-30
16292,2352785,4,2005-07-12
16292,1580673,3,2005-08-10
16292,1597273,5,2005-08-31
16292,2118461,5,2005-09-06
16292,1048389,3,2005-09-06
16292,11787,4,2005-02-16
16292,2024111,3,2005-02-24
16292,2217808,4,2005-03-29
16292,1806515,3,2005-09-12
16292,2289828,2,2005-09-23
16292,1270431,4,2005-09-29
16292,1741624,5,2005-10-18
16292,362430,1,2005-10-28
16292,577249,5,2005-10-29
16292,1066013,5,2005-11-29
16292,2057611,5,2005-12-09
16292,1904381,4,2005-12-21
16292,2334757,3,2005-12-31
16292,1122969,5,2005-07-11
16292,1302968,3,2005-02-19
16292,1184498,4,2005-08-09
16292,1887178,3,2005-08-22
16292,2566018,3,2005-08-23
16292,1681124,5,2005-02-04
16292,1375288,4,2005-03-07
16292,2157060,2,2005-04-05
16292,1796758,5,2005-04-16
16292,2577597,5,2005-04-26
16292,522180,5,2005-06-02
16292,2179702,4,2005-06-19
16292,1781160,5,2005-06-28
16292,703585,3,2005-09-22
16292,2525182,3,2005-11-04
16292,2131536,4,2005-11-21
16292,474114,3,2005-12-26
16292,1101454,5,2005-12-28
16292,1651964,3,2005-07-14
16292,2538567,3,2005-08-07
16292,1528397,3,2005-08-13
16292,1271103,5,2005-02-28
16292,1584985,4,2005-04-01
16292,301501,5,2005-04-02
16292,2358346,5,2005-04-19
16292,529687,3,2005-06-28
16292,761524,5,2005-09-10
16292,565877,5,2005-09-13
16292,2501886,4,2005-09-20
16292,939502,3,2005-09-22
16292,2125368,4,2005-10-03
16292,993059,5,2005-10-04
16292,2589272,5,2005-10-08
16292,1623925,3,2005-11-09
16292,1407935,3,2005-12-04
16292,2382669,1,2005-07-12
16292,1172510,4,2005-07-30
16292,1922490,5,2005-02-20
16292,1793653,5,2005-09-05
16292,387418,1,2004-11-30
16292,717139,4,2005-02-08
16292,396595,5,2005-02-10
16292,1907620,5,2005-02-12
16292,1086684,2,2005-02-14
16292,1614714,3,2005-03-07
16292,2326482,5,2005-04-15
16292,2226005,4,2005-05-31
16292,2430145,5,2005-06-07
16292,1809696,5,2005-06-24
16292,391133,5,2005-09-18
16292,500512,5,2005-10-13
16292,2062499,2,2005-10-19
16292,504064,1,2005-11-02
16292,79183,5,2005-11-16
16292,923069,4,2005-12-14
16292,1775179,4,2005-12-31
16292,698874,4,2005-07-10
16292,455682,4,2005-07-17
16292,2213569,5,2005-08-27
16292,626812,3,2005-02-10
16292,842930,5,2005-02-16
16292,2424096,5,2005-03-24
16292,1302495,4,2005-03-26
16292,1330669,4,2005-04-22
16292,471530,5,2005-04-23
16292,480612,3,2005-05-01
16292,2588755,3,2005-06-07
16292,1912034,3,2005-06-14
16292,2452430,4,2005-06-15
16292,2409465,4,2005-06-20
16292,689463,4,2005-06-24
16292,2619115,4,2005-06-27
16292,47063,3,2005-06-28
16292,1235851,4,2005-09-05
16292,2177085,5,2005-09-08
16292,2008298,4,2005-11-06
16292,571610,4,2005-12-11
16292,1694620,2,2005-07-05
16292,348960,3,2005-09-06
16292,429260,4,2004-12-14
16292,1114324,4,2005-02-08
16292,397212,1,2005-02-10
16292,1759039,4,2005-02-21
16292,684777,5,2005-03-17
16292,1151192,5,2005-04-06
16292,752743,3,2005-04-20
16292,2520933,1,2005-06-02
16292,1746476,4,2005-06-19
16292,2225256,2,2005-09-15
16292,1802059,4,2005-10-01
16292,1743431,5,2005-10-21
16292,2199795,5,2005-08-12
16292,625957,5,2005-08-28
16292,447293,4,2005-02-24
16292,835353,4,2005-03-22
16292,2054272,4,2005-03-25
16292,1789450,4,2005-06-19
16292,35580,5,2005-09-08
16292,2070706,3,2005-09-21
16292,2004362,3,2005-09-24
16292,2149035,3,2005-09-26
16292,785112,5,2005-10-18
16292,1382845,5,2005-12-05
16292,2233060,4,2005-12-05
16292,2199735,3,2005-12-20
16292,2433734,2,2005-07-06
16292,110047,4,2005-08-21
16292,340479,5,2005-07-21
16292,1255893,4,2005-07-21
16292,59002,3,2005-08-16
16292,1992642,5,2005-03-03
16292,1519929,5,2005-03-07
16292,935060,4,2005-03-08
16292,2276849,3,2005-03-15
16292,491060,2,2005-04-27
16292,1430661,1,2005-04-27
16292,1297031,5,2005-05-23
16292,993341,5,2005-06-08
16292,2274004,4,2005-06-28
16292,2242513,3,2005-09-15
16292,1068435,4,2005-09-21
16292,233329,3,2005-10-17
16292,365928,3,2005-11-01
16292,112018,5,2005-11-18
16292,1480988,5,2005-12-08
16292,1645311,5,2005-12-12
16292,1195803,5,2005-12-12
16292,293749,3,2005-12-21
16292,1789747,4,2005-07-08
16292,1101407,4,2005-08-10
16292,2073903,5,2005-08-12
16292,2213114,4,2005-08-30
16292,525666,3,2005-02-10
16292,99939,3,2005-02-20
16292,2523231,4,2005-03-03
16292,1414278,4,2005-03-12
16292,794999,5,2005-03-14
16292,9399,5,2005-03-15
16292,1114342,4,2005-03-22
16292,1777876,3,2005-04-01
16292,16273,3,2005-04-24
16292,1932594,3,2005-05-03
16292,160092,3,2005-05-03
16292,487770,4,2005-05-25
16292,129845,3,2005-06-23
16292,1395268,5,2005-09-14
16292,1958845,5,2005-09-15
16292,937361,4,2005-09-19
16292,1380372,5,2005-10-03
16292,730681,5,2005-10-06
16292,367727,5,2005-10-17
16292,2182121,2,2005-11-14
16292,20369,5,2005-12-07
16292,1372159,4,2005-12-08
16292,1177152,4,2005-12-29
16292,1854279,4,2005-08-15
16292,1938895,2,2005-08-18
16292,1814584,5,2005-08-19
16292,409343,3,2005-09-01
16292,32902,3,2005-02-26
16292,998506,4,2005-03-02
16292,1977209,4,2005-03-06
16292,1116065,4,2005-03-14
16292,2570844,2,2005-03-21
16292,1319737,4,2005-03-27
16292,733225,5,2005-04-12
16292,741486,1,2005-05-10
16292,2608976,5,2005-05-18
16292,516240,5,2005-06-07
16292,1684096,4,2005-06-30
16292,472729,4,2005-06-30
16292,1023636,3,2005-10-10
16292,1138990,4,2005-10-18
16292,1982893,5,2005-11-01
16292,1796495,1,2005-11-03
16292,1731641,1,2005-11-23
16292,591794,4,2005-11-23
16292,1613042,4,2005-12-06
16292,2167172,5,2005-12-10
16292,1317124,5,2005-12-25
16292,405915,2,2005-11-15
16292,922091,3,2005-07-12
16292,2294414,1,2005-08-23
16292,849959,5,2005-08-24
16292,2171187,4,2004-12-14
16292,987574,5,2005-02-09
16292,2566621,5,2005-02-26
16292,283468,4,2005-03-07
16292,1010632,4,2005-03-11
16292,2047171,3,2005-03-15
16292,776134,4,2005-09-18
16292,1091316,3,2005-10-01
16292,1981147,3,2005-10-25
16292,444566,4,2005-11-04
16292,1926771,4,2005-11-28
16292,1577480,5,2005-12-29
16292,126804,1,2005-08-16
16292,129853,4,2005-02-23
16292,1371339,3,2005-02-24
16292,2191762,3,2005-02-25
16292,1317472,4,2005-03-16
16292,1654721,5,2005-07-04
16292,2141614,2,2005-09-29
16292,1540721,3,2005-10-16
16292,133165,4,2005-12-04
16292,141159,4,2005-12-08
16292,942523,4,2005-07-05
16292,2455354,3,2005-07-06
16292,1152383,1,2005-07-08
16292,259271,5,2005-07-09
16292,2539350,1,2005-07-09
16292,2440559,5,2005-07-14
16292,322163,5,2004-12-29
16292,1430481,3,2005-03-26
16292,2350222,5,2005-04-11
16292,169251,4,2005-05-27
16292,205934,3,2005-09-14
16292,431066,3,2005-09-15
16292,2198129,3,2005-09-18
16292,6529,4,2005-09-19
16292,2597335,4,2005-09-27
16292,1388653,3,2005-10-29
16292,2438449,5,2005-11-01
16292,1967668,4,2005-12-01
16292,1737198,5,2005-07-06
16292,1129076,4,2005-08-14
16292,1056761,5,2005-02-19
16292,2621587,4,2004-12-12
16292,882322,4,2005-02-08
16292,2090424,5,2005-03-15
16292,375199,5,2005-04-02
16292,97199,4,2005-04-06
16292,1079115,5,2005-04-13
16292,2524045,5,2005-05-11
16292,2369115,5,2005-06-10
16292,1867238,4,2005-06-12
16292,1812378,3,2005-06-14
16292,1907290,4,2005-06-16
16292,2284436,5,2005-06-21
16292,2077566,3,2005-09-24
16292,640441,3,2005-10-02
16292,1602153,3,2005-10-31
16292,2463711,5,2005-11-27
16292,374243,3,2005-12-06
16292,1258802,5,2005-08-18
16292,812726,5,2005-08-30
16292,1048069,4,2005-06-06
16292,2186231,5,2005-06-06
16292,1099833,4,2005-06-27
16292,38958,4,2005-07-03
16292,2296057,4,2005-09-18
16292,162042,4,2005-10-01
16292,653164,4,2005-10-02
16292,339322,5,2005-10-15
16292,1616888,4,2005-10-28
16292,232758,2,2005-11-01
16292,1633923,4,2005-11-08
16292,737801,4,2005-12-07
16292,2224013,5,2005-07-08
16292,2201632,5,2005-07-09
16292,474493,5,2005-07-18
16292,105019,4,2005-08-12
16292,2041016,3,2005-08-12
16292,412724,4,2005-08-25
16292,429565,3,2005-08-30
16292,1408280,5,2004-12-14
16292,915249,5,2005-02-09
16292,2239209,3,2005-03-06
16292,657550,5,2005-03-28
16292,1218163,4,2005-04-02
16292,921684,2,2005-05-07
16292,73277,4,2005-06-14
16292,429183,2,2005-06-18
16292,2044932,5,2005-06-22
16292,2420590,5,2005-06-23
16292,418190,3,2005-06-25
16292,776939,3,2005-06-28
16292,2486071,4,2005-06-29
16292,323623,3,2005-09-30
16292,2489377,5,2005-10-10
16292,2546115,4,2005-10-27
16292,867414,4,2005-11-12
16292,145920,4,2005-11-19
16292,1315479,1,2005-11-20
16292,2087880,3,2005-12-05
16292,1787619,4,2005-12-24
16292,2077664,3,2005-07-09
16292,769314,5,2005-08-10
16292,2330786,5,2005-09-04
16292,2279048,5,2005-02-08
16292,1725728,4,2005-02-08
16292,1984967,5,2005-02-24
16292,568491,5,2005-09-15
16292,1780157,1,2005-09-20
16292,2014911,5,2005-09-23
16292,835743,3,2005-09-25
16292,1466573,5,2005-10-16
16292,1062320,3,2005-10-17
16292,1481080,5,2005-10-21
16292,1188248,4,2005-11-03
16292,408123,5,2005-12-01
16292,2325618,4,2005-12-10
16292,3460,2,2005-12-25
16292,393278,4,2005-07-13
16292,1947387,5,2005-02-19
16292,1360090,5,2005-09-06
16292,2024833,4,2005-02-08
16292,170248,4,2005-03-09
16292,1420020,1,2005-04-19
16292,1515355,5,2005-03-13
16292,2152771,5,2005-03-26
16292,189443,2,2005-05-11
16292,1937233,5,2005-09-20
16292,1006350,3,2005-09-26
16292,1823820,5,2005-10-20
16292,288127,2,2005-11-06
16292,60582,5,2005-11-16
16292,2112242,4,2005-12-09
16292,1388520,4,2005-12-15
16292,400103,5,2005-07-06
16292,994056,5,2005-07-10
16292,2636305,2,2005-07-13
16292,580492,5,2005-07-18
16292,2241161,5,2005-08-02
16292,1396067,1,2005-08-10
16292,1823065,5,2005-08-10
16292,1465155,1,2005-08-17
16292,1659075,4,2005-09-02
16292,371701,2,2005-04-03
16292,2578697,5,2005-04-23
16292,816320,4,2005-06-18
16292,2012639,5,2005-06-24
16292,1662625,2,2005-06-26
16292,263031,4,2005-07-01
16292,1438345,3,2005-09-08
16292,1542935,5,2005-09-28
16292,1752463,4,2005-10-11
16292,959614,5,2005-10-30
16292,825576,3,2005-11-15
16292,2135716,5,2005-12-12
16292,2469479,3,2005-07-12
16292,2387877,5,2005-07-18
16292,2130767,2,2005-07-25
16292,2177024,1,2005-08-04
16292,122839,3,2005-08-29
16292,844356,5,2005-03-07
16292,1996374,5,2005-05-22
16292,2503994,3,2005-05-30
16292,2233361,5,2005-06-22
16292,1301993,3,2005-07-04
16292,915959,4,2005-09-24
16292,2646766,5,2005-09-26
16292,1149289,3,2005-10-05
16292,891092,4,2005-10-13
16292,1336216,3,2005-10-24
16292,149041,5,2005-12-03
16292,1025888,5,2005-12-25
16292,512742,5,2005-08-09
16292,576223,3,2005-08-27
16292,910687,2,2005-09-01
16292,1290593,4,2005-02-01
16292,268751,5,2005-02-25
16292,478050,4,2005-04-05
16292,2110718,4,2005-04-10
16292,1139904,3,2005-05-17
16292,78404,2,2005-06-01
16292,1364103,4,2005-06-10
16292,2198123,1,2005-06-13
16292,2362017,4,2005-06-27
16292,394501,2,2005-09-12
16292,1865100,5,2005-09-15
16292,518137,3,2005-09-19
16292,2144253,4,2005-11-04
16292,1052076,3,2005-11-05
16292,1243018,5,2005-11-28
16292,1468573,5,2005-11-29
16292,2154489,5,2005-12-07
16292,2460347,1,2005-12-19
16292,1250320,4,2005-07-13
16292,2628123,4,2005-08-07
16292,1557657,3,2005-08-10
16292,972253,4,2005-08-11
16292,2338841,1,2005-08-30
16292,1813607,5,2005-09-05
16292,877856,3,2005-09-07
16292,2425586,4,2004-12-28
16292,1339428,2,2005-02-12
16292,2110645,3,2005-02-24
16292,458656,4,2005-03-14
16292,685790,5,2005-04-01
16292,62452,5,2005-05-17
16292,2274652,5,2005-06-20
16292,855421,5,2005-07-02
16292,613512,5,2005-09-14
16292,376153,4,2005-10-12
16292,2022579,2,2005-10-15
16292,1556692,2,2005-10-21
16292,1636816,5,2005-10-28
16292,1173663,5,2005-11-20
16292,2053439,1,2005-11-24
16292,1357192,4,2005-12-02
16292,1114801,3,2005-07-07
16292,1074101,1,2005-07-18
16292,2398044,4,2005-07-19
16292,923047,4,2005-07-28
16292,1002695,3,2005-02-16
16292,1278577,4,2005-02-18
16292,1648992,4,2005-02-20
16292,1590682,5,2005-03-08
16292,361702,3,2005-05-27
16292,738027,4,2005-05-28
16292,749538,4,2005-06-23
16292,2139083,4,2005-06-29
16292,1790432,4,2005-09-13
16292,820600,1,2005-09-15
16292,1428378,4,2005-10-24
16292,1210904,4,2005-11-09
16292,1233851,2,2005-12-06
16292,1868251,3,2005-12-12
16292,455231,2,2005-12-20
16292,2420029,4,2005-07-13
16292,1789263,1,2005-07-30
16292,2538442,4,2005-08-25
16292,19930,4,2005-03-07
16292,1658151,4,2005-03-13
16292,1273191,3,2005-04-03
16292,1789683,5,2005-05-25
16292,1644320,4,2005-06-26
16292,1658790,4,2005-06-29
16292,1677325,5,2005-07-04
16292,72284,5,2005-09-05
16292,760943,1,2005-09-06
16292,2238060,5,2005-09-10
16292,2260513,5,2005-10-30
16292,828433,5,2005-10-15
16292,688288,1,2005-10-24
16292,2329485,5,2005-10-30
16292,584973,5,2005-11-03
16292,1006164,4,2005-12-28
16292,819056,5,2005-07-13
16292,588178,4,2005-07-21
16292,1582784,4,2005-08-24
16292,867381,5,2005-02-10
16292,2232563,4,2005-02-10
16292,981057,5,2005-02-21
16292,268846,4,2005-02-26
16292,28346,4,2005-02-28
16292,292335,3,2005-03-13
16292,2203809,5,2005-03-21
16292,2029858,3,2005-04-22
16292,216760,4,2005-06-09
16292,1852040,2,2005-06-24
16292,631558,4,2005-06-24
16292,830855,3,2005-06-29
16292,1247572,5,2005-06-30
16292,497992,4,2005-09-12
16292,216363,1,2005-10-17
16292,407121,5,2005-12-05
16292,1122318,5,2005-12-06
16292,1850024,5,2005-12-06
16292,216779,5,2005-12-06
16292,262621,4,2005-12-08
16292,2378377,2,2005-07-20
16292,2642382,4,2005-08-12
16292,1501462,5,2005-02-14
16292,391708,4,2005-02-15
16292,88231,1,2005-03-09
16292,1486956,2,2005-03-26
16292,2210387,4,2005-05-22
16292,2553792,5,2005-06-30
16292,586717,5,2005-07-01
16292,1022601,2,2005-09-10
16292,287566,4,2005-11-28
16292,1604519,3,2005-07-10
16292,385710,5,2005-08-10
16292,2394268,3,2005-08-27
16292,947218,5,2005-02-09
16292,1467145,5,2005-02-11
16292,515436,2,2005-02-13
16292,2439163,5,2005-03-05
16292,1610456,5,2005-03-15
16292,2099795,5,2005-04-26
16292,1612913,1,2005-06-07
16292,1607021,5,2005-06-15
16292,2385763,5,2005-06-20
16292,2607099,5,2005-09-09
16292,2341871,4,2005-09-26
16292,1321712,4,2005-11-17
16292,345028,3,2005-07-16
16292,1404585,5,2005-07-20
16292,2521633,3,2005-08-11
16292,1980583,4,2005-09-03
16292,391521,3,2005-02-15
16292,51464,5,2005-03-01
16292,1654617,3,2005-03-02
16292,2504092,4,2005-03-07
16292,266454,3,2005-03-09
16292,1359713,3,2005-03-12
16292,2320697,3,2005-05-13
16292,2013987,4,2005-06-28
16292,253916,2,2005-10-18
16292,162313,5,2005-10-24
16292,347701,4,2005-10-30
16292,1757042,3,2005-11-02
16292,1387129,5,2005-11-03
16292,939942,5,2005-12-27
16292,2381792,3,2005-07-05
16292,1453826,5,2005-07-06
16292,238808,4,2005-07-08
16292,1713226,5,2005-07-17
16292,788892,3,2005-07-21
16292,674397,1,2005-08-11
16292,1968217,5,2005-02-08
16292,1420080,5,2005-02-22
16292,1275703,5,2005-06-03
16292,702244,5,2005-06-22
16292,1737201,4,2005-06-25
16292,1878354,4,2005-06-29
16292,1023566,3,2005-09-17
16292,1322200,5,2005-09-18
16292,1464103,4,2005-10-16
16292,1622165,5,2005-11-03
16292,2229381,1,2005-11-12
16292,350009,5,2005-11-22
16292,330526,5,2005-12-08
16292,1824240,3,2005-12-24
16292,2242413,4,2005-07-13
16292,195658,1,2005-07-18
16292,1298193,5,2005-07-19
16292,363230,4,2005-07-26
16292,2457403,1,2005-08-29
16292,2307381,5,2005-09-03
16292,2234535,4,2004-12-29
16292,2225609,1,2005-02-09
16292,1078333,4,2005-03-16
16292,2488350,5,2005-06-09
16292,1570135,5,2005-06-26
16292,2435889,1,2005-06-27
16292,253492,2,2005-09-19
16292,1895930,3,2005-10-11
16292,1517379,5,2005-11-01
16292,1753873,4,2005-11-08
16292,1497973,3,2005-11-08
16292,1167064,5,2005-11-14
16292,2193058,3,2005-11-22
16292,2047108,1,2005-11-27
16292,199323,4,2005-12-19
16292,489702,3,2005-08-30
16292,2435489,3,2005-09-02
16292,945578,3,2004-12-30
16292,243882,2,2005-02-28
16292,272840,5,2005-03-09
16292,2306984,3,2005-04-03
16292,114130,2,2005-04-05
16292,78846,1,2005-04-20
16292,666431,5,2005-05-27
16292,21823,4,2005-06-20
16292,1002870,3,2005-06-28
16292,860589,5,2005-09-09
16292,17665,5,2005-09-19
16292,2595023,4,2005-09-27
16292,1954186,2,2005-11-12
16292,1078000,5,2005-11-13
16292,970176,5,2005-07-16
16292,685038,5,2005-07-16
16292,900950,4,2005-09-07
16292,524841,5,2005-08-21
16292,2429938,5,2005-02-11
16292,1629229,5,2005-03-01
16292,2331946,5,2005-03-01
16292,2344229,3,2005-03-17
16292,14601,3,2005-06-14
16292,569694,4,2005-06-18
16292,747035,5,2005-07-02
16292,2031728,2,2005-07-03
16292,1969692,1,2005-09-11
16292,2446246,3,2005-09-15
16292,2279710,4,2005-09-16
16292,2287507,5,2005-09-29
16292,29989,5,2005-11-21
16292,1956081,5,2005-11-25
16292,2358416,3,2005-12-12
16292,913140,1,2005-12-30
16292,2132919,3,2005-07-21
16292,1733623,5,2005-07-22
16292,2597800,3,2005-08-09
16292,46265,5,2005-08-22
16292,1941785,3,2005-08-26
16292,2072238,3,2005-02-08
16292,1611692,3,2005-02-16
16292,1416989,4,2005-02-28
16292,1664944,3,2005-03-28
16292,1838742,4,2005-04-04
16292,610780,3,2005-04-08
16292,1125075,3,2005-05-05
16292,927917,3,2005-06-12
16292,441723,3,2005-06-14
16292,361691,1,2005-06-29
16292,401624,3,2005-07-04
16292,2184687,3,2005-09-16
16292,237550,4,2005-09-26
16292,1552475,5,2005-10-27
16292,1879067,3,2005-10-28
16292,1246729,4,2005-11-04
16292,2492695,4,2005-12-08
16292,2073629,3,2005-07-08
16292,1924871,5,2005-07-18
16292,87134,4,2005-07-21
16292,1281487,5,2005-08-09
16292,2270619,5,2005-08-10
16292,2223715,4,2005-08-18
16292,1557222,5,2005-08-25
16292,1562252,5,2005-08-26
16292,2071029,5,2005-09-04
16292,1369546,4,2005-09-06
16292,770339,5,2005-02-08
16292,965381,3,2005-03-02
16292,1795694,4,2005-03-28
16292,1249961,3,2005-04-27
16292,1660784,4,2005-05-05
16292,1017918,3,2005-06-08
16292,323241,5,2005-06-11
16292,939582,4,2005-09-09
16292,830362,4,2005-09-21
16292,2482502,3,2005-10-08
16292,1187767,3,2005-12-01
16292,2633357,3,2005-07-25
16292,177123,4,2005-08-13
16292,1804602,4,2005-08-16
16292,1854375,2,2005-08-21
16292,2508242,3,2005-08-23
16292,2562456,1,2005-08-27
16292,556412,2,2005-12-16
16292,1987806,4,2005-01-28
16292,1602924,3,2005-02-03
16292,1638786,4,2005-02-09
16292,1491590,4,2005-02-15
16292,2623797,3,2005-02-24
16292,831388,5,2005-03-17
16292,453585,4,2005-03-29
16292,750367,5,2005-04-07
16292,2480287,5,2005-04-22
16292,2385389,4,2005-06-17
16292,2104133,5,2005-09-09
16292,1623104,4,2005-09-13
16292,1584211,5,2005-09-17
16292,1460453,3,2005-09-22
16292,442546,5,2005-10-07
16292,502274,1,2005-10-12
16292,319526,3,2005-10-23
16292,2616318,5,2005-12-14
16292,998433,2,2005-12-26
16292,563965,1,2005-12-26
16292,2052563,2,2005-12-27
16292,1335814,5,2005-12-31
