4436,1080030,3,2005-05-11
4436,1332711,4,2003-09-18
4436,487169,5,2004-08-31
4436,1591166,4,2005-09-02
4436,2625420,2,2005-03-17
4436,2589362,2,2003-09-09
4436,1694765,4,2005-04-13
4436,668470,3,2003-11-26
4436,216194,3,2004-07-09
4436,336781,4,2005-01-10
4436,2378011,4,2004-04-11
4436,146795,4,2004-09-14
4436,1009622,1,2005-01-19
4436,2295756,4,2005-06-29
4436,1805679,4,2004-11-11
4436,2245673,5,2003-10-14
4436,790820,3,2005-04-25
4436,1492735,2,2004-03-18
4436,215082,3,2004-10-27
4436,987647,4,2004-08-22
4436,1594057,2,2004-02-14
4436,1728556,2,2004-05-20
4436,1200886,4,2004-05-28
4436,1292571,2,2004-06-19
4436,848866,3,2004-01-07
4436,2439493,1,2003-06-13
4436,1989918,4,2004-04-01
4436,666032,3,2004-02-16
4436,2635437,3,2005-05-14
4436,2162676,1,2005-12-07
4436,1199204,4,2005-04-12
4436,2163530,4,2003-10-30
4436,1265391,5,2003-09-15
4436,471174,5,2004-11-02
4436,2096362,3,2005-04-12
4436,1695779,2,2005-11-14
4436,2341219,5,2004-08-05
4436,2217779,3,2003-08-19
4436,2640999,1,2005-10-24
4436,2457095,3,2004-11-01
4436,754814,3,2004-02-14
4436,282715,3,2005-02-09
4436,1277590,2,2004-09-21
4436,878405,4,2005-03-09
4436,2410986,2,2005-09-07
4436,1018184,1,2004-08-17
4436,405705,3,2005-09-28
4436,102527,4,2004-08-30
4436,2183749,2,2004-06-04
4436,1132410,2,2005-03-25
4436,670137,4,2005-06-04
4436,1022194,3,2004-12-08
4436,615123,3,2005-10-12
4436,1664010,4,2005-10-13
4436,2082114,4,2004-10-14
4436,9107,3,2004-12-01
4436,1550740,4,2005-06-26
4436,2256295,2,2004-12-13
4436,357178,2,2004-04-20
4436,1229482,4,2005-04-15
4436,456110,4,2004-05-25
4436,1389432,3,2003-10-23
4436,659664,4,2004-09-23
4436,2273061,3,2004-06-08
4436,566197,1,2004-04-04
4436,122197,1,2005-03-09
4436,1105058,1,2004-08-06
4436,1312448,1,2003-07-27
4436,1688743,3,2004-02-07
4436,491115,4,2004-11-24
4436,552324,2,2005-10-30
4436,261639,4,2003-09-23
4436,707326,4,2004-07-11
4436,366612,1,2004-12-11
4436,190051,2,2004-10-07
4436,2106579,3,2004-01-27
4436,230112,1,2004-08-26
4436,2619357,3,2005-02-19
4436,2297770,5,2004-11-11
4436,2054047,4,2005-01-24
4436,1875008,3,2004-01-20
4436,2256485,1,2004-11-09
4436,2518730,2,2004-12-28
4436,682963,3,2005-06-27
4436,1693721,4,2004-12-26
4436,399343,3,2004-06-30
4436,1329110,4,2003-08-01
4436,2434166,4,2004-06-11
4436,2566492,4,2005-04-15
4436,305344,1,2003-07-12
4436,761515,4,2004-05-03
4436,1519265,2,2004-04-30
4436,1496236,2,2004-07-21
4436,1481361,5,2004-09-06
4436,1450106,4,2003-10-24
4436,1986877,2,2005-02-14
4436,336215,4,2003-11-13
4436,240425,5,2004-03-06
4436,2448201,3,2004-07-12
4436,37570,3,2004-04-02
4436,1144968,3,2004-08-09
4436,236699,4,2004-07-02
4436,1929215,1,2003-08-26
4436,141007,2,2004-06-07
4436,1148806,2,2004-09-10
4436,2056022,2,2004-10-04
4436,1435519,3,2005-02-27
4436,989629,3,2004-01-24
4436,949770,3,2005-03-08
4436,1728944,3,2005-03-28
4436,1806515,3,2005-09-29
4436,2118461,4,2005-12-20
4436,690939,3,2004-10-15
4436,5256,2,2005-03-06
4436,387418,2,2003-09-09
4436,571119,4,2003-10-29
4436,471607,4,2004-04-09
4436,1219087,4,2004-07-28
4436,2234167,5,2005-05-06
4436,836912,3,2004-11-26
4436,1222729,3,2004-09-01
4436,1639792,1,2003-06-12
4436,1364481,4,2004-01-25
4436,844356,5,2005-03-15
4436,1977362,2,2004-01-15
4436,1530733,3,2003-11-26
4436,513177,3,2004-01-03
4436,1309785,3,2004-12-14
4436,120491,4,2004-11-17
4436,1707198,3,2004-04-20
4436,1977780,4,2004-05-04
4436,1260533,3,2004-07-24
4436,1334128,3,2004-02-29
4436,1693347,4,2005-01-20
4436,1198887,4,2004-04-28
4436,1544723,2,2003-09-14
4436,564449,4,2004-11-24
