13817,1329923,4,2005-09-25
13817,247794,2,2002-12-22
13817,1815643,2,2004-11-18
13817,1971581,2,2005-05-28
13817,1977959,2,2002-08-03
13817,47411,4,2003-07-09
13817,922922,3,2003-07-04
13817,1830096,3,2003-03-04
13817,598898,3,2005-07-11
13817,382281,4,2005-01-02
13817,1808930,2,2005-07-26
13817,1752827,2,2005-07-22
13817,409592,3,2005-08-22
13817,2445300,2,2005-03-11
13817,1595493,2,2005-07-30
13817,1622628,1,2005-02-08
13817,1365299,1,2005-10-04
13817,264429,4,2005-01-28
13817,2647197,2,2005-07-13
13817,1491667,2,2005-09-07
13817,512117,1,2002-02-28
13817,1237130,5,2005-02-01
13817,2209618,5,2002-10-20
13817,2274617,1,2005-01-09
13817,2205614,3,2002-05-02
13817,1225458,2,2004-09-14
13817,2237185,2,2005-03-24
13817,840333,1,2003-04-29
13817,2439493,1,2002-07-13
13817,284829,1,2004-08-09
13817,1313483,4,2005-07-22
13817,1793159,2,2005-05-12
13817,1147641,1,2002-04-24
13817,1805932,2,2004-02-18
13817,2457095,1,2004-10-25
13817,1366512,3,2005-02-09
13817,85747,3,2005-05-24
13817,1876520,1,2002-05-13
13817,857675,4,2003-06-26
13817,1179034,2,2005-04-21
13817,2127497,2,2003-05-29
13817,931316,2,2003-10-29
13817,751145,2,2001-12-27
13817,1741344,2,2005-03-20
13817,2083367,3,2002-11-13
13817,437371,3,2003-02-18
13817,1681382,3,2005-06-09
13817,1426989,1,2003-08-25
13817,603349,5,2004-03-24
13817,1407214,3,2002-10-29
13817,2280179,1,2005-07-23
13817,1725081,1,2004-02-19
13817,1664010,3,2005-10-12
13817,1506841,2,2004-11-29
13817,1096430,3,2005-02-24
13817,1805980,3,2005-09-27
13817,2223273,2,2002-06-17
13817,286684,2,2002-05-07
13817,1117152,3,2005-07-27
13817,510942,1,2004-01-20
13817,683124,5,2004-05-14
13817,2393981,1,2001-11-07
13817,1297347,2,2004-01-09
13817,1190203,4,2004-08-23
13817,1655578,4,2001-04-04
13817,1432546,3,2004-05-29
13817,1119611,3,2004-09-14
13817,2089599,1,2004-01-19
13817,2606799,2,2005-05-16
13817,1146000,1,2002-01-27
13817,17707,1,2005-08-26
13817,798296,1,2002-11-19
13817,1185349,2,2005-03-14
13817,16272,1,2002-07-27
13817,1088988,3,2004-01-31
13817,2379079,3,2005-11-08
13817,1294471,1,2003-06-07
13817,305344,3,2003-05-16
13817,1773465,3,2005-01-29
13817,2137713,3,2004-04-09
13817,520371,3,2004-04-24
13817,679033,2,2005-10-03
13817,1184470,3,2005-12-05
13817,306569,1,2000-03-21
13817,296755,4,2004-10-18
13817,1340801,1,2001-02-08
13817,2186547,3,2005-05-02
13817,8382,2,2002-09-28
13817,752642,1,2002-07-16
13817,168902,2,2005-03-21
13817,66305,3,2004-09-22
13817,349267,3,2004-03-29
13817,1722054,5,2003-08-26
13817,873299,2,2003-07-29
13817,1578807,2,2005-11-10
13817,397883,1,2002-05-07
13817,1278941,2,2005-06-22
13817,1865997,1,2001-01-30
13817,1298173,2,2003-02-17
13817,2118461,4,2005-12-18
13817,1935388,2,2004-08-09
13817,2254751,3,2001-10-23
13817,387418,2,2003-08-24
13817,871482,3,2005-08-09
13817,1988633,3,2003-04-15
13817,204154,1,2002-05-20
13817,1836840,3,2002-04-02
13817,2487127,1,2004-04-02
13817,2073793,3,2003-03-16
13817,1162156,2,2003-10-28
13817,1486911,3,2004-09-29
13817,805853,3,2005-01-26
13817,1061195,3,2003-11-27
13817,1461435,1,2002-04-25
13817,2229237,1,2004-03-11
13817,2457210,4,2005-09-19
13817,359115,3,2002-06-08
13817,924352,3,2003-02-26
13817,2311867,3,2003-04-10
13817,769335,5,2005-09-05
13817,1639792,1,2002-04-24
13817,1531924,1,2004-02-03
13817,2143500,1,2005-01-28
13817,2349702,3,2002-07-22
13817,1851283,3,2004-11-27
13817,551427,2,2005-09-25
13817,235092,2,2004-02-10
13817,1249866,1,2005-05-22
