9059,41412,1,2002-04-11
9059,1607938,3,2002-08-24
9059,2263006,4,2005-10-16
9059,654599,5,2005-10-31
9059,2328558,5,2002-07-11
9059,1066843,5,2003-07-11
9059,494802,1,2004-11-02
9059,989704,1,2005-02-08
9059,2351571,4,2005-05-09
9059,1539341,2,2002-03-16
9059,1282325,2,2003-01-10
9059,1738262,4,2004-07-20
9059,2235489,4,2003-02-21
9059,1495318,4,2003-04-14
9059,209200,4,2003-05-28
9059,12876,5,2005-11-15
9059,2346512,4,2005-11-17
9059,1243274,1,2002-11-15
9059,1710042,4,2003-09-25
9059,1436630,3,2005-09-24
9059,588513,3,2005-12-05
9059,1118368,3,2004-05-04
9059,1736826,4,2005-06-09
9059,1498198,4,2004-05-11
9059,322178,1,2005-02-18
9059,407669,3,2005-09-28
9059,2402990,2,2003-01-21
9059,2079929,3,2004-04-17
9059,2144844,3,2003-12-01
9059,185495,2,2003-08-22
9059,603908,4,2002-07-16
9059,539782,2,2003-03-25
9059,2030523,4,2005-08-20
9059,303948,4,2004-10-31
9059,2600558,4,2004-11-04
9059,763779,2,2005-02-06
9059,1224299,4,2005-03-18
9059,1267500,3,2005-03-25
9059,941624,4,2005-09-26
9059,1232084,3,2003-10-01
9059,789517,3,2004-10-31
9059,2337218,5,2005-01-24
9059,1597207,1,2005-02-24
9059,31764,1,2003-05-02
9059,2505108,5,2002-06-01
9059,10273,2,2002-03-18
9059,2072158,2,2003-09-19
9059,290916,1,2004-08-30
9059,1581300,4,2005-04-16
9059,992351,4,2002-05-17
9059,479779,4,2003-07-30
9059,1027819,2,2003-09-11
9059,1603364,3,2004-11-04
9059,1681133,4,2005-04-10
9059,2069695,5,2005-10-02
9059,897692,3,2005-08-03
9059,206374,2,2003-09-24
9059,178113,2,2003-04-08
9059,1197233,1,2005-01-26
9059,1375808,5,2005-04-02
9059,1471205,4,2005-11-11
9059,316857,5,2005-11-22
9059,2093058,3,2002-05-02
9059,1190429,2,2002-12-25
9059,43751,4,2002-08-09
9059,2544413,4,2004-02-04
9059,260074,3,2004-08-18
9059,85550,3,2003-09-06
9059,472012,3,2004-07-09
9059,1179117,2,2005-03-02
9059,2473345,2,2005-09-24
9059,2353875,3,2003-12-26
9059,954707,2,2002-04-05
9059,2266083,4,2005-08-26
9059,311641,1,2004-11-27
9059,992519,4,2005-05-04
9059,2119007,3,2005-12-06
9059,1886783,3,2002-05-10
9059,323012,2,2003-12-05
9059,1195401,3,2003-12-03
9059,1840435,3,2003-08-15
9059,420350,4,2002-03-06
9059,1509395,3,2004-10-07
9059,140351,4,2004-01-21
9059,2320544,3,2005-02-18
9059,2494007,3,2003-12-12
9059,680132,3,2005-01-29
9059,2015782,3,2005-05-02
9059,2342060,2,2003-11-25
9059,318199,3,2003-05-09
9059,1712782,2,2004-05-14
9059,17336,3,2005-05-23
9059,1696308,4,2005-11-07
9059,2086252,4,2005-11-18
9059,1997619,3,2005-12-15
9059,2084925,5,2003-08-15
9059,1226844,2,2003-04-02
9059,1168472,4,2003-10-06
9059,1077336,4,2005-04-13
9059,819103,3,2002-10-22
9059,758932,3,2002-05-22
9059,743797,4,2003-12-26
9059,1834234,3,2004-07-04
9059,1001129,3,2004-12-13
9059,2413457,3,2004-12-19
9059,269442,3,2005-04-06
9059,380354,2,2005-05-12
9059,2496628,2,2003-12-26
9059,1220169,3,2003-05-06
9059,2403039,4,2003-08-16
9059,875319,4,2004-06-28
9059,760072,3,2004-12-25
9059,1044851,3,2005-01-27
9059,789969,4,2005-03-28
9059,2233782,4,2005-04-29
9059,47312,3,2005-06-15
9059,2238612,3,2002-04-21
9059,1516537,3,2003-04-15
9059,1735441,3,2003-08-24
9059,585917,3,2004-11-29
9059,848211,3,2005-11-12
9059,973703,4,2005-12-27
9059,2129436,4,2003-03-04
9059,75949,4,2003-08-17
9059,1782629,5,2003-08-20
9059,2640550,3,2003-01-03
9059,492531,4,2003-06-06
9059,503463,3,2005-08-29
9059,962564,3,2004-11-01
9059,1347949,5,2005-02-11
9059,2252336,2,2002-06-22
9059,956264,3,2003-03-24
9059,1727751,4,2003-11-03
9059,1288714,1,2005-02-13
9059,1862392,3,2003-06-01
9059,672399,3,2002-08-05
9059,1832697,3,2003-08-16
9059,727242,1,2004-11-22
9059,2190901,4,2005-04-10
9059,960135,4,2003-02-24
9059,1329413,5,2004-05-18
9059,2397914,2,2004-11-03
9059,1936750,3,2005-02-06
9059,1030857,1,2005-02-21
9059,2460896,3,2005-04-06
9059,248143,3,2003-08-18
9059,1371422,1,2005-06-09
9059,614672,2,2002-04-05
9059,1272379,1,2002-03-25
9059,67770,4,2002-09-11
9059,1563429,5,2002-05-30
9059,2329027,3,2003-02-14
9059,1579616,4,2005-11-08
9059,2147473,3,2002-09-04
9059,826193,5,2005-08-16
9059,1546749,3,2003-07-03
9059,622618,4,2004-09-20
9059,1314869,3,2005-04-23
9059,1024578,5,2005-10-11
9059,1082169,4,2002-07-24
9059,1719610,3,2005-08-04
9059,1255703,5,2004-12-08
9059,958440,5,2005-05-02
9059,1882485,5,2005-06-23
9059,2417957,3,2005-10-02
9059,2132862,3,2005-11-08
9059,769235,4,2004-03-13
9059,1687310,4,2003-01-11
9059,264581,3,2002-08-19
9059,637533,3,2004-02-07
9059,626444,4,2004-11-24
9059,2255373,3,2005-02-23
9059,636262,3,2005-09-22
9059,2040831,4,2005-07-16
9059,1730191,2,2002-05-03
9059,689026,2,2004-06-11
9059,1412898,2,2004-12-14
9059,90421,4,2005-04-04
9059,1053758,4,2004-01-29
9059,2508065,5,2003-05-09
9059,2062350,5,2004-12-11
9059,2593882,1,2004-12-14
9059,94915,3,2002-09-08
9059,2591503,1,2003-07-11
9059,277223,3,2003-06-17
9059,397684,5,2005-08-20
9059,2416772,3,2004-10-03
9059,1803940,5,2005-04-10
9059,1819462,1,2005-04-15
9059,2439493,1,2003-01-23
9059,1041370,4,2003-08-27
9059,2530263,5,2005-10-07
9059,425819,1,2003-12-08
9059,1866912,5,2005-08-18
9059,1952860,5,2004-11-08
9059,1298147,3,2005-05-18
9059,2011343,3,2005-06-09
9059,946101,5,2005-10-14
9059,595803,2,2002-04-13
9059,308088,3,2002-03-19
9059,2225637,3,2005-03-11
9059,1134379,3,2005-05-24
9059,1259082,4,2005-11-08
9059,1917946,1,2005-03-08
9059,2532587,5,2005-04-18
9059,246980,2,2005-05-22
9059,782308,3,2004-07-31
9059,189887,3,2003-01-09
9059,1116080,3,2005-08-08
9059,1046567,3,2004-05-23
9059,698188,5,2004-08-02
9059,2392226,2,2002-07-31
9059,2214619,3,2005-08-01
9059,890310,2,2004-12-29
9059,1430108,3,2005-03-16
9059,170539,5,2005-04-09
9059,1678265,3,2002-05-12
9059,1612973,4,2002-04-04
9059,924960,4,2002-04-25
9059,1939431,4,2005-08-05
9059,1059719,2,2003-12-30
9059,582181,3,2003-09-24
9059,1707572,3,2005-03-29
9059,1295473,3,2005-09-30
9059,51144,3,2003-02-21
9059,1964980,4,2004-12-01
9059,1913414,3,2005-04-20
9059,2105771,4,2005-10-27
9059,1355260,3,2005-11-04
9059,831869,3,2004-12-23
9059,99400,5,2005-09-16
9059,2257938,1,2002-07-28
9059,1096707,4,2005-08-10
9059,548695,2,2003-06-19
9059,651625,3,2004-11-22
9059,342928,4,2005-02-05
9059,361630,2,2005-02-27
9059,938006,5,2005-02-19
9059,46913,4,2003-07-01
9059,1442105,2,2004-10-24
9059,1531029,1,2005-02-21
9059,2386684,3,2005-05-27
9059,2631054,3,2002-06-03
9059,2489990,3,2002-09-13
9059,2091736,5,2003-07-05
9059,563398,4,2002-05-19
9059,864232,3,2004-01-08
9059,1938678,2,2004-11-15
9059,659029,1,2004-12-08
9059,152807,3,2005-03-17
9059,1791124,2,2005-04-13
9059,297742,3,2005-04-30
9059,2401847,4,2005-06-10
9059,2179371,3,2004-02-03
9059,698597,4,2003-04-08
9059,1099506,3,2003-10-24
9059,2464236,1,2004-07-15
9059,1036262,3,2002-10-15
9059,2464924,2,2002-07-25
9059,667579,4,2003-02-26
9059,1689590,2,2005-03-09
9059,997488,3,2003-03-03
9059,407037,1,2004-11-12
9059,2456767,4,2004-12-14
9059,659246,3,2005-04-04
9059,1172958,5,2005-04-04
9059,1438147,3,2005-05-19
9059,533527,1,2002-04-12
9059,985407,3,2003-11-05
9059,2140196,3,2003-06-29
9059,721992,3,2004-08-17
9059,1903324,1,2004-11-22
9059,984474,4,2005-01-30
9059,1098351,3,2002-04-16
9059,1071524,5,2005-08-16
9059,641221,4,2003-07-21
9059,2424683,3,2004-08-23
9059,2576676,1,2005-02-21
9059,2270401,3,2005-04-28
9059,1528385,2,2005-11-16
9059,2230491,4,2003-12-29
9059,1986034,3,2003-04-16
9059,769702,2,2005-02-06
9059,1803243,3,2005-09-19
9059,2323551,4,2003-10-29
9059,469654,5,2004-05-16
9059,1870664,4,2004-07-19
9059,281340,5,2003-07-23
9059,1902117,5,2005-08-10
9059,1430258,4,2004-05-21
9059,1885242,3,2003-04-22
9059,1970232,3,2004-02-02
9059,1567167,2,2004-11-02
9059,2457095,1,2004-12-27
9059,277837,2,2005-02-17
9059,1393584,3,2005-10-18
9059,1809161,5,2004-07-24
9059,1876520,1,2002-05-03
9059,1200461,4,2004-09-27
9059,1435261,4,2004-12-09
9059,332241,4,2005-07-08
9059,2438440,4,2002-04-15
9059,2541385,4,2002-03-22
9059,595778,2,2002-06-20
9059,2648861,4,2003-11-20
9059,1259229,1,2003-10-06
9059,1693002,4,2004-04-30
9059,101635,3,2004-04-14
9059,236815,3,2004-10-25
9059,1105029,2,2004-12-30
9059,1489224,3,2005-02-23
9059,1558023,3,2005-03-02
9059,232083,3,2005-09-20
9059,2373873,3,2003-06-29
9059,1423063,2,2004-03-03
9059,1385788,1,2005-02-17
9059,1573228,2,2003-10-09
9059,1007684,3,2002-09-01
9059,611440,3,2003-08-28
9059,7620,3,2004-01-22
9059,2438585,3,2004-01-10
9059,1036350,3,2005-06-18
9059,682970,2,2002-04-22
9059,496436,1,2002-10-01
9059,608648,4,2002-10-28
9059,443572,5,2003-07-28
9059,870059,5,2004-08-03
9059,177889,5,2004-12-15
9059,2072762,1,2005-02-20
9059,814455,1,2004-10-26
9059,1106241,1,2005-12-09
9059,2533130,2,2003-04-01
9059,1358544,5,2004-02-02
9059,2461227,4,2004-12-20
9059,1700308,2,2005-06-08
9059,1861248,4,2005-04-12
9059,2295295,3,2005-06-24
9059,2537509,3,2005-11-08
9059,403915,3,2002-02-25
9059,2369820,3,2004-12-27
9059,507603,1,2005-04-02
9059,1004652,4,2002-03-30
9059,116977,1,2002-04-08
9059,732936,3,2002-04-20
9059,1467079,4,2005-03-20
9059,2575908,5,2005-09-25
9059,1460828,3,2004-07-27
9059,595870,3,2004-12-27
9059,1700486,4,2005-02-05
9059,431074,3,2005-02-18
9059,1013642,4,2002-07-23
9059,1174264,5,2004-04-23
9059,1186778,3,2004-08-10
9059,74175,5,2004-08-31
9059,452494,5,2004-09-19
9059,1153013,5,2004-10-30
9059,680736,3,2005-05-29
9059,1494821,3,2005-03-06
9059,982212,1,2005-04-08
9059,2083367,1,2002-07-09
9059,102383,5,2005-08-02
9059,779533,4,2003-12-13
9059,1777133,3,2004-10-15
9059,2552319,2,2005-04-03
9059,269344,1,2005-05-15
9059,747052,5,2003-04-23
9059,1447381,3,2003-02-28
9059,675283,4,2003-06-16
9059,851676,3,2004-12-20
9059,2457781,1,2005-04-11
9059,925365,3,2005-06-05
9059,425125,4,2005-10-30
9059,1470123,1,2002-10-24
9059,1925090,5,2005-08-26
9059,1997074,5,2003-09-06
9059,2417531,3,2003-02-14
9059,1437343,3,2004-03-01
9059,157667,1,2004-09-01
9059,930538,2,2004-11-06
9059,1559075,3,2003-04-15
9059,701443,2,2003-08-28
9059,2273779,3,2002-02-13
9059,2118885,2,2004-10-05
9059,2203225,1,2004-10-24
9059,1071050,4,2005-06-29
9059,1995099,3,2005-12-07
9059,2510089,2,2003-08-25
9059,2090477,3,2003-11-03
9059,2016002,3,2004-11-09
9059,1664010,5,2005-10-12
9059,65292,1,2002-11-28
9059,2097803,3,2002-08-03
9059,468871,3,2002-10-29
9059,260858,4,2005-02-15
9059,2306624,3,2005-09-11
9059,1175576,3,2002-12-29
9059,2344104,2,2005-08-08
9059,57816,3,2002-11-02
9059,776905,4,2005-09-04
9059,782890,4,2004-04-27
9059,114738,5,2005-05-01
9059,1062954,3,2002-07-04
9059,583344,3,2002-04-13
9059,323510,4,2002-12-06
9059,1995052,4,2002-06-16
9059,1642678,3,2004-04-24
9059,2002123,4,2004-12-04
9059,576990,1,2004-12-09
9059,1508444,5,2005-07-29
9059,1894755,3,2003-02-12
9059,80354,3,2003-08-14
9059,2635011,4,2005-05-12
9059,747635,4,2005-11-09
9059,519761,2,2002-04-10
9059,1499287,2,2002-06-17
9059,651629,5,2003-04-17
9059,1811688,3,2003-05-20
9059,1269877,3,2004-08-22
9059,1723945,5,2003-09-15
9059,379499,2,2004-12-03
9059,2414326,1,2005-01-01
9059,1622150,2,2005-04-09
9059,2410085,4,2005-12-26
9059,455024,3,2005-12-29
9059,462171,2,2002-03-19
9059,2484878,4,2002-07-31
9059,1091276,3,2003-05-14
9059,495444,4,2003-02-12
9059,219746,5,2003-08-18
9059,2263041,4,2003-12-09
9059,708293,3,2005-01-25
9059,2297136,1,2005-06-01
9059,588332,3,2003-09-15
9059,455334,2,2003-01-07
9059,2498949,1,2004-10-31
9059,209024,3,2004-11-16
9059,2006505,3,2004-12-08
9059,2099780,2,2005-04-27
9059,1063188,5,2005-11-09
9059,981455,5,2002-06-16
9059,1224275,3,2003-11-28
9059,1955660,2,2004-04-26
9059,873713,1,2004-10-25
9059,975592,1,2002-08-06
9059,561166,2,2003-02-28
9059,1155339,1,2002-06-21
9059,1983679,5,2003-12-02
9059,1040475,2,2004-05-19
9059,942442,4,2004-05-13
9059,2509048,4,2004-11-25
9059,4084,3,2002-09-23
9059,1898294,4,2003-06-22
9059,2498932,4,2005-08-23
9059,1601152,2,2005-06-30
9059,993550,2,2002-03-08
9059,1851429,4,2002-05-04
9059,108506,3,2004-08-14
9059,2318166,3,2004-01-16
9059,862040,3,2005-03-12
9059,1298511,2,2003-07-05
9059,184888,2,2002-05-31
9059,2480648,2,2003-03-20
9059,2395915,5,2004-03-06
9059,2283154,4,2003-10-08
9059,915688,5,2005-11-26
9059,1191404,4,2002-04-06
9059,2555100,1,2002-04-03
9059,946335,3,2003-06-01
9059,1351211,2,2003-08-30
9059,2003342,3,2004-12-21
9059,1905098,5,2005-01-19
9059,525071,2,2005-03-21
9059,1218115,2,2005-05-19
9059,2585641,3,2005-10-31
9059,1126227,4,2002-04-29
9059,1821474,2,2003-11-04
9059,976865,4,2003-06-18
9059,224795,1,2004-11-23
9059,1657241,5,2005-11-16
9059,1392145,4,2002-09-07
9059,1403511,2,2004-01-16
9059,2458701,3,2002-07-19
9059,2122103,5,2003-09-07
9059,2216196,5,2004-09-17
9059,1935793,1,2005-03-19
9059,1813774,3,2003-09-08
9059,808020,2,2004-11-14
9059,145616,3,2005-04-18
9059,2429498,3,2005-05-03
9059,412040,1,2003-07-31
9059,2487603,2,2002-04-09
9059,2152497,2,2005-07-11
9059,71594,2,2002-03-09
9059,2487779,4,2004-07-18
9059,177004,4,2003-10-25
9059,773432,3,2005-08-17
9059,2510873,5,2003-05-20
9059,424513,1,2003-12-04
9059,1122947,3,2005-02-14
9059,2265867,3,2005-05-16
9059,458675,5,2005-11-26
9059,1716251,5,2004-07-16
9059,1138354,4,2005-09-16
9059,574055,4,2005-10-30
9059,1598259,5,2005-12-13
9059,417898,4,2003-06-01
9059,2049319,3,2003-12-26
9059,722591,4,2003-06-21
9059,2579012,3,2005-01-05
9059,2353437,3,2005-03-29
9059,2447858,3,2005-06-29
9059,1915811,3,2003-11-25
9059,1913355,3,2004-09-22
9059,1790212,3,2004-10-13
9059,608234,2,2004-10-31
9059,3321,1,2005-09-27
9059,2225743,1,2004-10-14
9059,2377061,3,2005-04-27
9059,1309403,2,2005-10-08
9059,1203835,2,2002-02-25
9059,1403764,3,2004-09-07
9059,2107839,2,2005-05-17
9059,1587998,2,2005-12-27
9059,1101587,2,2003-02-14
9059,2348165,3,2004-08-25
9059,948541,2,2004-10-13
9059,1116511,4,2004-11-20
9059,1490538,3,2005-01-08
9059,2583997,5,2005-03-01
9059,415520,3,2002-11-16
9059,2534061,1,2002-11-13
9059,554587,2,2002-04-13
9059,491531,4,2002-04-27
9059,620733,3,2004-05-22
9059,1800459,5,2004-09-13
9059,488865,3,2005-03-28
9059,641214,1,2005-11-12
9059,111002,3,2002-07-26
9059,1448440,2,2004-04-26
9059,58399,3,2002-06-26
9059,111338,4,2003-05-13
9059,732104,4,2003-07-08
9059,2059141,4,2004-11-06
9059,2327851,5,2004-08-07
9059,880786,4,2003-10-22
9059,850560,3,2004-09-21
9059,920065,1,2004-12-22
9059,320856,3,2005-02-26
9059,2258238,3,2005-03-21
9059,1348368,4,2005-04-14
9059,292681,2,2005-11-26
9059,1691081,3,2004-10-19
9059,2001447,5,2005-01-30
9059,1438031,5,2005-03-09
9059,2606799,3,2005-05-16
9059,1167439,2,2003-09-06
9059,2282997,4,2002-06-15
9059,761476,2,2002-08-16
9059,271346,3,2003-11-11
9059,1950639,4,2004-06-29
9059,504981,2,2004-11-11
9059,951823,3,2005-03-18
9059,1504990,2,2003-09-08
9059,401178,4,2002-08-06
9059,2510262,3,2003-02-12
9059,1633756,2,2004-11-26
9059,1060393,3,2005-04-22
9059,801981,4,2005-07-09
9059,2363228,3,2005-06-10
9059,479605,3,2003-03-03
9059,771094,3,2002-04-05
9059,933082,2,2002-06-22
9059,716173,5,2005-08-23
9059,1595652,4,2004-04-29
9059,2461907,4,2003-11-18
9059,735007,2,2004-05-18
9059,2145537,3,2004-08-31
9059,968647,3,2004-10-18
9059,2183347,3,2004-11-07
9059,2133849,1,2004-12-25
9059,2127108,3,2005-01-30
9059,528560,3,2005-04-09
9059,1069048,1,2005-10-11
9059,1919197,3,2005-07-27
9059,1917524,2,2002-06-05
9059,704117,3,2003-03-17
9059,796737,3,2003-09-18
9059,1265711,4,2004-07-21
9059,730961,4,2004-10-11
9059,798296,2,2002-12-08
9059,1567970,3,2004-06-22
9059,520507,1,2004-12-29
9059,1071141,2,2005-04-01
9059,504620,3,2005-08-03
9059,777172,3,2005-07-22
9059,2276056,2,2002-04-20
9059,16272,2,2002-08-07
9059,2105494,2,2005-06-26
9059,1719554,4,2005-06-27
9059,742717,5,2005-09-28
9059,2467845,3,2003-03-29
9059,2184504,1,2002-08-06
9059,128068,4,2003-11-02
9059,2490423,1,2005-05-03
9059,51453,3,2002-07-29
9059,417746,5,2005-08-16
9059,2067117,4,2004-02-25
9059,1747640,5,2005-01-03
9059,1920265,4,2005-02-11
9059,2334709,4,2005-12-10
9059,2387463,4,2003-12-18
9059,551459,3,2003-12-21
9059,334643,1,2003-04-03
9059,2429728,4,2005-08-05
9059,11043,3,2004-11-18
9059,370734,5,2005-12-30
9059,388784,3,2004-11-27
9059,1675280,3,2005-07-16
9059,600424,3,2002-06-28
9059,1476054,3,2002-09-17
9059,1575939,5,2004-08-21
9059,1627955,1,2005-01-26
9059,1458814,3,2005-02-05
9059,2496016,5,2005-07-08
9059,1258916,1,2002-05-22
9059,2462494,1,2003-05-13
9059,312304,2,2004-06-22
9059,1729739,3,2003-03-03
9059,664443,4,2003-10-08
9059,1685538,4,2004-04-22
9059,2120185,4,2004-09-22
9059,707367,2,2005-03-22
9059,305344,3,2003-05-11
9059,1281253,3,2003-06-17
9059,2272475,4,2003-04-13
9059,498716,5,2004-09-25
9059,472292,1,2005-07-29
9059,1485947,2,2003-03-15
9059,1064752,2,2003-05-07
9059,1044681,4,2003-11-16
9059,1006470,3,2004-06-22
9059,2597551,4,2004-03-01
9059,1557927,3,2004-12-02
9059,508573,3,2005-03-28
9059,672801,2,2002-01-26
9059,1714874,3,2002-10-11
9059,2311110,4,2004-05-12
9059,1261691,2,2004-08-31
9059,305938,3,2004-10-25
9059,1287962,3,2005-06-09
9059,1710658,2,2005-12-15
9059,1591278,5,2004-07-23
9059,2089279,4,2003-08-01
9059,1719780,2,2004-09-20
9059,8815,5,2004-09-22
9059,827240,3,2004-12-30
9059,2147527,3,2005-02-03
9059,129511,2,2005-12-05
9059,1450484,4,2003-08-14
9059,76023,3,2004-12-14
9059,1596469,2,2005-03-15
9059,993606,5,2005-04-03
9059,679147,5,2002-05-18
9059,1501056,3,2004-06-17
9059,1326474,3,2003-09-09
9059,1035863,3,2004-12-11
9059,678911,5,2005-10-24
9059,2129633,1,2005-10-29
9059,1254920,3,2005-07-26
9059,1269917,4,2004-07-27
9059,588280,1,2005-01-05
9059,1486688,3,2005-03-14
9059,1568124,4,2005-06-07
9059,912999,3,2002-04-29
9059,1548699,3,2003-06-23
9059,1169771,4,2005-08-02
9059,536793,2,2003-01-05
9059,114884,1,2005-09-08
9059,2327693,4,2005-12-09
9059,620861,2,2002-10-01
9059,91953,3,2002-09-15
9059,680334,4,2005-12-26
9059,1448938,3,2005-07-26
9059,640323,3,2002-05-16
9059,801162,2,2004-06-24
9059,1035000,2,2005-02-17
9059,362008,3,2002-09-27
9059,352218,3,2003-07-09
9059,2411118,3,2005-08-22
9059,7383,3,2004-01-30
9059,1633009,3,2004-10-19
9059,1725138,3,2005-10-15
9059,468608,3,2003-02-13
9059,1392820,5,2004-07-16
9059,2144951,1,2005-04-07
9059,970684,4,2005-07-20
9059,1420308,2,2004-10-25
9059,2110107,4,2002-10-23
9059,170549,5,2004-04-04
9059,589571,3,2005-02-09
9059,1751577,2,2005-06-29
9059,962224,3,2005-09-05
9059,609236,5,2003-09-20
9059,2511278,3,2004-04-18
9059,1327241,5,2005-04-24
9059,24408,1,2005-10-11
9059,337793,4,2005-07-10
9059,2158747,1,2002-10-13
9059,2457404,2,2003-05-19
9059,2515799,3,2004-05-10
9059,1783225,2,2003-11-21
9059,1585125,4,2005-06-08
9059,2089287,3,2005-12-03
9059,2172924,5,2004-05-25
9059,2199854,5,2005-04-10
9059,2345454,3,2005-10-31
9059,1440291,4,2002-07-02
9059,555528,4,2003-05-04
9059,304413,4,2003-07-15
9059,1690559,3,2004-07-24
9059,696059,1,2005-02-24
9059,546751,4,2002-08-03
9059,2485642,3,2005-08-26
9059,1068705,4,2003-08-12
9059,1416853,4,2004-05-19
9059,2539966,1,2005-01-19
9059,507873,1,2005-03-23
9059,552908,5,2005-10-21
9059,712419,2,2003-08-05
9059,1387197,2,2004-05-05
9059,24218,4,2003-02-24
9059,1561960,2,2005-01-29
9059,1986937,3,2002-02-28
9059,504051,3,2002-08-12
9059,816435,2,2005-07-31
9059,336807,2,2003-09-30
9059,2056022,2,2005-06-07
9059,1178805,5,2004-11-29
9059,2470711,3,2002-05-05
9059,1256045,1,2003-09-30
9059,792264,3,2005-07-31
9059,2560121,1,2004-03-23
9059,1279143,5,2005-08-22
9059,1991699,3,2003-06-28
9059,51218,1,2004-09-02
9059,2270644,5,2005-12-08
9059,650595,2,2005-08-04
9059,1289985,2,2003-07-05
9059,997164,3,2005-02-17
9059,1469999,5,2005-09-30
9059,363858,3,2004-02-20
9059,2458095,4,2003-12-16
9059,1611086,5,2005-07-28
9059,1432790,3,2005-08-07
9059,2247982,2,2004-08-17
9059,2637338,5,2004-07-30
9059,1083621,3,2005-04-12
9059,934125,5,2005-10-24
9059,2539096,5,2005-11-25
9059,1896143,3,2003-01-12
9059,563942,3,2002-04-22
9059,248288,4,2003-02-28
9059,1803687,3,2003-10-06
9059,310887,3,2005-08-28
9059,2456889,4,2004-10-07
9059,54942,2,2004-12-09
9059,2176465,1,2005-02-18
9059,2393478,1,2005-04-19
9059,129097,2,2005-12-17
9059,747411,3,2005-07-13
9059,813594,2,2002-06-22
9059,1179379,4,2004-01-18
9059,2373208,5,2004-06-12
9059,1160772,3,2004-07-11
9059,1036641,3,2004-10-02
9059,2525117,2,2003-01-24
9059,537637,3,2003-10-27
9059,472734,5,2005-02-09
9059,2186920,3,2005-02-17
9059,2133714,5,2005-05-11
9059,1973951,3,2005-05-26
9059,2152465,3,2005-11-23
9059,322064,2,2005-12-28
9059,826947,4,2002-10-31
9059,1963904,3,2004-12-08
9059,385781,4,2005-02-07
9059,1806515,3,2005-07-17
9059,964302,4,2003-05-14
9059,1541916,4,2002-08-25
9059,1718691,4,2003-07-22
9059,301466,2,2005-04-10
9059,2118461,5,2005-10-27
9059,1925605,1,2002-04-30
9059,372530,4,2002-09-25
9059,612690,2,2003-08-27
9059,2070875,4,2004-06-05
9059,1184498,3,2005-03-11
9059,1401726,3,2005-06-14
9059,743734,3,2005-10-23
9059,351529,2,2005-12-07
9059,2582358,4,2003-01-22
9059,225177,2,2003-05-10
9059,2195086,2,2005-08-29
9059,1157467,1,2004-04-13
9059,1407935,3,2005-03-08
9059,1105686,4,2005-03-17
9059,540484,3,2002-07-01
9059,387418,3,2003-08-14
9059,605424,5,2003-03-22
9059,2231014,3,2004-05-10
9059,468584,2,2005-03-25
9059,1230857,2,2002-09-15
9059,2625824,5,2004-11-26
9059,1208353,5,2005-05-12
9059,1029163,1,2002-05-06
9059,348960,2,2005-09-07
9059,679166,5,2005-03-16
9059,1786716,4,2005-03-19
9059,2500968,3,2005-06-15
9059,359236,3,2005-10-29
9059,625957,5,2005-07-26
9059,580236,2,2003-12-28
9059,1954759,2,2002-05-08
9059,2347632,3,2003-09-12
9059,1262628,3,2003-02-12
9059,1134871,1,2002-10-16
9059,2296573,3,2004-12-02
9059,933895,5,2004-12-12
9059,1564191,1,2005-01-26
9059,974375,4,2003-06-18
9059,1453915,4,2003-12-28
9059,794999,5,2004-05-27
9059,492291,2,2004-12-24
9059,1932594,3,2005-05-03
9059,377407,2,2002-06-25
9059,2584689,4,2002-07-09
9059,1324830,3,2002-03-30
9059,356615,3,2002-05-16
9059,462128,3,2004-12-10
9059,1616437,3,2005-01-27
9059,1708356,4,2005-03-25
9059,1306378,3,2004-07-29
9059,2171187,2,2003-01-17
9059,1778710,2,2003-07-08
9059,1765047,4,2004-03-06
9059,1060658,2,2004-11-27
9059,399637,1,2005-02-24
9059,1295057,3,2005-08-09
9059,505109,3,2004-02-18
9059,1045614,1,2005-05-05
9059,1257336,1,2004-11-23
9059,1398256,2,2005-06-15
9059,2621354,5,2005-07-16
9059,1461435,1,2002-02-11
9059,2257598,3,2003-03-11
9059,2189563,3,2004-09-21
9059,2505825,4,2005-02-28
9059,2224487,3,2005-09-26
9059,1602153,3,2005-07-11
9059,921585,2,2003-04-07
9059,1276711,2,2005-02-22
9059,2311867,3,2002-12-22
9059,23370,4,2002-06-13
9059,162042,4,2005-08-18
9059,2580300,4,2004-04-29
9059,2289268,5,2005-09-15
9059,232758,2,2005-11-11
9059,2186235,3,2005-02-25
9059,694737,2,2005-04-05
9059,112119,2,2005-04-20
9059,530014,4,2005-05-10
9059,2116966,3,2005-05-23
9059,418190,3,2005-06-25
9059,31503,3,2002-03-27
9059,792879,4,2004-04-28
9059,1791001,3,2003-02-11
9059,2086615,2,2002-08-13
9059,2182415,4,2003-04-13
9059,1688442,3,2004-08-13
9059,571756,2,2005-10-16
9059,67134,2,2002-03-07
9059,1639792,1,2002-04-03
9059,290754,5,2002-08-07
9059,353214,3,2002-06-09
9059,1515355,3,2003-02-24
9059,2568994,2,2004-11-07
9059,1094132,3,2005-05-03
9059,618847,5,2002-12-09
9059,371701,2,2005-03-08
9059,644334,2,2005-08-01
9059,1138652,5,2004-04-11
9059,467433,2,2002-06-04
9059,956647,5,2004-06-07
9059,657985,3,2003-08-22
9059,342396,2,2004-09-08
9059,911122,4,2005-03-25
9059,2460347,1,2005-05-02
9059,599986,4,2002-05-08
9059,1195511,4,2002-12-31
9059,1647154,3,2005-04-06
9059,2274652,3,2005-04-06
9059,1381478,4,2005-10-11
9059,1623924,2,2005-07-11
9059,1768472,4,2005-07-22
9059,1620406,4,2005-03-06
9059,2530465,3,2002-04-30
9059,1789683,4,2005-08-08
9059,2238060,5,2004-08-18
9059,569309,3,2002-03-09
9059,1075362,2,2003-01-13
9059,82019,4,2003-03-25
9059,1707198,2,2004-03-07
9059,1092677,3,2004-03-06
9059,1004579,5,2003-08-09
9059,1331824,3,2004-01-20
9059,2075925,3,2004-12-31
9059,610024,2,2005-01-04
9059,561959,3,2002-04-13
9059,1247177,1,2004-04-25
9059,32754,2,2005-01-26
9059,629389,1,2005-02-21
9059,1925458,3,2005-06-07
9059,1454489,5,2003-08-08
9059,1856814,4,2004-11-22
9059,623671,1,2003-05-28
9059,1877590,3,2005-12-16
9059,1456579,4,2003-01-19
9059,243940,4,2005-07-17
9059,1362044,2,2002-04-16
9059,428688,1,2002-04-24
9059,1556093,2,2002-03-30
9059,985864,3,2002-11-05
9059,1988192,2,2003-09-20
9059,2142073,5,2005-09-18
9059,2337865,2,2003-05-28
9059,311101,3,2003-09-06
9059,1556565,4,2003-11-19
9059,1444177,5,2004-10-15
9059,1313126,3,2005-08-01
9059,771209,2,2005-08-15
9059,1431311,3,2004-12-09
9059,2446246,2,2005-09-15
9059,2521955,3,2005-09-28
9059,1711724,5,2003-07-10
9059,898636,3,2004-11-04
9059,710867,3,2005-11-17
9059,582114,2,2003-07-25
9059,801171,4,2005-08-20
9059,822391,1,2004-10-23
9059,1740238,2,2004-11-21
9059,1282963,2,2005-04-17
9059,1105526,4,2005-04-26
9059,242175,4,2005-07-01
9059,1525070,3,2004-07-12
9059,2456457,2,2005-03-10
9059,2633357,2,2005-04-03
9059,1140184,3,2005-05-04
9059,2151468,1,2005-05-14
9059,15737,3,2005-10-02
9059,1272199,4,2005-11-03
