13917,2088663,3,2004-09-18
13917,1977959,3,2002-05-08
13917,47411,4,2005-01-19
13917,922922,3,2003-09-05
13917,1830096,4,2003-06-26
13917,262411,3,2003-10-28
13917,1232084,2,2003-12-08
13917,39526,1,2004-08-28
13917,2105661,2,2003-11-30
13917,155342,1,2003-01-21
13917,2520513,3,2005-07-29
13917,2304204,2,2002-10-18
13917,1574264,4,2005-06-12
13917,1236996,4,2005-10-17
13917,1745470,4,2004-12-22
13917,235789,3,2004-10-27
13917,1194542,2,2004-03-31
13917,1314869,3,2005-02-09
13917,1703879,3,2004-08-25
13917,1586647,2,2002-03-05
13917,2237185,2,2002-08-09
13917,2439493,1,2003-01-14
13917,668540,5,2002-12-26
13917,1034714,3,2004-07-21
13917,2345098,2,2005-11-04
13917,1024854,1,2002-05-27
13917,1951367,3,2003-11-24
13917,1110156,2,2004-04-10
13917,757456,2,2004-03-09
13917,1596531,4,2004-09-01
13917,1147641,1,2002-04-27
13917,539235,2,2000-03-29
13917,85747,3,2005-11-22
13917,364749,2,2004-11-08
13917,751145,2,2003-11-25
13917,1732840,2,2004-09-30
13917,2083367,2,2002-10-25
13917,2250323,2,2003-07-26
13917,599480,2,2004-06-18
13917,1276023,4,2003-06-30
13917,1664010,3,2005-10-13
13917,1725374,3,2005-01-19
13917,451011,2,2005-11-07
13917,297927,2,2004-06-28
13917,681642,2,2002-07-29
13917,1214824,3,2004-08-16
13917,2043784,1,2003-03-25
13917,1212829,1,2003-01-24
13917,462171,1,2001-10-25
13917,1914535,1,2005-09-28
13917,683124,3,2005-11-04
13917,1267228,2,2005-07-25
13917,491531,1,2002-08-04
13917,2510301,1,2004-02-08
13917,1851346,4,2003-01-14
13917,1299887,3,2005-03-19
13917,798296,1,2002-10-07
13917,305344,2,2003-05-21
13917,416560,2,2002-09-21
13917,1403217,2,2005-08-23
13917,761014,2,2005-01-09
13917,643718,1,2002-06-08
13917,490057,3,2001-11-11
13917,752642,3,2001-07-12
13917,2035541,3,2002-11-10
13917,237861,2,2004-03-24
13917,2016046,3,2004-06-25
13917,170178,2,2004-10-12
13917,325073,3,2002-08-28
13917,1935388,2,2002-05-24
13917,387418,2,2003-09-07
13917,1932594,2,2005-01-22
13917,1061195,3,2003-12-04
13917,618820,3,2005-03-22
13917,1663888,3,2004-12-26
13917,1461435,1,2002-04-24
13917,1639792,1,2002-04-24
13917,1297940,2,2003-06-18
13917,2312406,1,2003-04-24
