14256,2473170,4,2004-04-27
14256,1294425,3,2005-07-12
14256,2350758,4,2004-09-15
14256,2242037,3,2003-09-30
14256,979767,4,2003-12-26
14256,530441,5,2004-06-02
14256,716091,3,2004-12-09
14256,1278891,2,2005-09-11
14256,2380973,5,2005-11-22
14256,247794,3,2003-05-21
14256,15378,2,2002-01-09
14256,2144525,4,2005-01-09
14256,574843,4,2005-09-19
14256,1401287,3,2005-10-03
14256,1845836,4,2005-12-29
14256,603277,3,2002-03-14
14256,2535052,3,2004-03-27
14256,482788,2,2002-06-03
14256,1648646,4,2002-05-02
14256,2625420,2,2004-03-15
14256,1579371,4,2004-06-23
14256,595730,4,2004-09-15
14256,1709606,3,2005-01-01
14256,643091,2,2004-12-25
14256,2179335,5,2005-05-25
14256,1134700,3,2005-07-01
14256,1409469,4,2004-06-27
14256,839182,2,2003-12-15
14256,1686685,4,2004-09-07
14256,818736,4,2004-04-04
14256,2504147,4,2004-12-17
14256,145212,3,2005-02-17
14256,2260788,1,2005-02-26
14256,1245752,3,2005-07-20
14256,1977959,3,2002-07-08
14256,2331306,3,2003-06-01
14256,1925623,4,2004-03-31
14256,18517,4,2004-06-18
14256,1050707,2,2005-09-20
14256,873230,4,2005-11-03
14256,2589362,4,2002-11-16
14256,683427,3,2004-01-03
14256,1060407,4,2004-01-16
14256,2383183,1,2004-09-14
14256,2217731,3,2005-03-06
14256,2168178,2,2005-03-15
14256,834933,3,2005-05-21
14256,642513,3,2005-09-30
14256,2517706,3,2004-12-12
14256,1874317,4,2004-11-10
14256,1981282,5,2005-11-21
14256,1825075,4,2002-07-23
14256,303948,3,2004-08-16
14256,1224299,4,2005-03-18
14256,1749615,2,2004-01-31
14256,2518195,2,2002-03-15
14256,639194,3,2004-08-16
14256,141745,2,2003-07-29
14256,872028,4,2004-11-01
14256,127681,5,2005-03-07
14256,2287832,1,2005-05-01
14256,1035650,4,2005-06-29
14256,1253718,3,2005-09-26
14256,904369,4,2004-06-09
14256,1399335,3,2004-07-08
14256,1673185,2,2004-08-05
14256,945258,3,2004-02-26
14256,2602249,3,2004-08-12
14256,1307897,2,2004-02-19
14256,1799789,2,2003-05-31
14256,1594764,2,2003-06-23
14256,1107022,4,2004-07-22
14256,1077945,3,2004-04-12
14256,1994550,3,2004-10-06
14256,2186436,2,2005-01-31
14256,2585719,2,2005-03-03
14256,1187949,4,2005-03-20
14256,2507537,4,2005-04-22
14256,1224265,3,2005-06-21
14256,2642044,5,2005-06-28
14256,1961575,3,2005-09-21
14256,700511,4,2005-12-14
14256,1438790,3,2004-01-13
14256,929308,3,2003-09-15
14256,1716677,3,2005-08-06
14256,2061934,4,2004-07-19
14256,1614895,3,2004-05-28
14256,601041,4,2004-07-22
14256,61472,3,2003-09-13
14256,293288,3,2004-06-26
14256,2461508,4,2004-12-06
14256,1509566,3,2005-09-08
14256,350899,3,2003-04-22
14256,2301393,2,2003-05-12
14256,969892,3,2004-06-11
14256,342330,4,2004-07-20
14256,1602952,1,2003-07-16
14256,2093522,4,2004-04-07
14256,604606,4,2005-01-05
14256,1179117,3,2005-02-18
14256,525356,3,2003-10-14
14256,66109,4,2004-03-25
14256,1916244,2,2005-08-17
14256,92266,4,2003-08-06
14256,476765,2,2004-03-28
14256,2300271,3,2005-04-05
14256,493830,4,2004-08-02
14256,323012,2,2003-09-16
14256,1009622,5,2003-11-04
14256,1907148,4,2004-08-30
14256,1424487,3,2004-11-14
14256,401047,4,2005-05-31
14256,31835,5,2005-11-23
14256,326567,5,2004-07-05
14256,244994,4,2004-12-07
14256,2576966,4,2005-11-19
14256,821883,2,2002-03-30
14256,1141143,3,2004-04-16
14256,1176800,1,2005-08-08
14256,885087,5,2004-07-08
14256,1494153,3,2004-10-19
14256,2207643,3,2004-10-19
14256,2576428,2,2005-03-09
14256,746988,3,2005-06-22
14256,192068,3,2005-10-04
14256,2436309,2,2005-10-13
14256,2081751,3,2005-11-15
14256,2085613,3,2001-12-06
14256,2520513,4,2004-06-08
14256,505375,1,2004-07-29
14256,1033710,5,2005-01-19
14256,2081711,3,2005-02-16
14256,513509,4,2005-07-04
14256,1575223,3,2005-11-04
14256,2367755,3,2004-09-02
14256,1023101,3,2003-12-12
14256,901520,3,2003-08-11
14256,1731106,2,2003-06-10
14256,2451785,3,2004-01-26
14256,148394,3,2004-12-16
14256,448201,5,2001-12-24
14256,1528662,3,2004-08-16
14256,2344038,4,2004-06-20
14256,2645991,2,2004-11-22
14256,2465236,2,2005-01-10
14256,1187402,3,2003-08-16
14256,757078,3,2005-08-11
14256,503235,2,2004-08-04
14256,229617,3,2004-06-15
14256,332259,3,2004-11-09
14256,2504343,3,2004-12-27
14256,940583,4,2005-01-31
14256,951446,3,2005-02-15
14256,1583564,4,2005-02-21
14256,2519638,2,2005-03-08
14256,2136330,4,2005-03-11
14256,2037602,3,2004-06-16
14256,1338471,4,2003-09-30
14256,1927580,3,2004-04-22
14256,716874,4,2005-06-26
14256,2047145,3,2005-10-08
14256,120427,3,2005-10-14
14256,89800,3,2005-12-29
14256,495198,3,2003-09-17
14256,103619,3,2004-03-31
14256,188678,3,2003-06-15
14256,1019877,5,2004-07-20
14256,2162539,4,2004-11-29
14256,2237950,4,2005-02-21
14256,2526674,4,2005-05-24
14256,755544,2,2005-06-08
14256,394194,2,2004-04-28
14256,2227147,3,2005-08-10
14256,2470582,2,2004-09-09
14256,2251582,3,2004-09-22
14256,560821,4,2005-05-31
14256,727242,1,2002-10-22
14256,103852,3,2004-01-21
14256,1662356,2,2005-01-07
14256,1938992,2,2005-04-25
14256,1098790,4,2002-06-04
14256,793433,4,2003-05-30
14256,2103030,2,2003-05-29
14256,1558950,3,2005-12-12
14256,1635708,5,2005-12-29
14256,2479842,3,2003-12-08
14256,411705,4,2004-04-21
14256,153743,3,2005-03-14
14256,676732,1,2004-11-04
14256,2600419,3,2004-06-07
14256,704917,3,2003-09-29
14256,694107,3,2003-09-11
14256,1788346,1,2003-05-14
14256,741285,3,2005-11-04
14256,2476691,2,2003-09-25
14256,1054564,2,2004-04-11
14256,1194542,4,2004-03-31
14256,2604453,5,2004-02-03
14256,153577,4,2005-08-19
14256,259497,3,2004-08-02
14256,2566832,3,2005-04-20
14256,795530,4,2005-12-08
14256,1251664,2,2005-12-24
14256,835847,3,2003-07-24
14256,1792741,3,2002-07-24
14256,110288,3,2004-02-14
14256,565559,3,2003-01-21
14256,96972,2,2004-04-14
14256,2193323,2,2003-04-08
14256,1078129,4,2003-03-07
14256,415672,4,2004-06-01
14256,206954,4,2004-02-27
14256,1314869,3,2004-08-05
14256,1772203,2,2004-12-09
14256,1749925,2,2005-06-14
14256,1923732,3,2005-07-19
14256,2004274,3,2003-09-29
14256,864172,4,2004-06-24
14256,1703879,3,2004-08-03
14256,2570720,4,2004-09-11
14256,2561529,3,2004-08-31
14256,300016,1,2004-12-01
14256,441146,3,2005-01-09
14256,1232164,3,2005-02-18
14256,1517889,3,2005-10-24
14256,560352,5,2005-11-09
14256,905074,4,2005-11-17
14256,779635,3,2004-06-02
14256,1204249,5,2003-09-01
14256,851848,2,2005-07-24
14256,324977,3,2004-02-17
14256,493587,3,2004-10-06
14256,366028,3,2004-10-20
14256,1382862,3,2005-03-24
14256,2381405,4,2005-09-13
14256,1304280,3,2004-06-14
14256,2237185,3,2001-12-05
14256,1166912,3,2003-05-22
14256,1849541,3,2004-03-12
14256,1412898,2,2004-12-14
14256,2414026,3,2005-04-22
14256,2115962,5,2005-09-30
14256,2066039,4,2005-12-24
14256,2002671,3,2003-02-14
14256,2193613,5,2003-05-14
14256,501300,4,2004-03-22
14256,146006,4,2004-11-29
14256,1409728,3,2005-02-18
14256,1699835,2,2005-05-15
14256,451291,3,2001-12-26
14256,423607,5,2004-04-27
14256,2219204,5,2003-05-02
14256,1329933,4,2003-05-27
14256,2550108,5,2004-02-10
14256,428831,1,2005-06-23
14256,1157288,2,2005-11-16
14256,1463088,4,2002-06-13
14256,2439493,1,2003-05-09
14256,1356923,3,2004-06-20
14256,850603,4,2004-10-07
14256,975141,2,2004-12-07
14256,1802419,3,2005-03-03
14256,2042154,2,2005-06-22
14256,530789,4,2005-07-04
14256,2505993,2,2003-02-13
14256,1669517,2,2002-08-24
14256,2089577,2,2003-10-10
14256,1446150,4,2004-05-27
14256,1034714,2,2004-06-16
14256,1952860,3,2004-09-27
14256,2518928,3,2004-12-03
14256,1042715,4,2005-04-21
14256,154944,3,2005-07-09
14256,485083,4,2003-12-20
14256,284829,5,2004-07-26
14256,147386,4,2004-09-19
14256,974506,2,2004-12-08
14256,324024,1,2004-12-21
14256,2627829,3,2005-11-15
14256,1087944,3,2004-07-31
14256,853460,4,2005-07-30
14256,214593,4,2004-01-08
14256,1969210,4,2004-09-01
14256,1691090,2,2004-10-04
14256,72451,4,2005-04-01
14256,2269885,3,2005-12-09
14256,1340960,4,2003-04-01
14256,1789430,3,2003-05-29
14256,1545709,3,2002-03-30
14256,147858,1,2002-10-30
14256,2046161,3,2003-07-25
14256,2234049,4,2005-08-19
14256,231513,4,2004-06-22
14256,238740,3,2004-08-29
14256,2642209,3,2005-01-25
14256,1073450,5,2005-04-06
14256,186809,5,2005-06-10
14256,2549238,4,2005-06-30
14256,170539,4,2004-08-18
14256,94487,2,2005-04-23
14256,895427,4,2005-05-07
14256,808604,2,2005-11-03
14256,1152690,2,2005-08-01
14256,2023883,5,2004-07-11
14256,1394707,1,2004-09-16
14256,2138216,4,2004-07-10
14256,492714,3,2004-10-05
14256,629068,2,2005-05-12
14256,2020685,3,2005-10-11
14256,1938102,3,2002-09-18
14256,592734,4,2004-04-28
14256,1516909,4,2004-04-26
14256,469045,2,2005-04-08
14256,1051993,3,2005-06-09
14256,2577397,2,2005-06-14
14256,1047368,3,2005-10-10
14256,1728094,3,2003-06-20
14256,305111,4,2003-05-23
14256,633722,5,2004-02-13
14256,1403686,3,2004-07-27
14256,1928664,3,2004-10-13
14256,1613174,4,2005-05-04
14256,2371861,3,2004-11-19
14256,2509644,4,2005-02-21
14256,1928290,4,2005-04-13
14256,2252784,1,2005-04-27
14256,388260,3,2005-05-31
14256,1860956,2,2002-04-02
14256,1208622,2,2004-04-27
14256,2383871,4,2002-08-26
14256,82931,4,2003-12-24
14256,2602886,2,2005-03-14
14256,865992,4,2005-05-03
14256,288343,2,2005-05-07
14256,538221,4,2005-11-01
14256,1436940,3,2005-12-06
14256,1104997,3,2005-12-13
14256,1607747,4,2003-06-26
14256,1144139,2,2003-05-23
14256,2591031,3,2005-08-31
14256,121318,3,2004-04-17
14256,651590,3,2003-10-07
14256,2512828,3,2004-07-19
14256,1271632,4,2004-07-15
14256,2106078,4,2004-10-12
14256,950339,5,2004-12-28
14256,2264426,5,2005-10-24
14256,2333850,2,2002-03-28
14256,1234095,5,2004-06-16
14256,2581032,3,2002-09-27
14256,1091113,3,2004-07-08
14256,433126,3,2003-09-18
14256,1710306,3,2002-03-30
14256,280790,3,2002-04-09
14256,557652,3,2002-12-28
14256,59052,3,2003-10-09
14256,1110156,3,2003-05-17
14256,1003764,3,2004-05-15
14256,461075,1,2004-09-22
14256,79721,3,2004-10-31
14256,1534317,3,2004-11-02
14256,761057,3,2005-01-11
14256,680991,4,2005-06-14
14256,34863,4,2003-08-30
14256,542599,3,2003-05-30
14256,655005,4,2005-08-19
14256,30245,2,2004-07-04
14256,2127716,5,2004-08-18
14256,1802793,3,2004-11-30
14256,428397,4,2005-01-03
14256,2322374,2,2004-09-13
14256,1013856,4,2004-07-10
14256,2083939,5,2003-07-11
14256,1449358,2,2004-07-11
14256,688455,3,2004-05-13
14256,2387257,2,2004-08-08
14256,2416541,5,2004-09-24
14256,455707,2,2004-11-08
14256,1179658,3,2004-12-05
14256,351213,4,2005-11-14
14256,2621150,4,2002-06-14
14256,952156,3,2004-02-25
14256,2264936,3,2005-01-11
14256,2520717,3,2005-04-20
14256,1774452,2,2005-05-12
14256,966833,3,2005-10-04
14256,1717138,3,2005-10-20
14256,1119113,4,2005-08-18
14256,1658115,4,2003-09-09
14256,1751471,3,2002-08-04
14256,2181591,4,2003-12-05
14256,1623233,2,2005-08-30
14256,1640277,4,2004-11-23
14256,1549026,4,2005-01-27
14256,1240793,4,2005-05-09
14256,968541,4,2005-10-07
14256,1784998,3,2005-12-19
14256,2631370,1,2004-03-23
14256,818752,2,2004-07-12
14256,611837,4,2004-09-02
14256,1125150,3,2005-11-19
14256,1385106,2,2002-11-14
14256,325323,3,2002-03-29
14256,1154280,2,2004-03-29
14256,428653,4,2003-07-12
14256,2368516,2,2005-02-01
14256,638020,2,2005-06-29
14256,174513,5,2005-09-13
14256,232047,4,2005-10-03
14256,2546130,2,2002-08-01
14256,1793530,2,2002-07-01
14256,1571988,2,2004-12-22
14256,1971047,3,2005-11-09
14256,2557067,3,2004-06-14
14256,1505821,3,2003-07-11
14256,1190468,5,2004-02-04
14256,2457095,3,2004-03-22
14256,1486942,3,2005-01-19
14256,746262,3,2005-04-05
14256,1315827,3,2005-05-29
14256,714106,4,2005-11-05
14256,982259,1,2005-12-29
14256,2206041,3,2005-07-18
14256,216277,1,2004-07-09
14256,527953,3,2003-08-31
14256,162368,3,2005-08-10
14256,43575,4,2004-12-22
14256,1796580,4,2005-02-14
14256,826151,3,2005-03-23
14256,2004596,1,2005-06-28
14256,1942577,1,2004-02-19
14256,2160527,2,2005-07-25
14256,2130132,4,2005-07-25
14256,2188853,4,2004-07-19
14256,59140,2,2004-09-18
14256,169391,4,2005-03-16
14256,1611056,2,2005-04-16
14256,581213,3,2005-04-17
14256,2390968,1,2005-12-26
14256,1607669,3,2003-11-21
14256,344064,4,2003-12-31
14256,834961,3,2004-08-30
14256,587254,3,2004-06-18
14256,2175505,2,2004-12-01
14256,680958,4,2005-06-24
14256,2415032,3,2005-09-12
14256,2205594,3,2003-05-20
14256,1520710,4,2005-12-24
14256,2246014,3,2003-08-22
14256,838052,2,2002-10-02
14256,1419757,4,2003-07-09
14256,2174083,5,2003-07-16
14256,1951053,2,2004-11-19
14256,760481,3,2004-12-22
14256,454391,3,2004-12-27
14256,661089,4,2005-02-09
14256,1571856,4,2005-04-07
14256,1126546,3,2005-06-26
14256,1106036,4,2005-06-28
14256,440463,3,2005-12-12
14256,1860860,3,2002-01-10
14256,2122256,3,2004-07-17
14256,1652323,3,2005-08-22
14256,2444804,3,2004-06-25
14256,1929336,3,2004-09-20
14256,701962,3,2004-10-25
14256,323125,4,2005-11-21
14256,2568738,3,2003-05-07
14256,456367,2,2002-10-07
14256,2137371,5,2004-01-03
14256,2494753,2,2004-07-07
14256,972770,4,2004-11-02
14256,1276821,3,2004-11-22
14256,2616210,3,2004-12-17
14256,1651763,3,2005-05-18
14256,330282,3,2005-06-21
14256,51247,4,2005-10-15
14256,2104991,4,2003-05-24
14256,568824,2,2005-08-04
14256,2386732,2,2004-04-29
14256,948575,3,2003-08-12
14256,1602339,5,2004-02-04
14256,1359451,3,2005-01-19
14256,598584,3,2005-04-20
14256,2160153,2,2005-09-15
14256,79794,2,2005-11-29
14256,2529291,3,2005-07-08
14256,1694879,3,2004-01-05
14256,2223524,3,2004-05-03
14256,1046651,4,2002-04-22
14256,848481,4,2004-07-26
14256,1798758,4,2004-11-16
14256,2313013,3,2005-06-21
14256,1946242,5,2005-09-25
14256,1448336,4,2005-11-07
14256,2372924,3,2005-12-08
14256,36858,2,2003-09-05
14256,1820342,1,2004-07-15
14256,507603,1,2005-09-09
14256,2274452,4,2005-01-03
14256,1674822,3,2005-01-11
14256,1172980,4,2005-04-05
14256,926561,3,2005-06-03
14256,2147714,2,2003-08-15
14256,290360,3,2003-10-02
14256,1042087,2,2004-04-26
14256,2455868,2,2004-04-12
14256,2282845,3,2004-08-12
14256,265156,3,2004-04-11
14256,291690,4,2005-02-17
14256,1035256,3,2005-05-09
14256,326482,2,2005-11-06
14256,2465662,3,2003-07-10
14256,595870,1,2004-12-07
14256,2537543,5,2005-04-12
14256,868874,2,2005-06-12
14256,240054,4,2005-06-29
14256,1797678,2,2004-07-05
14256,1371031,4,2004-06-10
14256,2387205,4,2004-07-18
14256,2081757,4,2004-12-13
14256,976668,3,2005-05-24
14256,390062,4,2005-09-20
14256,588285,1,2005-11-09
14256,757742,3,2005-11-15
14256,1044742,3,2005-11-15
14256,996196,3,2005-12-05
14256,170674,4,2003-04-11
14256,1715879,4,2004-08-30
14256,941431,3,2005-10-23
14256,580231,4,2003-09-27
14256,102527,2,2005-07-14
14256,1540750,4,2003-09-13
14256,272931,3,2004-05-10
14256,2260832,3,2003-07-06
14256,322009,3,2005-08-20
14256,706897,3,2004-08-12
14256,1625628,5,2003-06-15
14256,2012052,4,2004-02-17
14256,1776870,4,2005-04-05
14256,983042,3,2005-04-26
14256,2582781,3,2005-05-18
14256,281598,4,2004-07-29
14256,1637683,3,2004-08-16
14256,1780005,2,2005-08-03
14256,1741728,3,2003-06-28
14256,1966750,4,2005-08-21
14256,611251,4,2004-03-01
14256,1963314,3,2004-06-04
14256,19641,3,2004-11-29
14256,2614519,3,2004-12-21
14256,72607,4,2002-12-03
14256,1812645,3,2005-07-13
14256,2322809,2,2003-08-25
14256,702085,4,2005-07-23
14256,1819620,4,2004-02-25
14256,2641316,4,2004-06-28
14256,731592,3,2004-02-28
14256,2398368,3,2004-06-14
14256,410389,2,2004-11-07
14256,2446166,5,2004-12-17
14256,2324706,2,2005-10-20
14256,973313,4,2002-07-23
14256,2059274,4,2003-08-18
14256,585682,2,2004-09-02
14256,2359486,3,2003-08-05
14256,2503555,3,2004-08-30
14256,1237290,3,2004-11-19
14256,2308200,2,2005-03-28
14256,451309,3,2005-10-28
14256,845107,5,2003-05-12
14256,18907,5,2002-06-12
14256,726079,4,2005-09-10
14256,704850,1,2004-08-23
14256,2526370,5,2004-06-02
14256,565818,1,2004-11-18
14256,1802288,3,2005-02-01
14256,910339,4,2005-03-28
14256,2457647,3,2003-03-08
14256,1349613,2,2004-06-01
14256,1533355,3,2004-07-23
14256,1204084,2,2004-02-21
14256,388643,1,2003-07-14
14256,835473,5,2004-08-13
14256,683296,3,2004-10-08
14256,13070,4,2004-12-03
14256,990419,3,2004-12-17
14256,1136740,4,2005-05-05
14256,1664010,4,2005-10-12
14256,1183150,4,2004-08-03
14256,1473832,3,2004-09-09
14256,119347,4,2004-10-05
14256,2337699,4,2005-03-25
14256,1408249,3,2005-06-04
14256,2566853,4,2005-11-17
14256,160760,3,2004-04-19
14256,2122850,3,2004-08-04
14256,1102291,2,2004-09-02
14256,633035,2,2004-01-19
14256,986613,3,2004-12-17
14256,9107,4,2004-12-27
14256,797640,4,2004-06-29
14256,507094,3,2004-08-06
14256,1239136,3,2005-02-20
14256,1430641,1,2005-07-17
14256,2134059,3,2003-07-08
14256,916568,4,2004-08-10
14256,32885,3,2005-04-09
14256,155115,3,2005-04-24
14256,527592,4,2005-05-18
14256,499257,3,2005-10-09
14256,1004790,4,2005-11-01
14256,2030762,4,2003-09-26
14256,1995592,4,2003-09-18
14256,36009,4,2004-05-10
14256,1311888,4,2004-11-10
14256,244906,5,2005-02-01
14256,2091375,5,2005-12-08
14256,101807,4,2002-06-25
14256,369122,3,2003-06-11
14256,241050,3,2004-03-29
14256,300097,4,2004-06-28
14256,1887513,4,2004-07-04
14256,745391,5,2004-05-14
14256,554546,3,2004-11-28
14256,2063575,3,2004-12-26
14256,2192647,3,2005-04-04
14256,1584813,4,2003-05-16
14256,1956880,3,2005-08-03
14256,2474780,2,2005-08-20
14256,1425274,3,2004-06-20
14256,1394012,3,2004-09-17
14256,1279283,3,2004-11-22
14256,962631,4,2005-04-24
14256,165595,3,2005-11-13
14256,152757,3,2003-08-12
14256,876510,2,2003-08-18
14256,1824028,4,2004-10-21
14256,755773,3,2005-04-04
14256,1534005,4,2002-11-12
14256,1460776,3,2005-09-05
14256,1758373,4,2003-08-06
14256,1453713,2,2004-10-14
14256,993683,3,2005-01-09
14256,813213,3,2005-03-04
14256,2226203,2,2005-06-20
14256,2193044,3,2005-06-29
14256,486802,3,2005-10-05
14256,831439,3,2003-05-16
14256,286684,3,2002-04-23
14256,1117152,3,2005-07-27
14256,451289,3,2004-06-30
14256,1856651,3,2004-03-26
14256,760211,2,2004-06-25
14256,2631565,3,2004-09-29
14256,2624159,3,2004-07-15
14256,1848206,3,2005-01-03
14256,1063193,3,2005-03-29
14256,582792,3,2003-06-09
14256,279966,3,2003-09-10
14256,2387919,4,2004-04-22
14256,1291403,3,2004-09-24
14256,1153067,4,2005-02-25
14256,115069,2,2003-09-04
14256,1329027,3,2001-12-08
14256,890229,4,2002-11-03
14256,243612,3,2003-07-01
14256,1144887,3,2004-08-30
14256,2062092,3,2004-02-27
14256,549184,4,2004-08-05
14256,2522284,3,2005-01-19
14256,1301819,3,2005-03-11
14256,578047,3,2005-05-09
14256,2057378,3,2002-04-18
14256,684,3,2004-06-05
14256,1910955,4,2003-08-25
14256,1298511,3,2003-07-05
14256,501255,3,2004-01-04
14256,1509458,3,2005-03-19
14256,1705409,4,2005-01-10
14256,679429,5,2005-04-06
14256,2459229,3,2003-11-12
14256,761220,3,2004-07-09
14256,247005,5,2004-07-06
14256,940516,4,2004-06-03
14256,1086481,1,2004-03-18
14256,599123,3,2004-11-04
14256,250374,5,2004-12-28
14256,2274031,4,2005-11-14
14256,505713,4,2003-10-29
14256,2332012,2,2005-08-27
14256,1935793,3,2005-03-23
14256,2162182,3,2005-10-31
14256,1583078,2,2004-02-24
14256,1252263,3,2004-11-07
14256,324541,3,2005-09-06
14256,961374,2,2005-09-24
14256,1845415,4,2001-11-30
14256,2242333,4,2004-03-17
14256,1023505,2,2004-05-15
14256,97195,4,2003-01-15
14256,916101,3,2004-04-10
14256,1164527,5,2004-02-29
14256,1433720,3,2005-03-01
14256,177104,3,2005-04-29
14256,922551,4,2005-10-09
14256,690615,3,2005-12-25
14256,2276129,3,2004-02-25
14256,1369846,3,2004-08-23
14256,608216,5,2005-02-23
14256,1254945,4,2005-12-08
14256,2142919,1,2004-05-17
14256,1187026,4,2003-10-27
14256,1911506,2,2004-06-04
14256,2291306,4,2004-02-19
14256,1584234,2,2005-09-09
14256,2622843,2,2005-11-21
14256,492819,2,2005-11-23
14256,19915,3,2002-09-12
14256,2264371,3,2003-11-03
14256,408214,3,2003-12-13
14256,1584463,2,2005-07-21
14256,2636478,4,2004-01-06
14256,448850,3,2004-07-26
14256,1895816,4,2004-04-19
14256,2272654,3,2004-07-08
14256,1228495,2,2005-04-09
14256,509213,3,2005-05-28
14256,974822,4,2005-06-23
14256,842863,4,2005-09-18
14256,524390,2,2005-12-12
14256,1421402,4,2002-06-18
14256,503247,3,2005-08-07
14256,567909,2,2003-07-02
14256,391107,3,2003-12-18
14256,2533480,3,2005-09-04
14256,825819,3,2004-07-17
14256,1253144,5,2004-09-23
14256,2142754,3,2004-10-21
14256,2459354,4,2004-11-21
14256,2401693,3,2004-11-27
14256,420622,3,2005-04-06
14256,371346,4,2005-12-12
14256,1242071,3,2005-08-25
14256,2518168,4,2004-04-17
14256,2524890,1,2004-08-24
14256,777074,4,2004-09-28
14256,1938784,2,2004-10-19
14256,678032,3,2005-11-14
14256,1409864,5,2005-11-17
14256,1744723,3,2003-09-22
14256,2020353,5,2004-10-23
14256,103944,1,2005-04-18
14256,2585609,3,2005-09-20
14256,1995860,3,2001-10-16
14256,1717746,4,2005-07-22
14256,396440,4,2003-11-25
14256,2209351,4,2005-08-25
14256,997168,5,2004-06-10
14256,381753,4,2004-08-02
14256,1556831,4,2005-01-19
14256,2013584,3,2005-12-07
14256,203421,2,2005-12-13
14256,157814,4,2004-01-01
14256,491531,1,2004-06-02
14256,2354658,4,2003-12-26
14256,76901,1,2004-08-03
14256,2519299,3,2004-03-11
14256,235629,1,2004-11-10
14256,2284890,4,2005-03-12
14256,1084694,3,2005-06-15
14256,2210867,4,2005-06-28
14256,387050,4,2005-11-22
14256,1434863,5,2003-02-16
14256,876891,4,2003-08-05
14256,1468417,3,2004-01-30
14256,1679839,3,2003-12-25
14256,1755543,2,2004-07-08
14256,2525770,3,2004-09-14
14256,1977123,3,2005-11-04
14256,574834,4,2004-07-20
14256,882150,3,2004-09-21
14256,1374049,3,2004-09-25
14256,333272,4,2004-10-10
14256,2090329,3,2005-05-16
14256,2285427,3,2003-12-19
14256,1202193,2,2003-11-29
14256,2126168,3,2003-05-12
14256,1559083,3,2004-04-09
14256,2266623,4,2003-07-20
14256,2459478,2,2004-03-16
14256,1497949,4,2005-01-27
14256,2606799,2,2005-05-16
14256,1557557,3,2005-11-07
14256,1884794,3,2003-06-01
14256,1360072,3,2003-05-31
14256,1079165,3,2004-03-17
14256,2367304,2,2004-11-07
14256,208166,3,2004-12-03
14256,753151,3,2005-03-28
14256,2149622,4,2005-05-09
14256,2299661,5,2005-10-29
14256,1293655,3,2004-06-15
14256,1146000,1,2003-07-26
14256,901269,3,2003-07-01
14256,2025290,3,2004-05-25
14256,1165432,3,2004-07-14
14256,2151973,4,2005-09-17
14256,2203838,3,2005-07-06
14256,1910824,3,2004-07-18
14256,647979,3,2004-02-15
14256,2375962,4,2003-11-18
14256,2256485,3,2004-08-16
14256,2030533,2,2004-11-09
14256,2102846,3,2005-09-18
14256,1335559,3,2005-07-09
14256,1466370,4,2005-08-22
14256,716173,5,2004-12-30
14256,308716,4,2005-05-07
14256,1772954,2,2004-07-13
14256,1299887,4,2005-03-02
14256,47891,3,2005-10-25
14256,744533,4,2005-10-26
14256,240742,3,2002-06-25
14256,369357,2,2002-10-16
14256,818708,5,2003-08-01
14256,766133,3,2002-05-30
14256,2474250,4,2003-10-16
14256,1109043,3,2004-06-01
14256,1569992,4,2004-08-10
14256,520507,4,2004-12-29
14256,2342751,5,2005-02-06
14256,682963,3,2005-06-21
14256,423952,2,2004-02-26
14256,16272,3,2002-08-22
14256,2075912,3,2003-12-03
14256,2229399,2,2004-07-04
14256,130225,3,2005-04-05
14256,387783,5,2005-09-27
14256,928740,3,2005-07-15
14256,1593631,2,2003-12-16
14256,76670,3,2004-06-15
14256,745383,5,2005-08-03
14256,2422525,3,2004-03-19
14256,1835473,4,2003-09-12
14256,2519397,4,2004-09-11
14256,1359352,2,2004-03-15
14256,1536006,4,2004-06-28
14256,1548421,5,2005-11-04
14256,1893840,5,2005-07-11
14256,1839792,1,2004-06-27
14256,855281,4,2004-08-27
14256,1999678,1,2004-07-21
14256,1351421,4,2004-08-03
14256,959486,5,2005-07-29
14256,971302,1,2004-01-31
14256,1992205,3,2004-05-13
14256,1725008,2,2004-06-22
14256,1818155,5,2004-07-25
14256,1974838,3,2005-08-27
14256,2220186,2,2004-11-27
14256,1494683,2,2004-03-02
14256,2637783,4,2004-06-04
14256,319058,3,2004-07-01
14256,676009,3,2005-06-28
14256,2277167,4,2005-10-11
14256,922345,3,2005-11-13
14256,825353,5,2005-12-05
14256,2144740,3,2005-07-25
14256,205371,4,2005-08-25
14256,92453,4,2004-11-17
14256,2534832,3,2004-12-26
14256,904813,4,2005-06-03
14256,1010115,5,2005-06-17
14256,2463723,1,2005-07-19
14256,1627955,2,2004-05-12
14256,1591950,4,2004-07-29
14256,74778,3,2004-11-06
14256,2588645,3,2005-01-19
14256,1617710,3,2003-05-21
14256,1777163,4,2004-12-04
14256,1173678,3,2003-10-16
14256,1074096,3,2003-03-31
14256,1294471,3,2003-02-12
14256,1955796,4,2004-09-15
14256,769879,3,2005-02-21
14256,1854660,3,2005-03-18
14256,827459,3,2005-09-16
14256,655121,4,2005-10-06
14256,872882,3,2005-12-17
14256,1829748,2,2004-08-14
14256,2115145,2,2004-02-28
14256,305344,4,2002-10-28
14256,1713333,3,2005-08-04
14256,571332,4,2004-06-10
14256,2068287,2,2005-10-09
14256,651142,3,2004-04-02
14256,915168,5,2004-04-23
14256,382154,2,2004-04-21
14256,59742,3,2004-09-25
14256,273256,4,2005-02-01
14256,1249545,4,2005-11-07
14256,923103,4,2003-10-13
14256,635056,2,2003-11-06
14256,702585,3,2004-08-05
14256,2104114,3,2004-10-11
14256,2226510,3,2004-11-12
14256,2412874,3,2004-12-20
14256,219028,4,2005-01-07
14256,939686,4,2005-04-06
14256,2099446,4,2005-06-30
14256,54121,4,2005-11-09
14256,1710658,3,2005-12-23
14256,1673965,1,2003-07-08
14256,1766397,4,2004-02-26
14256,866371,4,2004-09-14
14256,458888,3,2004-11-02
14256,2411453,3,2005-03-28
14256,1205174,4,2005-06-03
14256,1295143,4,2005-10-30
14256,4679,3,2005-07-09
14256,2380312,4,2002-03-30
14256,376576,3,2003-05-15
14256,764566,4,2004-08-31
14256,55339,5,2004-03-09
14256,53694,4,2004-06-18
14256,609301,3,2004-04-20
14256,476470,3,2004-08-04
14256,827240,2,2004-12-30
14256,1532096,2,2002-06-04
14256,1569859,3,2005-07-16
14256,1450106,3,2003-06-17
14256,2195709,3,2003-08-03
14256,745034,3,2005-08-07
14256,801780,3,2003-12-16
14256,494389,3,2004-06-06
14256,1757773,3,2004-06-24
14256,962151,2,2005-01-19
14256,651230,1,2005-05-11
14256,2059696,5,2003-04-02
14256,1538355,2,2004-01-22
14256,135633,4,2005-08-16
14256,2030141,3,2005-01-27
14256,1082888,3,2005-03-28
14256,768876,2,2005-05-15
14256,1216398,3,2005-05-19
14256,1165740,3,2005-06-28
14256,2556279,3,2005-10-17
14256,1168896,4,2005-11-04
14256,447759,5,2005-11-18
14256,241411,3,2005-12-19
14256,1084082,3,2003-08-15
14256,2622619,2,2004-07-13
14256,2464081,4,2004-04-04
14256,1466382,3,2004-07-11
14256,620010,2,2004-07-27
14256,1710643,2,2005-01-28
14256,116563,3,2005-03-18
14256,273366,4,2005-04-25
14256,946691,4,2005-05-02
14256,2057489,4,2005-07-03
14256,760390,3,2005-12-16
14256,114610,3,2001-12-11
14256,1554161,3,2001-12-26
14256,630111,3,2003-11-19
14256,1228324,3,2005-08-21
14256,1462211,3,2003-12-18
14256,722341,3,2004-07-19
14256,247234,4,2004-09-16
14256,306569,3,2005-06-19
14256,10268,3,2003-10-23
14256,2575399,3,2004-05-28
14256,561013,4,2004-10-03
14256,194044,4,2005-06-14
14256,1520482,4,2005-11-21
14256,2584676,1,2003-06-29
14256,2159290,3,2003-06-11
14256,2060260,3,2004-06-04
14256,141446,1,2005-02-22
14256,465192,3,2005-04-11
14256,2383158,4,2004-06-01
14256,2338262,4,2004-09-17
14256,2472322,3,2005-01-07
14256,2407994,3,2005-11-07
14256,2385142,4,2005-12-09
14256,1829617,3,2004-05-09
14256,1388530,3,2002-07-24
14256,1860298,3,2003-10-29
14256,1139399,5,2005-08-31
14256,360264,5,2004-03-01
14256,435450,4,2004-10-14
14256,103761,3,2005-09-30
14256,950421,1,2002-11-03
14256,225243,1,2002-07-23
14256,1638252,1,2002-10-23
14256,620741,4,2003-12-18
14256,256392,5,2004-04-10
14256,1285288,2,2004-03-10
14256,1579609,3,2004-11-13
14256,24995,3,2005-05-31
14256,678384,3,2005-11-07
14256,1715766,3,2004-04-22
14256,519161,1,2003-09-12
14256,539909,4,2004-08-10
14256,854575,3,2004-08-08
14256,925680,4,2005-02-04
14256,1088652,3,2005-05-31
14256,757760,2,2005-06-26
14256,1159506,4,2005-10-12
14256,2349739,3,2005-10-26
14256,2554860,3,2004-06-26
14256,49129,3,2004-02-10
14256,2215790,4,2002-06-24
14256,500553,3,2004-09-19
14256,1778557,1,2005-02-11
14256,423990,2,2003-10-18
14256,2261458,4,2004-07-17
14256,353435,3,2004-08-05
14256,2444806,4,2005-10-31
14256,2354000,3,2005-11-13
14256,2275290,1,2004-06-15
14256,360642,4,2004-02-01
14256,2030201,3,2005-01-19
14256,133993,2,2005-10-04
14256,234252,3,2005-12-02
14256,752642,4,2002-01-10
14256,1455086,4,2004-06-07
14256,1232251,4,2003-06-20
14256,938764,5,2004-12-20
14256,2004856,3,2005-07-14
14256,511899,4,2004-01-30
14256,1573259,2,2005-08-05
14256,365497,4,2004-03-21
14256,1755113,3,2004-04-14
14256,1488032,4,2004-11-16
14256,834395,4,2004-11-20
14256,34408,4,2005-04-17
14256,857151,3,2005-04-20
14256,2519865,4,2004-08-11
14256,395020,5,2004-01-02
14256,593173,4,2004-04-06
14256,600694,2,2004-10-22
14256,1130122,3,2005-02-01
14256,1224756,3,2004-01-23
14256,1280938,3,2005-03-17
14256,2132649,3,2005-11-26
14256,457773,2,2002-06-30
14256,1171469,3,2005-07-24
14256,551139,2,2005-07-31
14256,2086784,3,2003-05-14
14256,1800224,4,2004-07-20
14256,735074,4,2004-07-25
14256,1571713,3,2004-04-18
14256,335322,2,2004-08-31
14256,1799735,4,2004-10-11
14256,2480001,3,2005-05-26
14256,876202,5,2005-06-25
14256,1031984,2,2005-10-20
14256,2457189,3,2002-02-09
14256,1489091,3,2004-03-03
14256,642135,4,2004-03-08
14256,1465814,3,2004-09-04
14256,2472682,3,2004-12-18
14256,1498236,2,2005-11-18
14256,867311,5,2005-12-05
14256,1722054,5,2003-08-26
14256,1337026,2,2004-11-05
14256,2267335,4,2005-01-10
14256,1547032,4,2005-01-29
14256,1280761,3,2005-02-25
14256,754990,5,2005-10-24
14256,2530126,5,2002-03-07
14256,2257222,4,2004-01-10
14256,873299,2,2003-07-29
14256,397815,1,2004-04-10
14256,1416948,3,2004-12-09
14256,418045,4,2005-02-28
14256,441361,5,2005-10-29
14256,578191,2,2004-07-26
14256,2172020,2,2004-07-16
14256,2356260,3,2004-07-21
14256,480115,4,2004-07-19
14256,2154498,4,2005-03-16
14256,1283802,3,2005-05-10
14256,823979,3,2005-09-26
14256,822164,4,2005-10-19
14256,1546736,4,2005-07-11
14256,421433,3,2004-08-11
14256,32668,2,2004-08-30
14256,1344268,5,2003-09-26
14256,1159264,4,2004-07-12
14256,2043722,3,2004-11-02
14256,2520847,4,2003-08-24
14256,774250,3,2004-08-13
14256,1875549,4,2004-11-15
14256,98370,4,2005-01-03
14256,1669360,4,2005-03-16
14256,2108748,4,2005-10-05
14256,1237987,3,2005-10-31
14256,1178330,4,2003-08-07
14256,1225914,2,2005-09-01
14256,1036641,4,2004-04-03
14256,2317380,3,2004-03-31
14256,2545730,4,2005-06-04
14256,2344901,3,2005-06-06
14256,1037705,4,2005-10-22
14256,1343562,3,2005-10-28
14256,1965943,2,2005-12-05
14256,595793,4,2003-09-03
14256,2159387,2,2004-09-20
14256,123105,4,2004-11-30
14256,2361408,4,2005-02-25
14256,2100922,3,2005-05-12
14256,1373231,2,2005-09-21
14256,77225,3,2005-10-27
14256,2059635,3,2005-10-28
14256,322064,1,2005-11-08
14256,2301329,2,2005-11-27
14256,17462,2,2004-07-11
14256,625067,5,2001-12-27
14256,91531,3,2004-07-31
14256,8160,4,2005-11-07
14256,509683,4,2005-11-23
14256,471267,4,2005-08-29
14256,590151,3,2003-08-03
14256,2374325,4,2003-11-13
14256,1692008,3,2004-10-04
14256,12649,2,2004-11-12
14256,1383642,4,2005-01-27
14256,1706873,3,2005-05-07
14256,301466,3,2005-10-05
14256,688863,3,2005-10-24
14256,2118461,5,2005-10-24
14256,1072585,3,2002-11-21
14256,1922670,5,2002-03-15
14256,2415114,3,2004-10-25
14256,281424,3,2004-12-19
14256,1009800,4,2005-05-23
14256,2322250,4,2005-10-28
14256,2269401,3,2005-11-26
14256,2156404,2,2004-08-30
14256,168523,2,2003-06-20
14256,1226928,4,2004-02-12
14256,2061495,3,2005-03-07
14256,392651,3,2005-06-01
14256,756299,2,2005-09-09
14256,741248,4,2005-12-04
14256,387418,3,2003-08-21
14256,2440200,3,2004-08-03
14256,1905794,3,2005-04-25
14256,1935217,3,2005-06-17
14256,981953,4,2004-01-01
14256,2405421,5,2004-06-25
14256,1898074,3,2004-06-28
14256,1166090,2,2004-02-18
14256,2267981,3,2004-06-07
14256,2006360,4,2004-07-24
14256,267803,2,2005-01-06
14256,52191,3,2005-02-06
14256,936879,4,2005-04-23
14256,2019983,3,2005-10-22
14256,2588755,2,2005-11-16
14256,2614258,5,2003-02-17
14256,268750,3,2004-04-01
14256,803605,3,2004-11-26
14256,1404614,2,2003-06-25
14256,1308935,3,2004-09-04
14256,1334853,3,2004-04-06
14256,1459602,5,2004-08-10
14256,1114324,3,2005-03-05
14256,2239005,3,2005-10-03
14256,1563489,3,2005-10-19
14256,2141441,4,2005-12-16
14256,1092131,4,2002-02-27
14256,2196083,2,2002-06-08
14256,2095919,3,2003-07-20
14256,686362,3,2004-11-24
14256,1281276,4,2005-02-07
14256,506088,2,2005-02-22
14256,2304126,5,2005-03-11
14256,376197,4,2005-03-26
14256,1876574,4,2004-01-23
14256,1443379,4,2005-07-16
14256,1331954,3,2002-08-07
14256,1514339,4,2003-06-27
14256,1553635,2,2004-01-21
14256,2383396,4,2003-07-25
14256,363347,4,2005-07-09
14256,37409,2,2002-06-19
14256,311070,2,2003-06-28
14256,2303683,4,2004-02-28
14256,2124446,3,2004-07-01
14256,794999,5,2004-06-22
14256,2434267,4,2005-02-17
14256,2031252,4,2005-06-13
14256,819462,2,2005-09-09
14256,701905,3,2003-07-08
14256,336194,2,2003-06-26
14256,1645904,3,2004-05-24
14256,158607,2,2004-07-20
14256,1061195,1,2004-12-19
14256,700490,4,2005-09-17
14256,2120970,3,2005-08-22
14256,1884816,3,2004-07-29
14256,2243435,3,2004-03-01
14256,2291010,2,2003-12-11
14256,1127480,4,2004-01-25
14256,324128,2,2002-08-14
14256,1663888,5,2003-12-19
14256,1802414,3,2004-02-10
14256,1719820,5,2005-03-07
14256,1619223,4,2005-10-24
14256,2629195,3,2005-12-04
14256,327365,3,2002-06-19
14256,69873,4,2004-02-20
14256,1519692,3,2003-06-23
14256,241068,4,2004-07-05
14256,835123,3,2004-04-26
14256,364238,4,2004-07-06
14256,959776,3,2004-04-06
14256,2466888,5,2004-05-23
14256,2041854,5,2004-12-09
14256,2308600,4,2005-04-26
14256,2438449,5,2005-10-20
14256,96620,2,2004-11-26
14256,542228,3,2003-08-30
14256,541796,3,2005-08-29
14256,1659758,3,2005-08-31
14256,1867238,3,2004-06-20
14256,2473383,4,2003-12-08
14256,290874,4,2004-03-08
14256,2287465,4,2004-12-09
14256,2030453,3,2005-03-04
14256,1812378,3,2005-03-11
14256,1331403,3,2005-05-04
14256,2067903,2,2005-05-11
14256,1064190,1,2005-05-30
14256,1201760,3,2004-08-03
14256,510103,4,2001-12-27
14256,1483856,4,2002-06-01
14256,1424152,3,2004-12-07
14256,1785307,3,2005-06-08
14256,922614,5,2005-09-09
14256,1037245,3,2005-12-27
14256,1790751,3,2002-05-21
14256,1173289,3,2003-06-03
14256,1872980,3,2004-06-05
14256,206903,2,2005-01-29
14256,569377,4,2005-02-18
14256,2158943,2,2005-10-05
14256,977386,4,2005-12-22
14256,660487,1,2003-05-13
14256,556870,4,2003-07-05
14256,2397785,4,2004-03-26
14256,1879405,4,2003-09-12
14256,1696113,5,2004-06-21
14256,1317086,3,2004-12-27
14256,1111964,3,2005-01-08
14256,863163,3,2005-02-14
14256,2076638,3,2005-06-20
14256,2295235,3,2005-09-23
14256,1453636,3,2003-10-27
14256,1052422,3,2004-01-06
14256,1639792,2,2002-04-03
14256,1233297,4,2002-10-15
14256,136682,3,2004-05-29
14256,1753662,4,2003-07-12
14256,1318289,3,2004-03-20
14256,359960,3,2005-02-01
14256,1691107,2,2005-03-10
14256,298303,2,2005-07-09
14256,57633,2,2001-12-23
14256,1561031,5,2005-03-09
14256,1553765,2,2005-10-25
14256,2491076,5,2004-06-15
14256,2361556,4,2004-01-26
14256,1482441,3,2003-07-23
14256,410206,3,2005-08-18
14256,2250905,3,2004-10-04
14256,589079,4,2004-11-01
14256,2143500,3,2004-12-31
14256,162641,2,2005-01-20
14256,2355940,3,2005-06-23
14256,367201,3,2005-10-14
14256,2460347,2,2003-10-07
14256,1611900,2,2003-05-11
14256,903666,4,2004-08-05
14256,2319080,3,2003-02-24
14256,1216880,3,2004-07-17
14256,2526414,3,2005-12-27
14256,203886,2,2004-04-14
14256,1240710,4,2004-08-01
14256,234672,3,2005-01-06
14256,2282041,3,2005-03-18
14256,1997020,2,2005-10-15
14256,949642,3,2004-07-29
14256,2339129,4,2002-12-03
14256,2352586,4,2003-02-17
14256,1173570,4,2004-06-07
14256,365544,3,2004-01-19
14256,299079,4,2004-07-27
14256,2403480,2,2004-03-08
14256,923631,3,2004-05-05
14256,2621962,3,2005-10-13
14256,1326993,3,2002-09-06
14256,2080664,3,2004-04-22
14256,655858,1,2003-06-10
14256,1610695,4,2003-11-30
14256,1440251,2,2004-08-23
14256,2238060,2,2004-08-17
14256,1096505,3,2004-09-27
14256,1470255,3,2004-12-27
14256,1875225,3,2003-06-03
14256,1707198,3,2003-11-12
14256,1112365,1,2004-11-11
14256,455259,2,2005-11-25
14256,1635289,4,2002-11-07
14256,2405311,3,2003-10-05
14256,1340633,5,2003-10-21
14256,2557596,2,2004-10-19
14256,210595,3,2005-03-27
14256,1486956,3,2005-05-18
14256,1612901,3,2005-09-18
14256,2045993,5,2005-10-08
14256,629389,3,2004-07-01
14256,1306553,3,2004-07-04
14256,277263,4,2004-09-20
14256,706870,3,2004-12-29
14256,14254,2,2005-02-14
14256,310948,2,2005-04-18
14256,1257454,2,2005-12-07
14256,992481,2,2005-12-17
14256,2172710,4,2003-05-23
14256,1900424,4,2004-04-23
14256,1508067,3,2003-04-19
14256,553115,3,2003-09-05
14256,1633691,4,2004-07-16
14256,1891779,3,2004-08-29
14256,620558,4,2005-01-22
14256,138752,3,2005-02-10
14256,2008533,2,2005-02-21
14256,1245836,4,2005-03-16
14256,938371,3,2005-04-17
14256,1451734,3,2005-06-15
14256,644429,3,2005-11-09
14256,2429294,5,2005-07-08
14256,760924,3,2003-09-07
14256,543824,4,2004-08-10
14256,1578366,3,2005-07-21
14256,1112565,4,2004-06-06
14256,1410150,4,2003-12-17
14256,590275,3,2004-03-23
14256,285174,4,2004-08-22
14256,200177,4,2004-10-22
14256,2336441,4,2005-03-31
14256,2171085,4,2005-06-15
14256,275551,5,2005-07-01
14256,1073670,3,2005-09-12
14256,1357209,3,2005-09-18
14256,924099,5,2002-07-08
14256,428688,2,2002-11-21
14256,1176779,5,2003-12-30
14256,1893596,3,2004-04-01
14256,859132,5,2003-06-12
14256,753596,2,2004-05-04
14256,1911845,3,2005-06-20
14256,2096950,3,2005-09-18
14256,188613,3,2003-05-08
14256,2645143,2,2004-04-01
14256,19938,3,2004-04-26
14256,1783988,5,2003-11-24
14256,1739291,1,2004-07-15
14256,2435489,3,2005-11-18
14256,1546380,3,2005-11-21
14256,718493,2,2002-10-06
14256,473461,4,2005-08-01
14256,1139645,5,2005-08-09
14256,807890,4,2004-07-04
14256,1066555,4,2005-01-23
14256,760436,4,2005-03-09
14256,1133932,3,2004-03-30
14256,1733623,4,2003-01-27
14256,1566060,5,2003-03-12
14256,925414,5,2004-05-29
14256,330376,3,2004-11-04
14256,309424,3,2004-11-23
14256,1273190,5,2005-01-12
14256,509219,5,2005-03-16
14256,464774,2,2005-05-28
14256,76906,4,2005-09-06
14256,2042206,4,2002-01-16
14256,707528,1,2004-01-17
14256,1661638,4,2002-11-02
14256,1155924,4,2004-01-26
14256,1403184,3,2005-02-19
14256,941549,2,2004-07-14
14256,1300759,3,2004-09-14
14256,2637974,5,2004-04-26
14256,2408711,4,2004-09-10
14256,2643057,3,2005-01-07
14256,1937168,1,2005-02-07
14256,311124,3,2005-11-08
14256,1686628,2,2005-11-28
14256,115097,3,2005-12-02
14256,44490,3,2003-10-07
14256,2118159,3,2003-08-10
14256,2082452,5,2001-12-28
14256,221330,3,2002-04-15
14256,2332186,5,2003-08-18
14256,1451620,2,2004-07-28
14256,1978164,3,2003-06-26
14256,600160,3,2003-06-29
14256,803722,3,2004-02-01
14256,1584890,3,2004-08-19
14256,453585,2,2005-03-21
14256,652931,4,2005-05-10
