15083,1329923,1,2004-11-20
15083,229944,1,2004-12-13
15083,512852,1,2005-05-01
15083,1560318,2,2005-03-17
15083,1917657,1,2005-11-20
15083,1311066,1,2004-11-02
15083,324026,1,2004-12-23
15083,2599942,1,2005-02-25
15083,1520914,1,2005-04-11
15083,230393,1,2004-12-14
15083,2476665,1,2004-07-28
15083,2186853,1,2004-07-12
15083,16325,1,2004-10-16
15083,1599875,1,2005-02-24
15083,1513622,2,2005-04-10
15083,2051385,1,2005-08-23
15083,609302,1,2004-08-16
15083,1489566,1,2004-10-07
15083,355653,1,2004-11-09
15083,508039,3,2005-07-07
15083,1898907,4,2005-08-08
15083,2265877,1,2005-09-16
15083,1047304,3,2004-08-05
15083,1868486,1,2005-02-17
15083,1237130,5,2004-12-06
15083,727242,1,2004-12-22
15083,907265,1,2005-01-19
15083,92659,1,2005-03-14
15083,1949178,1,2004-12-15
15083,1573878,1,2005-08-26
15083,1918957,2,2005-04-11
15083,71288,1,2005-05-21
15083,410857,3,2005-12-19
15083,1947371,1,2004-09-03
15083,1314869,4,2005-02-20
15083,65532,1,2005-04-28
15083,2523970,2,2005-02-23
15083,2295950,1,2004-10-14
15083,2247785,1,2005-01-24
15083,2439493,1,2005-03-10
15083,1506263,4,2005-11-22
15083,666131,1,2005-01-05
15083,264267,1,2005-04-16
15083,394784,1,2004-10-06
15083,1506735,1,2004-12-17
15083,225338,3,2005-02-02
15083,1313483,3,2005-04-18
15083,2162426,1,2004-10-12
15083,2590195,1,2004-12-15
15083,2217182,2,2005-02-12
15083,2461289,2,2005-06-07
15083,2329758,1,2004-10-31
15083,1489444,2,2005-03-08
15083,1276496,1,2005-05-14
15083,1361215,1,2005-08-23
15083,1850399,1,2005-04-24
15083,909613,2,2005-04-25
15083,2618515,1,2005-08-16
15083,1101615,1,2005-01-31
15083,226261,1,2005-11-03
15083,666037,5,2005-05-22
15083,989746,1,2005-06-26
15083,2082864,1,2004-10-19
15083,1132445,1,2005-04-01
15083,433647,1,2004-12-04
15083,1105029,1,2004-10-30
15083,255475,1,2005-10-14
15083,1329746,1,2005-04-03
15083,1368684,3,2005-06-29
15083,1895645,1,2004-11-01
15083,1842072,1,2004-11-02
15083,2330864,1,2005-12-20
15083,2537543,1,2005-04-25
15083,538668,1,2005-07-06
15083,1984022,1,2004-12-31
15083,1938613,1,2004-11-30
15083,603349,1,2004-12-27
15083,1664010,3,2005-10-13
15083,1506841,1,2004-11-23
15083,2091087,2,2005-03-25
15083,332300,1,2004-12-14
15083,1753463,4,2005-08-23
15083,770241,2,2005-06-13
15083,1055608,1,2004-09-01
15083,873713,1,2004-10-25
15083,2152856,2,2004-10-11
15083,2375677,2,2005-12-15
15083,683124,4,2004-09-23
15083,50214,2,2004-09-10
15083,1831303,1,2005-01-08
15083,1979057,1,2005-05-19
15083,507744,5,2004-12-01
15083,1399457,2,2005-09-17
15083,224944,1,2005-12-13
15083,1304827,1,2005-02-07
15083,135992,2,2005-04-15
15083,2010849,1,2005-08-18
15083,1697256,1,2005-08-31
15083,825819,1,2004-08-26
15083,2170242,3,2004-07-01
15083,849580,5,2005-01-06
15083,2519299,1,2005-07-11
15083,744546,1,2005-01-04
15083,491531,1,2005-04-06
15083,2589121,3,2005-03-21
15083,2606799,1,2005-04-17
15083,2256485,1,2005-05-03
15083,113594,2,2005-09-22
15083,986794,1,2004-12-16
15083,431326,1,2005-09-13
15083,2302920,2,2004-08-06
15083,2555170,1,2005-07-21
15083,1185349,2,2005-03-03
15083,274652,1,2005-06-01
15083,825353,1,2005-05-10
15083,529879,1,2005-12-29
15083,634236,1,2004-11-11
15083,1811201,5,2004-10-14
15083,305344,1,2004-06-24
15083,996299,1,2004-12-13
15083,1159683,2,2005-08-08
15083,1480607,2,2005-03-21
15083,1403217,4,2004-11-17
15083,589781,1,2004-07-08
15083,1913716,1,2005-06-09
15083,285177,1,2005-05-10
15083,37349,2,2005-10-18
15083,1878057,1,2005-01-03
15083,1185473,2,2005-03-06
15083,534018,5,2004-12-30
15083,1100548,1,2004-11-15
15083,841008,2,2005-06-03
15083,250722,2,2004-12-11
15083,2506246,1,2005-03-25
15083,2056022,2,2004-11-05
15083,1219516,3,2004-12-09
15083,1907354,1,2004-08-13
15083,1049579,2,2005-12-20
15083,1804201,1,2005-06-15
15083,2094906,2,2005-07-15
15083,822164,2,2005-05-22
15083,1969154,5,2004-11-06
15083,425452,3,2005-02-24
15083,419174,1,2005-12-30
15083,899414,3,2005-04-11
15083,791025,1,2005-05-13
15083,719022,1,2004-08-02
15083,873712,1,2005-05-15
15083,2256549,1,2005-07-14
15083,387418,1,2004-06-22
15083,871482,1,2005-01-20
15083,1806439,2,2005-07-19
15083,1240351,1,2005-03-07
15083,1114324,2,2005-04-24
15083,2446512,3,2005-04-24
15083,1932594,2,2004-07-24
15083,2053910,1,2004-10-05
15083,246880,3,2004-08-27
15083,1549978,3,2005-04-06
15083,1970495,1,2005-09-09
15083,2333263,1,2005-05-31
15083,1479456,1,2004-10-28
15083,775785,2,2005-06-13
15083,272565,1,2005-02-11
15083,769335,3,2005-07-25
15083,1769870,1,2005-02-25
15083,243068,2,2004-10-04
15083,774535,3,2005-10-29
15083,1697028,2,2005-02-10
15083,2021278,1,2004-10-23
15083,188613,1,2004-08-19
15083,339867,1,2004-08-16
15083,270216,1,2004-10-05
15083,1686270,1,2004-12-27
15083,243882,3,2005-06-28
15083,660072,3,2005-09-27
15083,1790158,2,2004-12-25
15083,2047285,1,2005-03-04
