15909,1945809,1,2002-08-02
15909,1697399,3,2003-01-15
15909,160977,4,2003-10-28
15909,1276913,4,2003-08-05
15909,2628220,3,2003-08-28
15909,1174530,4,2003-03-04
15909,2360117,2,2003-11-08
15909,1016721,2,2003-12-12
15909,754082,3,2005-11-04
15909,68845,4,2002-09-19
15909,70976,1,2004-02-28
15909,1005101,3,2002-07-25
15909,2038379,5,2004-01-06
15909,1120091,3,2003-02-17
15909,968517,3,2003-10-06
15909,2537219,3,2005-04-08
15909,837413,3,2005-04-25
15909,875885,5,2004-08-29
15909,255357,2,2004-02-10
15909,937068,3,2004-04-27
15909,720407,3,2004-05-01
15909,1198226,3,2004-11-09
15909,2105990,3,2005-02-02
15909,2542255,3,2005-12-21
15909,269843,3,2003-06-08
15909,1177203,3,2003-01-26
15909,2260788,1,2003-01-19
15909,953914,3,2002-10-07
15909,992671,3,2003-04-07
15909,37188,3,2003-11-12
15909,1291272,3,2004-01-21
15909,1349251,5,2004-08-01
15909,281396,3,2004-08-22
15909,1025642,3,2004-03-21
15909,2026560,5,2004-05-03
15909,296160,4,2005-01-19
15909,672241,4,2005-05-25
15909,588513,5,2005-12-04
15909,1977959,3,2002-07-28
15909,406121,4,2003-09-06
15909,2439795,4,2002-11-30
15909,2458398,3,2002-09-12
15909,2568401,4,2003-10-30
15909,975702,3,2002-10-12
15909,665030,2,2004-01-04
15909,1417435,1,2003-10-31
15909,2640626,4,2004-05-21
15909,1984086,4,2004-09-18
15909,362254,2,2004-11-03
15909,1333,3,2004-05-18
15909,2105786,3,2003-02-11
15909,1900854,5,2003-09-22
15909,683427,3,2004-02-04
15909,1705134,3,2004-03-05
15909,288489,2,2005-01-05
15909,81567,3,2005-01-20
15909,2217731,3,2005-03-06
15909,46025,4,2005-04-02
15909,2586076,5,2005-10-12
15909,703983,5,2002-09-03
15909,2068869,3,2003-10-18
15909,428408,5,2005-07-17
15909,2219523,2,2002-10-19
15909,2543231,4,2004-03-22
15909,1245640,4,2005-09-02
15909,750379,5,2004-02-18
15909,2084277,4,2005-02-10
15909,300074,3,2005-07-09
15909,549534,3,2002-05-14
15909,2475820,3,2002-12-10
15909,1488926,3,2004-02-20
15909,1931966,5,2003-08-18
15909,513501,4,2004-01-22
15909,266320,3,2004-06-04
15909,1395825,2,2004-10-07
15909,2600558,5,2004-11-04
15909,676450,4,2004-12-17
15909,1224299,4,2005-02-16
15909,303948,3,2005-04-01
15909,616126,4,2005-04-28
15909,168577,3,2004-05-25
15909,1539597,3,2005-07-27
15909,1716375,3,2004-12-04
15909,1563825,2,2003-03-05
15909,2519214,1,2003-06-15
15909,1439097,4,2004-07-16
15909,491331,3,2005-04-12
15909,235253,3,2005-07-01
15909,245808,3,2005-09-28
15909,1922155,2,2003-06-12
15909,53521,4,2004-01-03
15909,10273,3,2002-06-14
15909,1355097,3,2002-07-04
15909,2531664,3,2003-01-05
15909,2511049,1,2003-12-30
15909,290916,1,2004-06-21
15909,427928,4,2003-12-10
15909,1272479,3,2004-09-14
15909,75214,3,2004-03-26
15909,2491620,4,2004-06-08
15909,1902434,4,2005-01-01
15909,1944217,3,2005-10-12
15909,1236924,3,2002-08-07
15909,317168,2,2004-04-03
15909,1358681,4,2004-09-13
15909,1314491,4,2004-01-21
15909,1027819,3,2003-09-19
15909,310049,3,2004-04-02
15909,1314890,2,2004-01-15
15909,2203244,1,2004-01-09
15909,1551042,3,2005-02-09
15909,2503953,3,2005-06-19
15909,324403,5,2003-05-20
15909,929308,4,2002-11-01
15909,463590,3,2003-04-01
15909,2515863,1,2003-06-02
15909,61472,2,2003-09-25
15909,1115803,2,2004-10-09
15909,2123560,3,2004-11-11
15909,1224461,1,2005-04-05
15909,98362,3,2005-11-12
15909,1080872,5,2005-12-09
15909,1190429,3,2002-06-17
15909,43751,5,2002-08-09
15909,317779,3,2002-10-14
15909,734541,3,2004-12-04
15909,85550,4,2003-08-12
15909,472012,3,2004-07-09
15909,814989,3,2005-01-29
15909,440860,2,2005-11-16
15909,2464655,2,2005-07-06
15909,525356,1,2004-08-19
15909,66109,2,2003-01-18
15909,1117938,4,2002-09-14
15909,2102030,4,2003-04-16
15909,472027,3,2004-07-20
15909,570929,5,2003-03-03
15909,1983493,1,2004-03-14
15909,2119007,2,2005-10-28
15909,139212,1,2004-01-31
15909,966181,4,2004-02-23
15909,804627,3,2004-04-19
15909,256673,4,2004-09-21
15909,2071629,5,2004-11-09
15909,2266083,4,2005-06-27
15909,1524383,5,2002-08-10
15909,1067472,4,2002-06-06
15909,1520166,3,2002-08-22
15909,369681,3,2003-03-24
15909,1195401,4,2003-07-01
15909,2178659,2,2003-10-17
15909,1118103,3,2003-06-29
15909,776076,5,2003-10-29
15909,812774,3,2003-12-11
15909,2631605,4,2004-08-30
15909,1009622,2,2004-11-27
15909,1830763,4,2004-11-30
15909,30087,4,2005-11-25
15909,1237674,3,2002-09-22
15909,870206,2,2004-05-11
15909,1927803,3,2003-04-10
15909,93986,1,2003-06-09
15909,1327201,4,2003-07-08
15909,1716910,5,2004-01-24
15909,1721623,1,2004-01-19
15909,1509395,3,2004-09-20
15909,1700640,1,2004-09-26
15909,1724219,3,2004-12-20
15909,2046091,3,2005-04-02
15909,1973956,5,2005-09-15
15909,301456,5,2005-10-26
15909,2287919,1,2005-12-23
15909,351163,3,2002-09-28
15909,2086693,2,2004-06-28
15909,1674254,2,2002-10-11
15909,163977,4,2003-01-02
15909,1457139,4,2004-06-08
15909,1814136,2,2004-01-04
15909,831988,2,2005-04-12
15909,1309838,5,2005-06-12
15909,1870572,5,2005-07-27
15909,2192991,1,2002-07-10
15909,2595747,3,2003-07-15
15909,583284,3,2002-12-29
15909,505375,2,2004-03-15
15909,405971,4,2004-01-17
15909,1872113,2,2004-02-17
15909,2391141,3,2004-10-19
15909,2574204,4,2004-11-09
15909,1923334,5,2005-09-20
15909,725903,3,2005-07-31
15909,653399,3,2003-08-01
15909,901520,3,2003-07-09
15909,1731106,3,2003-06-10
15909,1226844,4,2003-04-10
15909,1680888,5,2003-04-22
15909,551096,3,2005-05-26
15909,2070435,5,2005-10-10
15909,1807105,3,2005-10-16
15909,1456621,2,2002-10-11
15909,196446,4,2003-02-13
15909,744837,4,2002-08-23
15909,2401585,4,2003-12-14
15909,2285836,5,2002-12-10
15909,1108304,3,2004-03-17
15909,1298304,5,2002-10-30
15909,550771,1,2004-09-13
15909,2413457,3,2004-09-04
15909,1001129,3,2004-12-16
15909,2172013,5,2005-02-10
15909,380354,4,2005-05-12
15909,1778714,3,2005-11-16
15909,826184,2,2003-09-23
15909,2366848,4,2003-04-02
15909,1708281,4,2002-09-07
15909,1643984,5,2003-07-19
15909,2416180,3,2004-01-05
15909,1202222,4,2003-06-06
15909,706198,5,2003-11-26
15909,503235,2,2004-08-04
15909,604949,3,2004-12-02
15909,420191,1,2004-12-15
15909,1079746,3,2004-12-15
15909,63164,2,2005-01-19
15909,789969,3,2005-03-28
15909,2272721,5,2005-09-10
15909,2233782,3,2005-12-08
15909,1746056,3,2002-10-08
15909,1029763,2,2005-07-24
15909,637124,5,2003-06-20
15909,2581672,3,2004-01-07
15909,610622,4,2002-10-13
15909,2138757,2,2003-08-23
15909,1678698,3,2005-08-30
15909,991465,4,2004-03-04
15909,1912194,2,2004-03-09
15909,180305,3,2004-10-10
15909,631279,4,2004-10-14
15909,75949,5,2003-10-08
15909,962098,3,2002-08-31
15909,1186110,3,2004-01-21
15909,16029,5,2005-08-18
15909,43025,4,2004-07-10
15909,204439,2,2004-11-02
15909,966501,2,2005-05-24
15909,2289197,2,2005-06-18
15909,451151,2,2004-01-24
15909,2252336,4,2003-11-16
15909,1000192,4,2003-01-12
15909,2239853,3,2004-02-03
15909,825993,4,2002-07-17
15909,734076,1,2002-11-12
15909,1837047,4,2003-06-02
15909,349572,3,2003-01-19
15909,2002567,4,2005-08-18
15909,1332983,1,2004-02-14
15909,970294,5,2005-04-15
15909,2414176,4,2005-06-08
15909,1833866,3,2005-06-28
15909,528522,5,2005-06-30
15909,257622,2,2003-07-10
15909,900455,3,2003-01-14
15909,672399,3,2002-08-05
15909,2497604,4,2003-04-16
15909,608867,2,2002-12-15
15909,487949,3,2003-02-14
15909,608538,4,2004-06-16
15909,473452,4,2004-11-08
15909,1539697,3,2004-11-17
15909,2595156,2,2005-01-19
15909,1185651,4,2005-03-11
15909,1554196,3,2005-04-14
15909,1796072,1,2003-05-28
15909,1030857,1,2004-03-17
15909,205890,3,2004-03-23
15909,1179246,2,2005-08-08
15909,992118,3,2005-09-01
15909,1850088,3,2003-12-01
15909,1297219,5,2004-04-22
15909,2313769,5,2004-08-12
15909,1860087,4,2004-04-25
15909,223641,3,2004-09-23
15909,354459,4,2004-11-30
15909,1593770,4,2004-12-07
15909,1497044,3,2005-02-08
15909,1936750,4,2005-04-06
15909,1299116,4,2005-06-16
15909,201276,4,2005-06-21
15909,891694,3,2003-05-23
15909,1654615,4,2003-02-12
15909,681054,4,2004-05-14
15909,2535601,4,2002-11-25
15909,248143,1,2003-12-30
15909,2027956,1,2003-09-16
15909,1337532,5,2004-04-20
15909,999410,4,2004-05-07
15909,131752,3,2004-10-18
15909,1440917,4,2004-12-02
15909,2098046,3,2005-01-24
15909,488271,3,2005-06-13
15909,645351,4,2005-10-22
15909,2094669,3,2005-07-17
15909,732682,4,2002-06-20
15909,778615,5,2002-05-29
15909,1563429,5,2002-05-30
15909,529963,1,2004-04-17
15909,1293202,5,2003-03-16
15909,1079722,4,2004-04-29
15909,863476,3,2003-06-10
15909,1788346,1,2003-05-13
15909,1776625,4,2004-08-25
15909,1443192,3,2004-01-01
15909,482276,1,2004-03-23
15909,1579616,5,2005-01-19
15909,1496080,3,2005-03-07
15909,1167097,3,2005-09-10
15909,1144870,3,2005-10-12
15909,2410782,3,2005-12-07
15909,2111120,5,2002-07-24
15909,1024560,3,2005-07-19
15909,831103,3,2004-04-15
15909,306272,2,2002-06-24
15909,1494162,3,2003-02-13
15909,739028,2,2003-07-29
15909,10947,3,2003-07-20
15909,294330,2,2004-07-21
15909,1185143,4,2004-09-19
15909,2318597,3,2005-04-23
15909,1792741,3,2002-09-24
15909,1546749,3,2003-07-07
15909,2288234,3,2003-09-09
15909,1176462,5,2004-07-28
15909,1883721,1,2004-02-19
15909,1314869,4,2004-04-27
15909,1701322,3,2005-05-25
15909,2488440,2,2005-09-23
15909,855428,4,2005-07-05
15909,841135,4,2002-08-05
15909,1970207,5,2005-07-12
15909,2411610,3,2002-06-16
15909,2205734,3,2003-07-16
15909,857005,2,2003-04-09
15909,1459526,3,2002-10-07
15909,829701,3,2002-10-25
15909,1813197,5,2004-02-17
15909,2648734,3,2004-03-12
15909,513126,5,2004-10-27
15909,1172660,1,2005-01-04
15909,1151636,4,2005-06-04
15909,1761340,4,2005-11-01
15909,401917,5,2005-11-09
15909,1605580,4,2004-02-14
15909,1989562,4,2003-06-05
15909,701615,3,2003-02-13
15909,1557743,4,2005-07-24
15909,1325452,4,2002-10-12
15909,518475,3,2003-01-10
15909,485152,5,2002-07-11
15909,1097079,3,2003-06-05
15909,343194,5,2003-12-01
15909,2614862,4,2004-02-14
15909,1145000,3,2004-05-27
15909,2440031,4,2004-11-05
15909,1407325,5,2005-01-20
15909,1697790,4,2005-05-06
15909,1980914,5,2005-10-18
15909,2237185,3,2002-12-05
15909,504211,4,2002-08-02
15909,1144649,3,2003-02-24
15909,2473404,4,2004-01-22
15909,2528840,2,2004-10-03
15909,974823,2,2005-01-19
15909,441200,3,2005-03-02
15909,1024554,5,2005-04-03
15909,1224296,1,2005-05-23
15909,226010,3,2005-09-20
15909,1018296,4,2003-11-20
15909,1013012,3,2002-06-17
15909,1462806,4,2002-07-02
15909,1025261,3,2004-05-14
15909,470843,4,2003-06-20
15909,2508065,4,2003-10-01
15909,1409728,2,2004-01-28
15909,1467867,3,2003-07-03
15909,997149,1,2005-02-08
15909,1475762,4,2005-02-21
15909,2452132,3,2005-03-05
15909,27165,2,2005-05-31
15909,853491,3,2005-06-02
15909,2074594,3,2005-08-10
15909,1933255,4,2004-04-02
15909,1003143,3,2004-06-29
15909,1953981,3,2004-06-02
15909,2416772,3,2004-09-22
15909,1819462,1,2005-03-25
15909,1665054,3,2005-06-01
15909,2473882,3,2005-09-22
15909,2219254,5,2003-01-06
15909,2439493,1,2003-03-31
15909,442485,4,2003-03-04
15909,1047830,3,2002-06-16
15909,975488,3,2004-05-03
15909,854429,2,2002-09-11
15909,2530263,3,2003-03-24
15909,1096917,4,2004-06-16
15909,530789,4,2005-09-02
15909,2019396,2,2003-07-12
15909,1382766,3,2004-06-07
15909,1933959,4,2004-09-08
15909,650218,4,2004-12-14
15909,24326,3,2005-03-19
15909,2222803,1,2005-11-08
15909,2071416,4,2005-11-14
15909,2212849,4,2004-01-31
15909,752770,3,2003-08-13
15909,1033053,1,2003-01-07
15909,2519310,3,2005-08-10
15909,1198604,3,2003-07-28
15909,2250951,2,2003-03-04
15909,151200,3,2003-06-12
15909,1517408,3,2004-04-03
15909,2636999,4,2004-06-16
15909,1835357,4,2004-09-17
15909,630242,2,2004-10-08
15909,1874187,3,2005-02-17
15909,971033,3,2005-03-09
15909,1298147,4,2005-05-18
15909,2011343,5,2005-06-07
15909,621815,2,2005-06-17
15909,1181788,3,2005-11-01
15909,2514625,3,2003-12-26
15909,1125733,3,2003-11-11
15909,604275,2,2002-10-30
15909,1831828,4,2003-05-05
15909,1252456,4,2005-08-23
15909,74083,3,2003-12-22
15909,1536419,4,2004-04-06
15909,146462,3,2004-04-04
15909,1859124,5,2004-08-16
15909,2073405,2,2005-01-12
15909,1134379,3,2005-05-24
15909,1891825,2,2005-09-17
15909,1460578,3,2005-09-18
15909,1942974,2,2005-10-16
15909,1591085,3,2005-12-13
15909,473993,4,2005-07-05
15909,827986,4,2003-05-31
15909,1962294,2,2002-06-15
15909,2269039,4,2003-03-16
15909,2141255,1,2003-04-14
15909,1540655,5,2004-08-01
15909,983607,1,2003-03-17
15909,1182305,3,2003-08-21
15909,1563340,2,2004-02-21
15909,612653,3,2004-06-03
15909,2090078,4,2004-04-06
15909,1995527,3,2005-11-26
15909,263150,3,2002-12-28
15909,1410683,3,2002-12-28
15909,572925,3,2003-01-23
15909,1116080,3,2005-08-08
15909,235896,2,2003-05-20
15909,830631,2,2003-04-20
15909,1789065,1,2005-08-21
15909,2138271,3,2003-08-07
15909,2456542,4,2004-05-29
15909,2387269,3,2004-03-23
15909,361375,3,2004-03-25
15909,2632713,3,2004-05-31
15909,241634,3,2004-10-11
15909,238740,3,2004-10-27
15909,760200,4,2005-04-04
15909,2517394,2,2004-03-08
15909,397392,3,2005-08-03
15909,710565,2,2004-02-02
15909,314938,3,2004-01-01
15909,290670,4,2003-12-24
15909,2290263,4,2003-12-13
15909,1147585,2,2004-01-15
15909,754953,4,2005-03-06
15909,776833,4,2005-03-07
15909,2411855,3,2005-05-04
15909,290700,3,2005-06-15
15909,2451588,2,2005-09-08
15909,1931395,3,2005-09-20
15909,2481718,5,2002-07-09
15909,924960,5,2003-06-30
15909,2023883,3,2002-09-28
15909,2349198,5,2004-04-09
15909,578311,5,2005-09-07
15909,1355138,4,2003-08-13
15909,2601274,2,2004-05-15
15909,1906080,4,2005-04-10
15909,2409746,5,2005-10-09
15909,2286536,5,2005-11-29
15909,1053860,3,2005-12-15
15909,1913414,5,2005-07-17
15909,1510091,3,2002-05-23
15909,256065,4,2003-08-11
15909,1359075,3,2003-04-23
15909,772817,1,2003-05-19
15909,880471,3,2004-08-14
15909,74670,3,2003-06-11
15909,750005,4,2005-03-24
15909,1074677,4,2004-06-11
15909,1186848,2,2004-11-09
15909,1964980,3,2005-01-30
15909,638525,5,2005-09-24
15909,1323080,3,2005-10-22
15909,2398061,4,2002-12-30
15909,1640600,2,2004-04-21
15909,1075538,4,2005-07-29
15909,2401475,3,2002-06-21
15909,773045,3,2002-08-29
15909,1314851,4,2003-07-30
15909,210884,4,2003-09-17
15909,2393900,2,2003-02-14
15909,104663,2,2004-09-15
15909,211166,3,2004-06-07
15909,1184178,3,2004-10-25
15909,831869,4,2004-12-23
15909,1315765,3,2005-01-03
15909,2155681,4,2005-02-04
15909,2628953,3,2005-03-20
15909,263291,4,2005-05-28
15909,2401140,3,2005-12-10
15909,722075,2,2002-06-26
15909,1449421,4,2002-07-18
15909,326804,5,2002-11-09
15909,2257938,3,2002-07-28
15909,154669,3,2003-01-20
15909,2589277,3,2004-04-16
15909,1473980,5,2005-08-28
15909,2488357,4,2004-02-13
15909,1135859,3,2004-01-31
15909,1869082,5,2004-01-05
15909,342343,4,2004-02-21
15909,1939384,4,2004-04-07
15909,1682507,5,2004-08-02
15909,1891782,3,2004-12-28
15909,2621771,4,2005-03-16
15909,1165121,4,2005-05-07
15909,945175,3,2005-10-21
15909,642036,4,2005-11-08
15909,162179,4,2003-02-18
15909,1359647,3,2003-12-29
15909,548695,4,2003-11-26
15909,536445,3,2005-02-12
15909,476580,5,2005-02-12
15909,1147853,3,2005-03-16
15909,644453,3,2005-07-05
15909,2482831,3,2004-06-22
15909,1791215,4,2004-01-13
15909,2160137,2,2002-08-03
15909,1939974,4,2004-05-27
15909,1275277,3,2003-07-06
15909,2078073,2,2004-08-02
15909,537298,3,2003-12-29
15909,439330,5,2005-09-13
15909,42487,4,2005-12-29
15909,976601,1,2003-12-11
15909,928948,5,2002-07-05
15909,2489990,1,2002-11-12
15909,2091736,4,2002-09-08
15909,1034375,4,2002-09-08
15909,2296022,5,2005-07-29
15909,1436567,5,2002-08-14
15909,1955714,2,2003-09-01
15909,641719,2,2004-04-13
15909,305765,3,2004-04-24
15909,1110156,4,2003-06-11
15909,1816939,4,2004-01-15
15909,4905,4,2004-03-23
15909,2629599,4,2004-03-27
15909,1402537,4,2004-06-19
15909,2491072,3,2004-06-13
15909,1322467,4,2005-02-16
15909,1619164,3,2005-04-01
15909,217305,3,2005-04-09
15909,1791124,4,2005-04-17
15909,294809,5,2005-06-06
15909,594841,5,2005-09-26
15909,883465,5,2005-11-16
15909,2495607,4,2002-10-13
15909,2308593,3,2005-07-17
15909,483851,4,2002-08-28
15909,2262525,5,2004-02-26
15909,185058,1,2004-02-02
15909,1116129,3,2004-11-26
15909,567283,4,2005-03-17
15909,2338725,4,2005-04-06
15909,185867,3,2005-05-24
15909,736649,4,2005-07-19
15909,1036262,4,2003-08-29
15909,2307940,2,2003-10-09
15909,879196,1,2003-05-25
15909,667579,3,2003-02-26
15909,2607387,4,2003-05-15
15909,871915,3,2003-09-24
15909,1194698,2,2004-02-21
15909,1811499,3,2004-05-27
15909,1449358,4,2004-10-22
15909,2297843,3,2005-01-20
15909,1381955,3,2003-03-25
15909,1006071,4,2002-12-28
15909,988895,3,2002-11-04
15909,1293796,3,2004-05-24
15909,997488,1,2003-02-27
15909,2009923,3,2003-06-20
15909,851453,3,2003-06-24
15909,1810670,4,2003-11-11
15909,2310820,3,2004-04-19
15909,407037,5,2004-11-18
15909,1438147,4,2005-05-19
15909,2524849,5,2005-09-19
15909,1450005,3,2005-11-07
15909,1534400,4,2005-11-21
15909,309330,3,2003-04-15
15909,221926,4,2003-08-28
15909,2042140,3,2002-12-02
15909,1777406,3,2002-10-27
15909,865351,2,2003-04-05
15909,1222393,3,2003-11-18
15909,1087416,3,2004-09-08
15909,1766191,2,2004-03-09
15909,1243196,3,2004-01-26
15909,386467,4,2004-04-01
15909,1588604,3,2004-08-17
15909,2288786,4,2004-09-02
15909,2455,3,2004-10-28
15909,1406309,3,2005-01-04
15909,1527279,5,2005-01-05
15909,901167,3,2005-02-14
15909,221914,3,2005-03-14
15909,817464,5,2005-05-05
15909,676718,3,2005-05-28
15909,988972,4,2004-06-22
15909,1756796,3,2005-07-30
15909,1455396,5,2003-03-04
15909,2332765,4,2002-10-13
15909,1358685,5,2002-08-04
15909,1493303,3,2003-07-15
15909,2138221,5,2003-03-25
15909,381026,3,2003-05-09
15909,481813,3,2003-09-07
15909,1943605,3,2004-07-20
15909,1239065,3,2004-06-24
15909,2424683,5,2004-08-16
15909,2450433,3,2005-01-02
15909,1450970,4,2005-04-11
15909,1390768,3,2005-05-26
15909,2283873,2,2005-06-16
15909,1396036,4,2005-06-18
15909,2326664,3,2003-01-09
15909,2397314,3,2003-02-28
15909,128389,3,2005-07-18
15909,1054239,3,2004-01-24
15909,1933821,3,2003-02-24
15909,70950,3,2004-02-02
15909,879760,3,2003-09-05
15909,982452,3,2003-06-01
15909,1986034,3,2003-05-13
15909,2213131,4,2004-05-31
15909,2198070,5,2004-05-01
15909,2415196,1,2004-01-09
15909,965104,3,2004-05-26
15909,151986,4,2004-11-15
15909,1803243,4,2005-01-07
15909,2351317,5,2005-01-09
15909,2240492,3,2005-06-02
15909,2603375,1,2005-09-26
15909,676123,4,2002-08-28
15909,2537933,4,2003-11-04
15909,2030444,4,2004-02-03
15909,1930601,5,2004-04-08
15909,386572,4,2004-07-05
15909,1390996,5,2004-10-18
15909,200043,4,2005-01-20
15909,808041,5,2005-01-26
15909,791629,3,2005-07-03
15909,1688630,1,2005-09-25
15909,1165353,5,2002-08-16
15909,2557067,1,2003-02-12
15909,2517493,2,2003-02-11
15909,1114349,3,2003-06-03
15909,1430258,5,2004-05-21
15909,1373445,2,2003-03-27
15909,1293027,4,2003-11-09
15909,1196269,3,2004-02-12
15909,277837,3,2005-02-23
15909,1393584,3,2005-10-18
15909,331269,2,2005-07-28
15909,1876520,1,2002-05-23
15909,700005,3,2002-08-19
15909,1814839,2,2004-06-14
15909,532207,4,2004-06-16
15909,528404,4,2004-02-26
15909,2339841,2,2004-04-25
15909,1811268,3,2004-08-30
15909,1200461,4,2004-09-27
15909,1757328,3,2005-10-24
15909,960022,3,2003-05-29
15909,2541385,5,2002-08-19
15909,526466,3,2005-08-26
15909,1320626,2,2005-09-01
15909,493441,3,2003-11-01
15909,2451907,2,2004-02-23
15909,1489224,2,2004-02-10
15909,1105029,1,2005-02-02
15909,337064,2,2005-02-22
15909,236815,3,2005-03-05
15909,1521517,3,2005-04-27
15909,1365379,4,2005-11-01
15909,2167984,4,2005-12-07
15909,1692273,2,2002-10-14
15909,1839246,5,2002-06-11
15909,2409822,2,2005-07-29
15909,1880009,5,2002-07-29
15909,2042132,3,2003-06-11
15909,2190660,3,2003-11-03
15909,590607,3,2003-06-02
15909,1936582,3,2005-09-02
15909,1868998,3,2004-11-05
15909,1276137,3,2004-12-17
15909,1922449,4,2004-12-26
15909,1385788,3,2005-01-27
15909,1376007,3,2005-04-03
15909,1816177,3,2005-04-21
15909,1748774,4,2005-06-22
15909,2299951,3,2002-08-04
15909,2309807,3,2003-01-24
15909,2205594,2,2002-08-01
15909,320882,3,2003-06-30
15909,1669768,3,2003-04-25
15909,2601048,1,2002-10-20
15909,1696594,4,2002-08-08
15909,510828,5,2004-02-26
15909,1621089,3,2003-02-26
15909,1683529,3,2004-04-29
15909,412824,4,2004-12-23
15909,1074354,3,2005-01-05
15909,537601,4,2005-04-06
15909,1453878,3,2005-09-24
15909,1463830,3,2005-10-07
15909,1404635,4,2005-07-12
15909,1071266,3,2003-12-21
15909,2253829,4,2002-09-04
15909,783585,2,2002-12-09
15909,443572,4,2003-09-24
15909,1107860,3,2003-10-02
15909,521391,3,2003-03-31
15909,574914,4,2003-06-02
15909,1614939,2,2003-08-12
15909,1701632,3,2004-06-11
15909,937987,3,2004-10-08
15909,568455,4,2005-01-10
15909,217747,3,2005-02-06
15909,970364,4,2005-07-02
15909,1165576,2,2005-07-02
15909,284660,5,2005-10-11
15909,2416977,3,2005-11-07
15909,1026638,5,2002-11-19
15909,2222864,3,2002-08-08
15909,1771365,3,2003-08-23
15909,991816,3,2003-07-22
15909,467380,2,2003-08-05
15909,1735424,3,2004-12-30
15909,534794,3,2005-01-25
15909,2223369,2,2005-02-25
15909,990851,3,2005-11-14
15909,242290,3,2005-11-28
15909,1114364,4,2002-07-29
15909,2331318,4,2004-06-11
15909,1305946,3,2002-10-11
15909,156401,2,2002-08-02
15909,775171,3,2002-06-04
15909,1940036,5,2003-05-19
15909,33942,3,2005-08-21
15909,203738,3,2004-02-16
15909,721369,3,2004-09-28
15909,952582,3,2004-10-25
15909,2441155,3,2005-04-17
15909,2577551,3,2005-05-03
15909,330282,2,2005-06-18
15909,1928961,4,2002-12-31
15909,1641201,3,2002-08-22
15909,712244,3,2003-07-29
15909,2229313,4,2003-12-02
15909,1052810,1,2003-06-23
15909,575767,2,2004-02-04
15909,53926,5,2003-08-18
15909,789527,4,2003-06-24
15909,2595479,3,2004-07-22
15909,177770,4,2004-03-21
15909,1583631,3,2004-10-08
15909,135236,1,2004-12-13
15909,188181,3,2004-12-31
15909,1774181,2,2005-01-20
15909,1768590,3,2005-02-15
15909,2520941,3,2005-03-22
15909,1549725,2,2005-04-15
15909,1464164,4,2005-11-13
15909,1727232,3,2002-06-09
15909,137987,3,2002-11-04
15909,623126,1,2003-08-20
15909,1985504,2,2003-06-22
15909,1257387,1,2004-02-02
15909,2029979,4,2004-05-15
15909,2084213,4,2004-03-21
15909,184705,3,2004-11-18
15909,1825484,4,2002-11-11
15909,403915,3,2002-10-06
15909,1013465,3,2004-06-04
15909,1531691,2,2003-06-13
15909,1797668,2,2003-04-17
15909,2197243,5,2004-07-25
15909,1197689,2,2003-08-28
15909,637266,4,2004-06-10
15909,374380,5,2004-09-13
15909,507603,1,2005-04-02
15909,1172980,4,2005-06-14
15909,1763979,3,2005-07-05
15909,492478,4,2002-09-07
15909,1146802,5,2005-07-27
15909,883909,1,2002-10-15
15909,799442,3,2003-12-05
15909,2570444,3,2003-09-18
15909,1697321,4,2003-02-14
15909,350865,3,2003-01-03
15909,687648,3,2005-06-07
15909,401545,2,2003-08-28
15909,2235803,5,2004-09-13
15909,801884,4,2004-07-16
15909,668855,4,2005-01-07
15909,2112660,3,2005-03-09
15909,1602783,4,2005-03-15
15909,1378386,4,2005-06-01
15909,1078504,3,2005-06-06
15909,2057838,2,2005-09-29
15909,97893,3,2005-07-06
15909,1873315,4,2002-09-17
15909,1830690,4,2002-06-11
15909,599529,1,2002-10-15
15909,341649,2,2002-10-24
15909,305357,3,2002-07-29
15909,456759,3,2003-02-27
15909,2439343,3,2003-01-21
15909,1508976,3,2003-07-24
15909,1306893,3,2003-12-11
15909,2582552,1,2004-04-09
15909,88944,3,2004-10-05
15909,2637755,1,2005-04-02
15909,105187,5,2005-06-04
15909,624448,4,2005-10-31
15909,1232028,4,2003-05-15
15909,2277758,3,2004-01-04
15909,47845,3,2003-05-05
15909,1640334,4,2003-06-28
15909,2278527,4,2003-09-14
15909,2202365,4,2004-11-08
15909,1346451,5,2005-03-15
15909,1703885,3,2005-11-27
15909,1970677,4,2005-12-14
15909,2617802,4,2002-06-20
15909,2175546,5,2004-03-19
15909,2359767,4,2005-03-14
15909,2030264,3,2005-05-17
15909,1703330,5,2005-07-04
15909,453469,4,2002-09-13
15909,2083367,4,2002-07-09
15909,581952,4,2005-07-31
15909,437371,4,2002-08-13
15909,89994,3,2002-11-12
15909,2339734,4,2004-05-10
15909,1098559,4,2005-09-02
15909,2250323,3,2003-09-25
15909,998786,4,2004-06-23
15909,793113,4,2004-02-08
15909,322009,3,2004-03-26
15909,1777133,4,2004-04-02
15909,2183749,2,2004-08-02
15909,1714672,3,2005-04-20
15909,2077352,4,2005-10-31
15909,1207104,4,2005-11-22
15909,235782,2,2005-07-17
15909,807011,3,2002-10-30
15909,305632,3,2003-04-09
15909,2185798,4,2002-09-07
15909,1218908,3,2002-06-20
15909,1447381,4,2003-02-28
15909,719725,2,2003-01-23
15909,1956480,5,2004-05-01
15909,851676,1,2004-03-11
15909,1247689,3,2004-12-13
15909,2209212,3,2005-09-09
15909,1407851,3,2003-08-16
15909,174880,3,2003-05-23
15909,744232,1,2003-02-11
15909,1087044,3,2005-08-18
15909,731592,3,2003-02-20
15909,1925090,4,2005-08-27
15909,2028972,5,2004-08-07
15909,1945155,2,2004-07-05
15909,1900307,4,2004-11-09
15909,554447,2,2005-02-09
15909,862238,5,2005-04-14
15909,2607302,5,2005-06-21
15909,1746378,4,2005-10-27
15909,258675,3,2002-12-09
15909,2417531,2,2003-01-07
15909,1784793,3,2003-02-17
15909,121699,3,2003-10-08
15909,376461,3,2003-06-04
15909,157667,3,2004-09-01
15909,930538,5,2004-11-06
15909,403387,3,2004-12-31
15909,383445,4,2002-06-13
15909,1317345,3,2003-02-18
15909,2064399,4,2002-10-08
15909,2203225,1,2003-10-20
15909,871585,2,2005-01-27
15909,2640009,4,2004-06-12
15909,1604236,2,2004-05-01
15909,2621071,5,2002-09-10
15909,848510,4,2002-09-03
15909,618435,5,2004-12-13
15909,1664010,5,2005-10-12
15909,1373696,5,2005-11-12
15909,1902838,3,2002-05-17
15909,2258640,1,2003-11-11
15909,2511632,3,2003-08-17
15909,2117153,1,2003-03-03
15909,1055424,3,2003-12-30
15909,104348,5,2003-01-05
15909,395672,3,2003-01-26
15909,1446509,5,2003-08-26
15909,2131805,4,2003-02-28
15909,522065,3,2004-07-14
15909,673587,3,2004-03-07
15909,1299214,2,2004-12-01
15909,417981,3,2004-12-03
15909,1943008,3,2005-01-28
15909,850748,2,2005-05-18
15909,358599,2,2005-11-19
15909,737081,1,2002-10-06
15909,134703,3,2004-03-27
15909,1959929,1,2003-02-13
15909,88565,3,2002-08-20
15909,57816,5,2002-10-31
15909,1808648,4,2004-01-06
15909,220679,5,2004-06-14
15909,451011,2,2004-01-14
15909,49890,5,2004-04-14
15909,564016,2,2003-12-01
15909,1441959,2,2004-01-05
15909,782890,2,2004-03-11
15909,1507758,3,2004-10-22
15909,1725003,3,2005-03-05
15909,2537672,3,2005-03-18
15909,1935981,3,2005-11-09
15909,338194,4,2002-08-27
15909,393657,5,2002-12-11
15909,2002123,3,2003-06-16
15909,500325,3,2003-09-25
15909,576990,1,2004-02-09
15909,2493728,3,2004-01-05
15909,790459,1,2003-12-23
15909,747892,3,2004-04-20
15909,507094,2,2004-09-10
15909,314718,3,2004-10-04
15909,1642678,3,2004-11-03
15909,309934,4,2004-12-16
15909,1896426,5,2005-10-10
15909,2296243,5,2005-11-02
15909,1238436,4,2005-07-21
15909,2635011,4,2005-07-28
15909,781870,2,2003-04-19
15909,1521272,2,2003-06-11
15909,1508444,5,2004-09-04
15909,2482227,3,2003-11-03
15909,2111332,2,2004-06-09
15909,659540,2,2004-12-09
15909,582444,3,2005-01-03
15909,1952339,4,2005-05-22
15909,1095791,4,2002-11-08
15909,2462919,3,2002-09-18
15909,178089,2,2002-05-30
15909,455024,3,2005-08-14
15909,2090951,2,2003-07-28
15909,1978314,2,2004-01-17
15909,1622150,3,2004-04-19
15909,1739082,1,2004-03-04
15909,883159,4,2004-06-01
15909,2137244,3,2004-12-23
15909,994466,3,2005-02-03
15909,462171,3,2002-08-05
15909,1353162,3,2003-12-05
15909,1456270,1,2003-01-21
15909,1033431,3,2005-08-01
15909,1091276,5,2003-05-14
15909,219746,5,2003-07-22
15909,1865329,3,2004-11-24
15909,2297136,2,2005-05-14
15909,963541,3,2002-07-13
15909,2358990,3,2003-12-16
15909,999184,4,2005-08-07
15909,1748012,5,2003-02-14
15909,795082,5,2005-08-19
15909,732590,3,2003-10-09
15909,830262,2,2004-01-22
15909,2524625,3,2004-05-13
15909,1262971,4,2004-07-17
15909,1341237,5,2004-10-01
15909,2418454,4,2004-10-15
15909,452905,4,2004-11-15
15909,1317610,4,2004-11-17
15909,434271,4,2004-12-21
15909,734172,4,2005-04-10
15909,2203,5,2005-04-17
15909,2479857,3,2002-12-10
15909,981455,4,2002-06-16
15909,2241438,3,2004-03-28
15909,330866,4,2002-07-27
15909,1286567,1,2003-01-27
15909,1743756,4,2005-08-19
15909,2533746,2,2004-02-03
15909,2172616,2,2004-01-13
15909,1182888,5,2004-09-26
15909,2645671,3,2004-11-11
15909,524619,4,2005-04-21
15909,1241893,5,2005-06-20
15909,1167060,3,2005-09-07
15909,751829,3,2005-09-10
15909,876510,4,2005-09-28
15909,1655469,3,2005-11-27
15909,2520193,3,2004-02-08
15909,1769664,2,2003-01-15
15909,270533,4,2005-08-13
15909,795536,2,2003-09-28
15909,1270839,5,2004-01-24
15909,243234,4,2003-07-21
15909,68979,3,2004-01-24
15909,2509048,3,2004-05-02
15909,1377928,1,2005-01-10
15909,921026,4,2005-02-10
15909,2099073,3,2005-10-05
15909,168263,3,2002-06-03
15909,1967707,3,2005-08-01
15909,1337141,4,2002-07-14
15909,129890,4,2002-10-03
15909,1661774,5,2003-02-27
15909,1363934,3,2003-05-22
15909,1599486,3,2004-10-26
15909,1168451,4,2005-01-11
15909,418779,1,2005-02-18
15909,2285133,1,2005-12-19
15909,1895929,5,2002-08-24
15909,993550,1,2003-02-12
15909,1851429,4,2003-06-14
15909,720110,4,2002-09-16
15909,120549,5,2002-09-01
15909,1148389,2,2004-01-01
15909,10574,2,2003-01-24
15909,1351714,3,2005-08-07
15909,2054589,5,2003-02-18
15909,2463816,1,2004-05-13
15909,1843005,5,2004-12-17
15909,1743192,2,2004-09-04
15909,2358148,5,2004-11-14
15909,185446,2,2005-03-19
15909,851479,4,2005-05-16
15909,2075159,5,2005-11-10
15909,751107,3,2005-11-18
15909,949206,3,2005-11-19
15909,2154232,3,2002-10-23
15909,862040,3,2002-06-10
15909,1588002,3,2002-09-07
15909,590581,1,2003-11-24
15909,2318166,3,2004-02-21
15909,615770,3,2005-04-12
15909,2464049,3,2005-09-21
15909,1675183,5,2002-10-19
15909,1396735,3,2002-06-15
15909,510942,2,2004-01-20
15909,272083,4,2003-03-04
15909,2568217,3,2004-01-23
15909,2017089,4,2004-01-13
15909,2295400,3,2003-02-28
15909,1331155,3,2003-06-06
15909,1452061,2,2003-10-22
15909,1282217,1,2004-04-17
15909,37362,2,2004-12-08
15909,943920,4,2005-01-19
15909,2635943,5,2005-07-06
15909,700064,3,2002-10-30
15909,828349,3,2002-09-25
15909,2564142,4,2005-07-12
15909,327577,4,2003-01-15
15909,907730,1,2004-02-17
15909,1351211,5,2003-08-21
15909,2356435,2,2004-01-23
15909,744458,5,2004-04-24
15909,1454964,1,2005-01-06
15909,1683179,3,2005-01-19
15909,807551,2,2005-05-27
15909,2585641,3,2005-11-19
15909,122057,3,2005-12-02
15909,1821474,2,2003-05-08
15909,2006011,3,2004-09-12
15909,2576652,4,2003-03-31
15909,1414778,4,2005-08-19
15909,684531,2,2003-09-30
15909,751291,3,2004-01-08
15909,750677,2,2003-12-22
15909,981753,2,2003-12-16
15909,1901384,4,2002-07-22
15909,1253760,3,2002-11-25
15909,1961026,4,2003-10-18
15909,1704223,4,2003-12-12
15909,1285198,4,2004-09-29
15909,451977,3,2004-10-19
15909,2132474,2,2004-11-17
15909,1935793,1,2005-03-23
15909,892694,3,2005-06-08
15909,2555614,4,2004-06-26
15909,998688,2,2003-01-18
15909,658998,2,2002-08-18
15909,1927526,5,2004-10-03
15909,762525,2,2004-07-13
15909,2296144,5,2004-01-20
15909,1477153,2,2004-02-02
15909,2071210,4,2004-10-02
15909,1942786,2,2004-10-15
15909,970306,4,2005-05-24
15909,445671,2,2003-05-27
15909,1083890,1,2003-05-20
15909,71594,2,2002-09-24
15909,2487779,5,2003-04-25
15909,1513540,3,2002-07-08
15909,1927698,3,2004-07-15
15909,653526,5,2004-04-13
15909,2487809,3,2004-04-10
15909,183134,5,2004-06-19
15909,2073607,2,2004-12-13
15909,1567322,5,2005-01-27
15909,2491719,3,2005-01-30
15909,2575999,4,2002-07-30
15909,2561339,3,2005-02-19
15909,129690,3,2004-06-17
15909,1429789,3,2004-01-17
15909,644154,4,2004-07-31
15909,815656,5,2004-02-17
15909,1184272,2,2003-12-10
15909,1138354,4,2004-09-30
15909,1094019,4,2004-11-02
15909,482107,5,2004-12-17
15909,1336618,4,2005-03-05
15909,1351706,3,2005-04-04
15909,1630361,1,2005-06-23
15909,1039433,2,2005-12-11
15909,352684,2,2002-07-17
15909,1961707,4,2005-07-25
15909,25483,5,2002-06-19
15909,909148,5,2004-02-18
15909,1587311,3,2003-05-16
15909,2049319,5,2002-12-17
15909,1787323,3,2005-08-16
15909,1882078,4,2004-01-27
15909,2168124,4,2003-06-17
15909,722591,5,2004-01-31
15909,695624,4,2004-07-20
15909,526238,2,2004-12-06
15909,1364283,3,2005-02-21
15909,2353437,4,2005-03-29
15909,2010351,3,2005-11-16
15909,608234,5,2002-08-06
15909,378591,3,2002-08-29
15909,549262,2,2003-01-24
15909,503565,3,2002-06-11
15909,573802,5,2005-08-01
15909,320263,4,2003-09-09
15909,1344086,2,2002-09-17
15909,2448318,5,2004-08-11
15909,1218725,3,2003-11-16
15909,685565,5,2005-08-30
15909,2293993,5,2003-11-24
15909,1750812,1,2003-12-08
15909,152048,3,2004-07-26
15909,567875,1,2004-11-06
15909,1826524,5,2005-09-26
15909,688943,4,2005-10-03
15909,383679,2,2004-08-11
15909,808435,2,2004-05-14
15909,1238184,2,2002-08-29
15909,2225743,3,2003-02-24
15909,2465755,4,2002-09-15
15909,2221154,4,2003-03-29
15909,1541244,4,2004-08-30
15909,1080251,5,2004-10-24
15909,2377061,3,2005-01-04
15909,1913378,4,2005-03-19
15909,2406094,5,2003-01-07
15909,644339,4,2002-07-17
15909,852484,3,2003-04-04
15909,1711885,2,2005-08-04
15909,2356911,4,2003-07-21
15909,2269328,4,2003-01-17
15909,2120968,4,2004-05-25
15909,1600684,3,2005-01-21
15909,2067615,4,2005-04-11
15909,1975073,4,2005-06-03
15909,1478249,3,2005-09-10
15909,1817590,4,2005-09-16
15909,2457875,5,2005-12-28
15909,2035310,4,2002-09-17
15909,2238345,3,2003-11-26
15909,2023532,5,2003-06-07
15909,666611,4,2005-08-31
15909,970608,4,2004-03-12
15909,2386443,3,2005-01-11
15909,1490538,4,2005-02-14
15909,1522923,4,2005-03-02
15909,2269029,3,2005-05-04
15909,499870,3,2005-05-10
15909,2570992,2,2005-09-23
15909,1564944,3,2005-10-03
15909,2309047,2,2002-12-19
15909,1661469,3,2002-09-05
15909,334730,2,2002-11-13
15909,467366,3,2002-11-30
15909,1802669,1,2003-10-14
15909,1556831,3,2004-08-01
15909,341109,2,2003-12-11
15909,848036,3,2003-10-27
15909,2212422,2,2003-11-13
15909,2328511,2,2004-03-03
15909,241330,4,2004-04-19
15909,2208512,5,2004-03-27
15909,270469,5,2005-07-12
15909,554587,3,2003-04-07
15909,1900445,3,2002-10-20
15909,1572273,1,2003-02-13
15909,222025,4,2005-08-04
15909,2315051,5,2004-03-14
15909,510820,5,2004-08-02
15909,364399,4,2003-07-08
15909,1800459,4,2004-09-13
15909,2519299,3,2004-03-16
15909,2147765,3,2005-04-19
15909,2264714,2,2005-11-16
15909,491531,4,2005-12-15
15909,249029,4,2003-01-14
15909,70281,3,2004-08-07
15909,58399,5,2002-07-27
15909,1378838,1,2003-12-16
15909,1513814,2,2003-07-07
15909,582006,3,2003-07-21
15909,586249,4,2003-06-11
15909,577774,3,2004-07-19
15909,500322,3,2004-03-31
15909,2387526,3,2003-12-31
15909,2537818,5,2005-07-02
15909,2528497,4,2005-11-10
15909,1260240,4,2005-12-27
15909,1907373,3,2002-08-28
15909,386947,3,2002-08-11
15909,2238629,2,2003-01-17
15909,1756140,4,2004-01-06
15909,2096810,3,2004-05-30
15909,2089599,2,2004-01-13
15909,1371337,4,2004-04-21
15909,320856,3,2005-01-11
15909,2216182,1,2005-03-29
15909,2365689,4,2005-05-10
15909,2216264,4,2002-08-24
15909,1400660,3,2003-02-12
15909,426436,2,2002-12-06
15909,1357072,4,2004-07-28
15909,832163,2,2003-09-28
15909,1970794,4,2003-12-11
15909,306658,1,2004-03-26
15909,1636164,3,2004-08-08
15909,99143,4,2005-01-12
15909,1438031,5,2005-03-20
15909,1528604,2,2005-05-04
15909,2606799,4,2005-05-10
15909,1687256,4,2005-06-23
15909,1557557,4,2005-06-28
15909,489454,3,2005-09-12
15909,2392328,4,2005-09-27
15909,737018,2,2005-09-30
15909,8200,1,2003-02-26
15909,367933,4,2003-01-22
15909,437457,2,2004-03-13
15909,492810,3,2003-12-30
15909,1153365,4,2003-12-15
15909,2463759,2,2004-05-14
15909,2242141,3,2005-10-30
15909,104237,5,2005-07-27
15909,1448210,4,2003-07-19
15909,1024021,5,2003-02-21
15909,2510262,3,2003-02-13
15909,1597630,4,2003-05-07
15909,1244360,3,2004-01-12
15909,2150155,3,2004-06-03
15909,929407,3,2005-10-13
15909,976385,5,2005-10-22
15909,555201,3,2002-11-08
15909,1642926,1,2004-11-27
15909,749836,3,2004-04-13
15909,478558,3,2004-07-29
15909,2478549,4,2003-07-30
15909,2221791,1,2004-03-21
15909,411770,5,2004-02-03
15909,1840584,1,2004-04-01
15909,1614424,1,2004-04-24
15909,135161,4,2005-01-08
15909,1010831,3,2005-06-27
15909,716173,5,2005-07-07
15909,479605,5,2003-01-02
15909,2487606,4,2003-01-10
15909,1823645,4,2003-01-17
15909,1455503,3,2005-08-21
15909,1646846,3,2003-08-03
15909,1595652,4,2004-08-03
15909,392597,4,2003-12-31
15909,1230004,3,2004-10-04
15909,1746599,3,2005-01-13
15909,599301,5,2005-02-28
15909,51817,5,2005-09-23
15909,319985,3,2005-07-20
15909,138106,3,2003-04-02
15909,704117,4,2002-09-09
15909,1073989,3,2004-04-13
15909,2624128,3,2004-07-26
15909,1931007,4,2003-07-22
15909,449053,4,2003-06-17
15909,373013,3,2004-06-29
15909,1265711,2,2004-07-21
15909,2009653,2,2004-10-15
15909,730961,4,2004-10-25
15909,2320479,2,2005-03-01
15909,24801,2,2003-04-01
15909,1725453,3,2005-07-13
15909,1736311,4,2004-07-12
15909,369357,3,2004-02-06
15909,798296,3,2002-09-03
15909,1501629,4,2003-08-19
15909,520507,1,2004-12-29
15909,1467933,4,2005-01-04
15909,1567970,3,2005-01-04
15909,1578801,4,2005-03-01
15909,105532,2,2005-03-29
15909,540803,3,2005-09-28
15909,2557924,4,2005-11-24
15909,1777226,3,2005-07-20
15909,2569369,3,2002-06-07
15909,1291392,5,2002-11-15
15909,1582952,3,2003-01-08
15909,16272,3,2003-03-09
15909,2021943,4,2002-08-03
15909,504620,1,2005-08-07
15909,2006192,1,2004-02-05
15909,1480900,3,2002-09-21
15909,1587148,4,2003-07-14
15909,876370,3,2004-06-01
15909,399971,3,2004-10-02
15909,688893,2,2005-05-03
15909,1767631,3,2005-11-14
15909,1671446,4,2002-09-21
15909,2054145,2,2003-12-30
15909,1397082,3,2004-02-25
15909,1803252,5,2004-08-30
15909,1153562,3,2005-02-15
15909,1326441,4,2005-02-23
15909,408765,3,2005-11-04
15909,1482486,2,2005-12-02
15909,417746,5,2005-07-31
15909,2263991,3,2005-08-05
15909,904842,2,2004-01-13
15909,568603,3,2003-10-03
15909,517392,2,2003-12-16
15909,2067117,4,2004-02-26
15909,576190,1,2004-12-01
15909,1229733,2,2005-02-15
15909,2635339,4,2005-04-25
15909,201518,3,2005-10-07
15909,563264,3,2005-07-18
15909,2387463,3,2003-10-28
15909,1431146,2,2003-03-23
15909,1736083,4,2004-03-14
15909,1066481,2,2004-08-16
15909,2465266,3,2005-01-04
15909,1249644,3,2005-01-23
15909,55018,3,2005-06-24
15909,1856481,5,2005-10-15
15909,1192224,2,2005-07-26
15909,1938534,3,2003-07-16
15909,1978815,5,2002-08-09
15909,379952,3,2003-03-26
15909,205837,3,2004-09-04
15909,782522,4,2005-07-17
15909,248379,3,2003-04-02
15909,100712,2,2002-10-19
15909,2043149,4,2002-08-27
15909,1476054,3,2002-09-17
15909,1458814,3,2003-09-03
15909,151153,5,2004-02-02
15909,652618,1,2004-01-13
15909,1672832,2,2004-03-25
15909,695532,3,2004-10-25
15909,467182,4,2005-01-20
15909,1842369,3,2005-04-23
15909,2577960,3,2005-10-05
15909,1623996,3,2005-11-03
15909,2164117,3,2002-08-17
15909,397923,3,2002-10-12
15909,685687,4,2004-05-25
15909,2492523,2,2004-06-10
15909,516042,4,2003-01-16
15909,2462494,2,2003-05-13
15909,517790,2,2003-10-03
15909,777236,4,2003-07-09
15909,640455,4,2003-09-13
15909,969304,3,2004-01-19
15909,2284035,5,2004-01-19
15909,1637403,4,2004-07-09
15909,707367,3,2005-03-18
15909,2039269,3,2005-05-23
15909,1774205,2,2005-06-22
15909,88334,2,2005-10-26
15909,2609920,3,2005-11-06
15909,2115145,2,2003-06-10
15909,1635582,3,2002-10-21
15909,942771,2,2002-08-12
15909,104422,4,2004-01-17
15909,305344,5,2003-05-11
15909,439090,4,2004-02-26
15909,1825515,3,2004-04-26
15909,1336096,4,2004-07-19
15909,293594,4,2004-03-22
15909,676812,3,2004-04-29
15909,2027759,3,2005-02-26
15909,2218199,1,2005-04-18
15909,1477639,3,2005-05-31
15909,340702,3,2002-09-08
15909,1453242,4,2002-10-03
15909,1728528,4,2004-01-01
15909,930020,3,2003-04-29
15909,2510054,3,2003-11-14
15909,2144655,3,2005-05-03
15909,2333866,3,2005-06-15
15909,2412874,4,2002-09-20
15909,1714874,4,2002-11-24
15909,2226510,3,2003-12-26
15909,1722177,1,2003-11-03
15909,1909214,3,2003-11-12
15909,1990078,3,2004-02-19
15909,111086,3,2005-03-04
15909,154591,3,2005-09-21
15909,449686,1,2005-10-10
15909,1121857,3,2005-10-31
15909,1710658,2,2005-12-05
15909,581823,3,2003-09-06
15909,1889993,4,2002-09-09
15909,2244258,4,2003-03-04
15909,2232571,4,2005-09-05
15909,299875,1,2004-11-29
15909,2363863,3,2005-01-04
15909,1403217,1,2005-05-27
15909,12684,4,2005-12-14
15909,282654,3,2002-07-17
15909,1912542,1,2002-10-07
15909,2640656,2,2002-10-05
15909,2083947,3,2004-04-13
15909,427482,3,2003-03-28
15909,950716,4,2004-03-02
15909,349411,4,2003-08-04
15909,170551,1,2004-03-15
15909,2146293,4,2005-01-10
15909,1612559,5,2005-10-18
15909,268889,4,2005-11-25
15909,757712,2,2005-12-02
15909,520706,3,2005-12-10
15909,1450484,3,2004-01-10
15909,2214215,4,2003-08-01
15909,2597802,2,2002-06-03
15909,611692,3,2004-09-09
15909,2011383,4,2003-10-21
15909,765090,4,2003-11-06
15909,799300,5,2004-01-30
15909,1724806,3,2003-07-18
15909,2434028,4,2003-07-22
15909,1078386,1,2003-12-31
15909,1142130,2,2003-12-02
15909,1682374,2,2004-10-18
15909,2048422,4,2005-01-03
15909,854332,4,2005-02-01
15909,1596469,2,2005-03-15
15909,2385587,5,2005-04-03
15909,651230,1,2005-05-11
15909,1595895,3,2002-12-05
15909,761379,2,2002-06-29
15909,1859109,4,2003-07-19
15909,1879189,5,2003-09-05
15909,1837202,4,2002-09-01
15909,1035863,3,2005-08-22
15909,768876,5,2005-08-25
15909,889781,2,2004-02-27
15909,2634610,4,2004-04-12
15909,2158495,3,2004-04-13
15909,1119431,3,2004-11-30
15909,1591443,3,2005-02-28
15909,1861500,1,2005-05-13
15909,713414,4,2005-07-02
15909,1564927,3,2002-08-17
15909,2198089,3,2002-08-28
15909,2474030,4,2003-04-21
15909,6629,3,2002-06-11
15909,1254920,3,2005-07-26
15909,541831,3,2002-08-08
15909,2519048,4,2003-01-15
15909,1151282,5,2004-06-15
15909,627445,3,2003-01-20
15909,1505976,3,2003-08-22
15909,1373193,3,2004-06-24
15909,739404,3,2005-04-06
15909,2574796,4,2005-09-10
15909,124598,5,2005-09-22
15909,1438459,1,2005-11-09
15909,735252,3,2004-07-06
15909,1808201,3,2003-03-25
15909,2276722,1,2002-07-10
15909,510535,3,2004-09-18
15909,1164575,5,2004-12-15
15909,701747,4,2004-12-30
15909,224292,5,2005-01-11
15909,2120432,3,2005-01-24
15909,1623286,4,2005-03-23
15909,1879686,3,2005-04-04
15909,1221134,3,2005-05-27
15909,1863477,4,2005-09-14
15909,1020688,5,2005-10-14
15909,899761,4,2004-09-02
15909,822404,2,2002-11-25
15909,1275067,3,2005-08-02
15909,659697,2,2003-03-04
15909,1490628,2,2005-08-13
15909,1200482,3,2003-09-21
15909,2239812,3,2004-09-25
15909,2437552,1,2004-10-25
15909,350015,3,2005-01-24
15909,195132,4,2005-05-09
15909,1075761,4,2005-07-13
15909,1150258,4,2002-07-17
15909,1448938,5,2005-07-26
15909,2205259,4,2002-06-26
15909,111070,2,2002-11-26
15909,600797,4,2003-12-24
15909,158037,2,2004-05-25
15909,1291667,3,2005-05-08
15909,1000387,2,2005-06-06
15909,1672547,4,2005-06-10
15909,1035000,3,2005-12-07
15909,1493156,5,2004-01-26
15909,1367792,5,2004-01-27
15909,1605715,4,2002-07-22
15909,2315012,1,2005-08-11
15909,1182857,2,2004-02-23
15909,1123618,3,2004-10-08
15909,214254,5,2005-11-25
15909,2319365,3,2002-09-21
15909,64917,4,2005-08-01
15909,758850,2,2003-11-09
15909,2646574,3,2003-03-23
15909,1676445,3,2005-09-05
15909,644104,5,2004-02-09
15909,35641,3,2004-11-24
15909,1932061,3,2005-12-26
15909,1079060,1,2003-06-18
15909,1638252,2,2002-10-23
15909,2620402,1,2004-07-22
15909,902413,4,2004-05-31
15909,159159,2,2004-01-27
15909,360168,5,2004-11-16
15909,207637,3,2005-04-15
15909,1785913,1,2005-04-29
15909,1420308,5,2005-06-17
15909,1929129,4,2005-10-06
15909,674315,5,2003-12-05
15909,2548096,4,2002-08-13
15909,2110107,5,2002-10-18
15909,2615044,3,2004-03-26
15909,1992121,3,2005-01-09
15909,1201319,3,2003-04-24
15909,759028,4,2003-11-25
15909,227568,3,2005-09-01
15909,2152168,3,2004-11-03
15909,1905415,3,2004-11-04
15909,1397722,3,2004-11-22
15909,1045879,2,2004-11-23
15909,2287125,3,2004-12-28
15909,1413737,5,2005-03-15
15909,743093,3,2005-04-04
15909,965431,2,2005-09-06
15909,1902510,4,2005-10-05
15909,468780,4,2005-07-08
15909,512541,5,2005-07-15
15909,276869,3,2003-07-07
15909,2571211,3,2003-12-24
15909,1477154,3,2003-03-16
15909,612003,3,2003-07-18
15909,2134293,4,2003-04-21
15909,1266589,4,2003-07-28
15909,1704311,3,2004-03-03
15909,1247830,4,2003-10-27
15909,2641534,3,2004-07-23
15909,2005241,5,2004-12-16
15909,2470964,3,2005-05-13
15909,2008166,3,2005-05-24
15909,1417787,3,2005-06-10
15909,1110164,3,2005-07-25
15909,589682,2,2002-10-15
15909,315833,3,2003-06-30
15909,273356,3,2002-09-30
15909,1020214,3,2003-01-24
15909,609236,5,2003-09-20
15909,980292,1,2004-06-16
15909,2593690,5,2004-06-23
15909,1601486,2,2004-09-08
15909,1138585,4,2004-11-14
15909,2581445,5,2005-03-11
15909,216719,5,2005-03-29
15909,1329904,3,2002-10-19
15909,88837,2,2003-01-10
15909,2293882,3,2004-07-12
15909,1783225,3,2003-04-28
15909,1907843,4,2004-01-30
15909,402266,2,2004-07-08
15909,2249111,4,2005-01-19
15909,12812,3,2005-02-03
15909,1857226,3,2005-03-22
15909,2498939,4,2005-04-11
15909,752642,3,2002-08-12
15909,220568,1,2002-11-01
15909,718288,2,2003-08-14
15909,1679822,4,2004-02-19
15909,1370506,3,2004-09-11
15909,307557,4,2004-09-27
15909,671338,4,2005-01-30
15909,2199854,5,2005-04-13
15909,697054,4,2003-06-25
15909,555528,4,2002-07-09
15909,1097447,4,2002-11-17
15909,1756620,2,2002-11-15
15909,1691547,5,2002-09-12
15909,2053251,4,2002-08-08
15909,1279037,1,2004-08-22
15909,1117772,3,2003-07-02
15909,2587909,2,2003-11-28
15909,742589,2,2004-02-26
15909,1286407,4,2004-07-11
15909,1690559,3,2004-07-24
15909,1214959,1,2004-09-22
15909,441887,5,2005-03-07
15909,2163889,5,2005-06-22
15909,2346812,4,2005-10-12
15909,1130507,2,2002-11-06
15909,2519865,5,2003-01-24
15909,1983060,4,2002-08-01
15909,553397,4,2003-05-01
15909,2450203,5,2003-07-17
15909,546751,5,2002-07-29
15909,569365,3,2002-09-02
15909,197531,4,2003-10-16
15909,1068705,5,2003-10-03
15909,909374,1,2004-05-29
15909,1257438,3,2004-08-25
15909,2539966,2,2005-01-13
15909,1695183,3,2005-01-31
15909,688057,3,2005-02-16
15909,2573125,3,2005-03-10
15909,552908,5,2005-11-10
15909,595648,5,2002-09-16
15909,190197,4,2002-08-03
15909,2560105,1,2003-05-22
15909,188190,4,2003-06-01
15909,826696,4,2004-12-06
15909,894846,3,2005-02-10
15909,2154572,5,2005-06-18
15909,1983441,5,2005-07-01
15909,2224171,2,2005-11-03
15909,1029561,4,2002-08-17
15909,10679,4,2005-07-10
15909,1179982,4,2002-08-01
15909,2020751,5,2002-07-24
15909,2435130,3,2003-04-14
15909,2221416,2,2003-01-24
15909,1947662,3,2005-08-29
15909,1907556,2,2003-10-03
15909,924765,4,2004-01-13
15909,2528590,3,2004-03-31
15909,2487802,4,2004-02-29
15909,1102302,4,2005-01-09
15909,24218,2,2005-02-11
15909,2549200,3,2003-02-26
15909,1502506,5,2003-12-23
15909,1050646,2,2004-06-27
15909,2056022,2,2003-01-18
15909,823015,3,2004-04-13
15909,592277,1,2003-10-21
15909,2139288,4,2003-11-24
15909,400440,4,2004-02-26
15909,863644,3,2005-01-09
15909,794480,3,2005-05-26
15909,2238663,3,2005-06-23
15909,1754305,5,2005-10-08
15909,2189144,3,2002-09-19
15909,1756840,3,2004-01-06
15909,2365140,4,2004-05-05
15909,2560121,3,2003-04-18
15909,437275,2,2003-03-17
15909,1476476,5,2005-06-09
15909,828326,5,2005-10-10
15909,1273765,4,2004-04-21
15909,184243,3,2002-12-06
15909,835091,2,2004-05-20
15909,1436780,3,2004-02-14
15909,614711,1,2005-01-19
15909,997164,5,2005-02-17
15909,1425157,1,2005-05-06
15909,567705,4,2005-05-09
15909,1088325,3,2005-09-21
15909,578191,3,2004-02-02
15909,2556700,3,2002-06-26
15909,1432790,2,2005-08-07
15909,2469669,1,2003-12-27
15909,36194,3,2003-10-29
15909,2494493,4,2004-06-15
15909,1858709,5,2004-09-08
15909,2427575,1,2005-04-06
15909,2316429,5,2005-04-13
15909,1695976,2,2005-04-25
15909,791692,1,2005-05-21
15909,830808,4,2004-06-11
15909,1463287,5,2002-08-07
15909,1999656,4,2002-09-04
15909,832478,3,2003-10-16
15909,1803687,3,2003-07-14
15909,2130348,3,2003-05-13
15909,1209796,2,2004-07-08
15909,288458,3,2003-08-25
15909,310887,3,2005-08-28
15909,838414,5,2004-03-17
15909,2290249,1,2003-09-23
15909,2375687,3,2004-05-19
15909,2176465,2,2005-03-04
15909,1182445,3,2002-08-09
15909,813594,3,2002-07-06
15909,1879396,5,2002-07-28
15909,364064,2,2003-04-24
15909,1447463,2,2003-08-14
15909,631278,3,2003-12-23
15909,2054610,5,2004-05-09
15909,1552226,2,2004-09-17
15909,1317173,3,2004-12-03
15909,1302792,4,2004-12-17
15909,538516,5,2005-02-02
15909,2489246,4,2005-02-18
15909,1842139,3,2005-06-27
15909,1510489,4,2002-07-16
15909,1276084,3,2005-08-06
15909,2596846,4,2003-01-02
15909,670488,5,2004-02-12
15909,1265606,4,2004-02-27
15909,2445581,3,2004-02-04
15909,1808638,3,2004-06-19
15909,133075,3,2004-01-24
15909,1815129,3,2004-04-28
15909,93487,3,2004-07-19
15909,2171544,5,2005-01-02
15909,493872,4,2005-02-11
15909,666331,5,2005-02-15
15909,1324910,4,2005-04-15
15909,708396,3,2005-05-22
15909,902331,5,2004-05-21
15909,1721010,2,2004-04-15
15909,953110,5,2005-08-21
15909,2197150,3,2003-12-24
15909,1516350,3,2004-05-13
15909,1705604,3,2004-06-14
15909,1643857,4,2004-11-01
15909,1644568,2,2005-01-08
15909,633317,2,2005-01-31
15909,624388,3,2005-02-17
15909,2569144,4,2005-05-24
15909,1973951,3,2005-05-26
15909,2152465,3,2005-11-09
15909,373034,1,2003-06-29
15909,21117,4,2005-03-15
15909,2503022,3,2003-12-09
15909,426362,3,2002-11-30
15909,941288,3,2003-04-07
15909,1125191,1,2004-01-17
15909,1519378,4,2005-01-04
15909,707496,3,2005-04-06
15909,1873205,4,2005-04-04
15909,513830,3,2005-05-23
15909,2338503,3,2005-06-19
15909,2403514,3,2005-09-27
15909,935378,3,2005-11-16
15909,95995,3,2002-05-21
15909,2466874,2,2003-06-14
15909,964302,5,2002-05-22
15909,2351580,2,2002-06-17
15909,574285,2,2004-02-22
15909,1140560,3,2004-04-13
15909,499406,4,2003-06-24
15909,1221473,4,2004-01-07
15909,1514594,3,2003-05-27
15909,1984378,2,2003-03-24
15909,2296586,4,2005-01-28
15909,2301357,3,2005-03-02
15909,2024221,3,2005-04-27
15909,2118461,5,2005-10-27
15909,169028,2,2004-04-23
15909,2131423,4,2002-06-12
15909,237286,3,2002-12-16
15909,1420744,4,2003-03-23
15909,152380,4,2004-09-15
15909,1781617,3,2003-12-29
15909,2458372,4,2004-03-21
15909,2157060,4,2004-11-21
15909,1478590,3,2004-11-30
15909,1184498,4,2005-03-18
15909,1518665,4,2005-10-16
15909,1605686,3,2002-08-13
15909,1548363,2,2005-08-04
15909,542848,4,2004-04-16
15909,1226928,2,2004-01-21
15909,2645882,3,2003-12-11
15909,2592608,5,2004-02-24
15909,2463441,5,2004-08-18
15909,765866,4,2004-10-27
15909,2090850,2,2002-10-11
15909,2583984,5,2005-07-20
15909,584538,5,2002-07-16
15909,387418,3,2003-08-14
15909,1003753,4,2003-11-06
15909,2401168,3,2003-01-10
15909,784208,3,2003-10-22
15909,587372,3,2003-10-06
15909,1736179,3,2003-11-05
15909,977703,5,2004-07-26
15909,488835,2,2004-08-09
15909,2494510,5,2005-05-23
15909,266493,3,2005-06-01
15909,2471433,3,2005-07-11
15909,1310425,2,2003-07-07
15909,290588,3,2002-09-10
15909,2593838,3,2004-01-03
15909,357374,3,2002-09-17
15909,876005,5,2002-09-09
15909,1938910,3,2003-07-17
15909,2452430,4,2004-10-06
15909,1055960,4,2004-12-24
15909,452658,4,2005-10-02
15909,2177085,5,2005-10-18
15909,1329217,5,2005-11-01
15909,2019983,3,2005-12-16
15909,791775,4,2002-12-24
15909,2154943,3,2003-09-02
15909,2341353,4,2003-12-03
15909,1685698,3,2003-11-05
15909,759215,3,2004-08-27
15909,90821,1,2004-05-09
15909,601317,4,2004-03-13
15909,295520,3,2004-11-06
15909,1900076,4,2004-11-28
15909,671319,2,2005-06-14
15909,2251050,5,2005-09-22
15909,2120912,4,2004-02-22
15909,658158,3,2004-08-10
15909,1266206,4,2004-05-19
15909,466290,4,2005-08-31
15909,711029,4,2004-06-29
15909,1611206,2,2004-01-20
15909,835353,4,2004-06-15
15909,1939561,3,2004-07-20
15909,1318272,4,2004-09-23
15909,1955586,2,2004-11-28
15909,235175,5,2005-01-26
15909,1150828,3,2005-03-20
15909,771576,2,2005-04-23
15909,1981621,3,2005-06-22
15909,2098223,2,2005-09-23
15909,1392942,1,2005-10-24
15909,1906611,4,2002-08-10
15909,921800,1,2005-07-14
15909,1715533,4,2002-10-14
15909,1992642,5,2005-07-29
15909,44778,1,2003-04-25
15909,2520804,2,2003-05-09
15909,2379439,3,2003-06-19
15909,873478,3,2005-08-31
15909,933895,3,2004-05-24
15909,2648351,3,2004-03-31
15909,2186779,5,2004-03-17
15909,2578580,3,2004-04-03
15909,1492085,4,2004-07-23
15909,340479,2,2005-01-19
15909,1564191,3,2005-01-25
15909,1705359,4,2005-09-07
15909,757796,5,2005-10-14
15909,1334279,3,2003-02-17
15909,2413798,4,2003-04-18
15909,1083962,3,2002-07-31
15909,527193,3,2003-08-22
15909,1804362,3,2004-04-22
15909,1375610,3,2002-12-19
15909,1455126,3,2005-09-08
15909,1050310,3,2004-03-27
15909,772337,3,2004-09-10
15909,1114342,4,2004-06-11
15909,794999,5,2004-05-28
15909,524308,3,2004-08-26
15909,2577632,2,2005-01-23
15909,1484137,3,2005-02-08
15909,725942,3,2005-11-17
15909,1544413,4,2005-12-09
15909,99939,3,2005-12-15
15909,2153721,2,2003-07-16
15909,2135445,2,2005-07-18
15909,1988310,5,2002-05-29
15909,629075,2,2005-09-19
15909,895819,2,2003-04-09
15909,356615,4,2002-08-03
15909,898123,4,2002-07-03
15909,1288837,4,2002-06-03
15909,1288371,2,2002-07-22
15909,155159,1,2002-12-31
15909,1616437,5,2003-08-20
15909,586755,4,2003-04-21
15909,2320222,4,2005-08-31
15909,1715575,4,2003-08-27
15909,1061195,4,2003-10-03
15909,1944209,2,2004-11-01
15909,2070952,3,2005-06-22
15909,1290581,2,2005-10-25
15909,1324830,3,2005-12-09
15909,1448849,2,2003-07-29
15909,883804,3,2002-12-16
15909,2077991,1,2003-08-04
15909,1128780,3,2002-08-07
15909,2316768,3,2003-05-19
15909,1577480,1,2003-11-19
15909,98388,4,2004-06-14
15909,1831664,4,2004-11-29
15909,1981147,5,2005-01-25
15909,1082000,1,2005-10-26
15909,1306378,5,2005-11-20
15909,1127936,4,2002-08-27
15909,1663694,3,2004-01-24
15909,1663888,1,2003-11-03
15909,2400466,4,2003-05-02
15909,2638234,3,2003-04-15
15909,128425,3,2003-08-27
15909,505109,2,2004-02-18
15909,401570,3,2004-06-14
15909,2096964,3,2004-06-30
15909,2303820,3,2004-08-25
15909,515157,3,2004-04-15
15909,409565,4,2004-05-01
15909,1391837,4,2005-06-07
15909,1410988,3,2005-12-27
15909,1649826,3,2004-03-18
15909,1461435,1,2002-05-15
15909,2429513,3,2003-01-11
15909,404437,2,2002-07-20
15909,2367680,2,2003-07-24
15909,871927,3,2003-07-17
15909,1143780,3,2003-09-03
15909,1727347,2,2004-08-26
15909,2179596,3,2004-06-15
15909,2321909,3,2004-09-14
15909,2516085,4,2005-02-21
15909,1501761,2,2005-05-12
15909,6529,3,2005-06-26
15909,2597335,3,2005-11-04
15909,286912,2,2003-04-07
15909,1950312,4,2002-08-07
15909,1996282,3,2003-08-26
15909,65094,5,2005-07-29
15909,1343136,4,2002-09-03
15909,2154901,3,2002-11-09
15909,472585,3,2003-03-25
15909,2638987,3,2003-11-26
15909,2315108,3,2003-02-28
15909,182203,1,2003-07-18
15909,253434,4,2004-03-17
15909,771105,4,2004-07-16
15909,1578642,2,2004-09-20
15909,1276711,3,2005-04-01
15909,510103,3,2002-09-27
15909,503017,4,2005-07-16
15909,1537037,3,2002-07-29
15909,632153,4,2002-07-31
15909,1401255,3,2003-08-27
15909,1668623,4,2003-04-21
15909,1711270,3,2003-05-04
15909,630112,3,2003-10-28
15909,2380866,4,2004-08-18
15909,751834,4,2004-05-07
15909,1048069,3,2004-09-02
15909,189312,5,2005-03-09
15909,999397,2,2005-05-25
15909,1224357,4,2005-07-07
15909,1281478,5,2002-07-15
15909,151004,4,2002-08-08
15909,245454,2,2004-12-14
15909,2196762,4,2004-09-16
15909,1865835,4,2005-05-10
15909,792879,4,2003-03-05
15909,207415,2,2002-06-25
15909,1779539,3,2002-07-16
15909,2086615,3,2002-08-06
15909,254987,3,2003-01-18
15909,2182415,5,2003-04-13
15909,267231,2,2004-03-16
15909,2126068,3,2003-09-29
15909,2279048,5,2004-05-18
15909,2216714,1,2005-03-01
15909,2097749,3,2005-03-07
15909,2588222,3,2005-05-24
15909,2077664,4,2005-06-17
15909,1065660,4,2005-12-03
15909,2136967,4,2003-03-06
15909,1181237,3,2003-05-16
15909,67134,3,2002-08-20
15909,2321203,4,2005-07-23
15909,1639792,1,2002-05-16
15909,1029833,3,2003-02-15
15909,1841108,3,2003-05-29
15909,1466323,5,2004-03-11
15909,1281882,4,2004-04-27
15909,359960,4,2004-09-23
15909,2224734,3,2004-11-22
15909,170248,1,2004-12-06
15909,62071,4,2004-12-20
15909,144220,5,2005-09-17
15909,2354764,3,2002-06-27
15909,2339843,3,2002-08-15
15909,197031,4,2002-08-26
15909,2617062,4,2003-06-24
15909,2093105,3,2004-06-17
15909,469068,4,2005-01-08
15909,385803,3,2005-02-18
15909,113529,3,2005-03-17
15909,371701,2,2005-03-31
15909,2634348,2,2002-10-13
15909,2479752,5,2003-11-22
15909,2017112,2,2003-01-14
15909,384027,4,2002-12-31
15909,1569103,2,2004-01-23
15909,2316252,5,2004-09-02
15909,2385226,4,2004-11-02
15909,551489,3,2003-05-05
15909,540026,3,2003-05-31
15909,2460347,1,2004-03-25
15909,78404,4,2002-05-15
15909,1941773,4,2004-08-03
15909,334376,4,2003-01-15
15909,1014151,4,2002-09-03
15909,956647,5,2003-01-08
15909,657985,4,2003-09-17
15909,2322687,4,2003-11-24
15909,1108527,1,2004-07-08
15909,2436452,3,2004-12-29
15909,1280078,4,2005-01-25
15909,1758289,5,2005-02-06
15909,1320153,4,2005-05-27
15909,911122,4,2005-06-03
15909,1541561,4,2005-06-28
15909,1832073,3,2002-07-29
15909,883202,5,2004-02-15
15909,2525653,1,2005-07-31
15909,2268177,2,2002-08-29
15909,34669,5,2003-02-12
15909,1195511,4,2002-12-31
15909,2282041,3,2004-09-25
15909,2274652,4,2004-12-28
15909,1197891,5,2005-01-29
15909,946909,5,2005-09-17
15909,2145515,1,2004-01-27
15909,1737176,1,2002-10-21
15909,374423,3,2004-04-09
15909,2403480,3,2004-03-07
15909,765159,4,2005-04-21
15909,1762872,3,2005-09-26
15909,1398103,4,2005-10-28
15909,1498824,2,2003-03-10
15909,663118,5,2004-04-14
15909,19930,4,2002-08-16
15909,1567792,4,2004-05-20
15909,1440251,2,2004-08-23
15909,2371227,3,2004-07-13
15909,2238060,3,2004-08-18
15909,1309775,3,2004-12-07
15909,2639487,4,2004-12-20
15909,548226,3,2005-02-06
15909,2209269,1,2005-03-22
15909,2014125,2,2005-07-11
15909,944111,3,2003-03-05
15909,1058930,4,2005-07-27
15909,1316286,3,2003-02-13
15909,1866446,3,2004-06-15
15909,2232563,3,2004-02-14
15909,2049734,3,2003-01-17
15909,1852040,1,2004-02-27
15909,861840,1,2004-03-09
15909,546802,3,2004-03-05
15909,1878780,3,2004-04-23
15909,1602117,3,2003-03-08
15909,30288,1,2003-01-19
15909,2210387,3,2003-05-11
15909,1585131,1,2003-04-29
15909,427902,4,2005-08-27
15909,827933,1,2004-06-02
15909,920756,2,2004-03-28
15909,1486956,3,2005-03-26
15909,287566,5,2005-06-29
15909,1171523,2,2002-10-05
15909,2505962,3,2003-03-03
15909,1030065,2,2003-05-12
15909,2321454,5,2003-03-16
15909,2207914,3,2003-05-12
15909,32754,3,2004-08-20
15909,1607021,3,2004-05-01
15909,1450747,3,2005-04-13
15909,1247177,3,2005-11-07
15909,150344,5,2002-11-18
15909,1698817,3,2003-03-18
15909,1550718,4,2004-02-26
15909,458475,3,2002-08-06
15909,347701,4,2002-08-09
15909,2553138,3,2004-07-08
15909,1618396,3,2004-07-18
15909,381771,2,2003-11-05
15909,1350191,5,2004-06-11
15909,1942026,3,2004-10-26
15909,1590889,3,2004-11-19
15909,2226346,4,2005-03-14
15909,1051757,3,2005-06-03
15909,1078406,5,2005-07-19
15909,462852,4,2004-01-10
15909,2205210,4,2003-04-04
15909,285174,4,2004-04-27
15909,509009,5,2004-05-11
15909,330265,2,2004-10-20
15909,1899904,3,2004-12-17
15909,978104,3,2005-06-03
15909,2069625,4,2005-12-02
15909,1456579,5,2002-09-21
15909,237263,1,2003-08-12
15909,243940,5,2005-07-17
15909,1556093,3,2003-01-04
15909,2115908,3,2003-01-10
15909,749153,1,2003-07-18
15909,1988192,3,2003-09-20
15909,272840,1,2004-04-22
15909,583086,3,2002-10-13
15909,1228999,3,2002-06-07
15909,1887456,4,2003-05-15
15909,1848593,2,2003-01-16
15909,98676,4,2004-07-09
15909,1273549,3,2004-01-09
15909,601432,5,2004-11-02
15909,1914178,4,2005-11-21
15909,2257214,2,2005-07-19
15909,568617,1,2002-06-25
15909,2398911,3,2003-07-01
15909,2518149,4,2003-04-01
15909,1174548,3,2002-11-27
15909,43027,4,2002-08-09
15909,845991,3,2003-01-07
15909,2031728,1,2002-08-01
15909,1927369,5,2003-07-20
15909,684648,4,2003-10-28
15909,233818,4,2003-08-24
15909,580199,4,2004-05-03
15909,1594520,4,2004-07-07
15909,431691,3,2004-08-19
15909,2405673,2,2004-11-16
15909,1933317,2,2005-06-18
15909,617654,5,2002-06-26
15909,25354,4,2002-11-08
15909,336320,3,2002-10-22
15909,2283883,1,2003-03-20
15909,1533313,5,2003-08-20
15909,744698,4,2003-08-20
15909,924943,3,2003-11-10
15909,2457089,4,2005-06-26
15909,1789545,3,2002-09-02
15909,940101,2,2005-07-25
15909,822391,1,2005-08-09
15909,1305368,4,2004-01-02
15909,2634967,1,2005-01-10
15909,495716,3,2004-12-02
15909,1904574,4,2005-02-02
15909,2275185,3,2005-05-24
15909,2270619,5,2005-11-23
15909,1550207,2,2003-01-08
15909,2179833,3,2003-04-27
15909,2480287,2,2003-03-04
15909,1664442,3,2004-11-24
15909,81234,1,2004-12-06
15909,1635449,2,2005-01-10
15909,15737,3,2005-10-02
15909,1272199,5,2005-10-20
