14863,1650301,2,2005-07-25
14863,2625420,2,2004-10-13
14863,652121,3,2005-05-12
14863,2295138,3,2005-06-13
14863,2030845,3,2004-09-30
14863,653423,3,2005-11-28
14863,1373038,1,2004-12-09
14863,599628,2,2004-10-05
14863,85856,3,2005-06-22
14863,66871,3,2004-09-14
14863,2476665,1,2005-03-02
14863,1489566,4,2004-09-19
14863,2085613,3,2005-08-29
14863,776415,2,2005-08-09
14863,1574264,2,2005-07-18
14863,239108,1,2005-05-20
14863,1445117,2,2005-06-23
14863,753819,1,2005-05-01
14863,1957483,3,2004-11-09
14863,1573878,1,2005-03-10
14863,1314869,4,2005-12-12
14863,1666862,2,2005-06-08
14863,2043344,2,2005-10-11
14863,811008,2,2004-11-21
14863,2523318,5,2005-03-29
14863,770344,1,2005-02-17
14863,2439493,1,2005-08-06
14863,44887,4,2005-01-24
14863,1160162,3,2005-06-28
14863,2240844,1,2005-11-09
14863,1796171,3,2005-09-12
14863,225338,2,2005-03-29
14863,740526,2,2005-01-11
14863,2345098,1,2005-11-07
14863,1352184,2,2005-06-17
14863,247932,1,2004-11-04
14863,1013116,1,2005-01-20
14863,2023207,4,2005-02-28
14863,1241928,1,2004-12-30
14863,105534,4,2004-11-29
14863,605299,5,2004-11-08
14863,2136927,1,2005-01-20
14863,1664859,5,2005-03-25
14863,1706491,1,2005-06-21
14863,107776,2,2005-03-26
14863,530666,3,2005-06-17
14863,1771090,3,2004-09-21
14863,2445481,1,2005-11-27
14863,1003694,2,2005-06-09
14863,2591704,3,2005-06-14
14863,1122431,4,2005-06-30
14863,2101646,5,2005-03-19
14863,2551266,3,2005-03-05
14863,1640380,1,2005-01-19
14863,820576,2,2005-05-16
14863,1090806,1,2004-12-29
14863,1664010,3,2005-10-12
14863,1981138,3,2005-01-05
14863,2133579,2,2005-02-13
14863,764945,3,2005-03-26
14863,1769897,3,2005-10-11
14863,1947714,3,2005-07-15
14863,1869926,2,2005-02-07
14863,2610582,2,2004-10-01
14863,1362663,3,2005-08-11
14863,2397276,1,2005-09-12
14863,305604,5,2005-11-10
14863,1317915,3,2005-12-11
14863,991420,3,2005-02-23
14863,1281398,4,2005-09-27
14863,328839,2,2005-09-24
14863,1589400,3,2005-02-20
14863,1527392,3,2005-06-18
14863,1316745,3,2004-09-24
14863,659827,3,2005-02-15
14863,1810534,4,2005-10-19
14863,1415546,1,2005-03-25
14863,2010849,4,2004-10-26
14863,867068,3,2005-08-04
14863,2186995,1,2005-04-26
14863,2224741,3,2005-12-29
14863,2030119,1,2005-12-19
14863,2401651,2,2005-12-08
14863,2606799,1,2004-11-18
14863,2083763,2,2004-11-05
14863,1160401,4,2005-05-20
14863,1706324,5,2005-06-10
14863,2444999,3,2005-03-13
14863,591072,5,2005-09-18
14863,1078522,3,2004-10-26
14863,1393999,3,2005-05-11
14863,305344,1,2004-08-28
14863,73195,2,2005-08-28
14863,1760132,2,2005-07-26
14863,1765147,4,2005-04-23
14863,285177,3,2005-02-07
14863,2614562,2,2005-05-02
14863,207584,4,2005-04-11
14863,1631617,2,2005-09-14
14863,1076693,3,2005-12-15
14863,2321963,2,2004-12-06
14863,704631,2,2005-11-22
14863,1219120,2,2005-07-07
14863,893980,2,2005-07-26
14863,2506246,2,2005-02-10
14863,1133763,2,2005-01-09
14863,1219516,3,2005-06-08
14863,567705,1,2005-10-20
14863,2507459,2,2005-08-02
14863,32668,2,2005-02-19
14863,1233754,3,2005-04-09
14863,1173605,1,2004-09-07
14863,2188860,5,2005-07-14
14863,2118461,3,2005-12-22
14863,255470,2,2004-11-12
14863,387418,1,2004-11-15
14863,1701859,3,2004-12-22
14863,2076055,3,2005-06-14
14863,2487127,1,2004-09-14
14863,1932594,1,2005-01-20
14863,1396694,3,2005-06-01
14863,427497,4,2005-06-27
14863,757836,1,2005-02-22
14863,156866,2,2005-04-27
14863,1440777,3,2005-06-21
14863,2198757,1,2005-10-09
14863,897700,5,2005-05-02
14863,243068,3,2005-01-30
14863,104724,1,2005-05-22
14863,133751,1,2005-10-06
14863,663857,5,2004-12-19
14863,1466703,4,2005-03-08
14863,2582425,2,2005-03-19
14863,2161223,5,2005-01-04
14863,984440,1,2005-04-17
