14914,2583660,3,2001-02-24
14914,2625420,1,2004-06-04
14914,2553457,5,2005-03-03
14914,364549,3,2005-10-02
14914,1977959,4,2002-06-25
14914,2217731,3,2005-03-05
14914,1722558,1,2004-08-24
14914,330379,1,2003-12-29
14914,2159770,4,2005-11-23
14914,1216096,1,2001-12-18
14914,1532812,1,2001-07-22
14914,1001129,3,2005-07-31
14914,2333521,2,2002-01-22
14914,1687596,3,2004-09-01
14914,727242,1,2004-07-06
14914,1756997,3,2005-06-20
14914,2402994,2,2004-01-20
14914,2550838,1,2002-06-30
14914,2170930,1,2005-10-30
14914,1792741,2,2001-03-15
14914,2466313,2,2001-08-07
14914,848872,4,2002-12-28
14914,1923732,5,2005-07-19
14914,787407,3,2002-08-22
14914,2551609,3,2002-12-18
14914,2439493,1,2003-01-16
14914,1545709,3,2004-03-31
14914,1257515,4,2004-06-07
14914,2429814,1,2000-12-20
14914,30015,3,2005-10-10
14914,43177,3,2000-07-03
14914,661506,2,2005-07-11
14914,1918704,4,2004-03-15
14914,994153,4,2002-12-06
14914,390067,3,2003-07-10
14914,405285,2,2005-04-22
14914,952156,3,2004-06-13
14914,2133551,4,2005-09-12
14914,788852,5,2001-01-29
14914,2076049,4,2004-01-20
14914,2457095,2,2004-10-25
14914,2026477,1,2002-11-20
14914,1460897,3,2005-07-17
14914,1547886,5,2001-12-17
14914,676177,1,2003-08-07
14914,1066669,4,2002-01-27
14914,2253829,4,2002-09-10
14914,513482,3,2005-04-11
14914,1652323,3,2004-11-22
14914,905048,3,2001-12-12
14914,1615874,1,2003-03-31
14914,257259,1,2003-07-20
14914,369756,3,2002-12-27
14914,230966,1,2002-01-15
14914,2204811,3,2001-12-22
14914,973313,3,2002-08-19
14914,2637328,2,2004-09-26
14914,2371791,2,2002-10-30
14914,2016285,1,2002-12-23
14914,1664010,3,2005-10-12
14914,500325,4,2003-12-08
14914,2256295,2,2005-11-12
14914,2441198,3,2001-12-07
14914,766958,4,2005-10-11
14914,2178946,2,2005-10-07
14914,1378567,3,2002-08-17
14914,286684,3,2004-07-12
14914,1436917,3,2005-07-26
14914,1744732,3,2003-01-21
14914,40851,3,2002-11-27
14914,997647,3,2005-10-04
14914,1671947,3,2002-07-11
14914,119603,4,2002-04-18
14914,386947,3,2002-08-23
14914,986364,3,2005-08-17
14914,1538815,3,2004-10-16
14914,956846,5,2001-12-05
14914,16272,3,2002-08-05
14914,2403270,4,2004-11-12
14914,65003,3,2003-12-11
14914,984662,3,2003-12-30
14914,393945,1,2002-06-26
14914,2394024,5,2004-07-27
14914,305344,4,2003-05-10
14914,2136991,3,2005-09-12
14914,1802372,2,2004-07-14
14914,1537982,3,2003-08-06
14914,672801,3,2001-04-28
14914,2188296,3,2003-08-14
14914,284985,3,2005-06-15
14914,17227,3,2005-04-02
14914,2177340,3,2005-06-07
14914,306569,1,2001-11-19
14914,258481,1,2002-06-01
14914,2260738,4,2003-08-04
14914,1894552,2,2004-09-07
14914,733366,1,2005-04-24
14914,1905868,3,2005-10-12
14914,256392,5,2004-02-25
14914,2596328,4,2003-06-27
14914,2598647,3,2002-02-04
14914,752642,3,2001-03-20
14914,2006715,2,2002-12-19
14914,2393347,2,2003-04-01
14914,249936,2,2003-12-13
14914,320897,3,2002-08-28
14914,373579,3,2003-03-20
14914,397883,3,2001-05-05
14914,1096568,1,2005-01-10
14914,2118461,3,2005-10-29
14914,1700725,3,2001-04-17
14914,387418,2,2003-10-10
14914,154698,3,2004-04-15
14914,1395325,2,2002-06-12
14914,461457,3,2003-06-30
14914,1461435,1,2003-07-30
14914,27061,5,2004-07-30
14914,377334,3,2005-09-09
14914,1639792,1,2002-06-26
14914,823544,3,2004-08-09
14914,57633,2,2002-06-25
14914,78404,2,2002-07-24
14914,2081789,2,2003-08-22
14914,2512006,1,2005-09-08
14914,2540684,3,2005-03-09
14914,2148160,3,2002-12-31
14914,775020,3,2004-10-02
14914,2254512,2,2002-06-22
14914,2078225,3,2005-06-01
14914,678155,5,2002-01-07
14914,1300759,3,2004-09-24
14914,1455847,2,2005-06-27
