9084,101470,5,2005-01-22
9084,373295,4,2004-11-06
9084,2207774,5,2005-02-03
9084,2012897,5,2000-08-05
9084,2236039,2,2004-07-06
9084,2469880,3,2005-04-19
9084,2210979,4,2003-09-21
9084,1123243,5,2005-06-07
9084,58925,5,2005-07-07
9084,1972563,5,2004-01-27
9084,1546834,3,2004-02-11
9084,920383,4,2004-10-10
9084,1981837,4,2005-05-17
9084,590059,4,2004-06-01
9084,1513036,5,2004-04-16
9084,1805745,4,2005-06-18
9084,1195401,4,2003-09-23
9084,784310,3,2005-12-01
9084,2415788,4,2004-11-23
9084,1149126,4,2004-06-18
9084,2147553,4,2005-05-05
9084,392397,5,2005-09-22
9084,1046137,3,2003-10-13
9084,1927580,1,2004-01-28
9084,640098,3,2004-12-13
9084,1762191,3,2005-07-31
9084,1567202,1,2003-06-06
9084,2473320,5,2005-08-24
9084,2302374,4,2003-08-19
9084,1834420,3,2005-01-13
9084,1579148,5,2005-03-06
9084,2042687,5,2004-09-24
9084,2591602,4,2005-01-19
9084,2439493,1,2003-06-04
9084,2366709,4,2004-03-13
9084,368070,3,2003-08-01
9084,2271790,5,2004-05-12
9084,901507,5,2004-04-21
9084,2254323,4,2004-11-04
9084,810499,5,2005-03-01
9084,1034828,2,2004-01-12
9084,676660,1,2003-11-01
9084,1535467,1,2004-10-28
9084,821095,2,2004-10-03
9084,588760,4,2004-08-09
9084,874204,5,2004-03-31
9084,1777406,1,2004-12-11
9084,1147641,1,2002-01-04
9084,769702,1,2005-02-26
9084,2444455,3,2003-07-16
9084,145941,4,2005-08-23
9084,537360,5,2004-12-25
9084,2224306,4,2005-11-01
9084,2457095,2,2004-11-01
9084,1419103,3,2005-03-01
9084,384710,4,2005-03-29
9084,339393,3,2004-09-07
9084,143503,4,2004-08-10
9084,1374216,1,2005-10-05
9084,616173,4,2004-08-31
9084,723490,5,2004-07-06
9084,1649105,4,2005-03-08
9084,1795307,3,2005-12-04
9084,280542,5,2001-01-09
9084,2405472,4,2005-10-21
9084,440463,2,2005-12-26
9084,1712123,3,2005-04-19
9084,2553116,4,2004-03-08
9084,507603,1,2005-11-20
9084,961916,4,2005-01-09
9084,985856,5,2005-04-06
9084,2025481,5,2003-03-21
9084,1182512,5,2005-08-31
9084,661903,4,2004-02-27
9084,157667,1,2004-09-01
9084,704850,3,2004-09-28
9084,897575,5,2004-10-12
9084,1664010,4,2005-10-17
9084,1497087,3,2003-12-24
9084,2449260,3,2004-12-28
9084,1774595,4,2003-09-08
9084,1760133,4,2005-02-17
9084,1939422,3,2005-01-25
9084,830934,5,2005-07-31
9084,330424,3,2003-08-05
9084,1599620,3,2004-05-26
9084,258585,4,2005-06-13
9084,122197,1,2005-03-09
9084,330038,5,2005-10-20
9084,1040501,5,2002-03-08
9084,1377736,3,2004-09-24
9084,1418260,4,2005-05-04
9084,853836,4,2005-11-08
9084,1823735,4,2004-02-17
9084,2626336,2,2004-04-23
9084,2541854,4,2001-05-16
9084,2291306,1,2004-09-13
9084,2150807,5,2004-01-31
9084,230112,1,2004-08-26
9084,78662,4,2004-07-20
9084,623797,4,2004-09-18
9084,2361800,3,2005-03-13
9084,720854,2,2005-05-17
9084,446379,4,2005-11-07
9084,2415566,5,2004-07-12
9084,2028936,4,2005-09-03
9084,653757,5,2005-09-16
9084,1842369,1,2005-10-26
9084,305344,2,2003-07-13
9084,1276031,3,2005-01-26
9084,2280484,3,2004-04-16
9084,2483219,3,2003-06-17
9084,264988,5,2004-09-12
9084,358377,5,2005-02-25
9084,243862,5,2005-05-30
9084,1381040,3,2003-12-24
9084,2094602,3,2005-05-02
9084,1617455,4,2005-05-18
9084,1104098,4,2005-06-28
9084,1668619,4,2005-10-13
9084,427186,3,2004-08-16
9084,1721003,1,2005-07-04
9084,50524,4,2005-11-03
9084,646323,4,2005-08-24
9084,1079324,4,2005-09-12
9084,164303,1,2005-06-13
9084,238532,5,2005-08-14
9084,2017847,3,2004-10-09
9084,1824680,5,2003-09-09
9084,1252887,4,2004-03-11
9084,168390,5,2004-01-19
9084,982685,4,2004-10-26
9084,1704858,4,2004-01-22
9084,387418,1,2003-08-14
9084,1114324,4,2004-11-15
9084,2495333,1,2005-07-16
9084,54443,1,2004-02-24
9084,1553545,2,2005-05-15
9084,885838,5,2003-08-01
9084,1461435,1,2002-02-16
9084,1397367,5,2005-01-31
9084,1860235,5,2005-02-08
9084,640441,5,2005-09-19
9084,1950421,5,2005-09-26
9084,1931836,4,2004-09-19
9084,2476588,4,2004-01-17
9084,1639792,1,2003-06-08
9084,2187746,5,2003-10-07
9084,1381191,1,2004-08-02
9084,808933,4,2004-12-13
9084,513933,3,2004-08-07
9084,1147876,5,2004-03-03
9084,1246915,5,2005-10-10
9084,1699620,3,2004-03-22
9084,765159,1,2004-11-10
9084,1335181,4,2003-07-29
9084,1852040,2,2004-01-24
9084,8431,3,2005-05-26
9084,1457707,3,2003-06-25
9084,629389,1,2004-01-27
9084,1453339,5,2005-01-03
9084,515436,1,2005-02-13
9084,1432316,5,2005-04-04
9084,285996,3,2004-03-19
9084,489702,1,2005-08-05
9084,1058671,5,2002-08-10
9084,2634967,1,2004-07-17
9084,42477,4,2005-02-03
9084,1384900,4,2004-01-17
