9894,1627769,3,2005-04-01
9894,126998,3,2004-12-06
9894,2625420,2,2004-12-07
9894,566733,3,2005-08-03
9894,711595,1,2005-09-19
9894,2270650,3,2004-11-27
9894,774868,4,2005-10-09
9894,2531664,4,2005-08-04
9894,315229,2,2005-01-29
9894,2567417,4,2005-03-14
9894,1199825,3,2005-01-25
9894,2181927,3,2005-02-21
9894,1784150,3,2005-04-07
9894,2442016,3,2005-07-07
9894,1252011,3,2005-03-31
9894,1396542,3,2005-06-17
9894,1022276,2,2005-07-23
9894,1911180,3,2005-02-28
9894,1048894,3,2005-09-18
9894,2266034,4,2005-10-26
9894,2170930,1,2005-06-27
9894,897024,3,2005-08-23
9894,2230823,3,2005-06-22
9894,2050556,2,2004-12-21
9894,1874677,2,2005-03-21
9894,2386510,2,2005-08-21
9894,1792064,4,2004-12-15
9894,2367515,3,2004-12-14
9894,870871,2,2005-07-16
9894,724762,5,2004-11-03
9894,2133899,3,2005-01-31
9894,114077,3,2005-03-07
9894,2091526,4,2005-05-02
9894,1161198,2,2005-05-09
9894,1753825,3,2005-11-21
9894,1842351,4,2004-11-30
9894,683719,4,2004-11-11
9894,2129052,2,2005-02-23
9894,2429207,3,2005-01-05
9894,938784,3,2005-03-21
9894,2617405,2,2004-10-15
9894,2131089,4,2005-02-06
9894,2404115,5,2005-09-05
9894,61841,2,2005-08-07
9894,780484,4,2005-08-11
9894,2398368,1,2004-11-19
9894,858454,2,2005-01-30
9894,1664010,3,2005-10-15
9894,1300733,2,2005-02-19
9894,1878886,1,2005-06-14
9894,1362663,3,2005-06-28
9894,1991147,2,2005-04-03
9894,1859248,3,2005-10-27
9894,389932,2,2004-12-24
9894,988097,3,2004-11-28
9894,2473781,3,2005-06-25
9894,1820271,5,2005-10-27
9894,923864,3,2005-07-11
9894,2025104,3,2005-07-29
9894,1448480,3,2004-12-29
9894,1477153,3,2005-04-08
9894,1457134,3,2005-03-20
9894,2112204,4,2005-08-02
9894,923317,3,2004-11-10
9894,336789,4,2005-01-03
9894,2101238,3,2005-05-11
9894,2034847,2,2005-05-02
9894,1554330,2,2005-12-15
9894,2092195,3,2005-02-24
9894,1509147,2,2005-01-10
9894,708485,5,2005-03-21
9894,2068131,1,2004-12-14
9894,2478811,3,2004-12-11
9894,445740,3,2005-09-22
9894,305344,1,2004-09-12
9894,2640087,3,2005-08-02
9894,1675902,3,2005-06-10
9894,111070,1,2005-05-23
9894,1285852,4,2005-11-14
9894,1728924,3,2005-11-17
9894,2019580,3,2005-08-08
9894,1922230,2,2005-01-22
9894,54577,2,2004-11-07
9894,1876836,3,2005-10-11
9894,2118461,3,2005-12-22
9894,1353174,1,2005-10-25
9894,710930,5,2005-02-23
9894,202236,2,2005-09-04
9894,387418,1,2004-12-03
9894,765593,2,2005-03-28
9894,1139393,3,2005-10-10
9894,210637,2,2005-02-28
9894,1932594,1,2005-02-02
9894,333505,3,2005-04-01
9894,2337971,2,2005-10-14
9894,1702496,4,2005-03-16
9894,1099833,2,2005-04-22
9894,642384,5,2004-12-18
9894,522237,4,2005-01-31
9894,572480,3,2005-08-30
9894,1609396,3,2005-06-01
9894,2240921,2,2005-08-06
9894,847817,4,2004-12-21
9894,1546585,2,2005-05-24
9894,93980,2,2005-11-10
9894,2351153,3,2004-11-03
9894,1190329,2,2005-12-03
9894,176303,4,2004-11-07
9894,1414198,2,2005-11-16
