9384,1583391,4,2003-10-02
9384,1945809,3,2004-04-28
9384,41412,4,2004-04-05
9384,1062724,3,2004-04-28
9384,1008399,4,2003-10-07
9384,139297,4,2004-03-08
9384,323063,2,2004-07-09
9384,2211758,2,2005-05-18
9384,1146418,5,2003-11-21
9384,1232734,5,2004-10-20
9384,2348376,1,2003-12-12
9384,549494,3,2004-05-21
9384,987034,2,2004-01-08
9384,1021701,3,2004-12-26
9384,317060,5,2005-03-11
9384,1135846,3,2005-08-17
9384,2026560,3,2004-08-24
9384,1710042,3,2004-12-10
9384,1165739,3,2004-07-22
9384,630740,2,2004-03-13
9384,582396,5,2004-11-03
9384,65031,3,2005-06-13
9384,623294,3,2003-11-14
9384,1830096,3,2004-05-12
9384,2309792,3,2004-04-28
9384,173362,3,2004-10-06
9384,2299232,3,2005-11-03
9384,2239421,2,2004-04-28
9384,2217024,1,2005-01-31
9384,1224299,3,2005-03-18
9384,2127671,4,2004-04-28
9384,1866775,4,2004-06-22
9384,1670143,4,2005-01-31
9384,36463,3,2005-11-29
9384,1146220,3,2004-02-27
9384,929308,3,2004-04-28
9384,2211552,3,2004-05-01
9384,2404146,4,2005-01-19
9384,1427045,3,2005-03-23
9384,2429925,4,2004-04-28
9384,609302,4,2004-11-26
9384,2566515,1,2004-01-25
9384,345940,1,2004-07-08
9384,764665,3,2004-06-03
9384,581506,5,2005-05-05
9384,1142419,2,2004-05-01
9384,541870,2,2004-12-11
9384,2528088,2,2004-12-30
9384,1301701,3,2005-04-13
9384,2013700,2,2003-11-03
9384,214144,4,2005-08-21
9384,2018269,4,2005-06-27
9384,2085613,3,2003-12-19
9384,370828,5,2004-04-28
9384,1033448,4,2004-05-01
9384,2198130,2,2003-11-03
9384,1865844,3,2005-01-19
9384,1511214,4,2005-02-24
9384,824766,3,2005-09-17
9384,26252,3,2005-05-20
9384,1799995,3,2004-02-12
9384,2181010,1,2004-04-28
9384,2168658,2,2003-10-27
9384,1001129,2,2004-09-04
9384,1476613,2,2005-01-12
9384,2304204,2,2003-10-22
9384,1927580,3,2004-11-10
9384,716874,5,2005-02-06
9384,44976,2,2005-03-15
9384,2436583,1,2005-05-02
9384,1927818,2,2005-05-15
9384,388781,5,2005-08-19
9384,1033100,3,2004-02-05
9384,1516910,3,2004-03-09
9384,2216091,4,2004-04-28
9384,568623,4,2004-04-28
9384,1066820,3,2004-01-05
9384,2039884,1,2004-02-12
9384,2569992,1,2003-11-25
9384,49585,1,2004-04-28
9384,967997,3,2005-03-12
9384,1196245,5,2004-04-28
9384,738727,2,2004-04-28
9384,2358621,4,2004-05-01
9384,706264,4,2004-08-31
9384,1815789,3,2004-03-30
9384,1572796,3,2004-04-28
9384,1056195,3,2005-11-14
9384,286100,3,2004-07-17
9384,2160854,4,2004-09-27
9384,1888208,5,2004-11-10
9384,1120781,5,2004-04-28
9384,1120712,2,2005-01-03
9384,1272379,1,2005-01-19
9384,2015481,4,2005-12-29
9384,336400,3,2005-05-26
9384,101092,2,2005-10-12
9384,2411610,4,2004-04-28
9384,2042897,2,2004-06-04
9384,141936,3,2004-04-28
9384,434849,4,2004-08-09
9384,2004274,3,2003-09-29
9384,2320638,5,2005-08-17
9384,864172,2,2004-04-28
9384,530588,5,2003-10-02
9384,164845,1,2005-03-04
9384,481484,1,2005-07-24
9384,2184809,4,2005-05-20
9384,1861496,1,2004-04-28
9384,1166912,3,2004-04-28
9384,1126446,3,2004-07-22
9384,2484944,2,2003-11-04
9384,2975,4,2004-11-28
9384,687337,3,2005-01-20
9384,148674,2,2005-07-29
9384,1918520,3,2003-09-29
9384,665057,3,2004-08-30
9384,1819462,1,2005-03-09
9384,2439493,1,2003-11-22
9384,844839,4,2004-04-28
9384,198743,3,2004-04-28
9384,2511101,1,2004-04-28
9384,2225116,4,2005-08-29
9384,1334410,5,2004-08-24
9384,2158849,4,2005-01-26
9384,2210778,2,2005-03-24
9384,2369448,3,2005-03-28
9384,585399,5,2005-04-01
9384,765640,2,2005-07-07
9384,1509293,3,2004-03-25
9384,2185614,5,2004-05-16
9384,1797243,1,2003-12-20
9384,2568187,3,2004-01-06
9384,989899,4,2005-01-01
9384,1563935,1,2005-08-15
9384,1419404,3,2003-10-18
9384,2451973,4,2004-11-07
9384,2237757,2,2005-01-19
9384,2038440,4,2005-09-11
9384,2052334,3,2004-03-26
9384,492714,3,2004-04-28
9384,2248616,5,2003-11-17
9384,1775948,4,2004-06-23
9384,630630,4,2005-05-16
9384,2284673,1,2003-11-12
9384,272121,3,2004-04-28
9384,954745,1,2005-01-22
9384,305111,3,2004-04-28
9384,235553,4,2003-10-06
9384,2591308,4,2004-07-23
9384,2621771,3,2004-04-28
9384,967630,2,2004-04-28
9384,473055,4,2005-09-28
9384,676660,1,2003-11-01
9384,2432542,4,2005-03-21
9384,1485728,3,2005-05-28
9384,2070436,3,2004-04-28
9384,2151819,2,2005-03-18
9384,972871,4,2004-02-27
9384,2465533,3,2004-06-25
9384,2035931,5,2005-02-08
9384,1552223,2,2003-11-07
9384,1395546,3,2004-12-28
9384,2347098,3,2004-12-31
9384,431972,3,2003-11-05
9384,685428,3,2004-05-01
9384,2307940,2,2004-04-28
9384,1677522,3,2004-04-28
9384,1573748,2,2003-09-22
9384,2042196,3,2003-10-03
9384,1268728,2,2003-10-07
9384,77997,2,2004-04-28
9384,2241185,2,2004-04-18
9384,962019,1,2005-08-24
9384,1205651,5,2004-04-28
9384,2261901,4,2005-08-29
9384,734773,2,2003-10-23
9384,2266403,3,2004-11-16
9384,221926,4,2005-12-13
9384,1147641,1,2004-04-28
9384,769702,1,2005-02-26
9384,425581,2,2005-02-28
9384,544525,4,2005-05-15
9384,944957,3,2004-04-28
9384,813079,5,2004-07-31
9384,2505593,2,2004-04-28
9384,596995,2,2004-04-28
9384,792808,1,2005-10-15
9384,1731464,4,2004-04-28
9384,2496561,4,2004-04-28
9384,1876520,1,2004-04-28
9384,1048062,3,2004-07-25
9384,372507,3,2004-11-16
9384,1251364,2,2004-04-28
9384,425737,4,2005-01-19
9384,940298,2,2004-04-28
9384,639447,3,2005-02-13
9384,107776,3,2005-03-28
9384,506612,2,2004-04-28
9384,717200,3,2003-09-20
9384,2227071,2,2004-08-01
9384,2345506,3,2004-08-29
9384,452197,5,2005-02-10
9384,323268,4,2005-04-15
9384,59789,5,2005-10-18
9384,1882450,4,2004-04-28
9384,2137371,3,2004-02-18
9384,1810226,3,2004-10-05
9384,447180,3,2005-06-23
9384,1560415,5,2003-09-29
9384,1795251,4,2004-04-28
9384,998104,4,2004-05-24
9384,117934,5,2004-08-28
9384,160193,5,2004-07-13
9384,938931,3,2003-09-28
9384,2013867,1,2003-09-30
9384,1656284,3,2004-09-14
9384,507603,1,2005-09-16
9384,1876522,4,2004-05-01
9384,1306304,2,2004-04-28
9384,1365245,3,2003-10-19
9384,1210746,4,2005-01-27
9384,215206,4,2005-03-15
9384,2645828,5,2005-09-28
9384,265279,3,2003-09-19
9384,2095444,3,2004-03-03
9384,69690,5,2005-08-15
9384,1611795,3,2005-08-20
9384,548121,3,2004-11-23
9384,595870,1,2005-01-29
9384,891055,3,2005-04-03
9384,3595,2,2004-04-28
9384,1405395,4,2005-05-12
9384,131133,3,2004-01-19
9384,437347,2,2004-04-28
9384,368756,1,2004-04-28
9384,1151477,3,2005-02-28
9384,2083367,3,2004-04-28
9384,2214837,1,2005-04-26
9384,780484,4,2004-04-28
9384,370754,4,2005-04-16
9384,2057545,2,2004-04-28
9384,993192,5,2004-07-28
9384,911006,5,2004-04-28
9384,1228160,5,2004-04-04
9384,347789,3,2004-12-14
9384,1997074,3,2004-04-28
9384,944581,3,2004-03-09
9384,421970,4,2004-10-13
9384,2455045,2,2005-12-21
9384,2330669,4,2004-04-28
9384,1523477,5,2004-11-10
9384,510834,5,2005-05-21
9384,2309760,2,2005-07-26
9384,2472553,5,2005-03-28
9384,1367937,4,2005-07-05
9384,2393722,1,2005-04-08
9384,1406800,3,2004-08-24
9384,873611,5,2004-04-28
9384,2020781,3,2004-08-05
9384,1148103,5,2004-10-14
9384,2358334,2,2004-04-28
9384,1918851,4,2004-04-28
9384,2493728,3,2004-02-16
9384,1469959,4,2004-05-01
9384,155115,4,2005-10-30
9384,1865328,5,2004-04-28
9384,117292,5,2003-12-10
9384,1582905,2,2003-11-14
9384,342033,1,2004-02-20
9384,1456270,3,2003-10-18
9384,2586697,3,2003-10-13
9384,386912,4,2004-04-28
9384,366160,3,2004-04-21
9384,1424983,3,2004-01-19
9384,542987,3,2004-08-30
9384,489801,4,2003-10-07
9384,1586449,5,2005-03-17
9384,660766,2,2005-08-31
9384,1460776,3,2004-03-12
9384,16356,3,2004-09-27
9384,2256731,1,2005-05-15
9384,2644448,3,2004-04-28
9384,705617,5,2004-03-19
9384,262404,2,2004-02-22
9384,640402,3,2004-07-25
9384,253582,3,2004-12-07
9384,1153067,3,2005-02-25
9384,2223240,5,2004-04-28
9384,2640902,3,2005-08-05
9384,2357769,5,2004-04-28
9384,549184,3,2004-08-25
9384,1298511,3,2004-04-28
9384,2435653,1,2003-10-07
9384,1510380,3,2004-04-28
9384,935897,3,2004-02-19
9384,369788,4,2003-10-04
9384,2377192,3,2004-04-28
9384,2372452,4,2004-07-19
9384,1979499,3,2005-06-17
9384,519295,3,2003-10-08
9384,600267,3,2004-04-28
9384,599123,3,2003-10-11
9384,880548,4,2003-10-21
9384,39536,3,2003-09-19
9384,1566886,3,2004-04-28
9384,20416,5,2005-01-25
9384,2559676,3,2005-02-10
9384,1702345,3,2004-04-28
9384,703959,3,2004-04-24
9384,536040,3,2004-11-08
9384,1600259,4,2004-04-28
9384,908657,2,2004-04-28
9384,177104,3,2004-10-26
9384,28277,3,2005-06-01
9384,1576694,4,2003-10-03
9384,29922,4,2004-04-28
9384,1127342,4,2005-03-20
9384,2001123,5,2004-04-28
9384,2291306,3,2004-02-19
9384,1048014,4,2004-01-12
9384,256327,4,2004-06-22
9384,391012,4,2004-02-22
9384,2459354,3,2004-04-28
9384,2267118,2,2004-03-08
9384,2600917,4,2004-03-23
9384,1253144,3,2005-01-25
9384,1504841,3,2005-03-01
9384,2225743,1,2005-03-28
9384,1905504,4,2004-04-28
9384,98649,4,2004-04-28
9384,671244,2,2005-10-04
9384,1636853,3,2003-11-25
9384,2242228,4,2005-08-18
9384,1218368,5,2004-04-28
9384,170545,1,2004-11-05
9384,430983,4,2005-02-10
9384,554587,2,2004-04-28
9384,697536,4,2004-09-26
9384,1811259,2,2003-12-28
9384,691634,3,2003-10-06
9384,491531,5,2004-12-10
9384,676644,2,2005-01-19
9384,490872,4,2005-05-06
9384,2487341,4,2003-09-22
9384,543142,4,2004-04-12
9384,2138896,3,2004-04-20
9384,2216264,3,2004-04-28
9384,2174812,5,2005-08-20
9384,715617,1,2003-10-11
9384,2606799,2,2005-05-16
9384,1273651,3,2005-04-13
9384,904082,4,2005-04-14
9384,1216278,5,2005-01-20
9384,1982153,3,2005-05-24
9384,202590,3,2003-10-15
9384,260208,4,2003-09-15
9384,1988375,4,2004-05-12
9384,459838,4,2004-04-28
9384,94191,5,2004-03-12
9384,2488897,4,2005-07-06
9384,1582641,4,2003-10-01
9384,798296,1,2004-04-28
9384,633054,3,2003-10-09
9384,2539738,5,2004-08-05
9384,978904,3,2005-04-22
9384,1370564,3,2004-04-28
9384,1833576,2,2004-09-26
9384,2508263,4,2004-11-16
9384,1930882,5,2004-04-28
9384,2182816,3,2004-04-28
9384,2554496,5,2005-02-25
9384,2013297,4,2005-07-05
9384,2307192,5,2003-11-21
9384,1172584,4,2004-04-28
9384,825353,4,2005-03-24
9384,676009,3,2005-05-04
9384,341347,4,2004-09-19
9384,1528532,5,2004-11-06
9384,643946,3,2005-05-24
9384,653377,4,2003-12-03
9384,2603174,3,2004-04-13
9384,1978238,3,2003-10-05
9384,1339597,3,2004-04-02
9384,1627955,2,2004-06-08
9384,1777163,3,2004-04-28
9384,2434166,3,2004-07-27
9384,2010471,3,2004-12-07
9384,755577,2,2005-01-10
9384,1704422,2,2005-05-22
9384,305344,1,2003-09-15
9384,2328265,3,2004-08-27
9384,1867237,3,2003-10-06
9384,635285,3,2004-04-28
9384,42218,3,2004-05-16
9384,68876,3,2004-07-11
9384,1983434,3,2004-10-28
9384,2077046,3,2005-04-26
9384,825305,1,2005-05-11
9384,2099446,4,2005-06-10
9384,1867548,4,2004-04-28
9384,1268171,1,2005-08-11
9384,2037693,3,2004-03-17
9384,651230,3,2005-05-26
9384,847947,5,2004-04-28
9384,1894948,5,2004-04-28
9384,875904,4,2004-05-09
9384,516342,2,2005-03-28
9384,465870,1,2005-07-02
9384,861638,3,2003-10-03
9384,726235,3,2004-06-17
9384,252991,5,2004-04-14
9384,1767089,3,2003-12-02
9384,588280,4,2004-05-03
9384,1573442,2,2004-09-14
9384,836432,3,2004-11-14
9384,1470810,3,2005-04-12
9384,1157687,3,2004-04-28
9384,1467316,3,2005-08-31
9384,1336329,3,2004-05-11
9384,2464255,5,2004-12-10
9384,472736,2,2004-05-01
9384,504012,5,2003-10-03
9384,635928,4,2005-08-23
9384,639302,2,2004-04-28
9384,2308952,5,2005-07-05
9384,2554860,3,2004-04-28
9384,1890070,1,2004-10-26
9384,1802863,5,2004-11-11
9384,1565175,5,2005-02-28
9384,421944,4,2004-04-28
9384,608576,3,2004-02-03
9384,350886,2,2003-09-26
9384,1623676,4,2004-04-28
9384,2158747,1,2004-04-28
9384,2198017,5,2004-08-12
9384,188760,2,2004-04-28
9384,752642,1,2004-04-28
9384,488551,4,2003-10-09
9384,237664,4,2005-05-04
9384,1704316,4,2005-07-18
9384,555528,2,2004-04-28
9384,1165182,5,2004-04-28
9384,2524874,2,2005-08-11
9384,1985225,1,2004-11-15
9384,2232022,2,2005-03-06
9384,1308228,5,2003-12-12
9384,569365,2,2003-11-29
9384,922431,3,2004-04-28
9384,1440562,5,2004-08-30
9384,2016046,3,2004-09-21
9384,507873,1,2005-01-27
9384,1107588,4,2005-04-23
9384,1963551,3,2003-10-03
9384,2343970,3,2003-10-29
9384,938903,4,2003-12-24
9384,2358841,3,2005-06-19
9384,858124,2,2003-10-14
9384,170178,4,2004-04-28
9384,184707,3,2004-04-28
9384,2310153,5,2005-10-10
9384,2124429,5,2004-11-21
9384,2223396,3,2005-07-01
9384,325073,3,2004-04-28
9384,2064995,3,2004-04-28
9384,532308,2,2004-04-28
9384,1938323,4,2004-04-28
9384,1304870,4,2005-01-25
9384,1419774,5,2004-05-01
9384,2171824,3,2004-04-28
9384,1088035,3,2004-04-28
9384,1479342,4,2003-10-15
9384,163893,5,2004-04-28
9384,562689,4,2004-06-30
9384,896209,3,2005-09-06
9384,505449,3,2004-04-23
9384,2449201,5,2003-09-26
9384,2592539,4,2004-12-11
9384,1504442,5,2004-05-15
9384,1836567,3,2004-01-05
9384,2318513,4,2004-10-30
9384,935378,3,2005-10-03
9384,886667,4,2005-08-05
9384,2033214,3,2004-04-05
9384,1238200,5,2003-10-26
9384,2383288,4,2004-01-01
9384,98026,4,2004-04-15
9384,387418,3,2003-09-13
9384,941179,4,2004-05-01
9384,2541077,4,2004-11-01
9384,413882,5,2005-01-10
9384,2588755,3,2005-12-27
9384,1395953,2,2004-04-18
9384,348960,1,2005-09-09
9384,2286435,1,2004-04-28
9384,536421,4,2005-05-14
9384,2647161,3,2005-04-19
9384,2508626,1,2005-10-10
9384,794321,3,2005-04-06
9384,1103619,3,2005-05-02
9384,1326193,4,2004-04-28
9384,801291,4,2004-04-28
9384,1555506,2,2005-07-28
9384,785992,4,2004-04-28
9384,1932594,2,2005-01-09
9384,2164441,5,2005-06-01
9384,102572,4,2005-10-11
9384,1116065,1,2005-05-03
9384,864269,4,2005-06-25
9384,366736,5,2004-10-26
9384,499822,3,2004-04-28
9384,1956197,3,2004-04-28
9384,195114,3,2004-05-01
9384,98153,4,2003-11-02
9384,1680378,4,2003-12-19
9384,75382,2,2004-09-03
9384,2103116,3,2005-02-12
9384,2374978,3,2004-04-28
9384,288455,4,2004-04-28
9384,1461435,1,2004-04-28
9384,611072,1,2004-01-22
9384,1141479,3,2005-01-06
9384,1910566,2,2004-12-04
9384,2258315,1,2004-04-28
9384,2143735,3,2004-04-28
9384,11005,4,2004-04-28
9384,1058309,3,2004-07-28
9384,1781061,5,2005-07-24
9384,1904616,4,2004-04-28
9384,1708823,4,2004-04-12
9384,1512991,2,2004-11-12
9384,1962300,4,2003-10-04
9384,1823400,5,2005-06-16
9384,85125,5,2004-04-28
9384,1639792,1,2004-04-28
9384,1311587,4,2003-10-01
9384,968784,5,2004-04-28
9384,1867807,5,2004-05-26
9384,1281882,3,2004-05-21
9384,2635246,1,2005-09-07
9384,1068902,4,2005-10-06
9384,582829,5,2005-12-30
9384,1298904,1,2004-04-28
9384,1272485,4,2004-01-24
9384,388344,4,2004-07-20
9384,211076,4,2005-01-01
9384,1266633,4,2004-01-25
9384,312176,4,2004-04-12
9384,1647121,4,2004-08-15
9384,2592143,3,2004-10-19
9384,594098,4,2004-10-15
9384,925404,4,2004-04-26
9384,783452,3,2004-01-21
9384,158244,3,2004-06-20
9384,2225727,5,2005-10-25
9384,28214,4,2005-07-13
9384,1440251,1,2004-08-23
9384,837304,5,2004-09-18
9384,336960,4,2004-04-28
9384,2049734,3,2004-02-18
9384,2029858,3,2004-04-28
9384,1829000,3,2003-10-30
9384,2388638,1,2004-08-29
9384,2630571,3,2004-03-17
9384,1472772,1,2004-02-14
9384,661981,2,2004-04-28
9384,2306815,2,2004-04-28
9384,2425260,5,2004-04-28
9384,1194482,5,2005-04-19
9384,2026970,5,2004-07-17
9384,1882721,4,2003-10-06
9384,82689,2,2003-10-01
9384,1154902,3,2003-10-17
9384,1165010,2,2004-11-24
9384,834423,2,2005-06-22
9384,2579358,5,2005-09-27
9384,2007066,1,2003-09-19
9384,320177,5,2004-11-15
9384,2172649,3,2005-04-01
9384,2354069,2,2003-09-15
9384,44490,3,2003-09-25
9384,510426,2,2003-10-08
9384,2108482,1,2003-12-07
9384,2079404,1,2004-11-08
9384,730869,2,2005-04-26
