5106,2422606,3,2004-02-03
5106,1610834,5,2003-01-16
5106,1744889,1,2002-10-16
5106,1319997,2,2003-06-25
5106,39956,3,2004-01-07
5106,530441,2,2003-12-01
5106,439931,2,2004-07-31
5106,2088422,4,2005-04-03
5106,1989800,3,2004-07-31
5106,2340846,4,2004-03-27
5106,1120091,4,2004-01-02
5106,1755092,3,2005-02-19
5106,838130,4,2003-08-20
5106,740947,3,2005-09-06
5106,1220901,2,2003-12-13
5106,2468443,3,2004-07-28
5106,2550394,3,2004-05-19
5106,1484526,4,2004-08-07
5106,2477414,3,2004-08-02
5106,227944,3,2004-10-13
5106,1041552,2,2004-11-04
5106,1129423,1,2004-01-15
5106,2530,4,2004-01-01
5106,937603,1,2004-01-29
5106,2507180,4,2002-09-10
5106,2326996,4,2004-07-22
5106,724592,3,2004-02-26
5106,255357,2,2004-01-15
5106,853484,2,2003-12-12
5106,2587481,1,2003-12-12
5106,844049,1,2004-02-28
5106,998862,2,2004-07-25
5106,2143489,1,2004-08-23
5106,2343417,3,2004-12-21
5106,2330735,2,2002-05-30
5106,361407,3,2002-06-10
5106,2393632,2,2003-11-07
5106,2469324,3,2004-06-08
5106,1213587,3,2003-09-30
5106,818736,2,2004-01-30
5106,2479969,2,2004-06-21
5106,58374,2,2004-07-21
5106,2459774,3,2004-06-07
5106,1404021,3,2004-07-02
5106,454554,1,2004-07-20
5106,227469,3,2005-03-27
5106,1248598,4,2005-04-22
5106,1840690,4,2005-12-18
5106,2459804,3,2003-12-16
5106,2218547,4,2004-05-07
5106,172474,1,2003-10-04
5106,1051070,1,2002-08-26
5106,541295,2,2003-10-06
5106,462231,3,2003-12-03
5106,1454357,1,2003-09-06
5106,1146509,2,2004-05-04
5106,1971848,3,2004-09-18
5106,52460,4,2004-10-05
5106,537732,3,2004-10-11
5106,1387049,3,2004-10-22
5106,234517,5,2005-09-23
5106,294703,3,2005-11-10
5106,1850509,1,2004-01-05
5106,249471,1,2002-12-04
5106,2541531,1,2003-12-11
5106,419330,2,2004-06-28
5106,2400183,3,2003-10-24
5106,2509293,2,2004-04-12
5106,11062,2,2004-07-26
5106,2052767,2,2004-02-03
5106,1597668,2,2004-04-20
5106,2043200,1,2004-01-31
5106,1020583,3,2004-08-20
5106,2645399,3,2004-05-24
5106,727042,3,2004-04-14
5106,1016851,2,2004-06-30
5106,2412160,2,2005-02-21
5106,2162826,4,2003-01-08
5106,1926221,2,2004-01-20
5106,1907966,1,2003-12-04
5106,2160787,2,2004-01-20
5106,2618381,2,2004-01-13
5106,2319023,2,2004-06-26
5106,1897382,3,2004-07-05
5106,2014583,5,2004-04-23
5106,2059898,1,2004-05-30
5106,1083771,4,2004-11-03
5106,1771587,3,2004-11-11
5106,2622904,2,2003-12-03
5106,2637948,3,2003-01-26
5106,1722512,1,2002-10-23
5106,2001292,2,2004-01-15
5106,1488926,2,2003-11-23
5106,870496,3,2004-01-22
5106,1579413,3,2004-03-26
5106,2209992,2,2004-04-28
5106,303948,3,2004-07-26
5106,1551780,5,2004-05-15
5106,2384855,5,2004-09-12
5106,1153585,2,2004-12-22
5106,1231117,3,2005-03-22
5106,440789,3,2005-04-06
5106,681050,4,2005-09-30
5106,168577,3,2004-05-25
5106,1492122,2,2003-09-24
5106,1058639,2,2003-11-28
5106,1206843,1,2002-05-04
5106,157677,4,2005-07-30
5106,2192080,3,2003-10-17
5106,125296,2,2004-05-09
5106,1379793,5,2003-08-28
5106,289162,4,2003-09-22
5106,2318116,1,2003-09-29
5106,775886,2,2004-01-15
5106,1645535,3,2004-11-11
5106,2300972,1,2005-01-27
5106,2617720,3,2005-07-19
5106,668236,3,2003-08-19
5106,806909,5,2003-09-04
5106,2602249,3,2004-06-29
5106,1803550,1,2003-12-21
5106,2157315,2,2004-07-06
5106,1227322,1,2003-07-10
5106,290916,1,2004-06-06
5106,103839,1,2003-09-18
5106,1902434,3,2004-04-13
5106,99889,1,2004-06-14
5106,1675105,4,2004-09-26
5106,651376,1,2004-10-07
5106,241607,2,2004-12-13
5106,2043109,1,2005-10-17
5106,370228,2,2003-11-25
5106,2432862,1,2004-01-04
5106,1615216,3,2004-07-09
5106,1220170,2,2003-08-18
5106,1773226,3,2003-06-09
5106,2398440,1,2004-01-16
5106,43530,2,2004-06-04
5106,16355,1,2004-06-14
5106,682093,3,2005-02-01
5106,530670,2,2002-06-06
5106,1716677,3,2004-04-29
5106,1422763,4,2003-12-04
5106,892513,2,2003-09-17
5106,1366054,3,2004-01-04
5106,1731382,5,2005-08-31
5106,2197246,2,2004-02-26
5106,838138,1,2004-09-08
5106,1154813,1,2004-04-30
5106,2480751,2,2004-04-29
5106,831920,3,2004-07-13
5106,1818524,2,2004-09-06
5106,1002587,3,2005-03-03
5106,350539,5,2005-05-26
5106,2420366,4,2005-09-14
5106,2553247,2,2005-09-26
5106,1916224,1,2000-11-16
5106,1790278,1,2001-05-02
5106,2488790,3,2004-07-19
5106,244630,3,2003-03-03
5106,2107899,4,2003-03-25
5106,1484015,2,2004-04-20
5106,2505480,1,2004-06-18
5106,1419085,2,2004-05-21
5106,1365840,2,2004-05-29
5106,2631102,3,2004-04-14
5106,2184724,1,2004-07-14
5106,2468360,2,2004-07-09
5106,1765862,2,2004-11-29
5106,1189269,5,2005-05-16
5106,1387908,4,2005-10-15
5106,2266083,4,2005-07-12
5106,1506773,3,2003-10-04
5106,386357,5,2004-05-18
5106,1559165,4,2004-07-15
5106,1926096,1,2003-10-04
5106,139212,1,2003-12-10
5106,829825,5,2004-06-27
5106,322774,3,2004-05-19
5106,1948314,3,2004-11-02
5106,73103,4,2005-01-06
5106,2625065,4,2005-02-06
5106,2102030,2,2005-05-11
5106,2119007,2,2005-09-21
5106,1487231,2,2004-07-08
5106,1663295,1,2003-05-25
5106,2049414,1,2003-11-06
5106,297521,2,2004-07-11
5106,2386920,1,2004-03-25
5106,514877,2,2004-01-20
5106,1092842,1,2003-08-24
5106,1255302,2,2004-02-02
5106,854946,3,2004-04-29
5106,874550,1,2004-06-28
5106,1932377,1,2004-05-17
5106,1043089,3,2004-05-25
5106,31835,3,2005-11-16
5106,30087,5,2005-11-25
5106,2369671,3,2001-05-08
5106,670748,1,2004-07-08
5106,2604464,3,2003-07-15
5106,1286347,5,2005-08-05
5106,1375880,3,2003-10-12
5106,1604702,1,2004-01-24
5106,2353115,2,2004-07-01
5106,2149593,4,2004-04-07
5106,1191122,1,2004-07-24
5106,1890104,1,2004-04-21
5106,77469,4,2004-09-13
5106,1509395,2,2004-10-20
5106,2227093,3,2003-08-27
5106,1686401,3,2004-01-14
5106,728288,4,2005-08-08
5106,1401343,2,2004-07-17
5106,2223102,3,2004-06-28
5106,2634386,2,2003-05-17
5106,1644335,1,2003-10-24
5106,863778,1,2004-01-15
5106,924511,4,2004-04-07
5106,2614179,2,2004-03-24
5106,694806,3,2004-06-02
5106,1262753,1,2004-10-15
5106,178860,1,2005-01-24
5106,1309838,5,2005-04-19
5106,2266166,1,2002-06-30
5106,484407,3,2003-10-24
5106,2516786,4,2004-04-24
5106,258025,1,2004-01-30
5106,1752727,2,2004-12-30
5106,1919770,3,2005-03-21
5106,1335582,5,2005-10-03
5106,1240267,3,2005-11-21
5106,1696308,4,2005-12-05
5106,1750785,3,2003-09-08
5106,1532775,1,2003-08-16
5106,213704,1,2003-04-06
5106,1259696,1,2004-06-13
5106,1226844,3,2003-06-04
5106,844748,4,2004-02-03
5106,1115285,4,2004-04-18
5106,2100928,3,2004-02-02
5106,177037,3,2004-05-05
5106,1598950,2,2004-07-01
5106,2103029,2,2004-11-29
5106,216290,5,2005-12-21
5106,2401585,4,2003-06-05
5106,1607574,1,2004-01-19
5106,2296095,1,2004-01-02
5106,2252684,1,2004-01-11
5106,145615,1,2004-01-25
5106,2055178,2,2004-04-15
5106,722289,3,2004-05-03
5106,2566318,3,2004-08-22
5106,800445,3,2005-04-13
5106,1001129,2,2005-05-25
5106,535081,4,2005-06-18
5106,662412,1,2002-12-28
5106,2080018,1,2005-07-19
5106,1046137,1,2004-06-05
5106,1508625,3,2003-11-21
5106,706198,1,2003-12-01
5106,631747,3,2004-04-17
5106,1610301,4,2004-01-14
5106,1649964,1,2004-01-07
5106,2609159,2,2004-07-26
5106,1193505,5,2004-08-02
5106,1306734,2,2005-02-20
5106,649366,2,2005-05-28
5106,47312,3,2005-09-11
5106,2569044,4,2005-11-02
5106,77457,3,2005-12-01
5106,439670,4,2005-12-17
5106,155885,2,2004-01-07
5106,409867,4,2002-08-25
5106,1721134,2,2003-12-04
5106,708883,3,2003-11-25
5106,532795,2,2004-08-19
5106,613753,5,2003-12-19
5106,2643247,3,2004-05-13
5106,1752856,1,2004-02-06
5106,2597430,1,2004-02-01
5106,1084538,2,2004-05-07
5106,851370,2,2004-06-04
5106,1830420,1,2004-08-30
5106,541239,2,2004-06-29
5106,699783,3,2004-05-28
5106,1390732,2,2004-07-19
5106,653567,4,2004-11-10
5106,938934,1,2004-12-02
5106,1386817,5,2005-09-20
5106,413197,1,2003-12-03
5106,2087505,1,2004-05-06
5106,1462959,5,2004-05-30
5106,1033100,3,2004-05-26
5106,1899746,3,2004-02-28
5106,1024350,1,2003-09-30
5106,1688422,3,2004-02-02
5106,1179782,4,2004-08-30
5106,219903,3,2004-09-09
5106,492993,2,2004-09-19
5106,1337828,3,2004-12-06
5106,761371,2,2005-06-08
5106,1687847,5,2002-11-30
5106,2430911,3,2005-08-13
5106,295718,3,2004-01-14
5106,2091606,2,2004-01-21
5106,2396806,1,2004-02-08
5106,405296,3,2004-06-22
5106,785608,4,2004-03-26
5106,1234398,3,2005-01-09
5106,257622,2,2003-09-04
5106,479327,3,2004-04-26
5106,706349,2,2003-12-10
5106,1579340,5,2005-08-29
5106,173337,3,2003-06-22
5106,560668,1,2003-10-21
5106,1089645,1,2004-01-29
5106,2201286,2,2004-07-07
5106,1774825,1,2004-06-28
5106,2321023,5,2004-09-07
5106,1423781,2,2004-08-16
5106,1182454,3,2005-05-16
5106,1715651,3,2003-10-06
5106,178961,3,2004-08-25
5106,884944,2,2003-12-19
5106,1219621,1,2003-11-20
5106,1259776,1,2003-02-12
5106,2309933,1,2003-08-28
5106,2511850,3,2004-01-22
5106,1341505,1,2004-06-06
5106,2157229,3,2004-09-07
5106,2068218,3,2005-01-03
5106,1020998,4,2005-01-31
5106,1271154,4,2005-02-10
5106,921502,4,2005-04-06
5106,2375964,1,2001-06-13
5106,438947,3,2002-07-07
5106,627975,4,2005-08-24
5106,1601656,1,2004-01-09
5106,1673614,2,2004-03-27
5106,1026504,3,2004-07-28
5106,38226,1,2004-08-20
5106,2531893,4,2004-12-25
5106,2333763,4,2005-03-03
5106,2444615,4,2005-10-02
5106,1891004,2,2003-12-29
5106,586694,2,2002-07-07
5106,417101,3,2005-07-25
5106,199257,3,2005-07-30
5106,1563429,2,2003-11-26
5106,830370,2,2003-10-03
5106,1613540,2,2003-08-20
5106,2352563,1,2003-09-04
5106,2355630,1,2004-05-18
5106,1872204,2,2004-04-16
5106,803829,1,2004-04-15
5106,2503089,2,2004-08-28
5106,498648,1,2004-08-31
5106,1680732,4,2004-12-22
5106,1486225,2,2005-03-08
5106,385268,3,2005-04-16
5106,1145956,1,2005-09-12
5106,394125,4,2005-07-20
5106,739028,2,2003-07-29
5106,1475543,2,2004-06-16
5106,2035299,4,2004-06-13
5106,2112205,5,2004-11-01
5106,672643,5,2005-07-14
5106,2616142,1,2003-10-12
5106,2610284,5,2003-10-21
5106,1098431,1,2003-09-18
5106,780070,2,2004-02-27
5106,1309088,2,2003-08-25
5106,44807,2,2003-12-03
5106,1314869,3,2004-04-13
5106,2322224,2,2003-12-02
5106,888912,2,2001-01-22
5106,387341,3,2003-09-10
5106,2397374,3,2003-02-12
5106,291068,1,2002-05-31
5106,700083,2,2003-12-19
5106,2233232,1,2002-10-03
5106,323611,2,2003-11-21
5106,1341779,3,2005-08-22
5106,1234055,3,2003-12-03
5106,1666140,2,2003-12-02
5106,1792263,2,2004-01-05
5106,1719610,3,2004-03-18
5106,1718861,2,2004-05-06
5106,1243537,3,2004-03-25
5106,1148114,3,2004-08-18
5106,2408589,2,2004-08-31
5106,657261,3,2004-10-15
5106,1408341,3,2005-07-05
5106,2550324,2,2002-06-28
5106,2468376,1,2002-07-08
5106,1715556,3,2004-01-10
5106,486813,4,2003-09-14
5106,1926431,1,2003-10-20
5106,497457,2,2003-09-15
5106,2429396,2,2003-09-23
5106,2412709,1,2003-09-03
5106,1695944,1,2004-02-06
5106,901583,3,2004-01-25
5106,547341,3,2004-04-18
5106,2314914,1,2004-06-13
5106,418403,4,2004-06-30
5106,1599245,5,2005-01-10
5106,2088599,1,2003-08-20
5106,2017425,4,2005-07-28
5106,63858,3,2003-08-09
5106,1424765,1,2004-04-29
5106,564403,3,2005-08-25
5106,1310748,3,2003-10-20
5106,1100863,2,2003-09-27
5106,579391,2,2004-08-24
5106,1664193,3,2004-02-29
5106,359063,2,2004-06-25
5106,1374884,1,2004-08-16
5106,920932,5,2005-03-24
5106,1800072,3,2005-10-04
5106,994195,5,2005-07-05
5106,943515,3,2005-07-06
5106,1532480,5,2004-07-19
5106,609908,2,2004-08-01
5106,1518145,2,2005-08-08
5106,2464431,1,2003-11-05
5106,1927703,1,2004-01-14
5106,146006,3,2004-03-09
5106,593225,1,2004-07-06
5106,124728,3,2005-01-25
5106,853491,1,2005-04-24
5106,1687413,3,2005-04-27
5106,2512430,3,2005-10-24
5106,279786,5,2004-07-11
5106,2089639,3,2004-02-03
5106,1683621,2,2003-10-25
5106,1672902,1,2004-01-30
5106,687769,2,2004-04-09
5106,80910,2,2004-11-05
5106,2098501,2,2005-04-19
5106,330172,1,2005-07-08
5106,717116,2,2004-07-30
5106,1734270,2,2002-06-28
5106,2439493,1,2003-02-13
5106,442485,2,2004-01-22
5106,520520,3,2004-07-20
5106,530789,2,2003-12-24
5106,786127,1,2003-12-29
5106,828335,1,2004-01-07
5106,325496,2,2004-06-06
5106,1808322,1,2004-04-26
5106,2224778,2,2004-08-29
5106,418653,2,2004-06-26
5106,1818241,2,2005-01-19
5106,1336019,4,2005-11-29
5106,631315,1,2002-06-07
5106,2466340,3,2005-08-01
5106,2116582,3,2004-03-28
5106,429061,3,2003-11-26
5106,2494075,3,2004-01-06
5106,1395967,1,2004-06-03
5106,845921,5,2004-04-13
5106,1243817,2,2004-07-06
5106,726543,2,2005-10-08
5106,1765349,4,2005-10-22
5106,1298147,3,2005-10-27
5106,147386,1,2005-07-16
5106,1682851,1,2003-09-25
5106,734534,3,2002-12-06
5106,991497,4,2004-01-28
5106,940917,2,2005-09-02
5106,2166365,1,2003-09-10
5106,2358751,3,2004-02-05
5106,497959,4,2004-04-26
5106,2636398,2,2004-07-14
5106,1294318,1,2004-08-13
5106,846426,2,2004-10-22
5106,1009182,3,2005-06-19
5106,2031576,5,2005-09-18
5106,936873,2,2002-10-22
5106,1023508,2,2003-11-18
5106,1437139,3,2003-11-08
5106,1183223,5,2005-08-06
5106,1540655,5,2004-07-31
5106,2161185,3,2003-11-30
5106,771361,2,2003-12-16
5106,2139610,3,2004-07-08
5106,612653,3,2004-05-17
5106,2315679,2,2004-02-03
5106,491769,2,2004-04-12
5106,871350,4,2004-08-15
5106,871128,4,2004-05-10
5106,1395254,3,2004-05-23
5106,405299,1,2004-08-05
5106,2269039,4,2004-11-01
5106,1452127,3,2005-07-03
5106,237585,3,2005-09-08
5106,1116080,3,2005-07-09
5106,1084457,2,2004-05-24
5106,241634,1,2003-10-20
5106,594080,1,2003-11-07
5106,1066018,3,2004-01-02
5106,2630158,5,2005-01-24
5106,888617,3,2005-03-22
5106,881027,1,2003-09-30
5106,123151,2,2004-01-24
5106,2613456,3,2004-02-07
5106,423488,3,2004-06-02
5106,2455340,1,2005-02-06
5106,366634,5,2005-05-02
5106,1641213,3,2005-10-08
5106,1643961,2,2004-01-19
5106,1772050,1,2002-07-17
5106,924960,1,2004-04-13
5106,544471,3,2005-08-19
5106,18702,1,2004-07-09
5106,2184415,4,2004-07-28
5106,2138216,3,2004-07-10
5106,754443,3,2005-03-23
5106,250988,4,2004-07-10
5106,486492,4,2004-05-10
5106,2215598,3,2003-07-25
5106,1441540,5,2003-08-05
5106,2054641,3,2003-09-08
5106,1219057,1,2004-01-25
5106,1074677,3,2004-06-17
5106,2096648,1,2004-12-02
5106,785768,1,2005-04-19
5106,1913414,5,2005-04-19
5106,2345098,4,2005-09-02
5106,1570292,4,2005-09-23
5106,1792064,3,2004-04-11
5106,123384,3,2003-01-06
5106,1402989,5,2005-08-20
5106,1658172,4,2004-07-19
5106,182445,3,2004-03-21
5106,1032488,3,2003-09-09
5106,1176119,3,2003-11-29
5106,542455,1,2004-07-15
5106,11627,2,2004-04-18
5106,282156,2,2004-09-01
5106,1085493,1,2004-08-27
5106,662213,3,2004-12-23
5106,2578541,3,2005-04-08
5106,165247,5,2005-04-17
5106,2599262,2,2005-10-25
5106,1049141,2,2004-01-01
5106,365119,4,2005-07-26
5106,426008,5,2004-02-03
5106,1986286,4,2003-10-21
5106,154669,1,2003-07-10
5106,1473980,3,2005-08-22
5106,2488357,2,2003-12-04
5106,1132804,5,2004-06-15
5106,1310434,3,2004-02-08
5106,197025,2,2004-08-17
5106,234660,3,2004-07-20
5106,2477751,3,2004-07-19
5106,641754,2,2004-11-08
5106,1085207,2,2004-12-30
5106,1179192,3,2005-01-09
5106,2162807,5,2005-04-11
5106,1165121,4,2005-05-25
5106,563277,3,2005-07-08
5106,429997,2,2003-12-28
5106,1516496,2,2003-06-10
5106,2551112,5,2004-03-27
5106,1771252,2,2003-01-05
5106,465885,3,2003-08-19
5106,10943,1,2003-06-28
5106,1887657,2,2003-10-01
5106,633570,2,2004-04-27
5106,479898,1,2004-06-03
5106,2522424,4,2004-06-03
5106,2040859,1,2004-11-23
5106,1295471,1,2004-12-01
5106,936928,3,2005-05-25
5106,286783,4,2005-10-28
5106,328433,3,2005-11-13
5106,2243429,4,2005-07-10
5106,136596,3,2004-01-02
5106,251497,1,2004-04-12
5106,558268,2,2003-12-13
5106,1483945,2,2004-08-30
5106,992925,4,2004-06-19
5106,698909,1,2004-01-30
5106,869234,4,2004-09-15
5106,1045257,5,2004-05-10
5106,1921746,1,2004-10-09
5106,961794,4,2005-02-22
5106,2381193,2,2005-05-11
5106,250643,1,2004-04-08
5106,75384,3,2003-03-03
5106,671612,2,2003-08-20
5106,2091736,5,2003-03-05
5106,202678,1,2002-10-04
5106,1751084,4,2005-08-11
5106,1110156,1,2003-08-19
5106,2564178,4,2005-08-21
5106,1028463,5,2004-01-08
5106,461075,1,2004-08-30
5106,2183611,1,2004-05-04
5106,2629599,1,2004-03-27
5106,2632159,2,2004-07-25
5106,1845705,3,2005-04-23
5106,2478532,3,2005-06-07
5106,1137509,3,2005-10-08
5106,371806,2,2002-09-12
5106,1415739,1,2003-11-07
5106,1120853,1,2003-09-08
5106,2521079,3,2003-12-20
5106,425783,3,2004-02-08
5106,579352,1,2004-06-13
5106,921783,3,2003-07-02
5106,2269524,3,2005-09-08
5106,1099506,2,2003-06-17
5106,1808585,5,2004-01-01
5106,869426,2,2004-08-04
5106,1109553,2,2004-01-29
5106,2395761,4,2004-08-03
5106,844526,5,2004-03-24
5106,806891,2,2004-08-30
5106,475875,3,2005-01-22
5106,2279651,3,2005-09-18
5106,1458124,3,2004-05-23
5106,486661,2,2004-04-11
5106,395073,3,2004-05-06
5106,2133100,3,2004-07-06
5106,1717675,2,2004-08-17
5106,743633,3,2005-01-07
5106,1045053,2,2005-04-08
5106,818554,5,2005-05-25
5106,2195071,3,2002-07-06
5106,2577898,2,2002-05-01
5106,111033,2,2003-07-15
5106,349407,1,2004-04-15
5106,962019,3,2005-08-14
5106,2109282,3,2004-07-03
5106,2292147,3,2003-10-19
5106,2577659,4,2004-04-27
5106,2579734,1,2004-07-14
5106,2604473,2,2004-07-24
5106,2385814,1,2004-08-24
5106,1477732,5,2005-01-25
5106,2198586,3,2005-07-09
5106,568605,3,2005-07-11
5106,2641312,2,2003-09-23
5106,1777406,1,2002-12-17
5106,590003,5,2004-04-21
5106,2030103,3,2003-09-11
5106,2629741,1,2003-06-08
5106,1880751,1,2003-12-05
5106,469770,1,2003-08-19
5106,1119323,3,2004-08-23
5106,554078,4,2005-01-07
5106,2563028,3,2005-02-01
5106,1412245,4,2005-11-07
5106,2393219,1,2003-10-08
5106,2319064,2,2003-10-14
5106,1147641,1,2002-05-01
5106,1359770,5,2005-08-04
5106,779744,1,2003-10-29
5106,1501943,2,2003-11-25
5106,2618344,3,2004-01-10
5106,1885290,1,2004-01-19
5106,767492,2,2004-07-28
5106,2181504,1,2004-06-11
5106,2095586,4,2004-06-20
5106,799672,5,2004-08-09
5106,1866818,3,2004-11-09
5106,178645,3,2004-12-30
5106,2536180,4,2004-12-30
5106,719255,5,2005-01-09
5106,1119705,2,2005-01-30
5106,345186,3,2005-03-18
5106,321874,3,2005-11-08
5106,2397150,2,2003-12-09
5106,638020,1,2003-11-26
5106,698438,3,2003-09-08
5106,879760,3,2003-06-20
5106,2098963,2,2004-02-17
5106,2388831,3,2003-10-28
5106,2213131,1,2004-01-09
5106,1652105,1,2004-07-15
5106,702199,2,2004-01-18
5106,410446,2,2004-06-29
5106,2415196,1,2004-01-14
5106,252915,1,2004-01-11
5106,1163618,2,2004-07-08
5106,1534104,4,2005-09-29
5106,819448,5,2005-10-22
5106,1277678,2,2002-06-02
5106,358352,2,2003-03-12
5106,2537933,3,2004-01-25
5106,1751055,4,2005-08-15
5106,562803,3,2004-04-24
5106,149031,2,2004-03-25
5106,1546537,1,2004-05-19
5106,2450665,1,2004-01-28
5106,501823,5,2004-09-13
5106,1880477,5,2004-02-27
5106,1406873,2,2004-07-12
5106,1807245,2,2004-08-29
5106,465827,2,2004-12-16
5106,505875,4,2005-10-22
5106,1585697,4,2005-11-23
5106,1475293,3,2004-02-26
5106,414771,1,2003-09-15
5106,1796481,4,2004-05-20
5106,2604977,1,2004-07-23
5106,1823836,4,2003-08-18
5106,1763415,4,2003-10-01
5106,1532437,3,2004-06-22
5106,524142,1,2004-05-26
5106,2287442,1,2004-07-09
5106,382278,3,2004-08-26
5106,2259272,3,2004-09-07
5106,1260360,4,2005-10-26
5106,551326,3,2004-01-21
5106,920724,3,2004-06-04
5106,394895,4,2004-04-28
5106,1502456,4,2004-06-13
5106,2386059,5,2004-06-17
5106,1809912,3,2004-08-03
5106,722175,1,2004-05-27
5106,2405695,2,2004-06-11
5106,1565974,3,2004-05-26
5106,1463378,2,2004-08-10
5106,1757328,3,2005-10-12
5106,541376,2,2002-05-23
5106,1103096,4,2004-06-05
5106,941366,2,2004-01-29
5106,1489224,3,2004-01-30
5106,416982,4,2004-06-26
5106,1893554,2,2004-08-24
5106,344842,3,2004-08-17
5106,616173,2,2005-05-25
5106,1757606,3,2004-06-22
5106,2334642,2,2004-04-22
5106,618928,2,2004-06-21
5106,2398923,2,2004-01-08
5106,447064,4,2004-05-29
5106,1765512,2,2004-07-28
5106,489238,2,2004-11-22
5106,1385788,1,2005-01-31
5106,994077,3,2005-10-11
5106,2294537,4,2003-10-27
5106,2128711,2,2004-01-11
5106,1573228,1,2002-12-17
5106,1522119,2,2004-04-13
5106,2401493,1,2004-01-12
5106,1659700,5,2004-06-02
5106,611440,3,2004-01-09
5106,1490665,2,2003-08-18
5106,2291589,3,2004-06-14
5106,948467,2,2004-02-03
5106,2195642,3,2005-10-13
5106,682970,1,2004-05-22
5106,190213,3,2003-08-25
5106,1487743,1,2004-07-13
5106,2027294,1,2003-12-03
5106,505988,4,2004-06-03
5106,2349538,4,2004-08-04
5106,1285411,2,2005-02-28
5106,1984882,3,2005-05-18
5106,1991038,2,2002-12-11
5106,891527,1,2003-12-01
5106,370271,2,2003-10-16
5106,555688,2,2004-05-15
5106,1667993,4,2004-02-08
5106,539868,3,2005-05-23
5106,984432,1,2004-04-14
5106,2195606,2,2004-06-15
5106,1569793,2,2004-07-30
5106,1943954,4,2004-09-21
5106,431098,4,2005-01-09
5106,1199172,5,2005-11-21
5106,775171,2,2002-10-24
5106,234141,2,2004-09-08
5106,715808,3,2004-06-02
5106,203738,2,2003-09-13
5106,2391124,2,2004-04-17
5106,1377186,1,2004-03-26
5106,1954611,3,2004-07-22
5106,497900,3,2004-05-24
5106,1862201,5,2004-08-13
5106,1013603,5,2004-08-10
5106,1718134,2,2004-08-27
5106,1828303,1,2005-01-01
5106,1737149,3,2005-02-07
5106,1999342,5,2003-11-17
5106,860700,4,2005-08-23
5106,979219,2,2004-01-10
5106,753865,1,2004-01-25
5106,386509,1,2004-04-26
5106,2069813,4,2004-08-15
5106,1727232,3,2003-12-17
5106,1638735,1,2003-10-11
5106,668490,3,2004-01-14
5106,237449,2,2003-08-22
5106,2432474,3,2004-03-15
5106,239262,2,2003-10-05
5106,2262767,2,2004-01-06
5106,1978173,1,2004-04-09
5106,206839,4,2004-06-18
5106,1059661,1,2004-05-17
5106,1954578,2,2004-06-23
5106,436106,5,2005-08-18
5106,507603,1,2005-08-21
5106,2171685,1,2003-04-12
5106,653300,3,2005-08-29
5106,136815,1,2004-06-02
5106,707855,3,2003-11-19
5106,940806,3,2004-03-01
5106,1591742,4,2004-08-27
5106,1410016,5,2004-06-27
5106,2176780,2,2004-08-27
5106,495868,2,2004-11-17
5106,340859,3,2005-01-20
5106,2093771,3,2005-03-02
5106,1315670,3,2005-07-05
5106,89995,4,2004-10-29
5106,1763979,3,2003-10-19
5106,1322587,3,2004-08-28
5106,1578237,2,2003-12-06
5106,290360,1,2002-09-11
5106,1472747,3,2004-01-05
5106,250865,5,2003-09-07
5106,1478543,2,2003-12-17
5106,739207,2,2004-07-10
5106,1258738,3,2004-11-12
5106,226308,3,2005-06-22
5106,1229545,3,2004-04-17
5106,769162,2,2003-07-20
5106,2465662,3,2004-01-08
5106,1517632,3,2004-04-15
5106,667145,1,2004-06-07
5106,2582552,1,2004-04-09
5106,973136,2,2004-01-14
5106,995497,2,2004-08-15
5106,1460008,4,2004-11-14
5106,372183,3,2004-11-16
5106,926788,2,2004-12-09
5106,1142448,4,2005-01-26
5106,2537543,4,2005-04-11
5106,105187,4,2005-06-01
5106,149355,5,2005-10-26
5106,1354943,5,2005-07-06
5106,532653,1,2002-06-28
5106,860520,3,2005-07-23
5106,1566775,3,2005-07-23
5106,1229707,2,2003-11-26
5106,2277758,3,2004-01-04
5106,1640334,2,2003-07-02
5106,159328,3,2004-01-12
5106,293775,2,2004-01-14
5106,257029,2,2004-07-14
5106,282902,3,2004-06-19
5106,1552084,3,2004-04-10
5106,1784950,1,2004-04-23
5106,2335640,1,2004-06-05
5106,2518947,2,2004-05-27
5106,2191370,3,2004-11-11
5106,2176672,3,2004-11-12
5106,2111039,4,2005-01-28
5106,1312501,4,2005-03-04
5106,605162,5,2005-04-11
5106,1742476,3,2005-11-02
5106,960004,1,2005-11-26
5106,910295,3,2002-12-21
5106,917019,5,2005-07-13
5106,1256752,4,2005-08-23
5106,807768,2,2003-06-06
5106,172217,2,2003-11-03
5106,1512398,3,2003-12-21
5106,1648675,1,2004-07-10
5106,1908373,1,2004-02-03
5106,1490592,1,2004-05-18
5106,1000779,1,2004-05-20
5106,131447,5,2005-10-02
5106,1178284,4,2003-10-12
5106,1490332,1,2003-08-22
5106,827387,4,2003-02-21
5106,2265895,5,2004-05-03
5106,2055243,2,2003-06-17
5106,1940080,5,2003-10-10
5106,424790,1,2003-09-18
5106,779778,2,2003-06-11
5106,1109675,1,2004-01-02
5106,402325,3,2004-04-09
5106,2521051,3,2004-06-13
5106,2379220,3,2004-04-12
5106,1519798,3,2004-07-08
5106,1111312,1,2004-07-13
5106,1120985,5,2005-02-21
5106,2214837,1,2005-04-26
5106,1776870,1,2005-06-11
5106,1495111,2,2005-07-21
5106,2426395,2,2004-05-19
5106,2555262,2,2004-01-17
5106,466104,2,2003-09-26
5106,1882989,2,2003-12-30
5106,272845,2,2004-05-15
5106,675283,4,2003-05-21
5106,912242,1,2003-12-02
5106,2261809,1,2004-08-06
5106,1780005,2,2004-08-14
5106,2018010,3,2004-05-23
5106,2032107,2,2005-02-21
5106,1592434,1,2003-01-03
5106,1470123,3,2002-10-15
5106,2560486,2,2005-08-08
5106,1124804,2,2004-05-24
5106,2255786,2,2004-01-31
5106,1006958,2,2004-06-02
5106,47344,2,2004-08-04
5106,777010,1,2003-09-24
5106,507821,3,2004-06-04
5106,896309,1,2004-02-02
5106,2342930,3,2004-01-27
5106,593749,3,2004-09-02
5106,743598,1,2004-06-18
5106,20634,1,2004-10-27
5106,234606,2,2004-12-23
5106,608829,3,2005-01-19
5106,1260854,1,2005-03-15
5106,1957786,4,2004-06-05
5106,2551297,4,2005-07-21
5106,609678,2,2002-08-27
5106,2483794,3,2005-08-03
5106,7714,2,2004-09-07
5106,2417531,3,2003-08-12
5106,202619,2,2003-10-21
5106,829466,3,2004-07-19
5106,2086265,2,2003-12-12
5106,1694083,5,2003-12-01
5106,1004316,5,2004-02-08
5106,822140,2,2004-02-02
5106,422485,2,2004-03-24
5106,2361185,4,2004-05-05
5106,406090,3,2005-01-12
5106,1206822,3,2005-02-10
5106,121699,3,2005-07-02
5106,621462,3,2005-09-12
5106,898203,4,2005-10-13
5106,884640,2,2005-12-15
5106,873336,1,2004-01-26
5106,2633543,3,2005-07-28
5106,2177507,2,2004-01-17
5106,1902573,3,2004-04-13
5106,297453,2,2003-11-26
5106,952278,3,2004-02-01
5106,2277086,2,2004-06-18
5106,559700,2,2004-08-08
5106,1272375,2,2004-01-18
5106,1950710,1,2004-07-14
5106,1499958,4,2004-02-01
5106,1637615,1,2003-10-19
5106,694200,2,2004-01-29
5106,1953066,4,2004-05-24
5106,2193402,1,2003-11-23
5106,1072312,4,2004-07-17
5106,919106,2,2004-03-25
5106,1664010,5,2005-10-13
5106,694309,4,2005-12-01
5106,1902838,1,2000-06-10
5106,1185555,4,2003-12-08
5106,2431382,2,2003-02-12
5106,486822,4,2002-07-16
5106,10772,5,2004-04-14
5106,34762,3,2003-12-04
5106,166725,4,2003-11-07
5106,1239458,3,2004-06-17
5106,937001,1,2003-09-16
5106,1903588,2,2003-12-23
5106,2327743,2,2003-10-10
5106,359172,4,2004-03-26
5106,1332431,1,2004-02-02
5106,1116745,3,2004-11-28
5106,1482568,5,2004-11-29
5106,1075369,5,2004-12-29
5106,2581467,2,2005-06-13
5106,89410,4,2004-07-22
5106,1415917,1,2003-09-15
5106,1244699,3,2004-02-01
5106,451011,1,2004-01-14
5106,369646,1,2004-01-22
5106,2304667,1,2003-11-11
5106,1797496,3,2004-07-07
5106,1603694,2,2003-12-18
5106,564016,2,2003-12-01
5106,409563,2,2003-11-19
5106,666998,1,2004-01-30
5106,561531,4,2004-04-21
5106,638108,2,2004-05-01
5106,2513873,3,2004-10-15
5106,1147320,3,2004-12-21
5106,285975,5,2005-04-19
5106,1095999,2,2005-04-25
5106,1317690,4,2005-05-15
5106,109541,2,2003-11-25
5106,1084137,2,2002-07-16
5106,1198528,3,2004-01-20
5106,1962173,3,2004-06-07
5106,2563817,3,2005-08-04
5106,500325,1,2003-09-15
5106,1347799,2,2003-12-02
5106,576990,1,2004-02-09
5106,2439456,2,2004-01-20
5106,1481825,2,2004-09-04
5106,2554486,4,2004-08-11
5106,2488616,2,2004-06-30
5106,1229053,3,2004-08-15
5106,1662098,3,2004-11-19
5106,1432096,3,2005-10-11
5106,1806193,3,2005-11-20
5106,314418,3,2002-03-03
5106,2223273,1,2003-12-01
5106,1560837,3,2003-07-14
5106,1524620,2,2003-06-23
5106,2012039,2,2003-09-11
5106,152955,2,2004-05-12
5106,1598073,1,2004-07-14
5106,2380810,3,2004-06-16
5106,679084,3,2004-06-07
5106,1734109,2,2004-07-07
5106,841593,4,2004-10-19
5106,535627,3,2005-07-04
5106,2350700,4,2003-03-24
5106,198955,3,2003-10-09
5106,1808876,5,2003-07-07
5106,636701,2,2004-01-04
5106,2387990,3,2004-05-06
5106,1739082,1,2004-02-28
5106,2524708,3,2004-08-10
5106,455024,3,2004-06-03
5106,1914678,4,2004-07-13
5106,1335093,5,2004-09-09
5106,58995,2,2005-04-14
5106,862596,3,2005-09-27
5106,1269491,3,2005-10-05
5106,137309,2,2003-08-20
5106,1802658,2,2003-08-25
5106,101807,3,2002-05-22
5106,453105,4,2004-08-03
5106,1456270,1,2004-06-03
5106,1115029,4,2003-10-06
5106,2344621,2,2004-01-16
5106,2263041,1,2003-10-18
5106,526149,2,2004-04-16
5106,1268751,3,2004-05-07
5106,1344207,2,2004-07-07
5106,1010489,1,2004-06-23
5106,2535586,4,2005-09-22
5106,441442,3,2005-12-13
5106,123713,4,2004-07-14
5106,634922,2,2004-08-21
5106,1720569,4,2003-09-03
5106,2350917,3,2003-09-07
5106,366160,2,2003-10-07
5106,91979,1,2003-12-29
5106,591748,3,2004-01-25
5106,2620858,2,2004-06-07
5106,1345676,1,2004-07-10
5106,62691,3,2005-03-24
5106,2135590,4,2005-11-03
5106,545491,3,2004-01-20
5106,14164,3,2004-04-30
5106,6785,3,2003-11-28
5106,1150128,3,2003-09-16
5106,1484561,4,2004-07-15
5106,892661,5,2004-09-23
5106,851111,4,2004-12-22
5106,2467784,2,2005-03-05
5106,2387327,2,2005-03-23
5106,1289999,2,2005-04-15
5106,844990,2,2003-01-07
5106,1831058,4,2003-12-24
5106,775513,1,2003-10-19
5106,1126968,3,2002-07-16
5106,1558286,1,2004-01-28
5106,110938,1,2004-03-27
5106,1991491,1,2004-05-26
5106,1176322,2,2004-06-22
5106,393936,1,2004-02-05
5106,2080935,2,2004-07-09
5106,905479,1,2004-08-26
5106,32592,5,2004-05-28
5106,2189686,3,2004-11-30
5106,2536138,4,2005-02-10
5106,656323,3,2005-10-24
5106,2284701,4,2005-11-07
5106,1088685,3,2005-12-21
5106,2256731,1,2005-12-30
5106,500413,3,2004-01-29
5106,1738198,3,2002-07-10
5106,2514777,1,2003-12-02
5106,50389,2,2004-01-08
5106,379787,2,2004-06-03
5106,986937,4,2004-06-28
5106,745457,3,2005-02-07
5106,765430,3,2004-06-08
5106,968184,1,2003-01-07
5106,993550,1,2002-06-01
5106,1326994,2,2002-04-27
5106,881356,2,2005-08-24
5106,1854658,5,2005-08-29
5106,308054,2,2004-01-02
5106,728348,3,2004-07-13
5106,2387919,1,2004-05-03
5106,2550403,1,2004-01-30
5106,2182083,2,2004-07-26
5106,2358148,1,2004-09-09
5106,1279862,3,2004-08-26
5106,1309570,4,2005-02-05
5106,1224664,3,2004-02-04
5106,519130,2,2004-06-21
5106,653515,4,2003-09-30
5106,871970,1,2003-12-19
5106,2618731,3,2004-07-15
5106,1898159,2,2004-03-25
5106,2008955,2,2004-04-20
5106,273490,1,2004-05-09
5106,564340,2,2005-03-01
5106,1100417,3,2005-05-18
5106,668669,3,2003-11-08
5106,1675183,1,2003-12-03
5106,2058646,2,2003-09-22
5106,1298511,1,2003-07-06
5106,862917,3,2005-08-24
5106,1365388,3,2003-11-25
5106,1346630,3,2003-10-03
5106,197288,2,2003-12-19
5106,1584667,3,2004-05-31
5106,2090053,5,2005-05-20
5106,1847848,2,2005-12-13
5106,828349,1,2002-10-23
5106,1678993,4,2004-07-14
5106,1825865,3,2003-02-12
5106,503398,3,2003-11-14
5106,189387,3,2003-10-27
5106,2171679,2,2004-02-08
5106,921003,1,2003-08-27
5106,1368548,3,2003-11-25
5106,525071,1,2004-02-26
5106,200734,3,2004-12-11
5106,1823789,5,2004-12-17
5106,1599924,4,2005-01-11
5106,695284,2,2004-01-30
5106,1537898,2,2002-10-22
5106,525624,1,2004-04-22
5106,188826,3,2002-07-08
5106,59270,3,2003-08-21
5106,940688,2,2005-08-12
5106,1029015,2,2004-04-10
5106,750677,1,2003-08-31
5106,1086481,1,2004-01-23
5106,2560469,2,2004-01-09
5106,981753,2,2004-06-22
5106,933819,4,2004-01-14
5106,2373330,2,2004-07-29
5106,2596310,1,2004-07-16
5106,325552,2,2002-10-22
5106,1917540,3,2004-06-23
5106,1288624,2,2004-07-06
5106,2044587,2,2004-01-24
5106,2155569,4,2004-05-10
5106,2620885,2,2004-08-28
5106,476721,5,2004-06-15
5106,892694,2,2005-02-23
5106,1851867,3,2005-03-24
5106,2498017,3,2005-10-07
5106,2640760,1,2003-01-02
5106,1483098,1,2004-01-31
5106,1297347,1,2004-01-15
5106,1766007,3,2002-05-10
5106,1691325,1,2004-01-20
5106,1592728,3,2004-07-17
5106,409927,5,2003-05-02
5106,54897,3,2003-09-29
5106,1014949,1,2003-11-21
5106,2100306,3,2003-10-19
5106,2647888,1,2003-11-11
5106,974631,1,2004-01-15
5106,952834,1,2004-02-04
5106,999451,3,2004-06-07
5106,2019240,3,2004-06-07
5106,1435413,2,2004-06-14
5106,764910,2,2004-10-31
5106,812458,3,2005-04-06
5106,71594,2,2002-08-27
5106,1845415,2,2002-12-01
5106,2626336,1,2004-01-09
5106,789239,3,2003-12-01
5106,1816884,3,2003-07-08
5106,2186084,1,2004-04-12
5106,223631,2,2003-12-17
5106,2305014,2,2004-08-31
5106,118593,1,2004-01-23
5106,2525542,1,2004-05-02
5106,2078245,1,2004-05-26
5106,538815,3,2004-06-11
5106,1658101,2,2004-08-19
5106,248904,3,2004-12-18
5106,1014995,2,2005-06-11
5106,1567322,5,2005-10-22
5106,792874,2,2004-04-26
5106,450465,1,2004-06-28
5106,133816,1,2003-11-24
5106,466205,3,2003-05-01
5106,2312645,3,2005-05-10
5106,623173,4,2005-06-27
5106,166041,2,2005-12-07
5106,10374,4,2002-12-22
5106,1218483,2,2003-12-27
5106,1576028,1,2002-12-31
5106,2646058,4,2003-12-03
5106,55272,2,2003-12-04
5106,440236,5,2003-12-26
5106,2627190,2,2004-06-21
5106,202501,2,2004-08-11
5106,1102864,4,2004-05-19
5106,2072107,2,2004-05-07
5106,1729344,2,2004-06-24
5106,2200560,5,2004-08-02
5106,1251017,2,2004-10-19
5106,2080663,3,2005-01-31
5106,706454,3,2005-12-21
5106,2469190,2,2004-01-08
5106,2293993,4,2003-09-10
5106,218038,3,2003-12-23
5106,1697865,3,2004-01-22
5106,2077048,1,2004-02-01
5106,608234,3,2004-10-31
5106,685565,5,2005-01-01
5106,2062197,3,2005-11-02
5106,2401693,4,2004-06-03
5106,684850,3,2003-12-07
5106,507383,2,2004-01-06
5106,1238184,1,2003-01-01
5106,2032861,1,2003-08-23
5106,1974302,3,2004-05-18
5106,433651,3,2005-08-11
5106,2050532,3,2004-07-22
5106,1522922,2,2003-08-18
5106,673040,1,2003-10-08
5106,1772901,2,2003-07-12
5106,2075696,2,2003-09-03
5106,222255,4,2004-01-23
5106,2026543,2,2003-09-17
5106,1991850,3,2004-04-10
5106,825819,2,2004-05-26
5106,194528,2,2004-04-13
5106,2593670,2,2004-06-17
5106,1616870,3,2005-06-27
5106,174753,3,2005-12-02
5106,1978543,3,2002-06-28
5106,2518289,3,2005-07-26
5106,46650,3,2005-08-27
5106,201707,3,2004-11-01
5106,2107839,2,2005-05-17
5106,311565,4,2005-05-22
5106,2423233,5,2005-09-16
5106,1591989,4,2005-12-11
5106,486258,3,2005-12-12
5106,51988,1,2004-04-19
5106,1783226,4,2004-01-16
5106,788358,3,2003-09-20
5106,2155298,3,2003-01-03
5106,1917470,1,2003-03-03
5106,2473782,3,2004-01-13
5106,522942,3,2004-07-24
5106,440606,2,2004-06-29
5106,1003750,3,2004-05-08
5106,1796212,3,2004-08-27
5106,982689,3,2004-07-22
5106,1193661,5,2004-10-29
5106,2186820,2,2005-11-16
5106,2327355,3,2004-07-06
5106,2309047,1,2003-12-07
5106,2433610,1,2004-01-15
5106,251520,1,2004-04-17
5106,1188144,4,2004-05-19
5106,764651,2,2003-12-10
5106,1556831,1,2003-12-13
5106,818453,3,2003-11-24
5106,438340,1,2004-03-24
5106,1118894,3,2005-02-03
5106,2223706,5,2004-07-14
5106,875288,4,2004-10-13
5106,1860652,4,2005-08-05
5106,2619357,1,2003-09-02
5106,1625247,5,2004-01-06
5106,280795,4,2003-12-25
5106,704193,3,2004-01-22
5106,846349,3,2005-08-29
5106,1416785,3,2003-09-26
5106,2295501,1,2004-05-13
5106,989264,2,2004-07-02
5106,461371,3,2004-09-13
5106,117041,3,2005-01-28
5106,813316,3,2005-02-14
5106,409267,3,2005-12-23
5106,2344346,4,2002-10-07
5106,2105834,3,2004-06-14
5106,666500,2,2003-02-12
5106,2121650,2,2004-08-22
5106,2204444,1,2003-06-08
5106,815418,2,2004-09-04
5106,2225288,3,2004-01-15
5106,2387526,1,2003-12-31
5106,2488850,1,2004-05-13
5106,2589121,3,2004-07-29
5106,212881,2,2004-09-01
5106,1792745,3,2005-02-10
5106,1737862,2,2005-06-27
5106,8117,3,2005-11-15
5106,708596,4,2004-01-15
5106,932949,3,2005-07-18
5106,1071308,5,2004-04-14
5106,655837,2,2002-05-22
5106,1907373,2,2003-04-30
5106,911828,2,2003-09-10
5106,1777614,4,2005-08-15
5106,2254121,1,2003-08-21
5106,2089599,3,2004-01-06
5106,1371337,3,2004-03-26
5106,863309,3,2004-05-26
5106,629672,2,2004-08-02
5106,2147223,4,2004-05-25
5106,1438426,5,2004-06-16
5106,2542528,2,2004-07-14
5106,386947,3,2004-10-01
5106,1835795,1,2004-11-21
5106,191594,4,2004-11-22
5106,2444006,4,2005-02-28
5106,128348,2,2003-08-24
5106,1559083,3,2003-11-03
5106,2532100,1,2004-06-08
5106,1073040,3,2003-07-01
5106,1848548,1,2003-12-28
5106,468254,4,2004-02-29
5106,442028,1,2004-03-28
5106,1272067,1,2004-05-12
5106,1863899,3,2004-07-05
5106,1528604,2,2004-06-24
5106,278056,4,2004-06-27
5106,1636164,2,2004-08-05
5106,1691081,3,2004-10-12
5106,670416,1,2004-12-07
5106,2606799,4,2005-01-31
5106,954924,3,2005-07-20
5106,1482921,1,2004-04-07
5106,308487,2,2003-10-01
5106,1617448,2,2004-06-28
5106,408457,2,2002-09-11
5106,2008228,4,2005-08-03
5106,2087340,2,2003-03-30
5106,2269486,1,2004-04-09
5106,2294110,3,2004-04-08
5106,1567783,1,2004-03-25
5106,2463759,5,2003-12-23
5106,1229195,1,2004-07-29
5106,504981,2,2005-02-01
5106,2144037,3,2005-03-08
5106,207314,4,2005-11-15
5106,2512235,2,2001-03-01
5106,943436,2,2004-06-30
5106,1284350,5,2003-03-11
5106,1228706,3,2004-08-04
5106,1645663,4,2004-03-23
5106,868622,2,2004-02-01
5106,1231291,2,2003-11-07
5106,1634095,2,2004-06-05
5106,2295156,2,2004-05-11
5106,2583976,4,2004-02-03
5106,950518,1,2004-04-09
5106,287695,2,2004-09-07
5106,1645933,3,2005-05-30
5106,976385,4,2005-10-22
5106,675644,3,2002-09-09
5106,237980,1,2004-01-21
5106,1845472,4,2002-12-17
5106,478558,2,2003-05-28
5106,2512478,2,2003-06-17
5106,829575,3,2004-03-24
5106,2293062,2,2005-02-23
5106,1446048,5,2005-03-13
5106,2458121,4,2005-06-09
5106,1707563,4,2005-10-30
5106,60597,4,2005-10-17
5106,1646912,4,2005-12-19
5106,2435795,1,2003-12-28
5106,1859188,2,2004-04-18
5106,2200911,1,2004-01-08
5106,768710,3,2005-09-22
5106,1057251,3,2004-06-23
5106,2341721,4,2004-03-28
5106,539110,2,2004-07-12
5106,1523919,2,2004-06-19
5106,2519251,1,2005-01-19
5106,716173,4,2005-09-20
5106,881975,3,2004-05-06
5106,1030295,3,2004-07-20
5106,1316618,3,2003-06-25
5106,2539534,1,2004-01-12
5106,345986,1,2004-07-11
5106,1700006,2,2004-08-02
5106,199266,2,2005-01-24
5106,1197972,1,2005-02-18
5106,196315,4,2005-06-04
5106,817920,3,2005-10-15
5106,1120497,3,2005-11-14
5106,2315057,1,2005-12-17
5106,2000623,2,2005-07-07
5106,1590217,5,2005-08-27
5106,789014,1,2003-07-18
5106,798296,1,2002-10-25
5106,626211,2,2003-11-18
5106,846892,3,2004-02-04
5106,135932,3,2003-12-29
5106,1638462,3,2004-07-14
5106,1648342,1,2003-04-18
5106,247442,1,2003-09-16
5106,2439370,4,2003-08-21
5106,1476148,4,2004-01-20
5106,225116,2,2004-01-09
5106,2639960,2,2004-05-26
5106,1567970,3,2004-10-30
5106,1480841,2,2004-11-24
5106,504620,5,2005-07-23
5106,1961537,4,2002-12-16
5106,2397008,2,2003-10-06
5106,114072,2,2004-08-04
5106,1938258,2,2004-08-04
5106,1073345,2,2004-04-15
5106,89854,3,2004-08-02
5106,199251,4,2004-06-16
5106,275282,3,2005-05-25
5106,2201507,4,2005-10-21
5106,1370564,1,2003-09-19
5106,470369,2,2002-07-15
5106,1553965,2,2004-07-03
5106,901801,3,2004-05-16
5106,408765,4,2003-10-14
5106,1371451,2,2004-01-09
5106,1391576,4,2004-03-29
5106,1896541,4,2004-08-11
5106,895467,1,2004-07-20
5106,1085241,3,2004-08-19
5106,2401136,3,2005-02-11
5106,1878344,1,2004-06-30
5106,2048079,2,2003-02-11
5106,1116290,3,2004-01-02
5106,916727,3,2004-01-30
5106,1351421,2,2004-07-12
5106,904842,1,2004-05-25
5106,27434,3,2002-12-31
5106,517392,1,2003-12-16
5106,2562900,2,2003-12-16
5106,1588735,3,2004-08-05
5106,2577234,1,2004-08-24
5106,42691,2,2004-02-08
5106,2164772,3,2004-05-01
5106,1747640,5,2005-01-04
5106,1692069,3,2005-12-29
5106,1227649,4,2002-07-11
5106,2187880,5,2005-08-07
5106,2560750,4,2004-06-22
5106,2387463,2,2003-10-26
5106,321276,5,2005-08-23
5106,1494683,1,2003-09-18
5106,967817,3,2004-01-24
5106,551459,2,2003-12-01
5106,1607909,2,2003-12-16
5106,1066481,1,2004-08-13
5106,26124,2,2005-09-16
5106,631041,3,2005-10-05
5106,1625343,1,2003-09-01
5106,538247,5,2005-08-18
5106,2532960,3,2003-12-05
5106,11043,3,2003-10-15
5106,563485,2,2003-06-11
5106,2028520,1,2004-06-21
5106,807782,2,2003-09-17
5106,2181356,1,2004-02-27
5106,1921550,5,2004-06-24
5106,2394024,3,2004-05-17
5106,2519993,4,2004-09-23
5106,1611417,3,2004-10-20
5106,1151483,2,2004-12-29
5106,348337,5,2005-09-19
5106,1821747,2,2003-11-12
5106,158086,3,2002-12-19
5106,1761783,2,2004-01-09
5106,578869,3,2003-12-13
5106,620343,1,2003-12-21
5106,317134,2,2004-01-20
5106,1387099,1,2003-11-26
5106,460492,1,2004-03-25
5106,638269,2,2004-02-08
5106,1684543,5,2004-02-10
5106,1114617,3,2004-08-31
5106,2309637,3,2004-04-17
5106,576763,2,2004-08-15
5106,389917,2,2004-06-10
5106,265257,4,2004-09-29
5106,887963,3,2004-10-10
5106,264047,3,2005-01-19
5106,1306404,4,2005-02-14
5106,90900,3,2005-04-12
5106,1575939,3,2005-11-03
5106,2509631,2,2003-12-11
5106,2263064,2,2002-06-24
5106,397923,3,2003-04-04
5106,1041187,1,2004-01-07
5106,226945,5,2003-12-09
5106,389401,3,2004-07-12
5106,1785423,2,2004-08-02
5106,1620733,2,2003-12-01
5106,496890,1,2004-02-02
5106,612534,2,2004-04-23
5106,836242,1,2004-06-02
5106,1352351,3,2004-06-22
5106,1181558,3,2003-12-05
5106,305344,1,2003-03-03
5106,1278961,1,2003-12-16
5106,272280,1,2004-07-20
5106,415135,1,2004-01-18
5106,1676565,5,2003-12-13
5106,1825515,2,2004-04-29
5106,2394802,2,2004-01-09
5106,624610,5,2005-05-20
5106,785521,3,2005-10-21
5106,727301,1,2005-11-14
5106,1560099,5,2005-12-28
5106,1689050,3,2005-07-09
5106,1774610,3,2004-07-12
5106,2018665,1,2003-10-07
5106,2167703,1,2004-02-04
5106,2226525,3,2003-10-01
5106,2051579,4,2003-09-26
5106,520825,4,2004-03-24
5106,2335113,3,2004-01-17
5106,1560137,2,2004-08-20
5106,1557927,2,2004-12-22
5106,2163622,3,2005-05-24
5106,2006277,1,2005-09-26
5106,2574126,3,2005-11-05
5106,568434,4,2004-07-12
5106,377613,3,2003-06-26
5106,124042,2,2003-08-17
5106,433941,3,2002-12-06
5106,1816695,2,2004-07-24
5106,1909214,1,2003-08-20
5106,1933952,2,2004-01-23
5106,618571,3,2004-06-08
5106,1577495,2,2004-02-05
5106,2158231,3,2004-01-31
5106,2445424,5,2004-07-28
5106,1986408,3,2004-08-31
5106,1500397,3,2005-06-24
5106,2486965,3,2005-10-25
5106,1710658,1,2005-12-23
5106,992868,2,2003-11-14
5106,617390,3,2003-07-06
5106,100126,4,2003-02-20
5106,2027722,2,2003-08-19
5106,713765,3,2004-01-13
5106,366233,2,2003-12-26
5106,682992,2,2004-08-09
5106,1972749,3,2004-07-02
5106,1210199,2,2004-04-12
5106,1727117,3,2004-08-24
5106,968595,5,2005-02-15
5106,2356552,5,2005-03-24
5106,1038737,2,2004-01-10
5106,1436317,4,2002-06-28
5106,626845,3,2004-01-26
5106,1435148,2,2003-09-16
5106,2217027,1,2004-01-13
5106,2535579,2,2004-01-30
5106,53694,2,2004-06-28
5106,304409,2,2004-05-18
5106,2147527,3,2005-01-29
5106,1521772,3,2005-10-21
5106,686137,3,2004-04-12
5106,1937631,2,2002-12-19
5106,2319491,2,2004-03-16
5106,2185774,3,2003-12-03
5106,2419814,4,2004-07-11
5106,1764736,2,2002-12-17
5106,2476422,3,2003-12-16
5106,1827071,2,2003-12-19
5106,765090,2,2003-11-06
5106,1065407,2,2004-01-08
5106,510124,4,2004-09-16
5106,1090697,2,2005-09-05
5106,299365,3,2003-10-20
5106,1782693,4,2004-04-18
5106,803298,4,2004-07-23
5106,1250338,3,2004-07-23
5106,743813,1,2004-07-14
5106,1428930,3,2004-12-29
5106,2497305,3,2002-12-05
5106,1992894,2,2003-10-13
5106,195107,4,2003-06-02
5106,2396089,3,2004-05-08
5106,121333,3,2004-05-26
5106,925172,1,2003-10-20
5106,445152,1,2004-01-30
5106,1438606,2,2004-01-16
5106,231461,1,2004-02-03
5106,1187757,2,2004-07-28
5106,846838,1,2004-07-11
5106,1981151,1,2005-01-03
5106,768876,4,2005-01-11
5106,2127496,4,2005-01-29
5106,133670,1,2005-02-26
5106,701833,3,2005-07-16
5106,466517,3,2004-01-15
5106,541831,1,2002-08-27
5106,516721,4,2004-01-09
5106,2503033,1,2004-02-03
5106,677066,3,2003-09-25
5106,3518,3,2005-08-18
5106,1101737,3,2003-11-25
5106,602959,2,2004-07-10
5106,640018,3,2004-05-03
5106,1340560,3,2004-12-20
5106,1653637,3,2004-12-28
5106,99844,4,2005-02-02
5106,1316020,3,2005-10-12
5106,1221337,5,2005-11-20
5106,2090792,3,2005-07-07
5106,772825,2,2003-11-22
5106,2580792,1,2003-11-22
5106,1363298,1,2003-09-13
5106,1509682,3,2004-05-04
5106,1524551,1,2003-08-28
5106,149576,1,2004-05-10
5106,572037,2,2004-05-04
5106,670382,4,2004-07-23
5106,2036325,5,2005-03-23
5106,300435,2,2005-05-26
5106,1746121,5,2005-09-16
5106,1939988,2,2005-10-05
5106,1020688,2,2005-10-30
5106,891923,4,2005-12-03
5106,2074458,1,2005-07-21
5106,132511,1,2003-10-29
5106,1067761,3,2003-09-15
5106,1832243,2,2004-02-27
5106,777347,1,2004-06-09
5106,2640278,2,2003-10-06
5106,701495,3,2004-06-15
5106,121748,3,2004-11-29
5106,715005,2,2005-02-18
5106,270940,4,2005-09-29
5106,2439223,3,2005-10-03
5106,1292631,1,2002-08-29
5106,319180,3,2003-09-12
5106,1972419,4,2002-10-23
5106,1500471,1,2004-05-23
5106,2506564,3,2004-01-18
5106,1837636,4,2003-04-20
5106,786659,3,2003-09-22
5106,1441546,3,2003-09-16
5106,822264,1,2003-08-21
5106,2417253,1,2004-09-07
5106,435036,2,2004-01-30
5106,2547683,4,2004-04-27
5106,273267,2,2004-07-10
5106,995856,4,2004-11-01
5106,1475843,5,2004-11-11
5106,1026926,3,2005-09-12
5106,16074,3,2005-10-21
5106,362008,1,2003-09-04
5106,2036299,4,2003-09-15
5106,2187706,3,2004-09-09
5106,2245483,2,2003-11-24
5106,888463,5,2004-03-19
5106,185422,4,2004-04-10
5106,2372217,5,2004-07-21
5106,427186,2,2004-06-01
5106,682100,1,2004-07-19
5106,1633009,2,2004-10-20
5106,864647,5,2004-12-07
5106,390912,5,2004-12-15
5106,1481728,5,2005-10-31
5106,258801,5,2005-11-17
5106,2366462,2,2002-05-11
5106,786667,2,2004-05-25
5106,674927,2,2002-09-10
5106,1751250,3,2002-12-17
5106,670788,3,2004-09-09
5106,2355771,2,2003-07-18
5106,1770828,4,2004-01-14
5106,725800,2,2003-08-26
5106,1808630,1,2003-07-05
5106,341806,1,2003-10-28
5106,1082263,3,2004-01-19
5106,768270,3,2004-09-27
5106,2599863,3,2004-10-12
5106,1484157,2,2003-09-22
5106,2579059,2,2004-02-29
5106,2234449,1,2003-09-26
5106,905922,1,2003-12-14
5106,620741,2,2003-04-19
5106,759596,4,2004-04-14
5106,902413,3,2004-06-15
5106,295708,2,2003-10-12
5106,733859,2,2004-01-09
5106,740142,3,2004-06-12
5106,1239467,1,2004-02-04
5106,1459259,3,2004-05-26
5106,372095,2,2004-07-12
5106,1994339,1,2004-09-04
5106,387897,2,2004-07-26
5106,1497917,2,2005-01-10
5106,2387734,1,2005-10-08
5106,2112235,1,2004-09-10
5106,2110107,4,2002-12-01
5106,1045879,1,2003-08-29
5106,438200,1,2003-08-26
5106,289853,1,2004-04-26
5106,1024066,2,2003-11-24
5106,1675680,1,2003-10-16
5106,1722935,3,2004-05-19
5106,1695966,4,2004-06-01
5106,1827598,4,2004-06-21
5106,1814516,3,2004-04-10
5106,1889697,3,2004-11-15
5106,223043,4,2005-02-24
5106,218926,3,2005-09-15
5106,436276,5,2005-09-24
5106,1374416,4,2005-10-24
5106,814408,2,2002-10-15
5106,1692302,5,2005-08-02
5106,2475664,2,2004-01-30
5106,1300818,2,2003-07-14
5106,1487442,2,2003-10-01
5106,2432848,2,2004-05-09
5106,1556696,2,2003-10-06
5106,1986084,2,2004-01-21
5106,2338453,3,2004-05-16
5106,2005241,3,2005-12-10
5106,1294729,3,2005-03-19
5106,1414654,5,2005-07-23
5106,240923,2,2003-11-27
5106,589682,2,2003-08-03
5106,2572006,2,2004-01-16
5106,408193,3,2004-05-08
5106,609236,3,2003-07-21
5106,297100,2,2004-06-29
5106,2297199,1,2003-12-01
5106,1714546,1,2003-07-14
5106,2126215,1,2004-01-09
5106,690313,3,2004-06-27
5106,2392720,1,2004-06-03
5106,1532058,1,2004-07-16
5106,1741247,2,2004-08-04
5106,594244,1,2004-09-02
5106,951697,3,2005-02-24
5106,795473,3,2005-05-02
5106,1010964,5,2005-07-15
5106,227151,2,2004-01-17
5106,1783225,1,2003-11-24
5106,186695,4,2005-08-23
5106,244213,1,2004-05-25
5106,1458015,1,2003-08-13
5106,2527847,3,2004-08-09
5106,173755,3,2004-04-13
5106,1264995,3,2004-03-23
5106,1172816,4,2004-04-14
5106,2400911,1,2005-02-22
5106,1320402,4,2005-09-18
5106,752642,1,2001-04-05
5106,2345454,1,2004-01-24
5106,282887,3,2002-05-30
5106,49355,2,2004-02-08
5106,1570999,4,2003-05-31
5106,1356889,1,2004-01-29
5106,1784928,2,2004-06-07
5106,922812,4,2004-04-21
5106,2320138,3,2004-06-24
5106,886520,4,2004-07-01
5106,227799,2,2004-07-08
5106,1858600,4,2005-12-09
5106,2421733,5,2005-07-11
5106,555528,4,2002-11-30
5106,2131287,5,2002-12-06
5106,1555531,3,2003-04-09
5106,2218735,3,2004-06-04
5106,2587909,1,2003-11-28
5106,286469,4,2004-01-22
5106,1699969,2,2004-05-12
5106,111018,4,2004-07-06
5106,740255,3,2004-11-29
5106,520243,3,2004-12-10
5106,34408,1,2005-03-04
5106,926054,3,2005-05-25
5106,1560395,1,2005-05-25
5106,1375398,3,2005-11-17
5106,474849,2,2005-12-15
5106,874293,3,2003-10-29
5106,1793343,2,2003-07-24
5106,2018894,3,2005-09-04
5106,460500,1,2003-08-14
5106,2402225,4,2004-06-10
5106,995935,2,2004-06-22
5106,2534044,3,2004-08-27
5106,581989,1,2004-08-16
5106,1889496,3,2005-02-27
5106,2636392,3,2005-03-05
5106,2092416,4,2005-04-17
5106,2485642,2,2005-09-20
5106,1211016,4,2002-12-30
5106,2466899,2,2002-07-17
5106,1398076,1,2004-04-19
5106,1755852,3,2002-10-16
5106,1654854,2,2003-09-27
5106,822739,1,2003-12-04
5106,872924,2,2004-06-02
5106,2173428,2,2004-12-06
5106,2634931,4,2004-12-06
5106,2609074,2,2004-12-31
5106,451962,2,2005-03-09
5106,716577,2,2005-09-26
5106,161767,2,2005-11-17
5106,1260385,3,2003-11-24
5106,2190100,3,2003-10-25
5106,2589198,1,2003-08-26
5106,1402106,3,2003-03-03
5106,1731133,2,2004-02-01
5106,1105313,1,2004-02-04
5106,701255,1,2004-05-18
5106,2479932,2,2004-06-28
5106,1102302,1,2005-01-06
5106,934163,2,2005-10-14
5106,782551,3,2005-11-07
5106,1071582,2,2004-06-16
5106,855386,3,2004-04-28
5106,2056022,2,2003-02-12
5106,56890,5,2005-08-28
5106,574806,3,2004-01-03
5106,282656,1,2004-06-08
5106,534511,1,2004-07-13
5106,2148706,1,2004-04-28
5106,1745107,4,2004-06-03
5106,168848,5,2004-08-13
5106,2139288,2,2004-11-01
5106,219888,3,2005-02-13
5106,76916,1,2002-08-27
5106,134743,3,2002-10-25
5106,1937799,2,2004-04-14
5106,1547747,2,2004-08-03
5106,878148,2,2003-02-28
5106,1406978,1,2004-05-20
5106,978154,1,2003-09-26
5106,1337026,2,2004-07-21
5106,2643734,5,2005-01-07
5106,804186,3,2005-05-18
5106,2499884,1,2005-11-17
5106,2014280,1,2004-01-19
5106,2102685,2,2004-04-26
5106,325073,3,2005-07-15
5106,1273765,3,2001-03-05
5106,528943,2,2004-01-08
5106,1490243,3,2003-12-25
5106,1667019,3,2004-01-26
5106,798104,5,2004-09-07
5106,2466197,3,2003-07-22
5106,358629,1,2004-01-30
5106,1307699,5,2005-08-23
5106,2468858,2,2003-11-05
5106,2610660,3,2004-05-05
5106,1742718,3,2003-11-02
5106,2576917,3,2004-05-18
5106,2349595,4,2005-01-10
5106,2140372,4,2005-11-02
5106,526140,4,2003-11-01
5106,1929765,2,2003-01-03
5106,1432790,1,2005-08-07
5106,1034831,2,2003-02-13
5106,1536728,3,2003-10-15
5106,1916113,1,2004-01-20
5106,2416290,2,2003-09-10
5106,1861482,2,2003-11-30
5106,1816372,4,2004-03-19
5106,2117432,1,2004-02-28
5106,480115,2,2004-07-26
5106,1262782,5,2004-08-19
5106,981800,3,2004-11-17
5106,1000033,3,2005-10-04
5106,2593478,4,2005-07-05
5106,1300500,2,2004-05-27
5106,1716546,4,2004-04-07
5106,2374130,2,2003-09-11
5106,79553,2,2004-01-11
5106,269474,3,2003-10-02
5106,1042753,2,2003-12-29
5106,1885319,1,2003-12-15
5106,411518,1,2004-04-14
5106,1552337,2,2004-09-06
5106,592691,4,2004-05-05
5106,166284,5,2004-06-17
5106,2349533,3,2004-12-01
5106,2176465,2,2005-02-18
5106,562340,4,2005-02-22
5106,1924867,1,2003-10-17
5106,2441687,2,2003-09-03
5106,566348,3,2004-05-22
5106,1115451,3,2003-09-03
5106,411290,2,2004-01-09
5106,303087,1,2004-06-09
5106,1704892,2,2004-10-08
5106,13432,2,2005-05-14
5106,857132,5,2005-06-01
5106,1503800,3,2005-09-28
5106,15104,2,2005-10-27
5106,1946645,2,2004-09-08
5106,2262335,1,2003-09-26
5106,1289511,3,2003-03-03
5106,1895403,1,2004-05-21
5106,2390609,3,2003-06-27
5106,1160772,5,2004-07-13
5106,1815129,3,2004-02-27
5106,680921,2,2004-07-09
5106,898147,3,2004-12-12
5106,702403,3,2004-12-25
5106,828045,3,2005-02-28
5106,152713,2,2005-12-05
5106,2562858,3,2005-07-06
5106,772538,2,2004-09-05
5106,1737191,1,2002-07-06
5106,902331,5,2003-08-19
5106,1215709,3,2003-05-17
5106,2585154,2,2003-12-18
5106,2192840,4,2005-08-30
5106,1808543,2,2004-01-21
5106,835281,2,2003-08-18
5106,2230881,1,2004-02-08
5106,1293631,2,2005-01-08
5106,953110,5,2005-09-14
5106,1069584,3,2005-09-16
5106,1688035,4,2005-12-16
5106,1519378,2,2004-04-22
5106,1278271,3,2003-07-03
5106,2055183,2,2005-08-16
5106,240447,1,2004-01-12
5106,2150831,3,2004-01-27
5106,2057529,1,2004-07-13
5106,707496,3,2004-05-22
5106,968832,3,2004-06-21
5106,385781,2,2004-10-05
5106,1109711,3,2004-10-06
5106,2588310,3,2004-03-25
5106,720503,3,2004-06-13
5106,2217808,4,2004-07-07
5106,1546214,4,2005-08-22
5106,41422,2,2003-10-20
5106,2069289,2,2003-10-01
5106,2024111,2,2003-09-08
5106,836711,3,2004-01-24
5106,2416621,5,2004-02-05
5106,836850,2,2004-01-15
5106,1516935,1,2004-05-24
5106,1383642,3,2005-02-25
5106,1239123,3,2005-10-04
5106,2118461,4,2005-10-12
5106,2057611,3,2005-10-24
5106,1638115,4,2005-11-02
5106,1922670,2,2004-05-03
5106,522180,3,2002-12-31
5106,1700710,5,2002-12-28
5106,1781160,2,2005-08-14
5106,703585,2,2004-05-20
5106,1401726,3,2004-05-30
5106,1814661,4,2004-06-29
5106,492299,1,2004-01-11
5106,2142422,2,2003-12-15
5106,124806,1,2004-02-26
5106,17421,1,2004-04-21
5106,2070875,2,2004-08-30
5106,884078,2,2004-07-02
5106,1102924,4,2005-12-31
5106,1028480,1,2004-06-15
5106,761524,4,2005-07-30
5106,1203614,1,2003-05-22
5106,1114134,1,2003-09-17
5106,1842857,1,2002-11-30
5106,1244309,1,2003-11-21
5106,1081831,1,2003-09-11
5106,1593343,1,2003-10-29
5106,400591,5,2004-01-16
5106,792277,2,2004-01-05
5106,2305442,5,2004-07-17
5106,1271103,5,2004-10-01
5106,1552784,5,2005-01-05
5106,2167364,2,2005-03-27
5106,1105686,2,2005-09-26
5106,387418,2,2003-08-23
5106,1003753,2,2003-11-01
5106,909101,5,2004-01-07
5106,348634,1,2004-01-06
5106,1923886,1,2004-04-17
5106,1383836,1,2004-05-05
5106,1768212,5,2004-08-28
5106,2492994,4,2005-11-15
5106,2405421,4,2003-12-01
5106,2409465,2,2005-08-04
5106,1932804,5,2004-01-08
5106,480612,1,2004-06-15
5106,1247574,1,2004-01-12
5106,1166090,1,2004-02-26
5106,450331,3,2004-05-29
5106,200427,3,2004-02-27
5106,900096,3,2004-03-28
5106,870288,3,2004-04-08
5106,868990,3,2004-06-30
5106,2177085,4,2005-09-08
5106,1139218,2,2002-09-13
5106,1241676,2,2004-01-13
5106,416968,4,2003-08-14
5106,700409,3,2004-08-13
5106,1712684,1,2004-01-18
5106,1293451,2,2004-01-21
5106,843806,3,2004-06-22
5106,1114324,3,2005-02-20
5106,1457770,3,2005-05-19
5106,107379,4,2005-11-27
5106,625957,3,2005-07-26
5106,935459,3,2004-01-15
5106,1916384,3,2005-08-30
5106,2004870,1,2004-05-21
5106,1981621,3,2004-03-27
5106,964622,3,2004-01-29
5106,674667,4,2004-08-30
5106,35580,4,2004-06-26
5106,835353,4,2004-06-26
5106,1351821,5,2004-06-17
5106,2645868,2,2004-06-27
5106,2271494,3,2004-10-20
5106,1812834,2,2005-01-10
5106,917857,1,2005-05-26
5106,793499,5,2005-07-29
5106,179966,5,2004-03-06
5106,332487,4,2003-10-22
5106,2214251,2,2003-11-20
5106,1934276,1,2004-01-12
5106,1334105,1,2004-02-08
5106,1565425,1,2004-01-31
5106,875205,3,2004-05-29
5106,1425656,2,2004-05-26
5106,1172177,3,2004-05-22
5106,564647,3,2004-05-05
5106,689527,1,2004-12-30
5106,2274004,5,2005-02-08
5106,935060,2,2005-03-16
5106,397948,4,2005-07-07
5106,2591832,2,2004-01-25
5106,1380372,3,2002-12-05
5106,915926,2,2002-12-28
5106,16273,3,2003-08-18
5106,751743,1,2004-01-08
5106,1829704,1,2004-01-24
5106,1514049,1,2004-01-14
5106,1441961,3,2004-01-22
5106,2474131,1,2004-01-20
5106,1486829,1,2004-04-12
5106,895863,3,2004-04-10
5106,794999,5,2004-06-10
5106,2171936,3,2004-06-25
5106,630774,3,2004-10-27
5106,585766,5,2005-01-19
5106,1981979,4,2005-09-23
5106,1176088,4,2005-12-01
5106,2233139,5,2005-07-18
5106,1266230,3,2005-07-22
5106,356615,2,2002-12-31
5106,1616437,3,2004-06-30
5106,811903,3,2005-08-04
5106,1860352,2,2003-10-27
5106,875311,2,2004-01-21
5106,755607,2,2003-01-12
5106,1966168,4,2005-08-30
5106,2152576,2,2005-09-04
5106,32902,1,2004-02-26
5106,1706748,2,2004-07-19
5106,1319737,2,2004-12-27
5106,516240,3,2005-05-18
5106,1038488,1,2005-09-20
5106,2171187,2,2003-02-13
5106,710110,3,2003-12-17
5106,1577480,4,2004-01-16
5106,2452157,1,2003-12-23
5106,836673,3,2004-05-28
5106,1522983,3,2004-06-29
5106,393928,1,2004-04-12
5106,2022256,4,2004-08-04
5106,1122480,2,2004-06-04
5106,1619065,4,2005-09-29
5106,1366134,3,2005-10-14
5106,1691778,3,2005-11-09
5106,1398256,2,2003-10-07
5106,137725,3,2004-02-07
5106,2402136,2,2005-08-10
5106,953653,3,2004-07-10
5106,1168926,4,2003-06-26
5106,669825,3,2004-07-20
5106,505109,2,2003-12-30
5106,267611,3,2004-05-08
5106,1041084,2,2004-04-20
5106,1362750,3,2004-12-28
5106,2007970,2,2005-01-26
5106,2473261,1,2005-04-18
5106,292269,2,2002-09-19
5106,1793717,2,2003-01-02
5106,1461435,1,2002-04-30
5106,829708,5,2003-09-24
5106,151763,2,2004-01-08
5106,2374932,3,2004-03-26
5106,1036692,3,2004-06-07
5106,694070,2,2004-07-06
5106,2328701,4,2004-06-01
5106,27061,5,2004-07-20
5106,2475053,3,2004-09-23
5106,530763,3,2004-10-11
5106,431066,3,2004-12-16
5106,2031909,5,2005-04-15
5106,585730,2,2005-06-28
5106,610471,2,2005-08-09
5106,2124351,3,2003-06-17
5106,182203,5,2003-11-28
5106,2515063,1,2003-09-15
5106,1867238,1,2004-01-07
5106,874732,4,2004-01-29
5106,127903,2,2004-01-09
5106,2014748,3,2004-05-30
5106,2193570,2,2005-01-02
5106,1812378,3,2005-02-17
5106,375199,1,2005-04-02
5106,97199,3,2005-05-12
5106,2071261,3,2005-12-07
5106,2448831,3,2003-10-22
5106,1293514,2,2003-09-05
5106,994978,1,2004-07-09
5106,1926651,1,2003-10-16
5106,2260023,3,2004-01-22
5106,2427329,2,2003-09-01
5106,2580300,3,2004-07-28
5106,812726,3,2004-05-20
5106,1048069,1,2004-09-05
5106,1893120,3,2004-08-27
5106,917187,5,2004-10-08
5106,1633923,2,2005-11-28
5106,1787619,2,2003-12-02
5106,602642,4,2004-09-01
5106,151004,5,2004-05-06
5106,2507115,4,2005-08-02
5106,1884565,3,2003-12-02
5106,1052140,4,2004-08-17
5106,789613,2,2003-10-18
5106,2498386,5,2004-08-24
5106,1820593,3,2004-01-28
5106,1137678,3,2004-01-31
5106,1328011,1,2004-04-22
5106,1408280,2,2004-07-21
5106,2239209,1,2004-12-15
5106,138817,5,2005-03-07
5106,1416750,4,2005-10-09
5106,145920,3,2005-11-19
5106,2365871,3,2004-01-16
5106,2521067,1,2003-09-15
5106,1021435,1,2003-03-03
5106,958464,1,2005-08-25
5106,2361118,3,2003-12-12
5106,1352912,5,2004-07-23
5106,2473271,4,2004-08-01
5106,1847613,3,2004-08-25
5106,2324483,3,2004-11-16
5106,1101668,5,2005-02-10
5106,101620,3,2005-03-08
5106,316978,3,2005-11-03
5106,1730369,1,2000-06-01
5106,170248,2,2003-10-02
5106,754663,4,2005-07-26
5106,1639792,1,2002-05-02
5106,1788009,2,2003-05-29
5106,1918750,1,2004-04-29
5106,1715727,3,2003-07-25
5106,2181518,1,2004-01-19
5106,1648316,3,2004-05-20
5106,1420020,1,2005-08-28
5106,128311,1,2003-10-30
5106,1352747,1,2003-12-30
5106,582829,1,2004-01-02
5106,393278,3,2004-04-23
5106,2287480,5,2004-12-22
5106,856273,5,2005-01-29
5106,2224734,4,2005-03-19
5106,468193,5,2005-07-01
5106,2024833,3,2005-10-03
5106,1466323,2,2005-12-06
5106,1771049,2,2004-04-30
5106,1080282,1,2004-04-27
5106,1433491,3,2003-08-31
5106,400103,2,2004-07-02
5106,2578697,3,2004-04-29
5106,1982824,4,2004-11-14
5106,1486501,3,2005-05-25
5106,513933,2,2004-08-30
5106,751283,3,2004-09-01
5106,2328761,1,2004-08-27
5106,2017112,1,2003-01-04
5106,696661,2,2003-01-17
5106,2577882,1,2004-01-04
5106,1614443,4,2004-01-26
5106,1083531,3,2003-10-29
5106,1519722,3,2004-07-12
5106,239137,1,2004-03-25
5106,925611,5,2004-05-23
5106,1945043,2,2004-08-05
5106,2143500,2,2005-01-29
5106,2159648,4,2005-02-01
5106,2177866,5,2005-09-15
5106,2198123,2,2004-01-02
5106,1753758,2,2003-08-27
5106,1290593,4,2003-07-30
5106,1067602,2,2003-02-24
5106,998142,3,2003-10-17
5106,969785,1,2003-10-08
5106,1622890,2,2003-12-24
5106,784272,3,2005-07-05
5106,121386,4,2005-10-06
5106,881783,4,2005-10-19
5106,1155730,2,2005-11-06
5106,39375,2,2002-12-31
5106,2136526,2,2003-06-04
5106,585121,3,2005-08-04
5106,1027773,2,2003-09-05
5106,376153,1,2004-04-27
5106,583070,1,2004-01-28
5106,1591351,2,2004-06-28
5106,2471738,1,2004-06-20
5106,615358,2,2004-09-08
5106,191367,4,2004-12-28
5106,2325040,2,2005-04-18
5106,1556692,1,2005-11-16
5106,1502680,2,2004-01-21
5106,1662104,2,2004-06-07
5106,750000,2,2003-12-04
5106,1553929,2,2003-10-02
5106,374423,2,2004-04-09
5106,324475,3,2003-09-11
5106,300315,2,2004-07-12
5106,669024,3,2003-12-08
5106,2575071,2,2004-02-03
5106,2105294,1,2004-07-12
5106,638075,1,2004-07-14
5106,1163993,1,2004-07-14
5106,2139083,3,2005-10-15
5106,1398103,3,2005-10-28
5106,663118,1,2004-01-05
5106,2502736,1,2003-08-26
5106,529379,5,2003-05-02
5106,505967,3,2004-07-06
5106,709264,3,2003-11-15
5106,286832,1,2003-12-05
5106,2554548,2,2004-01-16
5106,1944505,2,2003-12-03
5106,1592459,3,2004-01-20
5106,1052699,3,2004-08-09
5106,2238060,5,2004-07-30
5106,1548770,3,2005-01-26
5106,1658790,2,2005-04-24
5106,819056,3,2005-07-13
5106,68056,2,2003-09-15
5106,2451020,1,2003-12-11
5106,2534532,3,2004-02-07
5106,1288244,1,2003-10-01
5106,115691,1,2003-12-16
5106,1852040,1,2004-04-25
5106,1092677,3,2004-04-18
5106,546802,2,2004-03-23
5106,248976,1,2004-05-23
5106,113411,1,2004-06-29
5106,816205,3,2005-02-05
5106,953557,5,2005-03-08
5106,2136035,2,2004-06-30
5106,2106009,1,2001-06-02
5106,866531,2,2003-10-18
5106,1288750,2,2002-06-30
5106,2029190,4,2004-07-16
5106,2399637,2,2004-05-26
5106,120443,4,2004-01-30
5106,1324259,1,2004-05-04
5106,2260087,2,2004-05-02
5106,513842,2,2004-06-03
5106,586724,3,2004-11-03
5106,1240719,4,2005-01-04
5106,1270980,3,2005-04-07
5106,647691,5,2005-07-01
5106,1906332,4,2005-10-11
5106,982594,4,2002-10-15
5106,802350,4,2005-02-20
5106,2588283,5,2004-04-21
5106,1716976,2,2004-05-04
5106,2043215,4,2004-01-23
5106,759360,3,2003-11-30
5106,2385763,3,2004-08-04
5106,1788242,1,2004-01-29
5106,1983132,5,2004-01-07
5106,2427786,4,2004-05-03
5106,1437043,2,2004-06-02
5106,2184273,3,2005-01-27
5106,235448,3,2005-06-09
5106,255177,3,2004-01-25
5106,2269100,3,2005-09-05
5106,1664634,1,2003-09-04
5106,685095,2,2004-01-28
5106,743344,2,2004-01-14
5106,2497812,3,2004-05-09
5106,1934462,1,2004-08-02
5106,1283156,2,2004-04-12
5106,1176683,1,2004-06-27
5106,1999953,5,2004-07-14
5106,543980,2,2004-06-02
5106,1471977,2,2004-11-02
5106,1867761,5,2005-02-15
5106,1453826,3,2005-07-13
5106,730649,1,2004-04-23
5106,1413747,4,2003-08-23
5106,988885,3,2002-12-19
5106,1366273,2,2004-01-30
5106,1630815,4,2004-01-21
5106,1231610,4,2005-08-29
5106,371475,4,2003-11-25
5106,1042086,4,2004-07-03
5106,1908523,2,2004-01-22
5106,1361661,3,2004-04-20
5106,548296,3,2004-03-23
5106,645838,3,2004-06-25
5106,2122009,3,2004-05-11
5106,285174,5,2004-10-01
5106,1895930,3,2005-07-26
5106,428688,2,2002-12-05
5106,402789,4,2003-11-24
5106,426460,2,2004-01-07
5106,2286189,4,2003-12-01
5106,115675,3,2005-08-17
5106,1065402,3,2004-06-19
5106,1462255,1,2004-01-19
5106,554776,5,2003-12-25
5106,650771,2,2003-08-26
5106,2255464,3,2004-06-22
5106,2631853,3,2004-01-01
5106,966588,2,2004-03-23
5106,1044916,3,2004-06-09
5106,1403122,2,2004-05-31
5106,723448,2,2004-10-25
5106,2347699,3,2005-02-05
5106,1112770,4,2005-11-29
5106,897142,5,2005-12-22
5106,583086,2,2003-09-14
5106,21823,2,2004-01-22
5106,1069489,1,2003-10-12
5106,233250,3,2004-02-28
5106,2539681,5,2003-11-25
5106,723509,3,2004-03-15
5106,2141562,2,2004-02-03
5106,776235,4,2004-06-27
5106,2533043,3,2004-07-12
5106,220259,1,2004-05-11
5106,1444177,3,2004-10-15
5106,945578,2,2005-12-01
5106,2315103,4,2005-12-14
5106,1766524,4,2004-05-18
5106,1557705,4,2002-06-27
5106,992363,3,2003-12-22
5106,38879,4,2004-01-26
5106,1806884,1,2004-01-12
5106,1386187,2,2004-04-21
5106,2405698,2,2004-06-07
5106,294961,3,2004-07-20
5106,2598320,2,2004-09-05
5106,982225,2,2004-10-21
5106,1121528,4,2004-10-27
5106,807890,2,2004-11-08
5106,1400085,3,2005-03-25
5106,2172649,2,2002-12-02
5106,1727167,3,2004-01-05
5106,1357667,1,2003-09-11
5106,1049259,2,2004-01-15
5106,2468599,2,2003-03-18
5106,744698,3,2003-07-11
5106,2002097,4,2004-02-27
5106,1528326,4,2004-03-25
5106,1844958,3,2004-07-14
5106,447484,1,2004-12-08
5106,2401087,3,2005-01-24
5106,2400647,5,2005-02-03
5106,1125075,3,2005-09-20
5106,2593384,3,2003-01-05
5106,432162,2,2004-01-11
5106,1977116,3,2003-07-02
5106,2142405,1,2004-01-09
5106,2482438,2,2003-12-30
5106,795689,1,2004-02-08
5106,1627650,2,2004-06-02
5106,1658491,1,2004-04-30
5106,301047,1,2004-04-08
5106,890668,2,2004-08-20
5106,2237668,3,2004-07-14
5106,204908,5,2004-08-06
5106,1771216,3,2004-07-29
5106,2634967,1,2005-01-10
5106,2480790,1,2005-04-02
5106,165337,4,2005-09-14
5106,745033,4,2005-10-17
5106,795105,2,2004-07-28
5106,296879,3,2005-08-03
5106,1933708,2,2003-10-29
5106,1233833,2,2003-11-03
5106,2222791,1,2003-10-24
5106,454122,1,2004-07-17
5106,770268,2,2005-05-16
5106,2190738,4,2005-10-23
