10025,1644750,1,2005-03-22
10025,379558,1,2005-12-16
10025,92015,5,2002-12-17
10025,1737616,5,2004-03-25
10025,1393236,2,2004-08-22
10025,2242958,2,2004-01-06
10025,1977959,2,2002-09-25
10025,2339293,4,2005-01-02
10025,1430466,3,2005-02-11
10025,1231344,4,2003-07-01
10025,1839940,4,2005-04-30
10025,2256180,4,2005-08-24
10025,1667283,3,2005-08-25
10025,1610926,1,2005-08-22
10025,2327422,4,2004-01-26
10025,591075,5,2005-04-22
10025,1191312,2,2005-08-29
10025,1346269,4,2005-06-30
10025,1953749,3,2003-09-23
10025,1092228,3,2004-12-15
10025,1001129,2,2004-10-29
10025,826184,3,2003-11-16
10025,2262753,4,2005-03-04
10025,625260,5,2005-07-19
10025,1607985,1,2005-01-05
10025,1275651,3,2001-05-23
10025,2191732,1,2004-09-07
10025,2262925,4,2004-06-17
10025,1834678,3,2004-06-29
10025,1536354,3,2004-11-30
10025,1421717,3,2005-02-28
10025,1131265,5,2001-02-27
10025,1132940,3,2003-03-12
10025,178023,2,2005-06-17
10025,636262,1,2005-08-23
10025,1564919,4,2004-11-21
10025,160923,2,2003-12-15
10025,2320264,5,2004-03-16
10025,1532433,3,2002-09-12
10025,204096,4,2001-06-13
10025,765129,4,2003-05-01
10025,2439493,1,2003-01-26
10025,249222,4,2004-08-19
10025,180670,4,2005-04-24
10025,1691722,5,2005-10-27
10025,1060432,4,2005-11-26
10025,934686,3,2004-06-08
10025,2526250,4,2004-10-21
10025,1853225,4,2005-02-23
10025,1895682,1,2003-08-26
10025,227176,4,2003-06-18
10025,2208125,3,2005-11-06
10025,2295304,2,2003-11-23
10025,1504503,1,2005-02-20
10025,1344118,1,2004-07-06
10025,2135164,3,2005-01-03
10025,1173675,4,2005-12-19
10025,2171114,5,2005-10-05
10025,939506,2,2003-03-12
10025,2044772,5,2005-05-07
10025,1827859,4,2002-09-08
10025,2126599,5,2005-08-28
10025,2592898,4,2004-04-06
10025,1524853,4,2000-08-09
10025,596255,1,2005-08-18
10025,66885,4,2000-12-07
10025,1201634,3,2005-09-03
10025,920158,4,2004-07-27
10025,883837,5,2005-06-20
10025,2356088,1,2004-03-08
10025,627335,5,2003-09-20
10025,2580611,2,2002-08-27
10025,1328708,5,2002-10-29
10025,184705,3,2004-11-30
10025,813592,3,2004-01-07
10025,2571212,4,2003-02-12
10025,2133317,5,2005-05-04
10025,322009,3,2005-08-20
10025,2267439,1,2003-10-19
10025,214262,3,2004-02-12
10025,66892,3,2004-12-29
10025,2576935,5,2004-12-20
10025,324887,3,2003-03-21
10025,1060399,5,2004-02-09
10025,1777357,5,2005-03-16
10025,2374782,2,2004-01-26
10025,35349,5,2004-10-23
10025,984085,5,2005-10-16
10025,2645322,5,2004-09-24
10025,317872,3,2005-01-31
10025,1982100,4,2004-08-03
10025,1061237,2,2004-01-05
10025,2535384,3,2003-09-16
10025,681121,4,2002-11-06
10025,2259547,3,2004-06-25
10025,1040259,1,2003-05-15
10025,1991752,3,2003-04-07
10025,73918,3,2004-05-27
10025,122197,1,2005-03-09
10025,318409,4,2004-12-18
10025,1194694,4,2004-02-21
10025,1679748,2,2004-09-23
10025,334429,4,2005-02-09
10025,1984995,4,2004-12-16
10025,673040,4,2003-09-04
10025,215104,3,2004-08-16
10025,211109,4,2004-05-15
10025,203421,2,2004-12-21
10025,2471281,1,2005-01-31
10025,932070,2,2003-02-12
10025,1722862,2,2004-10-18
10025,1936557,5,2001-04-13
10025,987299,2,2003-12-08
10025,1671223,5,2005-12-09
10025,804455,2,2005-02-21
10025,305344,2,2003-03-23
10025,1227440,2,2004-03-09
10025,2360906,3,2003-03-21
10025,1089793,3,2004-08-03
10025,2048620,3,2005-11-01
10025,1403217,1,2005-08-10
10025,1048735,2,2004-05-10
10025,1841386,2,2003-05-21
10025,346161,5,2003-12-30
10025,334203,3,2004-08-02
10025,2172301,3,2003-10-07
10025,970073,5,2000-10-27
10025,2085051,4,2003-07-21
10025,1961923,4,2005-04-29
10025,858298,5,2002-09-04
10025,1633016,2,2005-09-07
10025,1294652,3,2004-01-26
10025,2114955,3,2005-10-18
10025,1665442,2,2005-11-21
10025,1306287,3,2003-05-06
10025,2029766,2,2004-02-25
10025,2056022,2,2005-06-12
10025,2570635,3,2003-08-19
10025,2029276,4,2005-11-19
10025,1777629,5,2004-07-07
10025,1765021,2,2005-11-08
10025,2264638,5,2005-11-29
10025,1830265,3,2001-11-13
10025,1326448,4,2003-04-24
10025,16412,1,2004-06-29
10025,472063,3,2002-09-25
10025,587766,2,2005-03-03
10025,230265,2,2005-04-05
10025,2474140,1,2005-10-20
10025,1372662,5,2004-10-21
10025,922944,5,2005-07-04
10025,502614,5,2004-07-11
10025,155233,4,2001-03-30
10025,2217242,3,2003-09-19
10025,2000221,4,2005-11-17
10025,387418,2,2003-11-16
10025,1988633,3,2002-08-27
10025,1038642,2,2004-03-07
10025,759215,1,2003-08-18
10025,1845061,2,2005-07-26
10025,1791064,2,2005-12-08
10025,1709332,4,2003-07-14
10025,1444903,1,2003-10-17
10025,1932594,1,2004-07-19
10025,2613445,3,2005-04-19
10025,1827688,3,2004-07-14
10025,1663888,3,2004-03-25
10025,2314043,5,2004-06-04
10025,2374978,2,2001-04-27
10025,1274091,3,2004-08-23
10025,201565,1,2004-05-17
10025,1845344,3,2003-02-14
10025,1962300,5,2002-08-30
10025,1639792,1,2002-12-10
10025,1805297,3,2005-11-11
10025,2164181,4,2004-11-11
10025,1365384,3,2004-09-01
10025,2348105,4,2004-09-19
10025,301951,5,2005-01-24
10025,2378918,3,2003-04-18
10025,1002135,4,2005-11-01
10025,1731902,5,2004-12-03
10025,279275,3,2004-11-22
10025,2219917,1,2003-03-30
