9457,1394510,4,2005-11-28
9457,2211030,5,2005-05-31
9457,2236799,4,2004-10-22
9457,178991,4,2005-08-31
9457,2527572,4,2005-08-01
9457,2101308,5,2004-10-27
9457,167534,4,2004-11-30
9457,1652825,2,2005-08-12
9457,1001129,3,2005-05-26
9457,273019,5,2004-12-01
9457,827207,3,2005-11-21
9457,1314869,3,2005-04-26
9457,1819462,3,2005-05-09
9457,2439493,1,2004-12-08
9457,888291,5,2004-10-27
9457,1563935,1,2005-08-05
9457,2451973,4,2005-09-08
9457,638644,4,2004-10-10
9457,415589,2,2005-01-20
9457,2155681,3,2005-01-25
9457,684876,4,2005-11-01
9457,2523426,3,2004-10-28
9457,1473980,1,2005-09-09
9457,2040859,1,2004-11-23
9457,1774036,2,2005-09-08
9457,757005,3,2004-12-20
9457,2629741,3,2004-11-05
9457,787779,1,2005-02-25
9457,96345,4,2004-12-06
9457,2012582,4,2004-12-08
9457,2394211,3,2005-11-03
9457,181592,4,2005-01-22
9457,2576076,4,2004-11-22
9457,543409,1,2005-03-23
9457,2029979,3,2005-04-18
9457,1378386,3,2004-10-21
9457,1190294,4,2005-01-22
9457,1784895,3,2005-10-13
9457,588285,1,2005-10-31
9457,2260832,1,2005-01-06
9457,294471,5,2005-02-25
9457,2510340,1,2005-03-23
9457,1429452,4,2005-08-26
9457,363498,4,2005-04-12
9457,1877483,3,2005-02-22
9457,510834,4,2005-05-29
9457,1664010,4,2005-10-17
9457,1508444,5,2004-11-05
9457,729775,5,2005-03-23
9457,2297136,1,2005-06-20
9457,326040,4,2005-06-11
9457,2044478,5,2005-09-10
9457,2163234,3,2004-11-22
9457,655385,3,2005-09-07
9457,295135,4,2004-11-28
9457,2239734,4,2005-06-06
9457,1607163,5,2005-06-22
9457,952063,3,2005-07-18
9457,1440284,3,2005-09-28
9457,2386443,1,2005-01-20
9457,491531,1,2005-07-24
9457,2606799,3,2005-05-16
9457,1904440,1,2005-04-11
9457,1892679,1,2005-04-16
9457,535886,3,2004-10-29
9457,367941,4,2005-09-10
9457,504620,1,2005-08-18
9457,99310,4,2004-12-06
9457,707367,1,2005-03-22
9457,1821408,5,2005-10-23
9457,305344,1,2004-10-09
9457,2258139,2,2004-11-09
9457,1978089,4,2004-12-07
9457,1710658,3,2005-12-20
9457,1403217,1,2005-08-11
9457,2215076,3,2005-08-02
9457,196301,5,2005-05-05
9457,2147527,2,2005-11-18
9457,1282015,5,2005-01-23
9457,2084207,4,2005-04-12
9457,2430267,5,2004-10-30
9457,1692018,1,2005-04-16
9457,1518510,4,2004-10-20
9457,2084693,4,2004-12-13
9457,868971,4,2004-11-01
9457,1343658,2,2005-01-26
9457,2572687,3,2005-02-17
9457,2199854,5,2005-04-25
9457,555528,4,2005-04-20
9457,2018894,4,2005-10-05
9457,1986937,3,2004-11-15
9457,2056022,2,2005-05-02
9457,2499884,3,2005-10-18
9457,1720870,5,2005-11-06
9457,2260245,4,2005-05-10
9457,2638601,1,2005-05-12
9457,1735898,4,2005-11-01
9457,1160772,2,2004-11-17
9457,2280153,4,2005-04-07
9457,1656980,4,2005-04-11
9457,1653107,5,2005-06-15
9457,1248505,3,2005-09-23
9457,1541925,5,2004-10-30
9457,540065,5,2004-11-15
9457,1982449,2,2004-12-02
9457,2118461,4,2005-12-17
9457,1692220,5,2004-10-19
9457,387418,1,2005-10-23
9457,348960,1,2005-09-07
9457,1114324,3,2005-03-23
9457,928490,4,2004-12-09
9457,2470021,2,2005-10-11
9457,1847895,5,2005-08-01
9457,1549978,3,2005-02-09
9457,2303820,1,2004-12-27
9457,1037180,4,2004-12-13
9457,1461435,1,2005-04-17
9457,1463405,4,2004-12-09
9457,685113,5,2004-10-29
9457,1458742,3,2005-02-10
9457,1515355,4,2005-05-09
9457,1238974,3,2004-11-28
9457,2460347,1,2005-12-19
9457,1526309,4,2005-02-10
9457,2400655,3,2005-04-15
9457,1731609,4,2005-08-30
9457,1364204,4,2004-11-17
9457,2552861,4,2005-10-01
9457,1336867,5,2005-04-11
9457,2518039,4,2005-05-09
9457,65824,4,2005-07-01
9457,2634967,1,2005-01-10
9457,2157768,5,2004-10-20
