8464,1945809,1,2002-07-03
8464,478149,4,2004-07-23
8464,76196,3,2002-02-02
8464,403531,2,2003-10-30
8464,1977959,2,2002-07-07
8464,1049640,3,2000-10-08
8464,1181550,3,2003-09-19
8464,731596,2,2003-09-29
8464,2052297,2,2003-06-04
8464,2219553,3,2003-03-28
8464,935185,1,2003-05-31
8464,2479320,2,2004-10-12
8464,1548059,2,2005-03-18
8464,2402143,3,2002-01-13
8464,241772,1,2004-06-20
8464,1820046,2,2003-02-18
8464,1272379,1,2002-03-29
8464,169311,4,2003-04-06
8464,1194542,1,2005-02-24
8464,1314869,3,2005-05-17
8464,967190,2,2002-12-02
8464,1703879,3,2004-06-30
8464,1586647,4,2001-02-22
8464,2536362,1,2004-09-01
8464,897831,4,2001-06-09
8464,2237185,3,2003-09-23
8464,1166912,2,2003-06-30
8464,2490130,2,2003-02-13
8464,2439493,1,2003-01-23
8464,455352,2,2005-01-29
8464,147386,3,2005-05-06
8464,1772050,1,2001-10-26
8464,1383737,3,2004-06-17
8464,1282495,3,2004-11-17
8464,2600762,3,2005-03-18
8464,1102334,5,2004-01-21
8464,488133,4,2005-02-01
8464,1700516,2,2002-04-18
8464,2642350,4,2003-06-12
8464,2079664,3,2004-08-30
8464,428653,5,2003-05-08
8464,1828803,2,2002-05-23
8464,2496561,5,2003-06-28
8464,1876520,1,2002-05-31
8464,2246014,1,2002-09-20
8464,1249692,3,2002-01-03
8464,1478444,2,2003-06-17
8464,2358108,2,2004-11-23
8464,2551266,2,2004-09-23
8464,78331,3,2004-10-26
8464,141142,3,2005-06-10
8464,2083367,2,2002-07-09
8464,2131120,2,2003-01-11
8464,1825866,1,2005-01-19
8464,2253129,1,2005-02-11
8464,2310578,2,2004-11-17
8464,477923,4,2003-02-14
8464,1017160,2,2003-05-01
8464,1421913,1,2003-04-18
8464,1459848,4,2001-09-08
8464,462171,2,2002-01-29
8464,1627297,4,2002-04-17
8464,1253109,5,2005-08-15
8464,2617170,2,2002-03-17
8464,1606186,4,2003-08-24
8464,1222199,3,2003-08-18
8464,2349160,1,2003-10-22
8464,1893980,2,2004-02-27
8464,1316745,3,2002-12-23
8464,491115,3,2004-10-27
8464,1600259,5,2000-09-04
8464,1339740,5,2002-01-02
8464,1662883,1,2003-04-14
8464,1194911,4,2003-08-24
8464,1367164,3,2003-09-02
8464,115821,4,2003-05-12
8464,2180255,3,2004-08-15
8464,2472838,4,2005-10-10
8464,811366,2,2003-09-11
8464,2502351,4,2004-07-25
8464,2203838,3,2003-11-10
8464,138106,3,2002-11-18
8464,798296,1,2002-11-24
8464,16272,3,2002-12-11
8464,1647347,2,2002-05-06
8464,1088988,4,2003-10-08
8464,2629280,2,2003-08-14
8464,2623747,1,2004-11-09
8464,712248,1,2004-11-29
8464,1280700,2,2003-11-16
8464,2591003,3,2004-11-12
8464,305344,3,2003-05-10
8464,705696,3,2002-12-03
8464,2067355,2,2003-02-13
8464,915168,1,2003-12-17
8464,416560,2,2002-12-30
8464,589781,2,2004-12-10
8464,2616417,1,2003-02-11
8464,444798,4,2003-08-27
8464,2167896,2,2001-09-19
8464,1353240,3,2004-08-22
8464,2035541,3,2002-04-22
8464,752642,2,2005-02-19
8464,1438498,1,2001-02-16
8464,555528,1,2002-09-28
8464,1403448,2,2002-10-29
8464,121182,2,2003-03-28
8464,1756840,3,2003-05-12
8464,325073,3,2001-06-12
8464,533515,4,2002-08-07
8464,2064995,3,2002-08-14
8464,1000596,1,2003-05-06
8464,985146,2,2004-01-06
8464,437955,3,2004-02-02
8464,1300500,1,2004-03-15
8464,1622462,2,2003-08-07
8464,1444319,1,2003-04-08
8464,394528,1,2004-05-24
8464,181364,3,2002-05-20
8464,508111,4,2001-09-11
8464,387418,1,2003-10-10
8464,836945,4,2004-02-20
8464,2375550,1,2003-05-28
8464,1932594,2,2004-12-06
8464,618820,2,2000-01-18
8464,688869,1,2003-03-22
8464,610995,2,2003-06-10
8464,218920,2,2003-01-12
8464,1726016,3,2004-07-19
8464,2308600,3,2005-06-03
8464,2311867,3,2000-07-05
8464,699342,3,2005-01-27
8464,453043,1,2004-02-09
8464,1065885,4,2003-04-19
8464,191869,4,2002-01-10
8464,1639792,1,2002-04-05
8464,773536,2,2002-07-30
8464,1201442,2,2004-08-10
8464,1838390,1,2000-06-24
8464,2568178,3,2003-02-13
8464,787667,3,2005-01-05
8464,1881705,3,2005-04-11
8464,832536,3,2002-09-27
8464,1606382,2,2002-04-13
8464,2479631,1,2004-09-02
8464,1782200,2,2004-09-17
8464,438716,3,2002-03-13
8464,2296178,1,2002-10-16
8464,2425260,5,2002-10-31
8464,471831,2,2003-08-02
8464,2219917,3,2003-08-07
8464,559181,3,2003-01-05
8464,1257606,3,2003-02-11
8464,1494385,3,2004-11-08
8464,2311968,2,2004-01-06
8464,161675,2,2003-06-05
8464,568523,3,2003-09-15
