9608,1794216,4,2001-03-30
9608,844736,5,2002-12-04
9608,1744889,2,2002-09-04
9608,25382,3,2004-04-22
9608,1141370,5,2004-01-24
9608,716091,2,2004-12-02
9608,93489,4,2004-12-17
9608,1447354,3,2004-12-22
9608,1109948,5,2004-12-27
9608,1191521,1,2005-02-14
9608,573364,3,2005-03-09
9608,14690,4,2002-09-26
9608,2370740,5,2002-07-25
9608,1005101,3,2002-08-03
9608,2591355,3,2005-02-27
9608,2455594,3,2005-05-24
9608,574843,3,2005-11-17
9608,2625420,3,2005-09-09
9608,2506132,3,2004-12-30
9608,418316,2,2005-04-14
9608,595284,4,2005-05-02
9608,2161899,4,2005-05-06
9608,1045449,3,2005-06-21
9608,1192830,2,2001-04-09
9608,1620735,5,2004-08-03
9608,1857968,4,2004-02-08
9608,1783200,4,2005-08-25
9608,1287146,3,2004-03-01
9608,184544,3,2004-03-25
9608,24344,4,2004-10-04
9608,2213550,4,2005-06-06
9608,2162424,4,2005-10-31
9608,827096,4,2002-01-10
9608,1977959,5,2002-07-27
9608,162362,5,2002-08-02
9608,906509,4,2004-06-01
9608,1978576,4,2004-05-11
9608,639977,1,2003-07-21
9608,78931,3,2005-08-10
9608,1254903,3,2003-12-30
9608,489962,3,2004-07-05
9608,201979,1,2004-04-01
9608,1759189,3,2004-01-15
9608,745068,3,2004-05-20
9608,1098265,5,2004-07-19
9608,2081813,3,2004-12-16
9608,1707414,4,2005-03-01
9608,1462042,2,2005-03-12
9608,531398,3,2002-11-27
9608,206809,4,2001-12-10
9608,1956586,3,2002-10-29
9608,952810,4,2002-10-19
9608,971052,3,2005-08-06
9608,2161790,3,2004-02-01
9608,2250613,3,2004-01-27
9608,2412160,4,2004-09-09
9608,1333,4,2004-10-21
9608,2469802,2,2005-01-31
9608,337728,2,2001-06-17
9608,2434480,4,2001-07-12
9608,870391,3,2002-07-25
9608,2085705,3,2004-07-28
9608,113549,3,2005-07-23
9608,1761255,1,2003-01-11
9608,1367766,1,2002-09-16
9608,333277,4,2005-08-14
9608,2127805,2,2004-07-25
9608,200255,2,2004-02-06
9608,2541025,1,2004-06-08
9608,2262263,5,2004-04-05
9608,2417642,3,2004-02-21
9608,2475820,3,2004-05-07
9608,507921,3,2002-11-18
9608,382281,2,2004-01-18
9608,847322,2,2004-10-07
9608,2622904,3,2005-03-01
9608,437307,3,2005-12-01
9608,824262,3,2002-07-29
9608,1890622,3,2004-03-05
9608,2488216,3,2005-08-09
9608,212536,4,2004-09-15
9608,1401399,3,2004-11-27
9608,1280524,2,2004-12-01
9608,402377,5,2005-02-01
9608,1672077,3,2005-06-04
9608,1693596,2,2005-10-28
9608,2554745,3,2004-05-05
9608,2469342,2,2002-10-12
9608,1673185,3,2002-08-28
9608,1664232,3,2004-02-02
9608,159803,4,2002-07-31
9608,1016977,3,2004-03-16
9608,1124344,4,2005-08-29
9608,2596383,3,2005-08-30
9608,1048939,3,2003-12-21
9608,2589557,3,2004-02-02
9608,1245110,3,2004-12-30
9608,235544,3,2005-02-08
9608,2623268,3,2005-02-22
9608,1346301,1,2005-04-29
9608,2199415,1,2005-10-25
9608,731217,4,2001-07-07
9608,882552,4,2004-04-20
9608,2053711,1,2004-09-26
9608,1500435,2,2004-10-04
9608,987066,4,2004-10-19
9608,753914,1,2005-02-07
9608,566325,3,2005-05-08
9608,1642606,2,2001-01-19
9608,183476,2,2002-08-18
9608,723300,3,2003-01-04
9608,617585,4,2004-08-17
9608,2054068,4,2004-05-24
9608,964493,4,2003-12-26
9608,786523,2,2004-08-05
9608,2634178,5,2004-01-19
9608,534508,2,2004-04-01
9608,2073205,3,2004-09-05
9608,786312,5,2004-10-31
9608,948768,3,2004-12-06
9608,1095359,3,2005-11-09
9608,817964,2,2004-01-11
9608,425995,3,2004-05-21
9608,820624,5,2004-01-19
9608,1193487,3,2004-03-15
9608,766064,4,2004-11-22
9608,886951,3,2004-12-07
9608,1438916,2,2001-02-12
9608,1729740,2,2002-09-09
9608,1857952,3,2005-07-17
9608,1196007,3,2001-05-02
9608,1581043,4,2005-08-05
9608,611041,3,2004-02-17
9608,919479,1,2003-12-20
9608,2181445,5,2004-01-12
9608,83150,4,2004-06-25
9608,335136,5,2004-07-10
9608,1679793,2,2005-01-29
9608,1733406,2,2002-08-31
9608,781778,3,2002-11-18
9608,688742,3,2003-02-21
9608,1832715,2,2004-09-14
9608,2597660,4,2004-10-08
9608,2001195,3,2004-11-08
9608,1932377,3,2004-12-03
9608,2014322,2,2005-03-15
9608,401047,1,2005-06-01
9608,310400,3,2005-11-17
9608,1809959,3,2003-10-23
9608,1572201,4,2002-12-30
9608,1721623,4,2004-01-19
9608,118860,4,2004-09-29
9608,413790,3,2005-11-20
9608,1537854,4,2004-12-05
9608,1033433,3,2003-01-06
9608,1672148,4,2001-03-25
9608,85801,4,2001-11-01
9608,1003967,4,2005-07-19
9608,2216320,3,2005-07-20
9608,1149582,3,2004-04-23
9608,1689505,4,2004-12-13
9608,541915,3,2004-12-17
9608,1012374,2,2005-06-07
9608,1555812,3,2005-11-13
9608,1514695,2,2004-06-04
9608,1749238,3,2004-04-20
9608,747312,3,2005-02-22
9608,621751,2,2005-04-03
9608,1537415,2,2005-06-15
9608,595054,3,2005-06-20
9608,1371121,4,2004-03-09
9608,1366847,3,2004-07-01
9608,2276394,3,2005-02-07
9608,204846,3,2005-03-21
9608,1639162,3,2005-11-19
9608,1953910,4,2003-12-17
9608,302531,2,2000-05-24
9608,630454,4,2004-07-10
9608,556282,2,2003-04-14
9608,970766,5,2004-06-22
9608,2434086,1,2003-01-09
9608,1108304,3,2004-02-24
9608,1092228,3,2003-05-13
9608,1159276,3,2003-12-12
9608,1980593,3,2004-12-02
9608,566123,4,2004-12-13
9608,1640060,2,2005-01-28
9608,1203033,4,2005-03-18
9608,595979,1,2005-06-29
9608,690036,3,2005-11-30
9608,1322489,5,2004-03-03
9608,1708505,2,2004-06-18
9608,503235,3,2004-09-09
9608,1755462,4,2004-12-21
9608,1609871,2,2005-02-11
9608,1449107,3,2005-03-19
9608,878220,5,2005-04-03
9608,404378,3,2005-05-23
9608,116761,3,2005-12-23
9608,2128254,2,2002-07-18
9608,2304204,3,2005-08-11
9608,1927580,1,2004-01-06
9608,1407746,3,2004-05-03
9608,293284,3,2005-04-04
9608,1447639,3,2005-12-02
9608,2082459,3,2004-03-09
9608,2034428,1,2002-08-08
9608,225837,3,2004-05-14
9608,215939,4,2004-04-23
9608,718603,2,2004-09-11
9608,1538044,3,2005-05-15
9608,378230,4,2005-06-12
9608,1833866,3,2005-07-06
9608,572122,4,2005-07-07
9608,1802239,4,2004-07-19
9608,2479320,2,2003-12-20
9608,785608,4,2004-03-31
9608,24294,4,2004-07-14
9608,2300168,3,2005-01-19
9608,84705,4,2005-01-26
9608,829932,2,2005-04-12
9608,1843540,2,2005-04-29
9608,129710,4,2001-04-15
9608,2266804,3,2001-01-24
9608,1872786,2,2002-07-28
9608,1134816,3,2003-12-19
9608,1796217,4,2003-12-30
9608,2158046,4,2004-02-05
9608,1444489,1,2004-02-11
9608,187896,3,2004-06-17
9608,1526832,2,2004-11-11
9608,856251,5,2005-01-19
9608,2595156,4,2005-02-13
9608,1045893,3,2005-05-14
9608,727242,1,2005-11-22
9608,2397914,3,2004-01-16
9608,822461,3,2001-04-19
9608,1911219,2,2001-10-15
9608,275630,3,2005-07-19
9608,2330565,4,2002-09-04
9608,1635708,1,2005-08-08
9608,268580,4,2004-09-15
9608,1725009,2,2004-06-09
9608,478176,4,2004-05-26
9608,632952,3,2004-10-01
9608,1030857,1,2004-12-02
9608,1022831,3,2004-12-12
9608,707542,2,2005-02-26
9608,1612711,3,2005-04-18
9608,496887,3,2005-05-27
9608,977973,3,2005-05-28
9608,33609,3,2004-02-09
9608,1887835,3,2002-09-28
9608,2333119,3,2004-05-27
9608,411705,4,2004-04-21
9608,709755,4,2004-02-09
9608,2499019,1,2004-12-21
9608,2174151,5,2005-01-09
9608,2291990,3,2005-01-27
9608,1561932,4,2005-03-25
9608,447121,4,2005-04-26
9608,477122,3,2005-06-03
9608,596364,5,2004-07-16
9608,1665776,2,2002-08-22
9608,190474,3,2005-08-30
9608,357482,2,2004-05-03
9608,633251,4,2004-01-27
9608,1395692,5,2004-07-06
9608,1673967,2,2005-01-26
9608,1399571,4,2005-03-11
9608,1944765,5,2005-09-19
9608,2454795,4,2005-12-30
9608,1354341,3,2005-07-08
9608,91252,3,2005-07-09
9608,1283137,3,2002-12-05
9608,2408917,4,2005-08-10
9608,609087,3,2004-07-22
9608,1992337,4,2004-02-18
9608,1756289,4,2004-04-20
9608,486255,5,2005-02-19
9608,294330,3,2004-06-14
9608,1991674,3,2004-09-18
9608,125765,3,2004-10-22
9608,162079,3,2004-12-31
9608,109124,4,2005-03-12
9608,1103080,5,2005-06-16
9608,117193,5,2005-07-15
9608,87185,5,2002-08-20
9608,1778441,2,2005-02-20
9608,2312986,4,2004-01-31
9608,1311534,3,2004-01-04
9608,415672,4,2004-06-01
9608,1937449,3,2004-03-20
9608,1896000,3,2004-12-09
9608,239069,4,2005-01-28
9608,1144771,3,2005-04-15
9608,433903,4,2005-05-28
9608,94173,2,2005-06-14
9608,2085110,3,2004-08-23
9608,2220239,4,2003-11-24
9608,1390796,4,2000-09-13
9608,470744,2,2002-08-17
9608,671071,2,2005-07-17
9608,1141060,4,2004-01-22
9608,305018,3,2005-08-05
9608,1041295,4,2004-03-28
9608,1685567,3,2004-09-30
9608,699305,3,2004-10-12
9608,342103,3,2005-02-17
9608,1123276,4,2005-04-23
9608,829701,3,2005-05-27
9608,1660783,1,2001-08-08
9608,586823,4,2005-07-22
9608,1469427,3,2002-09-12
9608,1926431,4,2004-03-15
9608,1128242,5,2004-03-08
9608,1411995,4,2005-01-03
9608,511092,3,2005-01-31
9608,591923,5,2005-04-25
9608,1513514,3,2005-11-13
9608,622501,3,2000-09-14
9608,1685089,4,2000-12-22
9608,1648404,4,2004-04-27
9608,2298872,4,2001-07-08
9608,564972,2,2001-06-25
9608,65594,3,2002-10-13
9608,787407,5,2002-07-30
9608,174051,4,2005-09-01
9608,793027,3,2005-03-20
9608,280327,4,2005-04-19
9608,2507129,2,2005-11-18
9608,2228109,4,2005-11-21
9608,2559082,3,2005-12-01
9608,813270,4,2002-09-06
9608,2246826,4,2004-07-21
9608,1532433,3,2003-12-22
9608,477387,3,2002-07-30
9608,1243410,3,2002-12-17
9608,1460362,3,2004-06-26
9608,964479,5,2004-07-07
9608,292205,4,2004-01-13
9608,798730,4,2004-05-18
9608,245488,4,2004-09-26
9608,1299403,3,2004-10-23
9608,599880,4,2004-12-22
9608,63100,4,2005-02-15
9608,2975,3,2005-03-07
9608,2281592,4,2005-05-02
9608,915726,2,2005-12-19
9608,1740800,2,2001-01-03
9608,1789382,3,2001-05-02
9608,1161581,1,2001-07-22
9608,2379951,1,2002-07-18
9608,2032181,3,2004-07-26
9608,1003143,3,2004-01-20
9608,2247785,5,2004-07-20
9608,2109208,3,2004-06-09
9608,1404888,4,2004-12-11
9608,1841976,3,2005-03-11
9608,75715,2,2005-03-21
9608,1732175,2,2005-09-14
9608,187322,4,2005-12-01
9608,861340,4,2000-11-28
9608,989579,3,2004-02-08
9608,1697078,4,2001-11-08
9608,2037731,4,2003-08-07
9608,2324675,5,2002-08-23
9608,2439493,1,2003-12-25
9608,1047830,4,2002-07-26
9608,765860,4,2002-07-23
9608,1144181,3,2003-03-12
9608,2534306,4,2004-06-14
9608,2308155,3,2004-05-17
9608,1216949,3,2004-03-24
9608,294943,5,2004-10-16
9608,1416471,3,2005-05-11
9608,1141213,3,2004-01-29
9608,1998812,3,2002-04-04
9608,2208777,3,2003-01-07
9608,490749,3,2004-03-02
9608,1955407,2,2005-08-02
9608,1386457,3,2004-05-05
9608,1914525,1,2004-10-19
9608,1163782,4,2005-03-22
9608,2140883,4,2005-04-21
9608,1062260,3,2005-05-17
9608,2400569,3,2005-11-14
9608,1850615,1,2005-07-11
9608,2008854,2,2002-05-27
9608,1972055,1,2002-10-16
9608,1147370,3,2004-01-23
9608,874065,1,2005-12-17
9608,990552,3,2004-01-15
9608,716223,3,2004-11-15
9608,1265488,2,2004-12-28
9608,2426754,3,2005-01-08
9608,2354981,2,2005-02-21
9608,2376367,1,2002-10-22
9608,1615548,3,2004-06-29
9608,1846674,4,2004-04-23
9608,2198103,2,2004-02-18
9608,157539,3,2004-08-03
9608,1476906,3,2004-05-30
9608,2185614,3,2004-07-25
9608,1416455,4,2005-06-20
9608,2621481,4,2005-09-16
9608,1921509,2,2005-10-09
9608,1801528,2,2005-11-12
9608,2053984,3,2005-11-24
9608,2482155,4,2002-11-01
9608,833813,4,2002-11-13
9608,474410,2,2002-11-16
9608,1890591,3,2004-06-01
9608,2481333,2,2004-06-30
9608,1381258,5,2004-06-30
9608,1825361,5,2004-08-16
9608,2090997,3,2004-11-02
9608,1064281,3,2004-12-28
9608,2308483,3,2005-02-14
9608,853488,4,2002-09-16
9608,2432893,2,2004-03-21
9608,1648879,3,2004-03-08
9608,1386053,3,2004-10-11
9608,1159376,3,2005-01-19
9608,1799734,2,2000-05-31
9608,819608,4,2002-11-01
9608,1452454,4,2001-04-17
9608,43177,3,2000-07-02
9608,583773,4,2002-01-09
9608,460092,3,2004-01-28
9608,1770331,4,2004-01-19
9608,1930526,3,2003-12-28
9608,504297,4,2004-04-30
9608,369872,3,2004-07-01
9608,2584024,2,2005-06-29
9608,1529376,3,2001-03-04
9608,2345098,3,2005-07-10
9608,861119,5,2005-07-11
9608,1390514,5,2003-04-06
9608,318457,3,2004-02-01
9608,1009806,3,2004-01-08
9608,1914507,2,2003-12-17
9608,1045223,5,2004-05-05
9608,1770658,3,2004-03-23
9608,2547219,2,2005-01-02
9608,1351564,2,2005-02-08
9608,1551233,4,2005-03-29
9608,2389367,4,2004-05-11
9608,1271915,3,2004-06-22
9608,931786,3,2002-11-26
9608,1545434,3,2004-11-20
9608,2565182,3,2005-05-11
9608,1024854,3,2005-07-02
9608,399693,3,2000-11-03
9608,1686562,3,2003-12-24
9608,92947,1,2001-09-22
9608,1149883,4,2000-06-22
9608,157631,5,2001-04-22
9608,1136807,2,2001-10-08
9608,464182,2,2002-08-30
9608,1450034,3,2004-02-21
9608,2441692,4,2004-07-12
9608,781670,2,2004-08-06
9608,55554,4,2005-08-27
9608,345704,3,2004-06-24
9608,1584876,3,2004-03-01
9608,2523426,4,2004-03-02
9608,341692,3,2004-05-10
9608,1759021,3,2004-11-14
9608,153693,3,2005-03-21
9608,2085656,3,2005-06-29
9608,1729260,2,2005-11-06
9608,719906,2,2001-02-22
9608,2417245,3,2003-12-22
9608,2010144,4,2002-08-21
9608,1598429,3,2004-07-16
9608,1467298,3,2002-09-17
9608,2086035,2,2004-02-26
9608,2092239,2,2004-06-16
9608,2317703,4,2004-11-25
9608,1120216,3,2004-12-01
9608,1292975,3,2005-01-09
9608,946156,3,2005-01-26
9608,121324,3,2005-03-02
9608,1277993,3,2005-11-21
9608,968813,3,2001-02-26
9608,500629,3,2005-07-01
9608,461564,4,2002-08-27
9608,657641,3,2005-09-06
9608,1329779,3,2005-09-16
9608,2143797,3,2005-12-01
9608,2358855,3,2004-12-04
9608,588573,2,2004-02-17
9608,1009885,5,2004-05-20
9608,229952,3,2005-11-15
9608,1621533,4,2005-11-18
9608,2310889,3,2000-12-13
9608,1654495,2,2002-08-12
9608,2331739,3,2004-03-04
9608,1285980,3,2002-09-16
9608,2196980,3,2004-03-30
9608,1252629,3,2004-11-09
9608,1085786,3,2005-01-06
9608,2186173,4,2005-11-22
9608,2314419,1,2004-01-24
9608,391850,3,2002-08-06
9608,746892,3,2002-08-28
9608,1887046,3,2005-08-06
9608,508584,3,2005-08-24
9608,757456,2,2004-03-09
9608,664230,3,2004-03-11
9608,857975,4,2004-09-23
9608,1340921,4,2004-12-31
9608,1463939,3,2005-03-16
9608,1526115,3,2004-05-26
9608,1506655,3,2002-12-20
9608,1159247,4,2005-07-13
9608,281537,3,2004-02-21
9608,144099,1,2005-07-25
9608,2221551,3,2004-01-07
9608,1558352,3,2004-04-08
9608,1219323,4,2004-04-09
9608,2460470,2,2004-11-09
9608,952156,2,2004-12-13
9608,76526,2,2005-01-31
9608,1372229,3,2005-04-16
9608,697568,4,2001-10-21
9608,1283798,5,2004-04-12
9608,1864603,2,2003-04-17
9608,1187383,3,2005-08-22
9608,931395,3,2003-06-17
9608,1939029,4,2004-01-07
9608,2365581,4,2004-03-16
9608,184278,2,2004-02-09
9608,78516,4,2004-05-10
9608,149226,1,2005-02-05
9608,1270144,3,2005-09-18
9608,1147641,1,2002-07-24
9608,1110480,1,2004-09-13
9608,508852,1,2005-08-10
9608,2248543,4,2004-06-25
9608,161049,4,2004-05-19
9608,818752,3,2004-09-08
9608,1322507,3,2004-06-01
9608,1715948,4,2004-09-16
9608,1131759,4,2004-12-23
9608,1012590,3,2005-01-19
9608,1048594,3,2005-03-01
9608,2450433,3,2005-03-09
9608,1287939,3,2005-03-21
9608,504003,4,2005-04-06
9608,1128164,3,2005-05-24
9608,914254,3,2005-06-15
9608,793171,4,2000-11-29
9608,902372,2,2005-07-07
9608,1380915,3,2001-06-11
9608,2600868,1,2002-02-22
9608,1992646,5,2002-11-17
9608,332698,4,2002-08-21
9608,2236678,5,2004-03-07
9608,2624281,3,2004-01-02
9608,2645476,3,2004-02-15
9608,1886221,4,2004-05-10
9608,1551980,3,2004-08-18
9608,1999176,3,2005-05-13
9608,1827859,3,2001-04-19
9608,2637639,4,2003-11-05
9608,2291750,4,2005-07-22
9608,1605213,3,2005-08-23
9608,488494,4,2004-05-06
9608,751076,1,2003-04-28
9608,876255,2,2004-08-02
9608,16023,4,2005-02-23
9608,660821,2,2005-03-12
9608,585968,4,2004-02-23
9608,356020,3,2001-05-02
9608,2505593,3,2001-04-14
9608,1160858,3,2004-07-16
9608,597776,4,2005-07-30
9608,555770,3,2003-09-21
9608,2544920,5,2003-02-12
9608,1780287,2,2004-01-08
9608,1190468,1,2004-07-10
9608,2457095,1,2004-02-25
9608,2135859,4,2004-05-26
9608,524142,2,2004-05-26
9608,823802,2,2005-01-04
9608,2342718,4,2005-01-05
9608,1106993,3,2005-02-21
9608,1460897,3,2005-07-17
9608,1614753,3,2004-03-12
9608,1876520,1,2002-07-19
9608,1460150,4,2004-08-09
9608,2138016,3,2004-04-28
9608,1430799,3,2004-12-28
9608,1988854,4,2005-03-17
9608,992617,4,2005-04-21
9608,1573230,4,2005-05-26
9608,1406633,2,2005-07-06
9608,1828966,2,2001-11-07
9608,771466,2,2001-05-11
9608,2219287,5,2001-06-27
9608,22725,3,2003-12-30
9608,678276,2,2003-12-09
9608,2015884,3,2002-12-20
9608,2141037,4,2002-08-20
9608,1382130,3,2005-08-09
9608,1281114,4,2003-12-16
9608,2451907,3,2004-04-07
9608,802452,3,2004-10-02
9608,1105029,4,2005-01-20
9608,755557,4,2005-05-06
9608,2068865,3,2005-05-18
9608,526466,4,2005-05-21
9608,204164,2,2005-06-28
9608,2120536,3,2005-11-21
9608,2305785,3,2001-02-17
9608,1431636,2,2004-01-13
9608,2188435,4,2004-08-09
9608,432620,2,2004-03-17
9608,1333759,1,2004-09-08
9608,1808148,4,2004-05-18
9608,1527870,2,2004-03-14
9608,1586204,3,2004-11-28
9608,190564,3,2005-01-12
9608,378364,1,2005-12-13
9608,2623852,2,2004-01-06
9608,847313,5,2003-12-30
9608,2602667,4,2002-08-26
9608,1526334,4,2004-03-22
9608,957170,5,2004-06-27
9608,196784,4,2004-12-15
9608,2260860,3,2005-01-19
9608,2051752,3,2005-01-28
9608,833276,3,2005-03-27
9608,252540,4,2005-03-29
9608,1400870,4,2005-11-14
9608,969210,4,2004-03-06
9608,248982,3,2004-05-22
9608,1568621,2,2005-03-18
9608,2421477,3,2005-11-19
9608,2075923,3,2001-10-26
9608,1697789,3,2004-06-06
9608,2417151,5,2005-08-22
9608,1070197,2,2004-01-16
9608,1476635,3,2004-03-03
9608,761585,3,2004-11-05
9608,1302196,3,2005-03-16
9608,1714054,3,2005-02-21
9608,960862,4,2005-03-12
9608,1561322,4,2005-06-28
9608,990851,3,2005-11-14
9608,1618218,3,2005-11-26
9608,735278,3,2003-03-13
9608,134304,3,2002-11-12
9608,1999702,2,2003-01-24
9608,754742,4,2002-08-10
9608,2076358,3,2002-08-08
9608,107787,5,2002-09-13
9608,162543,4,2004-08-13
9608,1171843,4,2004-09-09
9608,2481491,5,2004-01-02
9608,2096942,5,2004-05-03
9608,1970267,3,2005-01-25
9608,1229774,2,2005-01-29
9608,1609746,5,2005-03-01
9608,2461567,3,2005-04-20
9608,485592,2,2000-05-10
9608,1161915,1,2001-06-01
9608,299857,2,2001-10-23
9608,2276627,4,2002-09-05
9608,2515047,3,2003-08-16
9608,2405049,4,2004-04-20
9608,778430,3,2004-04-23
9608,370363,2,2005-05-21
9608,40307,2,2005-06-14
9608,6368,3,2005-11-22
9608,1151711,1,2001-10-31
9608,2206066,3,2004-06-27
9608,741953,2,2004-05-13
9608,2612341,4,2004-01-18
9608,1719591,5,2004-06-06
9608,383451,4,2004-12-30
9608,1784636,3,2005-01-08
9608,2390188,4,2005-03-12
9608,1001833,3,2005-04-11
9608,135469,2,2005-09-07
9608,1059661,3,2003-03-03
9608,1754537,4,2004-02-05
9608,323977,2,2004-04-05
9608,2578149,3,2002-08-01
9608,754748,4,2003-06-27
9608,917443,4,2004-02-16
9608,438316,1,2003-12-22
9608,2537048,3,2004-01-08
9608,22491,3,2004-09-22
9608,1671990,3,2005-05-11
9608,1611486,5,2005-06-29
9608,1259083,4,2005-11-25
9608,2490151,4,2005-11-29
9608,904015,2,2004-05-01
9608,356568,2,2002-11-17
9608,1771126,4,2004-08-24
9608,131016,3,2004-07-10
9608,2554084,4,2002-07-30
9608,813625,2,2005-09-09
9608,1182654,4,2004-01-24
9608,198985,2,2004-04-08
9608,23051,2,2005-01-09
9608,202978,3,2005-01-31
9608,666244,3,2005-02-08
9608,2068409,4,2005-03-10
9608,1731195,4,2005-04-26
9608,2093542,3,2005-05-08
9608,2509958,3,2005-05-26
9608,520473,3,2001-03-16
9608,950880,2,2001-08-09
9608,2262372,3,2004-09-13
9608,1877332,3,2004-07-16
9608,482468,2,2004-03-19
9608,724509,3,2002-08-19
9608,1291455,3,2004-03-26
9608,2430230,2,2004-05-24
9608,1753870,4,2004-02-02
9608,1915183,4,2003-12-24
9608,394442,3,2004-06-09
9608,2601024,2,2003-11-14
9608,648980,3,2004-01-21
9608,2551266,4,2005-01-05
9608,769162,3,2005-02-24
9608,2242778,4,2005-03-07
9608,2227988,3,2004-08-18
9608,2335640,3,2004-09-24
9608,2390221,3,2004-11-21
9608,1734419,3,2005-02-10
9608,2166018,4,2005-03-22
9608,2610037,3,2005-04-24
9608,990624,5,2005-10-07
9608,2385481,3,2005-11-21
9608,526008,3,2002-08-28
9608,2449717,2,2005-08-05
9608,414536,3,2004-03-13
9608,2078420,3,2004-07-15
9608,1638450,4,2004-07-16
9608,1081318,3,2004-10-31
9608,2587540,2,2004-11-26
9608,1513438,5,2005-01-24
9608,1262403,4,2005-02-04
9608,1655656,2,2005-02-08
9608,344489,4,2005-02-27
9608,746834,3,2000-12-08
9608,580231,1,2001-05-05
9608,2082635,4,2001-07-12
9608,2204336,2,2001-06-22
9608,1830000,4,2005-07-21
9608,994370,2,2003-06-24
9608,640439,3,2002-10-15
9608,2637979,2,2005-07-28
9608,2176809,2,2005-07-30
9608,1511669,3,2005-08-02
9608,196806,3,2004-06-14
9608,2587190,5,2004-01-07
9608,2552947,3,2004-04-07
9608,1192767,4,2005-01-03
9608,2101948,3,2005-02-15
9608,983042,3,2005-03-11
9608,1571938,2,2001-08-01
9608,633890,3,2001-05-07
9608,1073898,3,2002-06-19
9608,2491575,4,2002-08-23
9608,1741303,4,2004-01-12
9608,1262887,3,2005-01-28
9608,1272342,4,2005-04-21
9608,296236,2,2005-10-10
9608,2352018,3,2005-08-28
9608,2151303,3,2005-09-01
9608,862644,4,2004-06-21
9608,1061210,4,2004-12-11
9608,1949220,3,2005-04-19
9608,659526,3,2005-12-01
9608,1853638,2,2005-12-04
9608,143120,3,2004-01-12
9608,1281639,4,2001-04-27
9608,948794,3,2004-01-06
9608,2359486,3,2004-01-20
9608,2101288,4,2004-04-21
9608,911304,3,2004-08-21
9608,1877483,4,2004-08-13
9608,694149,1,2004-10-15
9608,2454784,4,2005-02-09
9608,1163868,3,2005-03-14
9608,1114568,3,2005-03-20
9608,1701081,2,2004-07-28
9608,713769,3,2005-07-27
9608,2455878,1,2004-05-22
9608,2203225,1,2004-01-13
9608,1527676,1,2004-03-02
9608,1348610,3,2004-01-26
9608,360436,1,2004-10-26
9608,2508234,4,2005-03-22
9608,1103863,4,2005-06-26
9608,490022,3,2001-01-11
9608,2486777,4,2001-07-19
9608,2446939,3,2002-09-09
9608,1444657,3,2002-11-20
9608,423207,4,2004-03-10
9608,122752,3,2004-07-13
9608,847154,4,2005-11-21
9608,1914933,4,2004-09-19
9608,853083,3,2004-12-13
9608,927953,3,2005-05-29
9608,1664010,5,2005-11-12
9608,60706,4,2001-01-07
9608,493144,5,2001-06-21
9608,2296108,2,2004-03-19
9608,1147712,4,2003-08-12
9608,865076,4,2004-06-17
9608,1016208,4,2003-06-24
9608,2470099,3,2004-02-10
9608,296452,1,2004-02-05
9608,2521982,3,2004-12-15
9608,234725,5,2005-01-22
9608,2463963,1,2005-03-21
9608,1968542,5,2005-06-14
9608,208580,2,2005-11-15
9608,731874,4,2004-02-18
9608,2134292,4,2002-11-25
9608,907023,1,2004-01-13
9608,1872026,4,2004-04-22
9608,2249828,4,2004-08-06
9608,1393159,3,2004-04-01
9608,914283,4,2003-12-11
9608,1150743,4,2004-06-27
9608,2424335,3,2004-10-02
9608,2442516,3,2005-02-15
9608,1725003,3,2005-04-07
9608,2485163,2,2005-05-02
9608,1838074,1,2005-05-02
9608,931263,3,2005-05-21
9608,1696181,5,2005-05-24
9608,1828574,4,2005-05-28
9608,242171,3,2002-09-04
9608,43141,4,2002-08-25
9608,2205125,3,2004-02-20
9608,2485784,3,2005-08-11
9608,1968884,3,2004-02-09
9608,2164523,3,2003-12-23
9608,576990,1,2004-02-09
9608,2318617,4,2005-01-30
9608,2024976,3,2005-09-14
9608,1276931,3,2003-02-21
9608,497249,3,2002-10-03
9608,1918525,3,2003-12-12
9608,1207990,3,2004-05-04
9608,329958,1,2004-02-18
9608,2022164,5,2004-05-31
9608,378346,2,2005-02-25
9608,654144,4,2005-03-20
9608,504243,3,2002-11-17
9608,1012199,4,2004-05-07
9608,791029,3,2005-05-23
9608,862596,1,2005-09-15
9608,1837629,4,2005-09-28
9608,409676,4,2002-03-17
9608,2590727,2,2004-03-07
9608,1080173,3,2004-05-29
9608,252274,4,2003-03-31
9608,623645,5,2004-02-03
9608,1228735,3,2004-02-06
9608,1786190,2,2004-06-21
9608,2535238,3,2004-06-24
9608,1167175,4,2005-02-20
9608,702950,3,2000-12-27
9608,2456635,3,2002-08-02
9608,348875,3,2002-10-09
9608,1470057,4,2004-03-09
9608,1365319,4,2000-10-05
9608,1462826,5,2005-08-02
9608,1158194,4,2004-05-26
9608,91979,2,2004-09-14
9608,2630104,1,2004-05-12
9608,2263441,4,2004-11-11
9608,552356,4,2005-01-31
9608,462524,4,2005-06-07
9608,1312635,3,2002-08-29
9608,1146596,3,2002-08-23
9608,2280393,4,2002-11-16
9608,978983,4,2004-06-08
9608,2397571,3,2004-04-23
9608,1239115,3,2004-11-17
9608,2328303,3,2005-05-12
9608,881198,4,2005-11-18
9608,1022313,4,2005-11-22
9608,1640526,1,2000-12-07
9608,1058842,1,2004-01-30
9608,245369,5,2005-02-20
9608,832733,3,2002-07-31
9608,2637886,3,2002-11-26
9608,2088300,3,2004-04-15
9608,2189452,2,2004-01-03
9608,1718152,3,2004-04-08
9608,1248764,4,2004-08-12
9608,1232740,4,2004-06-11
9608,902379,4,2004-07-07
9608,2542703,3,2004-06-25
9608,1949534,1,2004-12-30
9608,919160,3,2005-01-24
9608,1710035,3,2005-06-18
9608,1468126,4,2005-10-10
9608,1187937,3,2005-11-15
9608,1695405,4,2005-07-11
9608,1850992,2,2001-05-16
9608,829883,4,2004-02-26
9608,1867330,3,2005-01-19
9608,2317094,4,2005-02-24
9608,1396239,3,2005-11-21
9608,1341267,3,2002-07-30
9608,724643,3,2005-08-10
9608,1061150,3,2004-02-11
9608,1516320,3,2004-11-16
9608,1026933,2,2005-01-10
9608,2407299,2,2005-03-03
9608,1869199,3,2005-05-31
9608,1848868,3,2001-06-29
9608,2264259,2,2005-05-18
9608,1847717,4,2004-02-27
9608,2297074,2,2004-04-14
9608,2507467,3,2004-04-05
9608,1885932,4,2004-08-16
9608,2378161,2,2004-09-18
9608,2369453,4,2003-03-10
9608,1897386,3,2002-11-24
9608,2401372,4,2003-08-26
9608,1905594,4,2004-05-27
9608,866475,2,2004-03-21
9608,1901682,4,2004-09-22
9608,1347816,3,2004-11-22
9608,1212936,4,2004-12-13
9608,2067027,3,2005-01-19
9608,2033032,3,2005-04-25
9608,2601664,2,2005-05-20
9608,1534248,3,2001-05-28
9608,369804,3,2002-02-01
9608,1091846,2,2003-02-14
9608,2014248,4,2002-11-11
9608,1322701,2,2003-01-08
9608,565401,3,2004-01-02
9608,1282786,3,2004-03-01
9608,1362183,1,2004-08-08
9608,225972,2,2004-11-17
9608,975522,3,2005-02-07
9608,928821,4,2005-04-07
9608,1256421,4,2005-11-23
9608,2210909,4,2000-09-25
9608,2008457,2,2002-06-29
9608,466335,1,2004-01-18
9608,1076756,3,2001-05-03
9608,2179495,2,2004-02-27
9608,750677,4,2003-12-22
9608,2460844,3,2004-01-24
9608,2536736,3,2004-10-26
9608,1428452,4,2004-11-14
9608,2293836,3,2005-06-21
9608,329534,3,2004-06-23
9608,585132,3,2004-08-28
9608,1313129,4,2004-01-05
9608,2046241,4,2004-02-18
9608,1926633,5,2004-06-30
9608,1901384,3,2004-10-07
9608,1522041,3,2004-12-13
9608,1955146,4,2005-02-09
9608,2506048,3,2002-02-08
9608,532439,4,2004-04-05
9608,2194719,3,2004-04-17
9608,82443,1,2004-07-19
9608,1135769,4,2004-06-24
9608,2530843,3,2004-08-19
9608,1223091,4,2005-03-20
9608,2323941,2,2005-06-11
9608,2195326,4,2000-07-01
9608,1001660,4,2002-08-05
9608,2382696,5,2004-08-27
9608,649921,5,2004-04-30
9608,595095,3,2004-02-26
9608,1787251,4,2004-04-16
9608,2456714,2,2004-04-02
9608,811354,3,2004-06-02
9608,1574825,3,2005-01-31
9608,1747111,3,2005-02-24
9608,1255507,3,2005-04-22
9608,84619,4,2005-05-20
9608,73149,3,2005-10-18
9608,1090296,3,2002-11-17
9608,2230528,2,2002-08-07
9608,1739440,1,2001-05-03
9608,2581665,1,2002-01-29
9608,1497131,4,2004-07-16
9608,1666483,3,2004-05-01
9608,688372,2,2005-01-06
9608,2372141,3,2000-07-14
9608,349331,1,2001-02-10
9608,1202340,3,2002-09-12
9608,1977322,4,2001-11-11
9608,1880731,4,2004-09-01
9608,104462,4,2004-01-23
9608,1319223,3,2004-07-16
9608,712943,3,2004-12-16
9608,1391791,3,2005-11-27
9608,2634074,3,2000-09-14
9608,456227,3,2002-08-01
9608,190492,4,2002-07-19
9608,2585079,3,2005-08-04
9608,1877497,3,2004-01-26
9608,2212481,3,2004-05-12
9608,642089,3,2004-02-29
9608,1907347,5,2004-01-25
9608,1685716,4,2004-03-08
9608,1354252,3,2004-02-25
9608,134845,4,2004-10-23
9608,249977,2,2005-01-11
9608,2249750,3,2005-03-02
9608,464385,3,2001-05-10
9608,2184630,3,2001-05-08
9608,1516019,3,2004-01-28
9608,1479273,4,2004-02-24
9608,653682,1,2005-08-02
9608,673040,3,2004-01-01
9608,1728537,3,2004-04-07
9608,2005741,3,2004-08-05
9608,1958604,4,2004-07-04
9608,2343748,3,2004-07-21
9608,2043579,2,2004-11-29
9608,1331818,1,2005-02-16
9608,361543,3,2005-03-17
9608,2550711,4,2005-04-13
9608,1968102,3,2005-05-17
9608,1580014,3,2005-11-22
9608,923298,5,2001-10-29
9608,675048,4,2004-01-06
9608,1156852,4,2004-08-17
9608,1912781,3,2005-02-13
9608,222475,4,2005-02-24
9608,1148604,2,2005-03-29
9608,45380,2,2005-04-01
9608,333257,3,2005-09-15
9608,1699645,5,2005-11-23
9608,1176642,2,2005-11-26
9608,2599813,4,2004-06-14
9608,2053299,4,2005-07-07
9608,831151,3,2003-12-29
9608,1377693,3,2004-01-05
9608,1184029,4,2004-09-07
9608,1249663,5,2004-05-17
9608,186973,3,2004-01-25
9608,1617309,3,2004-06-08
9608,407877,2,2005-01-13
9608,458009,4,2005-06-29
9608,2456062,4,2005-07-25
9608,2471478,3,2002-09-15
9608,2222397,3,2004-06-07
9608,2048038,3,2004-02-06
9608,1755886,2,2004-06-23
9608,407311,3,2004-12-06
9608,2464456,4,2005-05-08
9608,529889,2,2000-02-07
9608,185193,5,2001-05-03
9608,1716332,4,2004-01-13
9608,491531,2,2004-06-02
9608,606742,1,2004-07-08
9608,798597,2,2003-05-21
9608,1317671,3,2004-10-13
9608,1061104,3,2005-05-04
9608,2398821,3,2005-09-17
9608,1168291,4,2002-08-30
9608,2066490,4,2000-08-26
9608,923380,3,2004-08-29
9608,46742,3,2004-04-27
9608,2154308,1,2003-03-27
9608,1147650,4,2003-07-08
9608,1679839,3,2004-02-19
9608,180561,3,2005-01-29
9608,1048579,3,2005-05-17
9608,581930,4,2005-11-18
9608,214501,4,2005-07-08
9608,1907373,3,2002-08-28
9608,2510301,4,2003-07-26
9608,1209557,2,2005-08-11
9608,1577401,4,2004-04-17
9608,2376860,4,2005-08-23
9608,1987201,3,2004-02-02
9608,752702,3,2004-05-12
9608,2158986,5,2005-01-03
9608,1566744,3,2005-01-07
9608,1374905,3,2005-11-17
9608,1425393,3,2005-07-11
9608,731685,3,2003-01-04
9608,1172676,2,2001-06-05
9608,1018774,4,2001-02-28
9608,1822357,4,2001-05-06
9608,120579,5,2004-03-15
9608,1039760,4,2004-01-09
9608,218859,4,2004-02-06
9608,1565023,2,2004-02-21
9608,2637221,3,2004-01-01
9608,714725,4,2004-12-15
9608,717135,3,2005-02-11
9608,1520904,3,2005-04-15
9608,770133,2,2005-11-17
9608,1360072,4,2002-08-28
9608,1708494,4,2003-12-11
9608,1586924,3,2004-01-22
9608,1269516,3,2004-06-01
9608,1984315,4,2003-12-24
9608,771191,4,2005-01-29
9608,113799,2,2005-05-16
9608,511883,3,2001-01-29
9608,152441,4,2004-07-17
9608,1146000,3,2004-02-01
9608,956846,3,2005-03-12
9608,1671487,3,2005-05-17
9608,1342860,2,2005-06-26
9608,156430,3,2005-06-29
9608,2247667,3,2000-05-07
9608,329670,3,2001-12-28
9608,896636,1,2005-07-18
9608,1078549,3,2002-07-31
9608,1539849,4,2004-05-01
9608,1345636,4,2002-12-06
9608,2507629,3,2004-06-04
9608,2426371,2,2004-04-01
9608,92177,2,2005-09-02
9608,1273131,4,2004-06-07
9608,2061499,3,2005-03-08
9608,2407783,2,2005-04-08
9608,2115293,4,2005-09-20
9608,1000851,1,2003-03-03
9608,982694,5,2000-09-14
9608,1330226,2,2002-08-19
9608,680352,3,2002-08-02
9608,841810,5,2003-05-09
9608,1198828,5,2004-06-26
9608,1310736,3,2004-06-28
9608,2579551,4,2005-02-26
9608,924710,4,2005-05-03
9608,1332725,3,2005-06-02
9608,803330,4,2001-05-02
9608,2597069,5,2003-05-07
9608,2506955,3,2004-07-29
9608,1405379,3,2004-02-04
9608,491513,4,2004-06-27
9608,844999,4,2004-03-27
9608,1784935,3,2004-07-21
9608,522298,2,2005-01-03
9608,1299887,4,2005-03-02
9608,829613,3,2005-03-07
9608,1825620,4,2005-06-13
9608,70867,5,2005-11-26
9608,589368,5,2000-12-06
9608,2531111,3,2003-01-03
9608,798296,3,2002-09-05
9608,1700035,3,2004-01-29
9608,1685083,3,2003-12-18
9608,1531572,2,2004-01-12
9608,1840900,3,2004-01-01
9608,2307786,5,2004-05-20
9608,854849,3,2004-06-23
9608,1085839,2,2004-04-13
9608,978708,3,2004-07-21
9608,1565851,1,2004-06-08
9608,264391,3,2004-05-06
9608,2064380,2,2004-12-10
9608,2430041,3,2005-02-01
9608,1221877,3,2005-05-09
9608,682963,3,2005-06-20
9608,1725453,3,2005-11-14
9608,2589024,1,2005-07-11
9608,16272,2,2002-07-25
9608,1062416,3,2002-08-22
9608,753537,2,2004-07-14
9608,1664529,5,2003-12-16
9608,2440242,4,2004-07-11
9608,325022,5,2003-12-09
9608,399971,4,2004-10-17
9608,588673,3,2004-11-06
9608,206564,4,2004-12-17
9608,1880039,4,2004-12-19
9608,2104570,3,2005-03-14
9608,2364883,4,2005-11-15
9608,910663,3,2001-03-08
9608,2277583,3,2001-09-23
9608,470369,3,2001-02-26
9608,831839,3,2002-08-20
9608,1712986,3,2005-08-08
9608,1753194,4,2002-12-06
9608,2453089,2,2004-09-19
9608,2418086,3,2005-01-06
9608,1082332,2,2004-08-21
9608,1517651,4,2002-11-22
9608,102374,3,2002-12-05
9608,947730,2,2002-10-31
9608,1999678,3,2002-09-12
9608,970385,4,2002-08-22
9608,173463,4,2004-02-11
9608,324080,3,2004-05-17
9608,2374829,3,2004-03-09
9608,729150,4,2004-09-04
9608,54870,4,2004-10-30
9608,339892,2,2004-12-21
9608,1104777,4,2001-08-24
9608,466937,2,2001-06-06
9608,2387463,3,2003-12-20
9608,306286,3,2004-05-19
9608,1742931,3,2004-01-10
9608,589028,4,2005-01-19
9608,412649,3,2005-10-20
9608,319058,5,2005-11-15
9608,172061,4,2005-11-28
9608,2594401,2,2000-06-01
9608,1952142,2,2003-04-14
9608,2296668,2,2004-01-16
9608,2150662,4,2003-12-11
9608,1645937,2,2004-05-19
9608,2579163,3,2004-08-17
9608,1830717,2,2004-06-08
9608,1848067,3,2004-06-10
9608,1821967,4,2004-10-07
9608,1606547,4,2004-11-05
9608,2294727,2,2005-07-03
9608,557801,3,2005-11-21
9608,2152930,3,2001-02-17
9608,2043149,3,2004-07-23
9608,2232848,3,2002-09-11
9608,1201988,4,2004-02-12
9608,151153,4,2004-01-20
9608,475537,3,2004-06-16
9608,782242,3,2004-12-12
9608,2295922,3,2005-03-06
9608,1329110,1,2004-05-13
9608,1110673,4,2002-03-06
9608,1374773,2,2004-01-02
9608,1041187,3,2004-08-27
9608,1132655,4,2004-08-30
9608,1534677,3,2005-01-24
9608,1301942,5,2005-06-25
9608,872882,4,2005-11-24
9608,2143946,2,2005-11-26
9608,305344,1,2003-11-09
9608,1426707,4,2002-09-08
9608,1779014,4,2005-11-22
9608,632347,4,2004-06-20
9608,1729991,3,2004-02-18
9608,198000,2,2004-11-29
9608,2254303,3,2005-04-17
9608,1293108,3,2005-05-21
9608,1596727,3,2005-06-07
9608,2380160,1,2005-09-07
9608,2101428,3,2005-10-21
9608,2241744,4,2001-05-30
9608,1279398,3,2005-07-15
9608,1099321,3,2004-02-11
9608,1682749,5,2003-09-17
9608,1350873,3,2004-02-08
9608,2360906,3,2005-01-06
9608,1985555,4,2000-10-03
9608,672801,1,2001-03-23
9608,408331,2,2002-08-17
9608,1195601,3,2002-07-28
9608,844028,3,2002-08-01
9608,601590,3,2003-09-18
9608,1183823,5,2004-05-13
9608,2145206,3,2004-05-15
9608,2029180,3,2005-02-10
9608,111086,2,2005-03-04
9608,1573647,3,2005-03-22
9608,1502648,3,2005-11-21
9608,188903,3,2003-01-18
9608,949240,3,2003-04-27
9608,120368,4,2004-08-22
9608,995240,4,2004-07-25
9608,2220099,3,2004-07-26
9608,79170,4,2004-08-09
9608,262894,3,2003-12-30
9608,2115337,4,2004-05-19
9608,2603059,3,2005-01-25
9608,1586695,5,2005-02-18
9608,1830031,5,2005-06-25
9608,639533,3,2001-08-21
9608,16994,3,2002-12-05
9608,83391,4,2005-08-06
9608,2190324,3,2004-01-08
9608,170551,1,2004-03-28
9608,827240,3,2004-12-24
9608,74441,4,2000-12-14
9608,2508883,5,2003-08-15
9608,2597802,3,2002-07-22
9608,2530531,3,2002-08-21
9608,1094143,3,2002-12-09
9608,899796,2,2004-04-23
9608,2074986,4,2004-03-25
9608,2092087,1,2004-01-28
9608,1105830,4,2005-03-06
9608,1724806,3,2005-06-03
9608,2291457,4,2002-03-02
9608,657427,3,2002-08-24
9608,2509840,4,2003-12-16
9608,1861500,3,2005-08-08
9608,785329,2,2002-12-09
9608,1653535,3,2004-01-29
9608,2404795,5,2004-03-15
9608,333573,3,2004-11-29
9608,185110,3,2005-01-19
9608,1764173,3,2005-03-21
9608,2500173,3,2005-11-20
9608,925282,1,2005-11-21
9608,491591,4,2005-12-01
9608,2602560,3,2003-12-28
9608,2105602,4,2004-02-19
9608,726235,3,2001-08-18
9608,603092,3,2005-07-28
9608,1282134,4,2002-12-06
9608,138835,2,2004-05-05
9608,1760393,2,2004-01-29
9608,1700131,3,2004-07-20
9608,2155157,4,2005-02-18
9608,51476,3,2005-05-23
9608,2263535,3,2005-05-26
9608,2297673,4,2005-11-22
9608,602959,3,2005-11-27
9608,1808201,5,2002-09-09
9608,2150746,2,2005-08-05
9608,1626925,4,2004-02-19
9608,550573,3,2005-01-10
9608,2448201,1,2005-01-12
9608,825831,2,2005-06-01
9608,85207,4,2005-11-14
9608,1826465,5,2004-08-17
9608,1731538,3,2003-12-20
9608,1295013,3,2004-01-25
9608,655601,3,2004-11-29
9608,1151002,3,2004-12-13
9608,1885422,4,2004-12-17
9608,957101,3,2000-06-04
9608,2312227,3,2003-11-30
9608,138834,4,2004-06-30
9608,2324905,3,2004-09-22
9608,5980,5,2004-11-02
9608,235561,3,2004-11-24
9608,1799431,2,2004-12-31
9608,2556321,5,2005-01-06
9608,1392972,2,2005-03-18
9608,1949399,4,2005-04-07
9608,1903907,3,2005-11-17
9608,2279609,2,2004-08-10
9608,1388349,5,2002-11-24
9608,1869498,2,2004-02-20
9608,2615152,4,2004-02-09
9608,1179235,3,2004-06-26
9608,1011513,1,2004-01-14
9608,309133,3,2004-02-10
9608,346506,3,2005-07-01
9608,2043184,2,2002-10-16
9608,2549156,3,2002-09-14
9608,2601856,3,2001-03-07
9608,1644944,5,2002-08-22
9608,1858056,3,2003-01-13
9608,477422,4,2004-04-26
9608,1236960,4,2004-04-20
9608,1147252,3,2004-08-10
9608,614137,2,2005-03-08
9608,736927,2,2005-03-10
9608,1769985,3,2005-06-10
9608,468602,3,2005-10-21
9608,350466,3,2003-04-13
9608,159159,1,2004-01-27
9608,858298,4,2004-10-03
9608,2474307,3,2004-10-11
9608,690512,3,2004-12-12
9608,1731121,3,2005-02-14
9608,2036232,4,2005-04-08
9608,1042456,3,2005-04-08
9608,897755,5,2005-11-22
9608,551176,3,2000-09-15
9608,1661344,3,2004-02-25
9608,728560,3,2004-06-28
9608,2021327,3,2004-12-03
9608,1283171,4,2005-02-11
9608,2103006,3,2005-02-22
9608,520817,3,2005-05-14
9608,2261200,2,2005-09-20
9608,1298406,2,2005-10-28
9608,1530297,3,2000-02-27
9608,1798888,1,2000-07-15
9608,43604,3,2002-09-04
9608,2371929,4,2002-08-26
9608,2026502,2,2004-03-29
9608,2507922,3,2004-06-03
9608,1630882,3,2004-10-21
9608,1140317,3,2004-12-17
9608,2625846,3,2005-05-24
9608,2096356,3,2005-05-30
9608,1431356,4,2005-07-09
9608,4739,5,2002-07-28
9608,977471,4,2004-07-04
9608,980292,3,2004-06-10
9608,933837,4,2004-01-26
9608,2133089,5,2004-12-08
9608,2532502,2,2005-02-23
9608,2598647,2,2001-02-07
9608,227151,4,2002-09-10
9608,2150095,5,2004-01-27
9608,2262200,3,2005-03-10
9608,1778238,1,2005-03-31
9608,490057,4,2004-03-10
9608,128989,3,2004-06-10
9608,1202962,3,2003-03-03
9608,752642,2,2001-02-06
9608,128040,5,2004-05-25
9608,689836,4,2004-03-25
9608,1892942,4,2003-12-19
9608,154271,4,2004-09-24
9608,2224936,5,2004-12-23
9608,224858,4,2004-01-26
9608,1476797,3,2004-06-29
9608,1239196,3,2005-01-11
9608,833271,3,2005-03-07
9608,2407453,3,2005-06-29
9608,255085,3,2005-11-04
9608,1276713,1,2002-10-05
9608,1537868,4,2004-03-30
9608,2590306,3,2004-09-25
9608,2565022,4,2004-06-11
9608,1107588,1,2004-02-15
9608,1122663,3,2005-02-26
9608,923450,3,2005-03-04
9608,1932946,3,2005-12-01
9608,826696,3,2002-07-23
9608,880773,4,2004-08-31
9608,2229960,3,2004-07-29
9608,1306287,3,2003-10-30
9608,1708758,4,2004-07-06
9608,913814,5,2005-03-14
9608,537389,4,2005-07-13
9608,457773,3,2003-12-28
9608,2247551,3,2004-02-03
9608,551208,3,2004-04-20
9608,1991863,3,2004-10-09
9608,550694,4,2004-11-08
9608,1799557,4,2004-12-28
9608,397001,3,2005-02-25
9608,685546,4,2005-04-18
9608,546303,3,2005-06-01
9608,1147567,3,2005-06-01
9608,1576405,3,2005-09-13
9608,1569902,5,2005-07-18
9608,210861,5,2001-06-04
9608,2004524,1,2004-02-16
9608,2226294,4,2003-09-22
9608,1047834,3,2003-12-28
9608,1200044,3,2004-07-26
9608,400440,4,2004-03-01
9608,22813,4,2004-08-27
9608,2535512,4,2004-06-18
9608,2019696,4,2004-11-15
9608,1071850,2,2005-01-09
9608,326356,3,2005-01-25
9608,2570462,3,2005-02-24
9608,154481,3,2005-03-22
9608,2612656,3,2005-05-16
9608,2174663,3,2005-06-12
9608,2311775,4,2005-06-12
9608,1367589,1,2000-06-22
9608,845356,3,2004-03-10
9608,907347,2,2003-03-11
9608,1406978,3,2003-03-29
9608,471654,5,2004-01-26
9608,739319,1,2004-07-27
9608,1448489,3,2004-11-24
9608,2621510,3,2004-12-22
9608,80325,2,2005-02-03
9608,1193695,2,2005-02-15
9608,1312412,2,2000-10-07
9608,2525782,2,2004-03-02
9608,752369,3,2001-04-19
9608,2607433,4,2003-12-29
9608,1520377,3,2002-09-15
9608,1862911,1,2004-01-21
9608,2418625,3,2004-09-07
9608,2032543,3,2004-03-17
9608,307427,2,2004-03-04
9608,2580353,4,2004-07-23
9608,839232,3,2005-01-10
9608,2091162,1,2005-06-13
9608,2461455,5,2005-06-21
9608,1226102,3,2005-11-21
9608,1850328,4,2001-03-17
9608,1547622,3,2005-08-06
9608,2108623,2,2005-08-08
9608,2199443,4,2004-01-30
9608,1550359,3,2004-08-13
9608,2117432,1,2004-02-08
9608,2239892,3,2004-08-18
9608,692048,3,2004-03-10
9608,2192935,3,2004-10-05
9608,140284,3,2005-01-31
9608,994534,3,2005-02-15
9608,279998,3,2005-04-06
9608,837133,3,2005-11-26
9608,1507324,2,2000-11-02
9608,575875,3,2001-08-23
9608,1793809,1,2002-09-13
9608,199023,3,2002-07-19
9608,2321868,1,2005-02-24
9608,1421042,3,2005-03-16
9608,109408,3,2005-07-08
9608,329102,5,2005-07-28
9608,344738,1,2004-03-04
9608,411290,4,2004-01-09
9608,2450534,3,2004-02-17
9608,982635,2,2004-03-30
9608,433891,3,2005-01-08
9608,2379776,3,2005-02-09
9608,1899708,4,2005-02-25
9608,472063,2,2004-07-01
9608,953329,1,2003-03-12
9608,152713,4,2005-08-03
9608,1760618,4,2002-08-27
9608,1119442,2,2005-08-11
9608,1879524,4,2004-10-08
9608,726590,4,2004-12-22
9608,1694205,3,2005-01-04
9608,230265,3,2005-02-22
9608,1976734,1,2005-04-01
9608,2474140,2,2005-12-06
9608,2067848,4,2005-12-02
9608,727160,2,2000-05-21
9608,1213114,4,2002-09-27
9608,772538,2,2003-07-03
9608,828344,3,2003-12-20
9608,609547,3,2004-02-23
9608,1866323,3,2004-03-31
9608,897705,3,2004-01-31
9608,1516350,4,2004-05-09
9608,1692300,2,2004-08-24
9608,2374109,3,2005-01-01
9608,2588416,3,2005-02-13
9608,281097,3,2005-03-16
9608,1913220,4,2005-11-22
9608,1160362,3,2005-11-30
9608,1519378,3,2004-03-18
9608,520704,4,2004-01-19
9608,1241070,3,2003-12-18
9608,240192,3,2002-12-23
9608,1017210,1,2002-11-19
9608,1126877,3,2004-05-23
9608,93304,4,2004-06-04
9608,963049,1,2004-09-26
9608,2481859,3,2004-10-09
9608,2389959,2,2004-12-12
9608,1627987,2,2005-03-14
9608,922944,5,2005-06-05
9608,52892,3,2005-01-04
9608,1395688,3,2002-09-14
9608,222414,3,2004-01-04
9608,46086,4,2004-05-28
9608,78863,4,2004-05-09
9608,1798600,3,2004-01-22
9608,2576700,4,2004-03-17
9608,201579,4,2005-10-03
9608,171034,3,2004-12-16
9608,461358,3,2005-03-15
9608,1433808,5,2005-03-20
9608,454171,3,2005-05-26
9608,2090690,3,2005-11-13
9608,1519432,4,2005-12-08
9608,2386868,3,2003-12-11
9608,626735,2,2004-02-05
9608,2297386,2,2002-07-26
9608,1794236,1,2004-04-04
9608,2609544,4,2004-03-12
9608,1628484,3,2004-06-30
9608,2150659,4,2004-04-19
9608,1418521,3,2004-05-31
9608,935389,1,2004-11-08
9608,1612701,4,2005-01-09
9608,2272523,3,2005-01-19
9608,1859095,3,2005-06-30
9608,2609089,2,2005-11-09
9608,1028480,4,2001-02-15
9608,65902,3,2004-10-25
9608,1116110,3,2005-02-08
9608,264120,3,2005-02-16
9608,1548363,2,2005-06-27
9608,872408,4,2005-07-12
9608,1342591,3,2002-08-31
9608,2254751,4,2004-09-08
9608,1917947,3,2005-07-22
9608,387418,1,2003-11-25
9608,588531,4,2004-09-06
9608,2353258,3,2004-01-26
9608,1064369,5,2004-04-27
9608,2188443,2,2004-05-16
9608,800983,4,2004-08-28
9608,61928,3,2005-05-15
9608,1834881,5,2005-11-21
9608,423167,3,2000-04-27
9608,1865773,3,2000-02-07
9608,230025,2,2002-11-01
9608,2171749,3,2005-02-01
9608,406375,4,2005-02-26
9608,6056,5,2005-03-21
9608,2222089,3,2005-04-03
9608,2205307,3,2005-05-06
9608,2241408,4,2005-05-25
9608,665268,3,2005-06-25
9608,222982,5,2005-06-26
9608,47063,5,2005-06-28
9608,668874,4,2005-11-22
9608,1646595,3,2005-11-22
9608,375007,4,2005-12-12
9608,1287727,1,2003-01-23
9608,1157158,4,2004-02-18
9608,2384185,4,2005-07-29
9608,590473,4,2004-09-12
9608,1301132,4,2004-11-07
9608,565504,4,2005-01-20
9608,803605,4,2005-02-13
9608,1114324,3,2005-03-05
9608,1275492,3,2005-06-20
9608,1364758,1,2001-02-02
9608,762651,1,2002-08-02
9608,1819034,2,2003-01-21
9608,2018945,2,2004-02-02
9608,1919782,2,2005-08-17
9608,1269622,4,2005-04-10
9608,1939561,5,2004-07-09
9608,1562856,2,2004-12-29
9608,935459,4,2005-02-16
9608,739486,1,2005-10-20
9608,1856019,4,2005-07-06
9608,2094177,4,2001-01-03
9608,174333,4,2004-02-26
9608,497313,4,2004-01-16
9608,450752,3,2004-06-02
9608,1867416,2,2004-08-27
9608,2079316,3,2005-02-08
9608,1979359,3,2002-12-08
9608,2142938,2,2001-01-12
9608,291135,4,2004-07-20
9608,2582134,2,2003-04-30
9608,801291,3,2002-11-12
9608,660061,4,2004-04-23
9608,2537089,1,2004-06-27
9608,2397119,3,2005-08-07
9608,915926,2,2002-12-03
9608,63665,4,2004-05-29
9608,2358472,3,2004-03-21
9608,2519272,4,2004-05-20
9608,794999,5,2004-06-22
9608,1486829,1,2004-11-18
9608,726393,4,2004-12-29
9608,461065,2,2005-01-08
9608,1048011,3,2005-03-16
9608,1369899,3,2005-05-20
9608,2153721,4,2001-07-12
9608,112166,3,2004-05-27
9608,2216692,4,2004-04-09
9608,756162,3,2004-05-21
9608,2232907,2,2004-02-19
9608,1946094,5,2004-03-08
9608,1368628,3,2004-09-10
9608,1061195,2,2003-12-30
9608,1645904,2,2004-05-25
9608,2296816,2,2005-02-02
9608,1333911,3,2005-03-24
9608,2565111,4,2001-06-03
9608,1732553,1,2005-07-09
9608,342020,4,2005-07-14
9608,2520506,3,2004-02-27
9608,2229831,5,2002-08-01
9608,1276971,4,2002-09-05
9608,2007564,5,2004-03-12
9608,1587695,3,2003-12-23
9608,1938175,3,2005-01-25
9608,2022727,4,2005-03-03
9608,2442131,3,2005-06-29
9608,126216,4,2005-11-14
9608,1651121,3,2002-10-22
9608,1140172,3,2002-12-27
9608,1663888,4,2005-06-14
9608,1065516,2,2004-02-09
9608,1561964,3,2004-11-21
9608,974573,2,2005-01-06
9608,1941042,1,2005-04-15
9608,162303,3,2005-09-27
9608,629794,3,2005-07-23
9608,1742464,3,2003-02-12
9608,1765598,5,2004-02-02
9608,11796,4,2004-01-07
9608,1001928,5,2004-01-30
9608,2075951,4,2004-05-13
9608,2116105,4,2004-09-02
9608,1467096,5,2004-11-12
9608,1461435,1,2005-04-23
9608,1908857,4,2005-05-14
9608,292654,2,2005-11-12
9608,2496494,3,2003-12-16
9608,908190,3,2001-03-16
9608,575714,3,2003-02-14
9608,1480209,2,2004-04-10
9608,437239,4,2002-10-11
9608,1523924,3,2004-07-05
9608,1198975,3,2005-08-18
9608,728900,4,2004-01-06
9608,402568,3,2004-06-30
9608,2305114,3,2004-11-01
9608,1444533,2,2004-11-17
9608,289710,3,2005-05-17
9608,1453951,5,2005-05-18
9608,2298323,4,2005-06-09
9608,1136431,4,2005-11-21
9608,802573,4,2003-12-18
9608,2520364,3,2002-02-23
9608,1238258,2,2003-12-24
9608,1293514,4,2004-01-26
9608,1877958,4,2003-12-22
9608,1926651,1,2004-11-22
9608,1710599,2,2004-11-29
9608,96847,3,2004-12-30
9608,1460499,4,2005-02-28
9608,906826,3,2005-04-05
9608,201652,2,2004-07-02
9608,264305,2,2004-01-28
9608,2613654,4,2004-07-04
9608,373898,5,2004-01-03
9608,642384,5,2004-02-23
9608,667231,4,2004-11-21
9608,2344232,3,2004-12-26
9608,379000,2,2005-01-27
9608,191869,4,2001-05-05
9608,1228106,4,2001-12-05
9608,1618493,1,2003-05-15
9608,840419,3,2004-01-08
9608,60722,4,2004-03-23
9608,1754362,4,2004-08-10
9608,1847613,4,2004-08-05
9608,2034632,4,2005-02-15
9608,1996510,3,2005-03-23
9608,2295800,3,2005-04-05
9608,426924,5,2003-07-12
9608,1824061,5,2001-07-11
9608,2255453,3,2001-08-20
9608,2146655,4,2005-07-15
9608,1639792,2,2003-06-16
9608,1233297,3,2002-12-25
9608,1318289,4,2005-02-19
9608,1372330,5,2004-01-09
9608,1279360,4,2004-03-29
9608,815079,2,2004-09-27
9608,1655232,4,2005-02-08
9608,680068,4,2005-02-21
9608,1979880,4,2005-04-06
9608,2479445,3,2005-04-19
9608,189443,4,2005-05-08
9608,177357,1,2005-05-17
9608,2197108,3,2001-06-03
9608,57633,2,2002-12-28
9608,2090942,3,2003-03-08
9608,732567,3,2005-08-08
9608,1899679,4,2004-01-20
9608,2583029,2,2004-07-06
9608,31408,3,2005-12-01
9608,955571,4,2005-04-03
9608,345035,4,2004-03-10
9608,590667,4,2004-05-12
9608,1918778,3,2004-06-26
9608,20036,5,2004-11-15
9608,2143500,2,2005-01-19
9608,1385895,3,2001-02-27
9608,1380707,3,2002-06-16
9608,78404,1,2002-07-19
9608,220155,3,2005-08-12
9608,1674931,2,2004-07-23
9608,48607,3,2003-12-30
9608,1930717,5,2004-03-28
9608,811530,4,2004-07-25
9608,1759957,3,2004-11-17
9608,1891693,1,2005-01-19
9608,2460347,2,2005-05-23
9608,2446481,4,2005-09-14
9608,591207,3,2001-07-06
9608,428964,5,2003-12-23
9608,1963140,3,2004-07-04
9608,794738,5,2004-01-04
9608,2209013,2,2004-04-02
9608,824792,4,2004-04-05
9608,105410,3,2004-04-21
9608,187288,3,2004-12-29
9608,46140,3,2005-01-02
9608,1861005,4,2005-01-02
9608,2347324,2,2004-02-01
9608,2562286,3,2005-08-08
9608,2363627,3,2003-12-18
9608,2497991,2,2004-02-19
9608,2302245,3,2004-07-01
9608,204297,4,2005-01-19
9608,821456,4,2005-02-08
9608,1137159,3,2005-03-16
9608,2182636,3,2005-06-02
9608,995154,3,2005-11-05
9608,464513,2,2005-12-01
9608,2621962,4,2005-12-26
9608,50279,2,2001-01-03
9608,1838390,1,2000-06-24
9608,663118,3,2001-06-28
9608,370904,3,2004-01-30
9608,352227,4,2002-09-02
9608,2396324,3,2004-01-05
9608,1348653,2,2003-12-02
9608,1279517,3,2004-01-12
9608,2424587,4,2004-07-26
9608,2125956,4,2004-07-29
9608,1533572,5,2005-03-07
9608,1878798,1,2001-02-14
9608,1075362,3,2001-11-02
9608,787667,3,2004-01-19
9608,1918714,4,2004-03-17
9608,1707198,2,2004-02-16
9608,485181,3,2004-07-13
9608,1852040,1,2004-02-27
9608,2636678,4,2004-06-25
9608,887059,3,2004-11-16
9608,1176777,2,2005-10-17
9608,998715,2,2005-07-23
9608,1062973,2,2004-08-02
9608,1892187,3,2004-11-09
9608,1719477,4,2004-12-02
9608,2414798,3,2004-12-24
9608,501667,3,2005-01-31
9608,2348230,2,2005-03-12
9608,1317488,3,2005-11-21
9608,1900290,3,2001-03-13
9608,1171523,4,2001-11-01
9608,2615035,2,2004-08-17
9608,1529851,2,2002-07-25
9608,316155,3,2002-09-17
9608,775020,4,2004-04-30
9608,901648,3,2005-04-02
9608,1918925,3,2002-08-19
9608,2379827,3,2004-06-22
9608,1472772,5,2004-06-16
9608,89498,4,2003-12-23
9608,1994354,3,2004-02-24
9608,921963,4,2004-06-26
9608,1275790,4,2004-12-07
9608,1691571,2,2005-03-06
9608,904637,4,2005-03-23
9608,1294714,1,2005-09-21
9608,1716086,3,2005-10-26
9608,330800,3,2005-11-17
9608,461344,3,2002-10-25
9608,1938999,4,2003-12-20
9608,2540761,4,2004-07-02
9608,2406002,1,2004-07-08
9608,36414,3,2004-02-25
9608,2106057,3,2003-12-23
9608,701514,3,2004-07-19
9608,303969,4,2000-11-26
9608,51013,3,2001-12-09
9608,355891,3,2002-09-06
9608,969948,2,2003-12-29
9608,449440,3,2002-08-28
9608,1893596,4,2003-12-28
9608,1392450,3,2004-07-09
9608,622442,5,2004-04-30
9608,1988192,1,2004-05-28
9608,763453,5,2004-06-22
9608,2274199,4,2004-09-30
9608,1494048,5,2004-10-21
9608,58066,4,2005-02-15
9608,1608147,2,2005-05-26
9608,237263,2,2005-06-07
9608,287901,3,2002-09-07
9608,1349527,4,2004-03-26
9608,1712388,4,2004-02-16
9608,1379412,5,2004-11-01
9608,559181,5,2005-01-24
9608,356103,2,2005-01-27
9608,2090242,3,2005-01-30
9608,2306984,4,2005-03-22
9608,2203675,3,2005-03-22
9608,185372,2,2005-09-19
9608,928129,4,2005-11-21
9608,404830,1,2005-11-25
9608,1469549,3,2001-05-18
9608,539743,4,2004-07-14
9608,1844850,3,2001-08-18
9608,1697157,2,2002-12-24
9608,846971,3,2005-08-27
9608,2115020,5,2003-07-17
9608,312506,4,2004-07-07
9608,293417,3,2004-09-10
9608,1257571,4,2004-04-29
9608,1947238,2,2005-03-11
9608,866578,1,2005-06-30
9608,1956081,2,2005-11-25
9608,2538907,5,2002-11-26
9608,1985040,3,2004-02-12
9608,921587,3,2000-10-14
9608,154216,5,2003-12-17
9608,2534701,3,2004-08-27
9608,531844,1,2004-04-23
9608,1020292,4,2004-08-12
9608,2237988,4,2004-08-31
9608,2145533,4,2004-12-12
9608,1545312,3,2005-05-08
9608,1152842,5,2005-11-15
9608,1213178,3,2005-11-21
9608,2062455,3,2001-12-03
9608,2448838,3,2004-05-09
9608,2537473,4,2002-09-11
9608,2634967,1,2004-01-20
9608,946102,4,2004-03-28
9608,2633929,4,2004-09-17
9608,1300759,4,2004-09-29
9608,1476329,5,2005-01-20
9608,542751,3,2005-05-18
9608,1961675,3,2000-09-22
9608,2118159,3,2002-07-31
9608,1441086,3,2003-12-25
9608,1561134,4,2002-08-09
9608,1689759,2,2004-03-21
9608,911141,3,2004-03-25
9608,1920318,4,2004-01-12
9608,1290054,4,2004-03-24
9608,324510,2,2004-01-23
9608,1104589,5,2004-04-19
9608,1388741,4,2004-04-25
9608,1704416,3,2004-06-29
9608,483107,3,2004-09-08
9608,1922916,3,2004-12-28
9608,2563890,4,2005-03-04
9608,2114350,1,2005-06-26
9608,1603751,3,2005-11-04
9608,459277,3,2005-11-12
9608,1898433,2,2005-11-21
