8008,2187093,3,2003-03-24
8008,2535052,3,2002-11-09
8008,1004708,3,2003-03-13
8008,1763839,4,2003-10-22
8008,1968282,3,2005-04-01
8008,859350,3,2005-11-26
8008,1937589,3,2003-06-02
8008,2642459,1,2002-11-05
8008,2251004,3,2003-11-18
8008,1908784,4,2004-11-12
8008,1823608,5,2004-03-21
8008,1227322,3,2004-04-02
8008,1557708,3,2005-01-19
8008,1107022,4,2004-07-19
8008,1180412,5,2004-11-01
8008,1690682,3,2004-11-30
8008,892936,2,2004-03-18
8008,2380338,4,2004-08-31
8008,2305818,3,2003-04-12
8008,2204068,5,2003-06-12
8008,1834450,4,2003-06-11
8008,283850,2,2005-10-03
8008,509216,3,2003-08-12
8008,2566872,3,2004-11-02
8008,2266166,3,2003-03-16
8008,2216240,5,2003-12-06
8008,2043555,3,2005-10-10
8008,1878549,4,2004-02-08
8008,495916,1,2005-03-11
8008,1001129,3,2005-07-10
8008,1859573,3,2005-02-04
8008,2228531,3,2004-02-04
8008,789969,3,2005-03-28
8008,1418691,2,2005-03-01
8008,1754123,3,2005-02-12
8008,1249577,4,2003-02-24
8008,956264,2,2003-03-24
8008,1089645,1,2004-01-29
8008,2594867,5,2004-06-06
8008,671503,2,2003-03-22
8008,267426,2,2003-08-22
8008,1788346,1,2003-05-14
8008,1054564,3,2003-03-15
8008,2493397,2,2004-07-08
8008,260068,1,2005-03-03
8008,1314869,2,2005-05-03
8008,666480,5,2004-01-06
8008,1094290,2,2004-06-04
8008,864172,3,2003-06-26
8008,1255703,4,2004-12-08
8008,1521667,3,2003-05-17
8008,2547661,3,2004-07-05
8008,1820891,3,2003-03-10
8008,688753,5,2003-12-01
8008,1166912,1,2003-05-26
8008,350486,3,2005-02-22
8008,2089791,3,2005-10-20
8008,460059,3,2004-04-22
8008,1025261,4,2004-05-14
8008,963155,1,2004-04-29
8008,2062350,3,2004-12-13
8008,1894134,5,2004-07-22
8008,2093385,4,2003-04-18
8008,1933255,4,2004-04-02
8008,2309593,3,2003-12-08
8008,1819462,1,2005-04-21
8008,2439493,3,2003-01-14
8008,2474245,3,2003-12-10
8008,1298147,3,2005-05-18
8008,147386,3,2004-11-23
8008,165657,5,2005-03-08
8008,2632713,3,2004-04-21
8008,72541,3,2004-04-13
8008,2523222,3,2004-12-13
8008,660160,3,2004-01-12
8008,2451588,3,2003-05-03
8008,2028381,2,2003-12-20
8008,893778,3,2004-02-03
8008,256065,2,2003-07-25
8008,245837,2,2004-07-06
8008,48210,3,2005-04-16
8008,1440301,3,2003-03-25
8008,319827,1,2003-04-18
8008,1473980,2,2005-10-26
8008,2425261,4,2004-11-18
8008,568192,4,2004-07-09
8008,1110156,2,2003-05-17
8008,1953986,4,2004-04-15
8008,844526,5,2004-03-24
8008,2401943,3,2005-03-23
8008,585461,4,2005-05-11
8008,1003084,1,2005-09-16
8008,2338653,4,2004-01-22
8008,1903324,1,2003-12-03
8008,1777406,1,2002-11-09
8008,480249,2,2005-04-16
8008,1501943,3,2003-12-07
8008,879760,3,2003-06-01
8008,1986034,4,2003-09-20
8008,1155439,5,2005-08-19
8008,1006399,2,2005-02-08
8008,2533765,1,2003-11-08
8008,1430258,5,2004-05-21
8008,528404,5,2004-08-10
8008,1967029,2,2003-08-06
8008,1350837,2,2004-11-02
8008,236815,3,2005-03-05
8008,2533726,2,2003-07-21
8008,2519094,5,2003-07-02
8008,2065164,3,2005-12-04
8008,2633277,1,2003-02-27
8008,1871242,4,2003-03-14
8008,2529214,3,2005-09-04
8008,513960,1,2003-10-06
8008,1999702,3,2005-02-14
8008,386156,3,2003-04-14
8008,1583631,3,2004-10-08
8008,2520941,4,2005-03-22
8008,2050396,4,2003-05-15
8008,1629176,2,2003-02-13
8008,1839424,5,2004-07-29
8008,341649,2,2002-10-24
8008,2582552,1,2004-08-02
8008,920962,3,2005-11-08
8008,301046,3,2003-04-17
8008,495542,1,2003-12-20
8008,2083367,2,2002-10-29
8008,2634811,3,2004-12-07
8008,581952,4,2005-12-12
8008,675283,3,2004-07-12
8008,480094,2,2003-07-10
8008,2001509,2,2003-03-21
8008,734544,3,2003-09-17
8008,578773,3,2004-01-11
8008,1664010,3,2005-10-12
8008,428836,4,2003-06-08
8008,138170,5,2004-07-19
8008,1921015,2,2004-01-21
8008,1800701,3,2002-10-23
8008,2036771,2,2003-04-07
8008,507094,3,2005-06-16
8008,1621857,1,2003-12-26
8008,1265443,1,2004-12-29
8008,462171,3,2002-12-03
8008,2344621,3,2004-01-16
8008,560031,3,2003-08-25
8008,241050,3,2005-06-06
8008,2297136,1,2005-06-28
8008,619027,3,2003-05-03
8008,1908302,4,2004-02-03
8008,898354,4,2003-10-07
8008,1176322,2,2004-07-06
8008,621954,3,2003-02-18
8008,21567,2,2004-02-25
8008,2318166,3,2004-02-25
8008,867366,3,2003-04-30
8008,40845,2,2004-08-11
8008,1098550,3,2005-01-09
8008,17008,3,2004-01-14
8008,1717532,3,2004-05-17
8008,981753,3,2004-01-01
8008,197101,4,2004-04-19
8008,1851867,3,2004-01-22
8008,1566512,3,2004-07-12
8008,1127876,3,2004-05-11
8008,621744,3,2003-12-29
8008,1011888,4,2003-08-08
8008,426375,2,2004-06-30
8008,1567322,3,2005-01-27
8008,381247,2,2004-11-03
8008,1006765,1,2005-10-02
8008,1844697,3,2003-03-10
8008,722591,5,2004-01-31
8008,2301767,2,2004-07-14
8008,2610520,4,2003-12-12
8008,2021901,3,2002-11-09
8008,108965,2,2003-02-23
8008,486258,2,2005-12-12
8008,962263,3,2003-05-09
8008,646840,4,2003-06-24
8008,91120,4,2003-01-17
8008,681782,2,2003-03-03
8008,141341,3,2003-03-15
8008,1800459,3,2004-08-12
8008,539536,3,2003-12-08
8008,22226,2,2003-06-23
8008,1779545,4,2005-08-12
8008,1143704,3,2003-06-26
8008,2435640,4,2003-09-06
8008,332521,3,2005-06-17
8008,2606799,3,2005-05-16
8008,811357,3,2004-02-29
8008,840848,2,2004-02-05
8008,482909,3,2003-08-15
8008,976385,4,2005-10-22
8008,772260,3,2005-01-31
8008,581875,3,2004-10-05
8008,590232,3,2003-07-07
8008,2361340,4,2005-07-26
8008,2410614,3,2003-06-18
8008,1362955,5,2003-04-28
8008,1931007,4,2003-09-26
8008,1493247,3,2004-10-11
8008,2040097,3,2004-03-03
8008,1188630,3,2004-03-13
8008,2636959,3,2003-04-02
8008,16272,2,2002-10-25
8008,504620,1,2005-09-04
8008,18856,3,2005-10-21
8008,1104676,2,2003-02-21
8008,1114105,3,2003-08-04
8008,1803522,3,2003-08-30
8008,2387463,5,2003-12-12
8008,2352307,2,2004-07-01
8008,2360137,3,2003-07-28
8008,433868,1,2004-05-24
8008,1387099,3,2004-02-05
8008,1034203,4,2003-04-12
8008,2462494,3,2003-05-13
8008,1005796,3,2005-05-03
8008,305344,3,2003-03-21
8008,662054,1,2004-02-20
8008,1898763,1,2003-10-21
8008,2226510,3,2004-12-06
8008,1710658,3,2005-12-20
8008,1403217,3,2005-06-16
8008,2361680,3,2004-04-01
8008,219756,4,2003-03-03
8008,1450484,5,2004-02-07
8008,193885,4,2004-07-24
8008,447759,5,2005-10-20
8008,2043830,1,2005-11-23
8008,1400154,1,2005-07-10
8008,1437691,5,2004-08-04
8008,1795406,3,2005-03-07
8008,2584676,3,2003-06-29
8008,1439129,3,2003-03-24
8008,2319365,3,2004-04-15
8008,931384,2,2004-03-10
8008,1367351,2,2003-09-19
8008,773251,3,2005-05-12
8008,1549264,3,2004-10-17
8008,1962325,3,2004-01-09
8008,335242,5,2004-01-13
8008,288544,2,2004-01-20
8008,2165750,2,2004-11-10
8008,276869,4,2003-05-29
8008,94463,3,2003-06-02
8008,2400157,3,2005-03-29
8008,1819769,2,2003-10-21
8008,2057425,2,2003-11-05
8008,1107588,2,2004-01-08
8008,1706218,3,2004-05-25
8008,2342235,3,2003-10-28
8008,789894,3,2003-07-17
8008,1745107,4,2004-08-04
8008,2056022,2,2005-05-12
8008,2128107,3,2004-01-07
8008,764086,3,2004-01-31
8008,1722054,5,2003-08-26
8008,108311,3,2004-01-27
8008,774881,4,2003-07-16
8008,397290,3,2002-11-23
8008,2088113,5,2005-07-28
8008,2596846,1,2003-01-02
8008,992256,3,2003-02-27
8008,722885,4,2005-06-09
8008,1986816,4,2004-07-02
8008,1905715,4,2004-03-31
8008,1728944,3,2004-04-26
8008,677583,2,2004-09-23
8008,1350500,3,2004-04-27
8008,1005185,4,2004-07-18
8008,2118461,4,2005-12-17
8008,1925605,3,2003-01-01
8008,1801368,2,2004-05-16
8008,2458372,3,2004-03-21
8008,387418,3,2003-08-14
8008,416130,3,2004-08-24
8008,546650,3,2003-05-16
8008,1581244,2,2003-11-25
8008,96074,1,2003-03-29
8008,468219,3,2003-07-09
8008,104373,2,2004-05-19
8008,2578580,3,2004-07-29
8008,654630,4,2004-07-29
8008,580115,1,2004-01-06
8008,1932594,3,2004-06-05
8008,1718096,4,2004-03-12
8008,1848596,3,2005-01-13
8008,2080841,5,2005-02-02
8008,2577632,2,2005-02-22
8008,2290738,2,2003-01-02
8008,1061195,4,2003-12-14
8008,1298036,3,2005-02-23
8008,691040,3,2005-10-08
8008,490834,5,2003-04-01
8008,1461435,1,2003-02-12
8008,872997,4,2003-12-15
8008,27061,5,2004-07-22
8008,2408175,3,2004-06-10
8008,734269,3,2003-04-10
8008,1942891,4,2003-07-28
8008,1586283,3,2005-07-18
8008,1639792,1,2002-12-02
8008,725753,5,2003-01-03
8008,1934481,2,2003-06-24
8008,2017112,3,2004-10-03
8008,1178659,3,2003-06-09
8008,1774409,3,2003-08-22
8008,883202,4,2004-02-15
8008,1737176,1,2003-02-18
8008,616322,3,2004-02-18
8008,1576465,3,2004-04-22
8008,1707198,3,2004-03-07
8008,1852040,3,2004-08-27
8008,1631065,3,2004-01-06
8008,1635289,4,2002-12-17
8008,611494,2,2003-08-06
8008,1939221,3,2003-07-23
8008,1016870,2,2004-01-02
8008,2214360,4,2003-05-28
8008,2621334,2,2004-03-02
8008,552684,2,2004-07-22
8008,437742,3,2004-07-15
8008,1475221,3,2005-04-19
8008,2414635,2,2004-08-23
8008,1134623,3,2003-08-06
8008,1177043,3,2004-01-15
8008,1951593,2,2002-11-14
8008,2178866,2,2003-06-24
8008,1723416,2,2003-09-15
8008,1480872,3,2005-12-13
8008,2220615,2,2004-06-29
8008,1149922,2,2003-04-07
8008,1313126,3,2005-02-03
8008,2446246,3,2005-09-15
8008,1866164,4,2005-10-25
8008,924510,3,2005-08-30
8008,2634967,1,2005-01-10
8008,559886,2,2002-12-23
8008,385450,5,2004-06-18
8008,586706,2,2005-12-19
