16836,393953,5,2001-10-05
16836,2549457,3,2003-03-09
16836,1306185,5,2003-01-19
16836,2502462,1,2004-04-25
16836,862759,5,2004-03-31
16836,890144,1,2004-09-03
16836,1174811,4,2002-06-25
16836,947007,3,2002-07-26
16836,1831407,5,2003-05-03
16836,1849370,3,2004-08-16
16836,2173210,4,2005-01-19
16836,76196,3,2002-01-24
16836,2592489,5,2003-09-03
16836,1185149,3,2004-03-31
16836,2472288,3,2004-09-06
16836,2625420,2,2004-03-15
16836,984874,3,2004-01-23
16836,1248029,4,2004-09-27
16836,622524,3,2004-12-31
16836,2385918,2,2001-08-28
16836,2004175,3,2002-01-31
16836,1728134,3,2003-08-27
16836,1818942,3,2003-11-24
16836,2625857,1,2004-01-26
16836,1060407,4,2003-08-17
16836,903554,5,2004-04-17
16836,322178,1,2005-02-21
16836,1227088,5,2001-02-17
16836,2541025,1,2004-06-08
16836,1227064,2,2004-01-19
16836,29000,1,2004-05-03
16836,70637,4,2001-08-29
16836,326121,5,2004-02-12
16836,759651,3,2004-06-08
16836,1868399,2,2003-12-10
16836,1224299,3,2005-03-18
16836,2294883,5,2002-10-30
16836,2204181,3,2004-01-09
16836,2602249,3,2004-06-03
16836,191966,3,2004-04-09
16836,420620,4,2004-01-25
16836,129895,4,2005-09-12
16836,740041,4,2003-12-18
16836,1234629,1,2003-06-11
16836,2203244,2,2004-01-09
16836,873881,3,2005-04-12
16836,617585,4,2003-03-18
16836,2366006,1,2004-01-04
16836,123134,5,2004-11-01
16836,686960,4,2004-11-10
16836,1197233,3,2004-12-29
16836,510590,2,2004-08-26
16836,949929,5,2004-03-22
16836,2041551,3,2004-01-11
16836,2067044,4,2004-10-04
16836,1179117,2,2005-01-20
16836,257118,4,2003-12-11
16836,2364140,4,2003-09-08
16836,311641,1,2005-03-14
16836,306809,4,2002-08-01
16836,1885223,5,2004-07-30
16836,777968,5,2004-03-19
16836,930194,1,2004-01-30
16836,1766869,4,2005-02-06
16836,2176147,5,2005-06-28
16836,1721623,1,2004-01-19
16836,155342,1,2003-03-30
16836,906590,3,2003-02-24
16836,1208146,3,2004-05-11
16836,1714902,3,2004-02-09
16836,945327,2,2004-06-01
16836,212332,3,2002-10-23
16836,2192991,4,2002-07-10
16836,505375,5,2004-03-15
16836,1740863,4,2004-02-17
16836,2488960,3,2004-06-20
16836,1159695,3,2005-02-15
16836,964983,4,2005-08-18
16836,125275,3,2004-06-22
16836,2401585,4,2003-12-19
16836,1257939,3,2004-03-31
16836,2296095,3,2004-01-02
16836,1616807,3,2004-02-06
16836,1972677,4,2005-12-08
16836,224880,4,2003-07-31
16836,1648838,1,2003-04-30
16836,229617,1,2004-06-24
16836,1630820,4,2004-09-15
16836,604449,1,2002-06-14
16836,1242367,1,2002-06-24
16836,1316671,2,2003-02-17
16836,2224609,3,2003-08-11
16836,1333434,4,2003-11-20
16836,1927580,3,2003-11-24
16836,1954946,1,2004-02-26
16836,1714211,2,2004-01-27
16836,1215385,4,2004-05-19
16836,727242,1,2004-05-17
16836,1742740,3,2004-03-02
16836,1131851,3,2004-01-28
16836,1520829,3,2004-01-02
16836,1613395,4,2004-04-01
16836,695720,4,2004-01-29
16836,341468,1,2005-04-07
16836,2168500,3,2002-10-21
16836,354459,2,2005-07-19
16836,269689,4,2002-05-09
16836,1271154,2,2003-12-03
16836,80478,1,2003-11-29
16836,1567202,1,2005-06-13
16836,2557491,4,2005-10-05
16836,1262598,2,2004-05-17
16836,1082979,3,2004-10-15
16836,1831553,4,2005-12-12
16836,1272379,1,2002-03-19
16836,1788346,1,2003-05-14
16836,2638946,5,2004-10-05
16836,2476691,2,2001-11-29
16836,2272657,2,2003-07-31
16836,20392,3,2004-09-09
16836,2329026,3,2004-05-06
16836,953075,3,2004-12-27
16836,549640,5,2004-01-30
16836,2378920,1,2005-05-07
16836,864172,2,2003-07-14
16836,1342785,5,2004-11-17
16836,164845,1,2005-02-20
16836,2468821,5,2005-05-01
16836,951713,4,2003-02-11
16836,1715556,5,2004-01-10
16836,486813,4,2003-09-29
16836,2429396,3,2004-01-26
16836,1980497,5,2004-08-12
16836,1695944,4,2004-05-27
16836,389398,2,2005-02-09
16836,349727,1,2001-08-18
16836,1458665,5,2003-01-04
16836,1412898,1,2004-12-14
16836,133984,3,2003-07-08
16836,786695,3,2003-05-07
16836,609908,3,2003-01-25
16836,524672,4,2004-09-14
16836,1591355,1,2002-12-24
16836,2062350,4,2003-06-16
16836,2474233,5,2004-02-16
16836,1262307,4,2004-02-27
16836,1215759,3,2005-04-06
16836,1823239,5,2001-08-18
16836,2183805,4,2004-06-14
16836,1819462,3,2005-04-15
16836,1232747,2,2005-12-18
16836,1943753,4,2002-06-13
16836,1463088,4,2003-08-21
16836,42713,3,2004-03-10
16836,2439493,1,2003-01-15
16836,328878,3,2003-05-27
16836,1065138,3,2004-02-07
16836,530789,1,2004-01-31
16836,180858,4,2004-05-15
16836,1516851,4,2005-08-12
16836,1758848,1,2004-01-03
16836,1926026,5,2003-12-14
16836,1956085,3,2004-04-27
16836,693288,3,2005-11-14
16836,1684232,3,2004-03-11
16836,301889,4,2003-12-09
16836,2259598,4,2004-06-07
16836,661979,4,2005-04-25
16836,2082428,5,2002-08-01
16836,238181,4,2003-02-14
16836,1918206,3,2003-06-03
16836,975534,3,2004-04-20
16836,2053984,1,2004-05-31
16836,1917946,1,2005-03-08
16836,1871769,3,2001-06-22
16836,894993,5,2005-08-02
16836,2117189,3,2002-08-26
16836,1563935,1,2005-08-12
16836,385102,5,2004-07-18
16836,890310,2,2004-12-29
16836,1612973,3,2001-08-27
16836,960007,4,2004-09-08
16836,2221375,2,2003-12-03
16836,1496291,3,2004-07-30
16836,2507985,4,2005-03-16
16836,1719990,1,2004-01-02
16836,684876,1,2004-03-30
16836,719646,3,2004-08-05
16836,173220,3,2004-09-07
16836,1548625,5,2001-09-30
16836,1237173,1,2004-01-25
16836,1473980,2,2005-09-17
16836,633570,1,2004-07-09
16836,934235,4,2002-07-11
16836,2457662,4,2005-10-06
16836,1628442,5,2003-08-22
16836,1885993,4,2003-04-30
16836,1561880,4,2003-12-24
16836,2353672,5,2003-12-13
16836,461075,1,2004-08-30
16836,1645365,4,2004-09-08
16836,959443,5,2004-08-27
16836,762290,5,2005-06-12
16836,650890,4,2005-09-14
16836,371806,4,2003-09-08
16836,1415739,3,2004-05-03
16836,1304231,4,2004-03-06
16836,1560934,4,2003-12-11
16836,283134,5,2004-01-21
16836,208418,1,2004-03-31
16836,1268699,3,2004-07-01
16836,564510,5,2004-11-23
16836,2213540,3,2002-08-20
16836,340807,3,2003-08-18
16836,2468305,2,2004-02-13
16836,1129947,4,2004-05-28
16836,2109149,4,2005-05-23
16836,1788688,4,2002-06-02
16836,998129,3,2004-08-10
16836,2454928,3,2003-05-31
16836,1441622,3,2002-07-28
16836,1506806,5,2003-01-07
16836,1739970,4,2004-01-22
16836,378033,1,2004-04-25
16836,1903324,1,2003-11-24
16836,1777406,1,2002-12-14
16836,2644264,5,2003-06-11
16836,1789236,3,2004-03-26
16836,1075164,1,2004-02-08
16836,1543881,5,2004-06-04
16836,1911485,3,2005-01-05
16836,732669,3,2004-09-02
16836,1951560,5,2004-01-18
16836,2424683,1,2004-08-15
16836,1125150,5,2005-10-29
16836,758052,3,2003-08-07
16836,428653,5,2003-04-19
16836,89732,2,2004-05-27
16836,769702,5,2005-02-06
16836,501823,5,2005-07-10
16836,511613,2,2003-12-28
16836,2310154,4,2005-08-29
16836,1756533,3,2004-10-10
16836,1689421,4,2002-06-28
16836,1243198,3,2004-03-14
16836,2515652,2,2004-05-13
16836,1377926,3,2004-02-04
16836,277837,2,2005-02-01
16836,1419103,2,2005-02-23
16836,1107368,3,2003-09-13
16836,1876520,1,2002-05-09
16836,2518312,2,2004-02-23
16836,550883,1,2004-01-20
16836,1757328,3,2004-05-27
16836,2476306,5,2004-04-03
16836,1444841,3,2004-03-15
16836,329809,3,2004-02-20
16836,1212518,5,2003-06-17
16836,1664168,5,2003-07-15
16836,786801,4,2004-04-01
16836,1753638,3,2004-01-12
16836,2302897,5,2004-04-27
16836,1105029,2,2005-01-07
16836,1333759,5,2004-06-09
16836,1797234,1,2004-01-08
16836,587254,2,2004-06-18
16836,2205594,1,2002-03-28
16836,2199237,2,2003-04-08
16836,2195832,3,2002-05-24
16836,536047,5,2005-07-30
16836,622184,3,2004-07-18
16836,1392598,4,2003-11-21
16836,618272,3,2005-08-14
16836,595610,3,2003-08-20
16836,1528418,5,2004-06-28
16836,596918,4,2004-06-28
16836,496436,1,2002-07-02
16836,2198039,4,2004-01-25
16836,382965,4,2002-06-06
16836,1098288,3,2004-02-26
16836,787387,3,2004-01-24
16836,1316755,4,2003-12-28
16836,1125797,3,2004-06-24
16836,2232828,5,2004-07-20
16836,1671330,3,2005-01-30
16836,1287892,2,2004-01-12
16836,1865751,1,2004-09-01
16836,1275141,4,2004-01-21
16836,1651763,1,2004-05-28
16836,1521844,5,2004-10-03
16836,1448959,3,2001-03-01
16836,2031395,3,2003-05-05
16836,593258,3,2005-08-16
16836,1358544,5,2003-08-23
16836,275803,4,2004-01-24
16836,1040587,3,2004-06-24
16836,972238,5,2003-08-08
16836,2479185,3,2004-04-15
16836,1954578,5,2004-06-23
16836,199435,4,2004-05-03
16836,507603,1,2005-03-23
16836,1277590,1,2003-12-06
16836,2585864,1,2004-06-21
16836,1062029,5,2005-02-21
16836,1770821,4,2003-09-23
16836,1929508,1,2004-05-27
16836,595870,2,2005-01-03
16836,120820,3,2001-03-28
16836,1221608,3,2003-01-22
16836,1113221,3,2004-03-26
16836,289212,2,2003-05-28
16836,48923,4,2004-04-25
16836,2232677,3,2004-12-28
16836,2524668,5,2005-06-27
16836,1294472,5,2003-08-03
16836,2083367,3,2002-10-29
16836,320314,5,2005-08-24
16836,2250323,3,2003-08-19
16836,1153492,2,2004-10-30
16836,2552319,2,2005-04-03
16836,2457781,1,2005-04-11
16836,1086299,4,2005-05-13
16836,1860102,4,2005-06-22
16836,538668,3,2003-12-20
16836,2266494,4,2002-12-07
16836,1900307,3,2004-05-24
16836,979865,1,2004-02-03
16836,659526,1,2004-01-01
16836,909199,5,2005-01-08
16836,936891,5,2005-04-28
16836,551962,5,2005-12-11
16836,388341,3,2004-02-24
16836,181207,5,2004-03-08
16836,979155,1,2004-07-15
16836,2424901,3,2004-04-17
16836,2581980,3,2004-05-05
16836,1042938,5,2004-02-23
16836,2101288,4,2004-04-10
16836,776581,4,2003-06-10
16836,1590996,3,2003-03-10
16836,2553657,2,2003-12-23
16836,1540611,3,2004-05-15
16836,263743,1,2004-05-01
16836,2203225,1,2004-10-24
16836,490022,5,2001-11-29
16836,2489831,4,2004-07-13
16836,2358637,2,2004-04-29
16836,388643,1,2003-07-07
16836,2077008,2,2004-01-12
16836,1389844,3,2004-09-07
16836,1664010,5,2005-10-13
16836,1055424,3,2003-12-30
16836,1832676,5,2004-03-12
16836,2305699,4,2004-09-08
16836,296452,1,2004-02-05
16836,1839258,3,2004-04-23
16836,2249828,3,2004-01-16
16836,722258,4,2004-02-11
16836,1838074,3,2004-01-22
16836,135625,5,2004-09-16
16836,45018,1,2005-03-10
16836,1265524,1,2004-02-06
16836,2457197,3,2003-12-03
16836,1199636,3,2004-03-04
16836,2295095,2,2004-10-01
16836,576990,1,2004-12-09
16836,2453349,5,2005-02-04
16836,134441,5,2002-02-23
16836,1626928,4,2003-04-18
16836,803610,2,2004-06-25
16836,608313,3,2003-09-23
16836,2287271,3,2004-01-02
16836,445824,3,2004-08-28
16836,499257,1,2005-05-14
16836,1829377,3,2005-12-12
16836,862596,1,2005-09-15
16836,1573611,3,2004-05-20
16836,578699,4,2004-03-29
16836,414207,5,2001-12-07
16836,2195651,4,2005-07-21
16836,2327122,4,2002-09-06
16836,1163116,5,2003-01-22
16836,2498949,1,2004-10-31
16836,1244987,4,2005-10-19
16836,935151,1,2005-07-27
16836,476742,4,2004-09-07
16836,910945,3,2004-07-29
16836,1916302,3,2004-06-29
16836,873713,1,2004-10-25
16836,1117550,1,2004-03-11
16836,25049,1,2004-05-18
16836,1149566,1,2004-05-20
16836,546391,4,2003-08-11
16836,330439,3,2003-09-03
16836,2514777,2,2004-01-13
16836,257931,1,2004-01-18
16836,708507,2,2004-09-07
16836,1160024,4,2005-07-19
16836,1326994,5,2002-04-23
16836,773513,5,2003-08-01
16836,1681947,3,2003-06-18
16836,1530423,4,2004-01-04
16836,1328545,4,2003-12-05
16836,2037342,3,2004-07-26
16836,1148389,2,2005-01-01
16836,1948791,4,2004-01-16
16836,1354832,2,2004-01-22
16836,1094767,4,2004-05-25
16836,1473483,2,2004-12-28
16836,1427057,4,2004-12-30
16836,1298511,1,2002-04-14
16836,2570080,1,2002-06-01
16836,1282217,2,2004-03-01
16836,1949871,2,2005-02-08
16836,525071,2,2005-03-21
16836,456452,4,2002-12-03
16836,1086481,2,2004-01-12
16836,933819,5,2004-01-22
16836,1615724,2,2004-02-18
16836,921677,3,2003-11-21
16836,1203775,3,2003-02-12
16836,1075766,5,2004-11-01
16836,1935793,3,2005-03-21
16836,447707,4,2005-06-30
16836,1661084,4,2001-02-24
16836,2402393,3,2004-05-26
16836,1816884,1,2003-07-09
16836,1972798,1,2005-01-19
16836,2608151,4,2005-05-31
16836,912026,4,2003-11-28
16836,104502,4,2004-03-22
16836,2276129,4,2004-04-20
16836,667911,1,2004-01-20
16836,886681,1,2004-05-18
16836,344121,5,2004-09-30
16836,1728035,3,2005-07-15
16836,548778,4,2002-10-19
16836,2264371,3,2003-10-14
16836,2624910,5,2003-12-17
16836,531125,2,2004-07-20
16836,1582151,3,2004-09-09
16836,1778955,1,2005-03-04
16836,2326186,5,2005-03-18
16836,685565,5,2005-09-26
16836,433651,3,2005-08-04
16836,305177,2,2003-12-22
16836,82251,4,2004-07-19
16836,1378848,2,2004-08-10
16836,1780326,4,2004-01-21
16836,2535971,1,2005-08-17
16836,230112,1,2004-07-03
16836,1265428,3,2005-06-15
16836,2534061,1,2004-02-24
16836,2048038,5,2004-02-03
16836,2558442,3,2004-02-09
16836,1101428,3,2004-11-13
16836,1556831,1,2005-01-19
16836,2128781,5,2003-06-18
16836,1844527,4,2004-01-10
16836,1204018,5,2003-08-10
16836,1378838,5,2003-12-16
16836,1255867,5,2004-01-28
16836,1119611,2,2004-09-13
16836,2034709,4,2002-04-05
16836,386947,3,2002-07-13
16836,1218689,3,2004-01-30
16836,2532109,3,2004-04-02
16836,2089599,3,2004-01-02
16836,496508,3,2004-11-01
16836,920065,1,2004-12-22
16836,320856,1,2005-01-11
16836,1867719,5,2004-08-02
16836,1987190,4,2003-11-24
16836,1865249,2,2004-04-17
16836,2606799,2,2005-05-16
16836,2244004,5,2004-01-07
16836,1748073,4,2004-02-16
16836,910979,1,2004-03-22
16836,1144195,4,2004-03-20
16836,943436,3,2003-12-02
16836,1594460,4,2003-12-07
16836,2165246,4,2003-11-30
16836,2559537,1,2005-01-19
16836,2069874,5,2004-01-18
16836,431019,2,2004-02-29
16836,2256485,1,2004-11-28
16836,1733925,5,2002-03-21
16836,619830,4,2004-02-27
16836,111735,4,2004-03-29
16836,2133849,1,2004-12-25
16836,1181547,4,2005-02-03
16836,716173,5,2005-06-27
16836,253527,5,2004-03-12
16836,1996008,3,2003-08-19
16836,2539534,5,2004-01-12
16836,24801,3,2000-11-13
16836,803232,3,2002-08-24
16836,789014,2,2003-01-06
16836,1829685,1,2002-06-13
16836,135932,3,2003-12-29
16836,399643,4,2004-01-27
16836,2578109,4,2004-10-31
16836,682963,3,2005-06-20
16836,143011,3,2005-10-13
16836,876370,2,2003-12-16
16836,2457845,5,2005-07-13
16836,112886,3,2002-08-23
16836,285488,2,2003-12-15
16836,21677,1,2004-01-14
16836,1284520,4,2002-08-23
16836,904842,4,2004-05-25
16836,517392,2,2003-12-16
16836,763702,1,2003-09-03
16836,2220186,1,2003-12-14
16836,1738851,1,2004-04-25
16836,319058,2,2004-09-03
16836,389581,5,2004-11-15
16836,1659827,5,2005-07-06
16836,2313670,3,2004-04-26
16836,483785,3,2005-06-14
16836,577849,5,2003-04-24
16836,1761783,2,2004-01-09
16836,1030342,4,2003-08-28
16836,1627955,2,2004-12-16
16836,2545982,5,2002-10-04
16836,1453137,4,2002-10-05
16836,496890,5,2004-01-22
16836,464674,1,2004-01-26
16836,305344,1,2003-02-21
16836,1210935,4,2004-04-15
16836,276968,4,2004-09-20
16836,525937,5,2005-03-07
16836,2203382,3,2002-06-25
16836,894275,3,2005-08-29
16836,1260100,5,2004-02-29
16836,984731,3,2005-06-20
16836,2317063,4,2003-11-25
16836,253251,3,2004-03-19
16836,1118424,5,2004-07-29
16836,1185017,3,2005-02-21
16836,664232,4,2003-07-31
16836,810806,1,2004-01-03
16836,1514293,5,2004-07-08
16836,257923,4,2005-11-10
16836,249543,4,2005-08-15
16836,2305328,3,2004-01-05
16836,2217027,1,2004-01-13
16836,1356861,3,2005-12-22
16836,219756,5,2003-05-27
16836,1942256,1,2003-02-24
16836,1799854,1,2003-12-08
16836,262372,1,2004-02-04
16836,490882,4,2004-02-04
16836,1428930,1,2004-12-29
16836,1058783,3,2005-01-24
16836,1068387,3,2002-09-12
16836,2376301,5,2005-12-21
16836,509554,4,2002-12-28
16836,1760393,1,2004-01-29
16836,640018,3,2004-06-06
16836,1152679,5,2004-11-17
16836,116563,4,2005-03-23
16836,1905074,4,2001-07-31
16836,1524551,1,2003-11-25
16836,1228324,2,2004-05-01
16836,655601,3,2002-10-31
16836,2006046,1,2004-01-19
16836,1459987,3,2004-11-10
16836,980149,2,2005-10-31
16836,982191,2,2004-04-07
16836,1292631,1,2001-06-08
16836,2190578,4,2004-08-18
16836,1047055,3,2003-09-17
16836,2374610,3,2004-02-21
16836,2133695,3,2005-06-28
16836,1584550,5,2002-03-29
16836,2315012,1,2004-02-23
16836,840769,3,2003-11-25
16836,139006,1,2004-01-05
16836,2136118,3,2004-07-08
16836,1861484,3,2003-01-09
16836,1770828,1,2004-01-18
16836,351428,1,2004-02-08
16836,1634992,3,2004-08-16
16836,466984,4,2004-11-07
16836,2029744,3,2005-11-08
16836,1452669,4,2003-06-25
16836,1952398,4,2004-02-22
16836,2527422,3,2004-05-26
16836,145069,4,2004-01-30
16836,159159,2,2004-01-27
16836,2543090,5,2004-09-16
16836,222179,5,2004-10-23
16836,1733440,1,2003-12-26
16836,1032461,5,2004-06-08
16836,809388,3,2003-03-24
16836,8382,2,2002-09-23
16836,1440607,1,2004-05-18
16836,2570916,3,2004-01-06
16836,1503263,2,2004-08-10
16836,574530,3,2003-10-29
16836,1797320,2,2004-03-02
16836,2183434,3,2004-02-02
16836,1582923,1,2004-01-19
16836,1011531,1,2004-06-05
16836,388609,3,2005-06-03
16836,1386516,5,2001-07-02
16836,2195168,5,2004-01-26
16836,2158747,4,2002-09-19
16836,1186252,5,2003-01-14
16836,576440,5,2003-07-12
16836,402266,3,2004-07-08
16836,606144,1,2005-01-19
16836,2017088,3,2005-09-27
16836,1189426,1,2003-12-15
16836,483087,3,2004-02-06
16836,389872,4,2003-07-10
16836,1461701,5,2004-02-15
16836,329717,3,2004-06-21
16836,1780711,4,2004-08-02
16836,227799,2,2005-03-29
16836,2059098,3,2005-05-19
16836,831272,3,2003-12-28
16836,1251211,3,2004-08-20
16836,1103284,3,2001-02-23
16836,418031,5,2001-03-09
16836,1107588,1,2004-02-03
16836,507873,1,2005-03-23
16836,2205030,3,2004-02-15
16836,1199398,1,2004-05-23
16836,10679,5,2005-08-29
16836,1174453,2,2002-09-02
16836,1898987,3,2003-12-24
16836,1168494,2,2004-04-19
16836,1561960,1,2005-01-20
16836,2595820,2,2004-01-04
16836,465640,4,2004-07-19
16836,592277,1,2003-11-25
16836,101271,1,2004-04-26
16836,1124753,3,2004-04-08
16836,818050,1,2003-12-11
16836,1542441,4,2004-02-04
16836,1884516,5,2005-02-09
16836,1963686,5,2004-03-01
16836,726534,2,2004-03-15
16836,397815,1,2003-12-06
16836,1291217,4,2004-01-01
16836,2274850,1,2004-01-01
16836,508335,1,2004-01-03
16836,1034831,4,2005-02-10
16836,465414,2,2004-08-27
16836,33944,5,2004-11-10
16836,775645,4,2005-04-10
16836,2638601,3,2004-06-21
16836,2173688,3,2003-05-27
16836,79553,3,2004-01-04
16836,1420148,3,2004-05-18
16836,2575315,3,2004-10-05
16836,2048970,3,2004-12-27
16836,2393478,1,2005-04-19
16836,2294383,3,2004-08-26
16836,395856,3,2004-07-14
16836,312008,4,2004-03-23
16836,1101079,4,2004-01-14
16836,1545267,4,2003-02-13
16836,1684601,2,2004-04-15
16836,2220732,1,2003-12-28
16836,2361408,1,2005-03-15
16836,1229628,5,2005-06-04
16836,2582307,3,2004-04-11
16836,720503,3,2004-06-15
16836,2118461,5,2005-10-24
16836,1922670,3,2002-02-19
16836,1362851,3,2004-02-03
16836,969461,1,2003-12-22
16836,316734,3,2004-05-05
16836,2157060,1,2004-11-21
16836,529687,2,2005-02-25
16836,1878548,5,2002-04-05
16836,1284386,2,2003-11-30
16836,1059341,4,2003-12-14
16836,1460630,1,2004-01-08
16836,387418,1,2005-11-09
16836,637070,1,2004-02-07
16836,704598,1,2004-06-01
16836,488835,4,2004-08-09
16836,790054,5,2004-12-09
16836,181843,5,2005-09-29
16836,1310425,1,2004-08-30
16836,2257454,3,2003-09-16
16836,2546347,3,2004-04-08
16836,1596189,5,2005-07-18
16836,1029163,1,2002-05-26
16836,1002688,1,2004-02-19
16836,11676,4,2003-09-11
16836,2149035,5,2005-12-26
16836,747810,3,2002-06-02
16836,2344810,1,2003-12-29
16836,725600,4,2005-06-21
16836,2592540,3,2002-09-15
16836,2373853,3,2003-04-17
16836,841526,1,2003-01-04
16836,646678,3,2003-11-04
16836,1960102,5,2003-11-06
16836,1932594,2,2004-07-12
16836,363978,4,2005-02-08
16836,227461,2,2001-06-30
16836,1061195,3,2004-01-27
16836,1003617,1,2004-01-16
16836,1116065,3,2005-04-06
16836,569868,5,2005-10-31
16836,1252289,2,2005-08-02
16836,1339269,3,2004-06-26
16836,1884816,3,2004-07-29
16836,2562398,5,2005-06-22
16836,710440,2,2003-12-26
16836,1663888,1,2003-11-03
16836,2326926,5,2004-07-27
16836,1702863,5,2004-08-26
16836,1257336,1,2004-11-23
16836,755497,3,2005-06-01
16836,1654721,4,2005-11-20
16836,1461435,1,2002-01-21
16836,1163477,4,2004-07-27
16836,694070,5,2005-07-27
16836,829708,5,2003-06-21
16836,1016231,5,2004-01-17
16836,173930,3,2002-09-10
16836,2584374,4,2005-08-09
16836,182203,3,2003-11-28
16836,325354,1,2004-08-16
16836,646313,5,2004-04-18
16836,2642444,5,2004-10-06
16836,1617608,5,2004-01-08
16836,111796,5,2004-03-01
16836,606098,1,2004-06-04
16836,1893120,4,2004-08-24
16836,1023697,2,2004-11-17
16836,1370722,3,2005-05-13
16836,7152,4,2001-10-17
16836,151004,1,2004-05-06
16836,1186269,1,2004-01-31
16836,794263,5,2005-07-01
16836,1241958,3,2001-02-22
16836,409191,3,2004-01-19
16836,442963,3,2004-01-12
16836,2295800,3,2004-07-24
16836,1639792,1,2002-03-30
16836,2578968,4,2003-01-23
16836,767570,3,2002-08-24
16836,1103345,5,2005-08-07
16836,2181518,1,2003-02-14
16836,1352747,4,2003-12-30
16836,582829,1,2004-01-02
16836,1233297,3,2004-10-12
16836,57633,5,2002-06-05
16836,1429971,4,2003-12-15
16836,371701,3,2005-04-06
16836,2444624,5,2005-09-21
16836,709905,1,2002-04-25
16836,1551313,2,2003-12-03
16836,1025888,5,2003-09-17
16836,535510,4,2004-01-05
16836,1803268,2,2003-03-03
16836,1977362,3,2003-04-22
16836,2418731,1,2004-06-09
16836,720852,5,2004-08-07
16836,1775113,1,2003-12-22
16836,972253,4,2005-08-11
16836,2068754,3,2005-08-22
16836,1351898,4,2003-12-02
16836,2087093,2,2004-01-28
16836,450423,4,2004-02-08
16836,16786,4,2004-10-07
16836,772843,4,2004-11-09
16836,1440251,2,2004-08-23
16836,714349,2,2004-07-14
16836,2238060,3,2004-08-16
16836,1196676,3,2003-07-11
16836,373897,1,2003-02-13
16836,2539837,2,2004-01-06
16836,363868,4,2004-06-28
16836,2190079,2,2004-01-11
16836,296936,1,2003-12-10
16836,1852040,3,2004-01-12
16836,1878780,2,2004-05-16
16836,2646000,5,2005-04-10
16836,2504608,4,2005-12-03
16836,711263,1,2003-12-12
16836,1486956,3,2005-03-26
16836,728085,5,2005-07-26
16836,2208977,2,2003-11-30
16836,375632,3,2004-01-14
16836,1811676,1,2003-11-21
16836,515436,1,2005-01-10
16836,203324,2,2005-09-22
16836,2441556,3,2005-12-06
16836,2172967,4,2003-07-25
16836,208322,4,2005-01-31
16836,2320697,3,2005-05-14
16836,1614163,3,2005-02-06
16836,898888,5,2003-07-21
16836,2375388,4,2005-07-25
16836,426460,3,2004-02-08
16836,1580975,4,2002-06-25
16836,273310,4,2003-04-29
16836,1671043,3,2004-05-24
16836,508534,1,2004-01-19
16836,312695,3,2004-08-30
16836,1534085,3,2004-05-11
16836,1482752,4,2004-07-11
16836,2294627,5,2004-04-09
16836,390964,3,2004-05-06
16836,105737,3,2004-05-31
16836,1845488,4,2005-11-02
16836,425403,4,2004-09-09
16836,807890,5,2004-07-04
16836,1431311,3,2004-08-30
16836,1337556,2,2005-05-30
16836,1357667,3,2002-08-12
16836,320421,4,2004-02-03
16836,1727167,5,2004-10-05
16836,834126,4,2004-10-30
16836,392830,2,2003-08-24
16836,325529,5,2004-07-19
16836,1270959,1,2003-05-26
16836,13017,3,2004-06-24
16836,1423566,1,2004-09-19
16836,1703262,4,2004-12-01
16836,2087863,2,2003-05-26
16836,324510,1,2004-01-16
16836,434436,5,2004-07-05
16836,1677862,1,2004-01-20
16836,2519568,4,2004-06-27
16836,2151468,1,2005-05-14
