5605,716091,5,2004-05-04
5605,1990901,3,2004-05-04
5605,1907667,3,2004-09-14
5605,2439005,5,2004-09-08
5605,1744889,4,2004-05-04
5605,779760,5,2005-08-09
5605,2266550,5,2004-09-03
5605,1691737,4,2004-04-06
5605,573364,4,2005-03-08
5605,2467008,3,2005-05-28
5605,2031561,4,2005-06-20
5605,1850680,1,2005-09-18
5605,1427886,5,2005-09-24
5605,701730,4,2005-10-05
5605,2380125,4,2005-10-20
5605,2459854,5,2005-10-27
5605,1696725,4,2004-06-16
5605,341804,5,2005-07-20
5605,105942,5,2004-04-14
5605,1532251,4,2004-05-04
5605,433185,3,2004-04-01
5605,1646405,5,2005-08-21
5605,430829,5,2004-11-18
5605,835282,1,2005-04-14
5605,881409,4,2005-05-14
5605,1956280,5,2005-11-15
5605,2267507,3,2004-03-17
5605,2625420,2,2004-06-04
5605,2484814,3,2005-08-18
5605,2482518,5,2004-07-14
5605,2100975,5,2005-01-19
5605,1049643,5,2004-07-13
5605,2220984,5,2004-05-04
5605,2162424,4,2004-10-21
5605,330334,2,2004-10-25
5605,2259898,3,2004-11-04
5605,1949239,4,2004-11-29
5605,2046562,5,2005-09-11
5605,1977959,4,2004-05-04
5605,2173816,1,2004-05-21
5605,1254903,4,2004-05-04
5605,2159069,3,2004-05-04
5605,2058124,4,2004-04-26
5605,2315636,5,2005-02-01
5605,2500070,5,2005-03-07
5605,398399,5,2005-03-09
5605,2604070,2,2005-03-18
5605,704604,4,2005-03-19
5605,1805240,2,2005-06-01
5605,1420822,4,2005-06-29
5605,675390,4,2004-09-07
5605,670388,4,2005-08-22
5605,232270,5,2005-08-30
5605,231956,5,2005-08-31
5605,1477923,5,2004-10-26
5605,2546842,4,2004-12-14
5605,1622035,4,2005-01-10
5605,322178,1,2005-02-12
5605,400698,4,2005-05-31
5605,2153455,5,2005-09-22
5605,2646060,1,2004-05-04
5605,1405345,5,2005-08-26
5605,1517471,4,2004-08-07
5605,1962716,4,2004-09-04
5605,1319527,5,2004-12-07
5605,499718,5,2004-12-08
5605,1429495,5,2005-04-25
5605,1829891,4,2005-05-30
5605,1379726,4,2005-11-21
5605,22252,3,2004-05-04
5605,1212700,5,2005-07-19
5605,2307724,2,2004-07-22
5605,1658752,2,2004-03-24
5605,215540,4,2005-08-10
5605,2538912,4,2004-05-04
5605,2454915,4,2004-09-29
5605,1501223,2,2004-12-07
5605,1257103,5,2005-02-21
5605,1047087,4,2005-05-13
5605,1952746,4,2005-09-12
5605,899412,4,2005-10-16
5605,77662,2,2005-11-09
5605,848068,3,2005-07-08
5605,268768,2,2004-05-04
5605,1808930,5,2004-10-27
5605,172815,4,2005-05-10
5605,1672077,4,2005-05-19
5605,433881,4,2005-06-27
5605,1877834,5,2005-11-04
5605,2554745,4,2004-05-04
5605,2091752,3,2004-03-15
5605,1133125,5,2004-08-10
5605,1990523,4,2005-07-21
5605,1016977,4,2004-03-22
5605,153249,4,2004-05-04
5605,971977,5,2004-05-31
5605,2259345,5,2004-05-30
5605,2623268,5,2004-03-24
5605,1673185,4,2005-01-27
5605,889079,5,2005-03-19
5605,709091,3,2005-05-11
5605,2389815,5,2005-09-12
5605,345351,5,2005-12-09
5605,731217,2,2004-05-04
5605,914421,3,2004-03-23
5605,1865375,4,2005-08-05
5605,2602282,1,2004-05-04
5605,719833,3,2004-05-04
5605,30170,5,2004-04-28
5605,820785,4,2004-07-26
5605,918308,4,2004-04-20
5605,1223524,5,2005-02-07
5605,2174603,5,2005-02-13
5605,2579169,1,2005-04-25
5605,2254413,3,2005-09-20
5605,279120,5,2004-05-04
5605,2186191,3,2004-07-27
5605,1005983,4,2004-05-23
5605,786312,3,2004-11-15
5605,861239,5,2004-12-01
5605,2215261,5,2004-12-23
5605,189659,5,2005-05-31
5605,1154357,5,2005-02-02
5605,211046,4,2005-04-26
5605,1173712,4,2005-05-25
5605,1135038,4,2005-06-09
5605,2425147,2,2004-05-04
5605,714330,4,2004-09-09
5605,1602952,4,2004-05-04
5605,1902380,5,2004-05-04
5605,578525,3,2004-09-12
5605,1299105,5,2004-12-06
5605,424958,4,2004-12-22
5605,1753149,5,2005-02-08
5605,1081360,5,2005-05-31
5605,2090639,5,2005-09-23
5605,1472512,5,2005-10-14
5605,465035,5,2005-10-24
5605,2546339,5,2005-11-15
5605,1511955,5,2005-07-10
5605,1696335,5,2004-05-04
5605,619721,4,2004-05-06
5605,1866413,4,2004-11-21
5605,57389,5,2005-01-08
5605,595407,2,2005-03-27
5605,738080,3,2005-05-06
5605,1960490,4,2005-05-23
5605,696969,5,2005-05-24
5605,1620439,3,2005-09-22
5605,907557,5,2005-10-28
5605,1892961,5,2005-12-08
5605,328364,5,2004-05-04
5605,731117,4,2005-08-10
5605,335351,4,2004-04-14
5605,2366590,5,2004-11-04
5605,2287841,4,2004-12-23
5605,2087269,4,2005-03-24
5605,1472904,1,2005-04-13
5605,874266,4,2005-06-30
5605,2420584,4,2005-09-14
5605,1911350,4,2005-11-16
5605,2364018,4,2004-06-06
5605,873045,4,2004-06-10
5605,10567,4,2004-05-04
5605,347323,5,2004-11-02
5605,1844270,4,2004-12-09
5605,211976,4,2005-03-14
5605,2558074,3,2005-04-14
5605,2153840,5,2005-06-24
5605,2360947,3,2005-11-08
5605,2560462,5,2005-12-13
5605,1033433,2,2004-05-04
5605,77056,4,2004-05-04
5605,1645609,5,2005-08-26
5605,469461,5,2004-11-24
5605,1253349,5,2004-12-30
5605,1642019,5,2005-01-09
5605,1346269,5,2005-02-04
5605,10016,5,2005-07-01
5605,2242779,5,2005-09-29
5605,2637578,5,2005-10-25
5605,1579842,5,2005-07-07
5605,1282822,5,2004-05-04
5605,1489582,4,2005-07-24
5605,2403331,4,2004-05-04
5605,2134531,5,2005-08-21
5605,973538,4,2004-10-24
5605,2192991,5,2004-10-30
5605,1039068,5,2005-03-03
5605,953100,2,2005-03-14
5605,2268465,5,2005-06-05
5605,921499,5,2005-11-16
5605,915511,4,2004-04-14
5605,1730160,5,2004-10-23
5605,1231207,5,2004-11-09
5605,1107636,4,2005-01-09
5605,955366,4,2005-10-17
5605,1810074,4,2005-07-22
5605,750816,2,2004-05-04
5605,1108304,4,2004-05-04
5605,386510,4,2005-09-08
5605,1930102,5,2004-05-04
5605,2403969,5,2004-10-03
5605,515850,4,2004-11-28
5605,1737059,5,2004-12-28
5605,814376,5,2005-03-18
5605,660495,4,2005-05-06
5605,2494367,5,2005-10-25
5605,1181037,5,2005-11-06
5605,736664,5,2005-11-10
5605,2002542,3,2005-08-17
5605,2169446,4,2005-08-29
5605,2604976,4,2005-08-30
5605,35797,1,2005-03-02
5605,2425195,5,2005-04-13
5605,968279,2,2004-05-04
5605,1927580,4,2004-03-12
5605,1407746,5,2004-06-04
5605,1956967,5,2004-11-17
5605,678740,5,2005-01-03
5605,2485566,5,2005-01-09
5605,548180,5,2005-09-19
5605,1258694,3,2005-12-31
5605,617068,4,2004-05-04
5605,2640203,5,2005-08-04
5605,664105,5,2004-05-04
5605,307601,2,2005-09-02
5605,2334536,4,2005-05-31
5605,804100,4,2005-09-07
5605,1718511,5,2005-07-25
5605,2628834,3,2004-05-04
5605,196173,4,2004-05-04
5605,214018,5,2004-05-04
5605,232257,4,2004-05-04
5605,2294516,4,2004-05-04
5605,394194,3,2004-10-28
5605,329226,4,2005-03-22
5605,2459624,4,2005-09-14
5605,2262375,5,2005-12-22
5605,1099072,2,2004-05-04
5605,2103896,5,2005-07-21
5605,1134816,4,2004-05-04
5605,591529,3,2004-04-13
5605,2106083,4,2004-05-04
5605,12692,3,2004-03-24
5605,967997,3,2005-01-19
5605,1396460,2,2004-11-30
5605,375987,5,2005-02-03
5605,1168153,4,2005-03-07
5605,2057383,4,2005-04-06
5605,883478,3,2005-10-27
5605,1337244,5,2005-07-28
5605,40563,4,2005-08-14
5605,1056645,3,2004-05-04
5605,1120561,5,2004-04-09
5605,478176,5,2004-05-25
5605,1167572,5,2004-10-24
5605,512484,5,2005-02-10
5605,974830,3,2005-04-22
5605,2621263,5,2005-09-13
5605,367760,5,2005-11-04
5605,383702,2,2005-12-15
5605,263676,4,2005-12-20
5605,2631986,1,2003-10-16
5605,2100210,5,2004-05-04
5605,1521266,5,2005-08-04
5605,1117324,4,2004-07-12
5605,293971,4,2004-10-28
5605,240876,4,2005-03-03
5605,2037839,5,2005-05-10
5605,651763,5,2005-06-02
5605,451362,4,2005-06-09
5605,1984445,5,2005-06-10
5605,2428252,5,2005-11-04
5605,1216093,5,2005-11-14
5605,2551806,4,2004-05-04
5605,1666454,3,2004-04-08
5605,88959,4,2005-08-30
5605,769670,5,2004-09-14
5605,354704,5,2004-12-27
5605,1772947,4,2005-01-04
5605,1749903,3,2005-01-05
5605,1760730,4,2005-01-08
5605,2170930,1,2005-10-06
5605,1387844,5,2005-11-21
5605,1811949,5,2004-04-29
5605,1178002,5,2004-12-20
5605,109124,5,2005-01-19
5605,2088377,4,2005-01-24
5605,246410,5,2005-06-08
5605,908662,4,2005-10-21
5605,356793,4,2004-05-04
5605,1793459,4,2005-07-23
5605,2508208,2,2004-05-04
5605,1617677,4,2005-08-28
5605,2317924,1,2004-05-04
5605,1132940,5,2004-12-15
5605,96641,4,2005-05-27
5605,2220239,3,2004-05-04
5605,368514,4,2004-05-04
5605,295182,5,2004-07-08
5605,530588,3,2005-07-19
5605,477486,3,2004-05-04
5605,1319657,5,2004-05-04
5605,829701,4,2004-11-10
5605,1696031,5,2004-12-25
5605,620345,2,2005-11-07
5605,2192675,3,2005-12-17
5605,1476005,3,2004-05-04
5605,623818,3,2004-05-04
5605,371090,2,2004-05-04
5605,1513514,5,2005-11-07
5605,2237185,4,2004-05-04
5605,654506,5,2004-05-04
5605,920932,1,2005-03-24
5605,102028,3,2005-04-10
5605,1624607,4,2005-05-26
5605,1322021,3,2005-06-07
5605,2115962,3,2005-09-30
5605,2111183,4,2005-10-06
5605,406221,2,2005-10-14
5605,503637,2,2005-11-10
5605,2012843,2,2005-11-14
5605,217082,5,2005-08-26
5605,179880,5,2004-07-13
5605,2062350,2,2004-05-04
5605,1120335,3,2005-08-31
5605,2497088,5,2004-06-18
5605,1011918,5,2004-09-12
5605,39675,4,2004-10-03
5605,1566652,5,2004-10-06
5605,1130920,2,2004-10-21
5605,786695,4,2004-11-21
5605,1192959,2,2004-12-22
5605,402225,4,2005-01-25
5605,863923,4,2005-05-14
5605,915726,5,2005-10-10
5605,2320264,3,2005-11-02
5605,1242794,5,2005-11-10
5605,2125436,3,2004-05-04
5605,254887,5,2004-05-04
5605,1891928,5,2005-08-14
5605,52794,5,2004-07-25
5605,1838008,4,2004-03-14
5605,187322,3,2004-12-14
5605,1201758,3,2005-01-08
5605,2089770,5,2005-03-22
5605,1968761,4,2005-05-23
5605,1157288,2,2005-11-17
5605,879194,4,2005-12-13
5605,989579,5,2004-05-04
5605,875184,5,2005-07-28
5605,2439493,1,2004-05-04
5605,2570602,5,2004-05-04
5605,2073838,5,2004-05-04
5605,2470686,1,2005-04-14
5605,1416471,4,2005-05-11
5605,306382,4,2005-05-20
5605,910386,3,2005-06-29
5605,2272296,5,2005-11-23
5605,155095,3,2005-12-27
5605,357481,4,2005-07-26
5605,1386457,4,2004-06-29
5605,1395967,4,2004-03-29
5605,670841,5,2004-12-23
5605,1527836,3,2005-01-25
5605,868692,3,2005-02-04
5605,2079955,5,2005-06-04
5605,1691722,5,2005-06-30
5605,1233203,5,2005-10-02
5605,716223,2,2005-07-18
5605,1709202,3,2004-05-04
5605,1575065,4,2004-10-15
5605,2115091,5,2004-11-04
5605,476068,5,2004-12-15
5605,1987569,1,2004-05-04
5605,2599732,5,2004-05-04
5605,320708,5,2004-05-04
5605,1966118,5,2004-05-04
5605,596648,4,2005-08-26
5605,1459781,4,2004-05-24
5605,2576759,5,2004-09-29
5605,891000,4,2005-03-13
5605,2390246,5,2005-04-06
5605,763897,5,2005-09-19
5605,2290039,4,2005-11-02
5605,396681,4,2004-05-24
5605,1381258,4,2004-06-30
5605,238740,4,2004-09-20
5605,2263203,4,2005-04-09
5605,2024786,1,2005-06-01
5605,2404122,5,2005-10-25
5605,1459630,5,2004-05-04
5605,1256559,4,2004-11-15
5605,1386053,2,2005-03-02
5605,1509270,4,2005-07-09
5605,259373,5,2004-12-04
5605,1873379,5,2004-05-04
5605,1126245,5,2004-04-13
5605,2106056,5,2005-08-26
5605,1570077,5,2005-05-31
5605,1052493,4,2005-06-03
5605,678764,5,2005-07-21
5605,2438293,4,2004-05-04
5605,1633136,4,2004-05-04
5605,1863985,5,2005-08-28
5605,823385,2,2004-03-25
5605,2531820,4,2004-05-04
5605,1139937,5,2004-09-14
5605,251967,5,2004-11-13
5605,2453811,3,2005-03-12
5605,656811,4,2005-05-31
5605,1409361,5,2005-11-29
5605,2355440,4,2004-08-17
5605,2301300,5,2004-03-20
5605,2474034,5,2005-08-16
5605,2640171,3,2004-06-02
5605,2317113,1,2004-06-06
5605,1247547,2,2005-01-02
5605,2565182,5,2005-01-19
5605,730647,5,2005-03-08
5605,976347,5,2005-05-04
5605,955025,3,2005-09-22
5605,2446366,4,2005-10-01
5605,1140762,3,2005-10-01
5605,2188378,4,2004-05-04
5605,2171089,5,2004-05-04
5605,2523426,4,2005-08-25
5605,1090199,5,2004-04-12
5605,1714260,5,2004-11-23
5605,538221,4,2005-05-13
5605,473055,3,2005-09-21
5605,1232060,2,2005-09-22
5605,918219,5,2005-11-30
5605,414293,4,2004-05-04
5605,2133079,5,2004-05-04
5605,310383,4,2005-07-29
5605,1282495,5,2004-03-25
5605,10645,4,2004-04-22
5605,2134856,3,2004-05-04
5605,2440681,5,2004-05-04
5605,2200113,2,2004-10-10
5605,1978892,5,2005-02-06
5605,415882,5,2005-02-15
5605,510719,5,2005-03-23
5605,2295604,5,2005-09-09
5605,7116,4,2005-09-20
5605,2462084,5,2005-10-06
5605,1903582,4,2004-05-04
5605,27467,5,2005-08-02
5605,795963,3,2004-07-08
5605,709542,2,2005-08-04
5605,102423,2,2004-05-04
5605,1091113,4,2004-10-31
5605,2503103,5,2004-11-22
5605,1531029,1,2005-01-19
5605,345916,5,2005-03-12
5605,725116,3,2005-03-15
5605,1439980,4,2005-03-18
5605,1963179,4,2005-03-24
5605,2454044,3,2005-05-12
5605,2353040,5,2005-11-01
5605,532697,5,2005-12-29
5605,1624471,4,2005-07-12
5605,1755609,3,2004-06-22
5605,889052,5,2005-01-04
5605,1862998,5,2005-03-03
5605,2378902,5,2005-09-11
5605,1423247,4,2005-11-05
5605,480664,2,2005-12-12
5605,164882,5,2004-05-04
5605,1850664,5,2004-05-04
5605,1925027,3,2004-07-09
5605,2193889,4,2004-03-16
5605,2186065,5,2004-04-27
5605,2226984,5,2004-07-04
5605,470306,4,2005-01-31
5605,2171588,5,2005-02-09
5605,530922,5,2005-04-11
5605,2599582,4,2005-04-19
5605,1459994,4,2005-05-11
5605,1252629,4,2005-09-14
5605,445227,5,2005-11-02
5605,1818277,4,2004-05-04
5605,2090662,5,2005-07-17
5605,2552842,3,2004-05-04
5605,1448013,3,2004-05-04
5605,2343546,5,2005-02-20
5605,2208519,1,2004-08-16
5605,95691,4,2004-09-02
5605,1525936,4,2005-03-29
5605,1742709,2,2005-06-06
5605,1382013,4,2005-06-21
5605,407001,1,2005-06-23
5605,2300921,4,2005-09-20
5605,1526115,3,2004-05-04
5605,1572960,4,2005-07-22
5605,439512,1,2004-05-04
5605,1616919,2,2004-04-18
5605,2289098,4,2005-08-31
5605,572523,5,2005-09-05
5605,952156,4,2004-07-31
5605,1219323,5,2005-03-24
5605,1555169,4,2005-04-12
5605,2193184,4,2005-09-22
5605,2282361,5,2004-09-03
5605,147246,4,2004-04-19
5605,19796,5,2005-08-07
5605,197775,4,2005-08-20
5605,800683,4,2004-04-02
5605,1367853,5,2004-08-18
5605,1790614,4,2004-09-08
5605,130264,4,2004-12-15
5605,2202279,4,2005-02-11
5605,280382,5,2005-03-13
5605,1939029,5,2005-06-10
5605,111942,5,2005-08-03
5605,876217,5,2005-08-22
5605,2404742,4,2004-05-04
5605,237970,3,2004-06-08
5605,818752,3,2004-07-20
5605,1715948,4,2004-09-06
5605,1467020,4,2004-10-15
5605,1590745,4,2005-03-17
5605,2262322,4,2005-11-14
5605,2442466,1,2005-12-07
5605,2214506,5,2005-12-07
5605,1517590,4,2004-08-23
5605,662269,5,2005-07-14
5605,1129831,4,2005-07-30
5605,1733976,5,2004-05-04
5605,1760980,5,2005-08-22
5605,2448367,4,2005-08-22
5605,695709,5,2005-08-31
5605,2241816,2,2004-05-04
5605,1865889,4,2004-05-06
5605,904264,4,2004-08-19
5605,677070,5,2004-09-29
5605,1853299,5,2005-10-15
5605,2640999,1,2005-10-24
5605,2221629,5,2005-07-11
5605,16023,3,2004-05-04
5605,1827859,5,2004-12-11
5605,1767410,4,2005-01-19
5605,1574439,5,2005-02-08
5605,2084710,5,2005-10-14
5605,315168,4,2005-10-31
5605,1968479,5,2002-04-23
5605,1922072,5,2004-05-04
5605,1095440,4,2004-05-04
5605,914958,5,2004-05-04
5605,1341553,5,2004-08-03
5605,277837,1,2005-02-01
5605,793100,5,2005-02-14
5605,2254991,3,2005-04-25
5605,406122,5,2005-05-20
5605,1453014,5,2005-10-19
5605,1524853,5,2004-05-04
5605,1876520,1,2004-05-04
5605,216277,4,2004-05-04
5605,1892119,5,2004-05-04
5605,496770,5,2004-08-11
5605,504989,4,2005-01-21
5605,2488565,4,2005-02-16
5605,1466302,1,2005-03-22
5605,1125803,2,2004-09-11
5605,1658796,5,2004-05-04
5605,889278,3,2004-05-04
5605,1939981,4,2004-10-09
5605,17510,4,2004-12-17
5605,713582,4,2005-01-03
5605,1848539,5,2005-01-27
5605,1611056,3,2005-04-16
5605,856582,5,2005-06-03
5605,678276,3,2005-09-13
5605,1437916,4,2005-10-24
5605,1861022,5,2005-12-28
5605,2589402,4,2004-05-04
5605,925846,5,2005-07-31
5605,726067,5,2005-08-05
5605,1275796,4,2004-05-04
5605,590607,5,2004-05-04
5605,1961377,4,2004-12-01
5605,609959,3,2005-01-06
5605,2136927,5,2005-02-25
5605,432620,3,2005-04-13
5605,719915,4,2005-06-02
5605,1769674,5,2005-06-03
5605,179873,3,2005-08-24
5605,2608884,4,2004-09-08
5605,1178338,5,2004-12-09
5605,242209,4,2005-06-20
5605,190294,4,2005-09-10
5605,1848428,5,2005-09-19
5605,687574,5,2005-12-11
5605,322291,5,2005-12-12
5605,2464143,4,2004-05-04
5605,56854,1,2004-05-04
5605,1301832,5,2004-05-04
5605,402665,5,2004-05-04
5605,2595983,5,2004-12-22
5605,1215094,5,2005-03-15
5605,1951053,4,2005-04-22
5605,2350708,5,2005-05-09
5605,2275859,4,2005-06-15
5605,6628,3,2005-09-26
5605,224109,2,2005-10-10
5605,2334180,4,2004-09-06
5605,1463613,5,2004-08-28
5605,730470,2,2004-08-09
5605,475712,5,2004-09-28
5605,1735368,3,2004-10-01
5605,964951,5,2005-04-08
5605,1858770,5,2005-11-02
5605,2111411,5,2004-05-04
5605,29185,4,2004-05-04
5605,1674012,4,2005-01-29
5605,767958,5,2005-05-30
5605,1106241,1,2005-09-05
5605,2616210,2,2005-12-06
5605,1143382,3,2005-07-06
5605,893789,5,2004-05-04
5605,1884549,4,2004-03-21
5605,1209122,5,2004-10-09
5605,1367066,4,2004-10-19
5605,2408123,5,2005-04-11
5605,758589,4,2004-05-04
5605,16723,3,2004-05-04
5605,2604320,4,2004-10-01
5605,2578230,5,2004-11-17
5605,2535720,5,2005-02-25
5605,388206,5,2005-05-10
5605,1669454,4,2004-05-04
5605,787391,5,2004-05-04
5605,2036577,4,2004-05-04
5605,1745404,4,2004-05-13
5605,1834549,3,2004-11-09
5605,1230971,4,2004-12-19
5605,1241796,3,2005-01-23
5605,507603,1,2005-03-23
5605,637770,5,2005-04-01
5605,122317,5,2005-05-12
5605,1669035,5,2005-11-17
5605,130594,4,2004-05-04
5605,1917839,2,2004-07-07
5605,455843,3,2004-05-04
5605,2595733,3,2004-06-15
5605,2152732,4,2004-12-02
5605,2068409,5,2005-01-19
5605,1080008,4,2005-01-25
5605,1002249,4,2005-03-16
5605,371215,5,2005-05-19
5605,380878,2,2005-10-20
5605,1838796,5,2004-05-04
5605,868874,5,2004-05-04
5605,40841,5,2004-05-04
5605,1529214,4,2004-05-04
5605,2454024,4,2004-05-04
5605,2111073,5,2004-09-11
5605,1068266,5,2004-06-13
5605,2495393,4,2005-01-19
5605,2112461,4,2005-01-24
5605,468280,4,2005-03-28
5605,265915,4,2005-04-15
5605,135141,4,2005-06-11
5605,467392,3,2005-06-30
5605,1349657,5,2005-07-13
5605,592281,3,2004-03-25
5605,2166018,5,2005-03-28
5605,2133317,5,2005-04-25
5605,1156272,1,2005-10-24
5605,718211,4,2004-05-04
5605,419924,5,2004-05-04
5605,414536,4,2004-04-04
5605,297500,5,2004-05-25
5605,1393748,4,2004-07-12
5605,1528266,5,2004-12-20
5605,235556,4,2005-06-14
5605,1573738,3,2005-09-22
5605,1800842,1,2005-09-22
5605,1546913,4,2005-07-20
5605,836150,4,2004-05-04
5605,1025593,4,2004-05-04
5605,2123856,5,2004-05-04
5605,1179020,4,2004-07-30
5605,2055810,5,2005-03-04
5605,1279794,4,2005-05-08
5605,1785629,5,2005-09-06
5605,228192,4,2004-04-10
5605,870296,3,2004-05-04
5605,1143750,5,2004-04-29
5605,1091890,5,2004-08-26
5605,1699609,5,2004-04-30
5605,514892,5,2005-03-22
5605,1295659,3,2005-05-18
5605,2491575,5,2005-05-29
5605,502651,4,2005-06-22
5605,1741303,4,2005-09-18
5605,1390397,3,2005-10-11
5605,1508777,5,2005-10-21
5605,2139631,3,2005-12-28
5605,1316922,4,2004-07-10
5605,2646481,5,2004-11-09
5605,649347,3,2005-06-29
5605,1670573,5,2005-11-12
5605,1281639,4,2004-09-14
5605,2563087,4,2004-05-04
5605,934684,5,2004-05-04
5605,1764395,1,2004-12-19
5605,1232706,4,2004-12-27
5605,143120,5,2004-12-30
5605,1525051,5,2005-06-02
5605,2299736,2,2005-06-10
5605,1958197,2,2005-08-19
5605,195122,4,2004-10-19
5605,373103,4,2004-11-24
5605,2508234,4,2005-03-02
5605,91133,3,2005-03-23
5605,381565,5,2005-04-07
5605,1745200,4,2005-06-15
5605,1279851,3,2005-12-07
5605,1557148,4,2004-05-04
5605,213486,4,2004-09-03
5605,1633113,4,2004-07-26
5605,256817,5,2004-05-22
5605,1060399,3,2005-01-11
5605,994565,5,2005-01-23
5605,2403089,4,2005-04-08
5605,1684416,4,2005-04-26
5605,602165,4,2005-05-09
5605,2442218,5,2005-09-15
5605,788121,5,2005-10-11
5605,1664010,5,2005-10-18
5605,236629,5,2005-11-30
5605,1902838,3,2004-05-04
5605,1383690,5,2004-07-31
5605,137404,5,2004-06-01
5605,1904891,3,2004-11-29
5605,1451139,5,2005-01-13
5605,2314282,5,2005-11-11
5605,224115,5,2004-05-04
5605,134288,2,2004-10-24
5605,1406061,4,2004-11-24
5605,318455,5,2005-03-04
5605,919823,3,2005-06-30
5605,463087,5,2004-05-04
5605,1223770,4,2004-07-28
5605,2418997,1,2004-11-22
5605,1289348,1,2005-04-08
5605,1434524,5,2005-05-24
5605,481098,5,2005-06-03
5605,1061611,5,2005-11-07
5605,901819,5,2005-12-02
5605,659540,4,2004-05-04
5605,547521,2,2004-04-05
5605,2134059,5,2004-05-04
5605,1207990,5,2004-06-02
5605,2602740,5,2004-03-16
5605,1004399,3,2004-11-03
5605,793461,5,2004-12-28
5605,152955,4,2004-12-30
5605,910244,5,2005-01-09
5605,2111332,1,2005-10-10
5605,2221307,3,2005-04-25
5605,1967969,4,2005-05-02
5605,287034,4,2005-11-10
5605,110578,5,2004-05-04
5605,2521266,3,2004-05-04
5605,2040195,4,2005-08-01
5605,69323,4,2004-03-15
5605,2271973,3,2004-05-04
5605,504243,5,2004-10-02
5605,1458562,5,2004-12-10
5605,2311988,5,2004-12-13
5605,1547701,5,2005-02-09
5605,1013341,5,2005-04-21
5605,2060313,4,2004-05-04
5605,2032489,4,2005-08-02
5605,1434330,4,2004-05-04
5605,513313,5,2004-05-04
5605,288562,4,2005-08-23
5605,1959775,4,2005-09-15
5605,532628,3,2005-10-12
5605,1304156,2,2004-05-04
5605,2500781,2,2005-08-18
5605,267988,5,2005-02-09
5605,594196,5,2005-02-25
5605,1730699,4,2005-03-12
5605,2490049,3,2005-06-02
5605,2306367,1,2004-05-04
5605,2051207,4,2005-07-27
5605,379901,4,2004-05-04
5605,1045143,5,2004-09-22
5605,71435,4,2005-02-03
5605,2580752,3,2005-06-04
5605,1511466,4,2005-10-07
5605,1236993,5,2005-10-27
5605,2104833,5,2005-08-18
5605,1301945,4,2004-09-07
5605,1232740,4,2004-04-25
5605,1176322,2,2004-09-01
5605,47965,4,2004-09-17
5605,1256953,5,2005-10-09
5605,927129,5,2004-05-04
5605,1063193,4,2004-08-31
5605,2153222,4,2004-11-26
5605,2535942,3,2005-01-26
5605,1720070,1,2005-02-09
5605,983272,5,2005-03-12
5605,916982,4,2005-04-03
5605,341266,5,2005-06-24
5605,1219832,4,2005-07-27
5605,1292053,4,2004-05-04
5605,1643921,5,2004-05-04
5605,2255305,5,2004-07-07
5605,440708,5,2005-01-04
5605,1781314,5,2005-03-05
5605,2087737,1,2005-11-18
5605,1848868,5,2004-05-04
5605,1838160,5,2004-05-04
5605,1861818,2,2004-05-04
5605,2120154,4,2005-08-20
5605,1476458,5,2005-03-14
5605,2327478,5,2005-03-18
5605,2387369,5,2005-05-10
5605,785850,5,2005-06-24
5605,1964566,4,2005-12-11
5605,2290192,5,2005-07-28
5605,1772215,3,2004-05-04
5605,1962412,5,2004-05-04
5605,1201673,5,2004-04-06
5605,1425680,3,2005-01-19
5605,1935592,5,2005-04-04
5605,363,5,2005-09-16
5605,1901682,4,2005-11-29
5605,2568386,1,2005-12-13
5605,1682550,1,2005-12-13
5605,975522,3,2005-07-11
5605,223379,4,2004-05-04
5605,1688743,4,2005-07-15
5605,1362183,5,2004-03-12
5605,2501686,5,2004-04-06
5605,318409,5,2004-08-08
5605,1098765,5,2005-04-19
5605,477892,4,2005-06-29
5605,1720522,5,2005-10-24
5605,109831,3,2004-05-04
5605,2425662,5,2005-08-07
5605,600267,4,2004-04-13
5605,927619,1,2004-09-10
5605,2244725,5,2004-03-12
5605,1428452,5,2004-11-14
5605,1686729,1,2005-01-04
5605,1131020,4,2005-03-23
5605,1632890,5,2005-12-13
5605,507688,5,2005-12-26
5605,585132,3,2004-05-04
5605,711928,5,2004-05-04
5605,1522041,3,2005-01-12
5605,2174249,4,2005-04-19
5605,2192069,5,2005-06-29
5605,669508,2,2005-11-14
5605,2044807,4,2005-12-03
5605,1400057,5,2005-07-06
5605,2375228,5,2004-03-27
5605,1529076,2,2004-08-02
5605,2156320,4,2004-05-19
5605,334857,5,2004-08-02
5605,2640760,2,2005-01-04
5605,1363796,5,2005-03-05
5605,1087171,5,2005-04-13
5605,1605048,5,2005-09-10
5605,1764439,5,2004-05-04
5605,916101,3,2004-07-08
5605,486915,3,2005-01-19
5605,716785,5,2005-01-19
5605,1513846,5,2005-02-05
5605,1793601,3,2005-10-15
5605,718966,5,2005-09-08
5605,2620317,4,2005-12-02
5605,506024,3,2005-12-05
5605,2067531,5,2005-07-22
5605,2334279,5,2004-05-04
5605,1708442,2,2004-05-04
5605,1011106,4,2004-05-01
5605,2554118,3,2004-05-04
5605,927744,5,2005-08-23
5605,1520785,5,2004-06-21
5605,106929,5,2004-07-05
5605,1497131,5,2004-11-17
5605,1527029,5,2005-04-26
5605,1458408,5,2005-05-08
5605,376024,4,2005-06-13
5605,1431663,3,2005-11-05
5605,293460,5,2004-05-04
5605,416284,4,2004-03-26
5605,1755096,5,2004-05-04
5605,1258107,5,2004-06-28
5605,1162922,5,2004-09-29
5605,627717,2,2004-12-11
5605,1835168,4,2005-03-24
5605,1399712,5,2005-04-06
5605,2648079,5,2005-04-24
5605,543115,5,2005-06-02
5605,2524733,5,2005-06-28
5605,2599241,3,2005-09-16
5605,34722,5,2005-09-28
5605,1608091,1,2005-12-09
5605,2073799,4,2005-07-18
5605,642089,5,2005-07-28
5605,1478956,3,2004-05-04
5605,898642,5,2004-11-11
5605,273212,5,2005-03-07
5605,1133111,3,2005-03-21
5605,746819,2,2005-09-25
5605,2019686,1,2005-11-28
5605,2010849,5,2005-07-05
5605,2153837,5,2004-05-04
5605,2021209,2,2004-03-22
5605,714207,3,2004-07-26
5605,2521360,4,2005-08-28
5605,936828,5,2004-07-03
5605,1090851,4,2004-09-20
5605,662514,5,2005-01-13
5605,2516265,3,2005-06-17
5605,1512466,4,2005-10-02
5605,291639,5,2005-11-11
5605,1714909,1,2005-07-29
5605,2164028,3,2004-05-04
5605,200955,5,2004-03-13
5605,26896,5,2004-07-22
5605,298959,2,2004-11-24
5605,1746477,5,2004-11-29
5605,110332,4,2005-02-08
5605,1622353,5,2005-03-12
5605,1208167,2,2005-03-17
5605,46650,3,2005-09-10
5605,1628621,5,2005-10-26
5605,1666471,4,2005-11-23
5605,411169,2,2004-05-04
5605,1440903,5,2005-07-23
5605,1042361,5,2005-07-30
5605,1249663,3,2005-08-01
5605,2184426,4,2004-09-21
5605,1377693,5,2005-03-17
5605,1220248,4,2005-10-01
5605,2212602,5,2004-05-04
5605,2449001,5,2005-08-03
5605,220998,4,2004-05-04
5605,2176634,4,2004-05-04
5605,1518493,5,2005-08-25
5605,442473,3,2005-08-28
5605,1314263,3,2005-09-05
5605,2464456,5,2005-05-16
5605,1194911,4,2005-06-17
5605,1615385,3,2005-09-18
5605,1688551,4,2005-10-27
5605,529889,4,2004-06-18
5605,369109,4,2005-07-12
5605,2331421,5,2004-05-04
5605,491531,2,2004-06-02
5605,1936654,4,2005-08-05
5605,1792137,1,2005-08-21
5605,837258,4,2004-05-04
5605,1205783,3,2004-05-16
5605,216534,5,2004-08-24
5605,606742,4,2004-10-28
5605,222025,2,2005-02-03
5605,903186,5,2005-03-08
5605,1232297,5,2005-05-22
5605,1824763,5,2005-06-23
5605,1132753,4,2004-05-04
5605,1256636,5,2005-07-18
5605,834344,4,2004-05-04
5605,1254363,5,2004-03-24
5605,1679839,4,2004-05-04
5605,66540,3,2004-05-27
5605,178746,5,2004-10-15
5605,1197388,3,2004-11-03
5605,1049030,5,2004-11-08
5605,561984,5,2004-11-29
5605,1729432,4,2005-01-02
5605,190854,5,2005-05-13
5605,766434,3,2005-06-01
5605,2133574,2,2005-06-22
5605,268872,4,2005-10-06
5605,1139925,5,2004-03-29
5605,835482,5,2004-06-03
5605,752702,2,2004-06-02
5605,2075029,3,2004-10-20
5605,506990,3,2004-11-29
5605,2339891,5,2005-01-08
5605,427072,5,2005-01-20
5605,2353105,5,2005-03-24
5605,2590402,5,2005-05-27
5605,2199915,5,2005-06-02
5605,2252640,3,2005-06-26
5605,840836,4,2005-11-10
5605,1051210,2,2005-12-01
5605,2606799,2,2005-07-10
5605,1002881,3,2004-05-04
5605,2384389,5,2004-08-04
5605,898742,5,2004-05-04
5605,2509669,5,2004-03-29
5605,770133,4,2004-09-19
5605,1058865,4,2005-05-06
5605,1738648,1,2004-05-04
5605,1336784,5,2004-04-14
5605,523957,5,2004-04-12
5605,596141,5,2004-11-20
5605,731469,3,2005-06-13
5605,2312973,5,2005-09-14
5605,2544308,5,2005-09-18
5605,2402173,5,2004-05-04
5605,901720,4,2004-05-04
5605,918455,4,2004-04-14
5605,2144725,5,2004-05-04
5605,754030,5,2004-11-24
5605,1833179,4,2005-10-11
5605,587610,4,2005-10-13
5605,2231979,3,2005-11-29
5605,184765,4,2004-09-12
5605,1811835,5,2005-07-21
5605,2099096,3,2004-05-04
5605,1214181,4,2005-08-15
5605,749593,5,2004-10-27
5605,2256485,1,2004-11-28
5605,1641072,5,2005-01-29
5605,2355795,4,2005-02-24
5605,181666,5,2005-04-20
5605,1161551,4,2005-05-29
5605,535337,5,2005-09-20
5605,596317,4,2005-11-02
5605,580311,3,2005-11-06
5605,252476,3,2004-05-04
5605,2169693,5,2004-06-10
5605,983872,4,2004-04-16
5605,248249,4,2004-12-23
5605,2510970,2,2004-12-29
5605,1810545,1,2005-01-23
5605,716173,5,2005-02-05
5605,1971697,4,2005-02-11
5605,1198828,5,2005-03-19
5605,1351322,3,2005-05-07
5605,1645778,5,2005-12-02
5605,425260,5,2004-05-04
5605,546407,5,2005-08-30
5605,1511397,4,2004-07-20
5605,1400437,4,2004-07-30
5605,1330860,3,2004-11-17
5605,800938,3,2005-01-13
5605,1299887,5,2005-02-08
5605,630732,3,2005-02-08
5605,2420242,4,2005-04-11
5605,1924584,5,2005-06-05
5605,1357785,5,2005-10-15
5605,1273258,5,2005-11-21
5605,798296,4,2004-05-04
5605,1972387,5,2004-05-04
5605,529987,3,2005-09-07
5605,1611412,5,2004-10-10
5605,2339544,5,2004-11-01
5605,1735922,4,2004-11-24
5605,520507,2,2004-12-29
5605,152669,5,2005-01-21
5605,1840900,4,2005-05-25
5605,1120039,4,2005-06-05
5605,1037535,4,2005-06-29
5605,1086213,4,2005-12-01
5605,1068841,5,2004-09-14
5605,16272,3,2004-05-04
5605,1099264,5,2005-01-13
5605,60617,4,2005-03-01
5605,359827,4,2005-04-25
5605,2367964,4,2005-05-31
5605,797503,5,2005-06-03
5605,1132956,5,2005-07-15
5605,1826924,4,2004-05-04
5605,657488,4,2004-05-04
5605,2527740,5,2004-05-04
5605,2236626,4,2004-07-02
5605,2065658,3,2005-06-06
5605,916421,2,2005-06-10
5605,539976,5,2005-06-17
5605,999429,5,2005-06-23
5605,308307,3,2004-05-04
5605,1562968,5,2005-07-22
5605,2249984,4,2004-05-04
5605,2591932,3,2004-05-04
5605,519237,5,2005-09-07
5605,1167477,3,2004-08-04
5605,566720,4,2004-05-04
5605,2396236,5,2004-06-01
5605,729150,3,2004-09-04
5605,2436885,5,2005-02-01
5605,1072311,5,2005-02-09
5605,383108,1,2005-06-29
5605,307658,4,2004-05-04
5605,2020892,4,2004-11-02
5605,1623432,2,2004-10-19
5605,5652,4,2004-10-28
5605,2193863,5,2004-12-21
5605,2465085,5,2005-02-27
5605,1179803,4,2005-04-06
5605,819822,3,2005-10-09
5605,709989,5,2005-11-02
5605,1824605,3,2005-11-13
5605,2028530,4,2005-07-12
5605,1835786,4,2004-03-13
5605,1938534,2,2004-05-04
5605,1271859,3,2004-05-04
5605,2481849,5,2004-10-05
5605,271105,5,2004-10-28
5605,170323,1,2004-12-07
5605,1927073,4,2005-02-01
5605,1107274,4,2005-03-01
5605,145279,4,2005-09-13
5605,1903221,5,2005-09-15
5605,321530,4,2005-09-22
5605,1952630,4,2005-10-04
5605,204969,4,2005-07-16
5605,475075,4,2004-05-04
5605,1321057,5,2004-05-04
5605,238705,4,2005-08-09
5605,2541677,4,2005-08-09
5605,1435679,4,2004-05-04
5605,50385,2,2004-12-03
5605,475537,5,2005-01-02
5605,2565296,2,2005-01-06
5605,34413,5,2005-02-02
5605,538735,5,2005-02-16
5605,1854759,4,2005-07-17
5605,1545475,4,2004-05-04
5605,266023,3,2004-05-04
5605,2274695,5,2004-06-17
5605,831890,2,2004-04-30
5605,487236,3,2004-10-20
5605,131586,4,2004-11-05
5605,1615122,5,2005-11-27
5605,1241661,4,2005-07-19
5605,572873,2,2004-05-04
5605,1774623,4,2004-05-04
5605,305344,1,2004-03-17
5605,2284905,4,2004-05-04
5605,2128397,5,2005-01-07
5605,1095497,5,2005-05-15
5605,760319,2,2005-11-08
5605,590675,3,2005-07-12
5605,1470113,5,2004-07-09
5605,1119468,4,2004-11-22
5605,800928,5,2004-11-29
5605,2405503,2,2005-02-08
5605,1322742,5,2005-05-24
5605,897917,4,2005-06-06
5605,581819,4,2005-10-28
5605,2500769,4,2005-11-21
5605,2264750,5,2005-07-08
5605,905467,5,2004-09-13
5605,1945863,3,2005-07-26
5605,417346,3,2004-11-15
5605,1237472,5,2004-11-30
5605,1159683,3,2004-12-13
5605,148561,4,2005-09-18
5605,1219544,3,2005-09-30
5605,2123250,5,2004-05-04
5605,291020,1,2004-05-04
5605,115685,3,2005-08-02
5605,1403217,2,2005-08-04
5605,563745,1,2004-05-19
5605,364531,5,2004-11-13
5605,1432078,1,2004-11-17
5605,881304,3,2005-05-31
5605,1797262,5,2005-07-21
5605,872147,3,2004-05-04
5605,1930881,5,2004-03-18
5605,1492765,2,2004-05-11
5605,2147527,1,2005-11-11
5605,1865133,1,2005-05-30
5605,641176,5,2005-06-02
5605,1365747,5,2005-09-23
5605,2107680,5,2005-12-03
5605,74441,5,2004-04-11
5605,1824358,4,2004-05-04
5605,2319295,3,2004-05-04
5605,1894721,5,2004-03-19
5605,680034,1,2004-10-11
5605,2631950,4,2005-01-13
5605,1593061,4,2005-01-27
5605,773800,4,2005-02-14
5605,1757773,5,2005-03-24
5605,1071786,5,2005-05-15
5605,2133651,4,2005-08-04
5605,547874,4,2005-08-20
5605,256278,5,2005-08-22
5605,1621023,2,2004-05-04
5605,586020,5,2005-01-06
5605,781709,4,2005-07-16
5605,2378998,5,2004-05-04
5605,2435658,3,2004-03-26
5605,2020963,4,2004-11-30
5605,177099,5,2005-04-09
5605,1791615,3,2005-04-16
5605,2094247,5,2005-04-25
5605,353016,3,2005-05-20
5605,728292,4,2005-09-25
5605,2328880,3,2005-10-18
5605,2150746,3,2005-07-12
5605,741014,5,2004-05-04
5605,1812156,4,2004-05-04
5605,468708,3,2005-08-31
5605,15479,2,2004-04-19
5605,1210432,5,2005-05-19
5605,572037,3,2005-06-01
5605,2040501,4,2005-06-02
5605,732600,3,2004-05-04
5605,186438,3,2004-05-04
5605,1275067,5,2005-07-22
5605,1643146,5,2005-08-26
5605,2111271,5,2004-05-04
5605,1334507,5,2005-08-31
5605,2389151,3,2004-08-18
5605,1590324,5,2005-05-15
5605,2096146,4,2005-06-21
5605,397585,1,2005-07-02
5605,1244949,5,2004-08-14
5605,847774,5,2004-12-20
5605,1444287,5,2004-12-21
5605,662294,5,2005-03-05
5605,1011513,5,2005-07-08
5605,1539119,3,2004-05-04
5605,1113503,5,2004-04-07
5605,310027,5,2005-08-06
5605,1353240,3,2004-05-04
5605,1764836,5,2004-05-04
5605,1575063,4,2004-10-07
5605,2431023,3,2005-09-12
5605,439487,5,2004-05-04
5605,140565,4,2004-05-04
5605,1474111,5,2004-11-27
5605,1453686,5,2004-05-04
5605,1941492,3,2004-05-04
5605,1861484,5,2004-05-04
5605,1236960,4,2004-11-04
5605,2386085,3,2005-01-08
5605,1976973,5,2005-01-26
5605,931384,3,2005-03-23
5605,1924725,5,2005-05-29
5605,1430847,5,2004-05-04
5605,2054746,3,2005-05-05
5605,1189371,5,2005-05-18
5605,159159,5,2005-05-25
5605,2012618,5,2005-11-13
5605,2432136,4,2004-05-04
5605,2043681,5,2004-05-04
5605,1663690,1,2004-05-04
5605,530134,5,2005-08-20
5605,1039481,5,2005-08-24
5605,1675680,5,2004-05-04
5605,2151872,3,2004-03-17
5605,1487832,2,2004-07-12
5605,2555106,5,2004-06-06
5605,2203647,4,2004-12-22
5605,296599,5,2005-06-09
5605,2212800,4,2005-10-12
5605,2188460,5,2005-11-17
5605,600724,5,2005-07-11
5605,501174,5,2005-07-23
5605,1762296,5,2005-08-19
5605,866637,3,2005-09-05
5605,2450912,1,2004-09-27
5605,791247,5,2004-10-02
5605,1996458,5,2005-07-13
5605,2120991,2,2004-05-04
5605,452873,2,2004-05-04
5605,481024,3,2004-04-08
5605,1266181,4,2005-08-17
5605,2629205,2,2004-05-15
5605,2115536,1,2004-07-31
5605,843580,3,2004-11-04
5605,517454,5,2005-01-08
5605,1431356,4,2005-02-07
5605,2090790,3,2005-10-13
5605,544011,3,2005-10-14
5605,1934002,4,2005-12-10
5605,1581236,5,2005-07-06
5605,10,2,2005-08-08
5605,1319949,5,2004-05-04
5605,1676439,4,2004-06-14
5605,2426779,4,2004-11-17
5605,1431104,5,2004-12-06
5605,1590347,5,2005-05-11
5605,347965,1,2005-05-16
5605,240232,5,2005-05-17
5605,1996860,5,2005-06-02
5605,128989,4,2004-05-04
5605,735391,5,2004-08-16
5605,752642,2,2004-05-04
5605,1065416,5,2004-05-04
5605,964001,4,2005-08-04
5605,2460338,5,2004-05-04
5605,577616,5,2005-01-24
5605,1006874,3,2005-02-16
5605,1391691,5,2005-03-13
5605,211377,5,2005-05-02
5605,430318,4,2005-09-19
5605,1309432,5,2005-09-30
5605,1661014,5,2005-07-06
5605,1956033,5,2004-05-04
5605,1741802,4,2004-05-04
5605,2444787,2,2004-07-27
5605,334222,5,2004-12-11
5605,1413792,5,2005-02-15
5605,255085,5,2005-07-01
5605,1545458,4,2005-12-06
5605,105802,5,2005-07-27
5605,1107588,1,2004-05-04
5605,904187,5,2004-08-31
5605,1179562,4,2004-12-08
5605,2192677,5,2005-02-07
5605,755689,3,2005-03-02
5605,377907,3,2005-03-26
5605,1224756,5,2004-05-04
5605,2255880,5,2004-03-23
5605,826696,4,2004-12-06
5605,1121569,2,2005-03-01
5605,606497,5,2005-03-12
5605,928005,3,2005-05-04
5605,1151472,5,2005-09-14
5605,1151564,5,2005-07-08
5605,2103916,5,2004-05-04
5605,380397,5,2005-08-10
5605,919477,1,2004-05-04
5605,211698,5,2004-08-19
5605,1324318,1,2004-11-28
5605,2086655,4,2005-01-24
5605,1111568,4,2005-02-03
5605,929903,5,2005-02-24
5605,2267405,4,2005-06-25
5605,92387,5,2005-06-29
5605,663948,5,2005-09-09
5605,686940,5,2005-11-09
5605,16469,5,2004-05-04
5605,399772,5,2005-08-03
5605,2206233,5,2004-05-04
5605,2015125,3,2004-06-22
5605,2198833,4,2005-09-14
5605,2605904,5,2004-10-12
5605,603543,3,2004-11-29
5605,1443473,3,2005-03-03
5605,678853,1,2005-10-26
5605,2056022,2,2005-12-23
5605,1316574,4,2004-06-08
5605,1506383,4,2005-08-12
5605,1673564,3,2004-09-08
5605,164361,5,2004-07-08
5605,471654,4,2004-05-17
5605,846477,5,2004-10-11
5605,2168515,4,2005-03-14
5605,2341509,5,2005-11-30
5605,1407062,5,2004-05-04
5605,817916,4,2004-05-04
5605,2064995,3,2004-05-04
5605,1775574,5,2005-08-11
5605,1008039,5,2004-05-04
5605,355396,5,2004-12-22
5605,1370190,1,2005-01-13
5605,1436780,2,2005-11-01
5605,44737,3,2005-11-21
5605,2063641,4,2004-03-14
5605,505571,4,2004-05-04
5605,1901849,4,2004-08-20
5605,2113107,5,2004-10-31
5605,2267849,4,2004-12-17
5605,35434,3,2005-01-20
5605,1814870,5,2005-01-24
5605,34631,5,2005-02-23
5605,994534,2,2005-06-22
5605,868620,5,2005-06-27
5605,2539864,3,2005-09-13
5605,1807136,4,2005-09-19
5605,1908325,3,2004-09-06
5605,1182342,5,2004-05-04
5605,1625122,3,2005-08-27
5605,985009,3,2004-10-28
5605,2130261,5,2005-04-21
5605,119873,5,2005-04-30
5605,207793,4,2005-05-01
5605,1785017,4,2005-05-02
5605,1722590,3,2005-09-08
5605,1044050,4,2005-09-14
5605,796178,5,2005-07-07
5605,2254502,2,2004-05-04
5605,1250529,5,2004-04-10
5605,171522,4,2004-10-21
5605,2450534,4,2004-12-26
5605,1114196,2,2005-03-21
5605,2087490,4,2005-04-12
5605,482578,5,2005-05-19
5605,1021411,5,2005-09-13
5605,2258313,5,2005-11-25
5605,2036028,4,2005-12-20
5605,1385316,5,2004-08-16
5605,1740812,4,2004-03-29
5605,499987,5,2005-08-17
5605,2061667,3,2004-05-25
5605,230265,3,2005-02-22
5605,1194132,5,2005-05-14
5605,1037705,4,2005-11-29
5605,2505378,1,2004-05-04
5605,2339151,5,2004-05-04
5605,2236255,5,2005-05-25
5605,516107,2,2005-11-11
5605,828344,4,2005-11-14
5605,535674,1,2005-12-03
5605,17462,4,2004-05-04
5605,39799,4,2005-07-28
5605,1974130,5,2005-08-02
5605,2503022,3,2004-05-04
5605,1054484,3,2005-08-08
5605,538864,5,2004-05-04
5605,1813849,4,2004-05-04
5605,776513,5,2004-10-03
5605,71743,5,2005-02-17
5605,2204903,5,2005-07-14
5605,1662380,4,2004-10-04
5605,461358,5,2004-12-15
5605,1128482,3,2004-12-20
5605,2526155,5,2005-02-13
5605,2118461,5,2005-10-24
5605,823072,5,2005-07-20
5605,1922670,5,2004-05-04
5605,2537083,5,2004-05-04
5605,1856058,2,2005-08-16
5605,1275089,5,2004-05-04
5605,703585,3,2005-08-29
5605,1407394,5,2004-05-04
5605,2157060,1,2004-11-21
5605,2045041,4,2005-01-02
5605,890542,4,2005-03-07
5605,2558307,5,2005-03-11
5605,1582510,5,2005-11-08
5605,1058549,5,2005-07-09
5605,2248230,3,2005-07-12
5605,862852,5,2004-05-04
5605,1744915,5,2004-04-16
5605,2520261,4,2004-04-16
5605,1574397,5,2004-06-30
5605,1116110,5,2004-11-04
5605,1159926,4,2005-04-24
5605,1102433,4,2005-04-25
5605,168523,2,2005-05-07
5605,2572218,5,2005-05-11
5605,2183894,4,2005-06-22
5605,741248,3,2005-11-04
5605,1973032,4,2005-11-20
5605,2090850,2,2004-08-18
5605,1074851,5,2004-03-19
5605,387418,1,2004-03-16
5605,2605872,4,2004-05-04
5605,1542505,4,2005-08-29
5605,218972,5,2004-05-04
5605,1412480,5,2004-03-18
5605,1801535,4,2004-05-04
5605,1161710,4,2004-05-04
5605,2156285,5,2005-11-30
5605,2336203,2,2005-12-02
5605,510975,3,2004-05-04
5605,398239,5,2004-05-04
5605,226113,4,2004-09-29
5605,2619115,3,2004-11-09
5605,415253,3,2004-11-16
5605,1308287,3,2004-11-21
5605,2209865,5,2005-01-04
5605,690754,4,2005-01-10
5605,729782,5,2005-01-20
5605,1655236,4,2005-03-13
5605,52191,5,2005-03-13
5605,1037922,3,2005-03-17
5605,1651524,4,2005-09-06
5605,1384397,4,2005-09-20
5605,1428599,3,2005-10-18
5605,2303393,3,2005-10-25
5605,2520933,2,2005-07-14
5605,803605,5,2004-05-04
5605,1744121,3,2005-07-30
5605,977346,3,2005-06-27
5605,2162898,3,2005-09-20
5605,1972191,4,2005-11-15
5605,430091,3,2005-11-30
5605,1668137,5,2005-07-30
5605,2454300,4,2005-08-04
5605,2526431,3,2004-05-03
5605,794052,5,2004-09-16
5605,1791064,5,2004-11-09
5605,735837,5,2005-03-23
5605,1979429,5,2005-10-30
5605,448724,5,2004-04-25
5605,2498592,5,2005-08-01
5605,1776644,5,2005-08-18
5605,1229117,4,2004-07-14
5605,1122498,5,2004-09-15
5605,693542,3,2004-12-27
5605,319529,3,2005-01-11
5605,805853,5,2005-01-19
5605,1760487,4,2005-02-21
5605,491060,4,2005-04-27
5605,614279,3,2005-06-15
5605,794999,5,2004-06-22
5605,2064058,5,2005-01-31
5605,2489619,5,2005-02-07
5605,838399,5,2005-05-06
5605,2173327,2,2005-06-29
5605,2153721,4,2004-03-24
5605,1174107,1,2004-05-04
5605,356615,1,2004-05-04
5605,1160799,4,2005-03-18
5605,3694,4,2005-05-01
5605,216735,5,2005-07-11
5605,2387950,4,2004-05-04
5605,1565669,4,2005-08-15
5605,431856,5,2004-04-04
5605,133138,4,2004-05-04
5605,331590,3,2004-06-09
5605,1111243,5,2004-09-15
5605,519020,5,2004-08-19
5605,1578476,1,2004-11-22
5605,320378,3,2005-05-16
5605,739313,4,2004-08-24
5605,2156368,3,2005-07-27
5605,2481845,5,2004-05-04
5605,2571637,3,2004-05-04
5605,1663888,5,2005-01-19
5605,1550025,3,2004-03-25
5605,1257028,4,2005-08-31
5605,1366378,5,2004-05-04
5605,1966687,4,2004-06-29
5605,2595511,3,2004-03-30
5605,1982279,5,2004-10-19
5605,1847346,5,2004-11-29
5605,1235952,5,2005-02-09
5605,1378278,3,2005-04-07
5605,132570,5,2005-10-04
5605,1461435,1,2004-05-04
5605,2542888,5,2004-08-04
5605,2126810,5,2005-09-06
5605,153521,3,2004-09-09
5605,292654,5,2005-01-19
5605,2482437,5,2005-04-06
5605,2233207,3,2005-12-11
5605,1072193,5,2004-11-16
5605,1984465,2,2004-11-19
5605,2411279,5,2005-02-08
5605,2173185,5,2005-03-05
5605,1144825,4,2005-03-07
5605,728900,2,2005-06-04
5605,587590,5,2005-12-03
5605,1331403,5,2005-12-17
5605,1477671,2,2004-05-04
5605,244817,4,2004-05-22
5605,522423,3,2004-11-08
5605,1392553,2,2005-05-03
5605,1575181,5,2005-05-05
5605,2622899,5,2005-09-08
5605,1399249,4,2004-04-26
5605,410076,5,2004-05-04
5605,1688316,3,2004-05-04
5605,2489039,5,2004-03-18
5605,642384,5,2004-09-03
5605,480499,5,2004-04-29
5605,1806931,5,2004-10-22
5605,515219,2,2004-11-12
5605,795638,4,2004-11-19
5605,2441343,5,2004-12-28
5605,1150431,5,2005-02-08
5605,1885808,5,2005-06-01
5605,2184710,5,2005-12-11
5605,1851578,5,2005-07-27
5605,2435897,5,2004-05-04
5605,162834,2,2005-08-16
5605,1549154,4,2005-08-18
5605,333843,5,2004-12-09
5605,739922,4,2004-10-14
5605,1106925,5,2005-01-19
5605,2591062,5,2005-03-19
5605,970497,5,2005-09-26
5605,10833,5,2005-11-01
5605,1823941,3,2005-12-16
5605,189443,5,2005-07-06
5605,1294001,3,2004-05-04
5605,2111055,4,2004-05-04
5605,2165012,5,2004-05-04
5605,1639792,1,2004-05-04
5605,25758,4,2005-08-03
5605,136682,3,2004-05-04
5605,1281882,3,2004-05-21
5605,746871,5,2004-12-24
5605,2146655,5,2005-03-24
5605,1068902,4,2005-05-23
5605,529543,4,2005-06-28
5605,2055388,4,2005-07-06
5605,761623,5,2004-05-04
5605,57633,5,2004-05-04
5605,865976,3,2005-08-08
5605,732567,5,2005-08-15
5605,1899679,5,2004-05-31
5605,1247279,5,2004-06-07
5605,2118053,5,2004-12-03
5605,135215,4,2004-12-13
5605,2339135,5,2005-05-23
5605,2348346,4,2004-05-04
5605,44573,3,2005-08-22
5605,2566514,5,2004-05-04
5605,177294,1,2004-09-08
5605,790471,5,2004-11-04
5605,2143500,4,2004-12-18
5605,1795543,3,2005-03-16
5605,1365384,4,2005-03-17
5605,287421,3,2005-05-06
5605,2427076,2,2005-06-23
5605,1776577,2,2005-06-06
5605,136160,5,2005-10-12
5605,1657018,5,2005-10-17
5605,2497415,5,2005-11-21
5605,2441882,2,2005-08-22
5605,659645,3,2005-11-25
5605,325583,4,2004-05-24
5605,535008,5,2004-03-23
5605,480787,1,2005-01-31
5605,1807199,3,2005-03-16
5605,2150689,5,2005-06-23
5605,1167767,5,2005-07-02
5605,501584,2,2005-09-08
5605,1241819,5,2005-09-12
5605,1023470,1,2005-10-08
5605,38955,3,2005-10-30
5605,1176988,5,2004-09-12
5605,1611302,5,2004-05-04
5605,1963140,5,2004-07-01
5605,2060327,5,2004-03-26
5605,1327792,5,2004-09-06
5605,1847446,1,2005-03-02
5605,1665722,2,2005-03-07
5605,923774,2,2005-06-07
5605,964681,1,2005-06-20
5605,626857,4,2005-10-07
5605,1964334,4,2003-09-07
5605,1572817,4,2004-05-04
5605,982533,4,2005-08-04
5605,2078268,4,2004-05-04
5605,2146779,4,2004-05-04
5605,749353,3,2004-08-14
5605,2403480,3,2004-03-13
5605,363609,4,2005-01-19
5605,1264314,4,2004-05-04
5605,1440251,2,2004-08-23
5605,1954833,1,2004-06-28
5605,2125956,4,2004-07-29
5605,1822229,2,2004-09-26
5605,1944086,4,2004-10-05
5605,524543,4,2004-10-12
5605,1692974,3,2004-11-14
5605,2646634,5,2004-12-02
5605,675169,4,2004-12-27
5605,1457004,5,2005-07-02
5605,775483,2,2005-09-13
5605,782523,2,2005-10-28
5605,1424209,5,2005-12-05
5605,1546243,4,2004-05-04
5605,461351,4,2005-07-29
5605,1144718,2,2004-04-17
5605,1351189,4,2004-05-04
5605,1283987,5,2004-05-04
5605,2239682,4,2004-05-04
5605,1852040,3,2004-08-21
5605,544804,4,2004-07-09
5605,206091,4,2005-01-19
5605,1010649,5,2005-03-02
5605,1131188,4,2005-04-20
5605,395040,4,2005-09-07
5605,775895,4,2004-05-04
5605,1475431,4,2004-05-04
5605,1441457,5,2004-11-16
5605,1126571,4,2005-01-26
5605,791523,5,2005-03-23
5605,1487347,4,2005-05-21
5605,1684019,5,2005-05-23
5605,83926,4,2005-09-11
5605,863285,5,2005-09-16
5605,1056504,5,2005-07-09
5605,1543132,5,2005-09-02
5605,940538,2,2005-09-02
5605,1153166,5,2004-07-12
5605,775020,4,2004-11-29
5605,1340811,4,2004-12-11
5605,2197420,1,2004-12-20
5605,2465438,5,2005-04-12
5605,240401,5,2005-11-22
5605,1716086,4,2004-10-19
5605,1911099,5,2004-11-10
5605,224933,5,2004-11-30
5605,408873,4,2005-04-05
5605,186087,1,2005-10-12
5605,389400,4,2004-05-04
5605,1388038,5,2004-05-14
5605,2280287,5,2004-06-08
5605,692936,4,2005-09-08
5605,2274199,5,2004-05-04
5605,2604057,5,2004-11-11
5605,2483416,5,2005-08-07
5605,965760,5,2005-08-30
5605,1109823,2,2004-06-22
5605,54494,4,2004-08-07
5605,61134,5,2005-01-31
5605,1911845,4,2005-03-21
5605,1470542,2,2005-04-26
5605,1621279,4,2005-05-02
5605,285349,5,2005-09-14
5605,2243071,5,2005-09-20
5605,953667,4,2005-11-13
5605,1689663,4,2005-12-15
5605,1033224,3,2004-05-04
5605,39385,4,2005-08-12
5605,1550216,5,2004-03-16
5605,185372,3,2005-08-30
5605,129364,3,2004-12-13
5605,785431,5,2005-02-18
5605,2224513,5,2005-06-21
5605,1426688,4,2005-11-06
5605,928129,5,2005-11-08
5605,539743,4,2004-04-22
5605,1494385,4,2004-05-04
5605,928230,4,2004-09-08
5605,1844850,4,2004-11-09
5605,2264749,5,2005-02-23
5605,1541953,1,2004-05-04
5605,156573,4,2004-05-04
5605,2170453,5,2004-07-05
5605,2286634,2,2004-12-30
5605,2305320,3,2005-01-12
5605,1213178,4,2005-11-05
5605,1546617,5,2005-11-09
5605,1397841,4,2005-07-09
5605,2062455,4,2004-10-19
5605,1698023,3,2004-05-04
5605,229791,4,2004-06-22
5605,1259374,3,2004-09-08
5605,288767,2,2004-09-24
5605,2643057,5,2005-01-30
5605,718938,5,2005-01-31
5605,493553,4,2005-03-29
5605,2572942,4,2005-04-29
5605,2142405,5,2005-05-09
5605,1400108,5,2005-10-29
5605,360721,4,2005-11-23
5605,17374,4,2005-12-14
5605,2051123,4,2005-07-13
5605,307183,5,2005-08-19
5605,458916,1,2004-05-04
5605,391432,2,2004-09-04
5605,1704416,4,2004-10-24
5605,1055714,5,2004-12-28
5605,1396502,4,2005-01-13
5605,863782,5,2005-04-20
5605,196584,5,2005-04-28
5605,2389980,4,2005-04-29
5605,308411,2,2005-06-30
5605,1104589,5,2005-10-08
5605,341892,5,2005-10-25
5605,178629,5,2005-11-03
5605,839515,4,2005-11-14
