14761,1990901,5,2003-07-19
14761,2439005,5,2003-07-31
14761,1276913,3,2003-08-05
14761,862759,5,2004-03-27
14761,914547,2,2004-10-22
14761,716091,4,2004-12-09
14761,390508,3,2005-05-11
14761,1644750,3,2005-10-12
14761,1934980,4,2003-06-18
14761,1048550,4,2005-02-10
14761,1623132,5,2003-07-03
14761,2023579,3,2003-07-08
14761,2638523,5,2004-04-02
14761,1998117,4,2000-12-03
14761,1859725,3,2003-12-11
14761,1282325,3,2004-01-15
14761,2450252,3,2003-09-06
14761,2484814,3,2002-07-23
14761,1183741,4,2004-01-07
14761,179544,5,2003-06-24
14761,2384779,5,2005-10-08
14761,1586123,5,2004-01-24
14761,2260788,1,2003-06-30
14761,2172799,4,2003-09-18
14761,2175841,3,2004-04-11
14761,1601348,4,2005-05-20
14761,1372847,5,2000-11-21
14761,1977959,4,2002-06-20
14761,2173816,3,2004-07-06
14761,1331614,3,2004-04-10
14761,489962,4,2003-09-16
14761,1098265,5,2004-07-20
14761,1888171,5,2004-08-31
14761,302275,2,2004-11-22
14761,1477730,4,2005-02-01
14761,1547931,3,2005-06-01
14761,776097,1,2005-10-25
14761,1567685,3,2003-07-07
14761,1445871,3,2003-12-10
14761,1661430,5,2004-10-19
14761,2217731,5,2005-03-06
14761,1496341,4,2005-03-15
14761,1652182,4,2005-04-20
14761,2526892,3,2001-09-18
14761,29000,3,2005-08-22
14761,149028,3,2003-07-11
14761,1061566,5,2005-08-30
14761,333277,5,2005-09-03
14761,2001531,4,2003-10-07
14761,2556008,3,2004-08-06
14761,499718,4,2004-10-19
14761,1517471,3,2005-11-28
14761,1500364,4,2001-02-20
14761,621634,3,2004-09-18
14761,2198778,4,2004-10-04
14761,308602,5,2004-12-13
14761,1371479,3,2004-12-20
14761,1191427,3,2005-03-24
14761,303948,2,2005-04-01
14761,329712,3,2005-05-26
14761,2183737,5,2005-09-13
14761,2087711,3,2005-11-28
14761,941576,4,2004-12-04
14761,427561,4,2004-02-24
14761,824262,4,2004-10-12
14761,2387904,2,2005-07-05
14761,2554745,4,2000-12-22
14761,2098985,4,2003-01-27
14761,709091,2,2003-08-27
14761,2297121,4,2004-03-17
14761,2104247,4,2005-10-17
14761,1990523,4,2005-10-30
14761,1082752,4,2002-12-06
14761,2252223,5,2005-01-24
14761,1109059,3,2005-04-28
14761,125163,4,2005-09-12
14761,323614,4,2003-11-30
14761,964493,4,2005-05-03
14761,1894963,4,2005-09-22
14761,2093058,3,2004-05-14
14761,1602952,4,2004-02-03
14761,928303,4,2003-09-24
14761,2421721,4,2004-01-22
14761,1785304,5,2004-10-13
14761,2561861,3,2005-01-19
14761,2428111,4,2005-06-17
14761,1466320,3,2005-06-27
14761,637473,3,2001-02-12
14761,1653438,5,2003-11-18
14761,57389,5,2004-02-25
14761,1696335,4,2004-10-25
14761,1954032,5,2005-01-29
14761,1863843,3,2005-04-13
14761,787569,5,2005-05-12
14761,1065191,5,2005-07-10
14761,1733406,5,2004-01-13
14761,2387961,5,2004-03-30
14761,328364,3,2001-10-27
14761,2574159,5,2003-06-12
14761,401047,1,2005-06-15
14761,2059967,5,2005-11-17
14761,1677224,2,2004-05-07
14761,10567,3,2004-04-19
14761,2501391,4,2005-05-17
14761,2071995,3,2003-12-06
14761,288956,5,2005-07-28
14761,2260609,4,2004-08-09
14761,235364,2,2003-08-23
14761,2508703,2,2003-11-04
14761,1133051,5,2003-09-01
14761,2130360,3,2004-11-11
14761,1149582,5,2005-02-24
14761,10016,3,2005-05-01
14761,1581870,5,2002-08-18
14761,1815385,3,2003-06-18
14761,716553,4,2005-09-18
14761,1607533,3,2005-10-03
14761,2150833,4,2004-01-27
14761,473222,4,2004-07-17
14761,270694,5,2005-09-13
14761,1944630,4,2005-07-22
14761,1108304,3,2004-04-13
14761,660495,4,2003-06-10
14761,1764950,4,2005-02-13
14761,782482,4,2005-05-10
14761,1911835,5,2005-07-24
14761,753836,5,2004-10-01
14761,981535,4,2004-11-08
14761,136834,3,2005-04-14
14761,926995,4,2005-12-23
14761,1784854,5,2002-10-30
14761,1927580,4,2004-10-05
14761,1407746,3,2004-09-16
14761,2201323,5,2005-07-08
14761,664105,3,2004-04-30
14761,2229902,5,2005-01-23
14761,1634668,4,2005-02-14
14761,2162539,4,2005-09-12
14761,394194,3,2000-06-26
14761,2509215,4,2005-04-06
14761,1623333,3,2003-05-19
14761,2396197,4,2003-07-02
14761,1098901,4,2005-03-15
14761,727242,1,2005-11-22
14761,265695,4,2005-12-14
14761,2520196,1,2004-04-14
14761,2324209,2,2003-04-09
14761,478176,4,2004-10-21
14761,289020,5,2005-02-15
14761,180030,4,2005-06-07
14761,2604046,2,2005-07-02
14761,1275651,5,2001-04-01
14761,2100210,5,2003-09-29
14761,709755,3,2005-03-10
14761,2332286,5,2005-04-11
14761,2338924,4,2003-09-25
14761,1562110,3,2003-12-07
14761,398641,4,2003-11-12
14761,2638132,5,2004-09-18
14761,1272379,1,2005-01-19
14761,1873377,3,2005-05-09
14761,1213539,5,2001-09-30
14761,788185,4,2001-09-16
14761,1503604,4,2003-08-18
14761,64741,4,2004-09-05
14761,2648204,5,2004-12-01
14761,2127161,5,2005-01-20
14761,587134,2,2005-03-17
14761,310113,3,2005-04-20
14761,1103080,5,2005-06-16
14761,2408917,5,2005-06-21
14761,1933329,2,2002-07-10
14761,110288,5,2004-03-27
14761,1132940,3,2003-08-08
14761,2442180,5,2003-05-29
14761,2564850,3,2005-03-20
14761,2066735,4,2005-11-29
14761,858589,4,2004-05-04
14761,368514,4,2004-10-15
14761,495092,4,2004-11-12
14761,668375,4,2005-05-23
14761,1759719,1,2005-12-05
14761,484048,4,2003-12-11
14761,658141,4,2003-12-05
14761,1240130,3,2004-09-07
14761,1433307,4,2004-08-19
14761,1356347,5,2005-03-15
14761,756558,5,2005-10-23
14761,1685089,5,2000-11-12
14761,161016,4,2003-08-15
14761,2005992,1,2004-04-02
14761,718460,5,2004-05-25
14761,2237185,4,2005-06-03
14761,2111183,3,2005-10-12
14761,1703994,5,2004-09-03
14761,1207218,4,2003-09-30
14761,2320264,4,2004-03-09
14761,843413,1,2002-07-14
14761,2062350,3,2003-06-16
14761,1927703,3,2004-01-14
14761,798730,5,2004-05-03
14761,1475790,3,2001-08-03
14761,2142259,2,2003-08-24
14761,1193636,5,2004-10-12
14761,2643252,5,2005-06-08
14761,2209068,4,2005-07-06
14761,792106,4,2004-01-08
14761,2439493,1,2003-06-13
14761,2544430,3,2004-03-13
14761,1788789,4,2004-06-22
14761,989579,5,2004-10-31
14761,1607280,3,2005-03-17
14761,2099740,3,2003-09-09
14761,2609783,4,2004-08-18
14761,2601604,4,2004-10-09
14761,174205,4,2004-11-03
14761,2135677,4,2005-03-04
14761,907985,4,2005-03-20
14761,864902,3,2004-04-14
14761,68959,4,2003-12-16
14761,1770738,3,2004-02-06
14761,253394,3,2005-11-18
14761,439870,5,2003-09-16
14761,2242386,5,2005-01-29
14761,1673357,3,2005-02-01
14761,881747,3,2005-03-21
14761,1545709,5,2003-12-02
14761,2174682,5,2003-06-11
14761,2424905,5,2005-04-30
14761,1563935,1,2005-08-12
14761,518309,5,2004-01-23
14761,1770331,3,2004-02-29
14761,999651,3,2004-08-24
14761,1258209,2,2004-07-26
14761,1631532,5,2004-06-05
14761,359209,5,2005-03-31
14761,1126245,3,2005-09-17
14761,1689751,4,2004-08-12
14761,1045223,5,2005-01-19
14761,2149408,5,2005-05-10
14761,50123,4,2001-08-22
14761,2377407,4,2003-09-18
14761,2254887,3,2004-10-24
14761,1082911,2,2005-02-17
14761,508799,4,2005-04-14
14761,1504503,5,2005-10-03
14761,1010499,4,2004-05-14
14761,2040859,1,2004-11-23
14761,1870594,5,2005-04-20
14761,113774,3,2005-09-21
14761,1903582,4,2003-07-19
14761,968813,4,2001-02-25
14761,792534,3,2004-02-21
14761,1510160,4,2005-10-17
14761,280790,5,2004-03-28
14761,588573,4,2004-01-23
14761,1121773,5,2005-04-13
14761,1436431,2,2005-04-14
14761,342420,4,2005-04-20
14761,588484,4,2005-05-10
14761,2358855,4,2005-11-26
14761,1224063,3,2005-05-11
14761,271435,3,2005-07-04
14761,1695600,5,2005-03-14
14761,1813586,3,2005-06-22
14761,1526115,4,2001-01-13
14761,425755,4,2004-08-16
14761,1893736,4,2004-03-16
14761,2353230,5,2005-01-07
14761,1092521,4,2005-02-15
14761,1104564,5,2004-04-27
14761,2064981,4,2003-11-24
14761,2463168,3,2004-11-01
14761,75001,4,2005-12-12
14761,1012590,4,2003-08-18
14761,1723204,5,2002-08-24
14761,1131759,4,2003-11-13
14761,161049,4,2003-12-03
14761,1062999,4,2005-09-27
14761,1829220,4,2004-09-21
14761,2407389,4,2004-10-26
14761,2607225,4,2004-11-02
14761,1316252,4,2005-08-05
14761,246954,3,2003-08-26
14761,2634620,5,2003-10-03
14761,2317411,5,2004-10-11
14761,2157897,4,2004-12-02
14761,2415196,4,2005-02-28
14761,758052,4,2005-12-13
14761,1243711,3,2005-07-15
14761,1827859,4,2001-04-10
14761,1241318,3,2005-01-01
14761,1574439,4,2005-02-08
14761,2095856,5,2005-06-18
14761,847496,3,2005-11-01
14761,315168,3,2005-11-09
14761,1505821,3,2003-06-22
14761,597776,4,2005-08-26
14761,2403703,4,2004-08-02
14761,2457095,2,2004-03-12
14761,978854,5,2004-06-30
14761,562026,4,2004-09-09
14761,2175241,5,2005-01-12
14761,1675511,3,2005-02-13
14761,1206786,4,2005-04-16
14761,2027969,3,2005-05-02
14761,1431710,4,2005-05-26
14761,1341553,5,2005-06-18
14761,1678921,4,2005-08-30
14761,1032518,4,2005-09-16
14761,1498250,4,2004-07-04
14761,231848,4,2004-03-04
14761,2143413,5,2004-10-18
14761,2223917,4,2005-10-13
14761,1726175,5,2005-07-07
14761,504230,4,2001-01-24
14761,2444002,4,2003-12-26
14761,1408038,4,2004-06-03
14761,1742993,4,2005-10-09
14761,1725588,5,2003-08-15
14761,1289344,5,2004-09-14
14761,1182451,4,2004-05-18
14761,2356088,2,2003-08-25
14761,627335,4,2004-11-03
14761,1547885,4,2005-05-28
14761,237600,4,2003-08-09
14761,1560333,4,2004-01-05
14761,1653464,3,2005-01-19
14761,981636,3,2005-07-06
14761,1732840,4,2004-06-08
14761,57911,5,2005-08-05
14761,1599561,4,2004-12-21
14761,2033422,4,2005-04-02
14761,1932113,4,2005-07-11
14761,473406,5,2003-11-17
14761,2515847,3,2004-05-26
14761,109919,5,2005-01-13
14761,604906,3,2005-03-08
14761,1730486,4,2005-10-18
14761,719959,3,2005-10-21
14761,1634324,4,2003-11-30
14761,810726,5,2003-07-16
14761,1287571,5,2004-06-07
14761,1047039,4,2004-12-16
14761,2472944,5,2005-04-26
14761,1317982,2,2005-07-12
14761,2189240,4,2003-12-18
14761,1647714,4,2004-07-21
14761,2521625,4,2004-04-21
14761,463781,3,2004-07-22
14761,1669454,5,2005-06-14
14761,2025883,2,2005-08-23
14761,1240040,3,2004-11-10
14761,1487011,5,2005-01-31
14761,126299,2,2005-06-07
14761,775839,4,2005-06-11
14761,1278035,4,2005-09-07
14761,648980,4,2004-02-03
14761,1979083,3,2004-06-21
14761,245116,4,2004-11-26
14761,2093534,4,2005-05-31
14761,1327129,3,2005-11-06
14761,1974927,4,2001-05-02
14761,592281,4,2002-11-04
14761,2264299,3,2005-07-26
14761,2254892,4,2003-12-23
14761,1278716,4,2004-06-29
14761,922436,4,2004-10-07
14761,2166018,4,2005-03-25
14761,1571580,5,2005-05-27
14761,132669,4,2005-10-30
14761,183052,5,2004-07-24
14761,1221349,4,2005-07-27
14761,2377222,5,2005-07-31
14761,999907,3,2004-09-12
14761,414536,5,2004-03-13
14761,1318946,4,2004-11-03
14761,381588,4,2005-01-25
14761,861090,4,2005-05-29
14761,1043901,2,2005-06-16
14761,417247,5,2003-11-11
14761,994370,5,2003-06-16
14761,2552319,3,2005-04-03
14761,983042,4,2005-04-26
14761,2334738,4,2001-06-08
14761,669796,3,2001-02-25
14761,1637683,4,2003-06-13
14761,1505523,4,2003-10-20
14761,844207,5,2005-01-02
14761,2207302,4,2004-09-05
14761,410389,5,2004-11-16
14761,1853638,2,2005-04-14
14761,2588486,2,2005-04-27
14761,1296336,3,2005-12-19
14761,418973,5,2004-04-16
14761,1724278,4,2003-11-25
14761,1828746,4,2004-07-07
14761,1280124,4,2004-10-17
14761,1439677,4,2005-01-25
14761,1163868,3,2005-03-22
14761,1750007,4,2005-03-23
14761,143120,5,2005-04-20
14761,2188580,3,2005-11-10
14761,713769,5,2005-08-02
14761,1623724,4,2003-08-17
14761,373103,4,2004-05-26
14761,1467206,4,2005-10-31
14761,1057909,4,2005-11-04
14761,696845,4,2003-11-16
14761,957941,5,2003-08-21
14761,838120,3,2003-07-25
14761,2628749,5,2004-01-06
14761,896633,3,2004-08-31
14761,994565,5,2004-10-10
14761,2536250,4,2004-10-25
14761,589943,4,2005-01-30
14761,1557148,4,2005-02-22
14761,1444657,4,2005-03-14
14761,927953,4,2005-09-23
14761,1664010,5,2005-10-13
14761,1902838,3,2000-05-08
14761,1942186,4,2003-09-22
14761,2493804,4,2004-06-17
14761,2463963,3,2004-11-21
14761,961280,3,2005-02-18
14761,952014,5,2003-08-26
14761,1127492,3,2003-07-19
14761,1826686,5,2003-08-15
14761,1985312,4,2004-09-02
14761,1184046,3,2005-02-16
14761,2259174,3,2005-11-15
14761,238920,5,2003-09-19
14761,2244636,4,2003-08-27
14761,1207990,4,2004-06-01
14761,445824,5,2004-08-28
14761,1270100,4,2005-11-14
14761,533712,4,2004-10-02
14761,862596,1,2005-09-17
14761,2102273,4,2001-10-03
14761,2047761,2,2002-09-30
14761,1202799,5,2004-06-20
14761,2116286,3,2005-01-31
14761,693488,5,2005-03-27
14761,1304156,4,2002-05-09
14761,2327122,4,2004-04-16
14761,1352458,3,2003-11-28
14761,2170706,3,2004-08-31
14761,963611,1,2004-06-02
14761,217867,4,2003-07-03
14761,1505800,5,2003-11-12
14761,1718152,3,2004-01-08
14761,2211674,4,2004-02-05
14761,1174324,4,2003-07-20
14761,1887644,2,2004-04-28
14761,1455188,3,2005-01-31
14761,1440602,4,2005-02-03
14761,1695405,4,2005-03-25
14761,2510050,3,2005-04-06
14761,2374807,3,2005-12-01
14761,2046513,4,2003-09-29
14761,2126467,4,2004-08-06
14761,2274295,4,2005-04-10
14761,1434064,4,2005-05-23
14761,1280149,3,2005-05-25
14761,1848868,4,2004-07-06
14761,1329027,5,2005-02-19
14761,1436917,5,2003-08-11
14761,177615,4,2003-10-30
14761,2585364,5,2004-02-10
14761,1715528,4,2005-10-25
14761,659308,5,2003-08-14
14761,37362,3,2004-12-08
14761,1949871,5,2005-01-24
14761,1201884,4,2005-03-26
14761,232111,5,2005-05-05
14761,2067027,4,2005-10-03
14761,913572,3,2005-10-11
14761,1790218,3,2005-10-17
14761,1805219,5,2005-11-03
14761,1575746,3,2004-10-08
14761,2371607,4,2005-02-04
14761,318409,5,2005-04-09
14761,1086481,1,2004-03-18
14761,2373330,4,2004-08-06
14761,1428452,5,2004-11-14
14761,1981710,5,2005-03-23
14761,50214,5,2005-05-04
14761,437881,5,2004-11-19
14761,665252,4,2005-10-25
14761,86653,5,2003-08-22
14761,2614394,3,2004-07-06
14761,1326675,4,2005-01-29
14761,1600259,2,2001-09-07
14761,412171,4,2003-06-18
14761,1036358,5,2004-06-21
14761,2533067,2,2005-08-30
14761,1521076,5,2004-05-10
14761,2032593,3,2004-11-23
14761,899682,5,2005-06-16
14761,2620317,5,2005-06-17
14761,1739440,5,2000-09-30
14761,1433231,4,2004-02-20
14761,1580635,4,2005-08-05
14761,1048100,4,2004-05-14
14761,1431663,4,2004-10-28
14761,1966737,5,2005-05-10
14761,315894,4,2005-11-15
14761,1642718,3,2001-02-14
14761,1361122,3,2004-08-16
14761,2291306,1,2004-03-03
14761,526238,4,2004-11-22
14761,854949,3,2004-12-22
14761,2498387,3,2005-01-24
14761,656904,4,2005-04-25
14761,1755824,4,2004-05-20
14761,1535401,5,2004-07-26
14761,1835293,4,2005-06-07
14761,3321,1,2005-09-27
14761,1082476,4,2004-01-11
14761,2332866,5,2003-08-11
14761,536501,4,2004-02-27
14761,282230,4,2005-08-16
14761,673040,5,2003-06-16
14761,1716591,5,2004-09-26
14761,2410823,5,2005-03-02
14761,1022416,5,2005-11-08
14761,2637118,4,2005-07-05
14761,1138331,3,2003-11-07
14761,2625523,3,2003-10-01
14761,1818833,2,2004-08-16
14761,1376324,5,2004-12-28
14761,1555917,4,2005-10-16
14761,2393261,4,2005-07-26
14761,448916,4,2003-08-20
14761,2087627,3,2004-04-05
14761,1306008,4,2004-08-13
14761,87701,2,2001-11-18
14761,1364146,3,2004-02-02
14761,943967,2,2004-06-23
14761,2449001,5,2005-03-07
14761,313016,3,2005-04-16
14761,2627916,2,2005-06-12
14761,2271752,3,2005-11-04
14761,2039053,5,2004-05-20
14761,1977316,4,2004-01-26
14761,491531,1,2004-06-02
14761,169281,4,2003-07-01
14761,1028982,3,2005-08-26
14761,1566099,3,2004-02-01
14761,1317671,3,2004-10-12
14761,1413264,4,2005-03-24
14761,1489356,3,2005-05-22
14761,1290508,2,2005-10-31
14761,2066490,5,2000-07-31
14761,1574597,5,2000-12-03
14761,549797,3,2004-02-18
14761,2269726,4,2003-09-23
14761,1197388,3,2003-12-08
14761,1526116,4,2004-07-06
14761,1278807,5,2005-10-30
14761,1428636,5,2005-12-18
14761,636256,3,2005-07-11
14761,1139925,4,2005-07-18
14761,1680173,2,2003-10-28
14761,2184436,4,2002-06-07
14761,1854145,4,2004-10-24
14761,2199915,5,2005-06-08
14761,2517630,4,2005-10-07
14761,2353105,4,2005-10-31
14761,1255298,3,2005-11-01
14761,1688294,5,2004-11-10
14761,770133,4,2005-01-20
14761,1987190,4,2005-04-27
14761,731685,3,2005-09-27
14761,2476145,3,2003-08-14
14761,1517636,3,2004-02-18
14761,435841,3,2005-12-19
14761,152441,4,2003-09-20
14761,2512235,4,2003-11-08
14761,156855,4,2005-06-03
14761,1850620,1,2005-09-26
14761,1214181,4,2003-07-16
14761,2355795,3,2004-09-28
14761,2533279,3,2004-10-18
14761,2256485,1,2004-11-09
14761,1688068,5,2004-11-29
14761,2061499,3,2005-03-08
14761,901996,4,2005-04-20
14761,1171064,3,2005-08-08
14761,1837461,3,2004-12-04
14761,692479,3,2005-09-09
14761,11301,5,2003-07-03
14761,184162,4,2004-09-06
14761,280280,5,2004-12-27
14761,1299887,4,2005-03-08
14761,743076,3,2005-05-18
14761,630732,3,2005-06-27
14761,314618,3,2005-11-14
14761,856743,3,2004-04-25
14761,2430041,4,2003-06-18
14761,895969,3,2004-09-11
14761,214280,3,2004-07-24
14761,682963,3,2005-06-21
14761,1664529,4,2005-08-22
14761,1284267,4,2004-05-09
14761,60617,3,2004-09-19
14761,1047168,4,2005-03-09
14761,1398961,4,2005-04-01
14761,369978,4,2005-09-11
14761,2100142,5,2005-10-18
14761,1235873,5,2003-10-10
14761,237736,4,2005-09-08
14761,401430,5,2004-08-24
14761,1634480,5,2004-09-27
14761,346233,2,2004-11-07
14761,466436,5,2005-09-11
14761,1996837,2,2005-09-20
14761,2484680,4,2002-11-05
14761,2533530,5,2005-01-19
14761,1822277,5,2005-06-08
14761,1290148,4,2005-10-25
14761,466937,3,2001-05-30
14761,2390255,3,2004-02-01
14761,306286,5,2004-02-03
14761,920131,3,2004-04-06
14761,2496825,4,2005-08-30
14761,1978078,3,2003-12-19
14761,8212,4,2004-03-19
14761,321530,4,2004-09-25
14761,655399,4,2005-02-15
14761,733919,4,2005-06-22
14761,1810833,4,2005-10-09
14761,62771,5,2003-10-17
14761,2051296,3,2003-11-03
14761,1743664,5,2004-07-28
14761,769555,3,2004-09-30
14761,315729,5,2005-05-18
14761,834752,3,2005-05-21
14761,1373912,4,2005-11-08
14761,1640271,1,2001-05-31
14761,1534677,4,2001-03-22
14761,1960442,5,2005-08-07
14761,1668103,3,2005-08-17
14761,1009033,5,2005-11-02
14761,305344,1,2003-08-05
14761,1590294,3,2004-02-16
14761,1227440,4,2005-06-08
14761,2227769,3,2005-09-09
14761,2426256,4,2005-10-02
14761,1481664,3,2004-04-04
14761,2360906,3,2004-03-02
14761,1470113,4,2004-10-09
14761,66340,4,2005-01-19
14761,635056,4,2003-12-15
14761,1068848,4,2003-11-04
14761,1134384,4,2004-10-07
14761,1159683,3,2004-11-08
14761,412641,3,2005-01-06
14761,2177964,3,2005-04-12
14761,431731,4,2005-06-20
14761,2485060,4,2005-09-09
14761,1830031,5,2005-07-15
14761,291020,4,2004-05-19
14761,1403217,2,2005-08-31
14761,691226,5,2001-03-14
14761,1912542,1,2003-08-11
14761,915057,5,2004-07-16
14761,1006672,4,2004-10-18
14761,783612,5,2005-05-01
14761,74441,4,2004-03-09
14761,2548832,5,2003-06-25
14761,899796,2,2004-01-21
14761,1910719,4,2004-07-20
14761,1393576,4,2005-01-19
14761,1672239,4,2005-03-06
14761,280167,5,2005-04-06
14761,2631950,4,2005-05-17
14761,2059696,5,2003-06-29
14761,2520896,5,2003-05-15
14761,256278,4,2003-09-17
14761,2011615,4,2005-01-29
14761,1986227,5,2005-03-07
14761,685642,2,2004-06-30
14761,116563,4,2005-03-08
14761,161013,5,2005-03-15
14761,2082272,4,2005-06-11
14761,2391200,4,2001-10-18
14761,468708,3,2005-01-28
14761,1901598,4,2005-04-12
14761,195247,3,2005-05-09
14761,2422270,5,2005-05-19
14761,1283922,4,2005-10-18
14761,1876105,5,2005-07-07
14761,2587773,4,2004-07-28
14761,338723,5,2005-02-15
14761,1643146,3,2005-03-02
14761,2120884,3,2005-10-13
14761,2438621,3,2005-10-26
14761,2206123,3,2005-10-29
14761,1150258,3,2004-01-21
14761,2569488,5,2004-01-27
14761,1764595,3,2004-12-14
14761,1676593,4,2005-04-28
14761,431404,5,2003-10-23
14761,1541851,5,2005-08-03
14761,310027,4,2005-08-24
14761,2513991,5,2004-09-06
14761,1936805,4,2005-11-10
14761,2544573,3,2005-07-14
14761,1384753,5,2005-07-18
14761,1861484,5,2002-08-01
14761,2523748,4,2003-09-11
14761,306187,5,2003-07-07
14761,436359,2,2005-02-09
14761,1720578,5,2005-05-02
14761,1120606,4,2005-09-11
14761,1236960,3,2005-09-26
14761,1716911,4,2002-02-18
14761,11144,4,2003-09-08
14761,680584,4,2004-04-03
14761,2163282,4,2005-12-30
14761,1775569,5,2005-01-27
14761,478634,3,2005-02-24
14761,1494580,5,2005-03-01
14761,2309376,2,2005-04-18
14761,780850,5,2001-10-28
14761,2159454,5,2001-09-25
14761,1806828,3,2003-08-01
14761,2252513,3,2004-12-08
14761,1127723,5,2005-02-10
14761,1431356,5,2005-09-25
14761,452873,3,2005-10-26
14761,1319949,4,2005-08-28
14761,1348856,4,2004-05-10
14761,1194958,4,2004-05-24
14761,955262,5,2005-01-12
14761,339113,4,2005-01-19
14761,2557152,5,2005-02-08
14761,2006715,5,2004-12-04
14761,577616,4,2004-06-08
14761,20963,4,2003-12-29
14761,2126973,2,2005-01-08
14761,1336925,4,2005-02-08
14761,1008904,5,2005-11-11
14761,482097,3,2002-09-03
14761,1279037,1,2004-08-22
14761,2142688,2,2004-04-07
14761,1720038,4,2004-04-27
14761,898501,5,2004-10-11
14761,1304956,5,2005-02-17
14761,313269,3,2005-06-03
14761,1799442,3,2003-12-03
14761,854646,4,2004-03-07
14761,1145979,3,2004-04-23
14761,105802,5,2005-04-12
14761,1473531,4,2005-06-27
14761,1209161,5,2005-10-10
14761,2255880,3,2003-08-05
14761,188190,3,2003-07-12
14761,104275,5,2003-08-29
14761,1800518,1,2001-08-02
14761,2083245,3,2003-07-01
14761,1991863,3,2004-12-22
14761,685546,4,2005-04-21
14761,1183927,3,2005-06-08
14761,915643,2,2005-07-27
14761,590429,4,2004-06-25
14761,2605904,5,2004-10-12
14761,2056022,2,2004-11-05
14761,4597,2,2004-11-22
14761,1330588,5,2004-12-14
14761,326356,4,2005-04-03
14761,854364,3,2004-07-01
14761,1045579,3,2003-10-15
14761,1432799,4,2004-10-02
14761,307427,4,2005-02-24
14761,685353,4,2005-11-15
14761,1103178,4,2005-12-27
14761,1802619,4,2004-03-11
14761,225485,4,2004-11-01
14761,837165,4,2005-01-27
14761,2036100,3,2002-05-30
14761,2226220,5,2002-04-24
14761,182659,4,2003-09-27
14761,1196674,4,2004-03-24
14761,592269,3,2005-04-19
14761,1044050,4,2005-10-24
14761,1233676,2,2004-09-09
14761,700368,3,2004-01-29
14761,2386179,3,2005-08-15
14761,538005,1,2005-08-24
14761,47653,4,2003-06-23
14761,2450534,4,2004-03-14
14761,296232,4,2004-06-21
14761,2028303,5,2005-09-21
14761,1199203,3,2005-10-01
14761,2093473,3,2005-07-29
14761,1178330,4,2004-03-08
14761,706714,4,2004-02-16
14761,230265,4,2005-02-22
14761,381512,3,2005-05-15
14761,680389,4,2005-09-26
14761,2361408,4,2005-08-07
14761,1630031,4,2005-02-19
14761,1447614,5,2004-07-15
14761,1516350,3,2004-06-17
14761,1910293,3,2004-11-29
14761,2502499,5,2005-04-03
14761,1866323,4,2005-05-31
14761,979871,4,2002-01-16
14761,93304,3,2003-12-16
14761,2318588,5,2005-03-07
14761,617535,3,2005-05-19
14761,459516,4,2003-09-08
14761,2146579,2,2003-08-05
14761,530891,3,2004-04-13
14761,2386774,3,2003-05-23
14761,223488,3,2005-04-10
14761,2602360,5,2005-04-21
14761,1806515,3,2005-09-29
14761,2118461,4,2005-10-22
14761,2563731,4,2003-09-25
14761,2217242,3,2004-01-29
14761,2537083,3,2003-07-07
14761,1638460,2,2004-07-01
14761,2609544,3,2004-03-16
14761,923575,4,2005-03-08
14761,1760544,4,2005-10-04
14761,2564223,3,2005-11-24
14761,862852,4,2003-05-10
14761,2593295,5,2004-11-13
14761,506313,3,2004-12-24
14761,787252,2,2005-11-05
14761,387418,2,2003-08-11
14761,1094335,5,2003-09-18
14761,1064369,5,2004-04-26
14761,2188443,3,2004-04-05
14761,2254751,4,2004-10-19
14761,336829,3,2004-10-29
14761,1933831,3,2005-02-24
14761,881109,4,2005-06-18
14761,398239,3,2005-07-11
14761,835881,3,2003-11-26
14761,1734945,4,2005-07-25
14761,226113,5,2003-06-16
14761,1149732,3,2004-09-09
14761,2203916,5,2004-05-18
14761,181013,5,2004-10-05
14761,1436486,4,2004-10-29
14761,1752619,4,2005-03-11
14761,283079,3,2005-12-03
14761,803605,5,2004-11-26
14761,465616,3,2003-09-17
14761,2167552,3,2003-07-25
14761,2561176,3,2004-08-22
14761,977346,4,2005-06-27
14761,430091,4,2005-10-01
14761,1672014,2,2001-08-15
14761,183860,5,2004-09-09
14761,794052,3,2003-08-05
14761,1257851,3,2005-12-17
14761,2594516,4,2003-07-16
14761,1424768,5,2004-08-16
14761,1738116,4,2003-11-19
14761,1442949,5,2004-09-01
14761,558676,4,2005-03-06
14761,265346,5,2003-09-01
14761,933096,1,2004-03-02
14761,1932594,2,2005-01-20
14761,495174,5,2004-06-05
14761,7192,2,2004-12-04
14761,1069533,3,2005-08-15
14761,2490948,4,2004-03-17
14761,852193,3,2000-12-05
14761,983587,4,2001-04-22
14761,1229494,3,2005-07-24
14761,824157,3,2004-04-08
14761,1565669,3,2005-06-16
14761,2160017,4,2002-01-24
14761,1663888,5,2004-08-10
14761,1444028,4,2004-04-29
14761,1966687,4,2004-01-15
14761,2374978,4,2001-08-14
14761,1517054,5,2003-12-04
14761,1461435,1,2002-03-16
14761,829708,2,2004-01-26
14761,1657230,4,2005-08-30
14761,1163477,4,2005-06-16
14761,1820919,4,2005-09-26
14761,1984358,3,2005-11-06
14761,2175099,3,2005-11-28
14761,908190,5,2001-04-26
14761,1777964,2,2003-05-07
14761,182203,1,2003-07-18
14761,1468557,3,2004-01-20
14761,1337226,3,2004-09-28
14761,100400,1,2005-03-27
14761,1024342,4,2005-03-28
14761,947104,5,2005-11-02
14761,919582,3,2004-09-07
14761,2384478,3,2004-12-21
14761,1474918,4,2005-03-10
14761,2472342,4,2005-05-23
14761,2131713,2,2003-11-01
14761,1688316,4,2003-07-01
14761,642384,5,2004-08-19
14761,1304814,3,2004-11-20
14761,985750,3,2005-04-06
14761,2095155,5,2005-12-10
14761,1241958,4,2002-08-06
14761,1823941,4,2004-09-11
14761,2236399,3,2003-09-18
14761,714173,4,2005-02-22
14761,267107,4,2005-07-11
14761,2111055,4,2003-06-23
14761,1639792,1,2002-05-02
14761,189443,3,2005-08-04
14761,432949,5,2002-10-14
14761,136682,4,2003-12-07
14761,582829,1,2004-01-04
14761,1350353,5,2005-05-26
14761,1005246,4,2005-09-26
14761,57633,4,2004-07-03
14761,1138794,4,2005-05-17
14761,505653,3,2005-10-26
14761,2055388,4,2005-12-12
14761,2361556,4,2002-06-05
14761,2566514,4,2003-12-06
14761,2530235,3,2004-02-08
14761,2425996,4,2004-11-23
14761,817878,4,2004-12-24
14761,2143500,4,2004-12-30
14761,361576,3,2003-10-29
14761,686108,4,2004-04-26
14761,2536943,3,2004-07-08
14761,788428,5,2004-09-06
14761,2043374,3,2004-12-13
14761,1083336,5,2005-10-14
14761,168178,3,2003-12-28
14761,2299436,4,2004-03-24
14761,105410,4,2004-03-27
14761,46140,5,2005-01-02
14761,2175440,3,2004-05-06
14761,588289,1,2004-11-23
14761,2125808,3,2005-01-06
14761,2332215,5,2005-01-10
14761,626225,4,2005-03-26
14761,1676423,5,2005-09-07
14761,2646634,5,2000-06-08
14761,830267,4,2003-12-06
14761,948522,5,2003-04-29
14761,2251164,4,2003-09-16
14761,760943,3,2004-12-15
14761,3612,4,2005-05-31
14761,1519142,3,2005-10-07
14761,1766102,4,2003-07-02
14761,1852040,1,2004-07-24
14761,1704379,3,2005-11-03
14761,1168064,5,2005-11-28
14761,920896,3,2002-08-06
14761,262854,4,2002-11-26
14761,1733625,4,2005-08-09
14761,2641565,5,2005-08-26
14761,1396717,5,2005-02-04
14761,1714484,3,2005-11-28
14761,1612901,4,2005-12-08
14761,833829,5,2003-11-26
14761,2205007,5,2005-07-29
14761,850528,5,2004-10-24
14761,598554,4,2005-01-26
14761,1332413,4,2005-05-11
14761,1088910,3,2003-08-01
14761,1191171,5,2004-02-21
14761,2277203,4,2004-12-07
14761,1740681,5,2005-12-02
14761,2422572,2,2003-12-06
14761,190245,5,2005-01-25
14761,1640014,3,2005-02-24
14761,728941,5,2005-03-18
14761,1191319,4,2004-04-29
14761,1819254,4,2005-03-14
14761,1990842,4,2005-12-07
14761,356103,5,2001-03-10
14761,1819649,4,2005-07-25
14761,1796454,3,2002-08-04
14761,2540589,3,2003-05-09
14761,2486001,3,2003-03-04
14761,622093,4,2004-04-30
14761,1354649,4,2005-04-22
14761,1359521,3,2005-05-31
14761,665124,3,2005-10-26
14761,1379412,2,2005-11-28
14761,1548339,3,2005-12-12
14761,900950,5,2005-08-18
14761,1842131,3,2004-08-09
14761,826559,2,2004-09-18
14761,1113485,1,2005-10-26
14761,539743,5,2005-11-02
14761,2538907,5,2004-01-13
14761,921587,4,2001-06-01
14761,1217794,5,2005-08-24
14761,1264581,4,2005-07-03
14761,1259374,5,2004-06-14
14761,2448838,5,2004-09-29
14761,1451407,5,2005-02-01
14761,2142405,4,2005-09-30
14761,927439,4,2005-11-12
14761,249677,5,2004-04-28
14761,2162665,3,2005-01-31
