9246,1567328,3,2005-07-13
9246,754082,4,2005-08-06
9246,1294425,5,2005-08-16
9246,50996,5,2005-08-18
9246,1056998,3,2005-06-13
9246,2626356,4,2005-06-27
9246,843707,5,2005-06-28
9246,842801,4,2005-10-17
9246,2336820,4,2005-11-17
9246,1907667,4,2005-12-19
9246,542786,2,2005-12-22
9246,1646405,4,2005-07-09
9246,412677,3,2005-07-18
9246,1862650,5,2005-07-19
9246,914508,2,2005-06-13
9246,130888,2,2005-06-17
9246,2325737,5,2005-06-27
9246,2155333,2,2005-10-30
9246,264160,4,2005-07-06
9246,1343266,5,2005-08-29
9246,1671357,5,2005-06-06
9246,908205,3,2005-06-21
9246,827380,3,2005-07-05
9246,687379,5,2005-07-05
9246,2023962,4,2005-07-24
9246,318939,5,2005-07-24
9246,2319220,5,2005-08-25
9246,1001935,5,2005-06-16
9246,331341,4,2005-06-21
9246,796218,3,2005-06-28
9246,2403601,4,2005-06-30
9246,2598622,3,2005-07-02
9246,864618,4,2005-07-22
9246,44734,4,2005-08-04
9246,756136,5,2005-06-07
9246,2628763,4,2005-06-10
9246,2000923,4,2005-06-23
9246,537732,3,2005-07-04
9246,50259,4,2005-07-05
9246,2253669,5,2005-12-23
9246,948848,4,2005-07-07
9246,596112,3,2005-07-15
9246,1579732,4,2005-07-17
9246,1843617,5,2005-08-07
9246,287825,4,2005-08-18
9246,65031,5,2005-06-13
9246,2206592,3,2005-06-16
9246,1007809,4,2005-06-24
9246,200255,2,2005-08-15
9246,1647196,5,2005-09-03
9246,131873,3,2005-12-20
9246,300074,4,2005-07-09
9246,1187183,5,2005-08-10
9246,1810944,4,2005-08-26
9246,2600558,4,2005-04-14
9246,904391,3,2005-06-23
9246,2103154,5,2005-06-27
9246,303948,4,2005-06-30
9246,513501,4,2005-10-05
9246,1173459,4,2005-12-12
9246,2571411,4,2005-12-19
9246,360412,5,2005-07-06
9246,491331,3,2005-09-04
9246,1617529,3,2005-06-17
9246,1160121,5,2005-09-25
9246,986633,5,2005-07-06
9246,2387904,2,2005-07-09
9246,2484984,5,2005-07-11
9246,1272479,5,2005-08-22
9246,1227322,1,2005-05-26
9246,2509588,4,2005-06-15
9246,1027819,3,2005-06-25
9246,1077945,4,2005-06-28
9246,1220170,3,2005-07-03
9246,1401656,3,2005-07-12
9246,831920,4,2005-08-02
9246,582662,3,2005-03-19
9246,571538,3,2005-05-01
9246,1217576,4,2005-06-13
9246,2320785,3,2005-06-20
9246,1366191,4,2005-09-26
9246,1735228,3,2005-12-30
9246,2407154,5,2005-07-12
9246,2133136,4,2005-07-13
9246,16236,2,2005-08-04
9246,1621848,5,2005-06-13
9246,1942723,5,2005-06-22
9246,389017,4,2005-06-28
9246,2024003,3,2005-10-17
9246,2266083,5,2005-07-12
9246,564451,4,2005-07-31
9246,1321396,4,2005-08-01
9246,168108,4,2005-08-05
9246,2598561,3,2005-08-29
9246,773525,5,2005-06-21
9246,253285,5,2005-06-27
9246,2464655,4,2005-06-30
9246,1269480,5,2005-09-27
9246,805249,4,2005-07-14
9246,472061,5,2005-07-20
9246,919218,3,2005-06-10
9246,2482845,5,2005-09-23
9246,1793313,3,2005-09-30
9246,1375880,5,2005-07-13
9246,1741099,5,2005-07-25
9246,1421718,5,2005-08-01
9246,314110,5,2005-08-05
9246,541870,3,2005-06-09
9246,1784150,3,2005-06-11
9246,1077794,4,2005-06-24
9246,1601303,5,2005-09-13
9246,1938727,5,2005-07-11
9246,727761,5,2005-07-12
9246,40063,2,2005-07-16
9246,2467174,4,2005-07-25
9246,689758,4,2005-08-18
9246,178860,3,2005-01-28
9246,1309838,5,2005-05-26
9246,120379,4,2005-06-19
9246,819314,4,2005-06-21
9246,436061,5,2005-06-21
9246,1262753,4,2005-10-06
9246,303556,4,2005-10-15
9246,811489,3,2005-11-04
9246,1499823,5,2005-12-14
9246,1143973,4,2005-12-21
9246,421344,5,2005-07-18
9246,595054,3,2005-08-15
9246,1559022,5,2005-05-19
9246,513509,4,2005-07-04
9246,591768,4,2005-07-13
9246,239285,5,2005-07-19
9246,1532336,1,2005-06-21
9246,157711,3,2005-08-15
9246,2243308,3,2005-08-18
9246,2517390,1,2005-08-21
9246,1985760,5,2005-05-31
9246,1973594,3,2005-06-29
9246,2401585,1,2005-06-29
9246,1778714,5,2005-10-06
9246,2470544,4,2005-10-13
9246,1424221,5,2005-08-22
9246,2219598,3,2005-08-29
9246,789969,2,2005-06-15
9246,2569044,5,2005-06-28
9246,2071803,3,2005-06-30
9246,1316174,3,2005-07-23
9246,1756309,4,2005-07-25
9246,81907,4,2005-06-15
9246,468542,3,2005-09-06
9246,2189549,4,2005-10-15
9246,2356217,4,2005-10-31
9246,2099752,3,2005-08-15
9246,968242,5,2005-08-18
9246,322874,4,2005-08-29
9246,256562,4,2005-06-14
9246,2144973,4,2005-06-15
9246,246200,4,2005-06-26
9246,2640550,4,2005-07-02
9246,2320361,3,2005-12-23
9246,2613656,4,2005-12-23
9246,962098,2,2005-12-30
9246,528522,4,2005-07-30
9246,2363076,1,2005-08-23
9246,912093,1,2005-08-31
9246,2504904,4,2005-12-10
9246,415554,5,2005-06-22
9246,913679,2,2005-12-16
9246,349572,3,2005-12-17
9246,1444489,4,2005-07-07
9246,341468,4,2005-07-21
9246,187896,3,2005-07-29
9246,2303885,5,2005-09-01
9246,1440344,1,2005-09-07
9246,1200930,5,2005-05-23
9246,822334,3,2005-06-18
9246,1561064,3,2005-10-19
9246,1464724,4,2005-07-15
9246,2213762,5,2005-08-10
9246,1796072,3,2005-08-15
9246,376449,4,2005-08-30
9246,56371,4,2005-05-08
9246,18432,5,2005-06-10
9246,2481588,3,2005-06-13
9246,2049843,5,2005-07-01
9246,1709921,2,2005-07-04
9246,1088457,4,2005-07-13
9246,2174151,4,2005-07-22
9246,1447389,5,2005-06-15
9246,746074,4,2005-09-12
9246,2604023,3,2005-07-06
9246,199257,3,2005-07-25
9246,1272379,3,2005-07-29
9246,1589989,4,2005-08-07
9246,2073211,5,2005-08-16
9246,372037,3,2005-06-15
9246,862158,3,2005-06-18
9246,1622945,4,2005-06-25
9246,467649,5,2005-09-24
9246,1501287,4,2005-07-12
9246,1288465,3,2005-07-23
9246,2215240,5,2005-07-30
9246,2329026,4,2005-07-31
9246,39490,5,2005-03-16
9246,30598,5,2005-06-14
9246,1103080,3,2005-06-16
9246,181549,5,2005-06-21
9246,1503090,4,2005-07-04
9246,2290352,4,2005-10-15
9246,550847,4,2005-12-13
9246,926350,5,2005-12-15
9246,1176462,4,2005-07-14
9246,1937449,4,2005-08-05
9246,2035369,4,2005-08-11
9246,2470054,3,2005-08-21
9246,1314869,3,2005-06-10
9246,1792741,3,2005-06-13
9246,1654733,5,2005-10-23
9246,909386,5,2005-11-04
9246,1928860,3,2005-08-10
9246,1342407,3,2005-08-13
9246,1974699,5,2005-08-18
9246,2352716,4,2005-08-25
9246,473817,5,2005-03-18
9246,203498,5,2005-06-22
9246,616529,5,2005-07-01
9246,1792263,3,2005-07-03
9246,2119410,4,2005-07-11
9246,636262,1,2005-08-23
9246,1325452,4,2005-07-18
9246,2454437,5,2005-08-09
9246,2592889,4,2005-08-10
9246,1620184,4,2005-09-02
9246,1430888,4,2005-06-24
9246,1588845,3,2005-12-09
9246,2184619,1,2005-12-27
9246,1618291,3,2005-07-13
9246,546906,5,2005-08-15
9246,196634,3,2005-08-31
9246,755774,1,2005-10-20
9246,1217773,5,2005-08-01
9246,2031636,4,2005-08-11
9246,117911,4,2005-08-12
9246,2175219,5,2005-08-31
9246,27165,4,2005-06-27
9246,1751764,4,2005-06-29
9246,782611,3,2005-06-30
9246,465713,5,2005-07-06
9246,1139570,4,2005-07-11
9246,1739615,2,2005-07-12
9246,914350,5,2005-06-13
9246,428831,1,2005-06-23
9246,892994,5,2005-09-28
9246,1359424,4,2005-09-29
9246,530789,4,2005-06-29
9246,447282,4,2005-10-01
9246,2439493,1,2005-10-24
9246,862931,2,2005-07-14
9246,1836358,5,2005-07-27
9246,1402598,3,2005-08-01
9246,2596598,4,2005-05-21
9246,2032673,4,2005-09-25
9246,1536419,4,2005-06-11
9246,1459551,4,2005-06-18
9246,676684,4,2005-09-24
9246,1017698,4,2005-11-16
9246,2534110,3,2005-12-10
9246,1154874,5,2005-08-05
9246,1918206,3,2005-08-29
9246,2444494,5,2005-09-01
9246,1433743,4,2005-06-29
9246,1452127,3,2005-07-03
9246,63824,5,2005-10-25
9246,2082942,3,2005-07-25
9246,1036776,4,2005-07-03
9246,860134,5,2005-10-07
9246,1585944,4,2005-10-25
9246,754953,4,2005-07-06
9246,1563935,1,2005-07-28
9246,479810,4,2005-08-04
9246,2482738,4,2005-08-14
9246,2522119,5,2005-02-12
9246,483709,4,2005-05-12
9246,859650,5,2005-06-21
9246,1086022,4,2005-06-22
9246,290700,4,2005-06-28
9246,371235,5,2005-06-28
9246,2455340,2,2005-07-01
9246,2618891,5,2005-09-12
9246,479376,5,2005-10-06
9246,1235602,5,2005-10-25
9246,1692287,3,2005-10-28
9246,1022732,3,2005-12-22
9246,322499,4,2005-07-07
9246,969674,2,2005-08-04
9246,951682,4,2005-08-08
9246,1820291,5,2005-08-29
9246,910059,4,2005-08-30
9246,1183174,4,2005-06-10
9246,1426664,3,2005-12-30
9246,269929,2,2005-07-25
9246,1338581,3,2005-06-16
9246,1570292,5,2005-06-19
9246,2318267,4,2005-06-20
9246,1139937,5,2005-12-05
9246,1126751,4,2005-12-28
9246,2014137,5,2005-08-08
9246,1032488,5,2005-08-15
9246,81881,4,2005-06-14
9246,2313950,4,2005-06-20
9246,1045470,3,2005-06-21
9246,2492756,3,2005-06-27
9246,714327,4,2005-11-22
9246,659397,4,2005-07-07
9246,1538616,4,2005-07-08
9246,828444,4,2005-08-28
9246,2523426,4,2005-02-21
9246,1440305,5,2005-06-11
9246,481049,4,2005-06-18
9246,2276945,3,2005-06-21
9246,1899061,2,2005-06-21
9246,955249,5,2005-06-27
9246,287206,4,2005-09-02
9246,785816,3,2005-12-22
9246,753231,3,2005-07-15
9246,1553659,5,2005-07-16
9246,2146138,3,2005-07-18
9246,2135246,3,2005-07-23
9246,2340228,4,2005-08-09
9246,1158875,5,2005-08-10
9246,1988095,3,2005-08-20
9246,1524964,2,2005-06-18
9246,1456837,4,2005-10-02
9246,2007313,3,2005-07-21
9246,2488780,5,2005-08-29
9246,1079964,3,2005-06-11
9246,792534,3,2005-06-16
9246,1731102,3,2005-10-10
9246,1329779,4,2005-12-12
9246,1026246,4,2005-12-25
9246,2406958,3,2005-07-14
9246,2463546,5,2005-08-02
9246,4905,4,2005-01-26
9246,1765734,3,2005-10-10
9246,1110156,4,2005-12-13
9246,2571972,4,2005-07-23
9246,1268349,3,2005-06-23
9246,185867,5,2005-07-01
9246,1899913,3,2005-07-05
9246,1449358,5,2005-07-18
9246,673024,3,2005-08-21
9246,1772902,2,2005-03-12
9246,781610,5,2005-06-01
9246,966080,5,2005-06-03
9246,1596531,4,2005-06-10
9246,633339,5,2005-06-11
9246,962019,5,2005-07-09
9246,1554139,4,2005-07-15
9246,64075,4,2005-07-31
9246,122547,3,2005-09-04
9246,1438147,3,2005-05-25
9246,1810670,3,2005-06-12
9246,1394456,5,2005-06-14
9246,1717138,3,2005-10-20
9246,634388,4,2005-07-23
9246,33984,5,2005-08-15
9246,1464910,1,2005-08-27
9246,1326355,5,2005-05-31
9246,2582761,4,2005-06-16
9246,1993263,4,2005-09-09
9246,447836,4,2005-12-22
9246,345186,3,2005-07-08
9246,1452809,5,2005-07-22
9246,1116035,4,2005-08-01
9246,1670076,5,2005-10-02
9246,1396036,5,2005-06-18
9246,156848,3,2005-06-23
9246,481813,4,2005-06-28
9246,1390768,3,2005-06-29
9246,2600868,3,2005-07-26
9246,687573,3,2005-08-12
9246,1999176,5,2005-06-20
9246,769702,3,2005-07-02
9246,643505,4,2005-10-24
9246,1100810,4,2005-12-22
9246,1906986,4,2005-12-28
9246,2452906,5,2005-07-24
9246,451674,4,2005-08-04
9246,253785,5,2005-08-07
9246,2320450,4,2005-08-23
9246,1589834,3,2005-08-31
9246,1073957,4,2005-06-09
9246,2337091,2,2005-06-24
9246,2574924,5,2005-09-25
9246,455251,1,2005-07-28
9246,221936,4,2005-08-07
9246,1196269,2,2005-08-17
9246,2487428,5,2005-02-28
9246,1142149,4,2005-06-14
9246,747909,4,2005-10-24
9246,2002253,4,2005-07-06
9246,466932,4,2005-07-18
9246,94807,5,2005-08-12
9246,697116,5,2005-08-27
9246,394895,4,2005-09-05
9246,590965,3,2005-07-01
9246,2329945,5,2005-09-12
9246,1609123,5,2005-11-25
9246,102487,4,2005-12-26
9246,2225458,2,2005-08-01
9246,595778,5,2005-06-10
9246,1985726,4,2005-06-23
9246,191739,4,2005-06-26
9246,2033563,4,2005-06-30
9246,2474373,5,2005-12-02
9246,80176,4,2005-07-17
9246,2334642,3,2005-08-20
9246,2510709,3,2005-08-28
9246,1990210,1,2005-08-31
9246,2515839,5,2005-05-26
9246,1692631,5,2005-09-11
9246,1875017,3,2005-07-10
9246,2339830,5,2005-08-05
9246,2129052,4,2005-06-13
9246,1300541,4,2005-06-19
9246,2226098,5,2005-06-22
9246,2241385,4,2005-06-28
9246,207675,4,2005-09-22
9246,1781604,5,2005-10-17
9246,2357895,4,2005-12-23
9246,1530582,5,2005-03-07
9246,1147520,5,2005-06-10
9246,554137,3,2005-12-06
9246,440463,2,2005-12-12
9246,1771365,4,2005-07-24
9246,669380,2,2005-07-24
9246,1513080,5,2005-08-11
9246,2058015,4,2005-08-19
9246,1401619,5,2005-06-27
9246,198567,5,2005-03-03
9246,2216274,2,2005-06-24
9246,2051538,3,2005-07-04
9246,1845137,5,2005-09-14
9246,2476050,4,2005-07-05
9246,2580917,1,2005-06-16
9246,33942,5,2005-06-23
9246,1583631,5,2005-07-30
9246,1293903,2,2005-08-29
9246,1754146,3,2005-09-15
9246,2469575,5,2005-09-23
9246,462165,5,2005-10-22
9246,397898,3,2005-12-21
9246,29369,5,2005-08-15
9246,719559,5,2005-03-04
9246,2029979,4,2005-06-07
9246,1365259,4,2005-06-16
9246,926769,5,2005-06-22
9246,1229558,5,2005-06-26
9246,946175,4,2005-06-28
9246,2290161,3,2005-11-16
9246,117934,4,2005-12-12
9246,1312574,3,2005-12-20
9246,1950604,5,2005-07-28
9246,507603,1,2005-08-20
9246,1158784,5,2005-12-15
9246,966211,3,2005-07-06
9246,2210272,3,2005-07-10
9246,1629176,5,2005-07-21
9246,401887,5,2005-07-29
9246,373499,5,2005-03-25
9246,678430,4,2005-05-19
9246,844391,2,2005-05-22
9246,1378386,5,2005-05-26
9246,1367701,5,2005-06-14
9246,204978,2,2005-06-16
9246,2268851,5,2005-06-23
9246,708226,3,2005-07-01
9246,2537543,2,2005-08-05
9246,1135847,4,2005-08-09
9246,1291455,4,2005-08-11
9246,1079644,4,2005-09-03
9246,1815269,5,2005-01-25
9246,341649,3,2005-06-05
9246,599529,3,2005-06-17
9246,1987944,4,2005-06-17
9246,2415495,4,2005-06-17
9246,2373674,3,2005-10-21
9246,2646314,5,2005-12-11
9246,1391523,5,2005-12-21
9246,213883,5,2005-07-07
9246,674422,5,2005-07-08
9246,378968,5,2005-07-19
9246,860520,3,2005-08-05
9246,2201715,4,2005-01-25
9246,529545,3,2005-06-21
9246,526342,4,2005-12-10
9246,1959497,5,2005-07-14
9246,1625185,4,2005-07-29
9246,906829,3,2005-08-07
9246,1930443,5,2005-08-10
9246,910295,4,2005-08-16
9246,839185,4,2005-05-26
9246,1854399,5,2005-06-26
9246,201242,3,2005-06-16
9246,2578830,4,2005-06-17
9246,2423718,5,2005-12-11
9246,580231,3,2005-04-14
9246,361886,3,2005-06-10
9246,1098559,5,2005-06-13
9246,291343,5,2005-10-06
9246,714366,4,2005-10-23
9246,232951,5,2005-07-07
9246,1785266,3,2005-08-04
9246,1818059,5,2005-08-05
9246,613651,3,2005-08-07
9246,830947,2,2005-08-17
9246,1956480,5,2005-06-05
9246,2585156,5,2005-06-13
9246,1246351,2,2005-06-24
9246,2036365,3,2005-09-05
9246,808651,3,2005-09-10
9246,2605785,5,2005-08-26
9246,142647,4,2005-02-03
9246,1493352,5,2005-06-13
9246,936891,4,2005-06-30
9246,3998,4,2005-07-06
9246,2175999,3,2005-08-12
9246,181207,5,2005-01-19
9246,399313,5,2005-06-16
9246,1732884,1,2005-06-25
9246,406090,4,2005-06-27
9246,460419,3,2005-10-17
9246,2409680,5,2005-07-20
9246,1168424,4,2005-08-23
9246,2070031,4,2005-06-17
9246,367776,1,2005-10-14
9246,1616154,5,2005-07-07
9246,385522,3,2005-07-21
9246,205023,5,2005-02-13
9246,148023,3,2005-06-27
9246,1482393,4,2005-09-26
9246,940016,5,2005-07-14
9246,978309,1,2005-07-14
9246,1061268,3,2005-07-18
9246,970628,3,2005-06-10
9246,1668666,4,2005-12-20
9246,1303829,5,2005-12-29
9246,1737529,5,2005-06-28
9246,1229281,5,2005-09-21
9246,923463,4,2005-10-23
9246,813018,5,2005-12-12
9246,1588346,5,2005-07-08
9246,686267,3,2005-07-21
9246,2240149,5,2005-06-30
9246,507094,5,2005-06-30
9246,1903977,5,2005-08-08
9246,2404142,4,2005-09-02
9246,406841,4,2005-09-02
9246,1371746,5,2005-06-11
9246,1817470,5,2005-09-18
9246,194748,2,2005-09-24
9246,2584173,5,2005-07-11
9246,610014,5,2005-07-16
9246,1683402,4,2005-08-14
9246,2227543,2,2005-08-23
9246,1527359,4,2005-09-06
9246,1168683,4,2005-06-18
9246,1952797,5,2005-06-19
9246,95100,4,2005-06-26
9246,1978314,4,2005-10-12
9246,2183793,4,2005-11-21
9246,2477677,3,2005-11-30
9246,1361027,5,2005-07-07
9246,114111,5,2005-08-07
9246,2355286,4,2005-08-08
9246,569783,5,2005-08-16
9246,228194,3,2005-06-07
9246,1618220,4,2005-06-18
9246,1265878,3,2005-06-19
9246,1179959,4,2005-10-22
9246,74427,5,2005-08-01
9246,1347916,4,2005-04-29
9246,1068001,1,2005-06-24
9246,1264034,5,2005-09-22
9246,2429098,3,2005-12-10
9246,20758,4,2005-12-23
9246,2380592,4,2005-07-08
9246,374793,3,2005-07-13
9246,1241893,4,2005-08-12
9246,2310027,3,2005-08-24
9246,1662735,5,2005-08-26
9246,217867,4,2005-08-29
9246,873713,5,2005-08-30
9246,1627782,2,2005-06-18
9246,2479857,4,2005-09-29
9246,1191911,5,2005-10-21
9246,2384410,5,2005-11-22
9246,1978293,5,2005-08-03
9246,1740220,4,2005-08-24
9246,1442036,5,2005-05-30
9246,2539207,4,2005-06-16
9246,52009,4,2005-06-23
9246,1569224,3,2005-06-27
9246,642898,3,2005-07-04
9246,1141557,5,2005-10-03
9246,1097058,5,2005-12-29
9246,1706831,4,2005-07-27
9246,751446,5,2005-05-01
9246,193469,3,2005-07-01
9246,314146,4,2005-07-19
9246,914647,5,2005-07-30
9246,1854658,4,2005-08-30
9246,1026933,4,2005-05-22
9246,1103895,5,2005-06-20
9246,1601970,5,2005-10-13
9246,862040,3,2005-02-03
9246,639497,5,2005-06-17
9246,389932,4,2005-06-17
9246,2132950,4,2005-07-05
9246,2204490,4,2005-07-27
9246,569774,5,2005-08-11
9246,1949871,3,2005-02-21
9246,2288449,2,2005-06-16
9246,1079613,4,2005-06-18
9246,994778,4,2005-09-04
9246,1053421,4,2005-07-03
9246,2568366,3,2005-11-30
9246,2156560,5,2005-07-08
9246,1093990,5,2005-07-12
9246,285275,3,2005-07-13
9246,2128304,3,2005-08-01
9246,774281,4,2005-08-03
9246,979672,5,2005-08-26
9246,1955652,4,2005-08-28
9246,2572055,3,2005-05-02
9246,394370,5,2005-06-17
9246,1213960,5,2005-09-06
9246,655385,2,2005-09-07
9246,1821474,3,2005-02-04
9246,981753,4,2005-06-18
9246,165189,3,2005-06-22
9246,2373330,3,2005-12-16
9246,848978,4,2005-07-14
9246,1566886,3,2005-08-12
9246,1817595,5,2005-02-02
9246,1551107,5,2005-06-03
9246,2194693,2,2005-06-23
9246,2058600,5,2005-10-09
9246,1743470,4,2005-11-13
9246,950829,4,2005-07-13
9246,2442925,5,2005-07-22
9246,715542,5,2005-07-27
9246,1500307,4,2005-08-10
9246,2375169,3,2005-08-11
9246,829075,3,2005-08-28
9246,427967,4,2005-06-19
9246,282447,5,2005-06-20
9246,2607300,3,2005-06-24
9246,1091251,1,2005-07-04
9246,136419,3,2005-09-05
9246,883911,1,2005-09-05
9246,1353789,4,2005-12-02
9246,110667,5,2005-08-18
9246,2156708,4,2005-01-26
9246,958956,5,2005-06-16
9246,2324964,5,2005-06-29
9246,1769258,4,2005-06-29
9246,561447,2,2005-09-24
9246,977932,5,2005-07-29
9246,457953,4,2005-08-08
9246,2303456,3,2005-08-08
9246,952063,2,2005-06-30
9246,2301246,4,2005-07-01
9246,367049,4,2005-07-02
9246,242425,1,2005-09-19
9246,846687,5,2005-12-08
9246,1842902,4,2005-12-17
9246,874610,1,2005-07-14
9246,870134,4,2005-06-22
9246,719401,3,2005-07-12
9246,2342338,5,2005-07-26
9246,2198796,5,2005-07-31
9246,225691,5,2005-08-12
9246,268159,2,2005-06-22
9246,16855,4,2005-10-04
9246,258480,5,2005-12-07
9246,2226028,3,2005-12-08
9246,1616870,4,2005-07-05
9246,1819434,3,2005-07-11
9246,1349717,5,2005-07-22
9246,825819,3,2005-08-03
9246,927233,5,2005-06-18
9246,2447051,4,2005-06-26
9246,433651,4,2005-10-17
9246,18818,5,2005-07-06
9246,2287196,4,2005-07-13
9246,1326360,3,2005-07-16
9246,1386529,4,2005-03-28
9246,1645455,4,2005-04-13
9246,2270156,4,2005-09-15
9246,1870997,3,2005-12-07
9246,1490538,5,2005-07-09
9246,1629845,4,2005-07-13
9246,909628,5,2005-07-29
9246,2269029,3,2005-08-02
9246,2536114,5,2005-01-03
9246,1718063,3,2005-06-23
9246,196062,5,2005-06-25
9246,974174,4,2005-06-29
9246,514515,4,2005-06-30
9246,2583754,5,2005-07-04
9246,2433610,5,2005-07-21
9246,617821,5,2005-07-28
9246,2638481,3,2005-08-17
9246,2386808,5,2005-08-29
9246,907708,3,2005-09-02
9246,2188670,5,2005-06-22
9246,629774,4,2005-06-23
9246,678501,4,2005-06-30
9246,1334936,4,2005-09-28
9246,2394704,3,2005-12-18
9246,2457720,3,2005-07-13
9246,1936501,3,2005-07-15
9246,491531,4,2005-07-24
9246,404845,3,2005-07-25
9246,1412250,5,2005-08-25
9246,342510,4,2005-04-15
9246,1252808,5,2005-06-25
9246,2113760,5,2005-06-26
9246,2043808,4,2005-10-12
9246,690339,4,2005-12-12
9246,1006456,1,2005-12-17
9246,352590,5,2005-12-18
9246,2387526,4,2005-07-27
9246,286397,4,2005-03-02
9246,577774,4,2005-06-14
9246,787611,3,2005-06-23
9246,2352463,3,2005-06-27
9246,500322,3,2005-11-10
9246,182134,3,2005-12-07
9246,2549741,4,2005-06-14
9246,453782,3,2005-06-18
9246,1570161,3,2005-06-19
9246,2064055,4,2005-06-27
9246,1959245,5,2005-09-15
9246,1159968,4,2005-07-09
9246,2047141,4,2005-07-15
9246,1335971,5,2005-08-02
9246,116858,5,2005-08-22
9246,2606799,2,2005-08-29
9246,1528604,5,2005-02-02
9246,1073987,2,2005-06-18
9246,481170,5,2005-06-19
9246,730683,5,2005-06-26
9246,128348,3,2005-06-28
9246,1380235,5,2005-06-29
9246,45392,5,2005-12-01
9246,1629301,5,2005-12-20
9246,480332,4,2005-12-23
9246,1315922,5,2005-07-06
9246,2568134,2,2005-08-24
9246,1059382,5,2005-06-20
9246,1984315,3,2005-06-26
9246,929407,4,2005-05-22
9246,1366640,3,2005-08-09
9246,1246115,1,2005-08-24
9246,2516131,1,2005-06-21
9246,1016254,4,2005-07-01
9246,749836,4,2005-12-14
9246,1511623,3,2005-07-05
9246,2307992,5,2005-07-24
9246,1988375,4,2005-02-01
9246,2310461,4,2005-06-21
9246,1681461,5,2005-07-02
9246,1746599,4,2005-11-17
9246,1783376,3,2005-12-13
9246,1493247,3,2005-07-18
9246,2334289,3,2005-07-28
9246,2513067,3,2005-06-17
9246,1519213,2,2005-06-19
9246,293374,4,2005-06-21
9246,1038978,3,2005-06-27
9246,2039272,5,2005-10-24
9246,1246893,5,2005-07-21
9246,1221877,3,2005-07-30
9246,1810050,4,2005-06-09
9246,1567970,3,2005-06-22
9246,682963,3,2005-06-30
9246,504620,1,2005-07-30
9246,2332058,5,2005-08-09
9246,2089531,5,2005-01-23
9246,1269496,5,2005-06-05
9246,2165876,4,2005-06-27
9246,1183685,4,2005-12-19
9246,1156354,5,2005-07-15
9246,894205,2,2005-07-19
9246,1587543,4,2005-07-24
9246,1370564,4,2005-07-27
9246,2091116,4,2005-09-01
9246,2490423,5,2005-06-05
9246,669112,4,2005-11-23
9246,1057247,5,2005-08-26
9246,1151659,5,2005-05-16
9246,201518,2,2005-06-11
9246,951798,5,2005-06-29
9246,5762,4,2005-10-10
9246,2204404,4,2005-11-10
9246,1353663,5,2005-12-29
9246,949121,5,2005-07-12
9246,825353,5,2005-07-18
9246,1174252,3,2005-08-16
9246,2097976,2,2005-08-05
9246,1282557,4,2005-08-18
9246,592083,5,2005-01-26
9246,1647039,5,2005-06-26
9246,2425368,5,2005-07-02
9246,1592019,4,2005-08-31
9246,413885,4,2005-04-30
9246,1627542,5,2005-05-29
9246,1438386,5,2005-06-18
9246,1734467,5,2005-06-19
9246,437599,4,2005-06-27
9246,732785,4,2005-07-18
9246,1387099,5,2005-08-03
9246,1672832,2,2005-08-04
9246,736013,4,2005-08-09
9246,416017,5,2005-02-02
9246,1049010,5,2005-06-09
9246,124455,5,2005-06-10
9246,834752,3,2005-06-21
9246,325683,4,2005-10-06
9246,1005020,4,2005-12-16
9246,2608047,3,2005-12-19
9246,88334,5,2005-08-12
9246,406948,4,2005-08-24
9246,247446,2,2005-09-06
9246,305344,1,2005-01-23
9246,1321550,3,2005-09-08
9246,1913820,5,2005-10-25
9246,2481156,4,2005-12-09
9246,2410544,3,2005-07-06
9246,424917,4,2005-09-06
9246,2077046,2,2005-06-17
9246,1455129,4,2005-06-20
9246,2575532,5,2005-06-21
9246,1079735,4,2005-09-16
9246,1737774,4,2005-07-16
9246,1986506,5,2005-08-18
9246,1978089,2,2005-08-31
9246,219894,3,2005-01-26
9246,723397,5,2005-04-01
9246,2195586,3,2005-06-21
9246,2617574,4,2005-06-30
9246,1128976,5,2005-07-01
9246,1179888,5,2005-11-29
9246,1710658,4,2005-12-13
9246,1403217,3,2005-08-03
9246,1011250,2,2005-08-21
9246,2159944,3,2005-06-20
9246,187387,5,2005-06-20
9246,1027768,5,2005-10-11
9246,847780,3,2005-12-24
9246,249055,5,2005-07-15
9246,577878,3,2005-08-22
9246,2523584,5,2005-09-09
9246,1576726,3,2005-06-28
9246,342796,4,2005-09-11
9246,2219351,5,2005-09-14
9246,2147527,2,2005-12-09
9246,1569859,4,2005-08-02
9246,651230,3,2005-08-18
9246,2152805,4,2005-04-19
9246,1374029,5,2005-06-27
9246,2634610,5,2005-07-06
9246,2504803,3,2005-08-24
9246,768876,5,2005-01-26
9246,2494071,3,2005-12-09
9246,2516525,4,2005-07-09
9246,14081,4,2005-07-28
9246,1438459,4,2005-08-12
9246,1658662,3,2005-06-17
9246,1871754,5,2005-06-23
9246,272299,3,2005-10-21
9246,709836,5,2005-07-05
9246,1143430,2,2005-07-08
9246,1379335,5,2005-07-13
9246,1498249,3,2005-08-17
9246,2191674,3,2005-06-12
9246,2446249,3,2005-07-03
9246,2162095,5,2005-12-10
9246,655617,3,2005-08-21
9246,1373448,5,2005-03-29
9246,780768,4,2005-06-11
9246,1473641,4,2005-06-16
9246,709112,4,2005-06-20
9246,2640278,3,2005-10-23
9246,2538550,4,2005-12-04
9246,1800902,5,2005-12-30
9246,48947,5,2005-07-20
9246,2205259,2,2005-07-21
9246,2119555,5,2005-08-02
9246,2148154,4,2005-08-14
9246,920469,4,2005-06-29
9246,1177530,4,2005-07-28
9246,647111,3,2005-08-04
9246,1179235,4,2005-08-16
9246,464350,5,2005-01-21
9246,2148675,5,2005-05-20
9246,2315012,4,2005-12-15
9246,1233866,4,2005-08-20
9246,611360,2,2005-08-29
9246,955131,5,2005-09-04
9246,1518510,5,2005-06-05
9246,108936,3,2005-06-23
9246,1532773,4,2005-06-29
9246,1832825,5,2005-07-02
9246,1586850,3,2005-09-22
9246,1058420,4,2005-11-01
9246,2079319,3,2005-07-06
9246,1562707,1,2005-07-25
9246,255482,3,2005-08-03
9246,1815508,3,2005-08-05
9246,573641,5,2005-03-24
9246,1565162,5,2005-06-16
9246,2517122,2,2005-06-16
9246,139725,3,2005-06-20
9246,308412,4,2005-10-22
9246,2287125,4,2005-07-05
9246,1292520,5,2005-07-07
9246,1810080,3,2005-08-18
9246,1045879,4,2005-06-06
9246,2149471,4,2005-06-16
9246,717991,4,2005-06-18
9246,1385580,4,2005-12-26
9246,1893433,5,2005-07-05
9246,1232348,1,2005-07-11
9246,2342439,5,2005-08-15
9246,249030,5,2005-04-06
9246,1440780,3,2005-06-21
9246,1704311,3,2005-06-28
9246,2545618,3,2005-09-30
9246,428189,4,2005-08-01
9246,2130601,4,2005-08-08
9246,1110164,3,2005-06-15
9246,2637191,3,2005-06-15
9246,171878,5,2005-12-18
9246,2057165,3,2005-06-14
9246,255010,4,2005-06-21
9246,1473095,3,2005-06-30
9246,333196,5,2005-09-17
9246,1728924,4,2005-11-05
9246,313391,3,2005-08-14
9246,360411,3,2005-08-22
9246,128040,1,2005-06-14
9246,795446,1,2005-06-18
9246,2587909,5,2005-07-21
9246,1649513,3,2005-07-22
9246,555528,3,2005-07-27
9246,235894,3,2005-07-31
9246,2609960,3,2005-07-04
9246,352947,4,2005-10-04
9246,2426659,5,2005-07-21
9246,2482507,4,2005-05-31
9246,2018894,4,2005-06-02
9246,1552049,5,2005-06-10
9246,277487,5,2005-06-17
9246,1133763,3,2005-10-24
9246,2025216,4,2005-11-16
9246,517532,1,2005-07-06
9246,2606835,4,2005-08-15
9246,710885,4,2005-08-18
9246,2386321,5,2005-01-05
9246,2466899,3,2005-06-08
9246,456115,5,2005-06-17
9246,340106,4,2005-06-17
9246,1600034,5,2005-06-18
9246,1417224,3,2005-06-20
9246,1796532,5,2005-06-21
9246,885386,4,2005-06-22
9246,1983441,5,2005-07-01
9246,913814,4,2005-07-02
9246,2390353,5,2005-12-15
9246,2600739,5,2005-12-20
9246,2312124,4,2005-07-15
9246,2057915,3,2005-07-24
9246,1559797,5,2005-04-05
9246,2190100,4,2005-06-15
9246,2482634,4,2005-09-17
9246,1825543,5,2005-09-27
9246,1774039,4,2005-11-02
9246,2056022,3,2005-07-06
9246,252381,5,2005-07-10
9246,2103047,5,2005-08-09
9246,386951,5,2005-08-18
9246,180756,5,2005-09-06
9246,125769,3,2005-06-21
9246,863644,3,2005-06-29
9246,1659707,5,2005-09-09
9246,2643972,1,2005-12-20
9246,801512,3,2005-09-01
9246,983467,5,2005-06-09
9246,2470711,5,2005-06-24
9246,1187192,5,2005-07-06
9246,1770508,3,2005-07-10
9246,76444,4,2005-08-21
9246,567705,5,2005-05-04
9246,1273765,1,2005-06-27
9246,2162752,5,2005-10-05
9246,1180529,5,2005-10-29
9246,106933,3,2005-07-19
9246,2264638,4,2005-07-21
9246,1432790,5,2005-08-07
9246,1784946,4,2005-06-10
9246,679390,3,2005-06-14
9246,2316429,4,2005-06-26
9246,1445262,5,2005-07-03
9246,2142088,4,2005-09-26
9246,46003,5,2005-10-21
9246,490653,5,2005-07-24
9246,1057021,3,2005-08-06
9246,1078800,4,2005-08-20
9246,2176465,3,2005-06-03
9246,211704,4,2005-06-09
9246,1161952,5,2005-06-14
9246,563942,5,2005-10-19
9246,1982462,2,2005-12-04
9246,2140643,4,2005-12-10
9246,2265491,5,2005-07-05
9246,667297,4,2005-07-05
9246,1479342,2,2005-07-28
9246,2465700,5,2005-08-09
9246,2638945,4,2005-08-19
9246,2577467,4,2005-08-27
9246,411290,4,2005-04-17
9246,1449103,5,2005-06-20
9246,857132,2,2005-12-22
9246,783570,4,2005-06-22
9246,950068,5,2005-09-09
9246,926578,3,2005-12-12
9246,1150475,5,2005-12-27
9246,1425450,3,2005-07-19
9246,1143946,2,2005-08-05
9246,2162658,3,2005-08-29
9246,1365170,2,2005-06-11
9246,670488,5,2005-07-04
9246,336578,5,2005-10-20
9246,1514717,3,2005-07-09
9246,1293631,3,2005-07-13
9246,2211666,4,2005-07-16
9246,2192840,4,2005-07-29
9246,49229,5,2005-08-05
9246,1498881,5,2005-08-05
9246,2067162,5,2005-08-27
9246,946014,4,2005-06-23
9246,2552589,2,2005-06-14
9246,2305404,4,2005-06-27
9246,2508629,5,2005-06-16
9246,116252,4,2005-06-18
9246,1319107,3,2005-11-28
9246,1210427,4,2005-08-16
9246,1507710,5,2005-05-01
9246,836711,5,2005-06-20
9246,96757,5,2005-06-21
9246,1298173,3,2005-06-27
9246,948394,4,2005-12-10
9246,2118461,5,2005-12-14
9246,1318303,5,2005-07-17
9246,1628484,5,2005-08-15
9246,2073425,5,2005-09-05
9246,48678,4,2005-07-14
9246,1584985,5,2005-07-15
9246,1548363,1,2005-08-04
9246,2108314,4,2005-08-21
9246,252119,4,2005-06-05
9246,993059,5,2005-09-06
9246,1309672,3,2005-11-27
9246,905936,4,2005-08-15
9246,1093740,3,2005-08-18
9246,2575011,4,2005-04-20
9246,1907620,5,2005-05-20
9246,396595,5,2005-06-13
9246,79183,5,2005-06-22
9246,754161,3,2005-12-10
9246,387418,1,2005-12-11
9246,783767,5,2005-07-17
9246,834412,5,2005-06-19
9246,2241408,4,2005-06-23
9246,396919,4,2005-07-02
9246,1250802,3,2005-10-11
9246,2303393,3,2005-12-12
9246,2251050,5,2005-07-06
9246,2502437,4,2005-08-01
9246,1004475,2,2005-08-08
9246,348960,2,2005-09-01
9246,1114324,4,2005-04-03
9246,1802059,4,2005-06-23
9246,964535,5,2005-06-30
9246,1389565,4,2005-06-30
9246,2446512,3,2005-11-10
9246,1401544,3,2005-12-19
9246,1439226,5,2005-07-10
9246,625957,5,2005-08-28
9246,835353,4,2005-09-02
9246,2564065,4,2005-07-04
9246,309323,3,2005-12-24
9246,2141732,5,2005-08-17
9246,1645311,3,2005-08-22
9246,2107068,4,2005-01-07
9246,1194594,5,2005-06-15
9246,1698887,3,2005-06-20
9246,1811570,4,2005-06-23
9246,420810,5,2005-06-27
9246,2428821,4,2005-12-19
9246,708792,1,2005-12-23
9246,525666,2,2005-07-13
9246,2553804,4,2005-07-13
9246,1114342,4,2005-07-17
9246,112449,3,2005-07-19
9246,1232802,4,2005-06-13
9246,123132,5,2005-09-21
9246,1371729,5,2005-09-26
9246,1481708,4,2005-10-13
9246,249676,4,2005-12-07
9246,1762695,4,2005-07-20
9246,950070,4,2005-09-04
9246,1977209,4,2005-06-28
9246,1288371,5,2005-06-30
9246,2108307,4,2005-12-16
9246,1324830,3,2005-12-19
9246,1252289,2,2005-07-08
9246,1750095,4,2005-07-01
9246,2171187,4,2005-07-03
9246,1537129,5,2005-10-10
9246,909164,1,2005-12-29
9246,445409,3,2005-07-13
9246,1442150,4,2005-07-19
9246,1147230,3,2005-07-25
9246,2265729,4,2005-08-09
9246,355834,4,2005-08-18
9246,728741,3,2005-01-03
9246,970044,3,2005-06-13
9246,70893,3,2005-06-25
9246,1159608,5,2005-09-19
9246,808339,4,2005-11-16
9246,259271,5,2005-07-09
9246,2328701,5,2005-07-16
9246,1256426,5,2005-07-22
9246,1292272,5,2005-07-27
9246,1807643,4,2005-07-29
9246,2583202,5,2005-08-16
9246,1461435,1,2005-06-10
9246,1028927,4,2005-07-03
9246,234701,5,2005-10-09
9246,2486506,4,2005-12-05
9246,2090424,3,2005-07-06
9246,1867238,3,2005-07-07
9246,1602153,4,2005-07-20
9246,1480209,3,2005-08-17
9246,1676311,5,2005-08-19
9246,352092,4,2005-08-31
9246,919294,4,2005-09-06
9246,1651585,4,2005-06-18
9246,2093947,3,2005-06-21
9246,1247651,4,2005-07-03
9246,2337789,5,2005-11-25
9246,587590,3,2005-12-09
9246,1992906,4,2005-12-13
9246,1795737,3,2005-12-22
9246,1467035,3,2005-12-28
9246,781641,4,2005-07-19
9246,2610101,4,2005-06-21
9246,1099833,1,2005-06-27
9246,1178347,4,2005-07-01
9246,36662,5,2005-11-09
9246,1037245,3,2005-12-23
9246,2116966,3,2005-07-08
9246,2186235,4,2005-07-11
9246,2291170,2,2005-08-05
9246,418190,3,2005-06-16
9246,429183,4,2005-06-18
9246,1212452,5,2005-06-22
9246,1249861,4,2005-06-26
9246,2571730,4,2005-06-27
9246,1576126,4,2005-12-11
9246,1459099,4,2005-07-14
9246,1419723,3,2005-08-19
9246,1167080,4,2005-08-24
9246,2279048,5,2005-03-26
9246,2298279,5,2005-06-14
9246,1964336,3,2005-06-17
9246,935447,3,2005-06-18
9246,1037226,5,2005-06-27
9246,2281331,4,2005-09-20
9246,571756,3,2005-12-15
9246,2017834,2,2005-12-26
9246,1785462,3,2005-12-29
9246,1570935,5,2005-07-13
9246,170248,4,2005-08-23
9246,1767523,3,2005-08-25
9246,1515355,4,2005-08-28
9246,765265,4,2005-05-20
9246,2055508,3,2005-06-14
9246,634569,4,2005-06-15
9246,393278,4,2005-06-22
9246,1918750,4,2005-06-30
9246,738364,4,2005-11-11
9246,582829,5,2005-12-30
9246,533315,4,2005-07-06
9246,2522123,4,2005-07-09
9246,1274945,5,2005-07-12
9246,2636305,1,2005-07-13
9246,1181471,4,2005-07-14
9246,2581352,5,2005-07-20
9246,1823065,4,2005-07-23
9246,1723429,3,2005-07-31
9246,2596201,4,2005-06-21
9246,2515480,5,2005-07-04
9246,249257,4,2005-07-11
9246,915959,2,2005-07-13
9246,842278,5,2005-08-03
9246,2413196,4,2005-08-04
9246,870985,5,2005-08-21
9246,2535562,3,2005-02-22
9246,725882,3,2005-06-24
9246,1477327,5,2005-11-22
9246,1455446,5,2005-12-10
9246,460131,4,2005-07-27
9246,518137,4,2005-08-24
9246,1216880,5,2005-06-08
9246,1893216,5,2005-06-18
9246,2019259,4,2005-06-24
9246,784272,3,2005-06-30
9246,2460347,3,2005-12-19
9246,2106996,3,2005-08-08
9246,322199,3,2005-08-26
9246,913516,4,2005-08-27
9246,1339428,3,2005-02-17
9246,1787940,2,2005-06-20
9246,1304141,4,2005-07-01
9246,2338841,3,2005-12-08
9246,636799,4,2005-12-08
9246,1863700,3,2005-07-10
9246,2145515,3,2005-08-05
9246,2398044,5,2005-08-12
9246,2071312,5,2005-08-15
9246,1777041,3,2005-06-19
9246,544717,5,2005-06-27
9246,1658790,1,2005-07-21
9246,2540325,3,2005-08-24
9246,828433,5,2005-04-21
9246,2075314,4,2005-10-21
9246,78703,4,2005-11-29
9246,2307715,1,2005-08-27
9246,867381,5,2005-05-31
9246,1769993,3,2005-06-17
9246,730127,5,2005-06-25
9246,292335,3,2005-06-26
9246,2232563,4,2005-06-28
9246,1910134,3,2005-10-24
9246,268846,4,2005-12-24
9246,2433649,3,2005-07-25
9246,13518,4,2005-07-27
9246,1612901,3,2005-08-19
9246,2553792,5,2005-06-30
9246,263643,1,2005-12-29
9246,2336596,1,2005-08-10
9246,2607099,5,2005-08-17
9246,2394268,4,2005-08-27
9246,235302,5,2005-06-28
9246,1566875,4,2005-07-21
9246,228149,4,2005-08-16
9246,2320697,3,2005-06-09
9246,694320,5,2005-06-12
9246,284810,4,2005-06-29
9246,595076,5,2005-07-02
9246,1375493,5,2005-11-09
9246,643565,5,2005-11-28
9246,1453826,5,2005-07-13
9246,1420080,5,2005-07-31
9246,57493,3,2005-08-08
9246,520080,2,2005-08-20
9246,1104126,5,2005-08-23
9246,978104,4,2005-06-21
9246,1877590,4,2005-12-16
9246,243940,5,2005-07-16
9246,1534785,5,2005-06-22
9246,1988192,4,2005-07-02
9246,26819,5,2005-10-31
9246,272840,4,2005-07-17
9246,1811479,3,2005-08-02
9246,21823,4,2005-08-30
9246,188613,4,2005-09-02
9246,162421,5,2005-06-19
9246,1692714,4,2005-06-24
9246,621340,4,2005-10-28
9246,987330,4,2005-05-23
9246,162152,4,2005-11-30
9246,1933317,5,2005-12-09
9246,2180219,3,2005-12-12
9246,820316,3,2005-12-29
9246,1564148,4,2005-07-25
9246,2169776,2,2005-08-06
9246,897629,2,2005-08-09
9246,46265,1,2005-08-22
9246,2026953,5,2005-07-14
9246,1924957,3,2005-07-27
9246,1165305,2,2005-07-27
9246,726017,3,2005-08-01
9246,2448856,5,2005-06-19
9246,770339,3,2005-06-23
9246,1790158,5,2005-12-14
9246,1458854,3,2005-12-18
9246,1299368,2,2005-12-30
9246,1646530,5,2005-07-30
9246,267248,3,2005-07-17
9246,1633377,5,2005-07-28
9246,63786,3,2005-08-13
9246,1640734,5,2005-03-22
9246,619287,4,2005-06-13
9246,15737,3,2005-06-22
9246,2480287,5,2005-06-23
9246,2087152,5,2005-09-07
9246,1465967,5,2005-12-19
9246,2052563,3,2005-12-27
