13470,2031561,2,2004-12-28
13470,1560318,5,2005-10-08
13470,1956280,3,2005-11-15
13470,818736,3,2004-08-20
13470,815385,2,2005-06-24
13470,537085,1,2001-10-18
13470,2505976,2,2002-09-29
13470,1808930,2,2005-07-26
13470,1592937,3,2004-09-06
13470,1305219,3,2004-09-17
13470,565700,3,2003-03-06
13470,1800182,2,2005-05-09
13470,1822624,1,2001-05-24
13470,2369595,4,2004-04-17
13470,2498958,2,2000-04-09
13470,1990316,3,2004-06-17
13470,1756789,2,2002-12-31
13470,2125503,4,2005-05-24
13470,849362,4,2005-08-29
13470,2439493,1,2004-01-19
13470,1760637,5,2005-05-27
13470,1579209,3,2004-11-15
13470,75120,5,2005-06-07
13470,1176119,4,2004-01-20
13470,325526,3,2003-10-01
13470,2040859,1,2004-11-23
13470,1806536,3,2002-12-27
13470,202678,3,2005-08-22
13470,1919269,2,2004-08-29
13470,85747,3,2005-09-07
13470,1876520,1,2002-05-13
13470,1318976,2,2005-02-21
13470,507603,1,2005-09-11
13470,996196,3,2005-12-05
13470,1450660,5,2005-07-22
13470,2083367,3,2002-11-13
13470,437371,2,2003-02-18
13470,1940080,3,2003-07-05
13470,1526379,2,2005-09-01
13470,618435,2,2004-11-26
13470,539938,1,2004-11-01
13470,1664010,4,2005-10-14
13470,1388194,1,2005-01-25
13470,2328686,4,2005-04-29
13470,1010516,4,2005-06-05
13470,919028,3,2005-03-28
13470,2586697,2,2004-09-20
13470,1405941,1,2005-07-06
13470,418491,1,2003-06-23
13470,740658,5,2003-04-19
13470,494967,5,2005-08-01
13470,1458266,5,2004-09-04
13470,90664,1,2003-01-10
13470,1823789,5,2004-10-06
13470,71594,1,2002-01-24
13470,938469,4,2003-05-22
13470,1774976,3,2005-06-07
13470,2312645,3,2005-09-12
13470,1044711,5,2004-10-11
13470,1253144,3,2004-01-07
13470,769807,3,2005-06-03
13470,233761,1,2002-05-25
13470,2320136,3,2005-08-07
13470,629010,3,2005-02-10
13470,461371,4,2005-08-21
13470,2606799,3,2005-05-16
13470,818064,3,2004-10-31
13470,17707,1,2005-08-26
13470,2104267,1,2005-04-04
13470,798296,1,2002-10-07
13470,2333484,5,2005-11-08
13470,23487,4,2005-02-08
13470,1088988,4,2004-08-18
13470,1784003,5,2004-12-24
13470,680730,2,2004-11-18
13470,2263526,1,2005-03-11
13470,305344,1,2003-07-11
13470,1412783,5,2004-06-24
13470,1450106,3,2002-10-30
13470,1200479,3,2005-06-04
13470,1209766,3,2005-02-22
13470,2547683,3,2005-06-12
13470,1481728,3,2005-12-04
13470,2105657,4,2004-11-09
13470,1592001,3,2004-12-08
13470,1086968,3,2005-05-18
13470,752642,1,2001-06-01
13470,1238549,3,2004-08-13
13470,2152782,2,2004-12-31
13470,982331,2,2004-08-08
13470,1722590,1,2003-08-15
13470,1234567,3,2005-07-21
13470,1188445,4,2005-03-09
13470,2118461,3,2005-12-18
13470,30941,4,2005-03-06
13470,840276,1,2004-09-28
13470,765882,2,2005-05-26
13470,984392,2,2005-12-19
13470,2090005,2,2001-12-29
13470,387418,2,2003-10-20
13470,397212,4,2005-06-13
13470,110134,1,2004-04-28
13470,319529,2,2005-03-26
13470,1486829,1,2004-04-12
13470,1932594,2,2005-01-23
13470,40445,3,2005-12-14
13470,1036692,4,2005-07-16
13470,1461435,1,2002-02-10
13470,1812378,5,2004-11-06
13470,74720,2,2004-09-21
13470,1639792,1,2002-04-10
13470,1868345,4,2004-04-28
13470,1067602,3,2002-07-09
13470,2503502,2,2003-06-27
13470,2349702,3,2002-07-22
13470,2238060,5,2005-03-22
13470,878821,4,2002-08-28
13470,2116687,3,2005-08-12
13470,2632598,3,2003-04-14
13470,2634967,1,2005-01-10
13470,2104133,3,2005-10-28
