15046,2007993,2,2004-02-13
15046,1408393,4,2004-03-07
15046,1409776,2,2005-02-15
15046,1174530,3,2005-03-07
15046,2609870,1,2005-10-18
15046,131071,3,2003-10-31
15046,2161899,3,2005-03-28
15046,1229768,3,2005-04-18
15046,2134735,4,2004-12-05
15046,2200166,3,2003-08-06
15046,958125,5,2004-03-25
15046,1951144,3,2004-03-27
15046,667473,3,2005-03-27
15046,2173816,4,2005-03-09
15046,1984086,2,2004-09-16
15046,966446,3,2004-12-27
15046,1333,3,2004-03-30
15046,1691201,3,2003-11-24
15046,786415,3,2004-03-27
15046,2168178,4,2005-03-14
15046,2502251,2,2005-12-19
15046,663276,2,2004-05-21
15046,774868,5,2005-10-09
15046,2333005,4,2005-12-17
15046,507921,3,2003-06-26
15046,326121,1,2004-02-12
15046,2609784,3,2004-12-25
15046,1355423,4,2005-02-22
15046,1224299,3,2005-03-18
15046,899412,3,2005-09-14
15046,1808930,2,2005-07-26
15046,1107099,4,2004-02-16
15046,75214,1,2004-03-26
15046,1937361,3,2004-02-03
15046,1187949,2,2005-04-13
15046,1608683,2,2005-04-18
15046,1413219,4,2004-02-06
15046,901694,3,2004-05-06
15046,786312,3,2004-11-06
15046,1624174,3,2004-07-16
15046,347583,3,2004-11-19
15046,344779,4,2005-11-02
15046,525356,3,2003-11-24
15046,1487119,5,2004-03-24
15046,484675,2,2003-06-25
15046,1328996,5,2004-06-26
15046,1466762,5,2004-11-22
15046,2371105,3,2005-03-14
15046,2096587,5,2003-08-24
15046,401047,2,2005-06-29
15046,1489566,3,2004-01-31
15046,755031,3,2004-12-07
15046,2528088,2,2005-05-03
15046,1386108,3,2005-07-02
15046,2465350,3,2005-08-05
15046,285631,3,2004-08-19
15046,2409550,3,2003-09-17
15046,505375,1,2004-03-15
15046,2131029,3,2004-12-10
15046,1179478,4,2004-05-10
15046,186184,5,2004-06-16
15046,1532365,1,2004-02-26
15046,1159363,4,2004-02-16
15046,2024211,4,2005-02-07
15046,1597177,1,2004-04-24
15046,1927580,2,2004-10-28
15046,248151,4,2005-07-24
15046,1954946,1,2004-02-26
15046,732363,4,2004-07-15
15046,856934,1,2004-02-27
15046,349572,3,2005-05-23
15046,1623333,3,2004-07-12
15046,401325,4,2004-09-09
15046,727242,1,2004-12-17
15046,1216158,5,2004-04-05
15046,879594,3,2004-07-15
15046,1116624,4,2005-10-06
15046,1932270,1,2004-01-20
15046,2431842,5,2004-11-09
15046,2426043,3,2005-05-03
15046,438947,3,2004-01-13
15046,322878,5,2005-01-25
15046,1174652,3,2003-09-22
15046,1968700,3,2004-11-03
15046,1918316,4,2004-12-15
15046,115933,4,2005-02-14
15046,1145956,3,2005-11-11
15046,1251664,3,2004-04-24
15046,670188,2,2005-10-06
15046,835847,4,2003-07-21
15046,415672,3,2004-06-01
15046,1733271,3,2004-03-17
15046,968410,3,2004-04-07
15046,864172,2,2005-07-06
15046,1524354,3,2004-01-05
15046,1703879,3,2004-07-01
15046,1880844,3,2005-07-12
15046,636262,1,2005-08-23
15046,486087,3,2004-04-20
15046,2237185,3,2003-07-11
15046,564403,2,2005-08-25
15046,940870,2,2005-01-19
15046,2227160,4,2004-03-23
15046,524672,4,2004-09-02
15046,84721,3,2004-04-15
15046,599880,4,2004-12-20
15046,2002671,3,2005-02-27
15046,1299403,2,2005-04-20
15046,1139570,3,2005-07-11
15046,1444271,3,2003-06-18
15046,172856,5,2005-02-20
15046,2152046,3,2005-03-07
15046,428831,1,2005-06-25
15046,2235640,3,2005-10-19
15046,2439493,1,2003-05-27
15046,245830,3,2004-10-03
15046,422166,1,2004-03-23
15046,627503,3,2005-09-11
15046,1724493,4,2003-10-04
15046,3902,3,2005-01-30
15046,29214,1,2005-10-03
15046,1801528,2,2005-10-20
15046,1921509,4,2005-12-31
15046,473720,2,2005-07-08
15046,1985841,1,2004-01-09
15046,764343,4,2004-06-04
15046,238740,3,2004-09-20
15046,2549238,2,2005-07-03
15046,285166,2,2004-07-14
15046,1411711,2,2003-06-09
15046,1386777,4,2004-11-06
15046,1946462,2,2005-08-09
15046,1945838,3,2004-07-16
15046,823699,2,2004-01-11
15046,1447804,3,2004-04-08
15046,2155687,3,2005-06-21
15046,80844,2,2005-11-20
15046,2624805,4,2004-02-24
15046,1086501,4,2003-06-19
15046,415641,3,2004-02-23
15046,2511202,5,2005-07-05
15046,1024854,3,2003-06-26
15046,305111,3,2003-11-17
15046,2389367,3,2005-10-27
15046,1918332,4,2003-07-03
15046,1473980,3,2005-08-30
15046,1553204,3,2005-11-15
15046,1771252,3,2003-07-23
15046,2031622,4,2003-07-12
15046,29529,4,2005-11-17
15046,641719,2,2004-04-05
15046,1450090,5,2003-06-21
15046,727126,3,2005-03-29
15046,1177340,3,2005-11-12
15046,2374115,3,2004-09-08
15046,542599,1,2003-07-22
15046,1304231,4,2004-06-26
15046,493548,3,2004-09-23
15046,1993440,3,2004-11-07
15046,704254,1,2005-12-02
15046,508456,5,2005-12-10
15046,167227,2,2003-11-14
15046,757456,1,2003-07-21
15046,2621150,3,2003-08-20
15046,962019,1,2005-08-28
15046,952156,2,2004-05-10
15046,9424,3,2005-09-12
15046,1738133,4,2005-10-07
15046,8094,4,2005-02-28
15046,1283798,3,2005-03-15
15046,1395234,3,2005-09-09
15046,1041993,4,2005-08-12
15046,818752,5,2004-06-21
15046,615743,3,2004-03-27
15046,454878,3,2004-10-15
15046,2483928,4,2005-09-15
15046,1999176,2,2005-08-05
15046,609417,3,2005-08-22
15046,1371722,2,2003-06-27
15046,286756,2,2004-11-22
15046,2600868,2,2005-09-15
15046,666776,4,2005-12-01
15046,1771841,3,2003-10-28
15046,501823,5,2004-09-16
15046,2001363,3,2004-12-22
15046,1571988,4,2004-12-27
15046,1643995,2,2005-09-29
15046,1722103,4,2005-10-15
15046,2092470,2,2004-03-27
15046,597776,4,2005-08-15
15046,562026,3,2004-09-02
15046,2457095,2,2004-10-18
15046,2165574,4,2005-01-23
15046,1460897,4,2005-07-17
15046,2413875,3,2005-05-21
15046,2356870,3,2003-07-13
15046,2532276,3,2004-03-01
15046,16397,3,2005-08-27
15046,1611056,3,2005-04-16
15046,101564,3,2005-11-08
15046,930671,3,2005-08-11
15046,2528638,5,2003-07-29
15046,1664859,4,2005-06-16
15046,2633277,2,2003-10-22
15046,638910,3,2004-10-05
15046,2531844,3,2004-12-29
15046,2382436,4,2005-02-02
15046,2240295,3,2005-11-14
15046,1760343,3,2004-03-08
15046,2551589,3,2004-10-27
15046,760481,2,2004-12-22
15046,751145,3,2004-06-03
15046,1196363,2,2004-08-14
15046,1577560,4,2004-04-26
15046,1123324,4,2004-11-11
15046,550365,4,2005-11-30
15046,2364213,2,2003-10-13
15046,334396,3,2004-01-24
15046,1737922,4,2004-12-28
15046,29185,4,2005-06-29
15046,1028737,3,2003-06-02
15046,728171,3,2003-08-15
15046,1274584,3,2004-04-13
15046,1602339,4,2004-02-04
15046,1932113,2,2005-02-18
15046,2092198,4,2005-06-14
15046,2036565,3,2004-02-28
15046,2397061,4,2005-09-22
15046,1684341,4,2005-07-06
15046,1332107,4,2005-08-24
15046,2593402,3,2004-03-12
15046,824490,5,2003-07-14
15046,1291455,4,2004-01-19
15046,1426860,5,2004-02-26
15046,1165236,5,2004-02-11
15046,584437,3,2003-06-27
15046,1278716,3,2004-02-24
15046,390062,3,2005-10-22
15046,302304,4,2004-06-21
15046,2513559,5,2005-02-04
15046,1606869,4,2005-11-29
15046,1067889,4,2005-07-27
15046,2260832,3,2004-06-15
15046,1941501,3,2004-11-02
15046,322009,3,2005-06-29
15046,1328028,2,2005-10-27
15046,602915,1,2004-02-18
15046,1053090,4,2003-08-06
15046,2229490,3,2004-02-25
15046,2354740,3,2004-02-18
15046,1093688,3,2005-01-01
15046,2047485,4,2005-02-07
15046,1670573,4,2005-08-05
15046,1146886,3,2003-05-28
15046,274191,3,2004-01-22
15046,375099,2,2004-01-10
15046,1877483,3,2004-08-23
15046,734544,4,2003-09-17
15046,806508,3,2004-05-01
15046,1948594,3,2005-03-23
15046,1422746,3,2003-10-15
15046,835473,4,2004-03-30
15046,1765211,4,2004-11-29
15046,2176292,3,2004-12-29
15046,430774,3,2005-10-12
15046,1664010,4,2005-10-12
15046,1684416,4,2005-11-06
15046,2393722,3,2003-08-14
15046,455314,5,2004-08-23
15046,1096430,3,2004-09-27
15046,270331,3,2004-10-17
15046,2465369,2,2004-12-02
15046,1723484,4,2005-10-23
15046,2561618,3,2004-06-01
15046,1129437,1,2003-09-30
15046,1402395,3,2004-01-24
15046,2493728,3,2004-01-05
15046,1757577,2,2005-07-10
15046,329958,1,2004-07-05
15046,1466977,3,2005-02-17
15046,1871659,2,2004-01-06
15046,1008283,3,2004-06-07
15046,1872933,3,2004-05-23
15046,1599029,4,2004-10-25
15046,862596,2,2005-09-17
15046,1040026,5,2003-07-21
15046,1942823,3,2003-11-17
15046,387076,5,2004-12-13
15046,830262,1,2004-01-22
15046,2125252,3,2005-09-21
15046,612275,3,2003-10-24
15046,861532,3,2003-10-18
15046,978983,5,2004-08-27
15046,2545582,4,2005-08-19
15046,2059197,3,2005-02-16
15046,792487,4,2004-10-18
15046,1234452,4,2004-12-28
15046,813213,4,2005-03-04
15046,1794656,3,2005-03-29
15046,595337,2,2005-10-21
15046,1784723,3,2003-07-16
15046,854398,1,2003-12-28
15046,760211,5,2004-07-07
15046,2527555,3,2005-01-02
15046,959813,1,2005-03-19
15046,1605593,3,2005-06-15
15046,341266,4,2005-09-25
15046,582792,3,2003-11-19
15046,1026933,3,2003-08-11
15046,1419816,5,2003-07-26
15046,1013772,4,2004-09-02
15046,2504372,4,2004-10-07
15046,347276,2,2003-06-03
15046,1239862,3,2003-07-19
15046,597587,2,2004-12-24
15046,75976,3,2005-03-18
15046,122197,5,2005-04-07
15046,1720844,1,2005-05-16
15046,1144887,3,2005-11-07
15046,1746244,4,2005-11-10
15046,1547793,2,2005-12-30
15046,419663,1,2004-02-12
15046,886438,4,2004-12-13
15046,366732,4,2005-10-25
15046,525071,4,2004-03-02
15046,1182394,3,2004-12-30
15046,1758460,3,2005-01-20
15046,20826,3,2005-02-25
15046,363047,2,2005-04-29
15046,1344624,1,2005-10-04
15046,412604,3,2003-09-25
15046,6048,4,2003-10-20
15046,599123,4,2004-02-13
15046,1086481,1,2004-01-15
15046,2460687,1,2004-11-03
15046,224795,3,2004-11-21
15046,871675,3,2005-06-16
15046,2559676,4,2005-08-01
15046,2532654,3,2004-10-31
15046,1935793,1,2005-04-04
15046,1245681,3,2005-08-07
15046,442276,5,2003-09-29
15046,111850,3,2003-12-30
15046,906041,3,2005-02-01
15046,952063,3,2004-02-12
15046,1001461,3,2004-02-27
15046,2246167,1,2004-09-23
15046,2304165,2,2004-03-14
15046,25461,1,2004-04-19
15046,2622843,3,2005-06-17
15046,2191240,3,2003-09-09
15046,499195,3,2003-12-12
15046,1644472,3,2003-11-25
15046,2201133,3,2004-02-04
15046,1331818,2,2003-08-04
15046,1970957,5,2003-12-17
15046,1539579,5,2005-12-23
15046,1600210,3,2005-10-20
15046,200114,3,2005-08-27
15046,426352,3,2004-01-18
15046,330955,3,2004-02-22
15046,1961980,3,2004-11-09
15046,467596,1,2004-11-14
15046,2225314,2,2004-08-15
15046,2209351,5,2005-08-25
15046,464185,3,2003-10-09
15046,491531,2,2004-06-02
15046,2446506,4,2003-06-15
15046,2342127,4,2004-05-26
15046,2284890,3,2005-03-13
15046,1041130,3,2005-03-26
15046,2210867,2,2005-06-06
15046,1204018,2,2004-05-23
15046,2362880,4,2004-03-17
15046,679222,4,2004-11-28
15046,1151832,3,2004-12-26
15046,66540,3,2005-05-08
15046,2504054,3,2004-04-20
15046,2089599,1,2004-01-19
15046,1626636,3,2004-05-13
15046,2180255,4,2005-09-27
15046,1048996,1,2004-01-27
15046,591064,3,2003-07-13
15046,1559083,3,2003-07-04
15046,2051520,4,2004-07-06
15046,31203,3,2004-03-23
15046,1111757,4,2003-07-16
15046,2387637,3,2003-12-31
15046,2463759,3,2003-12-23
15046,773361,4,2004-12-21
15046,1079165,2,2005-03-16
15046,1431666,4,2004-03-17
15046,1146000,2,2004-11-15
15046,647979,2,2004-02-22
15046,1345636,3,2005-02-20
15046,1299887,3,2005-03-04
15046,520507,3,2004-12-29
15046,922775,3,2005-01-03
15046,16272,3,2003-07-25
15046,1934588,2,2004-05-08
15046,504620,1,2005-08-21
15046,2440242,4,2004-08-26
15046,152374,3,2004-03-25
15046,321312,3,2005-10-10
15046,694706,3,2004-02-27
15046,337915,3,2004-04-12
15046,1753194,1,2003-06-14
15046,2444240,3,2005-08-14
15046,1837105,4,2005-05-11
15046,54870,3,2004-01-26
15046,1648640,3,2003-12-13
15046,1992205,4,2004-06-05
15046,2385435,4,2004-01-15
15046,319058,2,2004-07-24
15046,1425453,1,2005-06-02
15046,447162,3,2005-09-07
15046,1134306,3,2005-03-28
15046,1753013,2,2003-07-06
15046,1691501,4,2003-11-04
15046,749782,4,2005-08-16
15046,210470,4,2004-01-19
15046,519699,4,2005-10-03
15046,534593,3,2004-04-14
15046,2605347,5,2004-08-03
15046,1723643,2,2004-09-20
15046,1433751,2,2004-10-11
15046,1010815,4,2004-10-14
15046,769879,3,2004-11-30
15046,464599,3,2005-03-07
15046,2065042,4,2005-06-11
15046,305344,1,2003-07-12
15046,280260,4,2003-08-29
15046,2499454,3,2004-02-06
15046,2538506,1,2004-04-17
15046,718665,5,2005-01-06
15046,2501054,3,2004-03-01
15046,2360906,3,2003-05-19
15046,1534444,3,2004-02-02
15046,2191663,3,2003-07-09
15046,635056,3,2004-08-02
15046,2042985,4,2003-08-07
15046,685160,3,2004-01-29
15046,298471,3,2004-07-08
15046,253251,5,2004-03-19
15046,2352221,2,2004-09-04
15046,1758366,3,2004-04-06
15046,1766397,2,2004-12-26
15046,1494569,2,2003-11-11
15046,2387234,3,2004-04-14
15046,1719780,3,2005-01-05
15046,1473983,3,2005-03-12
15046,832928,3,2004-03-04
15046,464571,4,2003-11-27
15046,2630599,5,2004-12-29
15046,2631950,4,2005-02-28
15046,256278,4,2003-09-25
15046,2517103,4,2004-02-20
15046,549137,5,2004-06-27
15046,1112115,2,2005-04-06
15046,981199,4,2005-09-28
15046,138835,3,2004-08-14
15046,1791615,2,2003-08-05
15046,2464081,4,2004-07-24
15046,620010,3,2004-07-26
15046,588280,3,2004-11-07
15046,1059194,3,2004-12-02
15046,2257323,3,2004-07-26
15046,601082,3,2005-07-13
15046,351002,3,2004-07-27
15046,174770,5,2003-12-02
15046,2079894,3,2004-02-19
15046,230211,5,2004-04-01
15046,534730,1,2004-05-12
15046,914844,3,2004-03-13
15046,1161050,3,2004-02-17
15046,1851989,2,2004-10-28
15046,1031172,3,2004-11-19
15046,1381920,3,2003-10-11
15046,1377190,4,2003-12-30
15046,1372207,2,2004-01-09
15046,1979820,2,2005-03-06
15046,2182514,4,2003-10-01
15046,1934293,3,2005-04-23
15046,2003693,3,2004-09-16
15046,236772,2,2005-08-16
15046,159159,2,2004-01-27
15046,868971,1,2004-12-14
15046,1715766,3,2004-02-03
15046,1385580,3,2005-02-01
15046,660871,3,2005-11-24
15046,1232348,1,2003-10-13
15046,918147,4,2004-12-29
15046,1575270,3,2005-03-10
15046,703961,4,2005-04-03
15046,423990,3,2004-02-06
15046,2581158,4,2003-12-28
15046,1302381,4,2004-09-09
15046,893844,3,2004-09-08
15046,423567,3,2003-11-18
15046,2563395,1,2005-01-10
15046,1431356,3,2005-02-26
15046,2646207,3,2005-09-15
15046,137602,4,2004-04-10
15046,402266,2,2004-07-08
15046,1120867,3,2005-11-01
15046,490057,3,2004-02-25
15046,117535,3,2004-09-14
15046,752642,3,2003-06-03
15046,2069631,3,2003-11-09
15046,542817,2,2003-11-28
15046,1078680,4,2005-09-30
15046,1170321,3,2004-12-14
15046,2434527,3,2005-09-08
15046,1500000,1,2003-08-18
15046,999217,4,2005-09-11
15046,1107588,3,2004-01-08
15046,598059,4,2004-09-21
15046,110521,3,2004-06-13
15046,2255880,2,2003-06-16
15046,1914726,3,2004-06-01
15046,1703801,3,2005-03-16
15046,2325794,2,2005-04-30
15046,747960,3,2004-02-04
15046,1526365,3,2004-03-24
15046,1684428,4,2005-01-03
15046,941149,4,2005-03-15
15046,170178,3,2005-11-07
15046,823827,5,2003-10-22
15046,4597,3,2004-10-03
15046,2056022,2,2004-11-05
15046,2252010,3,2005-02-10
15046,1722054,5,2003-08-26
15046,2267335,3,2004-02-16
15046,264067,3,2004-02-02
15046,85244,3,2004-10-26
15046,207972,3,2004-02-25
15046,485965,2,2004-03-08
15046,2337641,5,2004-02-09
15046,472227,4,2004-09-19
15046,325073,4,2004-11-18
15046,1614880,2,2005-03-10
15046,837133,3,2005-07-18
15046,983522,3,2004-01-16
15046,720737,5,2005-05-03
15046,2087974,4,2005-05-25
15046,1191362,2,2005-06-17
15046,1704451,1,2004-07-09
15046,172883,5,2004-01-06
15046,538005,1,2005-08-24
15046,411290,3,2004-01-11
15046,296232,3,2005-09-08
15046,2420001,2,2005-07-31
15046,2402221,3,2004-01-13
15046,230265,3,2005-02-22
15046,1703074,3,2005-03-07
15046,2238918,5,2003-08-25
15046,2197150,3,2003-12-24
15046,625200,3,2004-09-23
15046,746375,2,2003-10-07
15046,2052544,3,2005-08-11
15046,106014,4,2004-11-18
15046,1079859,3,2004-05-12
15046,2396496,3,2004-01-13
15046,1415010,1,2004-07-04
15046,2033214,5,2005-06-10
15046,2118461,4,2005-10-22
15046,127264,3,2004-03-01
15046,734662,1,2005-12-22
15046,876910,4,2003-12-23
15046,810213,4,2004-12-27
15046,2061495,3,2005-03-28
15046,1116110,3,2005-04-25
15046,2473857,4,2005-06-09
15046,230967,4,2003-12-30
15046,1169249,1,2005-07-28
15046,387418,3,2003-08-19
15046,2544348,3,2003-08-26
15046,982010,4,2005-09-30
15046,1166090,3,2004-02-26
15046,1943182,4,2004-06-22
15046,1795561,4,2004-10-19
15046,1988633,3,2005-01-01
15046,2588755,3,2005-05-30
15046,1825371,2,2004-02-20
15046,289992,3,2004-05-08
15046,429260,2,2003-08-05
15046,664294,4,2004-03-06
15046,1637299,4,2004-11-17
15046,930061,5,2005-06-05
15046,2311296,4,2003-11-05
15046,650861,3,2004-02-21
15046,1856829,2,2003-10-22
15046,1424768,4,2004-08-16
15046,2214251,3,2004-03-16
15046,2073904,3,2003-12-29
15046,1486911,3,2004-09-28
15046,340479,2,2004-11-10
15046,311070,2,2003-08-24
15046,16273,3,2003-08-08
15046,1427965,2,2005-05-24
15046,1453603,2,2004-04-05
15046,1553685,3,2004-07-12
15046,944509,3,2004-02-03
15046,1061195,2,2003-12-30
15046,2165924,2,2004-06-06
15046,1692249,4,2005-02-23
15046,1220216,2,2005-08-21
15046,2435135,4,2004-08-09
15046,1663888,5,2003-11-12
15046,116140,3,2004-08-08
15046,1257336,1,2004-11-30
15046,2629195,3,2005-12-04
15046,1617382,1,2005-12-27
15046,1461435,1,2003-06-13
15046,8388,5,2005-08-19
15046,219807,4,2004-09-07
15046,1036692,1,2004-03-08
15046,1251454,3,2004-08-03
15046,634242,3,2005-07-21
15046,2069442,1,2004-04-13
15046,1468557,4,2004-03-16
15046,621908,3,2004-09-19
15046,1480571,3,2005-09-13
15046,614965,4,2003-08-13
15046,1037245,3,2005-12-27
15046,1399249,3,2004-08-02
15046,264305,2,2004-03-18
15046,1872980,3,2004-09-14
15046,2038942,3,2004-11-28
15046,1975521,5,2005-03-14
15046,1639792,1,2003-05-31
15046,1281882,1,2004-04-16
15046,1648352,5,2005-05-31
15046,582829,1,2005-12-30
15046,311122,4,2005-07-06
15046,494947,2,2005-07-12
15046,57633,2,2003-05-19
15046,2395954,5,2003-08-25
15046,2339135,3,2005-08-22
15046,474673,3,2003-06-25
15046,410206,4,2005-08-23
15046,2628329,3,2004-07-21
15046,2143500,3,2004-12-19
15046,1797765,3,2005-07-24
15046,48607,2,2003-07-17
15046,2536943,3,2004-08-18
15046,1033930,3,2004-03-24
15046,1216880,3,2004-07-18
15046,2244916,3,2004-02-05
15046,2378918,4,2003-06-26
15046,794738,4,2005-02-19
15046,1173570,4,2003-12-13
15046,1862973,4,2005-08-18
15046,1722187,4,2004-04-30
15046,680324,3,2003-11-23
15046,923631,4,2004-03-29
15046,2611670,3,2004-10-06
15046,2373756,3,2004-02-21
15046,714349,2,2004-07-14
15046,2238060,2,2004-08-17
15046,1887557,3,2005-02-02
15046,1112365,1,2005-07-28
15046,895875,3,2004-04-09
15046,1707198,3,2004-06-16
15046,861840,3,2004-03-09
15046,1092677,1,2004-02-26
15046,785573,3,2004-02-25
15046,1351189,1,2005-06-28
15046,440398,3,2004-01-20
15046,440983,4,2005-08-17
15046,2068648,5,2004-12-16
15046,27753,2,2005-09-19
15046,1940143,4,2004-07-24
15046,552684,4,2004-12-18
15046,1015405,4,2005-02-18
15046,1592086,4,2003-06-10
15046,1955628,2,2004-03-11
15046,221631,2,2003-12-23
15046,357372,2,2005-01-28
15046,485811,4,2005-12-16
15046,1325816,4,2003-10-15
15046,1670767,4,2003-11-29
15046,2429294,4,2005-12-29
15046,1462255,3,2004-06-07
15046,2566451,2,2004-09-28
15046,1893596,3,2005-01-03
15046,1253343,3,2005-09-11
15046,1911845,3,2005-09-21
15046,296643,3,2005-10-11
15046,1754534,3,2005-07-19
15046,913726,4,2004-03-21
15046,1326341,3,2004-08-29
15046,2469539,3,2004-04-16
15046,2579444,2,2004-06-04
15046,1462534,5,2004-12-07
15046,454329,3,2005-09-11
15046,921587,4,2004-02-28
15046,112790,3,2003-07-03
15046,1709566,3,2004-03-30
15046,809557,4,2005-03-18
15046,1931285,3,2005-09-16
15046,360347,3,2001-05-10
15046,335938,3,2003-11-01
15046,1300759,5,2004-09-21
15046,2540858,3,2004-12-14
15046,2572942,4,2005-06-05
15046,1425914,3,2005-10-24
15046,953322,3,2005-11-25
15046,324510,2,2004-01-16
15046,483107,3,2004-07-12
