11197,1109700,3,2005-07-11
11197,1907667,3,2004-12-28
11197,76196,4,2002-01-13
11197,317060,5,2005-11-24
11197,403531,5,2005-03-21
11197,1363841,1,2003-10-28
11197,71148,3,2004-04-24
11197,1977959,2,2002-05-09
11197,47411,4,2004-11-29
11197,1110296,3,2004-06-21
11197,2518654,5,2005-02-27
11197,200255,1,2003-04-03
11197,1518964,1,2004-12-30
11197,152619,3,2002-08-11
11197,262411,4,2003-10-28
11197,1488926,3,2004-06-12
11197,2244849,3,2005-04-03
11197,1902440,3,2004-11-20
11197,1673185,2,2003-07-30
11197,1181550,2,2003-08-16
11197,2307923,1,2002-06-24
11197,2488386,5,2005-08-07
11197,1722162,4,2005-05-02
11197,1189269,3,2004-11-08
11197,2407988,4,2004-12-28
11197,2302706,4,2002-11-05
11197,2119007,3,2005-12-06
11197,1932377,3,2004-05-18
11197,1424487,3,2004-10-08
11197,642090,4,2005-05-15
11197,2059967,5,2005-11-17
11197,661407,2,2005-12-10
11197,1191122,5,2004-08-07
11197,273945,2,2004-08-10
11197,366279,5,2005-12-03
11197,2495584,3,2005-07-22
11197,1814136,3,2004-08-26
11197,70137,3,2005-04-01
11197,1149582,2,2005-04-07
11197,1630967,5,2005-10-18
11197,158197,2,2003-06-13
11197,1666097,4,2005-11-25
11197,1173015,3,2003-07-14
11197,753663,4,2004-07-20
11197,1202222,3,2003-06-06
11197,1172075,5,2004-10-04
11197,1559036,2,2004-11-21
11197,1276355,2,2005-06-11
11197,1372129,3,2005-10-02
11197,1927580,4,2004-10-05
11197,548180,4,2005-01-05
11197,716874,4,2005-05-13
11197,1332318,3,2004-07-01
11197,1249577,4,2004-08-06
11197,912093,4,2003-10-17
11197,2117509,4,2005-02-07
11197,49585,2,2003-01-08
11197,1240708,2,2004-11-03
11197,1961619,4,2005-03-28
11197,241772,5,2004-06-20
11197,1101467,3,2003-09-09
11197,235789,3,2004-12-28
11197,1815789,1,2001-12-28
11197,1995942,3,2002-05-19
11197,1272379,1,2002-01-15
11197,2352563,4,2003-11-08
11197,1792741,3,2001-08-31
11197,996101,3,2004-01-02
11197,1314869,3,2004-07-14
11197,586128,4,2005-01-01
11197,835847,2,2005-01-27
11197,982350,3,2003-04-17
11197,1703879,3,2004-08-25
11197,2371389,4,2003-06-29
11197,2065106,3,2003-08-27
11197,2237185,2,2002-03-28
11197,1820891,3,2004-01-29
11197,1166912,2,2003-05-08
11197,884208,4,2005-07-19
11197,752402,4,2003-12-23
11197,460747,3,2005-03-01
11197,731133,3,2005-03-15
11197,1127474,4,2005-07-09
11197,2219204,5,2002-11-09
11197,1819462,1,2005-04-26
11197,2439493,1,2003-01-14
11197,530789,4,2005-05-26
11197,2543120,3,2005-11-09
11197,8121,1,2005-05-09
11197,147386,3,2005-07-16
11197,2478643,3,2005-08-22
11197,1046419,4,2005-09-14
11197,970619,3,2005-11-09
11197,2403229,5,2005-07-13
11197,1306537,3,2003-09-21
11197,238740,3,2004-08-29
11197,2596548,5,2005-04-03
11197,170539,1,2005-07-17
11197,2451588,3,2003-05-19
11197,753555,5,2003-07-09
11197,378372,3,2005-03-11
11197,1460606,2,2003-06-17
11197,1452454,5,2003-08-20
11197,1942557,5,2002-05-15
11197,215948,4,2005-05-06
11197,2175611,4,2002-10-23
11197,318457,2,2004-08-06
11197,2506224,4,2003-05-03
11197,628431,1,2004-08-07
11197,1173784,1,2005-03-17
11197,633722,4,2005-08-12
11197,2509644,4,2005-02-21
11197,74320,3,2005-05-27
11197,2155681,4,2005-09-21
11197,1473980,3,2005-08-24
11197,136854,4,2004-12-25
11197,1692897,4,2005-04-03
11197,2588510,4,2003-02-13
11197,121318,4,2004-09-13
11197,792534,2,2003-10-10
11197,1910805,4,2005-02-23
11197,2584252,2,2002-01-20
11197,2160615,3,2003-04-23
11197,1110156,2,2003-05-17
11197,935732,2,2005-09-20
11197,1268699,3,2004-10-12
11197,627935,4,2005-11-10
11197,1008097,2,2003-05-26
11197,757456,2,2003-07-21
11197,1774452,3,2003-06-28
11197,854356,3,2005-01-19
11197,1178902,3,2005-06-17
11197,1211946,3,2005-10-22
11197,2404219,3,2005-08-03
11197,357939,3,2003-11-06
11197,94462,3,2005-03-19
11197,676718,3,2005-05-31
11197,634388,4,2005-06-27
11197,499007,3,2005-11-12
11197,2248080,4,2001-12-05
11197,1501943,2,2004-02-29
11197,428653,5,2003-05-08
11197,406359,3,2004-08-09
11197,2197982,3,2004-08-19
11197,85747,3,2005-03-20
11197,1876520,1,2002-05-13
11197,394895,4,2005-12-22
11197,2541385,5,2001-11-24
11197,2207698,4,2002-05-25
11197,347301,1,2005-07-18
11197,254049,2,2003-10-01
11197,1883094,4,2004-08-02
11197,425737,5,2005-05-31
11197,876961,1,2005-08-02
11197,1395395,3,2003-12-02
11197,1075722,1,2004-08-10
11197,17587,4,2004-05-25
11197,2613898,3,2005-11-09
11197,1036350,4,2005-11-11
11197,2051278,4,2005-07-25
11197,1844442,3,2004-12-31
11197,2247427,4,2005-09-18
11197,2283366,2,2004-02-21
11197,1287892,3,2003-06-09
11197,716158,3,2002-06-29
11197,1478444,2,2003-06-17
11197,522845,5,2003-11-04
11197,728171,3,2004-04-26
11197,796744,3,2003-05-01
11197,1069240,4,2005-01-26
11197,2029979,3,2005-09-23
11197,924104,5,2003-07-31
11197,463781,3,2004-12-13
11197,1172980,4,2005-04-25
11197,507603,1,2005-10-16
11197,2641668,2,2002-07-04
11197,799442,3,2002-11-20
11197,1341214,3,2005-03-10
11197,1652378,4,2005-08-02
11197,341649,3,2003-02-21
11197,2202057,4,2005-08-22
11197,495542,1,2004-01-13
11197,757742,3,2005-11-15
11197,1501018,4,2005-05-19
11197,2083367,3,2002-10-23
11197,964762,2,2004-11-19
11197,1222167,3,2003-01-15
11197,2514291,3,2004-06-13
11197,308422,3,2004-03-25
11197,979155,3,2002-11-28
11197,1072072,3,2004-02-26
11197,452539,5,2005-07-19
11197,1500014,3,2005-03-04
11197,510834,4,2005-05-29
11197,647630,2,2005-04-11
11197,1664010,5,2005-10-12
11197,2444463,2,2002-05-17
11197,1096430,2,2004-09-07
11197,296452,1,2004-06-09
11197,1148103,3,2004-09-14
11197,116104,4,2002-10-23
11197,2259174,4,2005-08-30
11197,2473325,4,2004-10-15
11197,790459,4,2004-11-15
11197,1181609,3,2004-11-22
11197,1640546,1,2002-01-24
11197,2033173,3,2004-11-08
11197,287034,1,2005-11-23
11197,1249058,4,2005-03-21
11197,2387672,5,2005-09-24
11197,1173208,5,2005-11-04
11197,1994672,4,2002-08-10
11197,873713,1,2005-08-30
11197,1586449,4,2005-02-10
11197,1459727,3,2005-03-24
11197,1176322,3,2004-08-17
11197,305604,3,2004-06-12
11197,451289,3,2004-06-30
11197,1967707,2,2005-09-10
11197,2315691,3,2005-10-16
11197,1894895,2,2003-03-16
11197,381828,4,2004-08-05
11197,1227773,4,2005-04-23
11197,1691893,2,2005-10-28
11197,1981037,2,2005-12-04
11197,1144887,3,2004-08-30
11197,972267,4,2005-12-20
11197,2585863,5,2004-02-15
11197,2080549,4,2004-08-31
11197,1370666,3,2003-01-04
11197,1298511,3,2003-07-06
11197,230252,5,2004-10-05
11197,1949871,3,2005-02-08
11197,2078996,4,2001-11-22
11197,940516,3,2004-08-10
11197,719294,4,2004-12-12
11197,1344624,1,2005-10-04
11197,2078928,4,2005-10-25
11197,2522005,5,2004-08-14
11197,1982605,5,2005-01-13
11197,1961026,4,2003-07-15
11197,2378112,3,2005-06-03
11197,1661084,4,2001-11-17
11197,2640760,2,2001-10-17
11197,1253002,4,2005-05-05
11197,71594,2,2001-09-20
11197,2290732,4,2004-06-01
11197,780253,3,2003-02-13
11197,1094019,3,2003-03-29
11197,109285,2,2003-09-07
11197,952063,2,2004-12-15
11197,166041,4,2005-06-20
11197,608216,5,2005-12-09
11197,1359333,3,2002-03-31
11197,2291306,3,2004-08-06
11197,3321,3,2005-07-25
11197,1092625,5,2003-01-01
11197,825819,2,2004-05-26
11197,2518168,4,2004-06-09
11197,2305082,3,2003-12-11
11197,230112,1,2004-07-03
11197,2564438,4,2004-07-08
11197,2036973,4,2005-12-30
11197,1995860,3,2001-09-26
11197,1194911,3,2003-03-06
11197,2534061,1,2003-02-24
11197,705695,2,2005-11-10
11197,554587,1,2002-04-13
11197,2284890,3,2005-05-01
11197,1232297,3,2005-09-27
11197,676758,3,2004-06-03
11197,182134,3,2004-08-10
11197,2238629,2,2003-01-23
11197,254508,4,2003-09-17
11197,2045846,4,2004-10-06
11197,253275,4,2005-05-17
11197,778395,3,2005-08-09
11197,557269,3,2005-08-17
11197,1557557,3,2004-11-19
11197,1133299,4,2005-10-25
11197,1072939,3,2004-10-06
11197,1954061,4,2004-10-16
11197,511883,2,2001-08-26
11197,911485,5,2005-07-30
11197,2307036,2,2003-03-10
11197,1147677,4,2003-05-01
11197,856976,4,2005-08-22
11197,570063,4,2004-04-02
11197,74213,2,2004-07-29
11197,449597,5,2003-02-16
11197,2256485,1,2004-07-21
11197,1249267,3,2004-08-30
11197,2340450,4,2005-04-11
11197,1299887,4,2005-03-05
11197,535886,3,2005-05-04
11197,798296,3,2002-10-07
11197,682963,3,2005-06-20
11197,1940801,4,2005-09-21
11197,1578801,5,2005-09-28
11197,135932,3,2005-10-09
11197,16272,2,2002-08-11
11197,1153562,3,2005-07-21
11197,607188,1,2002-06-05
11197,342877,3,2002-03-01
11197,1992205,3,2004-08-27
11197,278713,5,2005-07-21
11197,393945,2,2004-06-07
11197,1131896,3,2004-10-31
11197,2378212,4,2003-02-14
11197,1280700,5,2004-08-09
11197,823067,1,2004-06-23
11197,1186371,2,2003-09-09
11197,2544428,3,2005-04-09
11197,305344,4,2003-03-03
11197,2538506,1,2004-06-06
11197,1452750,3,2004-10-24
11197,1364473,4,2005-01-26
11197,203576,5,2005-05-09
11197,2554977,2,2005-10-31
11197,1675194,3,2005-11-17
11197,1485947,3,2003-08-28
11197,2510054,3,2004-07-06
11197,2051579,4,2003-12-17
11197,1470113,3,2004-03-14
11197,1749912,4,2005-02-28
11197,1978089,3,2004-10-14
11197,2099446,4,2005-06-10
11197,416560,2,2002-09-21
11197,282911,3,2004-09-08
11197,1021397,1,2004-04-30
11197,1205174,4,2005-12-17
11197,2037693,5,2004-01-08
11197,2206715,4,2005-08-16
11197,1099404,2,2004-02-07
11197,1719780,4,2004-06-23
11197,8815,5,2004-09-23
11197,31449,5,2005-12-22
11197,1014606,1,2005-09-09
11197,2555014,5,2004-08-12
11197,2438832,3,2005-03-02
11197,14924,4,2005-03-21
11197,1000818,3,2005-05-25
11197,447759,5,2005-11-08
11197,2415199,3,2003-07-29
11197,1791615,2,2003-11-04
11197,2464081,4,2004-08-21
11197,774602,3,2004-09-08
11197,620010,3,2004-07-26
11197,1459971,4,2005-06-16
11197,696079,4,2005-12-11
11197,320187,2,2003-06-30
11197,2074458,1,2005-08-23
11197,1838526,3,2005-08-23
11197,2629660,1,2004-06-30
11197,336672,5,2002-10-26
11197,1555872,3,2004-06-24
11197,2205259,4,2002-07-19
11197,2013504,3,2005-08-03
11197,2430267,5,2004-07-02
11197,49142,3,2005-07-30
11197,2098086,3,2002-05-05
11197,1692018,5,2005-08-07
11197,1411511,4,2005-07-23
11197,2366462,4,2005-09-04
11197,1058420,3,2004-04-20
11197,360264,4,2005-03-04
11197,1073396,4,2005-03-11
11197,2187377,3,2004-07-09
11197,1460837,4,2005-04-11
11197,1962325,4,2004-01-09
11197,639302,2,2003-10-19
11197,1565175,4,2004-08-25
11197,1731512,5,2005-07-13
11197,752642,3,2001-10-06
11197,372285,5,2003-07-28
11197,2369777,3,2004-11-09
11197,905570,2,2005-02-08
11197,555528,1,2002-09-28
11197,2305400,1,2005-09-19
11197,2021291,4,2004-01-29
11197,2028737,3,2005-06-15
11197,398661,3,2001-10-20
11197,397001,3,2005-02-25
11197,1333220,5,2005-12-21
11197,464504,3,2001-09-18
11197,121182,2,2004-01-16
11197,1689386,3,2002-05-01
11197,732863,1,2003-06-17
11197,2499884,1,2005-09-22
11197,1758002,3,2003-11-02
11197,2502112,3,2005-02-14
11197,389985,3,2005-12-15
11197,567705,3,2005-12-21
11197,2316429,3,2005-01-23
11197,2507459,3,2005-04-26
11197,1509285,4,2005-11-06
11197,1729518,5,2005-10-13
11197,119552,3,2005-11-09
11197,1622462,3,2003-08-07
11197,1544780,3,2003-08-21
11197,2220732,1,2003-12-28
11197,1516350,2,2004-06-01
11197,2133714,4,2005-05-11
11197,1866323,3,2005-05-25
11197,1973951,2,2005-09-25
11197,1169361,2,2003-02-21
11197,2024111,2,2003-08-06
11197,2118461,4,2005-10-22
11197,1781160,3,2005-05-15
11197,235208,5,2005-11-04
11197,232326,2,2003-06-07
11197,1425055,4,2004-06-25
11197,387418,1,2003-08-01
11197,174485,3,2004-07-25
11197,836945,5,2003-12-28
11197,1922052,4,2005-12-13
11197,1029163,2,2002-09-30
11197,1334853,3,2005-08-03
11197,1632583,5,2005-08-19
11197,999904,4,2003-09-26
11197,1114324,3,2004-12-11
11197,397212,4,2005-02-10
11197,1221714,2,2002-03-08
11197,2362470,3,2004-08-23
11197,832827,3,2005-08-01
11197,2177255,2,2003-03-17
11197,867800,4,2004-06-25
11197,1411816,4,2004-11-02
11197,35131,4,2004-11-13
11197,1932594,2,2004-06-08
11197,1114342,3,2004-07-11
11197,1410264,3,2004-12-22
11197,97608,3,2005-05-21
11197,958687,3,2002-01-03
11197,1298036,3,2001-12-20
11197,356615,1,2002-12-31
11197,1493504,3,2003-08-22
11197,1061195,4,2003-12-04
11197,1645904,3,2004-07-19
11197,1985123,5,2004-07-24
11197,3694,3,2005-04-30
11197,2070952,3,2005-06-22
11197,1317124,5,2005-12-25
11197,1663888,3,2005-07-18
11197,1461435,4,2002-01-02
11197,364238,3,2004-08-31
11197,1559741,3,2004-09-09
11197,2124351,3,2003-03-29
11197,2069442,5,2003-08-19
11197,234863,3,2004-12-30
11197,1037245,3,2005-12-23
11197,2291170,4,2003-05-14
11197,2172063,3,2004-12-23
11197,133129,4,2005-12-05
11197,2158859,3,2002-03-27
11197,2608040,3,2003-05-23
11197,2295235,5,2005-02-11
11197,1505106,3,2005-10-16
11197,1639792,1,2002-04-03
11197,968784,1,2002-10-29
11197,1515355,3,2004-06-21
11197,2181518,2,2003-02-14
11197,1279360,3,2004-04-06
11197,115682,4,2005-01-07
11197,232301,3,2005-11-22
11197,295181,3,2005-07-15
11197,2020475,2,2001-10-19
11197,57633,3,2002-06-27
11197,242896,5,2005-08-04
11197,224457,2,2005-06-22
11197,998236,4,2004-06-20
11197,2143500,3,2004-12-07
11197,1603184,3,2005-02-02
11197,1804811,4,2005-10-01
11197,1207465,4,2005-08-31
11197,398371,3,2004-07-06
11197,2081789,3,2005-11-28
11197,16707,5,2003-06-04
11197,1627458,3,2003-12-01
11197,662106,5,2005-05-03
11197,1419549,4,2001-12-07
11197,2283211,4,2004-05-25
11197,1480807,3,2003-03-29
11197,2307715,4,2005-08-22
11197,1852040,3,2004-04-06
11197,1612901,3,2005-08-07
11197,1835306,3,2005-06-30
11197,2357062,1,2003-10-06
11197,1550718,4,2005-08-09
11197,2621361,1,2004-08-28
11197,1416729,4,2005-08-30
11197,1933961,4,2004-10-18
11197,2442104,4,2005-02-07
11197,2296178,2,2001-12-17
11197,1010131,3,2004-11-08
11197,860722,1,2004-12-30
11197,471831,3,2003-06-09
11197,2604057,4,2003-10-07
11197,1350124,3,2004-08-09
11197,272840,3,2004-05-24
11197,1154902,2,2004-02-18
11197,957726,3,2005-09-25
11197,466892,3,2005-08-23
11197,320177,3,2005-06-06
11197,1300759,4,2004-10-13
11197,600160,2,2003-04-27
11197,2355869,3,2003-05-24
