4622,2338545,3,2001-08-11
4622,1110906,3,2004-03-04
4622,1534640,2,2005-03-31
4622,844049,3,2004-04-16
4622,1339724,2,2005-09-27
4622,610608,2,2004-03-23
4622,1818298,3,2004-11-24
4622,1928412,4,2005-06-06
4622,521547,3,2002-09-04
4622,683427,1,2004-08-13
4622,1705134,2,2004-07-15
4622,2645399,4,2004-10-29
4622,644476,4,2001-11-06
4622,953563,4,2004-04-22
4622,1671819,2,2003-12-14
4622,338687,2,2005-04-23
4622,675027,3,2005-04-13
4622,571547,4,2001-10-20
4622,738657,4,2004-07-26
4622,1027323,2,2004-12-07
4622,2567391,3,2005-11-08
4622,1716677,3,2002-05-25
4622,1033629,3,2004-02-15
4622,2331863,3,2005-03-14
4622,1696869,2,2004-10-21
4622,2524312,4,2005-03-28
4622,828128,2,2004-03-12
4622,2119007,4,2005-12-06
4622,1432337,1,2002-06-22
4622,1414999,3,2004-09-08
4622,788693,4,2005-09-21
4622,155342,1,2005-03-14
4622,970270,4,2005-02-07
4622,1750785,3,2001-07-31
4622,1823668,1,2001-03-19
4622,784378,5,2002-09-24
4622,1154763,3,2004-09-04
4622,1800192,3,2004-01-13
4622,435009,1,2004-02-04
4622,984584,1,2005-03-24
4622,1657342,4,2004-07-03
4622,1946517,1,2004-05-10
4622,789969,2,2005-03-28
4622,486518,2,2001-06-16
4622,1746056,2,2004-08-24
4622,93025,1,2003-01-24
4622,1916653,4,2005-10-08
4622,1014928,4,2002-05-22
4622,465016,3,2004-03-19
4622,1755552,4,2004-01-14
4622,2489437,1,2002-02-05
4622,678272,2,2004-04-19
4622,1690697,3,2004-06-29
4622,1329408,3,2005-07-06
4622,2355630,1,2004-01-21
4622,2040270,1,2004-03-13
4622,291446,1,2004-04-14
4622,1054564,2,2005-02-03
4622,1314869,3,2004-11-01
4622,1086,4,2001-12-07
4622,2205734,3,2002-05-14
4622,1118819,4,2004-05-05
4622,1789016,4,2004-03-21
4622,1044179,2,2005-07-12
4622,1310748,3,2004-01-08
4622,638149,3,2004-01-16
4622,2320264,2,2004-10-04
4622,1297154,3,2004-12-19
4622,770479,2,2002-02-13
4622,602389,3,2004-01-16
4622,868960,3,2005-09-11
4622,2258287,5,2004-03-22
4622,1857203,2,2005-11-14
4622,2494435,3,2002-09-16
4622,1262523,3,2004-02-23
4622,1943557,1,2005-03-10
4622,692072,4,2004-08-04
4622,234488,2,2005-01-04
4622,1550590,2,2005-06-29
4622,698377,5,2004-01-29
4622,1622272,2,2002-01-20
4622,1377870,2,2002-07-07
4622,255378,1,2005-02-02
4622,2077564,2,2003-12-23
4622,684876,2,2004-03-30
4622,1473980,3,2005-08-28
4622,676447,3,2002-12-17
4622,660764,3,2004-05-24
4622,2362591,3,2004-09-04
4622,1845565,1,2005-03-01
4622,1622836,3,2005-03-14
4622,75384,3,2002-10-23
4622,1422542,2,2005-02-27
4622,1028463,5,2005-02-28
4622,2153255,2,2003-09-09
4622,844526,5,2004-03-24
4622,1002629,3,2005-01-29
4622,2133551,4,2005-08-22
4622,945672,1,2004-03-29
4622,2546517,3,2005-09-14
4622,568743,4,2002-11-26
4622,1787676,2,2004-07-28
4622,2004377,3,2002-02-18
4622,2558240,3,2004-02-10
4622,82369,2,2004-04-30
4622,1475293,2,2003-12-09
4622,2457095,3,2004-03-12
4622,1777150,3,2005-04-12
4622,1909216,4,2005-05-19
4622,1489224,5,2004-03-17
4622,2364536,4,2004-04-08
4622,15732,2,2004-02-29
4622,52008,2,2004-03-14
4622,2280428,1,2004-08-04
4622,605299,5,2004-03-15
4622,904084,5,2004-02-27
4622,682970,1,2004-12-08
4622,1881475,1,2004-10-27
4622,1083672,3,2005-07-01
4622,1928964,1,2003-12-17
4622,2084213,1,2004-03-12
4622,184705,3,2004-11-22
4622,1142215,2,2004-01-22
4622,1130957,2,2004-05-26
4622,2260480,2,2004-05-14
4622,1678660,3,2005-02-09
4622,1717184,1,2004-03-04
4622,1753439,4,2001-12-28
4622,322009,3,2004-06-29
4622,315751,2,2001-10-07
4622,1470123,3,2004-12-11
4622,422208,2,2005-06-07
4622,840737,3,2004-11-01
4622,1686486,3,2005-05-17
4622,1527676,2,2004-03-02
4622,279236,1,2004-02-19
4622,532888,1,2004-03-27
4622,205023,5,2005-01-10
4622,695091,3,2005-06-04
4622,1664010,3,2005-10-13
4622,1902838,1,2001-09-08
4622,2327743,5,2004-04-14
4622,576990,1,2004-02-09
4622,537705,5,2004-11-11
4622,1749717,5,2005-02-14
4622,1642678,2,2005-11-27
4622,612384,1,2005-08-03
4622,1789540,1,2004-03-18
4622,916379,1,2005-01-25
4622,862596,4,2005-09-18
4622,550341,4,2003-04-07
4622,1209220,3,2003-11-01
4622,1187900,4,2004-06-10
4622,2152870,1,2002-06-06
4622,755773,3,2002-06-08
4622,1459527,1,2002-10-07
4622,22905,2,2004-09-15
4622,2031820,1,2003-02-14
4622,1378961,3,2004-10-18
4622,591460,3,2004-11-22
4622,1219733,3,2005-04-27
4622,1633082,4,2004-02-02
4622,1854658,4,2005-08-31
4622,1613136,3,2005-10-25
4622,1108451,2,2004-09-07
4622,1282217,2,2004-02-11
4622,828349,2,2001-09-09
4622,1454964,4,2005-01-19
4622,2215028,1,2005-04-26
4622,716213,2,2001-09-28
4622,1704223,1,2004-01-23
4622,868296,4,2005-12-12
4622,2228471,2,2002-06-24
4622,2004055,3,2005-08-06
4622,1525483,5,2004-08-19
4622,349034,4,2001-11-27
4622,196992,1,2005-06-08
4622,1655778,3,2004-10-01
4622,2646058,4,2004-01-18
4622,2526824,3,2002-09-07
4622,1558099,2,2004-04-21
4622,867068,2,2001-08-22
4622,46650,3,2005-08-27
4622,900151,2,2005-02-01
4622,1498816,3,2005-06-09
4622,220936,3,2004-03-19
4622,2394704,1,2005-11-17
4622,832894,5,2003-03-15
4622,1374385,3,2004-09-28
4622,2529587,4,2003-01-15
4622,971660,2,2004-02-05
4622,2159139,1,2004-11-19
4622,1133966,2,2004-12-01
4622,1497750,4,2004-10-11
4622,1561705,1,2005-01-12
4622,1698123,2,2004-07-29
4622,1120497,3,2005-07-13
4622,2334289,3,2004-03-30
4622,1461717,3,2005-04-05
4622,2597558,1,2004-07-25
4622,2039673,2,2004-11-02
4622,752937,2,2004-03-02
4622,393723,1,2005-10-05
4622,504620,1,2005-09-13
4622,607188,4,2002-12-20
4622,1643106,1,2005-08-23
4622,1842150,3,2004-02-16
4622,342877,1,2004-03-09
4622,1863363,2,2003-12-02
4622,1227649,4,2002-01-15
4622,1036908,3,2004-04-01
4622,506757,2,2004-10-06
4622,809286,2,2001-12-19
4622,589596,2,2004-04-09
4622,1599699,4,2001-01-08
4622,840357,3,2004-03-09
4622,305344,2,2003-10-22
4622,2388498,2,2005-03-22
4622,396739,3,2001-09-08
4622,1986551,1,2004-01-06
4622,1557927,2,2005-04-14
4622,433941,4,2004-04-08
4622,775247,4,2004-01-24
4622,2445424,3,2004-07-31
4622,69368,3,2004-08-26
4622,170551,1,2004-03-28
4622,2523584,5,2005-02-24
4622,1710643,3,2002-01-03
4622,2105602,2,2003-02-11
4622,1280291,2,2004-10-28
4622,1039039,3,2004-12-12
4622,1430656,2,2004-12-28
4622,2017297,4,2005-03-02
4622,1568124,5,2005-03-07
4622,1538824,3,2005-05-17
4622,1826257,3,2002-05-13
4622,890158,3,2003-11-27
4622,634342,2,2004-06-26
4622,472736,3,2005-09-20
4622,260273,2,2001-06-10
4622,1770666,2,2005-01-21
4622,2015946,2,2004-12-26
4622,1258532,2,2005-10-05
4622,404516,4,2004-04-07
4622,1556712,1,2004-04-24
4622,1935728,1,2005-10-08
4622,1852534,1,2004-04-08
4622,1352367,3,2005-03-26
4622,15865,2,2004-08-21
4622,948046,4,2005-05-26
4622,464172,2,2002-09-27
4622,1918910,2,2004-06-09
4622,159112,2,2004-02-02
4622,1202440,1,2004-11-22
4622,340106,3,2005-08-05
4622,2408204,2,2004-11-02
4622,1820447,3,2005-06-07
4622,1609651,1,2001-08-16
4622,1273765,2,2001-03-05
4622,1396593,4,2004-07-02
4622,2492984,3,2004-11-01
4622,443466,3,2005-12-04
4622,1897207,4,2002-12-11
4622,2176465,3,2005-04-06
4622,536967,1,2004-06-21
4622,270049,4,2004-09-11
4622,1265606,3,2005-10-28
4622,2527516,2,2002-10-22
4622,2267124,3,2004-05-26
4622,658633,3,2004-05-24
4622,2118461,4,2005-10-22
4622,1373866,3,2003-09-02
4622,676013,2,2005-01-11
4622,2179594,4,2002-10-29
4622,542848,1,2004-03-26
4622,1460630,1,2001-12-09
4622,387418,2,2003-10-21
4622,2583984,5,2005-04-16
4622,150950,1,2004-04-06
4622,1462133,3,2004-04-26
4622,1152780,1,2005-03-23
4622,807836,5,2005-09-28
4622,2257189,4,2005-12-13
4622,1825371,3,2004-03-07
4622,1637299,2,2004-01-19
4622,1114324,3,2004-12-08
4622,2497498,3,2005-11-27
4622,1490506,3,2002-01-30
4622,1061195,2,2003-12-14
4622,523024,3,2001-09-17
4622,1283604,1,2004-07-02
4622,752619,1,2004-07-07
4622,909164,1,2005-03-03
4622,2233292,5,2004-05-21
4622,409565,3,2004-05-01
4622,1255241,1,2004-12-06
4622,1793717,1,2002-06-16
4622,1461435,1,2002-02-03
4622,1016231,2,2005-06-18
4622,924352,1,2004-02-26
4622,1734644,2,2004-03-01
4622,485601,4,2001-10-18
4622,1281478,2,2004-03-19
4622,82458,4,2004-06-17
4622,642384,5,2004-08-26
4622,452205,3,2004-09-01
4622,745672,2,2005-01-05
4622,1639792,1,2002-05-16
4622,22231,2,2005-08-19
4622,1127117,1,2004-06-09
4622,1063206,3,2004-04-29
4622,1670235,3,2004-08-10
4622,1506588,3,2004-03-27
4622,5399,3,2004-03-11
4622,18187,2,2005-07-09
4622,1852040,1,2004-03-31
4622,546802,2,2004-08-30
4622,239518,3,2002-01-26
4622,1850607,2,2004-01-01
4622,1254683,3,2004-02-10
4622,2221806,3,2004-12-21
4622,1063035,1,2005-02-24
4622,2507769,2,2005-10-29
4622,1283156,1,2004-03-26
4622,1195621,3,2004-02-26
4622,1849028,4,2004-04-03
4622,1749986,5,2005-11-05
4622,670196,2,2005-12-13
4622,1769749,3,2004-05-03
4622,808820,5,2004-01-04
4622,1531275,1,2004-11-14
4622,1121520,3,2004-02-07
4622,1423566,2,2002-07-19
4622,1356381,3,2004-03-19
4622,770339,1,2004-01-24
4622,640679,4,2005-01-12
4622,939582,2,2005-09-10
4622,2480287,2,2004-03-26
