10703,249052,4,2005-08-12
10703,1852874,1,2005-06-02
10703,181418,3,2005-06-15
10703,1688444,1,2005-07-06
10703,852325,2,2005-07-07
10703,2412496,2,2005-08-17
10703,2030845,2,2005-07-06
10703,2315741,2,2005-10-12
10703,122431,1,2005-07-12
10703,1672266,1,2005-09-26
10703,125296,3,2005-07-06
10703,1989649,2,2005-07-07
10703,599628,3,2005-06-27
10703,2401237,1,2005-07-24
10703,35511,3,2005-08-25
10703,2122104,1,2005-06-29
10703,806204,2,2005-07-06
10703,916077,2,2005-07-08
10703,1455792,2,2005-07-06
10703,2495584,3,2005-08-07
10703,459412,3,2005-07-09
10703,508039,2,2005-07-11
10703,2239924,3,2005-05-20
10703,1668787,2,2005-12-10
10703,90281,3,2005-05-20
10703,2069750,1,2005-06-13
10703,1270565,3,2005-07-01
10703,1239654,1,2005-06-27
10703,697601,2,2005-09-28
10703,1132710,3,2005-07-12
10703,1314869,4,2005-05-08
10703,1440766,1,2005-07-08
10703,967190,2,2005-07-29
10703,497457,2,2005-08-22
10703,984263,2,2005-07-12
10703,1171457,1,2005-06-24
10703,1145547,1,2005-07-26
10703,1057154,3,2005-08-06
10703,1009051,3,2005-06-28
10703,614246,1,2005-08-08
10703,2131940,1,2005-06-22
10703,391201,1,2005-10-29
10703,1473980,3,2005-09-15
10703,2052940,1,2005-07-11
10703,2065448,3,2005-07-20
10703,1013116,2,2005-05-17
10703,50274,3,2005-07-19
10703,626120,1,2005-07-21
10703,1357,3,2005-07-08
10703,1940737,1,2005-06-06
10703,1704968,1,2005-07-01
10703,447836,3,2005-06-04
10703,1588604,1,2005-06-21
10703,551783,3,2005-06-05
10703,989746,2,2005-05-19
10703,340848,1,2005-06-17
10703,1986034,3,2005-06-20
10703,103781,1,2005-07-25
10703,326323,2,2005-08-29
10703,834612,2,2005-09-06
10703,1861139,4,2005-07-30
10703,2030978,2,2005-06-25
10703,775439,2,2005-07-05
10703,2299958,1,2005-07-11
10703,748794,2,2005-07-13
10703,1276137,2,2005-08-18
10703,1392168,1,2005-06-04
10703,291085,2,2005-07-09
10703,2337978,1,2005-06-28
10703,1587430,4,2005-06-30
10703,1160224,1,2005-11-04
10703,1106520,2,2005-06-28
10703,204384,1,2005-05-30
10703,721369,2,2005-11-01
10703,1468673,3,2005-08-23
10703,1657179,1,2005-08-22
10703,2463091,2,2005-07-18
10703,2311619,4,2005-06-13
10703,1054182,2,2005-08-19
10703,1689302,2,2005-06-22
10703,775775,1,2005-08-03
10703,175902,2,2005-08-14
10703,969386,2,2005-06-26
10703,2399842,2,2005-07-28
10703,346036,2,2005-09-26
10703,1857815,1,2005-07-18
10703,1664010,2,2005-10-16
10703,579626,3,2005-07-27
10703,623234,1,2005-06-27
10703,1155602,2,2005-06-29
10703,594177,2,2005-11-16
10703,2023333,2,2005-07-20
10703,538083,1,2005-10-06
10703,1481817,3,2005-11-02
10703,101069,1,2005-07-09
10703,819659,5,2005-05-25
10703,1768511,1,2005-07-05
10703,1327906,1,2005-07-05
10703,598113,1,2005-06-27
10703,1773744,1,2005-09-01
10703,218003,2,2005-05-31
10703,73216,3,2005-08-20
10703,294950,3,2005-06-27
10703,1617915,1,2005-07-02
10703,431947,2,2005-10-27
10703,2361340,2,2005-08-19
10703,2324737,2,2005-09-14
10703,903434,1,2005-06-23
10703,1483316,1,2005-06-14
10703,825353,5,2005-07-07
10703,2425368,3,2005-08-26
10703,624065,2,2005-06-30
10703,1262848,2,2005-08-23
10703,1124730,1,2005-06-19
10703,947232,1,2005-08-01
10703,305344,1,2005-05-08
10703,2538506,2,2005-11-17
10703,688909,1,2005-07-20
10703,542373,2,2005-08-19
10703,1403217,2,2005-08-23
10703,376576,2,2005-12-25
10703,1014606,1,2005-08-15
10703,1644376,2,2005-09-06
10703,2511504,2,2005-09-06
10703,707683,5,2005-06-28
10703,2040916,1,2005-07-12
10703,24754,1,2005-07-25
10703,2191598,1,2005-06-30
10703,2088226,2,2005-06-28
10703,2005241,4,2005-10-10
10703,15865,2,2005-12-13
10703,48747,2,2005-07-12
10703,219888,2,2005-09-14
10703,589444,2,2005-08-10
10703,1628869,3,2005-07-06
10703,809887,1,2005-07-09
10703,402790,1,2005-05-19
10703,2101357,4,2005-10-01
10703,698125,3,2005-07-03
10703,528085,2,2005-11-29
10703,2159478,2,2005-12-20
10703,698147,4,2005-07-07
10703,2301961,3,2005-08-01
10703,1723678,1,2005-07-05
10703,1081170,2,2005-06-10
10703,1486001,1,2005-08-16
10703,2638607,3,2005-11-17
10703,387418,1,2005-12-02
10703,2583580,2,2005-05-30
10703,1114324,3,2005-05-18
10703,2616039,1,2005-08-09
10703,1932594,2,2005-05-17
10703,1690575,2,2005-06-30
10703,970312,1,2005-06-30
10703,1904657,1,2005-08-04
10703,1108339,3,2005-07-29
10703,1743643,2,2005-06-14
10703,2599677,3,2005-08-07
10703,196458,4,2005-08-10
10703,591843,2,2005-06-29
10703,79194,5,2005-07-15
10703,1232890,2,2005-06-16
10703,1620736,3,2005-07-04
10703,2560910,3,2005-06-28
10703,1828131,3,2005-05-23
10703,960944,1,2005-06-27
10703,2094028,2,2005-07-15
10703,1588693,5,2005-06-24
10703,1917881,3,2005-09-26
10703,1968961,1,2005-06-28
10703,2327333,1,2005-08-11
10703,789449,1,2005-06-24
10703,737905,2,2005-06-29
10703,611573,4,2005-11-02
10703,1603923,2,2005-05-21
10703,641201,2,2005-06-27
10703,54348,2,2005-07-02
10703,835712,1,2005-06-16
10703,1342462,2,2005-06-24
10703,1913709,3,2005-07-19
