17119,566764,5,2005-07-14
17119,1087781,3,2005-07-18
17119,1567328,3,2005-05-03
17119,1850680,1,2005-09-17
17119,2537219,3,2005-06-28
17119,1800117,3,2005-11-17
17119,1227322,1,2005-09-25
17119,1372014,3,2005-04-24
17119,2266083,3,2005-08-23
17119,1784150,1,2005-08-22
17119,301456,5,2005-10-23
17119,503051,4,2005-07-24
17119,1001129,2,2005-07-06
17119,47312,3,2005-06-24
17119,727242,1,2005-08-30
17119,1314869,2,2005-05-02
17119,2100574,1,2005-12-03
17119,2646515,4,2005-04-07
17119,1719610,3,2005-11-09
17119,2270611,4,2005-08-23
17119,2439493,1,2005-06-27
17119,1799009,3,2005-11-23
17119,2455340,3,2005-10-26
17119,1613383,4,2005-12-02
17119,684876,3,2005-11-01
17119,1473980,3,2005-10-04
17119,2304160,4,2005-07-28
17119,1299754,5,2005-11-28
17119,220357,5,2005-11-16
17119,962019,1,2005-11-21
17119,1699215,5,2005-10-22
17119,566628,3,2005-10-27
17119,140157,3,2005-10-06
17119,2550506,3,2005-03-22
17119,731248,4,2005-10-10
17119,2129787,4,2005-06-16
17119,1395127,5,2005-08-02
17119,43991,3,2005-06-26
17119,588285,3,2005-10-31
17119,769048,1,2005-09-09
17119,1664010,3,2005-10-12
17119,507094,3,2005-06-27
17119,2601391,4,2005-07-14
17119,2559036,3,2005-05-05
17119,2297136,1,2005-06-27
17119,1997419,4,2005-07-14
17119,1743212,5,2005-09-26
17119,26517,4,2005-12-06
17119,1009967,5,2005-09-14
17119,1073367,3,2005-11-14
17119,1604357,3,2005-10-10
17119,969826,3,2005-08-02
17119,1501585,3,2005-11-16
17119,685565,5,2005-09-19
17119,592870,5,2005-09-08
17119,182134,3,2005-12-14
17119,2606799,2,2005-07-09
17119,716173,3,2005-08-23
17119,1074020,3,2005-11-28
17119,504620,2,2005-08-08
17119,706087,5,2005-10-27
17119,2115951,5,2005-11-09
17119,305344,1,2005-04-06
17119,2205323,5,2005-04-06
17119,942390,3,2005-11-13
17119,1888060,3,2005-11-22
17119,1403217,1,2005-07-05
17119,2147527,2,2005-11-18
17119,2504803,3,2005-08-24
17119,1861500,1,2005-06-27
17119,2494071,4,2005-11-21
17119,1985404,4,2005-12-20
17119,1819554,5,2005-06-01
17119,1452669,3,2005-10-02
17119,2018894,4,2005-08-25
17119,775609,3,2005-04-07
17119,2056022,2,2005-05-07
17119,79380,1,2005-10-11
17119,2238663,4,2005-10-21
17119,780963,3,2005-11-09
17119,2176465,1,2005-04-06
17119,2638601,1,2005-05-07
17119,580309,5,2005-08-16
17119,1806515,3,2005-08-24
17119,2118461,4,2005-12-17
17119,775519,4,2005-05-25
17119,387418,3,2005-08-06
17119,754724,5,2005-10-04
17119,1100885,3,2005-06-08
17119,893014,2,2005-06-24
17119,1583539,1,2005-10-26
17119,99939,1,2005-10-30
17119,1317124,5,2005-12-26
17119,325811,4,2005-08-04
17119,1461435,1,2005-05-02
17119,1515355,4,2005-05-04
17119,2460347,1,2005-12-19
17119,720376,4,2005-09-18
17119,195091,3,2005-11-16
17119,1112365,2,2005-08-02
17119,1440175,5,2005-11-04
17119,1257454,1,2005-07-05
17119,838776,4,2005-04-18
17119,1261686,5,2005-09-18
17119,1895930,3,2005-09-28
17119,2050793,3,2005-10-03
