10732,364518,3,2004-01-19
10732,1778851,3,2003-07-24
10732,139297,2,2004-02-18
10732,1379923,4,2004-07-24
10732,1907667,4,2005-01-21
10732,146851,4,2005-04-25
10732,1109700,5,2005-05-23
10732,1484465,4,2005-09-28
10732,2587619,2,2002-06-23
10732,984992,4,2004-09-06
10732,290706,5,2004-08-23
10732,603277,3,2001-06-05
10732,2535052,3,2002-11-09
10732,2332210,1,2005-07-16
10732,1650301,2,2005-07-18
10732,76196,4,2002-02-08
10732,1648646,3,2002-04-29
10732,2503887,5,2004-08-18
10732,1240116,5,2004-12-01
10732,2161899,4,2005-03-28
10732,2024226,4,2005-07-26
10732,2260788,2,2005-08-12
10732,2216004,3,2005-08-17
10732,2551641,2,2003-08-01
10732,2026560,3,2004-03-11
10732,2162424,5,2005-04-28
10732,1903518,4,2005-11-21
10732,1363756,4,2003-02-13
10732,294948,3,2005-07-16
10732,665030,3,2003-01-15
10732,2331306,4,2003-06-01
10732,259348,4,2004-04-22
10732,2220846,3,2004-05-15
10732,2125456,2,2004-05-08
10732,864618,3,2005-11-23
10732,175548,3,2001-11-30
10732,1691201,1,2002-07-23
10732,1253958,4,2005-08-18
10732,922922,4,2003-07-10
10732,2145399,3,2005-09-01
10732,2206505,4,2003-09-19
10732,1567240,2,2003-07-31
10732,959577,2,2003-04-11
10732,1860378,2,2004-01-07
10732,2114851,4,2005-04-11
10732,1733733,3,2005-09-09
10732,1183357,2,2005-11-27
10732,1249686,3,2005-12-14
10732,800136,4,2002-02-08
10732,1037313,3,2005-07-19
10732,281851,4,2005-08-13
10732,2649299,5,2004-02-17
10732,2397231,3,2004-08-31
10732,328799,4,2005-10-20
10732,1643901,3,2005-12-02
10732,1911422,3,2005-07-07
10732,1599243,3,2004-08-08
10732,639194,5,2004-07-17
10732,1645535,5,2005-12-16
10732,1684165,4,2005-12-17
10732,1888537,3,2005-12-27
10732,1673185,3,2003-05-04
10732,1229372,3,2003-06-27
10732,1227322,1,2003-07-16
10732,1505900,4,2004-06-07
10732,709091,3,2004-11-09
10732,290215,3,2004-03-20
10732,1232404,3,2004-08-11
10732,1236924,4,2002-07-30
10732,2099899,3,2004-12-01
10732,929308,4,2003-04-30
10732,1154813,1,2005-08-16
10732,2536621,1,2004-09-14
10732,2186853,3,2004-03-09
10732,1588389,3,2004-10-11
10732,786312,3,2004-11-06
10732,779945,3,2005-09-11
10732,2171355,4,2005-07-13
10732,802326,3,2004-01-18
10732,43751,2,2004-02-23
10732,2167645,3,2005-08-18
10732,1189269,5,2005-04-10
10732,530721,4,2002-12-31
10732,2102030,4,2004-04-23
10732,484675,2,2003-05-17
10732,234798,4,2005-01-27
10732,66109,3,2005-06-04
10732,2055064,3,2005-11-15
10732,328364,3,2001-10-26
10732,1292217,4,2003-02-14
10732,1734544,5,2005-08-08
10732,873556,3,2005-08-08
10732,1009622,2,2003-11-06
10732,1318270,3,2005-05-31
10732,31835,4,2005-11-16
10732,436921,3,2005-07-23
10732,2589511,4,2005-07-26
10732,2364018,4,2002-09-01
10732,553128,5,2003-01-07
10732,2104131,4,2004-07-14
10732,244994,4,2005-08-31
10732,1416219,2,2003-10-20
10732,1604702,4,2004-02-08
10732,1191122,5,2004-07-24
10732,1890104,3,2004-04-21
10732,622673,3,2004-11-29
10732,273945,3,2004-12-01
10732,1416836,4,2005-01-05
10732,1784150,5,2005-02-08
10732,319226,4,2005-03-17
10732,297901,4,2004-02-15
10732,1233217,5,2005-03-18
10732,1236810,4,2005-10-02
10732,1294445,3,2005-11-08
10732,2604811,3,2005-11-10
10732,1573507,3,2004-08-05
10732,2467814,5,2005-10-01
10732,1731106,1,2003-06-10
10732,2530252,3,2005-09-02
10732,1746455,4,2005-10-24
10732,1684362,4,2005-07-22
10732,758932,5,2004-05-12
10732,1108304,3,2004-02-02
10732,1298304,3,2003-06-15
10732,2534284,3,2004-11-21
10732,2465236,2,2005-01-07
10732,1615660,3,2005-02-01
10732,1279110,5,2004-08-04
10732,261663,2,2004-01-31
10732,2496628,3,2003-08-22
10732,685783,2,2003-06-24
10732,466135,5,2003-06-08
10732,1610286,3,2004-04-26
10732,1977612,4,2004-07-29
10732,604949,3,2004-09-19
10732,565589,4,2004-12-10
10732,267088,3,2005-01-04
10732,1276355,3,2005-06-11
10732,2598028,2,2005-09-08
10732,2604976,4,2005-12-13
10732,185438,1,2005-07-16
10732,2411010,4,2005-08-04
10732,1338471,4,2005-08-08
10732,1927580,2,2004-02-03
10732,89800,4,2005-09-06
10732,716874,4,2005-12-17
10732,2276836,4,2000-12-09
10732,436122,4,2005-08-07
10732,732363,3,2005-07-22
10732,2162539,4,2003-03-31
10732,1750396,4,2005-08-04
10732,202667,4,2004-06-09
10732,103619,2,2003-09-16
10732,2239984,5,2004-10-17
10732,1906071,2,2004-11-16
10732,400782,3,2005-03-08
10732,2253160,3,2005-10-29
10732,2426379,3,2003-11-30
10732,24294,4,2004-07-15
10732,2527287,4,2004-06-22
10732,830971,3,2005-05-09
10732,1389451,3,2005-09-30
10732,2526173,3,2005-12-23
10732,900455,3,2003-02-17
10732,1961619,5,2005-08-12
10732,581199,4,2003-02-14
10732,876697,5,2004-06-03
10732,1365489,3,2004-05-03
10732,1097275,5,2004-07-15
10732,2611980,4,2004-12-13
10732,462461,4,2005-03-16
10732,2534796,5,2005-05-24
10732,1045893,3,2005-06-14
10732,2370879,3,2005-10-22
10732,2402629,2,2004-07-03
10732,1259776,3,2004-05-28
10732,1802529,5,2004-05-07
10732,478176,3,2004-05-26
10732,474700,4,2004-11-23
10732,1621546,3,2005-02-03
10732,1567202,2,2005-03-20
10732,241772,4,2005-10-29
10732,2198213,1,2005-11-18
10732,1333118,1,2002-06-14
10732,910404,4,2005-08-21
10732,1659478,3,2003-10-08
10732,1882563,1,2005-01-31
10732,1995942,2,2005-12-07
10732,702334,3,2002-09-21
10732,2550838,1,2003-01-13
10732,1750544,2,2003-07-29
10732,2636960,2,2003-12-16
10732,1699240,3,2005-08-03
10732,1145956,2,2005-08-05
10732,2301000,4,2005-08-06
10732,277916,3,2003-10-04
10732,1582794,5,2005-08-15
10732,246693,3,2005-08-16
10732,1788346,1,2003-05-13
10732,1077297,3,2004-01-11
10732,1501028,4,2004-03-11
10732,1097721,2,2004-09-27
10732,1165857,5,2005-01-03
10732,1169855,2,2005-05-21
10732,371923,3,2005-05-31
10732,2402524,4,2005-11-18
10732,2035299,2,2005-07-19
10732,1244978,5,2005-08-03
10732,394918,3,2003-02-14
10732,1204600,4,2004-06-18
10732,299464,4,2003-02-14
10732,284143,3,2005-04-27
10732,1103080,3,2005-06-17
10732,672643,5,2005-07-14
10732,562974,1,2005-07-20
10732,1030128,2,2005-08-13
10732,1575462,3,2003-08-04
10732,7921,5,2005-08-23
10732,2372494,3,2004-02-06
10732,415672,4,2004-06-01
10732,1314869,3,2004-04-13
10732,864172,2,2005-07-06
10732,1036991,2,2005-07-12
10732,1317589,2,2004-01-14
10732,574499,4,2004-06-16
10732,2588107,2,2005-05-17
10732,809185,4,2005-10-24
10732,777750,3,2005-08-07
10732,1212329,4,2005-08-12
10732,636262,1,2005-08-22
10732,1880844,4,2005-02-10
10732,2425967,4,2005-04-27
10732,1908261,4,2005-07-09
10732,2237185,3,2002-11-15
10732,1475986,2,2005-02-18
10732,687445,5,2005-08-08
10732,1081292,3,2003-06-01
10732,1166912,2,2003-05-23
10732,974823,4,2005-01-31
10732,1234830,4,2005-09-22
10732,1592631,4,2003-04-13
10732,1696241,2,2002-05-14
10732,1307498,3,2005-08-07
10732,951420,3,2003-12-01
10732,2002671,3,2003-01-27
10732,1440666,3,2005-08-25
10732,2062350,5,2003-06-21
10732,1021226,2,2004-02-13
10732,1903551,4,2005-01-24
10732,544532,4,2005-03-25
10732,2420458,2,2005-04-28
10732,1155747,3,2005-07-16
10732,423607,4,2004-04-28
10732,765129,4,2003-04-29
10732,2550108,3,2004-08-30
10732,1146717,4,2004-10-08
10732,330279,4,2005-01-27
10732,1373848,4,2005-01-28
10732,2074594,3,2005-04-13
10732,1316822,4,2005-11-21
10732,2439493,1,2003-01-14
10732,880283,4,2005-08-09
10732,1068821,4,2005-09-04
10732,180858,4,2004-01-18
10732,740844,4,2004-04-26
10732,2098310,3,2004-03-10
10732,2291127,4,2005-01-26
10732,530789,5,2005-11-03
10732,2558619,1,2005-11-18
10732,2258287,4,2005-12-06
10732,65197,5,2000-03-21
10732,2267431,3,2003-03-31
10732,1669517,2,2002-08-06
10732,1298147,3,2005-08-01
10732,439675,4,2005-09-03
10732,2583311,4,2004-06-28
10732,989932,4,2005-06-09
10732,2058194,4,2005-07-12
10732,767862,2,2005-07-14
10732,865913,1,2002-07-11
10732,20217,3,2003-02-14
10732,1306528,4,2005-08-14
10732,951992,4,2003-06-04
10732,550813,3,2004-05-03
10732,1724936,3,2004-04-09
10732,186435,4,2004-04-22
10732,556006,3,2004-11-18
10732,666131,4,2005-02-22
10732,2033466,3,2005-03-23
10732,147386,4,2005-04-22
10732,859673,2,2005-08-15
10732,2336531,4,2005-08-22
10732,244066,4,2004-03-10
10732,1418520,3,2004-09-09
10732,2442531,3,2004-08-09
10732,328674,3,2005-11-06
10732,2549238,2,2005-07-11
10732,1545709,4,2002-03-19
10732,1803100,3,2005-07-25
10732,258894,2,2005-08-19
10732,2256454,3,2004-08-17
10732,856578,5,2004-01-19
10732,72541,2,2004-05-10
10732,2442283,4,2004-08-14
10732,238740,3,2004-09-10
10732,1551945,4,2005-10-03
10732,354023,3,2005-07-12
10732,2429814,5,2000-09-29
10732,1718022,3,2005-07-17
10732,710565,4,2004-02-02
10732,2546942,4,2003-04-03
10732,8135,5,2005-09-01
10732,1041555,4,2005-03-22
10732,900245,2,2005-05-02
10732,1771397,4,2005-11-23
10732,817339,4,2004-04-09
10732,1183174,3,2004-12-16
10732,927786,4,2005-05-18
10732,2023883,4,2005-05-30
10732,10230,4,2005-07-11
10732,1918704,5,2004-07-10
10732,524295,3,2005-08-14
10732,592734,4,2004-04-30
10732,823385,4,2004-02-02
10732,415641,3,2004-09-21
10732,2295304,4,2004-11-16
10732,469045,4,2005-03-29
10732,1011825,4,2005-11-28
10732,760837,2,2003-12-29
10732,250509,4,2002-08-22
10732,1992962,4,2005-08-07
10732,1300687,3,2005-08-09
10732,976165,2,2005-08-30
10732,2091461,4,2004-05-03
10732,2636378,4,2004-08-06
10732,2260739,3,2004-08-19
10732,2155681,3,2005-01-25
10732,2412961,3,2005-01-29
10732,1383737,1,2005-02-14
10732,1928290,2,2005-04-13
10732,1885054,3,2003-12-19
10732,2622042,2,2003-06-26
10732,1479653,3,2003-04-03
10732,342343,3,2004-02-21
10732,1473980,3,2005-09-02
10732,1149883,3,2005-11-08
10732,1607747,5,2004-05-10
10732,1144139,4,2002-08-02
10732,1771252,2,2003-12-03
10732,2588510,4,2003-02-13
10732,2264426,5,2004-02-16
10732,598699,4,2004-02-20
10732,1119094,4,2005-01-19
10732,2420143,3,2005-04-18
10732,1244273,3,2005-04-21
10732,128882,4,2005-06-18
10732,707434,4,2003-08-18
10732,514829,3,2002-07-24
10732,441246,4,2002-11-24
10732,2503103,4,2003-12-30
10732,2488901,5,2004-11-18
10732,886615,3,2005-04-05
10732,1079964,3,2005-05-10
10732,1054140,3,2005-09-13
10732,2228011,3,2005-10-14
10732,2357964,3,2005-09-01
10732,2559773,3,2005-09-09
10732,2231292,5,2004-04-10
10732,2055615,3,2005-05-21
10732,1283381,3,2005-09-18
10732,1637718,4,2005-08-11
10732,30245,3,2003-11-09
10732,1203383,2,2004-05-04
10732,716815,3,2004-01-15
10732,2127716,5,2004-09-19
10732,712865,3,2004-11-08
10732,688455,4,2005-07-12
10732,1960129,4,2005-07-26
10732,2208519,3,2003-01-25
10732,431487,4,2005-07-28
10732,781610,3,2004-09-14
10732,2128219,2,2004-05-21
10732,777849,3,2005-05-29
10732,1092189,4,2005-10-03
10732,2621150,2,2003-06-17
10732,2135424,3,2002-06-04
10732,1496095,2,2005-08-16
10732,1092521,3,2005-02-15
10732,1270238,3,2005-04-04
10732,920023,5,2005-04-28
10732,829528,4,2005-06-03
10732,2292140,4,2005-06-09
10732,1111556,3,2005-06-10
10732,2227629,4,2005-10-27
10732,610915,4,2005-12-17
10732,70483,4,2002-08-18
10732,1951741,3,2002-09-12
10732,1903324,1,2004-01-28
10732,1222393,5,2003-12-28
10732,621553,4,2004-03-29
10732,800683,4,2004-03-27
10732,1503748,2,2005-07-01
10732,1147641,1,2003-02-15
10732,818752,3,2004-07-20
10732,645873,4,2004-05-20
10732,598582,3,2005-01-19
10732,39242,3,2005-01-26
10732,1125150,4,2005-12-18
10732,973981,3,2003-10-28
10732,2198070,3,2004-02-09
10732,1551980,5,2004-08-05
10732,1574840,3,2005-12-20
10732,566017,3,2005-07-08
10732,2542777,2,2003-03-09
10732,1185731,5,2003-07-21
10732,1643995,4,2003-12-16
10732,1571988,4,2004-12-22
10732,2197982,3,2005-01-06
10732,2084710,4,2005-09-21
10732,930456,3,2005-10-30
10732,617031,3,2005-07-11
10732,1161256,4,2003-02-14
10732,2095697,3,2005-07-30
10732,1339481,3,2003-08-05
10732,1919269,3,2003-07-27
10732,2457095,3,2004-07-20
10732,277837,1,2005-02-01
10732,2288257,3,2005-02-09
10732,1315827,4,2005-12-21
10732,1284636,4,2000-04-18
10732,1262867,2,2001-03-17
10732,1809161,3,2004-04-14
10732,1466302,2,2004-02-15
10732,1936110,3,2003-04-01
10732,2045883,1,2004-03-24
10732,102487,4,2005-09-09
10732,2390968,3,2005-07-07
10732,1504494,4,2002-08-11
10732,1585767,4,2005-07-29
10732,1611056,2,2005-04-16
10732,526466,4,2005-05-07
10732,364618,4,2005-07-17
10732,2011258,3,2003-04-25
10732,1080272,3,2005-07-28
10732,1880009,4,2002-12-27
10732,835265,2,2004-08-16
10732,1841369,3,2005-09-14
10732,17587,4,2004-09-02
10732,26756,4,2004-12-30
10732,1497505,3,2005-02-06
10732,1036350,3,2005-12-24
10732,1215094,4,2004-12-16
10732,760481,2,2004-12-22
10732,1127396,5,2005-05-22
10732,2283366,3,2005-07-08
10732,149106,4,2002-12-28
10732,2019936,3,2003-06-17
10732,555688,4,2004-05-15
10732,1671330,3,2005-01-30
10732,2361135,2,2005-03-01
10732,1916870,3,2002-06-16
10732,206243,3,2003-08-18
10732,2441155,3,2004-01-15
10732,2025184,3,2004-10-06
10732,952582,3,2004-10-25
10732,1500112,5,2005-09-26
10732,2283320,4,2005-12-08
10732,675616,2,2002-01-05
10732,1078630,2,2005-07-13
10732,2394906,4,2005-07-29
10732,2055957,2,2005-07-31
10732,1268483,3,2005-08-03
10732,130451,1,2004-01-19
10732,1330346,5,2005-10-09
10732,501420,3,2005-11-30
10732,998502,2,2003-01-14
10732,1144950,3,2003-10-12
10732,1558294,5,2003-11-13
10732,10832,4,2004-08-10
10732,1564095,3,2005-02-10
10732,276468,2,2005-09-27
10732,507603,1,2005-07-23
10732,57047,3,2005-08-07
10732,2274507,4,2004-01-18
10732,1363663,2,2003-08-26
10732,52352,3,2004-03-03
10732,2274452,3,2005-01-19
10732,1146632,5,2005-01-24
10732,918656,4,2005-03-28
10732,1172980,5,2005-04-28
10732,1379305,3,2004-03-28
10732,132700,2,2005-09-08
10732,265156,4,2004-04-11
10732,1794738,4,2005-11-14
10732,486172,3,2004-01-18
10732,934389,3,2005-07-28
10732,824490,4,2002-12-28
10732,2384846,5,2004-08-27
10732,394442,5,2005-01-26
10732,243871,3,2005-02-18
10732,936093,3,2000-01-26
10732,1914553,5,2005-07-16
10732,1834839,2,2002-10-08
10732,416443,3,2004-02-19
10732,584437,2,2003-04-30
10732,2276349,3,2003-04-24
10732,139638,4,2005-08-21
10732,166980,3,2004-12-17
10732,1935937,2,2005-11-03
10732,756359,4,2005-07-13
10732,2252455,3,2001-11-12
10732,2199413,3,2003-05-18
10732,746150,3,2005-08-08
10732,447349,4,2003-06-22
10732,793892,4,2004-07-30
10732,1715879,2,2004-10-16
10732,363777,4,2004-01-13
10732,2083367,4,2002-10-24
10732,763193,2,2004-07-11
10732,2260832,3,2004-06-26
10732,2012052,3,2004-12-04
10732,466763,4,2004-04-11
10732,1969285,5,2004-11-11
10732,322009,4,2005-06-29
10732,814860,3,2000-02-03
10732,874451,3,2005-07-25
10732,2374004,5,2005-08-04
10732,1222167,3,2003-01-15
10732,480094,2,2003-06-18
10732,855349,4,2005-05-16
10732,1846681,2,2005-08-14
10732,731592,4,2004-01-01
10732,487140,4,2003-12-15
10732,855852,4,2004-01-10
10732,1521774,3,2004-02-08
10732,2356988,4,2004-11-30
10732,2606130,3,2005-09-19
10732,2141105,3,2005-07-05
10732,469862,5,2005-09-13
10732,2299517,4,2005-07-15
10732,419691,4,2005-07-16
10732,1905723,3,2005-07-21
10732,1272168,4,2004-08-19
10732,973313,3,2002-07-18
10732,274191,3,2003-06-06
10732,1689083,4,2004-01-20
10732,1877483,4,2004-08-23
10732,1129880,2,2005-09-19
10732,39297,2,2005-10-14
10732,1478134,5,2004-11-29
10732,1802288,3,2005-01-19
10732,1948594,3,2005-03-23
10732,1467218,4,2005-05-05
10732,1522205,4,2005-05-13
10732,510834,4,2005-05-21
10732,1679359,3,2005-07-02
10732,1217497,2,2003-03-05
10732,886998,4,2004-03-11
10732,2223821,3,2004-04-25
10732,1684416,2,2005-05-30
10732,1664010,5,2005-10-12
10732,1430784,5,2005-10-17
10732,1902838,4,2000-05-05
10732,393650,4,2005-07-12
10732,360260,5,2005-07-21
10732,563909,3,2003-10-17
10732,1096430,2,2005-05-10
10732,2276333,3,2005-09-19
10732,1416204,4,2005-07-11
10732,1959929,1,2003-04-01
10732,49890,5,2004-06-04
10732,89248,4,2005-03-28
10732,2189638,2,2005-09-20
10732,1049315,5,2005-08-03
10732,1103812,3,2005-01-25
10732,2334283,3,2005-07-23
10732,502758,3,2002-12-30
10732,1419286,4,2004-08-13
10732,499257,3,2004-09-14
10732,32885,3,2005-04-06
10732,383858,4,2003-08-13
10732,74480,2,2005-05-02
10732,1673594,2,2005-12-31
10732,101807,3,2003-01-03
10732,2149005,4,2003-03-07
10732,1901723,3,2005-08-09
10732,1006156,3,2004-04-11
10732,2535238,3,2004-05-19
10732,2387672,5,2005-07-16
10732,2343385,3,2005-07-18
10732,455334,4,2003-10-30
10732,1060699,3,2003-02-12
10732,594196,4,2004-03-08
10732,1730699,4,2003-12-18
10732,962631,4,2004-01-17
10732,1425274,3,2004-06-08
10732,121486,4,2004-10-05
10732,876083,3,2004-10-20
10732,1423668,3,2005-02-24
10732,1654930,3,2002-10-15
10732,861532,4,2004-07-03
10732,978983,4,2005-08-10
10732,88243,4,2005-06-20
10732,1529508,4,2005-11-08
10732,1077173,3,2003-02-14
10732,919160,3,2003-11-13
10732,1558286,3,2004-01-26
10732,2042548,3,2004-05-17
10732,2152856,3,2004-06-19
10732,1876896,3,2005-09-05
10732,25049,2,2005-01-31
10732,1460776,3,2005-03-04
10732,813213,3,2005-04-01
10732,2256731,3,2005-05-10
10732,1474408,4,2005-07-14
10732,2418540,4,2005-07-22
10732,286684,3,2002-09-10
10732,977681,4,2005-07-27
10732,1784723,2,2003-08-05
10732,1958144,4,2004-03-15
10732,2514777,3,2004-07-13
10732,2624159,5,2004-07-15
10732,822773,4,2005-06-03
10732,1895929,2,2001-04-03
10732,1543608,4,2004-08-03
10732,862040,3,2004-05-24
10732,879912,3,2003-12-23
10732,1144887,3,2004-05-17
10732,578493,4,2004-08-06
10732,1807113,3,2005-07-27
10732,679429,5,2005-07-31
10732,1415532,5,2004-11-10
10732,865284,2,2004-12-24
10732,78224,4,2005-02-21
10732,1467955,3,2005-04-28
10732,2283154,5,2005-09-19
10732,1194467,3,2005-07-09
10732,1702561,4,2001-11-08
10732,2349225,3,2003-01-22
10732,1190685,3,2004-05-04
10732,2318762,3,2004-07-15
10732,1236929,3,2004-11-05
10732,504440,2,2005-10-20
10732,628554,4,2005-07-19
10732,600267,4,2003-12-24
10732,1949012,4,2003-10-13
10732,250374,5,2004-09-04
10732,1428452,3,2005-02-12
10732,2293836,2,2005-06-27
10732,1755534,4,2005-07-20
10732,313694,3,2004-05-23
10732,1495851,5,2004-05-06
10732,2211440,3,2004-10-01
10732,1935793,3,2005-01-25
10732,447707,4,2005-03-17
10732,307975,3,2005-04-14
10732,450731,3,2005-10-15
10732,1626390,4,2005-07-21
10732,1037924,3,2002-08-02
10732,259581,4,2003-08-15
10732,866383,1,2005-08-24
10732,2296531,4,2003-10-11
10732,730674,4,2005-02-28
10732,829075,3,2005-10-25
10732,71594,3,2000-04-13
10732,1816884,4,2004-04-20
10732,1731259,3,2003-03-18
10732,442276,4,2003-08-01
10732,175859,5,2003-11-24
10732,1712791,3,2005-05-13
10732,294118,3,2005-10-11
10732,1002943,2,2005-10-19
10732,2601377,2,2003-01-24
10732,166041,3,2005-07-30
10732,1001461,3,2003-12-08
10732,1666483,2,2004-05-01
10732,1348556,3,2005-01-19
10732,2628322,2,2005-01-25
10732,2455393,3,2005-02-17
10732,762835,3,2004-06-10
10732,2505509,1,2005-10-07
10732,2634074,3,2000-12-11
10732,1637817,3,2003-03-25
10732,1567828,5,2005-07-26
10732,2636478,4,2004-05-11
10732,1794523,3,2005-08-11
10732,457411,4,2003-02-13
10732,2554942,3,2005-06-11
10732,1601857,3,2003-06-03
10732,561217,4,2005-09-16
10732,293048,3,2005-10-03
10732,112349,4,2005-11-03
10732,2356911,3,2003-04-02
10732,1481694,3,2005-05-14
10732,576723,3,2004-04-14
10732,1048629,3,2003-02-13
10732,1895259,3,2004-07-12
10732,871348,2,2004-05-24
10732,407877,3,2004-12-01
10732,354983,4,2004-08-16
10732,351141,4,2005-07-10
10732,1995860,3,2001-04-04
10732,2387631,4,2001-05-24
10732,1194911,4,2002-12-20
10732,2534061,2,2003-05-28
10732,1344672,3,2005-08-08
10732,2286322,4,2004-04-26
10732,438340,3,2004-04-09
10732,1816155,5,2004-09-15
10732,983523,4,2005-01-19
10732,237405,2,2005-02-09
10732,430983,3,2005-04-16
10732,2464456,4,2005-05-18
10732,2209351,4,2005-11-07
10732,2013584,3,2005-12-07
10732,2519299,3,2004-03-11
10732,1317671,3,2004-10-12
10732,2284890,2,2005-05-02
10732,2210867,2,2005-06-02
10732,2072811,4,2005-11-09
10732,111002,3,2003-10-14
10732,1133611,3,2003-08-17
10732,1916555,5,2003-06-25
10732,1617784,3,2005-04-27
10732,2300261,2,2005-10-07
10732,422524,4,2005-11-06
10732,574834,2,2005-07-19
10732,2601566,2,2005-08-14
10732,1801164,4,2003-04-29
10732,320856,3,2005-01-19
10732,778092,5,2005-06-09
10732,84223,3,2005-09-12
10732,445423,1,2004-02-05
10732,2126168,3,2002-11-17
10732,1557557,3,2005-04-08
10732,745651,3,2005-05-09
10732,212862,2,2005-05-28
10732,2299661,4,2005-07-12
10732,1377637,4,2005-07-27
10732,1190512,2,2002-10-30
10732,1984315,3,2005-10-05
10732,1146000,3,2002-11-17
10732,1464859,5,2004-12-28
10732,2150812,5,2005-01-25
10732,2129820,5,2005-02-25
10732,1241640,4,2005-11-29
10732,2369337,2,2003-08-01
10732,2355194,4,2005-08-29
10732,2375962,2,2004-04-27
10732,647979,2,2005-02-03
10732,1811835,4,2005-02-07
10732,198698,4,2005-03-10
10732,2102846,3,2005-09-18
10732,1823645,3,2004-04-22
10732,759737,1,2005-08-07
10732,149297,3,2003-05-21
10732,1185325,4,2004-09-28
10732,716173,5,2005-01-19
10732,971555,4,2005-02-22
10732,769109,4,2005-12-19
10732,405205,4,2005-07-05
10732,138106,4,2004-01-24
10732,967913,3,2005-08-15
10732,392077,4,2003-08-14
10732,491513,4,2004-08-31
10732,94191,4,2004-11-23
10732,331278,5,2005-02-09
10732,1299887,4,2005-03-15
10732,1300036,3,2005-09-26
10732,2539738,4,2005-07-12
10732,789014,1,2002-11-20
10732,345725,3,2004-02-23
10732,2295594,3,2005-08-11
10732,24801,3,2005-08-19
10732,1132605,3,2004-02-03
10732,1077259,2,2005-04-11
10732,682963,4,2005-06-20
10732,1840900,3,2005-07-02
10732,545026,2,2005-12-24
10732,369978,2,2005-07-28
10732,16272,3,2002-09-18
10732,1937311,3,2003-12-06
10732,1504229,4,2004-04-13
10732,1417763,5,2005-10-17
10732,797227,2,2005-11-27
10732,1104676,3,2003-03-27
10732,1731009,2,2005-07-09
10732,521074,4,2005-07-21
10732,1835473,3,2002-11-12
10732,894205,5,2005-04-27
10732,1527025,5,2005-12-22
10732,319611,4,2005-07-18
10732,600141,3,2004-01-21
10732,1351421,4,2004-08-13
10732,1822277,1,2004-07-24
10732,1184071,5,2004-07-26
10732,2635339,4,2005-02-23
10732,1271816,3,2005-04-02
10732,936113,4,2005-05-28
10732,594494,3,2003-12-16
10732,1602174,3,2003-12-16
10732,393945,1,2004-02-10
10732,1494683,2,2004-06-01
10732,70122,3,2004-06-03
10732,371349,2,2005-12-13
10732,334643,3,2003-03-28
10732,1475063,1,2003-03-04
10732,406748,3,2004-06-26
10732,119029,3,2005-03-23
10732,1455293,3,2005-11-07
10732,990533,3,2005-07-06
10732,749782,3,2005-08-16
10732,1847492,3,2004-02-11
10732,1627955,2,2004-06-08
10732,2415052,3,2005-11-02
10732,964436,4,2005-07-11
10732,1798599,4,2003-10-27
10732,827526,4,2004-05-12
10732,2130756,3,2005-07-22
10732,1294471,3,2003-06-05
10732,1534677,3,2005-01-23
10732,198559,3,2005-03-07
10732,2115145,3,2003-06-06
10732,305344,2,2003-03-29
10732,842431,3,2003-05-06
10732,307659,3,2003-10-23
10732,195673,2,2004-02-10
10732,1486047,3,2005-04-05
10732,986015,3,2005-07-02
10732,1279398,3,2005-07-15
10732,1834021,3,2003-11-23
10732,2360906,4,2003-04-07
10732,978313,2,2005-01-26
10732,1190779,4,2005-04-19
10732,672801,2,2004-02-04
10732,1933952,3,2005-08-07
10732,117655,4,2005-08-12
10732,2099446,3,2005-08-15
10732,2042985,3,2003-11-24
10732,574007,3,2005-06-24
10732,1867548,3,2003-12-26
10732,1851609,5,2004-01-08
10732,969362,1,2005-09-29
10732,1085967,1,2005-10-07
10732,788067,1,2004-08-27
10732,689488,3,2004-07-24
10732,741809,4,2004-07-01
10732,74441,4,2001-06-08
10732,575152,4,2003-03-20
10732,809740,3,2003-07-22
10732,1811262,4,2004-06-20
10732,866419,1,2005-01-19
10732,1763740,2,2005-05-09
10732,1165740,3,2005-07-08
10732,1861500,3,2005-07-20
10732,110726,5,2002-06-18
10732,1538355,4,2002-11-07
10732,2222177,5,2005-08-12
10732,2059696,4,2005-02-02
10732,3458,4,2003-05-31
10732,2295555,4,2004-05-17
10732,1059194,3,2004-09-14
10732,2464081,5,2004-04-20
10732,2442028,2,2004-06-08
10732,2270963,3,2005-01-12
10732,116563,3,2005-03-23
10732,946691,3,2005-04-29
10732,1400154,3,2005-06-14
10732,70050,4,2005-10-03
10732,306569,2,2001-11-19
10732,1808201,4,2005-08-17
10732,2032263,4,2003-12-21
10732,1003672,4,2004-05-05
10732,2446249,4,2005-04-23
10732,825831,3,2005-06-07
10732,84094,3,2005-10-19
10732,10268,3,2002-12-07
10732,780768,4,2005-08-01
10732,534730,3,2003-01-25
10732,887118,4,2005-08-22
10732,1885991,3,2003-10-24
10732,655601,3,2004-11-09
10732,2177140,4,2004-11-29
10732,2312227,3,2003-11-30
10732,218634,4,2005-03-21
10732,1444287,3,2005-05-24
10732,914861,4,2005-06-04
10732,1308691,3,2005-06-16
10732,2013504,4,2005-09-23
10732,339144,3,2005-12-28
10732,2137795,3,2005-07-10
10732,1223912,3,2004-01-08
10732,884294,3,2005-08-25
10732,546195,3,2003-11-07
10732,575490,3,2004-05-02
10732,1299822,5,2004-06-14
10732,1936206,3,2005-09-26
10732,623742,3,2005-11-01
10732,296040,2,2004-06-07
10732,152911,3,2005-04-03
10732,2454680,4,2005-11-19
10732,1638252,5,2002-09-11
10732,902413,4,2004-06-10
10732,159159,2,2004-01-27
10732,1049467,4,2004-10-30
10732,2398969,4,2005-04-05
10732,895123,4,2005-06-18
10732,2043681,3,2002-12-02
10732,2545033,2,2005-08-07
10732,1745870,4,2005-08-21
10732,1675680,3,2004-07-29
10732,1895997,4,2004-06-03
10732,1903337,5,2005-11-13
10732,2554860,3,2005-07-21
10732,746291,2,2003-12-23
10732,600724,3,2005-04-26
10732,2329133,4,2005-10-30
10732,2236896,4,2004-08-20
10732,1020214,3,2004-06-16
10732,2511278,4,2005-01-22
10732,1431356,5,2005-02-26
10732,88511,2,2005-03-14
10732,1538396,2,2005-04-12
10732,1329904,1,2003-01-07
10732,211951,4,2005-08-07
10732,1585125,2,2003-11-22
10732,2598477,3,2004-01-21
10732,402266,2,2004-05-17
10732,137602,3,2004-10-17
10732,1473742,4,2004-11-12
10732,1248263,3,2004-12-03
10732,13528,4,2005-03-15
10732,2633932,4,2005-05-13
10732,1035969,3,2005-05-21
10732,1743315,5,2005-09-04
10732,1689179,1,2005-07-06
10732,490057,3,2001-11-01
10732,752642,2,2001-03-21
10732,1275094,3,2004-12-18
10732,2229666,5,2005-10-24
10732,511899,3,2003-06-10
10732,453217,2,2002-11-01
10732,1096939,1,2003-09-11
10732,834395,3,2005-08-19
10732,1531631,5,2003-07-26
10732,895641,3,2004-06-21
10732,263413,3,2004-07-30
10732,2511464,4,2004-07-29
10732,903296,5,2005-10-01
10732,833271,4,2005-11-25
10732,2481504,3,2005-07-14
10732,1976216,2,2001-03-18
10732,2519865,2,2004-08-12
10732,2114965,3,2004-05-05
10732,889674,3,2005-08-09
10732,1107588,1,2004-02-22
10732,869553,4,2004-05-13
10732,731988,4,2005-07-13
10732,1244123,3,2004-08-10
10732,403224,1,2003-05-17
10732,110521,2,2003-02-14
10732,2255880,3,2003-06-14
10732,1193144,3,2005-08-19
10732,2325794,2,2005-03-24
10732,2634028,3,2005-05-18
10732,2063478,4,2005-06-01
10732,1849697,4,2005-06-27
10732,2032154,3,2005-10-14
10732,460308,4,2005-07-12
10732,2597973,3,2005-07-12
10732,2404366,3,2001-02-28
10732,1000634,3,2003-12-11
10732,2548434,4,2004-05-11
10732,1159415,3,2005-07-31
10732,170178,3,2002-06-28
10732,1714542,5,2003-08-07
10732,2444052,3,2005-08-29
10732,1526365,4,2004-03-24
10732,2329196,3,2005-02-28
10732,2268420,3,2005-09-26
10732,464504,2,2002-01-31
10732,676659,3,2004-05-14
10732,121182,4,2001-04-16
10732,2439640,4,2003-06-16
10732,624270,4,2003-12-20
10732,1617675,3,2003-09-27
10732,867311,4,2005-11-30
10732,1670876,4,2005-07-09
10732,1091595,5,2004-05-08
10732,2097277,3,2002-11-09
10732,2375033,3,2004-06-08
10732,473748,3,2004-09-20
10732,2499884,3,2005-11-17
10732,325073,3,2001-06-12
10732,1677203,3,2005-07-17
10732,1327900,3,2005-07-26
10732,2064995,3,2003-09-04
10732,2228750,4,2005-08-10
10732,1002780,4,2005-08-16
10732,1436780,3,2005-08-18
10732,1416190,2,2005-06-26
10732,2075165,4,2005-10-22
10732,441361,4,2005-11-12
10732,1483852,4,2005-08-09
10732,140284,4,2003-01-14
10732,1049184,3,2003-07-10
10732,1353454,2,2003-11-08
10732,315205,5,2003-12-06
10732,1091025,1,2004-07-08
10732,1031541,3,2005-10-13
10732,2528749,1,2003-07-28
10732,199023,1,2002-07-19
10732,1751103,3,2004-06-26
10732,1801597,2,2003-12-30
10732,911185,4,2004-05-19
10732,421433,3,2005-09-29
10732,634700,1,2005-10-24
10732,455810,5,2005-11-01
10732,1509285,3,2005-11-06
10732,392442,4,2005-11-16
10732,1625122,1,2005-12-17
10732,733746,3,2005-07-05
10732,466151,4,2005-07-20
10732,824655,3,2005-08-05
10732,163893,5,2003-08-06
10732,1875549,3,2004-07-11
10732,1432044,1,2004-07-28
10732,1711404,2,2005-09-28
10732,1807894,5,2005-10-31
10732,1178330,4,2005-01-26
10732,2268279,4,2005-05-17
10732,2508958,3,2005-06-28
10732,123105,3,2005-07-14
10732,2152465,3,2005-07-20
10732,2588416,3,2005-07-21
10732,2121299,3,2004-05-27
10732,2004345,4,2003-06-02
10732,1058754,3,2005-08-15
10732,828344,3,2003-12-19
10732,758133,4,2004-01-21
10732,2220732,1,2003-12-29
10732,761430,5,2004-10-30
10732,1866323,3,2005-05-25
10732,415219,3,2004-01-29
10732,1395688,3,2002-07-17
10732,1706873,4,2003-07-30
10732,2143764,3,2005-01-19
10732,2118461,4,2005-09-15
10732,2162866,4,2005-10-18
10732,2157060,5,2004-09-19
10732,1009800,5,2005-01-11
10732,1072585,3,2005-10-10
10732,1018632,4,2005-12-10
10732,168523,2,2003-10-13
10732,1100373,2,2002-12-06
10732,873788,4,2004-06-09
10732,2290244,3,2004-03-22
10732,2061495,3,2005-03-29
10732,1337699,3,2005-11-13
10732,741248,4,2005-12-04
10732,341330,3,2000-09-15
10732,387418,1,2003-08-01
10732,754161,5,2005-06-21
10732,1400549,1,2005-11-29
10732,896292,3,2005-07-28
10732,324326,3,2005-08-05
10732,21760,3,2005-08-23
10732,966016,3,2003-08-26
10732,1501998,3,2003-07-25
10732,398239,3,2004-04-12
10732,1436486,2,2003-09-18
10732,963663,3,2004-05-02
10732,2416775,3,2004-06-19
10732,2257189,2,2005-04-13
10732,1310425,4,2005-09-15
10732,803605,3,2003-01-11
10732,1029163,2,2002-10-24
10732,1141463,3,2005-08-01
10732,2034807,4,2004-10-01
10732,2643855,3,2005-01-05
10732,295520,3,2005-03-07
10732,2233293,4,2005-03-24
10732,1046893,3,2005-10-01
10732,1908728,5,2004-06-09
10732,2347632,3,2005-08-11
10732,1288744,3,2004-01-20
10732,97611,5,2005-12-01
10732,525945,1,2000-06-24
10732,2402139,2,2005-07-14
10732,1876574,4,2004-01-20
10732,1523326,2,2003-05-07
10732,71005,3,2005-08-04
10732,335348,3,2005-08-21
10732,2214251,3,2004-04-21
10732,2040484,3,2004-04-26
10732,167763,3,2004-07-15
10732,121229,3,2004-12-16
10732,336351,5,2005-03-01
10732,1466484,3,2005-09-08
10732,1444903,3,2005-07-07
10732,492291,4,2005-07-20
10732,2610420,3,2003-10-06
10732,785992,4,2004-05-11
10732,2303683,4,2004-03-07
10732,16273,4,2004-04-12
10732,1822180,4,2003-05-07
10732,794999,5,2004-06-22
10732,2054421,3,2004-11-12
10732,459443,3,2005-10-19
10732,2153721,4,2001-07-12
10732,2290738,1,2003-06-16
10732,475431,4,2003-02-28
10732,2581394,3,2005-08-09
10732,1061195,4,2004-01-28
10732,1939583,4,2004-07-14
10732,2064290,1,2004-10-28
10732,1086544,4,2005-05-28
10732,83942,3,2005-06-01
10732,15425,3,2005-06-24
10732,1992918,4,2005-09-24
10732,700490,3,2005-09-26
10732,1645904,4,2005-11-14
10732,1783814,2,2005-12-06
10732,791665,3,2001-06-03
10732,824157,3,2003-12-14
10732,687532,3,2002-08-21
10732,1028541,3,2002-03-08
10732,2490848,3,2002-08-09
10732,1956197,4,2003-09-29
10732,1663694,1,2004-01-31
10732,1663888,4,2004-09-27
10732,708630,3,2003-06-14
10732,2556412,3,2004-05-18
10732,2279574,3,2004-02-02
10732,1148736,3,2003-12-17
10732,1041084,5,2004-04-20
10732,116140,3,2004-02-02
10732,2643193,3,2004-07-27
10732,2350588,4,2004-08-11
10732,1257336,1,2004-11-30
10732,1228929,2,2005-05-04
10732,1834097,4,2005-09-18
10732,1461435,2,2002-03-07
10732,2458826,5,2005-07-24
10732,364238,4,2005-08-03
10732,1519692,3,2003-06-23
10732,2050717,4,2003-12-15
10732,779485,4,2005-04-21
10732,2041854,5,2005-05-09
10732,169251,4,2005-06-02
10732,2365398,5,2005-10-25
10732,2438449,4,2005-11-01
10732,541796,1,2005-07-08
10732,1602153,4,2005-07-11
10732,947104,4,2000-07-20
10732,2084600,3,2005-07-14
10732,576751,4,2003-07-25
10732,217478,3,2004-07-10
10732,290874,4,2004-03-08
10732,283384,4,2004-10-11
10732,1902897,3,2002-12-15
10732,2357186,3,2005-07-28
10732,2170206,2,2003-04-04
10732,614965,4,2003-03-29
10732,935922,4,2004-08-26
10732,1074304,3,2004-11-29
10732,1307723,2,2005-01-29
10732,1037245,3,2005-12-23
10732,1173289,3,2003-01-21
10732,1872980,4,2005-07-29
10732,1334401,3,2003-03-29
10732,457891,4,2004-06-11
10732,2291170,4,2003-02-14
10732,2325487,4,2004-02-03
10732,1995497,3,2004-08-12
10732,2613654,4,2005-01-01
10732,313540,3,2005-01-02
10732,656999,4,2005-06-03
10732,1564033,3,2005-11-24
10732,1791001,2,2003-09-15
10732,2102931,3,2005-07-29
10732,541557,3,2004-08-09
10732,749319,2,2002-10-09
10732,2034632,5,2003-11-24
10732,650826,3,2005-11-12
10732,1639792,1,2002-10-16
10732,1233297,3,2002-07-30
10732,101554,4,2004-04-07
10732,1318289,4,2004-02-13
10732,1281882,2,2004-04-25
10732,1668323,5,2004-11-16
10732,222128,4,2005-04-18
10732,2339135,3,2005-07-12
10732,57633,2,2002-11-11
10732,2027131,3,2002-10-23
10732,696400,1,2004-01-21
10732,2338809,2,2003-01-16
10732,2055388,4,2005-05-10
10732,327805,3,2005-05-23
10732,1052463,5,2005-10-13
10732,998236,4,2005-07-18
10732,1000489,3,2004-05-12
10732,709905,3,2002-12-01
10732,1538310,4,2003-12-23
10732,2577882,3,2003-09-05
10732,918735,4,2005-09-02
10732,570410,3,2005-04-02
10732,356403,4,2004-10-28
10732,2143500,3,2004-12-10
10732,751358,3,2005-05-03
10732,613121,4,2005-05-21
10732,734347,3,2005-11-30
10732,1033930,5,2005-07-19
10732,1797765,2,2005-07-24
10732,88805,3,2003-06-19
10732,1475156,4,2003-10-06
10732,1216880,3,2004-06-27
10732,2244916,2,2004-02-01
10732,2526414,3,2004-04-21
10732,2592143,3,2005-04-24
10732,538975,4,2005-04-25
10732,1710282,4,2005-05-06
10732,1475516,5,2003-04-11
10732,2592723,4,2005-07-25
10732,2353534,4,2005-04-06
10732,240748,3,2004-05-10
10732,1997020,3,2003-01-16
10732,146587,2,2002-10-14
10732,219481,3,2004-02-24
10732,923631,3,2004-05-05
10732,361702,4,2005-04-20
10732,683254,3,2002-08-08
10732,823118,4,2005-08-16
10732,59005,2,2003-12-29
10732,1255976,3,2004-04-30
10732,714349,4,2004-07-14
10732,2238060,2,2004-08-17
10732,1891748,4,2005-09-23
10732,2203451,3,2003-01-20
10732,512278,4,2004-06-25
10732,1480807,4,2003-03-29
10732,922263,3,2003-12-26
10732,2029858,1,2003-06-14
10732,1707198,3,2004-04-25
10732,1852040,2,2004-05-13
10732,1790903,4,2004-03-04
10732,910512,3,2005-09-27
10732,2327386,4,2005-10-27
10732,1110479,4,2005-11-07
10732,832536,4,2004-07-06
10732,1190383,4,2002-04-04
10732,42301,3,2005-07-26
10732,1612901,4,2005-08-20
10732,1201294,1,2003-05-27
10732,2497003,5,2005-01-02
10732,1486956,3,2005-03-26
10732,343139,4,2005-06-23
10732,1522321,5,2005-07-19
10732,775020,4,2005-08-14
10732,2341871,2,2005-08-17
10732,629389,3,2005-04-14
10732,1401974,3,2005-10-04
10732,2320697,3,2004-02-06
10732,1044403,4,2005-07-29
10732,2065684,3,2004-02-21
10732,88188,3,2005-08-12
10732,478267,4,2004-09-14
10732,2264469,4,2005-01-03
10732,2306815,3,2004-08-13
10732,2429294,4,2005-07-18
10732,1460463,4,2004-08-18
10732,700848,1,2004-01-15
10732,368581,4,2004-09-06
10732,872716,4,2005-06-27
10732,275551,4,2005-07-01
10732,476359,3,2003-02-14
10732,814168,5,2005-08-01
10732,1685548,4,2002-12-01
10732,433945,3,2005-08-18
10732,753596,3,2004-05-04
10732,1979830,4,2004-09-29
10732,1967891,3,2004-10-26
10732,1076696,4,2005-01-23
10732,1813810,3,2005-04-06
10732,188613,3,2001-11-15
10732,1198962,3,2005-07-20
10732,2484609,1,2004-07-07
10732,1827080,3,2005-07-26
10732,237175,1,2004-05-06
10732,1550216,4,2004-05-25
10732,954742,4,2004-08-16
10732,307669,2,2003-09-30
10732,517188,3,2004-10-18
10732,2306984,4,2005-04-04
10732,699044,2,2005-10-04
10732,1864327,4,2005-11-24
10732,568617,4,2002-06-25
10732,220024,2,2002-12-19
10732,1305981,3,2004-02-14
10732,1066555,4,2005-01-07
10732,1217751,2,2005-01-29
10732,510438,5,2005-03-18
10732,1933317,4,2005-04-06
10732,1115399,4,2005-06-22
10732,454329,3,2005-09-11
10732,1313126,1,2005-09-17
10732,2237717,2,2004-01-06
10732,1772658,4,2004-05-23
10732,452299,4,2004-08-15
10732,1407217,5,2004-11-03
10732,320177,4,2004-11-17
10732,1170765,3,2005-01-31
10732,1274035,2,2005-09-30
10732,1357667,2,2005-11-22
10732,453962,2,2005-12-04
10732,640679,3,2004-03-22
10732,206393,4,2005-08-14
10732,2019369,3,2003-10-29
10732,1259374,4,2004-06-24
10732,1300759,3,2004-09-21
10732,1423566,1,2004-09-24
10732,2142405,4,2005-03-21
10732,2572942,4,2005-10-27
10732,2118159,4,2003-10-17
10732,2373724,1,2005-07-28
10732,600160,2,2003-04-27
10732,2420260,2,2004-02-02
10732,1702037,2,2004-03-26
10732,144265,3,2004-10-15
10732,2051123,2,2005-05-20
