2020,2003092,4,2004-05-29
2020,1332360,3,2004-05-28
2020,862759,5,2004-06-02
2020,2173008,3,2004-10-26
2020,1851273,4,2004-11-11
2020,2366565,4,2005-09-10
2020,892842,5,2004-10-11
2020,771275,4,2005-01-24
2020,2338545,4,2005-03-21
2020,2283972,3,2005-06-02
2020,74317,5,2005-07-05
2020,603277,3,2004-05-20
2020,2625420,2,2004-05-21
2020,1189241,4,2004-06-14
2020,1608110,4,2005-08-25
2020,2535052,4,2005-09-06
2020,1248029,4,2004-07-26
2020,864638,5,2004-09-02
2020,91007,4,2004-07-28
2020,1487209,3,2004-11-19
2020,859350,3,2004-12-01
2020,2648502,4,2004-12-31
2020,1591166,4,2005-01-01
2020,1953178,1,2005-01-31
2020,2179335,5,2005-06-18
2020,1579371,3,2005-06-27
2020,1413031,3,2005-06-29
2020,908205,5,2005-09-30
2020,931005,4,2005-10-21
2020,1369390,4,2005-11-13
2020,318939,4,2005-07-24
2020,158289,4,2005-08-17
2020,129971,5,2004-08-21
2020,772278,5,2004-05-05
2020,2584295,4,2004-09-21
2020,1189863,3,2005-02-02
2020,1626539,3,2005-03-12
2020,2084638,5,2005-06-29
2020,1377173,4,2005-10-29
2020,169413,4,2004-07-07
2020,1984086,5,2004-09-18
2020,1165739,4,2005-01-19
2020,864618,4,2005-11-08
2020,502500,4,2005-11-21
2020,1144568,4,2005-07-16
2020,1998055,4,2004-08-06
2020,2448372,5,2005-09-01
2020,216062,3,2005-02-02
2020,1333,4,2005-04-05
2020,12717,4,2005-06-27
2020,1520226,4,2005-12-01
2020,871687,4,2005-07-12
2020,879131,4,2005-07-18
2020,1523159,3,2005-07-28
2020,499718,4,2005-08-21
2020,1919026,5,2004-05-28
2020,1981282,5,2004-09-24
2020,2622238,5,2005-05-15
2020,2505050,5,2005-10-27
2020,300074,1,2005-07-09
2020,734508,4,2005-08-04
2020,1525381,3,2005-08-05
2020,2223218,4,2005-08-13
2020,290142,4,2004-06-02
2020,303948,4,2004-09-13
2020,2400021,5,2004-06-10
2020,2600558,5,2004-11-09
2020,1586446,3,2004-11-15
2020,1998745,5,2005-01-31
2020,2317930,5,2005-03-22
2020,549534,4,2005-05-14
2020,337560,4,2005-11-07
2020,1951313,4,2005-07-27
2020,491331,2,2005-09-04
2020,1221336,4,2004-11-24
2020,1830601,5,2005-01-19
2020,453081,5,2005-06-01
2020,1253718,4,2005-09-21
2020,2301221,5,2005-11-07
2020,2602249,3,2004-08-08
2020,2580512,5,2004-10-26
2020,1130717,1,2005-06-09
2020,826942,5,2005-11-15
2020,2076359,5,2005-08-13
2020,1220170,4,2004-08-06
2020,1343229,5,2004-12-10
2020,1277457,3,2005-05-22
2020,447853,4,2005-08-29
2020,929308,3,2004-09-23
2020,2054068,5,2004-10-18
2020,786312,3,2004-11-16
2020,1045339,4,2004-11-17
2020,2213289,4,2004-11-22
2020,1197233,1,2005-02-17
2020,1432992,4,2005-06-25
2020,1733611,5,2005-07-01
2020,595047,5,2005-09-19
2020,1823259,4,2005-09-20
2020,1295097,3,2005-11-30
2020,1466320,4,2005-07-06
2020,902158,4,2004-08-16
2020,2301393,3,2005-08-03
2020,1313694,4,2005-08-22
2020,2135872,2,2005-09-10
2020,1179117,3,2005-01-20
2020,786554,5,2005-03-02
2020,1956231,4,2005-04-15
2020,2067044,5,2005-05-28
2020,1683214,5,2005-09-20
2020,346689,5,2005-10-04
2020,525356,3,2004-07-11
2020,65841,3,2005-07-31
2020,292203,5,2005-08-02
2020,1683601,5,2005-08-11
2020,484675,4,2004-05-10
2020,1002367,4,2004-08-16
2020,1284991,3,2004-05-31
2020,2226584,5,2005-02-01
2020,774681,5,2005-05-31
2020,637473,3,2005-11-09
2020,1009622,3,2004-07-20
2020,2150718,4,2005-02-15
2020,886459,4,2005-02-21
2020,621354,4,2005-03-01
2020,642090,5,2005-10-01
2020,2059967,4,2005-11-17
2020,1035100,4,2005-09-08
2020,2097103,4,2004-11-18
2020,286106,1,2005-01-19
2020,1390264,5,2005-06-23
2020,2387214,5,2005-09-10
2020,2092076,1,2005-10-12
2020,1891024,3,2005-07-05
2020,2207643,4,2004-06-22
2020,1628934,4,2004-08-06
2020,885087,5,2004-07-06
2020,2359960,5,2004-07-20
2020,1542044,5,2004-11-28
2020,2227287,4,2005-01-20
2020,1282332,4,2005-10-10
2020,83879,5,2005-11-07
2020,99737,4,2005-12-09
2020,832253,3,2005-12-29
2020,1224848,4,2004-11-02
2020,1486470,4,2005-06-08
2020,513509,5,2005-07-04
2020,26252,3,2005-07-07
2020,1104894,2,2005-08-02
2020,226326,4,2005-08-16
2020,1471285,4,2004-06-28
2020,1630531,5,2005-03-02
2020,1366347,4,2005-05-24
2020,2120060,5,2005-10-21
2020,275194,4,2005-12-22
2020,1684362,5,2005-07-22
2020,285031,3,2004-08-11
2020,1423956,3,2005-08-23
2020,1820960,4,2005-08-24
2020,493082,4,2004-06-02
2020,1001129,3,2004-10-08
2020,1552183,4,2004-12-27
2020,2465236,4,2005-01-07
2020,1284863,5,2005-01-27
2020,378491,5,2005-02-09
2020,1810074,5,2005-07-01
2020,447930,5,2005-09-29
2020,1485615,4,2005-11-03
2020,189143,4,2005-12-03
2020,2112780,4,2005-08-23
2020,9885,4,2004-08-12
2020,1704384,5,2005-01-13
2020,1532365,4,2005-01-25
2020,940583,2,2005-02-05
2020,372140,4,2005-03-17
2020,2472839,3,2005-05-15
2020,1265053,5,2005-06-18
2020,2556722,5,2005-06-24
2020,1977612,3,2005-07-01
2020,1855092,4,2005-09-08
2020,1165490,3,2004-08-10
2020,54221,4,2005-07-21
2020,172588,5,2005-08-01
2020,376121,5,2005-08-22
2020,1919714,5,2004-07-10
2020,1927580,3,2004-08-17
2020,915532,5,2004-10-29
2020,2138757,4,2005-06-06
2020,155885,4,2005-06-05
2020,89800,5,2005-06-27
2020,786406,5,2005-12-13
2020,920561,5,2004-06-01
2020,1243057,3,2005-08-18
2020,1661600,3,2005-08-27
2020,1400389,5,2004-10-13
2020,103619,3,2005-02-28
2020,202667,4,2005-06-03
2020,2093215,2,2005-09-12
2020,933248,5,2005-10-13
2020,912093,4,2004-11-16
2020,59913,5,2005-01-25
2020,1559250,5,2005-03-18
2020,1771826,5,2004-05-04
2020,2515144,4,2004-10-11
2020,1714151,3,2004-10-17
2020,930318,5,2004-11-22
2020,2614903,5,2004-12-03
2020,659592,5,2004-12-06
2020,727242,1,2004-12-16
2020,2611980,5,2005-01-26
2020,711491,4,2005-02-28
2020,2395610,1,2005-04-26
2020,800887,5,2005-06-23
2020,2370879,4,2005-06-27
2020,2222904,4,2005-10-25
2020,1972040,3,2005-08-09
2020,659726,5,2005-08-30
2020,40563,3,2005-09-02
2020,1847081,5,2004-07-19
2020,2294328,4,2005-06-26
2020,1497228,3,2005-10-29
2020,1683507,5,2005-11-23
2020,411705,3,2004-05-11
2020,1002524,4,2004-08-05
2020,273939,4,2004-10-17
2020,1508774,4,2004-10-22
2020,470229,5,2004-12-31
2020,563309,4,2005-02-18
2020,606621,5,2005-05-31
2020,2447694,5,2005-10-01
2020,2382875,5,2005-12-18
2020,200071,3,2005-08-08
2020,1272379,1,2005-01-08
2020,1525344,4,2005-01-20
2020,2010171,4,2005-10-16
2020,1204600,4,2005-07-18
2020,2527132,4,2005-07-28
2020,2319698,4,2005-08-24
2020,2582367,3,2004-07-13
2020,489458,5,2004-05-24
2020,2329026,5,2004-08-12
2020,519965,3,2005-06-11
2020,977533,4,2005-06-27
2020,1357688,4,2005-10-12
2020,753195,4,2005-11-03
2020,795530,5,2005-11-26
2020,2181770,4,2005-07-08
2020,1252779,4,2004-07-20
2020,1792741,3,2004-09-23
2020,1309088,1,2005-01-31
2020,1371120,5,2005-02-21
2020,415672,5,2005-03-05
2020,1749925,4,2005-06-06
2020,1314869,2,2005-06-13
2020,1751572,5,2005-07-02
2020,1224045,5,2005-11-21
2020,700083,3,2005-07-14
2020,1839647,5,2004-09-09
2020,1539430,5,2005-07-30
2020,1899710,4,2004-07-17
2020,1829014,2,2005-06-24
2020,848872,5,2005-09-13
2020,396132,4,2005-11-02
2020,371090,3,2005-07-08
2020,636262,1,2005-08-26
2020,639559,4,2004-08-10
2020,493587,4,2004-10-05
2020,1591239,3,2005-03-01
2020,1442532,4,2005-09-23
2020,1988492,3,2005-09-23
2020,522576,4,2005-10-02
2020,601147,4,2005-10-22
2020,1611281,3,2005-11-19
2020,1905493,2,2005-07-16
2020,1304280,4,2005-07-19
2020,1081292,3,2004-08-10
2020,193781,5,2004-07-22
2020,764939,5,2004-09-23
2020,96359,5,2005-04-06
2020,342597,5,2005-05-31
2020,859826,4,2005-07-11
2020,2630094,4,2005-08-28
2020,1663364,3,2005-09-10
2020,2474233,5,2004-05-27
2020,179880,4,2004-11-08
2020,2062350,5,2004-12-16
2020,967852,4,2004-12-19
2020,1232543,5,2005-03-24
2020,915726,5,2005-10-25
2020,271581,5,2005-11-23
2020,1139570,3,2005-07-11
2020,754630,5,2004-09-12
2020,2491841,3,2004-12-19
2020,1819462,1,2005-03-23
2020,2439493,1,2004-08-17
2020,326894,3,2004-08-13
2020,2143625,5,2005-01-20
2020,1612537,4,2005-01-29
2020,1330841,3,2005-06-25
2020,530789,5,2005-07-04
2020,1697051,3,2005-09-17
2020,1102340,5,2004-06-08
2020,177441,5,2005-07-07
2020,204363,4,2005-07-14
2020,2624111,4,2004-09-12
2020,1486008,4,2005-08-22
2020,1243770,5,2005-09-06
2020,398192,5,2004-06-30
2020,1816857,4,2004-09-10
2020,1952860,5,2004-09-24
2020,460170,4,2005-04-03
2020,1538721,4,2005-04-21
2020,1302842,4,2005-06-29
2020,165374,4,2005-10-30
2020,1272250,5,2005-12-06
2020,582315,4,2005-12-19
2020,501112,3,2005-07-28
2020,2058194,5,2005-08-13
2020,147386,5,2004-09-19
2020,1458248,5,2005-02-01
2020,441912,3,2005-05-25
2020,45961,4,2005-05-31
2020,2436541,4,2005-09-26
2020,212071,4,2005-08-12
2020,775798,4,2005-08-23
2020,2185614,3,2004-05-16
2020,278568,4,2004-07-06
2020,2631256,5,2004-11-20
2020,1715220,4,2005-01-19
2020,1145060,3,2005-01-19
2020,157539,1,2005-01-19
2020,755231,1,2005-06-29
2020,2269885,5,2005-11-22
2020,2403229,5,2005-07-13
2020,1545709,2,2004-06-01
2020,1792877,4,2004-09-09
2020,1207170,4,2004-08-06
2020,238740,4,2004-09-18
2020,1266365,5,2004-12-18
2020,352233,5,2005-03-02
2020,1307703,5,2005-04-27
2020,2549238,3,2005-07-03
2020,393425,4,2005-10-15
2020,1551945,5,2005-10-21
2020,191666,4,2005-11-17
2020,832780,3,2004-09-28
2020,2397362,3,2004-10-13
2020,155994,5,2005-06-04
2020,290700,4,2005-06-15
2020,8135,5,2005-06-23
2020,1041555,5,2005-07-03
2020,2431353,5,2005-10-05
2020,2361804,3,2005-10-16
2020,2432893,3,2005-11-22
2020,1409455,3,2004-08-30
2020,1497845,3,2005-08-15
2020,165393,4,2004-07-23
2020,146757,4,2004-10-15
2020,10655,5,2004-10-25
2020,1183174,2,2004-11-23
2020,2607470,2,2005-01-21
2020,817339,4,2005-04-18
2020,1152690,5,2005-06-06
2020,57186,4,2005-12-18
2020,2284673,4,2004-05-25
2020,343555,5,2005-08-02
2020,179513,4,2005-02-02
2020,508004,4,2005-02-10
2020,2436032,5,2005-09-01
2020,2111877,4,2005-11-20
2020,263291,3,2005-07-08
2020,633722,5,2004-07-26
2020,1692674,4,2004-09-17
2020,1752685,4,2004-12-20
2020,1430601,4,2005-10-07
2020,684876,4,2005-11-01
2020,1812918,4,2005-11-21
2020,288343,4,2005-07-05
2020,410668,5,2005-08-18
2020,1688453,5,2004-12-02
2020,616375,3,2005-06-24
2020,1473980,2,2005-09-08
2020,1789371,3,2005-09-23
2020,1104997,4,2005-11-08
2020,1232060,4,2005-12-03
2020,1490432,5,2005-08-05
2020,1913023,5,2005-08-29
2020,2075252,3,2004-10-16
2020,2040859,1,2004-11-23
2020,934856,3,2005-02-21
2020,1764316,5,2005-03-28
2020,1144139,5,2005-05-29
2020,671822,5,2005-07-18
2020,1620190,2,2005-07-22
2020,2600762,2,2005-08-03
2020,1370240,3,2005-02-09
2020,2091164,4,2005-10-01
2020,767590,5,2005-11-18
2020,2033641,4,2005-12-05
2020,407867,4,2005-12-13
2020,1320175,4,2005-07-25
2020,1836230,4,2004-06-10
2020,1556892,4,2004-07-26
2020,1236841,4,2005-08-29
2020,461075,1,2004-09-27
2020,141707,4,2004-11-15
2020,2494143,4,2005-01-19
2020,1710306,4,2005-01-26
2020,1177340,3,2005-02-21
2020,2542967,4,2005-04-10
2020,2177588,4,2005-06-16
2020,1478933,5,2005-11-27
2020,689918,5,2005-08-03
2020,2269524,5,2005-09-08
2020,1088,2,2004-06-07
2020,167521,5,2005-01-27
2020,1730026,3,2005-02-25
2020,784080,4,2005-05-23
2020,853427,5,2004-06-25
2020,1074603,5,2004-10-29
2020,627923,4,2005-02-11
2020,2227388,3,2005-10-11
2020,663719,4,2005-11-06
2020,1178902,4,2005-07-06
2020,74192,4,2005-07-08
2020,1524808,2,2005-08-05
2020,1227730,2,2004-06-24
2020,1091889,5,2004-07-12
2020,62443,5,2004-07-08
2020,1218586,3,2005-02-19
2020,441129,4,2005-08-29
2020,654266,5,2004-09-08
2020,407037,3,2004-07-07
2020,952156,4,2004-07-24
2020,520803,4,2004-10-27
2020,1245803,3,2004-12-03
2020,1788688,5,2005-06-21
2020,2130373,5,2005-09-15
2020,2621150,5,2005-11-07
2020,2227629,4,2005-11-09
2020,986502,3,2005-11-14
2020,2531716,4,2005-11-29
2020,1496095,3,2005-12-02
2020,2595572,5,2005-12-16
2020,390637,3,2004-05-21
2020,634388,5,2005-07-23
2020,499007,4,2005-08-11
2020,1387650,4,2004-06-07
2020,412883,5,2004-11-11
2020,1916490,4,2005-03-22
2020,1252322,4,2005-05-25
2020,673591,5,2005-10-20
2020,852389,3,2005-12-23
2020,1287939,4,2005-07-23
2020,2362434,5,2004-09-13
2020,382891,4,2004-12-21
2020,730113,4,2005-02-05
2020,861702,2,2005-03-08
2020,850678,3,2005-10-08
2020,2187693,2,2005-07-06
2020,2600868,2,2005-01-23
2020,1011516,2,2005-01-24
2020,769702,4,2005-02-06
2020,1999176,5,2005-06-20
2020,2455079,4,2005-06-21
2020,638020,3,2005-06-28
2020,387982,4,2005-07-01
2020,165060,3,2005-10-17
2020,880292,4,2005-11-16
2020,676900,5,2005-11-16
2020,2328136,5,2004-10-07
2020,1571988,4,2004-12-27
2020,29684,5,2005-01-24
2020,1060057,1,2005-02-24
2020,2452906,5,2005-06-13
2020,315168,3,2005-12-19
2020,1310601,5,2005-12-26
2020,934962,2,2005-07-26
2020,102721,5,2004-09-02
2020,2457095,3,2004-09-29
2020,2331646,5,2004-11-18
2020,679822,4,2005-09-13
2020,785360,5,2005-09-15
2020,1737680,5,2005-10-16
2020,2597197,4,2005-10-30
2020,1315827,4,2005-12-21
2020,1200461,3,2004-09-28
2020,297694,5,2004-12-02
2020,1936110,3,2005-01-26
2020,251491,5,2005-02-28
2020,1032518,4,2005-04-07
2020,1050700,5,2005-04-11
2020,2413875,3,2005-05-16
2020,1445536,5,2005-09-18
2020,1757328,2,2005-10-13
2020,2407925,5,2004-06-15
2020,1306583,5,2005-08-19
2020,617726,5,2005-01-04
2020,942007,5,2005-01-09
2020,62361,2,2005-06-04
2020,1208277,3,2005-09-17
2020,2354601,3,2005-10-15
2020,2537558,5,2005-07-20
2020,704147,1,2005-09-04
2020,1290937,3,2004-09-04
2020,2136032,3,2004-08-03
2020,690334,5,2004-11-18
2020,1824471,4,2005-02-17
2020,876961,1,2005-08-02
2020,105221,5,2004-07-06
2020,2205594,4,2005-08-22
2020,928576,5,2004-07-04
2020,289257,5,2004-09-05
2020,2032646,3,2005-06-03
2020,2049691,4,2005-10-01
2020,1497505,4,2005-12-25
2020,2153361,4,2005-07-06
2020,963984,2,2004-07-13
2020,760481,3,2004-11-24
2020,763571,3,2005-11-09
2020,604345,5,2005-07-19
2020,1627049,5,2005-08-17
2020,761585,4,2005-08-25
2020,2195549,5,2004-06-28
2020,965373,4,2004-05-29
2020,2283366,2,2004-08-19
2020,1482775,3,2004-10-10
2020,1973503,5,2005-03-17
2020,2092609,3,2005-06-29
2020,2590515,3,2005-09-26
2020,1737149,2,2004-09-12
2020,304756,5,2005-08-29
2020,388404,4,2005-05-16
2020,1451495,4,2005-09-06
2020,84498,4,2005-11-01
2020,1184537,4,2004-05-27
2020,1688484,3,2004-09-09
2020,653361,5,2004-08-23
2020,2104991,5,2004-12-19
2020,1774181,3,2005-01-20
2020,1781641,4,2005-02-22
2020,2614596,4,2005-03-16
2020,1268483,4,2005-07-04
2020,2393773,5,2005-12-05
2020,2213,4,2005-07-19
2020,2511993,5,2004-06-21
2020,2434640,4,2005-08-08
2020,2313013,3,2005-08-09
2020,2529291,4,2005-08-15
2020,1157018,4,2004-08-14
2020,2554474,5,2005-05-02
2020,275803,5,2005-11-23
2020,1040587,1,2005-12-08
2020,2405812,5,2004-07-16
2020,2277669,5,2004-08-19
2020,210977,4,2004-10-31
2020,735690,4,2004-11-08
2020,938931,2,2005-01-29
2020,1882888,4,2005-02-12
2020,1876165,4,2005-03-10
2020,507603,1,2005-03-27
2020,2182012,3,2005-07-03
2020,1063660,4,2005-09-12
2020,2585620,4,2005-09-28
2020,2252770,3,2005-10-16
2020,926732,5,2005-10-31
2020,1027896,5,2005-11-15
2020,570176,4,2005-11-20
2020,2210272,4,2005-07-10
2020,2193771,4,2005-07-25
2020,2137454,4,2004-11-15
2020,972616,4,2004-11-29
2020,1943141,5,2004-12-14
2020,912544,4,2004-12-16
2020,918632,3,2005-01-10
2020,1368751,5,2005-01-21
2020,1188590,5,2005-02-25
2020,1002249,2,2005-03-15
2020,1616913,4,2005-03-25
2020,1592922,2,2005-10-23
2020,1755323,3,2005-11-14
2020,194457,4,2005-11-27
2020,2537543,5,2005-07-09
2020,2373674,5,2005-07-13
2020,341649,1,2004-07-03
2020,624448,5,2004-06-15
2020,763840,5,2005-09-02
2020,877582,4,2004-09-14
2020,552505,4,2005-01-27
2020,97893,3,2005-09-19
2020,2495393,3,2005-11-22
2020,1057176,2,2005-11-27
2020,1249171,5,2004-06-04
2020,2370852,3,2004-05-28
2020,2166018,3,2005-08-26
2020,1583295,5,2005-01-19
2020,1734419,4,2005-02-18
2020,1229707,3,2005-06-26
2020,1414981,5,2005-09-11
2020,750324,4,2005-10-02
2020,393475,5,2005-08-16
2020,2430790,4,2005-08-29
2020,1020997,4,2004-08-09
2020,1715879,4,2004-09-03
2020,1226040,5,2005-03-27
2020,857273,5,2005-05-06
2020,1151477,4,2005-12-13
2020,2183290,4,2005-12-27
2020,706897,3,2004-05-13
2020,2513450,5,2005-01-26
2020,2552319,3,2005-04-03
2020,361886,3,2005-04-23
2020,2250323,4,2005-09-11
2020,2532402,5,2005-12-04
2020,2146315,5,2005-08-12
2020,874451,5,2005-08-24
2020,915138,4,2004-12-02
2020,1963314,4,2004-12-12
2020,2345345,5,2005-03-03
2020,1555813,4,2005-06-22
2020,2491575,5,2005-09-24
2020,1730884,4,2005-11-13
2020,2511482,4,2005-11-25
2020,1569585,5,2005-12-03
2020,2120917,4,2004-05-18
2020,1629636,5,2004-07-15
2020,1470710,5,2005-08-21
2020,1676473,3,2004-08-23
2020,543055,4,2005-03-01
2020,1769262,4,2005-04-08
2020,1312893,3,2005-05-04
2020,2514291,4,2005-06-18
2020,183370,5,2005-09-27
2020,1953458,5,2005-12-25
2020,705954,5,2005-10-25
2020,274191,3,2004-07-08
2020,854282,4,2004-07-27
2020,1679774,4,2004-08-10
2020,1481947,4,2005-02-15
2020,134372,3,2005-03-11
2020,1655890,4,2005-03-15
2020,960983,4,2005-04-28
2020,1630571,3,2005-05-07
2020,1776450,5,2005-05-29
2020,2241714,3,2005-09-24
2020,597183,5,2005-10-12
2020,1237290,5,2005-10-25
2020,900992,4,2004-06-22
2020,1332226,5,2004-09-24
2020,1075075,3,2005-11-14
2020,418474,5,2005-11-18
2020,2041918,4,2005-12-19
2020,1535125,4,2004-08-31
2020,2517235,3,2005-01-29
2020,1684416,3,2005-05-20
2020,2049715,5,2005-06-30
2020,1426031,4,2005-10-01
2020,1664010,5,2005-10-14
2020,500552,5,2005-07-20
2020,2357051,5,2004-12-08
2020,2276333,4,2005-08-11
2020,360260,5,2005-05-25
2020,2502319,3,2005-09-20
2020,1408249,4,2005-11-16
2020,49890,5,2005-08-10
2020,820959,4,2005-08-23
2020,818604,3,2005-04-20
2020,2240885,5,2005-11-16
2020,2384112,4,2005-12-03
2020,1556889,5,2004-06-24
2020,733302,5,2004-11-12
2020,149011,5,2005-05-06
2020,1828567,5,2005-05-16
2020,1547877,5,2005-05-22
2020,1419286,4,2004-08-13
2020,931565,4,2004-11-05
2020,842846,2,2005-04-25
2020,134750,1,2005-10-24
2020,2063752,3,2005-12-27
2020,1573438,4,2005-08-10
2020,247474,4,2005-08-25
2020,504243,4,2004-11-01
2020,1059581,4,2005-06-15
2020,862596,1,2005-09-15
2020,1326898,5,2005-12-06
2020,2229203,3,2005-07-05
2020,1252110,4,2004-07-26
2020,1575434,4,2004-07-03
2020,1296679,2,2005-08-18
2020,1546340,5,2004-07-06
2020,1435721,4,2005-02-14
2020,2403433,3,2005-04-19
2020,101807,5,2005-04-25
2020,920080,3,2005-04-27
2020,2297136,1,2005-05-22
2020,1456270,2,2005-06-21
2020,1762633,4,2005-10-12
2020,2379877,2,2004-08-02
2020,674346,5,2005-08-27
2020,761782,5,2004-05-26
2020,731306,4,2004-06-14
2020,1425274,3,2004-06-09
2020,960819,5,2005-05-13
2020,1607449,5,2005-05-30
2020,2381805,3,2005-07-05
2020,651691,5,2005-07-16
2020,717338,5,2005-08-14
2020,58277,5,2004-12-12
2020,2539892,3,2004-12-13
2020,1341247,5,2005-11-04
2020,1143264,5,2005-12-13
2020,1219003,5,2005-12-16
2020,2348342,5,2005-04-26
2020,1484378,5,2005-06-13
2020,1876896,4,2005-10-03
2020,2135891,4,2005-12-23
2020,2162381,5,2005-07-06
2020,1723102,2,2005-07-25
2020,394562,3,2004-07-14
2020,319499,3,2005-08-02
2020,1276267,5,2005-09-05
2020,418779,5,2004-07-15
2020,1119871,2,2004-07-05
2020,1071088,3,2005-05-24
2020,779811,4,2005-06-18
2020,1675269,3,2005-06-29
2020,1178846,5,2005-07-11
2020,338515,4,2004-07-27
2020,2037342,5,2004-07-26
2020,1003108,2,2004-11-06
2020,1930235,3,2004-11-09
2020,231358,5,2004-11-10
2020,1148389,4,2005-01-01
2020,1153067,1,2005-02-25
2020,589471,5,2005-03-15
2020,1711129,5,2005-04-01
2020,1341267,5,2005-05-15
2020,808197,4,2005-05-17
2020,314146,1,2005-06-28
2020,1366320,4,2005-06-30
2020,485918,5,2005-10-04
2020,1310362,5,2005-10-10
2020,2375713,4,2005-12-01
2020,879912,4,2005-08-09
2020,1758120,4,2005-08-11
2020,1720844,5,2005-09-07
2020,79733,3,2004-09-13
2020,2062092,4,2004-06-07
2020,349060,5,2004-06-10
2020,1094767,5,2004-07-20
2020,590270,4,2004-09-21
2020,1144887,3,2005-01-11
2020,1472647,4,2005-03-06
2020,1301819,3,2005-03-11
2020,1702389,4,2005-10-22
2020,972267,4,2005-12-22
2020,679429,5,2005-07-07
2020,1495691,5,2005-08-06
2020,586316,3,2004-08-19
2020,1527900,5,2004-08-03
2020,2191197,4,2004-12-26
2020,1958896,3,2004-12-31
2020,694620,5,2005-06-26
2020,559893,4,2005-06-30
2020,847949,4,2005-11-02
2020,2043827,3,2005-07-05
2020,504440,3,2005-08-13
2020,2615816,5,2005-08-23
2020,1236929,3,2004-08-11
2020,1769698,2,2004-09-27
2020,719294,5,2004-12-02
2020,1454488,3,2005-03-23
2020,2086312,4,2005-09-19
2020,2550095,3,2004-12-03
2020,1770885,5,2005-04-20
2020,1546059,5,2005-06-01
2020,841727,3,2005-10-09
2020,344345,5,2005-10-16
2020,1531781,4,2005-11-18
2020,628554,4,2005-12-28
2020,2119032,4,2005-07-26
2020,38523,4,2005-08-19
2020,250088,5,2005-08-22
2020,603878,4,2005-09-06
2020,1833557,5,2005-01-29
2020,1917540,5,2005-04-18
2020,2223033,4,2005-06-10
2020,1374623,4,2004-06-21
2020,374776,4,2004-09-12
2020,2297776,4,2005-02-03
2020,580802,5,2005-03-31
2020,1819629,3,2005-04-13
2020,2591100,5,2005-09-14
2020,1731259,5,2004-10-15
2020,2129107,5,2005-03-20
2020,2396677,4,2005-05-23
2020,2479620,5,2005-09-18
2020,1209534,4,2004-06-15
2020,166041,4,2005-09-02
2020,1415249,5,2004-07-12
2020,1968523,4,2004-09-09
2020,1594327,5,2004-12-31
2020,2171151,3,2005-03-15
2020,1266708,1,2005-07-03
2020,509841,5,2005-09-09
2020,475487,5,2005-10-26
2020,628710,5,2005-11-22
2020,952063,1,2005-12-09
2020,1906026,4,2005-12-12
2020,1698260,5,2005-07-08
2020,769129,5,2005-07-22
2020,650033,4,2005-07-24
2020,1835168,3,2005-08-19
2020,104462,3,2005-09-08
2020,2148475,5,2004-09-17
2020,5225,5,2004-11-05
2020,2627190,3,2005-03-07
2020,387469,3,2005-03-13
2020,2494381,4,2005-05-26
2020,335032,5,2005-09-11
2020,1945221,4,2005-11-28
2020,1112779,1,2005-07-07
2020,2272654,3,2005-07-18
2020,19915,5,2005-08-07
2020,2234279,4,2004-09-20
2020,2554942,4,2005-10-03
2020,2249750,4,2005-12-09
2020,1931326,5,2005-07-18
2020,2294830,4,2005-08-26
2020,2576011,4,2004-05-24
2020,1591722,4,2004-11-14
2020,1005439,4,2005-12-05
2020,877320,3,2005-08-27
2020,718564,3,2005-08-31
2020,1129860,5,2005-02-05
2020,2503848,5,2005-07-01
2020,2012117,5,2005-10-27
2020,103539,3,2005-12-15
2020,74493,5,2005-12-27
2020,2002198,3,2005-07-25
2020,230112,1,2004-08-26
2020,2392644,5,2004-08-28
2020,871348,4,2005-02-09
2020,1234983,5,2005-10-08
2020,681961,1,2004-07-11
2020,1556831,4,2004-07-04
2020,2054711,4,2004-09-24
2020,1995860,4,2004-09-28
2020,351141,4,2005-06-21
2020,92693,3,2004-08-24
2020,123375,4,2004-07-27
2020,1416785,2,2004-12-26
2020,1041130,3,2004-12-30
2020,2519299,3,2005-01-04
2020,889806,5,2005-02-21
2020,2130617,5,2005-02-24
2020,2446827,4,2005-11-30
2020,724173,4,2005-07-29
2020,2512967,5,2005-02-19
2020,2561301,4,2004-07-22
2020,2128721,4,2004-07-15
2020,539354,1,2005-01-29
2020,1442666,4,2005-09-15
2020,1820313,3,2005-07-10
2020,453782,5,2005-07-28
2020,574834,4,2005-10-14
2020,571810,4,2005-11-04
2020,2292951,5,2005-11-10
2020,2131774,2,2005-11-28
2020,1410753,2,2005-12-16
2020,1102923,4,2005-07-06
2020,128348,3,2004-08-18
2020,1509675,4,2004-07-12
2020,2582476,4,2004-10-05
2020,1125521,4,2004-10-25
2020,254222,2,2005-01-20
2020,837153,4,2005-03-25
2020,1557557,3,2005-05-31
2020,2126168,4,2005-06-23
2020,1884737,4,2005-10-20
2020,492008,5,2005-07-12
2020,761998,5,2004-09-21
2020,753151,5,2004-09-23
2020,585424,4,2004-10-07
2020,282427,5,2005-01-12
2020,1210469,5,2005-06-10
2020,1984315,4,2005-10-05
2020,1146000,3,2004-06-12
2020,485973,2,2005-08-15
2020,1842511,4,2005-08-29
2020,44234,4,2004-07-12
2020,38284,4,2004-12-14
2020,233207,5,2005-05-09
2020,2496042,5,2005-09-23
2020,1850620,1,2005-09-26
2020,587610,4,2005-11-20
2020,119601,5,2004-07-31
2020,1483333,5,2004-06-25
2020,2644964,4,2005-07-28
2020,362622,5,2005-07-31
2020,647979,3,2005-08-23
2020,1459493,4,2004-06-26
2020,2256485,1,2004-08-16
2020,1270156,5,2005-01-20
2020,1273131,4,2005-06-01
2020,757273,4,2005-06-02
2020,1761607,5,2005-09-19
2020,2395648,5,2005-10-07
2020,2134226,5,2005-11-05
2020,1646912,4,2005-11-07
2020,39896,5,2005-11-07
2020,1312732,5,2005-12-06
2020,1968071,3,2005-12-31
2020,759737,1,2005-07-16
2020,1452854,5,2004-06-03
2020,1369650,5,2005-10-21
2020,1577461,4,2005-07-23
2020,1085859,4,2005-07-26
2020,2505823,4,2004-09-20
2020,824259,4,2004-12-20
2020,1299887,4,2005-02-21
2020,1330860,4,2005-04-06
2020,1787421,3,2005-04-06
2020,1081315,4,2005-05-22
2020,1023999,2,2005-09-12
2020,394168,5,2005-11-18
2020,797705,4,2005-12-08
2020,1015731,4,2004-07-06
2020,1274727,5,2005-08-08
2020,545026,5,2005-01-19
2020,682963,5,2005-02-10
2020,786492,4,2005-03-13
2020,483969,4,2005-06-14
2020,38129,4,2005-07-25
2020,504620,1,2005-08-17
2020,2320970,5,2004-06-30
2020,2487526,4,2004-05-26
2020,1076500,4,2004-11-18
2020,2161429,3,2005-02-07
2020,1851629,3,2005-02-21
2020,688893,1,2005-06-08
2020,402437,3,2005-06-29
2020,1333888,5,2005-10-11
2020,146353,1,2005-07-16
2020,521074,5,2005-08-08
2020,1333323,3,2005-09-22
2020,1453035,4,2004-10-06
2020,2150872,5,2005-01-24
2020,2393193,3,2005-11-27
2020,65003,5,2005-07-21
2020,2281417,3,2005-02-15
2020,750067,4,2005-03-24
2020,1425277,5,2005-04-04
2020,439255,3,2005-11-28
2020,1353663,5,2005-12-29
2020,753230,5,2004-05-31
2020,624753,5,2004-10-13
2020,2248689,5,2005-01-22
2020,1809206,5,2005-03-07
2020,926651,4,2005-04-16
2020,691229,5,2005-04-18
2020,985995,4,2005-06-10
2020,2324693,5,2005-06-15
2020,922345,3,2005-07-01
2020,825353,5,2005-10-31
2020,92453,5,2004-06-21
2020,1553532,4,2004-08-05
2020,883684,4,2005-08-01
2020,447162,5,2004-08-29
2020,2452533,4,2004-12-20
2020,1830717,4,2005-09-26
2020,628251,3,2005-09-26
2020,1030342,3,2005-08-04
2020,108397,5,2005-08-24
2020,1249472,3,2004-11-29
2020,78834,5,2005-01-19
2020,200973,4,2005-04-16
2020,1697931,3,2005-04-22
2020,2169590,5,2005-04-26
2020,1675280,4,2005-05-06
2020,2415052,3,2005-09-02
2020,519699,5,2005-11-06
2020,1423741,4,2005-11-08
2020,2646347,5,2005-07-22
2020,1196436,5,2005-08-12
2020,214619,3,2004-08-04
2020,555404,4,2005-03-21
2020,461070,3,2005-11-23
2020,305344,5,2004-05-09
2020,592195,5,2005-08-25
2020,2526805,4,2004-08-02
2020,1529386,4,2004-11-17
2020,513342,1,2004-12-01
2020,726098,2,2005-03-21
2020,1208976,3,2005-07-04
2020,986015,3,2005-09-07
2020,2416431,4,2005-09-24
2020,404602,4,2005-10-30
2020,1613705,5,2005-11-03
2020,2539728,4,2005-11-10
2020,946231,4,2005-07-09
2020,2449279,5,2005-07-15
2020,2265104,5,2005-08-12
2020,1537982,4,2005-08-12
2020,1333864,4,2004-06-26
2020,1834021,5,2004-10-26
2020,2077046,4,2005-04-12
2020,968918,5,2005-04-17
2020,541625,5,2005-05-03
2020,911929,5,2005-11-08
2020,2433451,3,2005-11-28
2020,672801,3,2005-07-05
2020,2099446,5,2005-08-02
2020,1734505,5,2005-09-02
2020,1502648,2,2004-10-06
2020,1978089,5,2004-11-06
2020,1026455,4,2005-01-11
2020,1344553,5,2005-01-24
2020,1658158,4,2005-02-09
2020,1746736,3,2005-02-25
2020,1001797,4,2005-06-28
2020,1839500,3,2005-09-23
2020,1617787,3,2005-10-17
2020,1835080,4,2005-10-31
2020,1710658,3,2005-12-05
2020,1403217,1,2004-08-07
2020,1205174,5,2005-07-25
2020,888488,2,2005-08-23
2020,1766397,5,2004-04-28
2020,1673965,5,2004-12-07
2020,1068647,3,2005-02-02
2020,177782,5,2005-02-24
2020,1053632,5,2005-03-21
2020,541822,4,2005-03-28
2020,2393192,2,2005-09-16
2020,1378701,1,2005-10-06
2020,120368,3,2005-11-03
2020,53694,4,2005-07-06
2020,2375380,5,2005-07-08
2020,1504465,5,2005-07-18
2020,234148,5,2005-01-19
2020,714952,4,2005-05-13
2020,2242260,4,2005-06-14
2020,2147527,1,2005-11-18
2020,2288889,5,2005-10-23
2020,2190324,4,2005-12-25
2020,2083964,5,2005-08-02
2020,2195709,5,2004-08-08
2020,1732015,1,2005-08-26
2020,608861,3,2004-07-26
2020,859068,4,2004-10-05
2020,1288584,3,2004-11-12
2020,1908378,4,2005-01-27
2020,2438832,3,2005-03-02
2020,512629,5,2005-07-04
2020,2366547,4,2004-09-08
2020,1315701,4,2004-07-02
2020,2396030,4,2005-06-28
2020,447759,5,2005-10-05
2020,2494105,5,2005-10-05
2020,168729,4,2005-12-02
2020,2376301,4,2005-12-12
2020,611668,1,2005-07-08
2020,491274,5,2005-07-28
2020,2464081,5,2004-05-16
2020,1272544,5,2005-01-04
2020,106254,5,2005-01-08
2020,1466382,4,2005-04-19
2020,802403,5,2005-06-07
2020,1710643,5,2005-06-10
2020,1530377,3,2005-10-22
2020,2150746,3,2005-07-07
2020,972602,5,2004-07-02
2020,862928,3,2004-06-08
2020,2598861,5,2004-08-03
2020,1863477,4,2005-05-16
2020,2446249,3,2005-09-08
2020,1462211,5,2005-11-08
2020,1068603,4,2005-07-07
2020,1832243,4,2005-08-23
2020,1831361,4,2004-12-22
2020,2267922,4,2005-06-12
2020,1415306,4,2005-10-14
2020,101582,4,2005-07-26
2020,1882140,4,2005-08-05
2020,2204746,5,2005-08-12
2020,2243008,5,2004-05-28
2020,1866789,4,2004-12-06
2020,1799431,5,2004-12-31
2020,2347080,4,2005-01-20
2020,1393842,4,2005-01-27
2020,2540528,5,2005-03-07
2020,2556321,5,2005-05-09
2020,2414266,3,2005-10-07
2020,2506564,3,2005-10-29
2020,711681,5,2005-11-14
2020,1483654,3,2005-11-30
2020,1087451,4,2005-12-17
2020,647111,3,2005-07-25
2020,1692018,3,2004-10-15
2020,24754,5,2004-12-21
2020,2315012,5,2005-01-27
2020,2366462,2,2004-07-29
2020,2485978,4,2004-07-20
2020,249654,4,2005-02-28
2020,504012,4,2005-07-05
2020,1562707,4,2005-07-14
2020,406673,4,2005-09-05
2020,2054746,4,2004-07-20
2020,1274761,4,2004-10-26
2020,868971,1,2004-12-03
2020,1732058,4,2005-09-18
2020,1302638,4,2005-11-02
2020,2091589,4,2005-07-22
2020,587028,4,2004-08-26
2020,1979623,5,2004-09-30
2020,1653592,3,2004-12-29
2020,10325,5,2005-01-25
2020,639437,4,2005-02-01
2020,2051135,3,2005-03-27
2020,926867,5,2005-06-10
2020,223160,4,2005-06-13
2020,1552874,5,2005-06-20
2020,2394881,4,2005-07-02
2020,261431,5,2005-10-01
2020,1731747,4,2005-11-15
2020,1434366,4,2005-12-20
2020,2512609,5,2004-11-04
2020,1755877,5,2004-10-06
2020,2081211,4,2004-12-14
2020,1637265,5,2005-10-06
2020,401250,5,2005-04-06
2020,2296610,4,2005-06-15
2020,818899,4,2005-10-14
2020,1698402,4,2005-10-15
2020,1431356,4,2005-07-22
2020,2583188,4,2005-07-31
2020,1143354,4,2004-10-15
2020,1387004,5,2005-03-09
2020,1548454,5,2005-04-19
2020,2309611,4,2005-04-24
2020,368014,4,2005-07-22
2020,2127615,1,2005-08-08
2020,1046119,5,2004-08-02
2020,310101,3,2005-08-31
2020,1151099,5,2005-05-18
2020,1907843,3,2005-09-05
2020,1369962,4,2005-09-16
2020,1482187,4,2005-10-29
2020,872839,4,2005-12-22
2020,752642,2,2004-07-27
2020,128040,5,2004-08-05
2020,105864,3,2005-08-10
2020,876890,4,2004-07-20
2020,1026479,4,2004-07-03
2020,1275094,4,2004-12-18
2020,533344,3,2005-06-27
2020,592394,4,2005-09-12
2020,1739868,4,2005-09-16
2020,2522009,4,2005-08-01
2020,337994,3,2004-11-09
2020,1239849,4,2004-11-01
2020,1127631,4,2005-01-07
2020,1619591,5,2005-02-12
2020,1478651,4,2005-03-07
2020,109248,5,2005-03-22
2020,1634596,4,2005-09-26
2020,361357,4,2005-12-02
2020,2589332,4,2005-12-16
2020,2481504,5,2005-07-13
2020,2075255,5,2004-05-24
2020,1132470,4,2005-07-24
2020,377907,4,2005-07-27
2020,998400,4,2004-07-06
2020,932311,5,2004-06-03
2020,2177957,4,2005-01-24
2020,1107588,3,2005-04-28
2020,2312072,5,2005-09-14
2020,1279511,3,2005-10-20
2020,2519865,5,2005-12-29
2020,712419,4,2004-06-28
2020,1193144,5,2005-08-09
2020,2265037,3,2004-10-19
2020,1584301,4,2004-12-20
2020,169989,3,2005-03-27
2020,2489727,4,2005-04-03
2020,2634028,4,2005-04-22
2020,249936,5,2005-05-08
2020,475717,5,2005-07-14
2020,2375433,2,2004-05-14
2020,1171469,5,2005-03-02
2020,2480001,4,2005-05-29
2020,624510,2,2005-06-21
2020,2314898,2,2005-09-11
2020,139845,4,2005-10-08
2020,867311,5,2005-07-08
2020,811704,5,2005-07-10
2020,2472682,4,2004-09-22
2020,2560489,5,2004-09-30
2020,4597,2,2004-11-04
2020,61094,4,2005-05-24
2020,2191294,5,2005-09-12
2020,2372442,5,2005-10-04
2020,1118120,5,2005-10-22
2020,1539869,5,2005-12-17
2020,1910162,4,2005-07-05
2020,305701,5,2005-08-05
2020,354581,5,2004-12-09
2020,1564267,5,2005-02-03
2020,1855984,4,2005-02-18
2020,1312396,4,2005-03-02
2020,58061,5,2005-06-04
2020,2499884,4,2005-09-22
2020,2341509,3,2005-11-30
2020,1280761,4,2005-12-21
2020,1862911,4,2005-07-06
2020,485965,4,2004-06-03
2020,264386,5,2004-11-01
2020,2271106,4,2005-01-12
2020,320897,4,2005-03-08
2020,567705,3,2005-06-23
2020,1046582,4,2005-09-08
2020,1545742,3,2005-10-19
2020,1364145,4,2005-11-02
2020,2093590,5,2005-11-11
2020,215554,4,2005-07-12
2020,789520,4,2005-08-09
2020,1653565,3,2005-08-11
2020,548216,4,2005-02-13
2020,1553150,3,2005-02-23
2020,837133,3,2005-05-02
2020,28380,5,2005-11-10
2020,1153447,4,2005-07-14
2020,1195895,4,2004-07-23
2020,1607219,5,2004-11-22
2020,984323,3,2005-02-12
2020,2426088,1,2005-03-09
2020,1546736,4,2005-06-17
2020,1112953,4,2005-06-21
2020,2036100,3,2005-09-19
2020,1509285,5,2005-11-06
2020,2633985,5,2005-12-02
2020,2420384,1,2005-12-15
2020,1649958,5,2004-05-21
2020,538005,1,2005-08-23
2020,1012147,4,2004-09-28
2020,1114091,4,2004-11-12
2020,1027719,4,2004-12-08
2020,2112137,3,2005-05-15
2020,2530642,2,2005-06-03
2020,1181111,3,2005-10-22
2020,506283,5,2005-11-06
2020,1067079,5,2005-07-10
2020,1037705,4,2005-08-25
2020,2180222,3,2004-11-09
2020,1187919,5,2005-03-02
2020,2178032,3,2005-05-07
2020,2164462,4,2005-05-08
2020,163695,4,2005-06-04
2020,2093473,2,2005-09-09
2020,718765,5,2005-10-25
2020,472734,5,2005-07-19
2020,1162832,1,2005-03-19
2020,1728944,4,2005-03-21
2020,2499536,5,2005-04-05
2020,1691326,5,2005-09-29
2020,735368,5,2005-10-01
2020,2059635,5,2005-10-22
2020,414577,5,2005-08-22
2020,1190829,3,2005-01-04
2020,407314,3,2005-06-25
2020,894537,1,2005-08-22
2020,1934459,5,2004-09-18
2020,782566,4,2004-11-10
2020,22287,3,2004-12-12
2020,2126435,3,2005-05-14
2020,1806515,3,2005-09-23
2020,1641705,4,2005-10-21
2020,2118461,5,2005-10-23
2020,720503,4,2005-11-06
2020,2180813,4,2005-08-27
2020,2098730,4,2004-08-12
2020,1018632,2,2004-09-18
2020,1510822,4,2005-01-29
2020,946075,4,2005-04-10
2020,52004,4,2005-06-22
2020,954310,5,2005-09-17
2020,1267607,3,2005-12-13
2020,2538567,5,2005-07-22
2020,1229259,5,2005-08-15
2020,2632990,4,2005-08-29
2020,1698802,4,2004-11-10
2020,2052982,4,2004-11-15
2020,1584985,3,2005-01-28
2020,761524,4,2005-02-10
2020,197773,2,2005-03-19
2020,2243611,5,2005-05-20
2020,392651,4,2005-06-03
2020,2569886,3,2005-10-31
2020,1622338,5,2005-11-02
2020,741248,3,2005-11-04
2020,2082862,4,2005-11-08
2020,1172510,5,2005-07-21
2020,387418,1,2004-05-11
2020,2200718,5,2004-11-18
2020,341330,4,2005-04-04
2020,508379,5,2005-06-01
2020,2090850,4,2005-09-07
2020,754161,3,2005-10-24
2020,2588755,4,2005-07-06
2020,2076055,3,2005-07-23
2020,1795561,3,2004-09-01
2020,2058716,4,2004-06-02
2020,334361,4,2004-07-20
2020,947425,4,2004-08-31
2020,136040,4,2004-09-21
2020,1513713,2,2005-04-06
2020,791291,4,2005-04-06
2020,1302045,4,2005-05-24
2020,2354142,4,2005-06-28
2020,2283319,4,2005-07-02
2020,1250802,4,2005-10-12
2020,381346,4,2005-11-06
2020,2230177,4,2005-11-09
2020,1002523,5,2005-11-20
2020,997261,4,2005-12-03
2020,5827,4,2005-12-05
2020,1310425,5,2005-12-12
2020,1100691,4,2005-12-17
2020,1820004,5,2005-12-19
2020,348960,2,2005-09-09
2020,541591,4,2004-11-29
2020,1717595,4,2005-02-22
2020,1716427,3,2005-05-14
2020,1334853,3,2005-06-22
2020,1476568,4,2005-06-24
2020,1477330,5,2005-09-23
2020,2289469,5,2005-09-23
2020,2120912,4,2005-07-07
2020,1442405,4,2004-06-08
2020,1400992,2,2004-09-08
2020,318168,4,2005-01-04
2020,327162,4,2005-09-27
2020,2304126,5,2005-11-21
2020,1424768,3,2004-12-02
2020,525945,2,2004-12-08
2020,1150705,1,2005-09-13
2020,101448,3,2005-10-04
2020,2291479,5,2005-10-27
2020,2402139,3,2005-11-29
2020,1390389,4,2005-12-03
2020,126868,4,2005-12-19
2020,45058,5,2004-06-15
2020,1008032,5,2004-09-13
2020,1121106,4,2005-09-02
2020,1932594,4,2004-05-18
2020,508480,5,2005-01-10
2020,785992,4,2005-06-07
2020,1676513,5,2005-11-05
2020,235495,3,2005-11-23
2020,1043194,3,2005-08-04
2020,2359761,5,2004-05-24
2020,785530,3,2004-10-25
2020,1116065,1,2005-05-03
2020,2012412,4,2005-09-25
2020,776187,5,2005-09-26
2020,1783814,3,2005-11-09
2020,2516723,5,2005-12-05
2020,275600,3,2005-08-21
2020,1252311,4,2005-08-22
2020,2280298,4,2004-06-04
2020,1884816,5,2004-07-22
2020,1918987,4,2004-11-07
2020,2520755,4,2004-11-15
2020,1077837,3,2005-01-27
2020,138807,5,2005-02-26
2020,765483,5,2005-03-15
2020,400462,5,2005-03-17
2020,2352514,4,2005-06-22
2020,1960710,4,2005-07-14
2020,1663888,3,2004-06-28
2020,2027319,5,2004-07-11
2020,1941759,3,2004-10-05
2020,2250039,5,2005-06-26
2020,1990473,4,2005-09-03
2020,1519692,4,2005-07-15
2020,539827,5,2005-08-30
2020,341955,5,2004-06-06
2020,27061,5,2004-11-17
2020,1009940,3,2004-12-23
2020,2209595,5,2005-03-18
2020,790255,4,2005-04-17
2020,2590052,4,2005-04-26
2020,1737974,5,2005-05-04
2020,1461435,1,2005-06-13
2020,2041854,5,2005-10-01
2020,743684,5,2004-08-07
2020,1072863,5,2004-10-15
2020,2588046,4,2004-11-23
2020,1006341,3,2005-01-11
2020,2304424,5,2005-01-24
2020,966669,4,2005-02-07
2020,171521,2,2005-02-28
2020,1938297,4,2005-04-07
2020,565041,4,2005-10-13
2020,2487899,5,2005-10-31
2020,1602153,4,2005-11-16
2020,1936934,4,2004-06-23
2020,227276,4,2005-02-09
2020,2059781,5,2005-04-18
2020,256992,5,2005-06-08
2020,1375303,5,2005-06-23
2020,1099833,3,2005-06-27
2020,377334,2,2005-06-27
2020,154869,4,2005-09-27
2020,2255613,3,2005-10-11
2020,1785209,3,2005-10-23
2020,1771053,4,2005-07-05
2020,862252,4,2005-08-07
2020,2291170,5,2004-07-04
2020,708157,5,2004-06-14
2020,1872980,4,2004-09-14
2020,1399249,3,2005-01-05
2020,364903,5,2005-01-11
2020,2100583,3,2005-02-01
2020,133129,2,2005-07-04
2020,1204865,2,2005-09-14
2020,1564033,4,2005-11-11
2020,2397785,4,2004-05-24
2020,2292382,4,2004-07-20
2020,1070099,5,2004-08-19
2020,2394623,2,2004-11-05
2020,267231,4,2005-01-24
2020,1037226,5,2005-04-06
2020,371741,3,2005-04-12
2020,504122,3,2005-05-20
2020,2051402,3,2005-12-26
2020,2547924,2,2004-08-31
2020,1879665,1,2004-09-21
2020,1515355,3,2005-01-19
2020,2382912,2,2005-02-27
2020,189443,4,2005-05-11
2020,2203514,5,2005-06-27
2020,1318289,4,2005-09-26
2020,481870,2,2005-11-05
2020,288127,4,2005-11-06
2020,80007,4,2005-11-27
2020,211076,3,2004-12-04
2020,385433,5,2005-08-04
2020,2197275,5,2004-07-01
2020,371701,2,2005-03-31
2020,1471136,5,2005-07-05
2020,825576,4,2005-12-13
2020,998236,3,2005-09-06
2020,706836,4,2004-07-02
2020,907030,4,2004-05-24
2020,2263536,5,2005-02-28
2020,1517410,1,2005-04-12
2020,1507727,5,2005-05-02
2020,1025888,4,2005-12-25
2020,726171,2,2005-07-13
2020,88012,4,2004-06-07
2020,2266014,5,2004-10-04
2020,2081789,5,2004-12-15
2020,167447,3,2005-04-15
2020,903666,4,2005-04-26
2020,2460785,2,2005-05-14
2020,1216880,4,2005-12-20
2020,1297578,3,2004-06-28
2020,1214546,5,2004-05-22
2020,972253,4,2005-08-13
2020,868634,5,2005-09-07
2020,2334025,4,2005-01-25
2020,1460343,2,2005-03-02
2020,873852,5,2005-03-23
2020,2455224,2,2005-05-19
2020,266289,3,2005-11-30
2020,776955,3,2004-08-20
2020,577324,3,2005-08-24
2020,1597198,2,2004-11-08
2020,964322,2,2004-11-09
2020,2382591,4,2005-01-09
2020,2106539,2,2005-02-22
2020,2176848,5,2005-04-22
2020,2621962,4,2005-10-13
2020,2347324,4,2005-11-25
2020,1533860,5,2004-07-06
2020,737403,4,2005-01-31
2020,175448,3,2005-03-16
2020,714802,5,2005-09-09
2020,578267,4,2005-09-29
2020,2380601,4,2005-10-01
2020,388207,4,2005-10-02
2020,2319471,5,2004-12-04
2020,565696,4,2005-08-08
2020,2049755,3,2005-08-26
2020,645888,3,2005-08-30
2020,2217941,4,2004-06-25
2020,2029858,3,2004-11-07
2020,1929901,5,2004-11-22
2020,2205942,4,2005-01-10
2020,1239914,5,2005-04-23
2020,1046994,5,2005-06-11
2020,2469970,4,2005-10-16
2020,1794244,3,2005-10-27
2020,1058930,5,2005-12-03
2020,1334157,4,2005-02-20
2020,1326195,4,2005-02-17
2020,1486956,3,2005-03-26
2020,1279961,5,2005-04-30
2020,1259287,5,2005-05-03
2020,1768875,5,2005-10-01
2020,2557596,1,2005-11-15
2020,343139,5,2005-12-10
2020,2341871,3,2005-07-06
2020,272689,3,2005-08-02
2020,630175,5,2005-08-03
2020,1545857,4,2005-08-04
2020,313733,3,2005-04-18
2020,505723,4,2005-05-22
2020,316155,3,2005-05-31
2020,1889252,5,2005-09-12
2020,86806,5,2005-12-22
2020,2177071,3,2005-07-10
2020,2410839,4,2005-07-17
2020,1088910,3,2004-09-30
2020,643035,4,2004-11-10
2020,2556226,5,2004-12-12
2020,1786340,4,2005-02-15
2020,2000256,4,2005-06-27
2020,2346022,5,2005-10-03
2020,1044403,5,2005-11-05
2020,391521,3,2005-12-14
2020,1016180,3,2005-07-09
2020,1357209,3,2004-08-27
2020,831284,5,2005-08-28
2020,984482,5,2004-10-04
2020,1543880,5,2004-11-28
2020,1231198,3,2005-03-09
2020,989647,5,2005-03-24
2020,707045,5,2005-04-18
2020,1750982,5,2005-09-14
2020,1953286,4,2005-11-11
2020,1112565,4,2005-11-18
2020,1685548,4,2004-05-16
2020,1911845,3,2004-11-18
2020,2000600,4,2004-11-26
2020,892029,5,2005-01-22
2020,1150125,4,2005-03-05
2020,260861,5,2005-05-09
2020,206893,3,2005-05-27
2020,106024,5,2005-10-16
2020,1666057,3,2005-11-12
2020,396708,4,2005-11-13
2020,1198962,5,2005-07-08
2020,1796454,4,2005-07-12
2020,1454123,5,2004-04-30
2020,477272,4,2004-11-29
2020,2596078,3,2004-12-21
2020,517188,5,2005-01-12
2020,942168,4,2005-02-09
2020,1275628,4,2005-03-04
2020,316527,4,2005-03-06
2020,2207031,3,2005-03-18
2020,2270474,4,2005-10-15
2020,2317714,5,2005-12-08
2020,809321,3,2004-07-04
2020,237092,4,2004-08-28
2020,1768537,5,2004-09-17
2020,1231568,4,2004-09-28
2020,1327048,3,2004-11-30
2020,1714427,3,2005-03-02
2020,579684,1,2005-04-27
2020,1786590,5,2005-05-08
2020,1074237,5,2005-06-19
2020,1933317,3,2005-06-22
2020,454329,4,2005-09-11
2020,1113485,1,2005-10-26
2020,1565617,4,2005-11-02
2020,1581780,5,2005-12-14
2020,718566,3,2005-07-28
2020,452299,3,2005-08-16
2020,1741384,4,2005-09-13
2020,276108,4,2004-07-18
2020,452931,5,2005-01-26
2020,1545312,3,2005-10-01
2020,1090727,2,2005-10-30
2020,548796,4,2005-08-27
2020,126347,3,2004-09-01
2020,108444,5,2004-06-27
2020,1937168,1,2004-06-01
2020,2404673,4,2004-10-12
2020,924510,3,2005-11-10
2020,1283034,4,2005-12-05
2020,1961864,3,2005-08-02
2020,2510785,5,2005-08-07
2020,784112,4,2005-08-09
2020,2120461,5,2004-06-11
2020,643164,2,2004-07-12
2020,401696,4,2004-11-13
2020,1635449,1,2005-01-10
2020,2051123,4,2005-02-28
2020,1920056,4,2005-06-15
2020,738725,4,2005-06-25
2020,839632,4,2005-09-12
2020,1073786,5,2005-10-10
2020,823628,4,2005-11-23
