6867,2625420,1,2004-06-04
6867,935254,5,2004-12-22
6867,2173816,1,2004-05-21
6867,499718,3,2004-09-13
6867,2554745,4,2000-10-18
6867,786312,3,2005-02-04
6867,560533,4,2005-09-09
6867,1131065,3,2005-02-25
6867,204439,3,1999-12-14
6867,1990316,4,2004-09-12
6867,856251,4,2004-08-23
6867,967997,5,2004-10-10
6867,1337244,3,2005-07-22
6867,1972971,3,2000-01-05
6867,2100210,3,2002-06-18
6867,273939,4,2004-09-24
6867,1272379,1,2002-04-06
6867,1728556,5,2004-03-16
6867,2621374,1,2000-03-03
6867,2100574,1,2005-12-03
6867,2320264,2,2004-07-09
6867,872088,3,2004-09-08
6867,2439493,1,2004-01-19
6867,740844,3,2004-08-16
6867,1274786,4,2002-01-09
6867,1895682,5,2005-07-12
6867,647911,5,2004-02-02
6867,1534723,4,2001-07-18
6867,2196445,5,2004-08-16
6867,1387650,3,2004-09-27
6867,1827859,4,2001-06-22
6867,1374216,1,2005-09-25
6867,2012582,1,2004-01-13
6867,1163530,3,2005-03-23
6867,1002249,4,2001-02-23
6867,2645692,2,2004-12-03
6867,1590705,5,2005-01-07
6867,2327480,4,2005-07-14
6867,1664010,3,2005-10-12
6867,1034844,4,2004-10-04
6867,1169634,5,2003-07-02
6867,1143735,3,2005-11-10
6867,592786,3,2004-01-22
6867,2170873,4,2003-08-08
6867,122197,1,2005-03-09
6867,1826785,3,2004-08-22
6867,1359966,3,2004-12-28
6867,1477153,3,2005-07-07
6867,679801,4,2005-08-17
6867,506024,3,2005-02-16
6867,155486,3,2003-10-16
6867,2291306,3,2004-03-03
6867,612848,3,2004-11-07
6867,169533,4,2004-12-06
6867,491903,4,2004-06-14
6867,1737325,5,2004-08-17
6867,894020,4,2004-12-29
6867,2476145,3,2003-11-10
6867,651403,4,2002-05-10
6867,2256485,1,2004-08-19
6867,225377,3,2004-08-03
6867,2488897,5,2004-05-05
6867,305344,2,2003-05-21
6867,1774623,3,2005-04-05
6867,2203382,3,2001-12-11
6867,2056817,3,2005-05-17
6867,1403217,1,2005-08-15
6867,2402754,3,2000-01-06
6867,620010,3,2004-09-30
6867,2283213,5,2001-09-02
6867,120229,3,2005-04-19
6867,2366462,3,2000-02-01
6867,1996255,2,2003-12-18
6867,1745577,5,2004-10-11
6867,780850,4,2001-06-30
6867,2255880,2,2003-07-11
6867,1801617,5,2005-08-14
6867,1830265,1,2001-11-30
6867,1740812,2,2003-03-05
6867,966013,2,2005-05-29
6867,776066,3,2004-01-06
6867,1806515,3,2005-09-29
6867,387418,3,2003-09-11
6867,336829,2,2003-05-04
6867,1580200,4,2005-02-22
6867,510180,3,1999-12-20
6867,1789747,3,2000-03-04
6867,191776,3,2005-08-04
6867,1663888,3,2004-06-30
6867,1966687,5,2003-12-08
6867,927293,4,2005-10-15
6867,631208,3,2002-08-19
6867,1336061,5,2001-09-19
6867,330646,3,2003-12-19
6867,191869,5,2001-12-04
6867,2165012,3,2005-07-19
6867,1639792,1,2002-04-03
6867,1350353,4,2005-08-31
6867,2087606,2,2004-04-05
6867,781789,5,2005-01-19
6867,2273897,3,2005-02-18
6867,1269502,2,2005-08-03
6867,440294,2,2004-04-26
6867,598554,3,2005-04-28
6867,817677,3,2005-05-04
6867,2486001,3,2003-07-07
6867,1257606,3,2005-02-27
