7581,993150,3,2004-03-09
7581,1218846,3,2004-06-23
7581,1486972,4,2005-09-22
7581,2575506,4,2005-09-23
7581,1528911,1,2005-06-09
7581,955917,5,2005-08-26
7581,1358962,4,2005-01-29
7581,939469,4,2005-07-28
7581,2170930,1,2005-10-23
7581,826999,5,2004-01-06
7581,1332285,4,2005-04-25
7581,2180856,3,2005-11-11
7581,2439493,1,2003-11-23
7581,491876,3,2003-09-22
7581,773572,2,2004-02-11
7581,1506798,3,2003-11-17
7581,2389968,5,2004-05-17
7581,553372,3,2005-02-18
7581,884828,1,2004-02-27
7581,1469621,3,2005-05-09
7581,1594234,5,2005-07-12
7581,2252430,2,2004-01-04
7581,2295268,5,2004-06-18
7581,925337,2,2005-05-22
7581,2198070,3,2005-05-04
7581,468218,2,2004-04-03
7581,1374216,1,2005-09-25
7581,1641583,3,2004-11-02
7581,581868,3,2005-08-08
7581,2060655,5,2004-03-25
7581,184705,3,2004-11-20
7581,68384,4,2003-10-02
7581,1661794,3,2005-12-30
7581,2508012,2,2004-02-22
7581,1397051,4,2004-11-20
7581,303270,2,2004-05-17
7581,2272957,3,2004-12-16
7581,2392576,3,2004-10-06
7581,1664010,3,2005-10-12
7581,360128,3,2004-03-10
7581,1390035,4,2005-03-08
7581,307714,3,2004-06-22
7581,804516,4,2004-06-15
7581,422206,1,2005-09-29
7581,1544021,3,2004-11-23
7581,1756798,2,2005-02-03
7581,223379,3,2004-09-08
7581,2470428,4,2004-03-18
7581,1406418,3,2004-04-20
7581,1621384,2,2004-03-18
7581,2414966,2,2005-07-11
7581,443256,3,2004-12-23
7581,440003,3,2005-10-24
7581,2628085,4,2004-03-29
7581,2616410,4,2003-12-04
7581,529818,3,2004-02-02
7581,885210,4,2003-11-21
7581,230112,1,2004-08-26
7581,1558137,3,2004-03-29
7581,2284890,2,2005-04-06
7581,2034719,2,2005-09-07
7581,2269726,4,2003-10-14
7581,1264021,2,2005-09-17
7581,825493,3,2005-07-13
7581,616154,4,2005-02-11
7581,1280746,4,2004-04-06
7581,2096265,3,2005-08-23
7581,433596,3,2004-12-21
7581,573639,3,2005-03-27
7581,1560807,4,2005-01-19
7581,2536406,5,2005-04-19
7581,1756107,1,2005-09-27
7581,305344,2,2003-07-20
7581,2085523,4,2003-10-07
7581,1562632,4,2005-06-07
7581,1474508,1,2005-01-05
7581,857950,4,2005-05-20
7581,1933193,4,2004-04-22
7581,1147088,2,2004-04-06
7581,336524,1,2004-04-05
7581,1396022,4,2005-09-12
7581,1987823,4,2005-11-08
7581,752642,1,2003-08-04
7581,511899,4,2005-09-14
7581,488966,5,2004-03-10
7581,1722054,5,2003-08-26
7581,2602028,4,2004-08-26
7581,2503022,3,2005-03-20
7581,600710,3,2005-11-28
7581,387418,2,2003-08-14
7581,992700,3,2005-01-27
7581,1932594,1,2004-07-19
7581,552550,3,2005-01-01
7581,1663888,3,2005-09-20
7581,222489,3,2003-10-27
7581,27061,5,2004-07-22
7581,164089,4,2004-02-23
7581,809841,4,2005-12-13
7581,2030079,4,2004-09-28
7581,1639792,1,2003-07-26
7581,1253633,4,2004-05-31
7581,165402,3,2005-11-15
7581,891397,5,2005-11-27
7581,1397570,4,2005-05-17
7581,1214857,1,2004-06-08
7581,2414865,3,2003-09-30
7581,399071,4,2003-11-26
7581,1813977,3,2004-03-10
7581,929660,3,2005-09-20
7581,145437,4,2004-08-13
7581,1325412,1,2004-04-23
7581,2019369,4,2003-10-29
7581,1641425,4,2004-06-17
