10654,1945809,2,2002-11-26
10654,1056998,3,2005-07-18
10654,2241806,5,2005-07-27
10654,1907667,3,2005-08-03
10654,243963,5,2005-08-31
10654,162544,2,2005-08-31
10654,1023708,4,2004-02-23
10654,2238860,5,2004-12-10
10654,2193455,4,2005-03-23
10654,1780909,3,2005-12-08
10654,770026,5,2003-01-13
10654,2325737,5,2004-09-09
10654,1838706,5,2005-03-06
10654,546017,5,2005-06-18
10654,2609870,1,2005-11-01
10654,914508,2,2005-12-19
10654,2018877,4,2005-12-23
10654,2535052,2,2003-06-23
10654,560179,1,2005-07-23
10654,276251,3,2004-04-22
10654,2089693,4,2004-05-11
10654,231110,4,2005-03-16
10654,1977128,4,2005-03-20
10654,2343417,5,2005-05-05
10654,1650301,1,2005-05-12
10654,965418,3,2005-09-22
10654,908205,4,2005-10-08
10654,2260788,3,2003-06-20
10654,619705,3,2005-07-30
10654,2554555,1,2002-09-10
10654,1903877,3,2004-02-09
10654,2092984,5,2004-05-23
10654,1551947,4,2005-08-25
10654,528423,5,2003-05-16
10654,254712,5,2004-12-16
10654,119287,5,2005-04-08
10654,1268887,5,2005-09-28
10654,2149668,4,2005-11-12
10654,856313,5,2005-12-15
10654,1203892,4,2004-07-09
10654,2580331,3,2005-08-18
10654,155899,5,2003-10-27
10654,1984086,5,2004-07-28
10654,1387049,4,2005-06-01
10654,1262112,4,2005-09-26
10654,969295,5,2005-10-20
10654,2459804,4,2005-11-05
10654,1998055,3,2003-04-26
10654,2530840,5,2003-09-20
10654,793754,5,2005-08-02
10654,2431142,5,2004-01-06
10654,2525544,5,2004-03-11
10654,1498198,4,2004-05-15
10654,2059716,5,2005-02-17
10654,1304144,5,2005-09-18
10654,396576,4,2005-12-04
10654,1090654,3,2004-01-11
10654,2439744,5,2005-08-31
10654,177968,5,2004-09-04
10654,1761651,5,2005-06-24
10654,2088489,4,2005-08-15
10654,1968074,1,2003-05-19
10654,1845669,2,2003-07-30
10654,303948,4,2004-10-04
10654,566948,2,2004-12-15
10654,2165853,2,2005-01-27
10654,798171,5,2005-04-24
10654,558634,5,2005-09-16
10654,941624,4,2005-09-26
10654,2240489,4,2003-04-22
10654,491331,2,2005-04-12
10654,635331,2,2004-06-08
10654,1673185,4,2004-11-28
10654,1048939,5,2005-08-11
10654,1181550,2,2004-01-31
10654,1438159,5,2003-06-24
10654,1227322,1,2005-05-13
10654,86365,1,2005-09-04
10654,1272479,4,2005-10-10
10654,632708,5,2005-05-28
10654,829668,5,2005-06-23
10654,2293883,5,2005-09-26
10654,355766,5,2005-10-07
10654,1120202,5,2005-11-01
10654,902532,4,2005-08-27
10654,1469354,2,2004-01-18
10654,1027819,5,2004-04-12
10654,1040388,3,2004-07-15
10654,1062326,3,2005-09-15
10654,1134179,3,2005-09-17
10654,438699,4,2005-10-02
10654,1358681,5,2005-10-16
10654,1220170,4,2005-11-02
10654,1456096,4,2005-12-03
10654,488900,5,2005-12-24
10654,1036823,3,2004-01-15
10654,2559157,2,2005-08-02
10654,1842055,4,2005-09-01
10654,61472,4,2003-09-11
10654,49892,5,2004-08-14
10654,2610536,5,2004-10-23
10654,1197233,1,2005-02-07
10654,571538,2,2005-06-12
10654,2195329,4,2005-10-20
10654,1080872,4,2005-12-09
10654,1179117,2,2005-02-18
10654,1895592,5,2005-11-28
10654,525356,1,2004-08-19
10654,73103,4,2004-08-07
10654,1614636,5,2005-08-15
10654,1274005,4,2004-01-14
10654,2457867,4,2003-12-14
10654,1983493,4,2005-04-22
10654,2266083,5,2005-06-21
10654,686510,5,2005-10-23
10654,273041,4,2005-10-25
10654,2414516,5,2005-11-02
10654,1481961,3,2005-08-24
10654,2575145,3,2004-07-07
10654,2368789,3,2004-07-15
10654,1101854,4,2004-09-23
10654,1575621,3,2004-10-25
10654,1520166,2,2004-11-21
10654,2513674,2,2004-12-20
10654,802240,2,2005-04-28
10654,401047,3,2005-06-17
10654,1494502,5,2005-10-30
10654,31835,4,2005-11-16
10654,1741099,5,2005-07-30
10654,719288,4,2003-06-15
10654,1962947,5,2005-08-21
10654,1142419,4,2003-07-30
10654,329651,4,2005-09-07
10654,2434666,3,2004-06-09
10654,1509395,4,2004-09-19
10654,462799,3,2005-03-26
10654,2605408,5,2005-04-28
10654,2092076,4,2005-10-12
10654,1765185,5,2005-10-23
10654,689758,4,2005-08-24
10654,433697,5,2005-09-02
10654,1262753,1,2004-09-25
10654,1873178,4,2005-09-17
10654,2495584,4,2005-09-27
10654,2595747,5,2003-04-15
10654,2428632,4,2004-01-04
10654,1239410,5,2005-09-10
10654,1066680,5,2004-08-24
10654,1667659,3,2004-08-02
10654,555886,3,2005-06-06
10654,732375,5,2005-10-08
10654,2092564,4,2005-12-14
10654,950299,3,2004-07-26
10654,374858,4,2004-08-05
10654,2485983,3,2004-10-24
10654,2637556,4,2005-02-14
10654,1782505,4,2005-06-19
10654,285031,5,2005-08-08
10654,693461,1,2005-08-21
10654,984584,1,2005-09-06
10654,2465236,4,2004-12-31
10654,1046782,5,2005-06-15
10654,1448116,5,2005-07-04
10654,1137357,2,2005-09-16
10654,962384,3,2005-12-12
10654,2481642,4,2003-05-06
10654,2437854,5,2005-07-31
10654,1938498,5,2005-03-13
10654,1977612,5,2005-08-27
10654,2569044,4,2004-04-02
10654,1691502,4,2004-07-31
10654,2233782,5,2005-04-29
10654,1475417,2,2005-09-07
10654,631747,5,2005-09-12
10654,2587732,5,2005-09-14
10654,155885,2,2002-12-08
10654,177017,5,2003-10-16
10654,1234500,5,2003-04-05
10654,520686,5,2004-07-09
10654,2436583,3,2005-05-02
10654,1400312,4,2005-11-23
10654,732363,2,2005-07-20
10654,248151,5,2005-08-20
10654,625099,1,2004-07-10
10654,962564,3,2005-01-03
10654,103619,3,2005-02-28
10654,227254,5,2005-05-09
10654,349572,4,2005-07-06
10654,2276416,5,2004-08-27
10654,2275357,4,2005-09-06
10654,17240,3,2005-10-14
10654,754329,3,2005-12-01
10654,538610,3,2004-08-05
10654,1240708,4,2003-02-27
10654,1384983,4,2005-08-22
10654,2022595,3,2005-08-30
10654,608538,3,2004-06-16
10654,459619,3,2004-08-28
10654,883478,3,2005-10-10
10654,2079019,5,2005-10-25
10654,1709921,5,2003-01-02
10654,625166,1,2003-04-08
10654,1567202,1,2004-07-21
10654,1982047,5,2004-01-07
10654,383702,5,2005-08-22
10654,1940545,3,2005-06-15
10654,312299,5,2005-12-09
10654,880579,5,2002-11-27
10654,627975,5,2005-08-24
10654,2554750,4,2003-10-01
10654,411705,4,2004-04-23
10654,1490728,4,2004-01-15
10654,2446025,5,2004-10-07
10654,697601,3,2005-10-21
10654,1563429,5,2002-10-01
10654,830370,5,2005-08-18
10654,1788346,1,2003-05-13
10654,182637,1,2003-12-14
10654,1272379,4,2005-01-08
10654,199257,4,2005-05-25
10654,2294839,5,2005-09-19
10654,1465002,4,2005-11-15
10654,1343397,4,2003-08-31
10654,4955,4,2005-08-16
10654,2035299,4,2005-08-20
10654,2511660,1,2005-09-05
10654,1229848,3,2005-09-06
10654,2329026,4,2004-03-27
10654,10947,3,2005-02-06
10654,1103080,5,2005-06-16
10654,1465238,3,2005-09-08
10654,670188,5,2005-10-06
10654,63493,5,2005-11-07
10654,1131325,3,2003-03-20
10654,1937449,5,2005-08-05
10654,1591332,5,2004-02-09
10654,1369085,3,2003-09-29
10654,1575462,3,2004-06-14
10654,2584865,5,2005-08-20
10654,1176462,3,2004-05-30
10654,1659398,4,2005-05-17
10654,625300,5,2005-06-26
10654,2430493,4,2005-09-12
10654,365334,3,2005-10-10
10654,2100574,5,2005-11-04
10654,1583129,3,2005-12-30
10654,1133807,5,2005-07-05
10654,1908244,5,2005-08-12
10654,964730,5,2005-08-24
10654,195504,5,2005-08-24
10654,1317589,3,2004-02-17
10654,2648734,2,2004-03-12
10654,164845,1,2005-02-20
10654,772658,4,2005-06-18
10654,203498,5,2005-06-22
10654,396132,2,2005-09-23
10654,591844,5,2005-10-10
10654,2339556,5,2005-11-07
10654,111085,1,2004-03-03
10654,2092509,2,2005-08-12
10654,2429396,5,2005-08-13
10654,636262,1,2005-08-23
10654,2384098,5,2005-08-24
10654,526970,5,2004-09-24
10654,835307,5,2005-10-01
10654,1682734,5,2005-10-10
10654,1350030,3,2005-12-04
10654,516343,4,2005-07-05
10654,1767335,5,2005-07-17
10654,1618291,5,2005-08-16
10654,1727342,5,2005-08-23
10654,1024554,4,2004-03-11
10654,2134296,4,2004-10-21
10654,441200,4,2005-02-27
10654,2502874,5,2005-03-29
10654,2320454,5,2005-04-01
10654,1756939,1,2005-09-16
10654,1276353,4,2005-11-01
10654,1394924,5,2004-07-08
10654,524672,1,2003-07-24
10654,1613809,5,2004-05-02
10654,2593882,1,2003-04-08
10654,1718527,5,2005-08-23
10654,2062350,3,2003-09-04
10654,982829,4,2004-09-24
10654,436072,5,2005-02-26
10654,2417665,2,2003-07-31
10654,2379951,5,2002-12-27
10654,1391652,5,2005-08-17
10654,400233,2,2005-09-04
10654,1193636,4,2004-03-24
10654,1741931,5,2004-06-05
10654,1819462,2,2005-03-09
10654,397684,5,2005-10-27
10654,1142278,4,2005-10-30
10654,2615235,5,2005-11-05
10654,1389360,2,2005-11-12
10654,592132,4,2005-12-14
10654,1709316,5,2005-07-17
10654,1463088,2,2003-05-18
10654,2439493,1,2003-03-16
10654,479924,5,2005-08-05
10654,786127,1,2003-11-07
10654,530789,5,2005-09-02
10654,301934,4,2004-12-15
10654,1426015,5,2005-01-05
10654,2495043,4,2005-06-16
10654,1236332,4,2005-09-27
10654,2071416,4,2005-11-14
10654,332086,5,2005-07-18
10654,829169,5,2003-07-05
10654,2511101,1,2003-01-17
10654,1280094,3,2004-06-01
10654,1731543,5,2005-10-23
10654,840236,5,2005-10-25
10654,2015284,5,2005-11-05
10654,2622511,4,2004-07-13
10654,2208495,5,2003-02-12
10654,998140,1,2005-09-07
10654,1676419,5,2004-08-18
10654,2593783,4,2005-05-16
10654,1134379,3,2005-05-30
10654,1377657,4,2005-09-21
10654,2397204,4,2005-10-10
10654,887741,5,2005-10-10
10654,1591085,1,2005-11-02
10654,1452127,5,2005-08-05
10654,2396772,4,2005-08-14
10654,2185614,5,2004-05-16
10654,1914703,5,2004-11-04
10654,665413,2,2005-01-19
10654,1518614,5,2005-02-01
10654,1917946,1,2005-03-08
10654,1540655,5,2005-06-19
10654,66179,4,2004-03-25
10654,1414687,4,2005-08-14
10654,1310195,4,2004-04-27
10654,1200504,5,2003-08-17
10654,1385044,3,2003-07-09
10654,555326,1,2004-08-13
10654,238740,3,2004-11-30
10654,2056761,4,2005-02-17
10654,176377,5,2005-09-17
10654,856578,5,2005-09-28
10654,585412,5,2005-10-15
10654,2263447,5,2005-11-27
10654,2455340,3,2005-07-25
10654,368070,5,2003-07-05
10654,2166713,4,2003-11-14
10654,561882,1,2005-08-30
10654,35193,2,2003-10-18
10654,1504165,3,2005-05-17
10654,290700,4,2005-06-15
10654,462113,5,2005-09-13
10654,2431353,4,2005-10-07
10654,641010,4,2005-07-18
10654,924960,5,2004-04-28
10654,1645216,3,2004-05-03
10654,1924616,5,2004-08-03
10654,2045817,5,2004-06-04
10654,668698,3,2004-05-17
10654,57186,4,2005-01-05
10654,109062,2,2005-10-12
10654,887893,5,2005-11-05
10654,2077101,4,2005-11-05
10654,2563107,4,2004-07-16
10654,2274977,4,2003-11-18
10654,1432514,4,2005-08-30
10654,1074677,2,2004-06-24
10654,1862727,3,2004-09-04
10654,1639014,5,2004-09-25
10654,1118241,3,2005-09-14
10654,1905147,4,2005-09-19
10654,657195,5,2005-12-02
10654,2243690,5,2005-12-09
10654,1726347,4,2005-12-26
10654,2389367,4,2004-08-28
10654,1806112,3,2002-12-24
10654,2238788,2,2003-12-09
10654,512952,5,2004-02-03
10654,2607224,4,2003-08-02
10654,165247,5,2005-08-31
10654,1861093,5,2004-05-28
10654,684876,2,2004-05-05
10654,2155681,3,2005-01-25
10654,74320,5,2005-06-21
10654,2599262,5,2005-11-16
10654,592122,5,2005-07-14
10654,536334,5,2005-07-18
10654,479651,4,2005-08-01
10654,1593784,5,2005-08-01
10654,1405644,5,2004-08-09
10654,2485896,5,2004-06-22
10654,2488357,5,2004-07-23
10654,2523426,3,2004-03-04
10654,266509,5,2005-03-20
10654,1869082,5,2005-10-14
10654,2645603,2,2003-04-20
10654,1903822,4,2003-05-20
10654,2040859,1,2004-11-23
10654,609,4,2005-05-04
10654,1691193,5,2005-11-04
10654,1905498,1,2003-07-08
10654,2323264,3,2004-04-16
10654,528356,4,2004-08-18
10654,514829,4,2004-10-04
10654,316752,3,2005-03-13
10654,1329779,4,2005-12-06
10654,247932,4,2005-12-20
10654,480288,3,2004-04-12
10654,1885993,3,2003-03-03
10654,1795884,5,2005-08-05
10654,1177340,4,2004-05-27
10654,1028463,5,2003-12-26
10654,442118,5,2004-06-19
10654,156622,4,2004-09-09
10654,959443,5,2004-08-27
10654,1797483,3,2004-11-21
10654,2381955,3,2004-12-14
10654,935732,3,2005-09-11
10654,1322467,4,2005-11-02
10654,594841,5,2005-11-20
10654,544287,2,2005-08-08
10654,2348508,4,2004-07-13
10654,1268699,4,2004-09-30
10654,2539942,4,2004-11-05
10654,868881,5,2005-09-11
10654,2314419,4,2003-07-01
10654,2474887,3,2004-08-31
10654,2522836,5,2005-08-11
10654,466805,4,2005-08-31
10654,2270392,3,2004-05-12
10654,936415,1,2005-01-20
10654,880688,4,2005-04-25
10654,2567865,5,2005-06-02
10654,743633,5,2005-06-23
10654,1899913,5,2005-10-06
10654,1744594,4,2005-10-19
10654,507037,1,2002-11-13
10654,268739,5,2004-07-21
10654,1041101,4,2004-03-13
10654,2332750,5,2004-08-13
10654,952156,4,2004-03-12
10654,407037,2,2004-11-18
10654,1477732,5,2005-01-25
10654,294265,5,2005-09-16
10654,1087416,5,2005-07-06
10654,943915,4,2004-09-07
10654,38908,5,2005-07-18
10654,139991,3,2003-11-20
10654,1589357,5,2005-08-15
10654,1430461,5,2003-03-30
10654,1704645,1,2005-08-28
10654,2455,4,2004-09-16
10654,1275275,2,2005-01-26
10654,2200804,1,2005-09-26
10654,324092,5,2005-10-18
10654,506602,5,2005-10-19
10654,874505,5,2005-10-30
10654,901046,1,2005-07-08
10654,1787676,1,2003-05-27
10654,1128164,4,2005-07-19
10654,1147641,1,2003-02-14
10654,2220725,5,2003-06-14
10654,551783,5,2005-08-01
10654,1009556,4,2003-08-18
10654,2499102,3,2003-10-01
10654,2248543,4,2004-08-12
10654,2051495,5,2005-08-30
10654,2631426,5,2004-09-09
10654,1851011,5,2003-12-10
10654,1616135,5,2005-06-23
10654,1901591,3,2005-09-25
10654,2397314,3,2003-07-28
10654,1380915,3,2004-05-29
10654,332698,2,2003-04-09
10654,128389,5,2005-07-27
10654,1475939,5,2005-08-02
10654,165060,3,2003-04-08
10654,2432340,4,2004-09-30
10654,769702,4,2005-02-06
10654,2264111,5,2005-12-19
10654,676123,4,2003-09-11
10654,2542777,1,2003-12-31
10654,2452906,4,2005-09-03
10654,1829580,4,2004-08-09
10654,1768540,4,2004-10-05
10654,1060057,3,2005-02-24
10654,2494786,3,2005-10-10
10654,2181739,5,2005-10-22
10654,260644,5,2005-12-07
10654,936393,5,2004-07-12
10654,388514,5,2004-09-23
10654,2457095,2,2004-12-27
10654,384710,4,2005-01-24
10654,1881469,5,2005-10-07
10654,952324,3,2005-12-12
10654,2629138,3,2003-07-01
10654,2329945,4,2005-08-14
10654,353739,4,2003-09-27
10654,1637776,3,2004-03-31
10654,409104,3,2005-08-31
10654,394895,4,2004-05-19
10654,2300816,3,2004-09-23
10654,2449644,4,2005-06-23
10654,700005,4,2005-10-07
10654,2541385,4,2003-04-17
10654,1489224,5,2005-08-08
10654,843448,5,2003-07-21
10654,2276554,4,2003-12-20
10654,1105029,4,2004-09-06
10654,318718,4,2005-09-12
10654,1163442,4,2005-10-28
10654,2331106,4,2005-12-06
10654,2568908,1,2003-01-09
10654,835265,1,2005-02-13
10654,69724,5,2005-06-23
10654,1036350,4,2005-07-14
10654,1565742,3,2003-12-22
10654,1528418,4,2005-08-31
10654,1503879,1,2005-09-01
10654,2550506,3,2005-01-27
10654,770860,4,2004-06-09
10654,2531844,4,2004-11-11
10654,1573228,3,2005-02-14
10654,1048592,1,2005-09-20
10654,2427474,5,2005-10-27
10654,2459926,5,2005-12-24
10654,510904,3,2005-07-20
10654,308897,2,2003-12-05
10654,799765,5,2004-07-06
10654,1912447,4,2004-12-30
10654,2006269,5,2005-10-03
10654,284660,5,2005-10-11
10654,1711346,5,2005-10-18
10654,2401052,4,2005-11-08
10654,2251669,5,2005-12-23
10654,2590515,1,2003-03-30
10654,1724818,1,2004-06-09
10654,1955052,1,2005-09-04
10654,1884510,5,2005-11-14
10654,2084599,5,2004-04-02
10654,1303722,5,2005-07-14
10654,2171409,3,2005-08-30
10654,2072415,5,2004-07-08
10654,1013603,4,2004-08-10
10654,981636,5,2005-10-11
10654,1084434,4,2005-07-14
10654,299857,4,2002-10-19
10654,2328159,4,2005-08-16
10654,1691074,3,2004-07-12
10654,1268483,5,2004-09-10
10654,1810141,5,2005-06-22
10654,1330346,3,2005-09-18
10654,808826,5,2005-10-16
10654,2511993,5,2004-06-01
10654,123750,4,2002-10-14
10654,2426897,5,2003-01-21
10654,1282169,5,2005-08-25
10654,184705,3,2004-11-18
10654,1500246,3,2005-02-20
10654,2084213,5,2005-09-18
10654,1591705,5,2005-10-02
10654,192565,2,2005-07-09
10654,1740987,5,2005-07-17
10654,2316337,3,2002-12-03
10654,1696881,4,2004-08-21
10654,374380,4,2004-08-31
10654,507603,1,2005-03-23
10654,833752,5,2005-10-21
10654,2643375,4,2005-10-22
10654,781810,5,2005-11-04
10654,1763979,1,2005-07-05
10654,2019358,5,2005-07-18
10654,2210272,5,2005-08-07
10654,2268851,5,2005-08-18
10654,1973661,4,2005-02-01
10654,1609424,4,2005-10-23
10654,1579205,5,2003-08-15
10654,341649,3,2002-10-02
10654,624448,5,2005-08-09
10654,1897896,3,2003-03-10
10654,1810311,5,2004-04-02
10654,285208,4,2004-04-13
10654,1555940,1,2004-04-02
10654,1957215,5,2004-08-22
10654,595870,2,2005-01-19
10654,530548,5,2005-10-28
10654,759492,4,2003-04-23
10654,385018,4,2003-06-02
10654,2254892,4,2004-05-10
10654,2409511,3,2003-07-09
10654,1176591,5,2005-08-26
10654,1640334,4,2004-07-13
10654,516041,5,2004-07-26
10654,115507,4,2004-09-19
10654,385094,5,2004-12-17
10654,2055575,5,2005-03-21
10654,2232579,5,2005-05-18
10654,860520,4,2005-06-19
10654,1530425,4,2005-08-01
10654,169917,3,2005-08-20
10654,1563756,4,2005-09-06
10654,1060823,1,2005-09-06
10654,447349,3,2003-07-22
10654,1584159,5,2004-07-24
10654,1561937,3,2002-12-22
10654,2083367,5,2002-10-23
10654,322009,4,2005-08-11
10654,672374,3,2003-11-03
10654,1880098,5,2004-03-15
10654,581952,5,2005-08-31
10654,1225082,5,2005-09-27
10654,2212241,4,2005-10-10
10654,2080599,3,2005-10-13
10654,1744520,5,2005-11-15
10654,2532402,5,2005-12-04
10654,675283,4,2003-06-20
10654,257630,3,2004-12-24
10654,1403833,1,2005-05-28
10654,2119848,5,2005-10-06
10654,235782,5,2005-12-24
10654,806870,3,2003-03-14
10654,1153186,2,2003-10-31
10654,1312661,3,2004-09-28
10654,285683,5,2005-02-01
10654,1957786,5,2003-11-24
10654,2162803,4,2003-07-26
10654,1835142,3,2003-07-21
10654,1566853,3,2004-08-16
10654,1851956,3,2004-12-28
10654,432585,3,2005-07-03
10654,2636005,4,2005-12-03
10654,959968,3,2005-07-06
10654,1578321,1,2002-11-17
10654,1795626,5,2005-08-13
10654,1030519,4,2004-04-28
10654,1132764,5,2004-11-23
10654,724033,5,2005-01-04
10654,595455,4,2005-06-16
10654,1071510,3,2005-09-15
10654,695091,5,2005-07-17
10654,1677216,3,2003-05-14
10654,2051329,5,2003-06-29
10654,1841317,5,2003-10-17
10654,1087649,3,2004-06-01
10654,615123,3,2004-10-08
10654,1008791,1,2005-09-25
10654,1664010,5,2005-10-15
10654,774643,4,2005-10-26
10654,1142169,5,2005-10-29
10654,349403,2,2004-08-31
10654,678151,5,2003-03-28
10654,2465967,5,2003-10-01
10654,2327743,3,2004-01-17
10654,1296231,4,2003-11-25
10654,1672953,4,2004-08-07
10654,1446909,1,2005-10-20
10654,75624,5,2005-10-27
10654,307483,3,2005-12-17
10654,138153,4,2003-05-22
10654,2513873,5,2005-08-23
10654,1897101,3,2003-12-12
10654,1775696,5,2005-09-03
10654,2182976,3,2005-09-05
10654,62499,4,2005-02-10
10654,459871,5,2005-07-12
10654,2073960,3,2003-06-21
10654,339623,4,2003-10-07
10654,333739,2,2003-05-12
10654,1049315,1,2004-08-01
10654,2142662,3,2004-06-22
10654,44397,4,2004-09-28
10654,1178543,5,2005-09-27
10654,2647005,1,2004-06-16
10654,1010516,4,2004-03-12
10654,1285092,5,2004-09-22
10654,2435727,4,2004-09-27
10654,1811832,3,2005-07-28
10654,349767,3,2003-05-21
10654,1269877,4,2004-07-08
10654,2227543,3,2005-08-23
10654,541048,4,2003-12-24
10654,804056,4,2004-09-05
10654,321090,5,2005-06-22
10654,563685,3,2004-05-07
10654,1582990,5,2005-09-18
10654,729775,5,2005-12-16
10654,877394,1,2003-11-08
10654,253217,5,2005-05-15
10654,1137522,5,2005-09-09
10654,439134,3,2005-11-08
10654,1510806,5,2005-07-17
10654,1375325,5,2002-10-06
10654,1156403,3,2003-02-14
10654,36104,4,2004-03-29
10654,78885,3,2004-07-29
10654,958356,5,2004-09-22
10654,2467784,5,2004-10-04
10654,873713,1,2004-10-25
10654,274675,5,2005-10-16
10654,766938,5,2005-11-14
10654,781303,3,2004-09-13
10654,280838,3,2004-11-04
10654,212390,5,2005-01-19
10654,1650752,5,2005-03-16
10654,2256731,1,2005-05-15
10654,1176322,2,2005-09-22
10654,1641506,5,2005-09-26
10654,1215584,5,2005-10-23
10654,927129,5,2003-09-10
10654,1675269,5,2005-08-02
10654,185979,4,2005-08-14
10654,2438263,5,2005-09-03
10654,1064504,4,2005-09-04
10654,627814,3,2003-07-09
10654,2514777,1,2003-11-04
10654,1468548,5,2004-08-17
10654,779811,4,2004-10-01
10654,418779,5,2005-02-18
10654,2489545,3,2005-05-09
10654,2117446,5,2005-06-21
10654,2373521,5,2005-09-15
10654,992021,3,2005-12-06
10654,251595,5,2005-07-19
10654,314146,5,2005-07-19
10654,1148389,2,2003-07-06
10654,525877,5,2004-06-05
10654,1803872,5,2004-06-08
10654,2037342,5,2004-07-27
10654,1026933,5,2004-09-24
10654,756817,4,2005-10-03
10654,1770320,4,2005-11-03
10654,862040,3,2003-07-16
10654,2005941,5,2003-09-16
10654,2522284,3,2004-06-28
10654,2646899,5,2004-09-21
10654,315542,5,2004-12-22
10654,1301819,5,2005-03-04
10654,75976,5,2005-03-31
10654,2137979,5,2005-04-24
10654,569774,5,2005-07-13
10654,1298511,1,2003-07-08
10654,1604544,4,2005-08-02
10654,2203612,4,2003-03-28
10654,1765368,4,2005-08-27
10654,1772215,5,2004-07-24
10654,1527900,1,2004-08-03
10654,1949871,4,2005-02-10
10654,1181673,4,2005-09-07
10654,810429,5,2005-09-16
10654,719294,3,2003-11-16
10654,971103,4,2004-06-22
10654,2587746,4,2005-01-08
10654,369788,2,2005-01-28
10654,2118083,3,2005-09-25
10654,1515936,4,2005-10-17
10654,682084,5,2005-10-28
10654,31259,4,2005-11-08
10654,724330,4,2003-08-02
10654,1821474,3,2003-06-11
10654,1837325,5,2005-08-18
10654,942513,5,2005-08-28
10654,981753,3,2004-03-30
10654,933819,5,2004-09-14
10654,1681416,4,2005-07-01
10654,655385,4,2005-10-12
10654,1971298,4,2005-10-31
10654,350415,5,2005-07-06
10654,1917540,3,2005-07-15
10654,1467319,5,2005-08-27
10654,892694,5,2005-08-30
10654,134640,2,2005-09-06
10654,648403,4,2004-08-11
10654,1806731,4,2004-11-01
10654,1935793,1,2005-03-18
10654,835416,5,2005-04-22
10654,1980314,2,2005-10-17
10654,259581,3,2004-01-28
10654,1819629,2,2005-08-24
10654,1380577,2,2004-10-20
10654,2442925,5,2005-10-10
10654,1618721,4,2003-09-16
10654,2115175,3,2005-07-16
10654,780253,3,2002-11-10
10654,2553056,3,2002-12-08
10654,1106280,5,2003-09-19
10654,366701,3,2004-06-26
10654,2563277,1,2004-06-30
10654,2134826,3,2004-11-02
10654,1972798,1,2005-01-19
10654,773432,5,2005-10-03
10654,1538940,5,2005-12-19
10654,166041,4,2005-07-30
10654,1980663,3,2004-04-11
10654,952063,1,2005-04-01
10654,2455393,3,2005-04-10
10654,1149569,1,2005-09-17
10654,285797,5,2005-10-22
10654,2055928,5,2005-07-16
10654,2389824,5,2005-07-18
10654,722591,5,2004-08-26
10654,2291306,1,2004-02-19
10654,257095,5,2004-12-08
10654,1879099,5,2005-01-31
10654,2627190,4,2005-03-07
10654,2313292,3,2005-04-18
10654,367258,3,2005-10-03
10654,1706866,4,2005-10-10
10654,1890744,5,2004-07-20
10654,1111943,5,2003-10-29
10654,595685,1,2005-08-31
10654,1750812,3,2004-07-08
10654,531125,1,2004-07-20
10654,1036946,4,2004-12-20
10654,1778955,1,2005-03-04
10654,3321,4,2005-09-27
10654,685565,5,2005-10-04
10654,1676373,5,2005-10-05
10654,525021,5,2005-11-08
10654,1273493,2,2005-12-17
10654,164245,3,2005-07-14
10654,1339451,4,2002-10-17
10654,1911583,2,2003-03-27
10654,433651,5,2005-08-09
10654,564341,1,2005-08-31
10654,1768807,5,2004-06-05
10654,1378848,2,2004-08-21
10654,2225743,1,2005-02-04
10654,1842770,1,2005-04-13
10654,1349717,4,2005-06-08
10654,1505206,4,2005-10-13
10654,1054188,5,2005-11-14
10654,1622407,5,2005-07-19
10654,2207127,3,2005-08-07
10654,1221912,1,2003-05-22
10654,834131,5,2004-05-26
10654,1721412,5,2004-09-26
10654,777074,5,2004-09-28
10654,1765744,4,2004-11-24
10654,2182282,5,2004-12-31
10654,260103,3,2005-01-06
10654,781131,2,2005-02-27
10654,535156,5,2005-06-20
10654,1954343,5,2005-07-14
10654,2631157,3,2004-03-02
10654,1116511,2,2004-09-22
10654,1493531,3,2005-11-14
10654,1414934,2,2005-12-12
10654,54614,1,2004-01-27
10654,2275470,5,2004-02-05
10654,2534061,1,2003-02-28
10654,996031,1,2005-09-01
10654,802830,3,2005-09-04
10654,1857889,4,2004-12-01
10654,2509609,2,2005-09-22
10654,1548039,2,2005-08-13
10654,2457720,5,2005-09-02
10654,1103791,4,2005-09-05
10654,1416785,4,2003-06-21
10654,1317671,1,2004-10-05
10654,1007754,5,2005-10-24
10654,1006456,5,2005-12-17
10654,748141,4,2005-07-17
10654,1232966,4,2005-07-19
10654,2630038,4,2002-11-30
10654,2607155,1,2002-10-13
10654,1097064,3,2004-06-03
10654,110322,4,2005-08-19
10654,1588745,5,2005-09-06
10654,1446054,5,2004-08-09
10654,1437326,5,2004-10-04
10654,1653796,2,2005-01-19
10654,267588,5,2005-02-24
10654,1632345,3,2005-02-28
10654,480466,5,2005-10-25
10654,386947,3,2004-04-07
10654,677214,3,2003-03-13
10654,2532109,3,2004-08-02
10654,653568,5,2004-06-09
10654,446465,4,2004-10-19
10654,1433537,3,2005-09-08
10654,442404,3,2005-10-08
10654,2103536,3,2005-11-05
10654,1456376,5,2005-07-24
10654,875221,3,2003-09-13
10654,445423,5,2003-02-27
10654,2055175,3,2002-11-21
10654,894055,4,2004-03-17
10654,79527,5,2003-04-07
10654,1559083,4,2004-03-13
10654,1528604,3,2004-06-26
10654,1691081,4,2004-10-19
10654,1438031,5,2005-05-16
10654,850008,5,2005-10-03
10654,761476,1,2005-09-14
10654,1226051,5,2002-11-26
10654,1390458,5,2005-08-21
10654,1174043,5,2004-07-12
10654,564895,5,2004-12-27
10654,2130735,3,2005-05-08
10654,379356,3,2005-06-30
10654,372972,4,2004-04-19
10654,1769206,5,2005-08-27
10654,155245,5,2004-07-29
10654,1453267,5,2005-05-22
10654,1802819,3,2005-11-08
10654,881873,4,2005-11-14
10654,2177630,3,2004-05-24
10654,1543248,4,2004-09-13
10654,413150,3,2004-08-25
10654,647979,3,2005-04-10
10654,1740380,5,2005-09-12
10654,2134226,5,2005-10-30
10654,1511623,5,2003-02-14
10654,1615270,2,2004-02-26
10654,716173,5,2005-08-20
10654,1183806,3,2004-04-24
10654,2397508,4,2004-07-30
10654,1988375,4,2004-04-21
10654,1461864,4,2005-03-02
10654,1228542,1,2005-09-05
10654,759737,2,2005-11-30
10654,1316618,5,2004-02-09
10654,1451109,1,2005-09-01
10654,1079253,4,2005-09-03
10654,316006,3,2005-09-21
10654,1407227,3,2005-09-28
10654,798296,1,2002-11-06
10654,1074020,3,2003-01-17
10654,2430041,2,2003-02-14
10654,2439370,5,2004-03-09
10654,1567970,5,2004-06-09
10654,682963,4,2005-06-20
10654,807111,2,2005-06-22
10654,2446467,5,2005-09-18
10654,540803,4,2005-09-27
10654,1114607,5,2005-10-22
10654,91234,5,2005-11-01
10654,2160996,5,2005-11-07
10654,1282871,4,2005-07-18
10654,413530,4,2005-09-02
10654,504620,5,2005-09-13
10654,1428050,5,2005-11-29
10654,895935,4,2005-07-06
10654,1587543,4,2004-09-03
10654,2200741,4,2004-11-08
10654,1153562,5,2005-02-15
10654,2490423,5,2005-06-05
10654,1156354,5,2005-05-17
10654,759638,5,2005-09-15
10654,24438,1,2005-10-27
10654,417746,4,2005-07-31
10654,2165875,5,2005-08-04
10654,904842,4,2003-04-10
10654,2156492,4,2003-11-03
10654,566720,5,2004-11-30
10654,2264726,4,2005-02-01
10654,1747640,4,2005-09-12
10654,732492,4,2004-06-18
10654,894339,3,2004-07-26
10654,76638,5,2005-08-07
10654,962044,4,2003-05-21
10654,693563,3,2004-06-14
10654,319058,5,2004-06-21
10654,276125,5,2005-09-30
10654,1018928,5,2005-11-11
10654,2073292,3,2005-07-26
10654,2360137,1,2003-07-20
10654,2579163,4,2005-08-12
10654,1748443,1,2005-08-28
10654,705787,4,2003-06-23
10654,989152,4,2005-09-12
10654,250059,3,2005-10-11
10654,2124539,1,2005-11-11
10654,449213,4,2005-07-05
10654,886841,3,2003-05-22
10654,577849,4,2003-01-11
10654,1460791,4,2005-08-01
10654,2043149,4,2004-09-10
10654,1757347,4,2003-03-21
10654,2467361,5,2005-08-31
10654,1178081,5,2003-10-22
10654,1672832,1,2004-06-03
10654,1627955,5,2004-05-07
10654,2581279,3,2004-11-22
10654,1575939,5,2004-11-24
10654,761197,2,2005-01-29
10654,583204,5,2005-03-03
10654,697935,5,2005-05-04
10654,964847,5,2005-06-16
10654,1903587,2,2005-09-07
10654,254789,5,2005-11-29
10654,1176845,5,2005-12-03
10654,2577960,5,2005-12-27
10654,1141044,4,2005-08-02
10654,689097,4,2002-12-17
10654,1030579,2,2004-07-22
10654,1374069,2,2005-09-01
10654,2646347,4,2004-08-06
10654,1548870,3,2004-03-12
10654,858905,5,2005-02-23
10654,1608476,5,2005-02-27
10654,737739,2,2005-03-07
10654,2019921,5,2005-11-11
10654,305344,4,2003-05-14
10654,458018,5,2004-06-28
10654,2513870,4,2003-05-27
10654,326661,5,2005-03-21
10654,1197493,3,2004-07-12
10654,695562,5,2004-05-18
10654,2077046,3,2005-04-23
10654,216059,1,2005-04-24
10654,680507,2,2005-10-31
10654,1984120,4,2005-12-20
10654,844028,5,2004-06-01
10654,635056,3,2005-09-28
10654,2226510,3,2004-01-05
10654,2042985,5,2003-08-02
10654,1974599,2,2005-02-03
10654,2414198,1,2005-06-21
10654,1835080,5,2005-09-30
10654,689215,5,2005-10-13
10654,487867,5,2005-10-21
10654,1710658,4,2005-12-05
10654,1205174,5,2005-07-15
10654,2273990,5,2003-01-07
10654,2603059,3,2005-02-01
10654,330460,5,2005-02-08
10654,1523710,4,2005-09-09
10654,1158779,1,2005-09-20
10654,2560657,4,2005-09-25
10654,2037693,3,2004-05-27
10654,75836,5,2003-03-03
10654,1144671,5,2005-08-23
10654,196301,5,2004-09-08
10654,788067,1,2004-01-30
10654,53694,1,2004-06-21
10654,1522427,3,2004-10-19
10654,689488,3,2004-11-11
10654,2192308,5,2005-01-19
10654,2147527,2,2005-11-18
10654,1206008,3,2003-09-27
10654,1428930,1,2004-12-29
10654,651230,1,2005-05-26
10654,2260460,1,2005-06-17
10654,1985851,3,2005-09-20
10654,508491,5,2005-09-23
10654,2585563,3,2005-09-30
10654,319591,5,2005-10-17
10654,356047,4,2005-10-24
10654,1183437,4,2005-11-08
10654,1069747,4,2005-11-14
10654,232877,4,2004-04-02
10654,2504803,3,2004-11-06
10654,768876,5,2005-01-19
10654,137204,5,2005-09-23
10654,168729,4,2005-09-30
10654,2593365,4,2005-08-02
10654,1452396,5,2005-08-10
10654,1145740,5,2004-04-22
10654,332471,5,2004-09-03
10654,159336,3,2004-05-31
10654,274014,5,2004-09-24
10654,2464081,4,2004-11-24
10654,541831,4,2004-12-31
10654,1486688,3,2005-03-15
10654,2005083,3,2005-05-10
10654,872311,5,2005-10-20
10654,124598,5,2005-09-21
10654,2137304,3,2005-09-29
10654,1815174,5,2005-10-03
10654,2286588,5,2005-10-18
10654,2150746,4,2005-08-11
10654,1753471,1,2004-08-28
10654,607621,2,2005-05-16
10654,363845,3,2005-05-27
10654,1459971,5,2005-06-16
10654,2009589,5,2005-09-05
10654,1169771,5,2005-09-26
10654,2556129,5,2005-12-10
10654,982450,4,2005-07-14
10654,494440,5,2005-08-10
10654,2074458,5,2005-08-10
10654,1798984,5,2005-08-18
10654,2521856,5,2005-08-26
10654,2629660,3,2004-07-05
10654,1559109,3,2004-01-09
10654,1831361,3,2004-12-28
10654,1473641,5,2005-03-07
10654,2245719,5,2005-10-02
10654,2473986,5,2005-08-03
10654,1146103,4,2005-08-07
10654,2443690,5,2004-09-28
10654,1396680,5,2005-09-06
10654,2288744,3,2005-10-18
10654,1223912,3,2004-01-08
10654,2315012,2,2005-07-29
10654,2611202,5,2004-06-29
10654,427186,3,2004-08-16
10654,1851333,1,2005-09-16
10654,983069,4,2005-09-20
10654,2118797,5,2005-09-20
10654,128933,5,2005-09-22
10654,1376627,5,2005-10-15
10654,672286,4,2005-11-07
10654,2099294,4,2005-12-01
10654,2070186,5,2005-12-17
10654,1825531,5,2005-12-20
10654,2417320,3,2005-07-06
10654,1778011,3,2003-02-12
10654,674927,3,2002-11-11
10654,1453686,3,2003-06-17
10654,1494802,1,2005-08-23
10654,1638745,5,2005-08-28
10654,1688096,4,2004-11-07
10654,2119340,1,2004-06-22
10654,1049467,3,2005-07-29
10654,1638252,3,2002-10-23
10654,1452669,1,2002-11-18
10654,573077,1,2003-06-20
10654,2640109,2,2003-09-02
10654,1929129,4,2005-09-02
10654,364280,3,2004-06-15
10654,1462792,5,2005-09-10
10654,1371388,5,2005-10-24
10654,1497007,5,2005-10-24
10654,608501,1,2004-05-18
10654,1242681,5,2003-05-30
10654,137394,3,2005-08-30
10654,2421282,5,2005-05-15
10654,1063243,5,2005-10-27
10654,2083951,5,2005-11-01
10654,1814516,5,2005-11-05
10654,1849620,5,2004-07-15
10654,482951,5,2004-09-12
10654,2432848,3,2004-06-22
10654,2276002,3,2004-10-04
10654,1638280,3,2004-11-12
10654,2005241,4,2004-12-14
10654,2098983,5,2005-10-10
10654,1866094,3,2005-09-01
10654,823101,4,2005-09-02
10654,1889646,4,2005-05-15
10654,1319879,5,2005-09-28
10654,1575579,3,2005-12-05
10654,1934002,2,2005-12-10
10654,517454,5,2005-12-18
10654,1839384,4,2005-08-05
10654,1565082,3,2004-04-20
10654,1336765,5,2003-10-10
10654,648238,5,2005-10-16
10654,1907843,1,2005-10-21
10654,752642,2,2002-10-01
10654,922812,5,2005-07-20
10654,121802,3,2005-07-27
10654,488551,5,2005-07-27
10654,2062083,2,2002-10-15
10654,1121663,3,2002-11-03
10654,2322355,1,2004-07-21
10654,1370506,4,2004-09-11
10654,1695436,5,2005-10-26
10654,555528,2,2002-10-19
10654,1649513,5,2005-08-02
10654,924322,5,2005-09-27
10654,763240,5,2005-10-20
10654,377907,5,2005-07-27
10654,1621383,5,2003-03-03
10654,1308228,5,2002-12-01
10654,1005371,4,2005-08-17
10654,1535638,5,2004-03-23
10654,1107588,4,2004-01-24
10654,507873,1,2005-01-27
10654,1257438,4,2005-03-15
10654,2018894,3,2005-05-17
10654,418370,4,2005-09-12
10654,1776727,4,2005-07-14
10654,844459,5,2004-05-18
10654,347350,4,2003-02-24
10654,2041180,5,2005-08-09
10654,2332377,5,2005-08-09
10654,2255880,2,2004-10-20
10654,2136203,4,2005-08-14
10654,2580101,5,2003-03-16
10654,2367331,5,2005-08-22
10654,808853,4,2003-12-29
10654,2067874,4,2004-11-09
10654,1800224,3,2003-12-02
10654,534933,4,2004-04-01
10654,2568582,5,2004-06-12
10654,1417433,4,2004-08-02
10654,1327819,3,2004-10-19
10654,1561960,1,2005-01-20
10654,10679,5,2005-02-02
10654,2026317,3,2005-07-03
10654,543560,5,2005-09-18
10654,1401742,5,2005-10-06
10654,854293,5,2005-10-16
10654,125769,4,2005-07-19
10654,2187886,5,2005-07-20
10654,1378155,2,2004-05-05
10654,2056022,1,2003-02-12
10654,2031038,2,2003-09-02
10654,57541,4,2003-12-09
10654,592277,1,2003-10-02
10654,1124753,5,2004-12-14
10654,1390862,1,2005-10-10
10654,998550,3,2005-10-29
10654,1992636,3,2005-12-28
10654,1769638,2,2003-12-16
10654,354581,5,2005-07-19
10654,76916,5,2002-10-28
10654,1131588,3,2005-08-30
10654,2576182,5,2004-04-25
10654,2032648,3,2004-11-14
10654,2397185,3,2005-05-25
10654,113597,4,2005-06-13
10654,2452947,4,2005-12-04
10654,891800,5,2005-12-16
10654,1757056,4,2005-09-01
10654,1021052,4,2005-09-05
10654,651129,4,2004-07-22
10654,2307846,5,2004-09-17
10654,1963479,4,2004-10-20
10654,896279,4,2005-03-03
10654,1457144,5,2004-06-04
10654,1432790,3,2005-08-07
10654,1034831,2,2003-02-14
10654,979424,4,2004-07-20
10654,183643,5,2005-08-27
10654,465414,1,2004-08-27
10654,1262782,5,2004-08-19
10654,2247982,5,2004-08-17
10654,2239892,5,2004-11-18
10654,1002453,5,2005-09-27
10654,1429994,3,2005-12-03
10654,2130348,3,2003-09-09
10654,1447312,4,2004-02-22
10654,2176465,2,2005-02-18
10654,1896143,2,2005-02-18
10654,1879449,5,2005-03-06
10654,2426088,1,2005-03-09
10654,107435,4,2005-05-24
10654,557449,5,2005-10-20
10654,1057021,3,2005-10-27
10654,13432,3,2005-07-31
10654,303002,4,2005-08-23
10654,2577467,5,2005-08-27
10654,567512,1,2003-09-22
10654,1679999,5,2005-09-22
10654,1181111,4,2005-10-14
10654,857132,1,2005-10-15
10654,1151836,4,2005-11-04
10654,22670,5,2005-12-23
10654,415605,4,2005-08-16
10654,680389,3,2004-02-27
10654,702403,4,2005-10-13
10654,622522,3,2005-03-16
10654,336578,5,2005-10-05
10654,112170,4,2005-10-13
10654,670488,5,2005-12-10
10654,902331,5,2004-05-21
10654,2642880,2,2005-08-30
10654,2548206,2,2005-09-01
10654,51195,4,2003-09-19
10654,1153380,3,2003-08-18
10654,2220732,1,2003-12-29
10654,2518550,2,2005-03-20
10654,1728944,3,2005-03-21
10654,632448,4,2005-04-27
10654,611508,4,2005-09-06
10654,1190829,4,2004-09-13
10654,1522685,5,2005-07-28
10654,705636,5,2005-08-25
10654,677583,3,2005-08-26
10654,1885155,5,2005-09-06
10654,1118921,3,2003-11-09
10654,389986,5,2004-07-12
10654,385781,4,2005-05-13
10654,527256,4,2005-09-20
10654,1552487,5,2005-10-01
10654,583875,5,2005-11-12
10654,2466957,5,2005-08-04
10654,2241499,4,2003-02-18
10654,1057882,3,2003-10-07
10654,1580673,4,2005-08-18
10654,2118461,5,2005-08-29
10654,115490,5,2004-08-11
10654,1806515,3,2005-09-16
10654,2594373,4,2005-10-10
10654,363227,4,2005-11-18
10654,1043497,3,2004-05-01
10654,522180,5,2002-11-14
10654,237286,3,2002-10-14
10654,623868,4,2005-05-17
10654,2450884,4,2004-06-29
10654,1781160,5,2004-09-24
10654,890041,3,2004-10-20
10654,2157060,1,2004-11-21
10654,1398222,4,2005-10-06
10654,2447866,5,2005-07-19
10654,1548363,3,2005-08-04
10654,2538567,3,2005-08-09
10654,2593295,4,2004-04-05
10654,529687,3,2005-02-25
10654,1584985,4,2005-01-31
10654,814740,2,2005-02-06
10654,1748429,4,2005-04-20
10654,1719737,4,2005-12-24
10654,387418,1,2003-07-31
10654,2086085,4,2005-09-03
10654,977703,5,2004-07-26
10654,384214,3,2004-03-01
10654,1171959,5,2004-05-27
10654,790054,4,2005-03-09
10654,754161,4,2005-06-21
10654,1470953,1,2005-10-09
10654,2301550,5,2005-10-25
10654,691808,4,2003-04-01
10654,947425,5,2004-08-29
10654,994714,5,2004-08-25
10654,970756,3,2004-09-25
10654,900096,5,2005-03-15
10654,2452430,4,2005-06-20
10654,1250802,5,2005-09-12
10654,136617,4,2005-10-24
10654,1005165,4,2005-10-26
10654,5827,5,2005-12-05
10654,805149,2,2003-08-03
10654,1284318,3,2003-12-03
10654,527843,3,2003-07-29
10654,107909,3,2003-11-17
10654,1201867,4,2005-01-01
10654,601317,5,2005-06-23
10654,1118111,5,2003-01-01
10654,884558,3,2003-12-09
10654,1156933,5,2005-08-14
10654,1266206,4,2004-06-11
10654,625957,5,2005-08-28
10654,1943329,5,2003-08-15
10654,2188339,2,2005-08-30
10654,2149035,3,2005-08-30
10654,314636,4,2005-09-09
10654,525945,3,2003-08-01
10654,1424768,5,2004-08-16
10654,2322633,3,2004-07-14
10654,1155156,5,2004-06-01
10654,361327,5,2005-01-31
10654,545015,4,2005-10-28
10654,293749,1,2005-12-21
10654,2386370,4,2003-11-18
10654,1834123,5,2005-08-18
10654,1499254,5,2003-06-30
10654,524402,2,2003-10-07
10654,525666,2,2004-06-16
10654,1880119,3,2004-06-25
10654,794999,5,2004-05-28
10654,1540290,3,2004-10-04
10654,1932594,2,2005-01-09
10654,512690,3,2005-01-30
10654,2619337,3,2005-02-09
10654,2056980,5,2005-04-02
10654,16273,3,2005-04-24
10654,129845,4,2005-06-23
10654,170441,5,2005-10-14
10654,895819,4,2003-12-17
10654,1147045,4,2003-01-22
10654,1493504,4,2003-08-06
10654,2608976,3,2005-08-16
10654,2154240,4,2004-06-15
10654,1363626,5,2005-06-20
10654,1317124,5,2005-12-14
10654,2572516,4,2005-08-02
10654,1459584,2,2005-08-11
10654,849959,5,2005-08-18
10654,1775209,5,2003-09-04
10654,616006,2,2004-08-08
10654,1745676,5,2004-10-04
10654,622994,4,2005-01-23
10654,2171187,4,2005-02-02
10654,1091316,4,2005-10-18
10654,275600,5,2005-11-02
10654,933855,1,2004-05-02
10654,1663694,2,2004-06-14
10654,1100348,4,2003-05-18
10654,2014026,1,2005-08-29
10654,2072336,3,2004-01-22
10654,404751,4,2004-09-15
10654,1663888,3,2004-10-25
10654,401570,5,2004-11-08
10654,502149,3,2005-02-16
10654,2011750,5,2005-09-13
10654,335635,4,2005-09-18
10654,970044,4,2005-10-10
10654,831775,2,2005-10-14
10654,2244204,5,2005-11-26
10654,59228,5,2005-07-29
10654,178013,5,2005-09-01
10654,531010,3,2004-09-13
10654,1261966,5,2004-10-06
10654,2583202,1,2005-03-26
10654,1461435,1,2005-05-16
10654,2425674,5,2005-09-15
10654,2198129,4,2005-09-18
10654,1450883,4,2005-09-23
10654,322163,5,2005-10-29
10654,1256120,5,2005-07-27
10654,2049204,4,2003-01-20
10654,2395020,5,2005-08-15
10654,375199,5,2005-09-02
10654,2069442,2,2003-10-22
10654,1812378,3,2005-06-14
10654,2073563,5,2005-09-23
10654,460258,4,2005-08-17
10654,2632653,3,2003-08-22
10654,1893120,4,2004-08-26
10654,2346264,5,2004-09-18
10654,1481308,5,2004-09-27
10654,1840542,1,2005-01-19
10654,2622899,1,2005-09-08
10654,1826369,5,2005-09-11
10654,2484060,5,2005-10-31
10654,741458,5,2005-11-07
10654,2242997,3,2005-11-09
10654,1442327,1,2005-12-05
10654,685113,5,2005-12-08
10654,1893668,4,2003-03-18
10654,1334401,4,2003-03-28
10654,133129,4,2005-08-09
10654,263358,4,2003-06-27
10654,2012077,4,2005-09-03
10654,2291170,5,2005-09-07
10654,788936,3,2004-08-27
10654,642384,5,2004-03-27
10654,480499,3,2004-05-03
10654,2319604,5,2005-07-30
10654,769314,5,2005-08-09
10654,2330786,4,2005-08-10
10654,1466573,5,2005-09-13
10654,1639792,1,2002-10-15
10654,10779,5,2004-02-01
10654,1515355,4,2003-03-28
10654,2181518,1,2003-02-14
10654,1732513,5,2005-08-30
10654,1396833,5,2005-09-05
10654,189443,3,2005-05-11
10654,1600960,5,2005-09-27
10654,288127,5,2005-11-06
10654,57633,4,2003-04-25
10654,872591,3,2003-03-03
10654,2090942,5,2003-05-05
10654,611999,5,2002-10-20
10654,12449,4,2005-08-04
10654,1636243,3,2003-03-12
10654,732567,5,2005-08-21
10654,1062725,5,2004-08-17
10654,390112,5,2005-08-31
10654,1659075,5,2005-09-02
10654,540137,5,2003-10-08
10654,267780,2,2004-11-14
10654,371701,2,2005-03-31
10654,814013,5,2005-10-10
10654,2373636,5,2005-11-07
10654,982661,4,2005-12-16
10654,1025888,5,2005-07-17
10654,642551,2,2004-06-01
10654,915959,5,2005-08-04
10654,535510,3,2005-08-16
10654,734347,1,2004-06-03
10654,998236,4,2004-06-23
10654,1039605,3,2005-01-07
10654,1974194,4,2005-10-07
10654,2247375,5,2005-10-30
10654,2239073,5,2005-12-09
10654,2204513,5,2005-12-14
10654,2081789,5,2005-07-16
10654,2460347,1,2005-12-19
10654,903666,4,2004-08-19
10654,788431,3,2004-09-14
10654,398371,4,2004-07-06
10654,1290593,5,2005-02-07
10654,518137,4,2005-09-19
10654,358002,5,2005-12-07
10654,1832073,4,2004-06-14
10654,1624464,5,2004-12-04
10654,262360,3,2003-04-14
10654,1545694,5,2005-07-28
10654,1002509,1,2005-05-30
10654,557502,4,2005-10-13
10654,3363,3,2002-10-19
10654,1173570,1,2002-10-17
10654,874948,4,2005-08-09
10654,275509,5,2005-08-13
10654,69802,1,2004-08-01
10654,662106,2,2004-11-23
10654,825676,3,2005-12-01
10654,663118,1,2003-07-24
10654,1686877,5,2003-05-25
10654,59005,1,2004-08-26
10654,2282670,4,2003-08-19
10654,242681,4,2003-10-02
10654,2238060,5,2004-08-17
10654,214125,2,2004-12-17
10654,1658790,3,2005-06-29
10654,642200,5,2005-09-18
10654,120450,4,2005-10-17
10654,2320387,4,2005-12-19
10654,2203809,5,2004-06-09
10654,867381,5,2004-05-30
10654,2232563,2,2004-07-04
10654,1008232,4,2003-05-18
10654,585922,5,2004-11-16
10654,1769993,5,2005-06-15
10654,1110479,5,2005-11-07
10654,770228,5,2005-12-14
10654,508662,5,2005-12-27
10654,30288,3,2003-10-24
10654,1612901,5,2005-08-24
10654,2305784,4,2004-03-22
10654,246686,4,2004-08-22
10654,942304,4,2004-11-09
10654,1486956,3,2005-03-26
10654,287566,5,2005-09-25
10654,2642382,5,2005-09-30
10654,948180,2,2005-10-31
10654,796904,5,2005-12-03
10654,313926,2,2003-08-28
10654,1401974,3,2003-12-28
10654,2394268,4,2005-08-27
10654,1778259,5,2005-09-04
10654,1942350,4,2004-04-20
10654,629389,1,2004-04-28
10654,2063973,5,2004-09-11
10654,1607021,5,2004-10-04
10654,1257454,1,2005-01-05
10654,2320697,3,2003-09-15
10654,2337373,5,2004-01-22
10654,642194,3,2004-01-10
10654,272577,5,2004-03-21
10654,2107418,3,2005-01-27
10654,1156054,4,2005-03-27
10654,2226346,5,2005-03-28
10654,2550915,1,2005-09-20
10654,1044403,4,2005-11-05
10654,2262353,5,2003-06-09
10654,1361661,4,2004-07-27
10654,2084200,3,2005-02-21
10654,911514,3,2005-03-14
10654,978104,4,2005-09-08
10654,2523435,5,2005-09-13
10654,2234889,3,2005-09-15
10654,1261686,3,2005-09-18
10654,435680,5,2005-11-02
10654,2429294,5,2005-11-06
10654,330526,5,2005-12-08
10654,1897404,5,2005-12-08
10654,2234535,4,2004-07-04
10654,1145387,4,2005-08-14
10654,690000,5,2005-08-14
10654,523433,5,2004-01-14
10654,1206401,5,2005-08-29
10654,101842,5,2005-09-04
10654,130971,5,2004-05-13
10654,1044551,3,2005-05-28
10654,648284,5,2005-09-13
10654,1251173,5,2005-09-18
10654,1895930,4,2005-09-28
10654,1102824,4,2005-09-29
10654,1656194,5,2005-10-26
10654,2375388,5,2005-10-29
10654,338731,5,2005-12-10
10654,899799,5,2004-06-14
10654,583086,5,2005-08-02
10654,1550216,3,2004-04-27
10654,1969744,3,2003-05-14
10654,272840,5,2005-08-28
10654,1931002,3,2004-04-24
10654,114130,1,2005-04-05
10654,893737,5,2005-10-18
10654,2142868,4,2004-05-19
10654,442924,5,2004-08-16
10654,38879,4,2004-05-18
10654,1504391,5,2005-08-27
10654,913140,1,2005-09-03
10654,2331946,5,2004-05-14
10654,1594520,5,2004-06-16
10654,2121641,2,2005-04-30
10654,1933317,5,2005-06-22
10654,522152,4,2005-10-04
10654,1474753,4,2003-02-17
10654,1049259,3,2002-10-16
10654,983743,3,2003-01-11
10654,452299,5,2005-08-16
10654,780984,4,2004-11-29
10654,1533313,2,2005-01-08
10654,1696775,5,2005-09-09
10654,2485887,5,2005-09-29
10654,2492695,2,2005-12-08
10654,2025567,4,2003-01-20
10654,1423566,1,2003-06-21
10654,2270619,5,2005-08-07
10654,770339,3,2005-04-26
10654,986348,1,2005-05-11
10654,2117566,5,2005-08-15
10654,385450,5,2004-06-19
10654,1635449,1,2005-01-10
10654,2325714,2,2005-10-03
10654,1460453,5,2005-10-25
10654,1517220,1,2005-10-25
10654,1272199,5,2005-11-02
10654,2120461,5,2005-12-16
