2444,574843,2,2005-10-25
2444,184311,3,2000-01-30
2444,1650301,3,2005-10-18
2444,2553457,2,2004-11-04
2444,2021195,5,2005-09-06
2444,1951144,2,2005-11-22
2444,512899,4,2004-06-15
2444,1511418,3,2005-10-17
2444,2320715,4,2005-10-19
2444,612817,4,2001-02-04
2444,1701611,1,2005-01-08
2444,1253718,2,2005-09-26
2444,1673185,3,2002-07-28
2444,1209587,3,2005-05-26
2444,629120,3,2004-10-06
2444,85638,3,2005-11-02
2444,929308,4,2004-07-03
2444,2135177,4,2001-02-20
2444,2382001,5,2005-02-28
2444,2055064,4,2005-10-07
2444,1131491,1,2005-10-30
2444,1139591,5,2001-09-23
2444,1784150,1,2005-03-27
2444,995437,3,2005-10-14
2444,2001187,4,2005-09-07
2444,595054,1,2005-06-21
2444,2131029,2,2002-05-11
2444,2451785,2,2005-01-03
2444,840901,5,2004-09-29
2444,606014,3,2004-06-24
2444,708480,3,2005-04-28
2444,544022,3,2005-11-19
2444,786406,1,2005-11-27
2444,727242,1,2005-03-01
2444,90281,3,2005-06-17
2444,1024632,2,2004-11-01
2444,659726,3,2005-03-02
2444,1719416,2,2005-06-17
2444,321220,3,2005-06-30
2444,1145956,3,2005-10-14
2444,2637629,3,2000-04-23
2444,1746123,2,2005-07-25
2444,1366123,4,2004-06-24
2444,1132307,1,2004-11-04
2444,1792741,3,2005-06-30
2444,1703879,4,2004-11-01
2444,974275,3,2004-07-02
2444,1209604,3,2004-06-01
2444,493587,2,2005-01-31
2444,2576749,3,2004-09-28
2444,2060352,2,2005-01-25
2444,2183989,4,2005-03-18
2444,1840864,5,2005-08-10
2444,329998,2,2005-08-26
2444,2235640,2,2005-03-25
2444,2612753,2,2005-11-19
2444,2439493,1,2004-09-20
2444,137065,3,2005-12-10
2444,1503836,3,2005-08-30
2444,2642209,2,2005-09-16
2444,2549238,2,2005-11-09
2444,336975,2,2005-07-05
2444,1553197,4,2005-07-06
2444,882842,2,2005-03-12
2444,285166,1,2005-06-22
2444,831494,2,2005-12-14
2444,2100003,3,2005-04-15
2444,633722,5,2004-07-27
2444,2302782,4,2005-07-12
2444,1860956,3,2002-03-12
2444,1119094,4,2004-07-01
2444,70759,1,2005-11-06
2444,1960129,3,2005-10-21
2444,1201695,4,2002-02-19
2444,2621150,3,2004-10-16
2444,407037,2,2005-10-18
2444,1562924,4,2005-12-13
2444,775794,3,2000-09-07
2444,2457095,2,2004-10-22
2444,733230,2,2000-09-22
2444,596255,1,2005-11-10
2444,1105029,2,2005-04-17
2444,691717,4,2005-07-29
2444,2205594,3,2001-11-06
2444,2633277,1,2004-12-15
2444,2031988,5,2005-04-05
2444,458414,3,2005-12-06
2444,2495474,3,2005-04-19
2444,1106241,1,2005-12-13
2444,675616,2,2000-03-18
2444,695137,4,2001-11-25
2444,1274584,3,2004-06-11
2444,277204,3,2005-03-23
2444,126259,3,2005-12-13
2444,1268017,3,2004-09-28
2444,2274452,5,2004-12-12
2444,931838,2,2005-10-26
2444,1306304,3,2005-09-12
2444,468484,2,2005-07-16
2444,1428444,2,2005-04-16
2444,166963,3,2001-10-31
2444,2166018,3,2005-10-14
2444,480142,1,2005-11-25
2444,322009,3,2005-10-05
2444,916811,2,2005-09-23
2444,895914,4,2005-05-03
2444,2286785,3,2005-11-15
2444,187868,4,2002-11-29
2444,262465,4,2004-07-16
2444,2259276,3,2005-03-27
2444,1664010,3,2005-10-12
2444,650898,3,2005-03-17
2444,1085574,1,2004-07-31
2444,408636,2,2005-11-15
2444,2180134,4,2005-08-16
2444,722980,3,2004-05-31
2444,2133752,3,2005-01-25
2444,1621857,5,2001-02-04
2444,2031127,2,2005-06-06
2444,1217689,1,2002-07-16
2444,2235609,2,2001-12-03
2444,1565987,3,2005-06-04
2444,1377382,3,2005-12-16
2444,1483061,3,2005-11-04
2444,286684,2,2004-06-04
2444,1662724,3,2005-07-09
2444,2617185,4,2002-03-03
2444,886438,2,2004-11-16
2444,1564435,5,2005-08-22
2444,545699,3,2004-06-29
2444,2459229,3,2005-03-08
2444,599123,3,2005-11-28
2444,2208561,3,2004-06-15
2444,2043664,3,2004-10-11
2444,2316963,3,2005-10-17
2444,46920,3,2002-04-12
2444,2053020,3,2005-05-02
2444,2626336,3,2005-06-02
2444,242425,1,2005-06-11
2444,1102845,2,2005-12-06
2444,1547524,2,2004-10-19
2444,1548807,2,2005-05-27
2444,808435,4,2005-03-07
2444,1331818,2,2005-03-14
2444,2518168,3,2004-09-14
2444,230112,1,2004-08-26
2444,1194911,4,2002-02-19
2444,1099981,3,2004-08-14
2444,2284890,4,2005-04-07
2444,1781192,4,2005-05-18
2444,1754010,4,2005-10-25
2444,1126547,2,2005-01-24
2444,1251540,4,2005-10-27
2444,1022794,3,2005-12-20
2444,2404850,3,2004-06-10
2444,16777,3,2004-11-22
2444,2606799,3,2005-05-16
2444,2058764,2,2005-11-11
2444,2326542,3,2005-10-18
2444,2279560,1,2005-10-25
2444,1146000,4,2002-04-04
2444,2375962,3,2005-07-18
2444,169719,3,2005-08-01
2444,818857,4,2004-09-03
2444,761020,2,2005-09-09
2444,1299887,3,2005-03-22
2444,87189,2,2005-01-07
2444,184191,3,2005-04-20
2444,1314170,1,2005-03-14
2444,359827,4,2005-11-14
2444,928740,3,2005-07-16
2444,2088327,4,2004-09-20
2444,74778,2,2005-08-16
2444,276968,5,2005-07-13
2444,1774623,3,2004-08-15
2444,305344,1,2004-05-14
2444,2108652,3,2005-08-10
2444,958634,2,2005-01-28
2444,651142,3,2005-04-18
2444,935057,4,2004-09-17
2444,2106751,5,2005-04-19
2444,1403217,1,2005-06-17
2444,2064122,2,2005-08-30
2444,2147527,1,2005-11-18
2444,219756,3,2004-09-19
2444,1830144,2,2005-10-04
2444,511847,2,2001-08-22
2444,447759,5,2005-09-28
2444,1287299,2,2004-07-20
2444,620010,2,2004-10-26
2444,2378998,4,2004-12-16
2444,1462211,3,2004-06-02
2444,961144,4,2004-12-16
2444,790609,3,2005-11-21
2444,179865,5,2005-10-11
2444,1860298,3,2005-09-01
2444,2485978,3,2005-11-08
2444,256392,4,2004-09-10
2444,1579609,4,2005-10-06
2444,859907,2,2005-08-29
2444,1132253,4,2005-08-13
2444,1637265,2,2005-08-30
2444,1282701,3,2005-12-22
2444,1431356,4,2005-02-26
2444,1752763,3,2005-12-31
2444,2280401,1,2004-06-07
2444,1391691,3,2005-12-01
2444,2002910,3,2004-06-24
2444,2049080,3,2001-02-21
2444,896333,3,2005-11-15
2444,578752,3,2005-08-06
2444,2162356,3,2005-11-09
2444,2549426,2,2004-05-27
2444,2480001,3,2005-03-28
2444,2093403,3,2005-04-12
2444,1181468,3,2005-05-20
2444,754990,5,2004-11-12
2444,2526533,3,2004-12-10
2444,961971,3,2004-06-07
2444,837133,2,2005-05-12
2444,677536,4,2005-12-29
2444,1607219,3,2005-02-02
2444,2344901,3,2004-09-27
2444,2046509,3,2004-09-20
2444,745342,5,2004-12-03
2444,1829777,3,2004-06-03
2444,2126435,4,2005-06-01
2444,480718,3,2005-10-25
2444,2118461,3,2005-12-18
2444,2290244,4,2004-06-28
2444,2061495,3,2005-03-28
2444,1730235,3,2001-09-11
2444,387418,1,2004-05-14
2444,1295810,2,2004-06-09
2444,2283319,3,2005-10-22
2444,1114324,3,2005-04-23
2444,121229,2,2004-12-16
2444,1932594,2,2004-07-26
2444,571104,5,2005-07-02
2444,1026783,3,2005-01-31
2444,1098655,3,2004-06-07
2444,1442927,2,2005-12-16
2444,2243435,3,2005-06-21
2444,1461435,1,2002-03-14
2444,2487899,3,2005-08-23
2444,2473383,4,2004-04-19
2444,127510,3,2005-09-09
2444,1145705,4,2005-06-02
2444,324754,4,2005-10-09
2444,775588,3,2005-11-21
2444,1795560,2,2000-11-16
2444,1639792,1,2002-04-03
2444,1437925,1,2005-10-09
2444,2339135,4,2005-09-04
2444,2143500,3,2005-01-28
2444,1684191,3,2004-11-30
2444,1513734,3,2005-10-20
2444,1775740,1,2002-06-29
2444,2405791,5,2004-09-20
2444,2039727,3,2005-10-12
2444,1245836,3,2005-03-16
2444,1112565,2,2004-08-04
2444,2449569,3,2005-10-24
2444,1842201,3,2005-11-10
2444,2530386,4,2005-07-08
2444,897373,4,2005-03-08
2444,753596,3,2005-11-09
2444,2596078,3,2004-11-15
2444,1810093,2,2001-01-15
2444,1300759,3,2004-09-23
2444,1790158,3,2005-10-25
2444,2396325,2,2004-12-05
2444,614622,5,2005-05-10
2444,2510785,3,2005-09-27
