917,2106432,4,2004-12-15
917,251535,4,2004-07-15
917,2625420,2,2004-11-01
917,1273613,4,2005-05-10
917,514332,4,2004-05-25
917,1227656,3,2005-01-26
917,1804262,5,2004-08-23
917,2099530,4,2004-10-05
917,1387000,3,2004-11-05
917,2145993,4,2004-12-14
917,543306,5,2005-08-31
917,246189,5,2005-12-12
917,2449289,5,2004-04-01
917,2439493,1,2003-11-09
917,44887,3,2004-07-18
917,1874123,5,2004-08-18
917,2484033,4,2004-07-17
917,2090078,5,2004-04-25
917,1581278,4,2005-02-13
917,74450,5,2005-03-21
917,1475329,4,2005-06-29
917,1135208,4,2004-03-21
917,1352236,4,2005-04-28
917,1903324,1,2003-11-24
917,454486,3,2004-09-16
917,2435188,4,2004-08-24
917,2197256,5,2004-06-07
917,2137066,1,2005-01-22
917,2457095,1,2004-11-12
917,1374216,1,2005-09-26
917,1604448,2,2003-11-24
917,1430619,4,2005-04-24
917,1772359,3,2004-12-19
917,93953,4,2005-10-10
917,101910,5,2005-09-21
917,1442592,5,2004-06-17
917,630691,4,2004-01-05
917,920852,4,2004-10-08
917,1303244,2,2005-08-14
917,1062246,4,2005-03-29
917,588352,5,2004-01-20
917,661903,3,2005-03-26
917,2484560,5,2005-03-11
917,1664010,4,2005-10-17
917,2471799,5,2005-07-26
917,723574,4,2004-05-15
917,1742859,2,2004-05-07
917,877191,5,2005-07-01
917,1240927,3,2004-03-03
917,2472597,4,2004-09-28
917,1751846,4,2004-09-25
917,2286468,5,2004-12-13
917,122197,1,2005-03-09
917,1282217,3,2004-04-17
917,200734,4,2004-12-30
917,2533163,4,2005-03-11
917,1943640,4,2005-02-14
917,2626336,1,2004-04-23
917,2291306,1,2004-09-13
917,230112,1,2004-08-26
917,1206354,5,2005-01-05
917,2534061,1,2003-12-15
917,259769,3,2005-02-10
917,2606799,1,2005-05-16
917,248296,5,2004-12-14
917,1466712,4,2005-06-08
917,2256485,1,2004-11-09
917,925495,2,2004-08-02
917,989875,5,2004-01-15
917,1895471,3,2004-09-08
917,305344,4,2003-11-03
917,542540,4,2004-04-13
917,2151248,4,2005-03-07
917,1755395,4,2005-10-02
917,642268,4,2005-05-25
917,1282600,4,2004-04-20
917,1465891,5,2005-01-08
917,449211,5,2005-09-19
917,1911337,1,2004-01-21
917,1355661,4,2004-10-22
917,1745577,5,2004-12-04
917,1378458,5,2004-03-09
917,1690065,3,2004-01-20
917,1068563,5,2004-06-18
917,2040158,4,2005-01-29
917,891662,4,2005-08-08
917,636635,5,2004-08-05
917,2648928,5,2005-02-12
917,312008,4,2004-10-27
917,2269661,3,2004-06-21
917,2220732,1,2004-01-03
917,1751174,4,2005-05-22
917,387418,2,2003-10-14
917,857031,5,2004-03-05
917,374863,4,2004-05-16
917,1494434,5,2005-09-26
917,1486829,5,2004-11-19
917,756838,2,2005-07-09
917,1312722,4,2004-12-28
917,1461435,1,2005-04-10
917,1860235,5,2004-12-14
917,2170206,4,2003-12-23
917,558240,1,2004-03-21
917,995960,2,2004-05-18
917,341838,5,2005-02-09
917,2427394,1,2005-06-26
917,1904886,3,2005-08-04
917,306508,4,2005-01-07
917,119571,5,2004-01-29
917,1592459,3,2005-07-20
917,2487856,4,2004-02-18
917,554475,3,2005-03-16
