643,183907,3,2005-07-21
643,1910881,4,2003-10-17
643,672200,4,2003-06-24
643,935307,3,2003-01-23
643,1008399,3,2004-02-08
643,1016315,4,2003-04-30
643,921531,4,2003-06-21
643,442739,3,2005-01-05
643,1367437,4,2005-12-02
643,63170,2,2004-05-31
643,434878,3,2003-01-25
643,1022388,3,2005-08-07
643,1100912,1,2003-04-05
643,1725030,2,2003-10-02
643,838130,4,2004-04-15
643,2049266,3,2004-03-29
643,966375,3,2004-01-16
643,1323338,3,2004-07-09
643,781833,4,2004-03-30
643,1755092,5,2004-07-23
643,1344969,4,2004-08-03
643,546017,3,2004-10-09
643,461110,3,2005-06-07
643,954927,2,2005-11-03
643,1783996,4,2005-11-14
643,797782,4,2005-12-05
643,141839,2,2005-07-14
643,1539341,3,2003-04-08
643,1462949,4,2003-01-27
643,194825,4,2003-09-15
643,2476197,5,2002-12-19
643,1895927,3,2003-05-10
643,1579371,2,2003-01-19
643,2326996,2,2003-08-01
643,157451,5,2004-05-06
643,2503887,3,2004-07-27
643,1688444,4,2004-10-05
643,108392,5,2004-12-06
643,74317,2,2005-03-09
643,1006457,4,2005-10-16
643,499956,3,2005-10-17
643,896407,4,2003-12-29
643,2024226,3,2005-07-22
643,130818,4,2003-04-11
643,2435916,4,2003-07-01
643,361407,3,2003-10-06
643,624334,3,2004-04-24
643,752696,3,2005-08-08
643,1336537,4,2003-04-20
643,1710042,3,2003-05-28
643,1861427,4,2003-07-21
643,318939,2,2004-12-23
643,1863499,5,2004-02-20
643,679248,3,2004-07-07
643,2504147,4,2004-12-17
643,76126,5,2005-06-22
643,442593,4,2005-07-03
643,2593573,3,2005-11-14
643,2387340,5,2005-11-23
643,1815614,4,2005-12-12
643,1543763,3,2003-11-05
643,1825844,4,2004-07-28
643,1621327,3,2003-11-01
643,44334,2,2003-08-03
643,561683,3,2003-01-12
643,298900,2,2003-05-16
643,1984086,5,2004-08-10
643,556485,3,2005-01-13
643,2411667,1,2005-01-19
643,349975,3,2005-03-09
643,2360767,3,2005-05-21
643,219214,3,2005-06-28
643,2235414,4,2005-09-08
643,1603214,4,2005-10-10
643,1447532,5,2005-10-17
643,243573,3,2005-10-26
643,1023086,5,2005-11-06
643,206809,3,2003-12-01
643,259659,2,2003-05-18
643,952810,3,2003-02-12
643,515215,2,2003-11-13
643,953357,4,2003-04-15
643,681117,2,2003-06-21
643,287825,3,2003-02-12
643,1554601,3,2004-08-07
643,1509442,1,2004-01-23
643,1826450,5,2004-03-12
643,866012,4,2004-05-27
643,2645399,3,2004-05-10
643,1360119,5,2004-08-06
643,1561423,3,2005-05-25
643,1390950,5,2005-07-04
643,16386,4,2005-10-13
643,2320377,4,2005-11-29
643,1944653,3,2003-07-14
643,610888,3,2003-03-19
643,2283945,2,2005-07-20
643,2407518,3,2003-01-25
643,2402990,3,2003-12-25
643,2443756,2,2004-05-25
643,871687,3,2003-02-13
643,1228566,3,2003-01-22
643,310184,4,2003-01-25
643,216129,4,2004-03-26
643,2058950,3,2003-04-02
643,1637246,3,2003-09-23
643,1146375,4,2004-02-07
643,1105843,3,2004-10-05
643,2251646,4,2005-01-30
643,384033,3,2005-05-12
643,27870,2,2005-06-01
643,2577867,2,2005-07-04
643,2194342,3,2004-07-22
643,2609784,3,2003-03-24
643,413603,4,2003-02-12
643,634558,3,2003-09-14
643,1488926,2,2004-01-18
643,274791,5,2004-01-09
643,1684328,3,2003-07-08
643,96409,2,2005-08-31
643,2250121,2,2003-12-09
643,2362233,5,2004-10-13
643,1160300,4,2004-11-02
643,303948,4,2004-12-27
643,1412708,3,2005-01-23
643,2577594,3,2005-11-28
643,1898750,4,2004-02-11
643,54781,4,2003-03-03
643,924822,2,2003-02-13
643,1292299,4,2003-08-27
643,1131364,3,2003-05-22
643,1671703,1,2003-10-07
643,125296,4,2003-03-09
643,289162,5,2004-08-02
643,566086,5,2004-09-26
643,491331,2,2005-05-17
643,315484,3,2005-10-10
643,668236,3,2003-03-28
643,2009141,5,2003-03-08
643,35511,3,2005-08-09
643,625085,3,2003-01-24
643,1037157,1,2003-11-20
643,479270,4,2003-05-04
643,794957,3,2003-04-29
643,601955,3,2003-03-25
643,1671304,4,2003-03-14
643,2452691,4,2005-08-19
643,1783036,4,2003-04-18
643,1229372,3,2003-06-12
643,1229547,1,2003-05-19
643,2453305,5,2004-01-05
643,1465243,3,2003-05-19
643,651376,2,2004-10-28
643,1730949,3,2005-06-03
643,500845,3,2005-09-27
643,1675105,3,2005-10-06
643,1309113,2,2003-01-13
643,2121379,5,2003-07-29
643,2120543,4,2003-07-19
643,2604824,4,2003-01-07
643,2186436,3,2004-07-07
643,220423,4,2003-03-12
643,2569816,1,2003-04-11
643,1288401,2,2003-03-04
643,1943606,3,2004-01-06
643,1027819,2,2004-06-23
643,2398440,5,2004-01-12
643,43530,3,2004-04-04
643,1236952,3,2004-11-08
643,2449072,3,2004-12-07
643,2346555,4,2005-01-11
643,2287089,2,2005-05-16
643,2378795,4,2005-09-07
643,2567391,4,2005-10-05
643,289920,3,2005-11-07
643,2092345,3,2005-12-01
643,1434637,4,2003-02-26
643,530670,5,2003-02-24
643,2108337,4,2003-01-11
643,1076366,2,2004-12-04
643,892513,3,2003-04-18
643,1891828,3,2003-03-10
643,2455016,2,2003-10-30
643,2012318,4,2003-09-05
643,2053036,3,2003-05-12
643,2161352,3,2003-04-08
643,1680135,5,2005-08-15
643,753856,3,2003-05-29
643,2380338,4,2003-12-04
643,254480,3,2004-01-14
643,2535166,4,2004-06-01
643,831920,5,2004-06-09
643,1197233,1,2005-01-01
643,1102362,4,2005-04-02
643,571538,3,2005-04-16
643,1078514,5,2005-05-12
643,1702329,2,2005-06-19
643,263562,4,2005-09-16
643,1385056,4,2005-10-03
643,1066606,4,2005-12-07
643,1716677,3,2005-12-15
643,207870,3,2004-07-29
643,787873,2,2003-04-29
643,1135143,4,2003-01-20
643,1723615,3,2003-10-08
643,1338611,3,2003-05-06
643,2378358,4,2003-03-29
643,347799,4,2003-02-12
643,2105661,4,2003-09-19
643,1459751,2,2003-03-25
643,2193643,4,2003-12-04
643,920882,3,2003-04-15
643,2418087,1,2004-04-20
643,989865,4,2003-07-07
643,2224353,4,2003-08-17
643,2576875,2,2003-10-28
643,587812,4,2003-06-07
643,2193612,2,2005-09-06
643,1454782,4,2005-01-06
643,907739,3,2005-04-05
643,2118307,4,2005-05-28
643,491077,4,2005-05-30
643,2039201,3,2005-10-14
643,1354869,3,2005-10-25
643,1410162,5,2005-11-04
643,2627263,3,2005-11-17
643,2135177,3,2005-12-16
643,1874535,5,2003-02-26
643,882885,3,2003-04-22
643,2518265,1,2003-12-15
643,1523219,5,2004-06-11
643,1048793,3,2003-02-24
643,61597,3,2004-07-18
643,476765,4,2004-05-13
643,1002367,3,2004-05-11
643,500825,3,2004-06-01
643,1242044,3,2004-02-06
643,1916244,3,2004-12-22
643,998865,3,2005-03-28
643,1388216,4,2005-04-20
643,1808985,3,2005-05-11
643,2119007,3,2005-12-06
643,1464746,1,2003-06-11
643,1981452,3,2004-04-14
643,2380471,2,2003-11-01
643,1816089,3,2003-05-27
643,116390,2,2004-02-02
643,1259449,1,2003-03-11
643,1382057,4,2003-04-21
643,1119951,4,2003-06-10
643,1469567,4,2003-07-27
643,1434356,4,2003-04-01
643,762999,4,2003-03-08
643,1943596,5,2004-07-20
643,31835,4,2005-11-18
643,355894,3,2003-01-01
643,1054626,2,2003-01-24
643,2046091,2,2004-06-25
643,1585247,3,2003-02-13
643,1088303,2,2004-07-27
643,1738046,5,2004-06-13
643,380505,3,2003-11-19
643,2041252,5,2003-08-11
643,2560708,4,2004-05-03
643,2583185,4,2004-05-19
643,1721623,1,2004-01-19
643,1396693,3,2004-08-02
643,35528,1,2004-02-10
643,1822241,3,2004-08-22
643,858250,2,2004-09-21
643,1509395,3,2004-10-07
643,1784150,4,2004-12-02
643,1427332,1,2004-12-07
643,1234979,1,2005-05-11
643,1841531,1,2005-06-06
643,1883067,4,2005-06-28
643,314110,5,2005-10-10
643,466170,2,2005-11-24
643,1679534,3,2004-03-03
643,155342,1,2003-01-05
643,302269,1,2003-02-27
643,1556056,4,2003-06-30
643,1656037,3,2003-06-24
643,27888,3,2003-06-12
643,1469133,4,2004-02-02
643,2622079,2,2003-08-28
643,2106426,4,2003-10-29
643,1899301,4,2004-06-07
643,2464928,4,2004-11-22
643,1620769,5,2004-12-14
643,1119488,3,2005-09-13
643,113383,2,2003-01-11
643,1307137,4,2003-05-05
643,1241753,3,2003-06-03
643,1559022,2,2003-04-22
643,364540,1,2005-08-24
643,1658224,2,2004-03-11
643,1919770,3,2005-03-16
643,595054,3,2005-06-20
643,976905,5,2005-10-04
643,1305384,3,2003-06-09
643,784378,3,2004-05-12
643,1819689,4,2003-10-28
643,459479,3,2003-02-11
643,1727526,1,2003-01-26
643,1363315,4,2003-03-03
643,1441559,2,2003-03-17
643,2284938,3,2005-08-14
643,1802051,4,2004-01-08
643,1987327,3,2003-04-22
643,1731106,3,2003-06-10
643,180296,3,2004-03-08
643,721660,4,2004-10-20
643,878542,2,2004-11-25
643,1313509,1,2004-12-23
643,2532707,3,2005-03-18
643,26252,4,2005-03-28
643,716369,5,2005-04-27
643,633045,5,2005-06-15
643,1953910,3,2004-09-02
643,2061360,4,2003-04-08
643,624889,3,2003-05-23
643,432596,4,2005-08-12
643,776415,4,2003-12-29
643,2595920,4,2003-01-25
643,2634395,3,2003-07-08
643,2457464,2,2004-03-05
643,2482080,5,2005-08-27
643,984584,5,2005-08-30
643,1257939,5,2003-06-26
643,2473613,3,2003-10-23
643,52076,2,2005-02-09
643,2634805,3,2005-11-09
643,1564597,2,2005-03-23
643,778001,2,2005-05-02
643,1778714,4,2005-06-24
643,704113,3,2003-03-28
643,2387707,4,2002-12-26
643,2366848,2,2004-01-07
643,1158476,2,2003-01-12
643,1518071,4,2003-09-25
643,2163361,3,2005-08-11
643,1898335,2,2003-09-16
643,281729,4,2003-06-26
643,1577198,3,2005-08-26
643,411286,3,2005-09-05
643,977397,3,2003-10-12
643,308068,2,2004-09-20
643,881876,1,2004-11-03
643,2548878,3,2004-12-01
643,789969,3,2005-03-28
643,104821,4,2005-06-11
643,922013,3,2005-06-24
643,397608,1,2005-07-06
643,556780,4,2003-03-25
643,2138757,3,2005-07-18
643,361366,2,2003-08-26
643,2013548,2,2003-02-13
643,657543,3,2003-05-27
643,1113228,4,2003-08-15
643,1830420,4,2004-08-14
643,432633,3,2004-09-17
643,213690,4,2004-10-05
643,649877,4,2004-10-13
643,2157064,2,2004-11-18
643,2485566,3,2005-01-19
643,2323772,4,2005-01-29
643,1202659,3,2005-04-30
643,1009945,4,2005-06-19
643,1066315,5,2005-10-06
643,2436583,3,2005-10-07
643,2247938,4,2005-10-15
643,2289197,3,2005-08-02
643,62268,4,2004-01-23
643,103441,4,2003-09-03
643,1513365,5,2004-06-29
643,186129,1,2004-06-24
643,2275502,2,2004-06-13
643,163066,4,2004-10-06
643,37591,1,2004-11-10
643,1878934,2,2005-01-06
643,933248,5,2005-06-22
643,108871,1,2003-04-05
643,275443,5,2004-04-05
643,2123569,5,2002-12-28
643,856934,1,2003-04-15
643,936128,2,2003-07-07
643,613222,3,2003-04-30
643,894631,3,2004-05-20
643,958089,4,2003-03-12
643,867556,2,2003-11-17
643,912171,4,2003-05-08
643,2352266,3,2003-06-21
643,2251582,1,2004-06-08
643,1478013,3,2004-01-05
643,388195,1,2004-01-28
643,486015,2,2004-06-02
643,2160719,1,2004-08-23
643,1448161,4,2004-04-09
643,785608,3,2005-09-19
643,466269,5,2004-05-31
643,1896167,3,2005-02-17
643,1372554,5,2005-03-25
643,2516611,3,2005-04-07
643,1380752,3,2005-05-06
643,315270,3,2005-10-02
643,1673780,4,2005-10-12
643,680979,2,2005-07-08
643,2225711,3,2003-06-06
643,623220,3,2003-02-17
643,727242,3,2003-05-30
643,826062,5,2003-08-07
643,1283829,3,2004-08-13
643,49585,4,2003-06-20
643,487949,3,2003-06-26
643,1928597,1,2003-04-03
643,637471,4,2005-09-07
643,2426539,1,2003-07-29
643,2331292,4,2004-07-31
643,1267046,3,2004-07-11
643,89853,4,2004-08-01
643,1096555,3,2005-01-04
643,21705,3,2005-01-19
643,341468,3,2005-05-20
643,1373580,5,2005-07-08
643,1761842,2,2003-01-02
643,151146,4,2003-01-23
643,2449394,4,2004-04-30
643,56371,1,2004-02-18
643,1352981,3,2003-01-23
643,1208156,5,2003-01-25
643,2424487,4,2005-07-27
643,11376,2,2003-01-03
643,28782,2,2003-08-29
643,567767,5,2004-03-03
643,496887,3,2003-05-08
643,1500871,3,2003-03-29
643,1725009,4,2003-11-02
643,2049843,1,2005-08-21
643,2411940,3,2004-04-13
643,982988,3,2004-08-05
643,1768308,3,2004-01-18
643,616757,3,2004-06-25
643,1531780,3,2004-09-01
643,76852,3,2004-10-28
643,247206,5,2005-02-27
643,252230,5,2005-03-23
643,2237144,1,2005-05-04
643,2557491,5,2005-05-15
643,2473162,4,2005-10-04
643,1840368,2,2003-02-14
643,1203445,4,2003-07-28
643,1552934,4,2003-06-16
643,627975,4,2005-08-24
643,2027956,5,2004-01-21
643,2162353,3,2004-04-02
643,2139958,4,2004-09-25
643,1093788,3,2004-11-19
643,1805448,5,2005-01-19
643,322878,4,2005-02-17
643,1819285,4,2005-03-03
643,2333763,4,2005-05-19
643,2598574,3,2005-09-30
643,697601,4,2005-11-12
643,490883,3,2005-11-07
643,1329408,4,2005-07-06
643,2121917,2,2004-09-02
643,795478,5,2003-05-13
643,1323467,2,2002-12-26
643,778615,1,2004-01-22
643,195794,3,2003-07-01
643,621147,2,2005-08-01
643,2293122,3,2004-03-01
643,1145956,3,2005-08-13
643,328155,4,2003-03-21
643,835233,4,2005-08-19
643,72570,3,2003-06-23
643,1013696,3,2003-03-16
643,1023226,4,2004-05-28
643,1013802,1,2004-09-15
643,2117034,3,2004-12-03
643,2552431,2,2005-02-12
643,213750,4,2005-04-03
643,199257,3,2005-04-08
643,267970,3,2005-05-08
643,2281599,3,2005-05-22
643,2083878,4,2005-09-12
643,2170930,1,2005-09-20
643,1944765,3,2005-09-24
643,1283137,1,2003-01-22
643,1371101,4,2004-07-20
643,1054564,3,2003-04-20
643,831103,2,2004-03-09
643,2090384,5,2003-09-17
643,2128207,2,2004-07-26
643,2558337,2,2003-01-20
643,357916,3,2003-10-13
643,1506427,3,2004-04-26
643,2308912,3,2004-01-24
643,454674,3,2004-02-23
643,2035299,4,2004-06-13
643,2140997,3,2004-10-16
643,2208940,4,2005-01-26
643,2318597,3,2005-04-19
643,2097608,4,2005-07-01
643,2038901,4,2005-09-30
643,1445236,4,2005-10-25
643,975199,2,2003-06-18
643,1947371,1,2003-03-30
643,2537343,1,2005-08-13
643,1098431,2,2003-04-01
643,929320,5,2005-08-22
643,1302560,4,2004-05-31
643,1588790,5,2003-12-16
643,775253,3,2004-07-23
643,2243394,2,2004-09-11
643,1219818,3,2004-09-10
643,1742099,3,2004-10-25
643,1765538,3,2004-12-27
643,27929,3,2005-06-14
643,1314869,3,2005-06-27
643,2152068,5,2005-09-08
643,1268444,4,2005-10-31
643,2322224,3,2003-03-25
643,2248698,4,2004-06-26
643,2205734,4,2003-06-17
643,514810,4,2005-07-21
643,2219926,3,2003-08-23
643,2077029,3,2003-06-02
643,2317533,3,2003-10-24
643,1941368,3,2004-03-10
643,2584317,4,2003-04-30
643,1237321,4,2003-06-17
643,502406,4,2004-03-04
643,2134070,3,2003-01-19
643,905074,3,2003-09-09
643,308719,1,2005-08-18
643,662624,4,2003-04-28
643,1795018,2,2004-07-13
643,814214,5,2004-02-04
643,1137400,3,2004-08-22
643,1813197,5,2004-02-17
643,2092746,5,2004-12-28
643,2440934,3,2005-01-19
643,2043344,4,2005-05-11
643,916281,4,2005-06-25
643,388767,4,2005-10-08
643,711569,2,2005-12-01
643,1248761,4,2003-02-13
643,398744,3,2004-06-11
643,1689114,5,2003-05-01
643,1064197,2,2003-06-26
643,2061336,4,2004-07-20
643,521153,3,2004-10-07
643,1659190,2,2005-04-04
643,454519,3,2005-10-08
643,1436793,4,2005-07-12
643,223534,3,2003-01-13
643,328223,4,2004-03-21
643,525007,3,2003-04-15
643,298822,2,2005-07-26
643,1769805,4,2005-07-27
643,991670,5,2005-08-02
643,269742,3,2003-03-14
643,859734,3,2003-03-11
643,534043,3,2003-06-01
643,2328335,3,2003-06-16
643,285324,5,2005-02-19
643,2487508,2,2005-08-22
643,2574384,4,2003-04-04
643,1672834,4,2003-08-14
643,1209435,5,2004-10-15
643,1265054,4,2004-11-17
643,2298872,3,2004-12-03
643,1973388,4,2005-02-17
643,1635876,2,2005-02-23
643,2021768,3,2005-05-23
643,359063,4,2005-06-27
643,826141,3,2005-10-31
643,27165,2,2005-07-15
643,1306845,3,2002-12-30
643,609908,3,2003-07-07
643,1738784,3,2003-03-04
643,1470102,5,2004-07-29
643,2316025,4,2003-01-16
643,597416,5,2003-04-18
643,1847268,1,2003-01-22
643,24244,3,2004-06-23
643,1456446,3,2004-09-02
643,873465,3,2004-11-17
643,165656,3,2004-12-20
643,2014204,3,2005-05-20
643,1554906,2,2003-05-02
643,1139570,3,2002-12-30
643,2618096,3,2002-12-25
643,1838685,4,2004-02-10
643,1717039,3,2003-02-13
643,989308,3,2003-07-03
643,1253532,4,2003-07-08
643,1444271,4,2004-01-31
643,320474,3,2003-11-12
643,2391686,4,2004-09-12
643,931772,4,2004-09-17
643,2361501,4,2004-10-13
643,761471,4,2004-11-25
643,9595,2,2005-01-20
643,1041529,4,2005-03-02
643,21184,1,2005-04-09
643,1124306,4,2005-11-22
643,432467,4,2003-05-08
643,1383706,2,2003-02-12
643,857880,5,2005-07-19
643,2128433,3,2003-07-21
643,2439493,1,2003-02-17
643,707711,2,2003-08-26
643,1685668,2,2003-06-25
643,2200553,4,2004-01-26
643,530789,1,2004-01-27
643,1190334,5,2004-06-12
643,492357,3,2004-02-24
643,1812174,4,2004-10-08
643,173509,2,2004-10-13
643,547130,3,2004-11-06
643,2042792,1,2004-12-13
643,345476,2,2005-01-27
643,332923,3,2005-06-09
643,2301473,3,2005-10-18
643,1618915,3,2005-11-02
643,2559843,4,2003-03-07
643,586636,4,2003-01-13
643,862850,3,2004-08-09
643,2374710,5,2003-07-29
643,1892170,4,2005-07-23
643,2116582,4,2004-03-23
643,1514294,5,2003-07-29
643,2511101,1,2003-01-16
643,2202429,3,2003-01-25
643,1359978,1,2003-10-19
643,2104581,3,2003-05-12
643,2251674,3,2003-03-18
643,1257719,3,2004-07-13
643,558031,3,2004-01-30
643,2030140,3,2004-11-08
643,2640614,3,2005-01-29
643,1376810,2,2005-02-14
643,55229,3,2005-03-14
643,1307565,1,2005-05-11
643,226608,4,2004-08-30
643,501850,3,2003-02-14
643,2008854,4,2003-02-12
643,2202644,4,2005-07-21
643,882281,2,2003-04-15
643,2033466,3,2005-07-26
643,734534,1,2003-02-24
643,609742,4,2004-03-28
643,385773,1,2003-04-14
643,2351237,3,2005-08-29
643,2225637,2,2004-03-02
643,35074,4,2004-06-22
643,109112,2,2004-09-20
643,1270880,4,2005-01-10
643,2368618,4,2005-01-12
643,2352922,2,2005-03-05
643,846608,3,2005-03-28
643,1262523,3,2005-11-10
643,2496979,4,2005-12-13
643,1730832,3,2003-06-05
643,2168581,4,2003-02-18
643,1850353,3,2002-12-18
643,1437139,2,2004-01-30
643,2269039,5,2004-03-31
643,641525,2,2004-05-25
643,1308984,4,2003-05-21
643,1063753,2,2004-01-24
643,223269,3,2004-04-12
643,556756,3,2004-05-28
643,612653,4,2004-05-19
643,2124994,2,2004-08-17
643,1223835,4,2004-03-31
643,1395254,3,2004-08-12
643,1742426,5,2004-10-02
643,2102014,2,2004-10-08
643,284489,4,2004-11-24
643,1936376,3,2005-02-25
643,2415589,2,2005-04-05
643,1514999,5,2005-05-06
643,159549,5,2005-09-11
643,1247862,4,2005-10-10
643,839123,3,2005-11-16
643,1801528,2,2005-11-16
643,169980,2,2003-11-27
643,939433,2,2004-01-08
643,1007577,2,2003-03-04
643,868723,3,2004-01-21
643,1244890,3,2004-02-24
643,2174682,1,2003-04-17
643,1580658,3,2004-06-30
643,581893,4,2004-06-18
643,2226229,4,2004-04-19
643,1616563,4,2004-11-26
643,546645,3,2005-09-19
643,1973332,3,2005-09-21
643,176377,3,2005-10-12
643,1793752,1,2002-12-25
643,252601,4,2003-07-10
643,787316,2,2003-10-28
643,1829530,3,2003-07-26
643,1618707,1,2002-12-28
643,735636,3,2004-01-30
643,2615058,2,2003-05-07
643,394674,3,2003-12-25
643,1163832,3,2003-04-17
643,940931,4,2004-01-21
643,427923,2,2004-08-27
643,290670,4,2003-12-24
643,1064078,1,2004-07-19
643,22709,4,2004-03-22
643,1660266,3,2004-10-12
643,2348910,4,2005-01-10
643,366634,5,2005-05-07
643,2434742,4,2005-09-26
643,896927,3,2005-12-10
643,1452454,5,2003-01-05
643,1592406,3,2005-07-20
643,1419521,3,2003-04-16
643,1597367,3,2004-04-16
643,822859,3,2005-07-25
643,2540808,2,2005-07-31
643,1626157,2,2003-10-14
643,1764140,5,2003-07-09
643,2571490,4,2004-06-09
643,1751276,1,2003-04-10
643,1731944,2,2003-05-21
643,2357356,4,2004-06-28
643,759549,3,2004-08-15
643,386953,5,2005-01-05
643,451937,2,2005-03-15
643,1795069,3,2005-03-23
643,2204991,3,2005-05-22
643,1288427,3,2005-07-02
643,224334,4,2005-09-09
643,1178384,5,2005-10-05
643,328125,5,2005-10-21
643,686079,4,2003-09-13
643,2176860,2,2005-07-14
643,2345098,3,2005-07-20
643,460983,3,2005-07-22
643,934339,3,2002-12-31
643,812948,3,2003-03-24
643,2300095,3,2003-04-21
643,553372,3,2003-04-29
643,74670,3,2003-09-04
643,245837,3,2004-07-09
643,1736406,2,2004-10-01
643,2349645,3,2004-11-05
643,2370228,3,2004-11-09
643,2507985,4,2005-02-27
643,1913414,5,2005-05-24
643,1719288,3,2005-10-10
643,96397,4,2005-11-11
643,2389367,2,2004-06-07
643,213863,3,2003-04-01
643,415589,1,2003-10-07
643,1727148,4,2003-02-14
643,1648869,3,2003-06-26
643,671716,5,2004-08-30
643,1702360,2,2004-07-26
643,1637788,3,2004-10-13
643,2355440,3,2004-10-24
643,1468015,3,2004-12-21
643,1958267,5,2005-03-21
643,1504503,1,2005-07-03
643,2398061,4,2005-10-12
643,1248353,4,2005-11-23
643,896996,4,2005-07-12
643,680148,4,2003-06-13
643,559622,4,2003-08-26
643,740516,4,2005-08-09
643,810636,3,2002-12-29
643,2604177,4,2003-03-04
643,578237,2,2004-05-09
643,2356288,3,2003-04-21
643,1473980,5,2005-08-24
643,2488357,3,2003-12-04
643,188233,3,2004-06-04
643,364587,3,2004-09-02
643,471662,4,2004-03-14
643,1187089,5,2004-02-23
643,2523426,3,2004-10-26
643,859472,3,2004-10-28
643,822413,3,2004-12-14
643,1300690,2,2005-01-02
643,319827,3,2005-04-25
643,1913923,3,2005-09-20
643,814304,2,2003-02-26
643,917414,4,2004-09-16
643,29529,4,2005-07-29
643,1771252,3,2004-06-06
643,1988095,1,2003-12-01
643,2588510,3,2003-02-13
643,1552669,2,2003-04-08
643,864022,2,2003-07-20
643,226886,4,2004-03-05
643,1724847,4,2004-08-21
643,1017686,3,2004-09-15
643,13157,3,2004-10-04
643,828287,3,2005-05-14
643,183388,3,2005-10-06
643,2439199,3,2003-04-12
643,1147501,2,2003-04-05
643,1471194,2,2004-02-04
643,302425,5,2004-01-30
643,2036500,4,2004-03-15
643,1988671,3,2003-06-16
643,501271,3,2004-04-15
643,1156035,3,2004-07-23
643,1511325,4,2004-01-22
643,2429310,3,2004-03-23
643,803979,3,2004-01-25
643,1940622,3,2004-05-10
643,284322,4,2004-11-17
643,2488780,3,2005-01-10
643,1901725,3,2005-02-14
643,1823038,5,2005-09-25
643,42487,4,2005-10-20
643,625163,3,2005-11-05
643,2457662,2,2005-11-07
643,238439,4,2004-09-15
643,1575830,3,2003-02-27
643,75384,3,2003-04-19
643,869541,4,2005-02-20
643,2107738,3,2003-08-14
643,1460449,3,2003-02-17
643,799532,2,2003-10-08
643,1127104,3,2003-05-26
643,305765,2,2004-05-01
643,1028463,5,2004-08-31
643,1032533,3,2004-07-15
643,783642,4,2003-09-03
643,4905,2,2003-12-21
643,461075,3,2004-07-17
643,935732,4,2004-11-05
643,165194,2,2005-03-22
643,737063,2,2005-06-03
643,310187,2,2005-10-10
643,1751084,4,2005-10-23
643,62270,2,2003-02-27
643,1450558,4,2003-04-29
643,888323,3,2003-09-12
643,644499,2,2003-02-13
643,892937,2,2003-01-16
643,707597,5,2003-01-09
643,767636,3,2004-03-16
643,1266917,4,2003-12-26
643,2382036,4,2003-07-17
643,1028623,3,2004-01-23
643,1346257,2,2003-11-24
643,1109553,3,2004-01-28
643,2259464,3,2004-09-22
643,97582,5,2004-10-12
643,1151066,3,2005-06-12
643,838961,2,2005-11-13
643,2308593,4,2005-11-14
643,401128,1,2003-05-07
643,1561703,3,2004-03-29
643,2382749,4,2003-02-26
643,2641821,3,2003-03-13
643,256465,3,2003-09-19
643,2406214,3,2003-01-23
643,240869,2,2003-01-11
643,804027,4,2002-12-29
643,831368,3,2003-01-27
643,1608960,2,2004-02-24
643,739965,3,2004-02-08
643,1717675,4,2004-07-30
643,1776108,1,2004-12-25
643,70721,4,2005-02-12
643,2071782,4,2005-03-14
643,2110575,4,2005-05-12
643,2037841,3,2005-06-17
643,1739884,1,2003-01-09
643,497102,4,2004-01-13
643,1471182,5,2003-03-24
643,151666,3,2003-09-09
643,1852060,4,2003-01-22
643,388047,3,2005-08-16
643,962019,1,2005-08-18
643,791565,4,2005-08-22
643,291024,4,2003-09-04
643,111033,4,2005-08-28
643,782967,3,2005-08-29
643,161650,2,2005-05-10
643,1797063,3,2004-11-22
643,2019158,4,2005-05-26
643,1119113,2,2005-07-30
643,1195070,3,2003-04-03
643,984474,3,2003-05-14
643,139991,4,2003-11-01
643,1777406,1,2002-12-31
643,590003,3,2004-04-21
643,1414980,4,2003-04-09
643,496761,2,2004-01-04
643,2047114,4,2004-05-14
643,597873,3,2004-05-07
643,1227638,3,2005-01-29
643,2040710,3,2005-03-05
643,71426,3,2005-04-06
643,2198586,4,2005-05-26
643,2070160,4,2005-10-26
643,2533966,4,2004-04-14
643,2248080,2,2003-12-23
643,1176305,4,2003-07-04
643,1787676,3,2003-05-27
643,613286,3,2003-04-16
643,191312,2,2003-07-29
643,779744,4,2003-04-22
643,1026574,1,2004-04-22
643,1267215,5,2004-04-06
643,1785853,4,2004-10-22
643,178645,1,2005-02-03
643,1667722,3,2005-05-04
643,1128164,4,2005-06-02
643,292470,5,2005-09-17
643,1448416,3,2005-11-29
643,860549,3,2005-12-06
643,1957285,3,2005-07-07
643,1683198,3,2003-06-02
643,749563,2,2005-07-09
643,155620,3,2003-01-14
643,1737839,4,2003-04-12
643,1021961,3,2003-07-26
643,116767,5,2003-11-18
643,2425741,2,2003-02-18
643,1413265,5,2003-05-06
643,1327439,4,2005-08-20
643,1986034,3,2004-09-10
643,2146474,3,2005-09-04
643,2198070,3,2004-08-23
643,2132600,1,2004-07-09
643,2456777,3,2005-04-16
643,1322233,4,2004-12-06
643,429397,3,2005-03-15
643,1999176,5,2005-04-29
643,1296537,3,2005-09-09
643,2258262,4,2005-11-29
643,387982,2,2005-12-06
643,1482507,2,2003-05-23
643,2291750,3,2003-03-27
643,2513879,3,2005-07-26
643,1277678,3,2004-03-15
643,2024808,3,2003-10-30
643,1217641,3,2004-06-03
643,508766,3,2004-03-15
643,1181191,2,2004-02-02
643,2201000,3,2004-06-14
643,2220492,4,2004-09-22
643,743554,5,2005-03-06
643,1046598,1,2005-03-09
643,687772,3,2005-03-29
643,2612083,5,2005-05-19
643,660821,3,2005-09-10
643,1817718,5,2005-09-27
643,1771330,2,2005-10-28
643,1401233,3,2005-11-01
643,2578666,3,2005-11-07
643,2082864,3,2005-11-17
643,1934709,3,2003-07-14
643,641444,4,2003-06-01
643,2505593,4,2003-01-02
643,1315975,4,2003-04-01
643,2196119,3,2003-02-12
643,1352503,3,2003-04-18
643,476676,4,2004-03-03
643,1408317,2,2003-02-12
643,1010514,3,2003-02-13
643,596995,3,2003-04-21
643,1253534,3,2003-06-09
643,746420,3,2003-04-21
643,175915,3,2004-05-18
643,1950813,3,2004-01-30
643,1106767,3,2004-06-17
643,524142,3,2004-05-25
643,843454,4,2004-09-20
643,2486316,2,2004-10-27
643,1016603,3,2004-11-14
643,1027506,3,2004-11-28
643,2032252,3,2005-02-23
643,321089,3,2005-05-05
643,221936,4,2005-06-11
643,1743409,5,2003-08-03
643,1828803,3,2003-06-18
643,2905,4,2003-02-18
643,527953,3,2003-01-07
643,740802,4,2005-01-11
643,891536,2,2003-10-23
643,1637997,3,2003-07-25
643,676177,3,2004-08-16
643,550883,1,2004-01-20
643,890608,1,2004-05-29
643,1809912,3,2004-05-11
643,2300816,1,2004-07-16
643,2413875,3,2004-09-27
643,1471251,4,2004-10-07
643,255755,3,2004-10-18
643,2374631,3,2005-02-08
643,1068610,4,2005-04-04
643,138490,4,2005-09-21
643,2013678,4,2005-10-30
643,1665183,2,2005-11-04
643,559912,3,2003-03-31
643,2356870,2,2003-01-22
643,373990,2,2004-03-22
643,570721,5,2003-04-10
643,1750102,3,2003-03-13
643,1109293,3,2003-04-23
643,1750551,4,2003-06-20
643,1077451,3,2005-08-30
643,616173,2,2005-03-14
643,1950879,4,2004-07-20
643,2220015,3,2004-08-09
643,1396967,5,2005-02-02
643,1769920,5,2005-02-08
643,38969,2,2005-02-09
643,2239131,3,2005-06-11
643,978418,1,2005-07-02
643,2156554,2,2005-10-12
643,1142961,3,2002-12-27
643,1431636,2,2003-03-21
643,887919,3,2003-02-14
643,890825,5,2003-01-02
643,162744,3,2005-08-02
643,1899876,3,2003-01-07
643,443680,3,2003-09-08
643,80176,2,2005-08-10
643,1821087,3,2003-05-02
643,590607,3,2003-06-12
643,1922193,3,2003-09-10
643,1423063,2,2004-03-06
643,2234134,3,2005-01-31
643,2299951,3,2003-05-06
643,434171,1,2003-11-15
643,15846,4,2003-05-12
643,2623852,3,2003-06-16
643,847313,3,2003-03-11
643,1446102,1,2003-04-21
643,364749,2,2003-01-03
643,1591664,4,2003-03-26
643,2474276,2,2003-05-02
643,904084,5,2004-02-29
643,1376266,2,2004-02-09
643,188870,3,2004-01-13
643,2539101,1,2004-08-24
643,42053,3,2005-04-30
643,1362105,2,2005-10-16
643,1004453,2,2005-12-14
643,1262446,3,2003-04-03
643,248982,2,2004-12-04
643,838052,1,2003-07-12
643,48285,3,2003-09-17
643,29905,3,2004-04-18
643,554137,2,2003-09-26
643,652972,3,2003-03-17
643,354980,4,2003-02-12
643,1580240,3,2003-10-28
643,1568621,2,2004-09-11
643,392778,3,2004-08-23
643,880045,3,2004-11-20
643,890937,4,2005-01-21
643,806310,5,2005-04-13
643,2324383,3,2005-05-15
643,1454112,3,2005-11-19
643,101793,5,2005-12-29
643,1136796,4,2003-06-26
643,2092609,3,2003-08-26
643,543146,3,2003-03-03
643,2260241,2,2003-06-05
643,2402652,3,2003-02-12
643,1772359,3,2003-11-08
643,2203332,3,2003-11-03
643,1306989,1,2004-03-06
643,185160,2,2003-03-03
643,240414,3,2004-01-18
643,230097,3,2003-06-06
643,1498993,1,2004-03-31
643,1134724,3,2004-08-04
643,1147893,4,2005-12-14
643,2138296,2,2003-03-11
643,1418739,1,2003-07-28
643,1624047,5,2005-07-20
643,709185,3,2003-08-13
643,1076166,3,2002-12-22
643,207251,3,2005-08-11
643,1991854,3,2003-10-02
643,1772223,5,2004-06-02
643,1871583,2,2004-12-19
643,36615,2,2005-02-04
643,1773759,4,2005-02-14
643,151821,3,2005-06-16
643,2237945,4,2005-11-01
643,1469648,3,2003-03-31
643,2250528,3,2003-05-07
643,1059101,4,2005-08-19
643,750171,4,2003-04-23
643,414840,2,2003-09-22
643,2166890,4,2003-12-09
643,2128933,3,2004-01-05
643,2130003,3,2004-07-05
643,515746,1,2004-09-16
643,1180457,4,2004-06-24
643,1099549,3,2005-02-06
643,1263008,2,2005-02-08
643,941661,3,2003-02-24
643,1638735,3,2003-09-14
643,479424,3,2004-05-15
643,247963,4,2003-10-26
643,891808,3,2003-05-29
643,2112383,5,2003-04-28
643,1278877,3,2004-02-25
643,2432474,5,2003-08-02
643,1560311,3,2003-12-24
643,816504,5,2004-01-08
643,300344,2,2004-01-22
643,1025984,3,2004-07-29
643,2084213,4,2004-03-21
643,184705,3,2004-11-18
643,383451,3,2004-12-29
643,765756,5,2005-02-02
643,1504347,3,2005-04-27
643,2340698,5,2005-05-17
643,2039644,3,2003-06-09
643,2617405,2,2002-12-22
643,327366,5,2003-07-15
643,2316337,3,2002-12-16
643,207567,3,2003-02-26
643,1950604,1,2003-10-11
643,2616401,2,2003-12-30
643,2591704,3,2003-11-08
643,1160002,4,2004-09-20
643,2570868,3,2005-02-06
643,507603,1,2005-04-02
643,196541,3,2005-04-07
643,1649989,3,2005-06-18
643,2171685,3,2005-11-24
643,705134,4,2005-11-26
643,2147714,2,2003-06-30
643,2130687,4,2004-08-30
643,881026,3,2003-09-18
643,135714,3,2003-01-15
643,2637932,3,2003-08-05
643,687648,2,2005-06-07
643,95895,3,2003-04-07
643,878405,4,2003-06-13
643,1666170,3,2003-04-23
643,715173,4,2003-10-21
643,599642,5,2004-06-17
643,2236144,4,2004-12-02
643,1182654,3,2004-12-15
643,2129787,5,2005-01-19
643,1602783,4,2005-10-23
643,788543,3,2005-06-22
643,708226,3,2005-09-24
643,1802972,3,2005-12-05
643,2085644,1,2005-12-20
643,2415495,5,2005-07-13
643,1717184,2,2002-12-27
643,1508061,3,2003-03-05
643,1468636,4,2003-06-26
643,1763220,3,2003-06-17
643,2345686,3,2002-12-27
643,1830690,5,2002-12-25
643,2236542,3,2004-12-04
643,1270011,3,2003-02-15
643,599529,4,2003-02-13
643,1900047,2,2003-03-05
643,305357,3,2003-07-04
643,679695,3,2003-03-13
643,432129,2,2003-05-29
643,1291455,3,2003-04-19
643,1818224,2,2003-01-08
643,2277009,1,2003-06-23
643,762320,5,2004-04-19
643,1501694,4,2004-11-23
643,2610073,4,2004-11-28
643,1100520,5,2005-05-24
643,2629069,2,2005-06-10
643,97893,3,2005-06-17
643,332079,5,2005-12-28
643,1816632,3,2003-02-14
643,2064713,3,2005-08-15
643,476594,3,2004-05-07
643,301046,3,2003-08-13
643,1036389,1,2002-12-23
643,191693,2,2003-08-12
643,1530748,4,2003-05-15
643,1552084,3,2004-03-26
643,122503,5,2004-08-08
643,2202365,4,2004-09-27
643,113812,5,2004-11-02
643,158931,4,2004-12-14
643,2483978,3,2005-02-15
643,1841541,4,2005-11-01
643,2557013,5,2004-11-01
643,1299685,4,2003-02-14
643,1469669,3,2003-06-04
643,131447,3,2003-05-24
643,2128541,4,2004-01-13
643,1465417,1,2005-09-07
643,1428028,1,2004-07-08
643,403620,1,2004-01-31
643,2498453,5,2004-08-10
643,2513559,4,2004-12-16
643,2392623,3,2005-01-08
643,2170900,3,2005-04-19
643,343055,5,2005-04-25
643,1201241,3,2005-10-18
643,320314,4,2003-10-29
643,250565,1,2003-02-12
643,1095815,2,2003-03-06
643,2083367,2,2002-11-13
643,44078,3,2003-02-26
643,150464,4,2003-03-25
643,1081281,3,2003-03-25
643,1673733,3,2003-04-09
643,2637979,2,2003-01-21
643,1940080,5,2003-10-21
643,2250323,2,2004-01-02
643,286797,3,2004-02-09
643,1240341,3,2004-08-11
643,1825866,3,2004-06-05
643,322009,3,2004-04-13
643,670486,3,2004-10-05
643,1937280,3,2005-02-18
643,44289,2,2005-04-03
643,1585829,3,2005-04-23
643,257239,1,2005-05-24
643,1495111,3,2005-07-14
643,722068,5,2004-03-11
643,1327727,1,2004-07-19
643,2597741,3,2003-07-11
643,1631281,3,2004-06-30
643,1122296,5,2003-01-04
643,1955985,3,2003-04-23
643,719725,5,2003-05-19
643,426769,2,2003-11-16
643,1741303,3,2005-08-09
643,1054416,1,2005-08-18
643,1007546,3,2003-08-22
643,957716,4,2004-01-19
643,2354740,5,2004-08-10
643,1898118,3,2005-03-17
643,2036365,2,2005-04-18
643,517928,3,2003-03-03
643,1517673,3,2003-07-02
643,1294790,3,2004-04-02
643,1656393,3,2003-04-10
643,1470123,5,2003-10-07
643,1525455,1,2003-04-21
643,193454,1,2004-08-26
643,2259557,3,2004-01-14
643,1260854,1,2004-01-07
643,999348,3,2004-08-24
643,2217283,5,2005-10-16
643,22994,1,2004-12-09
643,2238759,4,2005-01-06
643,608829,4,2005-02-01
643,2401147,4,2003-02-18
643,126116,5,2003-05-19
643,258675,3,2003-02-17
643,2139762,3,2003-03-22
643,375770,3,2002-12-29
643,520283,4,2005-07-18
643,186908,3,2003-03-21
643,1081426,5,2003-02-14
643,2417531,1,2003-01-19
643,840737,3,2004-05-29
643,2539243,3,2005-08-13
643,1706114,3,2003-04-29
643,274191,2,2003-10-01
643,1835142,3,2003-08-06
643,2121758,5,2004-03-13
643,2110321,4,2004-10-21
643,423000,2,2004-11-01
643,725702,4,2004-12-14
643,1686030,4,2004-12-15
643,762145,4,2005-01-05
643,1333103,3,2005-04-28
643,331248,4,2005-05-05
643,820576,4,2005-06-06
643,192284,5,2005-12-24
643,17656,3,2003-07-28
643,701443,4,2003-04-08
643,1478134,4,2004-01-30
643,1892408,4,2003-01-14
643,352026,4,2003-01-07
643,2441081,3,2003-10-01
643,243012,5,2003-11-11
643,1699710,2,2004-01-07
643,2203225,1,2004-02-10
643,1646964,4,2004-07-08
643,2118885,3,2004-09-17
643,1726438,2,2005-01-29
643,1538056,1,2005-03-27
643,1758046,3,2005-04-24
643,2068042,3,2005-05-01
643,1752315,3,2005-06-03
643,75862,2,2005-06-16
643,382906,3,2005-11-03
643,1132764,2,2005-11-29
643,1028097,4,2003-06-23
643,1367733,4,2003-05-28
643,1979432,2,2003-12-15
643,2545022,1,2003-02-12
643,1110061,5,2003-04-05
643,506165,4,2003-05-27
643,1723385,2,2003-08-24
643,500536,2,2003-12-06
643,140516,4,2004-08-23
643,1172271,4,2004-12-13
643,1664010,5,2005-10-13
643,2344305,5,2005-11-23
643,1902838,2,2002-12-14
643,1446909,1,2003-06-09
643,1950699,2,2003-01-05
643,1546532,3,2003-01-23
643,748777,4,2003-05-09
643,34762,3,2003-04-10
643,135657,3,2003-05-27
643,1954151,4,2004-02-09
643,1317768,3,2004-03-26
643,1637555,3,2003-04-08
643,940016,4,2003-03-28
643,302544,2,2003-04-01
643,508069,2,2005-09-03
643,1165171,2,2004-08-01
643,519520,5,2004-03-10
643,2327743,4,2004-01-13
643,1104231,5,2005-04-03
643,1114141,3,2005-05-01
643,164099,3,2005-05-26
643,1713525,4,2005-09-12
643,1383799,5,2005-09-26
643,2098473,4,2005-07-06
643,914283,4,2005-07-08
643,972734,3,2004-08-24
643,1209528,2,2003-05-23
643,1698152,4,2003-03-30
643,1125863,2,2003-04-01
643,2476987,3,2003-10-02
643,1344313,1,2003-08-25
643,969772,3,2003-09-28
643,478273,3,2005-09-26
643,2039832,5,2005-10-29
643,432405,3,2003-01-11
643,43141,4,2004-05-27
643,2561618,1,2003-01-24
643,338194,2,2003-01-01
643,576990,1,2004-02-09
643,224373,3,2004-01-02
643,314718,5,2004-06-07
643,2123401,4,2005-04-17
643,472173,5,2005-04-21
643,2290778,4,2005-05-02
643,412729,3,2005-05-12
643,233821,2,2005-05-25
643,59218,3,2005-10-25
643,2363785,4,2003-05-23
643,385227,4,2003-05-22
643,497249,2,2003-02-13
643,404629,1,2003-07-27
643,1705091,3,2003-04-08
643,152955,3,2005-08-11
643,2062044,5,2003-01-25
643,2292135,2,2003-08-02
643,406841,3,2003-03-22
643,2601391,4,2003-11-02
643,1141757,2,2003-05-14
643,612384,5,2003-09-15
643,1521272,2,2003-04-21
643,2419494,4,2004-06-01
643,1903977,3,2004-06-25
643,1918525,2,2004-12-07
643,1840149,4,2005-01-19
643,2419242,3,2005-02-07
643,2136494,5,2005-02-18
643,1015646,3,2005-03-23
643,1127519,3,2005-06-21
643,2567935,3,2003-06-22
643,156898,2,2004-08-02
643,1111081,3,2003-08-14
643,2043784,3,2003-01-21
643,1288207,2,2003-06-24
643,1475204,3,2003-01-23
643,1852206,4,2003-03-13
643,1473738,3,2003-04-20
643,406365,3,2003-06-30
643,1491215,4,2003-05-14
643,1191536,1,2003-02-13
643,2314246,4,2003-04-30
643,1583947,2,2003-03-07
643,260277,3,2003-03-05
643,1954687,3,2003-04-29
643,139994,4,2004-05-24
643,2524708,3,2004-07-23
643,1902140,4,2005-03-13
643,353752,2,2005-04-18
643,617824,5,2005-05-24
643,653715,4,2005-05-24
643,753107,4,2005-09-11
643,789058,4,2005-09-12
643,862596,5,2005-09-15
643,311216,3,2004-01-23
643,1751529,4,2004-06-09
643,18106,4,2002-12-30
643,2444202,3,2004-04-22
643,730027,5,2003-04-13
643,1605212,2,2003-01-01
643,1649081,2,2003-02-12
643,997017,3,2003-11-23
643,585251,2,2003-02-14
643,1804540,3,2003-10-01
643,1533028,4,2004-08-26
643,526149,4,2004-04-21
643,1010489,4,2004-11-16
643,1755249,4,2004-12-09
643,1273375,1,2004-12-16
643,2095705,4,2005-02-08
643,2007879,3,2005-03-18
643,1591189,4,2005-06-06
643,1616746,4,2005-07-02
643,550341,4,2005-09-12
643,2338627,3,2005-11-15
643,1304156,1,2003-03-03
643,74427,4,2002-12-26
643,1039883,3,2003-06-15
643,1780003,4,2003-05-24
643,1610234,1,2005-08-17
643,2448303,4,2003-05-29
643,2363063,2,2004-09-14
643,1633995,2,2004-02-15
643,2620858,3,2004-06-09
643,1809528,3,2004-11-30
643,23844,4,2004-12-06
643,1421573,4,2005-06-07
643,358252,4,2005-09-16
643,1093130,3,2005-09-24
643,1811248,2,2005-10-31
643,503178,2,2004-06-01
643,2600994,4,2004-07-28
643,1030634,4,2003-03-13
643,755773,2,2003-08-18
643,1586525,1,2001-04-05
643,1424084,3,2003-03-30
643,1459527,2,2003-05-10
643,330424,3,2003-03-31
643,1458712,2,2004-02-20
643,1341247,3,2003-05-30
643,717338,3,2003-03-23
643,2319265,3,2003-12-30
643,1992065,3,2005-08-30
643,450919,4,2004-10-01
643,2199358,4,2004-10-13
643,1011235,2,2005-01-12
643,2554058,5,2005-02-16
643,1289999,5,2005-03-08
643,2274193,4,2005-05-06
643,2397276,2,2005-05-28
643,2500738,3,2005-11-15
643,619960,3,2005-11-17
643,306640,2,2003-07-25
643,1749706,3,2005-02-09
643,775513,2,2003-01-05
643,1710035,3,2003-11-24
643,1558286,2,2003-06-19
643,225667,3,2003-07-08
643,88887,2,2005-08-20
643,2264286,3,2005-09-06
643,133705,3,2004-07-21
643,2061245,2,2004-08-19
643,1653098,5,2004-08-11
643,287897,4,2004-06-06
643,1886175,3,2004-07-05
643,663373,3,2004-09-09
643,128322,2,2004-09-29
643,101444,5,2004-11-11
643,2020964,5,2004-12-19
643,904848,3,2005-01-12
643,2644049,4,2005-01-20
643,22905,5,2005-01-27
643,2275159,4,2005-02-28
643,2187083,3,2005-03-03
643,1639192,3,2005-03-14
643,208617,5,2005-04-03
643,2193044,3,2005-10-07
643,2256731,3,2005-10-07
643,320362,4,2005-10-13
643,840763,3,2004-01-12
643,762846,2,2003-01-08
643,1347765,3,2003-04-11
643,1738557,3,2005-07-25
643,383047,3,2003-08-08
643,1219733,3,2003-05-23
643,1898294,3,2004-06-26
643,1527,5,2003-02-14
643,1177734,3,2003-03-09
643,84150,2,2004-04-20
643,195709,3,2004-06-07
643,24131,3,2004-10-04
643,962282,4,2004-10-11
643,725861,3,2005-06-13
643,1104884,3,2005-06-22
643,880049,1,2003-02-12
643,1257537,2,2003-04-01
643,968184,2,2003-02-12
643,1782748,1,2003-09-11
643,1326994,2,2004-03-05
643,452001,4,2003-06-10
643,1026933,3,2005-12-21
643,176934,3,2003-02-27
643,1148389,2,2003-10-09
643,976803,4,2003-05-13
643,2199353,3,2004-02-19
643,2528708,3,2003-02-12
643,2299294,3,2003-10-20
643,207586,3,2004-08-30
643,1633082,5,2004-07-28
643,574022,1,2003-08-07
643,366813,4,2004-06-01
643,2633061,2,2004-08-22
643,1358164,1,2004-07-23
643,2496629,3,2004-12-09
643,826444,2,2005-02-03
643,442762,2,2005-03-23
643,1699787,4,2003-02-15
643,2078484,1,2003-04-25
643,1228062,2,2005-07-18
643,2122981,3,2004-01-22
643,2092788,3,2003-07-21
643,1667291,1,2003-04-05
643,706005,2,2003-03-24
643,1588002,4,2003-04-26
643,2127343,5,2004-04-14
643,954642,1,2003-07-07
643,176977,3,2003-08-05
643,1327672,2,2003-10-15
643,1542754,3,2004-06-18
643,1656130,3,2003-06-13
643,653515,4,2003-12-22
643,2297074,1,2003-09-17
643,2618731,3,2004-03-07
643,1954817,4,2004-11-04
643,2431148,3,2004-12-08
643,2479313,4,2005-06-23
643,1613136,2,2005-10-25
643,867366,2,2003-09-30
643,1370666,3,2002-12-27
643,2590224,4,2003-03-16
643,1676869,3,2003-06-26
643,398468,3,2003-12-05
643,2196309,3,2003-03-06
643,2087044,1,2003-02-13
643,2135060,4,2003-01-14
643,449635,2,2003-03-14
643,1108451,5,2004-07-02
643,492367,3,2003-04-30
643,2497577,4,2003-05-19
643,1282217,2,2004-02-11
643,381145,5,2004-08-21
643,979363,4,2004-10-11
643,1965439,3,2004-11-16
643,191778,5,2004-12-16
643,37362,2,2005-01-05
643,1022684,2,2005-04-06
643,964513,4,2005-04-07
643,1079613,1,2005-04-25
643,2392770,5,2005-05-03
643,2215180,3,2005-10-03
643,712653,3,2004-04-09
643,1684290,3,2004-04-28
643,2080822,3,2003-04-04
643,293966,1,2003-04-07
643,1959066,2,2003-06-25
643,663627,3,2003-01-02
643,1322701,3,2004-04-13
643,2621524,3,2003-05-24
643,1655658,4,2003-04-29
643,162074,3,2003-07-01
643,770388,3,2003-09-08
643,1593386,3,2004-02-12
643,2500870,3,2004-03-16
643,1422910,1,2004-10-17
643,1184378,2,2004-08-08
643,1664306,4,2004-09-22
643,2469579,5,2004-09-29
643,721996,5,2004-11-06
643,828349,2,2005-01-03
643,961513,3,2005-10-26
643,2049285,2,2003-02-13
643,1029449,5,2003-02-12
643,1723855,1,2005-08-05
643,1600623,4,2003-02-24
643,2382844,4,2003-06-13
643,684531,1,2003-03-04
643,50214,4,2003-03-13
643,655385,5,2005-09-06
643,1086481,1,2004-01-15
643,813010,4,2004-01-02
643,626050,3,2004-07-21
643,1821474,3,2004-10-20
643,1820271,3,2005-02-01
643,1793274,3,2005-02-17
643,294495,3,2005-04-12
643,59270,3,2005-07-04
643,1657241,1,2005-11-16
643,2494857,3,2003-03-29
643,33612,1,2005-07-12
643,1467436,1,2003-09-25
643,2320538,2,2003-04-29
643,1781337,3,2003-08-24
643,713056,3,2003-02-11
643,2594016,2,2004-04-20
643,594232,3,2003-02-12
643,1295603,3,2005-09-02
643,366683,3,2004-05-13
643,2519570,4,2004-03-03
643,1704223,4,2004-01-10
643,2047597,3,2004-11-19
643,758634,3,2004-12-20
643,1163439,4,2005-01-05
643,1955146,3,2005-02-18
643,2113606,3,2005-09-17
643,1240637,3,2005-10-06
643,2479467,4,2005-12-06
643,269913,2,2005-08-05
643,407876,3,2003-02-13
643,221776,3,2003-03-31
643,1235543,4,2003-09-03
643,2357781,3,2005-08-31
643,2269875,3,2003-07-06
643,1108183,3,2004-03-08
643,1256834,1,2004-05-12
643,249773,5,2004-01-13
643,703959,3,2004-09-11
643,2019240,3,2004-05-14
643,2530843,5,2004-10-11
643,2551375,3,2004-11-03
643,2126991,4,2004-12-19
643,2591100,3,2005-01-06
643,1962475,2,2005-03-03
643,2218750,4,2005-11-22
643,37797,3,2003-06-23
643,2353376,1,2003-02-11
643,895963,4,2003-03-22
643,601778,4,2003-10-08
643,73149,3,2003-11-20
643,802745,3,2003-04-30
643,2525542,4,2004-05-23
643,350120,2,2005-02-22
643,1344473,4,2005-03-21
643,1749674,3,2005-04-05
643,2239840,4,2005-05-16
643,1171695,3,2005-06-09
643,2529053,3,2005-11-17
643,249241,2,2003-06-06
643,2384880,2,2004-01-05
643,537422,3,2003-05-09
643,2541395,3,2003-07-26
643,168939,2,2004-05-18
643,1559500,4,2004-06-17
643,1567436,3,2004-05-17
643,123392,5,2004-11-24
643,504947,3,2004-11-29
643,1336618,5,2005-03-08
643,304992,5,2005-05-31
643,2337085,4,2005-09-21
643,952063,1,2005-12-09
643,1815283,3,2003-03-28
643,10374,5,2004-04-09
643,2646058,4,2003-11-04
643,1495528,3,2004-09-01
643,2080663,4,2005-08-30
643,815093,1,2004-07-14
643,870065,4,2004-02-13
643,2072107,2,2004-05-07
643,2101845,3,2004-12-11
643,55272,4,2005-03-04
643,2627190,3,2005-05-06
643,2592025,2,2005-11-08
643,531125,5,2005-07-15
643,1907689,3,2003-03-03
643,266738,2,2003-07-03
643,3321,1,2005-07-26
643,2526824,3,2003-06-10
643,562508,3,2003-02-13
643,1819874,4,2003-02-12
643,2003773,2,2003-03-15
643,379063,3,2003-04-02
643,2192638,3,2003-05-09
643,1558099,4,2005-08-30
643,1692637,3,2003-11-04
643,155396,3,2004-03-31
643,2341237,4,2004-07-04
643,2155026,3,2004-02-20
643,1685340,4,2004-09-18
643,608234,3,2004-11-01
643,203369,2,2004-11-11
643,304314,4,2005-01-10
643,509987,3,2005-02-14
643,1778955,1,2005-03-04
643,2391066,4,2005-03-18
643,786982,1,2005-06-28
643,278223,2,2005-09-20
643,1709511,3,2005-10-04
643,1959280,3,2005-10-04
643,1350424,5,2003-03-03
643,494486,4,2004-09-07
643,1287593,3,2004-06-29
643,1680398,3,2003-06-25
643,1945763,4,2003-11-12
643,1522922,3,2003-08-18
643,428488,4,2005-02-19
643,1580014,3,2003-03-25
643,1772901,3,2003-06-30
643,2414098,3,2004-01-10
643,305177,3,2003-12-22
643,774736,3,2004-08-06
643,194528,4,2004-04-09
643,557037,4,2004-12-29
643,565922,4,2005-02-24
643,1122906,2,2005-03-22
643,2550711,4,2005-04-13
643,2377061,3,2005-04-27
643,2500166,5,2005-11-02
643,14602,4,2005-11-07
643,2323748,2,2004-01-30
643,2312344,3,2003-05-23
643,867068,3,2003-01-16
643,1776715,3,2003-02-20
643,108965,3,2004-09-04
643,165545,1,2003-03-21
643,672685,4,2004-06-18
643,46650,3,2005-08-27
643,642349,2,2004-01-04
643,753531,1,2005-01-20
643,1055293,5,2004-08-01
643,201632,3,2004-08-10
643,44230,1,2004-11-15
643,2431722,4,2005-03-20
643,1600210,3,2005-05-24
643,2599813,2,2004-04-17
643,1955169,2,2003-01-27
643,2102507,2,2004-06-11
643,574812,2,2003-01-21
643,2108719,2,2003-03-05
643,1173963,3,2003-03-11
643,1783226,3,2004-01-16
643,1671947,5,2003-06-18
643,1655463,2,2003-03-07
643,804931,4,2003-06-24
643,2553741,3,2004-04-19
643,1905487,3,2003-05-20
643,2002198,4,2004-02-03
643,2557433,4,2004-03-10
643,2329160,4,2004-04-23
643,145514,4,2004-08-03
643,1815027,5,2004-05-21
643,510589,4,2004-08-30
643,407877,4,2005-02-14
643,1129838,2,2005-04-06
643,231885,3,2005-04-07
643,1424529,3,2005-05-26
643,900151,4,2005-10-20
643,2269029,4,2005-12-27
643,2449001,1,2003-02-14
643,2639312,2,2003-03-20
643,1611544,2,2003-02-12
643,541569,2,2003-07-28
643,2599620,5,2004-05-23
643,2224741,2,2004-11-01
643,1011876,4,2004-11-15
643,386229,3,2004-12-10
643,2474804,5,2005-01-27
643,2222397,4,2005-03-08
643,1099878,3,2005-04-01
643,748307,3,2005-04-03
643,413855,3,2005-12-23
643,2116230,3,2003-03-28
643,1936654,4,2004-06-24
643,2558357,2,2005-07-26
643,2157469,3,2003-06-01
643,1572273,4,2003-05-23
643,832894,5,2003-08-22
643,82499,2,2003-04-10
643,1446117,3,2004-08-05
643,169281,3,2003-03-12
643,2087814,3,2005-08-31
643,451096,3,2005-08-31
643,151192,5,2004-01-17
643,1041419,3,2004-03-30
643,2307388,5,2004-10-11
643,445634,4,2004-12-06
643,2203568,2,2005-01-10
643,697536,4,2005-02-07
643,342510,3,2005-03-01
643,624432,5,2005-03-24
643,826270,3,2005-03-25
643,1836587,2,2005-05-03
643,1040992,4,2005-06-12
643,1864975,4,2005-11-08
643,2220490,2,2003-05-24
643,262862,4,2005-07-13
643,1660482,3,2005-07-17
643,309533,4,2003-02-27
643,1849621,5,2003-07-14
643,2485091,4,2003-01-16
643,558674,2,2003-02-13
643,2628143,3,2002-12-29
643,659142,5,2003-03-29
643,803336,3,2003-05-31
643,446258,3,2003-03-22
643,1726925,3,2004-07-05
643,577774,3,2004-05-08
643,1234712,2,2004-03-02
643,2253240,1,2004-01-22
643,332466,5,2004-01-18
643,2275994,3,2004-05-07
643,1719276,2,2004-09-07
643,134594,4,2004-04-29
643,1822404,1,2004-10-05
643,2283770,4,2005-01-31
643,2635003,2,2005-03-13
643,35230,4,2005-03-22
643,2034847,4,2005-11-24
643,2004864,1,2005-11-29
643,838665,3,2003-06-10
643,1778396,3,2003-02-26
643,1348456,4,2005-07-20
643,911828,2,2004-02-17
643,1344986,3,2003-07-11
643,2356682,1,2003-03-25
643,913920,4,2005-08-12
643,181405,3,2003-04-08
643,265299,4,2003-03-04
643,703307,3,2003-03-22
643,2341390,3,2005-08-28
643,2089599,2,2004-01-19
643,1510266,4,2004-11-20
643,708596,5,2004-12-13
643,2256146,5,2005-05-06
643,600303,5,2005-05-25
643,97556,3,2005-10-14
643,120065,3,2003-03-25
643,1763990,1,2003-07-20
643,1743149,2,2005-07-14
643,152405,3,2003-06-22
643,1822357,3,2003-02-13
643,593496,3,2003-08-06
643,2397369,3,2003-06-18
643,670416,3,2002-11-06
643,116858,5,2005-08-04
643,1789164,1,2004-04-15
643,478542,3,2003-03-19
643,1817670,1,2004-04-20
643,2427965,3,2003-06-30
643,2552866,3,2005-08-28
643,106870,2,2003-12-31
643,2444628,3,2004-08-01
643,693999,2,2004-10-16
643,1008619,2,2005-01-25
643,1962255,2,2005-01-28
643,1528604,3,2005-05-02
643,2606799,2,2005-05-16
643,1623198,3,2005-10-07
643,1629301,4,2005-10-16
643,478492,3,2005-07-14
643,1387313,2,2005-01-12
643,1688649,1,2003-09-16
643,1187021,4,2003-05-05
643,1410446,2,2003-05-29
643,1999338,1,2003-03-26
643,810222,3,2004-04-17
643,296874,3,2004-03-11
643,2646037,3,2003-07-08
643,398056,2,2004-01-02
643,2332390,4,2004-08-03
643,560579,3,2004-04-22
643,424202,4,2005-01-12
643,1072294,4,2005-02-08
643,2474060,3,2005-06-05
643,2149622,5,2005-06-12
643,408457,3,2005-09-10
643,113799,2,2005-10-22
643,715339,2,2003-03-05
643,275513,3,2003-09-17
643,1447934,3,2003-05-30
643,291141,4,2003-04-18
643,143070,3,2004-07-16
643,1355066,3,2004-08-12
643,1133966,3,2004-12-13
643,1509147,4,2005-02-01
643,2143328,4,2005-04-15
643,431947,4,2005-06-29
643,1896292,3,2005-10-04
643,622867,3,2005-11-30
643,798394,2,2005-07-18
643,2305009,3,2003-04-20
643,1037813,3,2003-03-20
643,1681443,3,2005-08-21
643,1497750,3,2004-07-18
643,2634607,4,2004-12-06
643,894987,4,2004-12-18
643,38115,3,2005-11-14
643,1330226,3,2004-07-21
643,2574484,2,2004-02-23
643,249862,4,2005-08-01
643,759737,2,2005-08-07
643,1174231,2,2003-04-23
643,2445266,5,2004-11-06
643,371589,4,2005-01-12
643,827819,3,2005-02-14
643,2230436,3,2005-03-07
643,1915000,5,2005-03-21
643,1405990,3,2005-06-18
643,1645879,4,2005-10-24
643,284144,4,2005-11-10
643,1595644,4,2005-12-20
643,1493247,3,2004-05-12
643,1053827,3,2003-07-07
643,1920790,1,2004-02-20
643,1651956,1,2003-03-28
643,389704,3,2003-03-31
643,704117,3,2003-02-13
643,2513067,2,2002-12-25
643,1937878,4,2003-04-21
643,227332,2,2003-09-30
643,1087693,4,2003-03-11
643,460224,5,2003-04-15
643,1722922,4,2003-10-22
643,2639605,4,2004-04-03
643,406024,3,2005-01-10
643,1111814,3,2005-01-13
643,360005,3,2005-03-04
643,1461717,5,2005-09-21
643,2039272,4,2005-11-04
643,1120497,3,2005-11-14
643,789014,2,2003-02-14
643,682716,3,2003-07-14
643,2295594,3,2003-01-09
643,798296,1,2003-01-07
643,1690012,2,2003-02-24
643,2169318,3,2003-08-10
643,549962,1,2004-05-10
643,2439370,5,2003-08-15
643,1685083,3,2004-11-12
643,103161,5,2004-12-01
643,2010587,4,2005-01-10
643,1860673,4,2005-03-03
643,682963,3,2005-06-24
643,2316081,2,2005-10-08
643,348408,4,2005-10-18
643,1130380,3,2005-10-27
643,1132605,4,2005-12-02
643,2411805,3,2005-12-31
643,1024083,2,2003-01-13
643,682739,2,2003-02-17
643,1713221,2,2003-01-03
643,689091,4,2003-01-03
643,16272,2,2002-12-17
643,2571075,3,2003-04-25
643,504620,1,2005-08-17
643,1953091,3,2003-04-28
643,1564360,3,2003-04-05
643,1242308,4,2003-05-15
643,2098959,3,2005-08-22
643,1278390,4,2004-06-10
643,2498225,3,2003-07-31
643,351882,2,2004-08-05
643,1313977,5,2004-05-20
643,1531342,3,2004-03-15
643,2105494,4,2004-12-19
643,1731009,3,2003-03-09
643,230122,4,2003-07-22
643,1382135,1,2003-05-21
643,1688372,5,2003-01-07
643,1942664,3,2003-04-08
643,831839,2,2003-04-07
643,2477339,4,2003-04-08
643,2108460,2,2003-01-13
643,1335771,4,2003-11-12
643,1295307,1,2005-08-09
643,414345,4,2003-11-11
643,2031497,3,2004-02-29
643,509496,4,2004-05-07
643,1643106,3,2004-07-12
643,485135,3,2004-11-06
643,1553965,2,2004-12-16
643,704901,3,2005-02-17
643,551388,3,2005-05-03
643,1720731,2,2005-06-12
643,1034886,5,2005-10-04
643,2466682,1,2003-01-25
643,1584930,4,2003-06-27
643,916727,2,2003-04-01
643,51453,3,2003-05-30
643,2263991,3,2005-08-05
643,1757264,3,2004-01-27
643,987295,3,2003-03-06
643,1715755,3,2005-08-15
643,934835,3,2003-08-27
643,89321,2,2003-03-03
643,2210638,3,2003-07-14
643,1567605,3,2004-03-15
643,2642895,4,2004-04-12
643,1428765,5,2004-06-18
643,1258191,4,2004-08-20
643,201518,1,2005-03-15
643,1982753,5,2005-11-30
643,2037580,5,2005-12-03
643,1282983,4,2003-06-26
643,1231617,2,2003-08-14
643,1905303,4,2004-01-07
643,1771451,3,2003-11-18
643,2472855,4,2003-04-29
643,1843643,4,2005-08-19
643,609408,3,2004-07-24
643,2128636,3,2004-06-24
643,319058,2,2004-08-18
643,1871020,2,2004-10-31
643,1557449,3,2004-11-16
643,389581,4,2004-11-17
643,1194439,1,2005-11-06
643,1271961,2,2005-11-16
643,1066481,3,2005-12-18
643,1826356,2,2005-12-28
643,561206,4,2003-03-29
643,46187,3,2003-05-03
643,811086,4,2003-12-03
643,2057880,4,2003-06-10
643,2346564,4,2003-05-09
643,334643,1,2003-04-03
643,124507,3,2003-02-21
643,323450,3,2004-04-03
643,170277,3,2005-08-09
643,2521402,3,2003-12-03
643,1068275,3,2003-06-04
643,1364764,4,2003-09-02
643,2403561,2,2003-05-08
643,2593491,3,2004-03-02
643,11043,4,2004-02-10
643,2107155,3,2003-06-25
643,1791493,4,2003-09-04
643,299524,3,2003-11-11
643,1620258,4,2004-02-29
643,221694,3,2004-05-01
643,1726505,4,2004-07-14
643,1172778,3,2004-10-07
643,2163181,5,2005-01-21
643,964916,3,2005-04-04
643,96836,3,2005-10-06
643,2323668,2,2005-11-07
643,64765,2,2003-07-30
643,2593330,3,2003-11-28
643,1821747,3,2003-08-18
643,1108122,3,2003-02-18
643,1721741,1,2003-06-10
643,589596,3,2004-06-07
643,2027850,5,2003-11-12
643,2043149,3,2003-12-29
643,2323142,3,2004-02-04
643,2239324,2,2003-04-02
643,578869,3,2004-01-17
643,2499453,4,2005-08-17
643,1077968,5,2003-04-16
643,473062,2,2004-05-26
643,669124,3,2003-04-29
643,151153,3,2004-02-27
643,1118233,4,2005-12-09
643,1182045,4,2004-10-17
643,2103314,4,2004-10-20
643,1684543,2,2004-12-07
643,1323233,4,2004-12-15
643,404906,3,2004-12-21
643,481,4,2005-04-24
643,926109,4,2005-05-17
643,1042078,3,2005-05-21
643,2608047,3,2005-12-24
643,279265,3,2003-08-18
643,2505740,3,2005-07-20
643,2458079,5,2003-05-18
643,1454098,3,2003-05-27
643,2089379,2,2003-03-24
643,2446411,3,2003-08-15
643,1914872,4,2003-09-12
643,1048619,3,2003-02-17
643,2356623,3,2003-05-28
643,1059844,2,2005-08-11
643,2138831,3,2003-07-16
643,611807,3,2004-06-04
643,853918,3,2004-07-19
643,242477,3,2004-06-22
643,268962,2,2004-10-05
643,1854660,2,2004-10-17
643,1301942,2,2004-11-08
643,2345646,3,2004-12-26
643,1548234,4,2005-03-27
643,186880,2,2005-04-26
643,2626214,4,2005-10-13
643,2573134,4,2005-10-23
643,827459,4,2005-11-08
643,158785,1,2003-06-22
643,1635582,3,2002-12-23
643,1030797,1,2004-06-08
643,305344,2,2003-03-15
643,357056,2,2003-03-24
643,1904884,5,2003-03-06
643,635311,2,2003-06-05
643,498505,3,2002-12-14
643,2212144,2,2003-01-01
643,2513870,3,2003-03-11
643,973903,3,2004-07-27
643,2274584,2,2003-07-05
643,272280,4,2004-07-21
643,2596179,2,2004-05-09
643,2106707,4,2004-07-26
643,565105,4,2004-09-06
643,1662695,2,2004-10-02
643,2002495,2,2005-02-22
643,169054,2,2005-03-21
643,2489112,3,2005-04-05
643,934923,5,2005-05-16
643,1372729,4,2005-11-16
643,361645,3,2005-12-23
643,1314399,4,2005-12-29
643,1169007,2,2002-12-25
643,2471192,1,2003-01-14
643,1641504,2,2003-06-17
643,1101586,3,2004-06-04
643,2535393,4,2005-08-12
643,2590895,5,2003-04-02
643,1247225,3,2004-12-07
643,2144655,5,2004-12-16
643,997543,2,2005-05-04
643,1806238,4,2005-10-03
643,218962,1,2005-10-06
643,1608226,2,2003-05-14
643,2602078,4,2004-07-10
643,182736,3,2003-02-13
643,327401,2,2003-04-15
643,981837,3,2003-02-27
643,1326715,3,2004-02-02
643,885170,4,2004-03-25
643,618571,3,2004-05-12
643,1824021,4,2004-08-07
643,1549397,5,2004-05-14
643,930403,3,2004-07-25
643,2445424,5,2004-08-05
643,1734880,5,2004-09-21
643,2483353,3,2004-09-27
643,392367,4,2004-12-01
643,51521,5,2005-02-07
643,614909,4,2005-09-26
643,1403217,2,2005-07-06
643,1209824,4,2003-04-28
643,145916,2,2004-07-01
643,2166690,3,2004-05-10
643,664232,3,2003-06-12
643,879755,4,2005-08-06
643,1850255,2,2003-10-30
643,608280,3,2003-06-04
643,368966,3,2003-04-12
643,1673965,4,2004-02-06
643,2232571,5,2005-09-05
643,605814,4,2004-07-18
643,1573610,3,2004-08-02
643,1727117,4,2004-11-08
643,56858,4,2005-06-10
643,69368,3,2005-11-17
643,2122793,3,2005-12-02
643,2402754,5,2003-01-19
643,1080898,3,2003-07-20
643,2368901,3,2003-06-23
643,2206659,5,2004-05-10
643,635511,4,2003-04-15
643,2429812,5,2004-03-06
643,2631815,2,2004-03-08
643,689488,3,2004-04-23
643,170551,1,2004-03-12
643,1862971,3,2004-08-02
643,156699,4,2004-10-08
643,2342811,2,2004-11-08
643,827240,3,2004-12-24
643,2251848,3,2005-05-08
643,2526898,5,2005-12-10
643,891954,3,2003-08-16
643,1763902,4,2003-08-06
643,748028,2,2003-08-28
643,2191884,2,2003-01-20
643,2081240,3,2003-04-21
643,499033,3,2002-12-31
643,1410742,2,2003-02-26
643,1827071,3,2003-05-12
643,154759,3,2003-03-25
643,1471102,1,2003-07-15
643,901273,3,2003-11-10
643,824930,4,2004-02-20
643,1914374,3,2005-04-18
643,558952,3,2005-04-27
643,322497,4,2005-07-09
643,2616417,1,2003-02-11
643,2504707,2,2003-06-03
643,1912109,4,2003-02-20
643,1538355,2,2003-05-03
643,2132429,2,2003-08-02
643,1104415,4,2002-12-30
643,871533,5,2003-05-05
643,708465,4,2003-02-14
643,418205,3,2004-08-10
643,768876,5,2004-06-13
643,580246,3,2004-11-19
643,2046649,3,2004-12-29
643,8748,3,2005-01-13
643,1812697,3,2005-02-01
643,1903679,4,2005-02-07
643,2374975,3,2005-02-14
643,1118662,4,2005-10-03
643,1131695,4,2005-12-27
643,1988735,2,2002-12-22
643,152537,2,2004-05-13
643,392346,3,2003-01-01
643,1955137,2,2005-08-10
643,677066,2,2003-03-26
643,1992319,3,2005-08-16
643,1339970,3,2003-02-12
643,2023486,3,2003-07-31
643,35111,3,2003-06-04
643,1480600,2,2003-07-30
643,688882,3,2004-04-30
643,1767089,3,2004-08-24
643,572423,5,2004-05-22
643,602959,3,2004-07-10
643,1169411,3,2004-08-06
643,424751,2,2004-10-13
643,1005354,3,2005-01-08
643,1658662,3,2005-01-10
643,67949,5,2005-02-27
643,1072195,5,2005-04-07
643,1662193,3,2005-05-24
643,2476526,5,2005-09-06
643,403829,5,2005-11-01
643,1412691,2,2005-11-17
643,2241136,4,2004-08-15
643,2274757,4,2003-08-29
643,539844,4,2003-01-22
643,2104306,3,2003-12-11
643,1933063,3,2003-08-01
643,501068,4,2005-08-12
643,369976,3,2003-09-13
643,2227043,3,2003-02-14
643,1928784,3,2003-10-24
643,1761306,2,2003-09-24
643,1046589,5,2004-09-02
643,1871450,2,2005-02-25
643,2204125,2,2005-04-06
643,2233195,3,2005-05-30
643,851211,5,2005-06-20
643,1008631,3,2005-07-13
643,202412,1,2003-06-17
643,1565936,2,2003-01-11
643,651815,4,2003-03-16
643,649017,4,2003-07-28
643,2629660,3,2004-07-05
643,2640278,4,2004-07-03
643,139147,4,2003-11-22
643,2540860,3,2004-05-15
643,587043,4,2004-05-17
643,1067761,3,2005-05-05
643,2332110,4,2005-10-06
643,1538522,4,2005-10-31
643,1742222,4,2005-11-09
643,1165663,3,2004-07-26
643,1555872,2,2004-06-01
643,1525764,3,2005-07-26
643,2584676,5,2004-09-07
643,1271420,4,2004-08-23
643,311463,3,2004-05-17
643,1382872,1,2004-04-01
643,1070547,4,2004-06-14
643,2205259,4,2005-01-20
643,1238205,3,2005-02-23
643,100495,5,2005-05-09
643,2388771,3,2005-05-18
643,1708366,4,2005-09-24
643,1483654,3,2005-12-19
643,634342,4,2003-06-01
643,1697451,5,2003-05-16
643,1367792,4,2004-07-06
643,983069,2,2003-03-16
643,2530817,3,2003-07-10
643,1914430,1,2004-01-26
643,40836,4,2003-02-18
643,1911337,3,2003-06-09
643,2092806,4,2003-07-09
643,1882587,3,2005-08-29
643,2614827,3,2005-09-06
643,394170,2,2004-08-26
643,2627280,2,2004-07-22
643,647111,2,2004-08-03
643,2341424,2,2004-09-29
643,1979820,1,2005-02-11
643,1377190,3,2005-02-25
643,864647,5,2005-04-09
643,1620511,2,2005-05-11
643,260273,4,2003-02-13
643,335103,3,2003-06-26
643,598127,3,2005-07-19
643,496432,5,2003-04-03
643,786667,4,2003-03-09
643,739162,1,2003-03-21
643,1841405,3,2003-11-11
643,152082,2,2003-03-03
643,1029185,5,2003-04-22
643,823064,2,2003-08-29
643,2115045,3,2004-06-18
643,179055,4,2003-02-13
643,2295698,2,2004-04-06
643,2490395,3,2004-03-23
643,458179,5,2004-03-10
643,566297,4,2004-06-12
643,1313401,4,2004-10-13
643,1697241,3,2004-12-16
643,1281560,3,2005-04-18
643,2645091,5,2005-05-16
643,127501,4,2003-08-05
643,1661655,3,2003-04-15
643,534852,2,2003-07-19
643,2215136,3,2003-02-13
643,1346326,4,2003-05-21
643,1897819,3,2002-12-27
643,588623,3,2004-09-02
643,1452669,3,2003-07-14
643,1174637,2,2003-07-29
643,364280,5,2004-05-19
643,1579850,2,2005-02-11
643,1197724,4,2004-09-10
643,1497917,3,2005-01-08
643,372095,2,2005-01-10
643,328334,4,2005-04-22
643,994185,4,2005-11-17
643,57648,3,2005-11-17
643,383442,3,2002-12-24
643,1811452,4,2003-01-03
643,87190,4,2003-04-06
643,2051135,1,2003-12-26
643,2110107,4,2002-12-31
643,81369,5,2003-11-25
643,1808528,3,2003-07-25
643,1722935,3,2004-05-06
643,1283171,2,2004-07-14
643,1258876,2,2004-11-18
643,811759,3,2004-12-23
643,865933,2,2004-12-26
643,2015946,2,2005-01-12
643,223043,4,2005-01-19
643,2304247,3,2005-03-23
643,719170,3,2005-05-09
643,1661344,3,2005-06-15
643,1898553,2,2005-06-20
643,1413148,3,2003-01-15
643,2267044,3,2003-08-12
643,1849620,3,2003-03-27
643,2499769,4,2005-07-24
643,276869,3,2003-03-20
643,879589,3,2003-04-09
643,1024903,3,2003-05-14
643,1570725,5,2003-07-11
643,2549934,3,2003-03-17
643,1767978,5,2004-07-30
643,1899303,3,2004-02-24
643,2449144,4,2004-04-08
643,2008166,5,2004-10-08
643,1642316,3,2004-11-12
643,1897945,5,2004-11-30
643,1104959,3,2005-01-06
643,2130811,3,2005-01-25
643,780390,4,2005-01-28
643,1565175,3,2005-03-03
643,2630082,3,2005-05-02
643,1744656,3,2005-06-01
643,2461079,5,2005-06-07
643,1903900,2,2005-10-02
643,1616215,1,2003-05-26
643,1726327,2,2003-10-10
643,2250261,4,2003-10-31
643,108449,2,2003-01-23
643,135668,4,2004-04-21
643,339645,3,2004-03-09
643,609236,5,2004-02-10
643,2504335,4,2004-05-07
643,55304,3,2003-10-12
643,632927,1,2003-12-22
643,690313,4,2004-04-23
643,236699,4,2004-05-29
643,1292605,4,2004-11-06
643,1452705,4,2005-04-05
643,1939074,4,2005-05-26
643,388609,3,2005-11-07
643,551943,3,2005-12-04
643,1934002,1,2005-12-10
643,1592816,3,2005-07-15
643,1865462,3,2004-04-08
643,370222,3,2003-01-13
643,835813,4,2003-01-09
643,324162,5,2003-04-28
643,2150095,4,2003-01-04
643,137602,2,2003-08-26
643,1565082,2,2004-07-12
643,2060123,5,2004-04-11
643,1618395,4,2003-12-27
643,173755,3,2004-03-03
643,2566033,4,2004-04-28
643,305378,5,2004-09-28
643,273087,2,2004-10-02
643,2038137,3,2004-10-18
643,12812,3,2004-12-29
643,1381900,3,2005-01-04
643,970590,3,2005-04-18
643,1139915,5,2005-09-19
643,1426776,3,2003-09-25
643,1965634,3,2003-07-06
643,752642,1,2003-02-28
643,22105,5,2003-03-23
643,2305642,3,2003-07-31
643,2094200,4,2003-09-21
643,448428,3,2003-02-11
643,1570999,4,2003-01-22
643,1667656,2,2003-04-01
643,632025,3,2003-04-16
643,488551,4,2005-02-19
643,1780711,2,2004-06-25
643,2482554,3,2004-10-04
643,1904865,3,2004-10-10
643,462806,4,2004-12-26
643,960577,5,2005-02-07
643,183880,3,2005-04-12
643,332397,3,2005-05-19
643,1185499,3,2005-09-21
643,279724,2,2005-11-05
643,750641,5,2003-03-10
643,1870288,4,2003-01-26
643,831272,4,2003-12-28
643,1937443,2,2003-06-18
643,2291658,3,2003-09-18
643,713268,2,2003-03-04
643,979218,4,2003-03-09
643,1807097,3,2003-02-17
643,1200520,5,2003-08-22
643,1325631,3,2004-10-28
643,2613334,3,2004-12-24
643,158498,3,2005-01-07
643,602013,4,2005-02-26
643,803932,4,2005-03-08
643,555528,4,2005-05-09
643,874293,2,2003-07-11
643,1478488,4,2003-02-28
643,1793343,3,2003-02-14
643,904156,3,2004-08-24
643,1087551,3,2004-10-26
643,995925,3,2005-09-09
643,145687,4,2005-09-15
643,1279511,5,2005-11-08
643,1067658,5,2005-12-30
643,826696,3,2004-09-06
643,1310176,2,2003-04-24
643,2229960,3,2003-03-14
643,140082,3,2003-04-10
643,135015,3,2003-05-03
643,375241,4,2003-08-20
643,75814,3,2003-02-13
643,924886,3,2003-05-14
643,875443,2,2003-07-06
643,2606835,3,2005-08-30
643,1417224,1,2005-09-07
643,1944175,5,2004-03-24
643,2573232,5,2004-05-01
643,499527,4,2004-07-02
643,647519,4,2004-08-08
643,1515495,5,2004-06-29
643,672988,4,2004-10-20
643,2329541,4,2005-02-02
643,912661,5,2005-02-21
643,1455043,3,2005-03-15
643,125687,3,2005-09-30
643,562841,3,2005-12-21
643,17864,2,2004-07-05
643,654401,4,2004-01-19
643,858124,2,2003-04-02
643,170178,3,2003-02-21
643,2140663,4,2003-02-21
643,1921654,4,2004-02-05
643,2250139,4,2004-11-05
643,2589198,2,2005-03-07
643,1262329,5,2005-07-27
643,1823308,3,2003-04-09
643,1037019,4,2003-02-28
643,2056022,2,2003-01-18
643,2225326,5,2003-05-28
643,2633551,3,2003-07-24
643,1660384,3,2003-08-07
643,1477783,3,2004-04-01
643,877184,1,2004-06-22
643,154769,4,2004-11-09
643,2625253,3,2004-11-14
643,2226294,3,2005-03-18
643,1036836,1,2005-05-13
643,2451170,3,2005-05-17
643,1569593,3,2005-05-21
643,1866105,3,2005-06-09
643,2141681,3,2005-06-10
643,1522957,2,2005-12-11
643,2481386,4,2003-03-31
643,2077357,4,2003-04-01
643,2256870,4,2003-06-16
643,394342,2,2003-01-17
643,901069,1,2003-04-10
643,1406978,4,2003-05-21
643,949222,4,2003-09-17
643,213695,4,2003-06-06
643,48961,4,2004-06-12
643,57761,3,2004-01-09
643,528251,2,2004-07-30
643,2340185,5,2004-09-20
643,1404100,2,2005-02-02
643,1448489,2,2004-12-10
643,191760,2,2004-12-17
643,2597326,1,2005-01-29
643,2638032,4,2005-01-31
643,842725,1,2005-06-07
643,867967,3,2005-06-14
643,2000237,2,2005-09-14
643,2260221,3,2005-10-17
643,262210,5,2005-11-12
643,725248,3,2003-06-29
643,326032,2,2003-07-30
643,1139284,5,2003-03-27
643,768641,5,2005-08-15
643,2549831,3,2003-11-11
643,1255290,3,2005-08-23
643,1341710,3,2003-12-09
643,92483,5,2004-06-28
643,1110261,3,2005-03-23
643,1728935,5,2005-06-13
643,987666,1,2005-09-29
643,747667,4,2005-11-14
643,1472668,4,2003-02-18
643,1581954,3,2004-01-20
643,354344,3,2003-01-24
643,557021,3,2004-05-25
643,1870900,1,2003-04-16
643,1235090,3,2003-01-20
643,1354129,2,2003-01-04
643,30515,3,2003-03-03
643,2237786,1,2004-01-15
643,2416290,3,2003-08-21
643,2117432,2,2004-02-08
643,169471,2,2004-05-17
643,591612,4,2004-06-30
643,1747954,2,2004-10-04
643,1850328,4,2004-10-07
643,581459,4,2004-10-27
643,1238603,4,2004-12-21
643,1399334,3,2005-05-12
643,1096159,5,2005-10-17
643,901884,2,2003-09-30
643,1239283,2,2004-04-06
643,2219243,3,2003-03-07
643,2579531,3,2003-04-22
643,2114,2,2005-08-09
643,2412,3,2003-05-14
643,2592393,5,2004-05-04
643,767231,4,2004-01-01
643,368608,5,2005-08-16
643,1076658,3,2003-03-11
643,1129925,1,2003-03-05
643,2176465,2,2005-02-18
643,269474,3,2004-01-29
643,1661735,3,2004-08-07
643,148720,3,2004-11-09
643,1128816,5,2004-12-16
643,1793809,3,2005-02-13
643,758383,3,2005-02-25
643,808722,1,2005-03-15
643,2456874,5,2005-04-14
643,1899399,4,2005-06-23
643,943256,1,2003-04-08
643,1649958,2,2003-06-21
643,1635523,2,2003-09-03
643,586222,3,2004-07-22
643,1865216,2,2003-04-23
643,1067018,3,2003-04-10
643,2224065,4,2003-02-16
643,735859,3,2003-01-16
643,972843,3,2003-12-04
643,24666,5,2003-02-28
643,528668,3,2003-01-16
643,1513349,4,2003-01-16
643,2031412,2,2003-07-28
643,2036576,3,2003-05-05
643,1446105,4,2003-05-29
643,493842,5,2004-05-13
643,1447463,3,2004-06-01
643,270049,3,2004-09-11
643,315561,3,2004-09-29
643,279748,1,2005-02-27
643,901716,3,2005-03-05
643,13432,5,2005-05-08
643,1696531,4,2005-06-15
643,1169392,5,2005-11-24
643,1815129,4,2005-07-15
643,774081,3,2003-02-13
643,1984534,3,2003-01-15
643,1719888,1,2003-07-22
643,2109386,4,2003-04-25
643,262059,4,2003-08-04
643,1895403,2,2004-06-28
643,670488,4,2003-10-16
643,2439029,4,2004-08-10
643,2225824,3,2005-01-19
643,702403,4,2005-01-23
643,2369965,5,2005-02-06
643,2074685,5,2005-03-10
643,482035,3,2005-04-08
643,1579089,1,2005-04-10
643,708396,4,2005-05-24
643,876661,3,2005-06-21
643,71415,3,2005-09-09
643,1119442,2,2005-10-22
643,43193,4,2005-11-04
643,2116821,4,2005-12-27
643,2527516,3,2003-01-18
643,767891,3,2003-09-04
643,2138793,3,2003-01-18
643,1233264,2,2003-02-27
643,2114584,3,2003-05-21
643,1018662,2,2003-01-03
643,1231594,3,2003-04-25
643,620938,2,2004-01-23
643,2220732,1,2003-12-28
643,1516350,2,2004-06-27
643,830607,3,2004-10-11
643,2097548,5,2005-01-24
643,2150106,3,2005-02-16
643,2133714,3,2005-05-11
643,1973951,1,2005-05-28
643,2192840,4,2005-06-10
643,1860023,2,2005-06-16
643,1229628,3,2005-11-17
643,1624455,3,2005-11-23
643,1519378,3,2004-03-21
643,2114300,3,2004-02-07
643,474938,3,2003-02-14
643,1109711,5,2003-03-05
643,1359432,3,2003-06-02
643,2425013,3,2003-11-20
643,1551126,3,2005-08-08
643,2061394,3,2003-04-10
643,1308802,3,2003-03-14
643,1950809,3,2004-01-10
643,968832,4,2004-08-03
643,386668,3,2004-09-18
643,509683,4,2004-09-28
643,2126347,2,2005-01-05
643,68804,4,2005-11-11
643,1269534,5,2003-03-19
643,2037191,3,2003-04-14
643,1851680,1,2005-07-26
643,2031063,2,2004-02-18
643,1081702,4,2003-01-25
643,811433,3,2005-08-19
643,2371665,5,2004-08-24
643,1462014,3,2005-01-19
643,201579,2,2005-04-19
643,2118461,4,2005-10-22
643,888747,4,2002-12-22
643,1296497,2,2004-02-24
643,522180,2,2003-03-17
643,544571,5,2004-07-21
643,272481,2,2003-06-08
643,696336,4,2004-01-21
643,157805,3,2003-03-29
643,479007,2,2003-03-28
643,124806,3,2005-08-12
643,565492,1,2003-01-23
643,504385,4,2003-08-17
643,1628484,1,2004-01-07
643,924701,5,2004-03-10
643,2157060,4,2004-10-08
643,803008,4,2004-10-31
643,1760544,3,2004-11-01
643,440325,5,2005-03-04
643,648972,4,2005-01-06
643,2011822,1,2005-09-15
643,2538889,3,2003-01-21
643,529687,2,2003-02-11
643,1605686,3,2003-07-06
643,270835,1,2003-09-17
643,719022,1,2004-08-02
643,1118425,4,2004-10-25
643,1041843,4,2005-02-05
643,1469098,5,2005-03-16
643,1842514,2,2005-09-12
643,2149357,3,2003-09-02
643,328677,3,2003-02-13
643,1855673,5,2003-04-20
643,387418,4,2005-06-29
643,2258880,4,2003-01-08
643,2038081,3,2003-04-10
643,194011,5,2004-05-02
643,1622397,3,2003-11-24
643,1282313,3,2004-06-18
643,1877676,3,2004-01-27
643,230185,3,2004-04-11
643,190671,1,2004-06-05
643,475822,4,2004-11-02
643,895727,4,2005-06-30
643,866117,1,2005-09-06
643,73356,5,2005-09-26
643,98428,4,2005-10-31
643,2429351,3,2005-11-02
643,928996,4,2005-11-30
643,2508312,2,2003-05-04
643,2592234,3,2005-07-27
643,131654,2,2003-04-26
643,1039470,4,2003-06-11
643,1151698,2,2004-04-08
643,150950,3,2004-04-27
643,200427,4,2004-02-13
643,1912034,2,2004-12-22
643,650477,2,2005-01-03
643,606698,3,2005-01-19
643,2409465,2,2005-01-19
643,1309683,4,2005-05-02
643,345636,5,2005-05-06
643,1781422,3,2005-10-13
643,215911,3,2003-02-12
643,2049261,2,2004-02-14
643,1187494,2,2003-02-18
643,2341353,3,2003-02-12
643,453037,4,2003-02-13
643,2411546,3,2003-08-13
643,1165007,2,2003-06-14
643,606320,5,2005-08-15
643,1004161,3,2003-09-23
643,1272562,2,2003-10-16
643,1005966,3,2003-05-14
643,107909,2,2004-05-26
643,1658991,4,2004-09-25
643,935998,1,2004-10-20
643,1114324,4,2005-03-28
643,541591,4,2005-01-31
643,1367983,2,2005-10-23
643,1267764,2,2003-03-28
643,1341813,4,2004-01-06
643,1118111,1,2003-10-29
643,1460622,2,2003-07-07
643,1493381,5,2003-10-17
643,1436668,4,2004-08-15
643,758353,4,2004-11-29
643,361073,4,2005-04-06
643,1310205,5,2005-10-14
643,1043112,2,2003-03-26
643,1564191,2,2005-01-25
643,672007,3,2003-05-22
643,1034723,4,2003-06-13
643,213569,4,2003-07-21
643,960208,4,2004-03-08
643,1172177,4,2004-06-24
643,197986,3,2004-10-27
643,340479,5,2004-11-10
643,2107068,3,2004-11-18
643,2584808,3,2004-12-18
643,2292731,3,2005-04-16
643,857778,3,2005-04-17
643,2583451,2,2005-06-04
643,874545,5,2005-06-08
643,2363788,4,2005-06-28
643,1867416,3,2005-09-10
643,2242513,3,2005-09-16
643,2495333,1,2005-07-17
643,801291,2,2004-06-13
643,567387,2,2003-03-27
643,2500094,3,2003-01-03
643,327440,3,2003-02-20
643,207326,3,2003-05-30
643,819462,3,2003-10-06
643,2182121,3,2003-04-21
643,772337,4,2004-01-03
643,895863,3,2004-08-25
643,794999,5,2004-05-29
643,1048011,4,2004-09-20
643,1114342,2,2004-11-23
643,2044375,1,2005-05-17
643,1780230,3,2005-06-20
643,377407,2,2003-05-13
643,1321549,2,2003-04-18
643,1285197,4,2003-05-12
643,2267187,2,2004-07-07
643,712568,2,2004-08-27
643,134182,4,2004-03-25
643,191810,3,2002-12-31
643,155159,3,2003-01-17
643,1724756,4,2003-01-15
643,1061195,2,2003-12-30
643,1183622,3,2004-02-03
643,1908845,5,2004-08-02
643,733225,5,2004-07-29
643,1319737,3,2004-12-19
643,915103,4,2003-04-10
643,2474263,4,2003-04-09
643,1258995,4,2003-01-01
643,290960,3,2004-01-24
643,182875,4,2003-10-16
643,2171187,4,2004-08-09
643,758749,4,2004-05-18
643,2565111,4,2005-08-29
643,1692076,3,2004-02-27
643,998035,2,2004-01-28
643,752619,1,2004-01-27
643,1060658,2,2004-12-07
643,1923210,1,2004-12-23
643,2199694,3,2004-12-30
643,710110,4,2005-04-24
643,235077,5,2005-06-20
643,1448246,4,2005-10-09
643,2258245,3,2005-10-18
643,2572690,3,2003-04-04
643,1071498,5,2003-11-12
643,2508229,1,2003-07-24
643,1159608,3,2003-09-08
643,2575787,4,2003-04-10
643,1442150,2,2004-01-25
643,1829601,5,2004-06-02
643,2233292,4,2004-09-22
643,2586217,1,2004-09-25
643,2371577,3,2005-02-27
643,1860885,4,2005-09-11
643,1146038,2,2003-01-27
643,2041854,3,2003-03-05
643,646765,4,2003-03-03
643,1761112,3,2003-03-04
643,2034810,3,2003-04-23
643,1461435,1,2003-03-09
643,2554903,1,2003-04-09
643,940646,3,2003-09-23
643,2455561,1,2004-09-07
643,2301800,3,2003-03-25
643,2302563,3,2003-03-04
643,1736928,3,2003-03-18
643,2217548,3,2004-08-04
643,1149736,3,2004-06-14
643,1241525,2,2003-09-15
643,11796,1,2003-12-20
643,2328701,4,2004-05-26
643,27061,5,2004-07-23
643,61510,3,2004-10-19
643,431066,3,2004-12-16
643,2074480,3,2005-01-19
643,479205,5,2005-01-19
643,1488400,3,2005-05-19
643,2609187,4,2005-06-05
643,942523,4,2005-07-05
643,116139,2,2005-10-10
643,2365398,1,2005-10-31
643,1604525,2,2005-11-15
643,2294724,3,2003-03-10
643,1249735,2,2003-04-03
643,1945138,4,2004-04-14
643,636451,2,2003-03-03
643,375199,5,2005-07-29
643,1251992,2,2004-02-09
643,521315,2,2003-03-31
643,1265511,3,2003-05-13
643,2143735,3,2003-09-29
643,851592,3,2003-04-07
643,1663422,3,2004-03-21
643,966669,2,2003-03-11
643,865609,3,2005-08-20
643,2069442,3,2004-03-23
643,1867238,4,2003-12-19
643,47956,1,2004-09-07
643,2433382,4,2005-04-14
643,948208,5,2004-09-22
643,30324,3,2005-04-07
643,2232808,4,2005-11-20
643,695053,4,2005-12-06
643,2090063,1,2003-07-09
643,1912832,3,2003-04-06
643,632153,3,2003-05-17
643,2624234,3,2003-10-09
643,1941094,3,2003-07-20
643,775785,2,2003-07-24
643,2170206,3,2003-04-08
643,431743,3,2003-02-11
643,882578,2,2003-12-18
643,1893120,3,2004-08-25
643,1170831,4,2005-02-03
643,514774,4,2005-04-18
643,1453265,3,2005-06-14
643,2234792,3,2005-10-06
643,724287,2,2005-10-15
643,232758,3,2005-11-01
643,2260023,4,2005-11-07
643,1037245,3,2005-12-23
643,58508,4,2003-08-01
643,235271,4,2004-07-23
643,622995,3,2003-12-22
643,948457,3,2003-03-25
643,602642,4,2003-07-06
643,717759,2,2003-01-09
643,2185584,4,2003-03-31
643,1225239,5,2003-05-16
643,82458,3,2003-02-21
643,1371217,4,2003-02-17
643,684181,3,2003-04-22
643,241590,3,2004-04-05
643,2199465,1,2003-10-14
643,642384,5,2004-01-30
643,2041697,3,2004-09-15
643,1139507,3,2004-08-09
643,1364532,2,2004-09-30
643,2498386,5,2004-10-12
643,1049627,5,2004-11-28
643,2008624,4,2005-01-02
643,2460374,4,2005-05-22
643,2154022,3,2005-09-20
643,1337196,1,2005-10-12
643,1562946,5,2005-11-09
643,1894384,3,2005-11-27
643,2042144,2,2005-07-10
643,1084999,2,2003-04-06
643,1013299,2,2004-03-16
643,304206,5,2003-04-14
643,2105765,2,2004-06-25
643,1021435,1,2004-11-29
643,320009,3,2004-12-28
643,734355,3,2005-05-01
643,280975,4,2005-05-03
643,1709022,3,2005-10-25
643,1633361,4,2005-11-29
643,1618493,3,2005-12-27
643,856273,3,2005-07-13
643,85125,3,2003-02-21
643,1249490,3,2004-01-28
643,170248,4,2003-01-26
643,67134,3,2003-07-01
643,1639792,1,2002-12-11
643,968784,4,2003-04-24
643,471005,1,2004-01-27
643,476018,3,2003-04-03
643,1877657,3,2003-04-29
643,1315706,5,2003-03-05
643,490466,3,2003-08-02
643,2473796,3,2003-03-28
643,363769,4,2005-04-19
643,305283,3,2005-05-23
643,2352138,3,2005-06-14
643,281959,1,2005-11-11
643,823356,3,2005-11-24
643,1347033,2,2004-02-23
643,1197396,3,2004-09-15
643,1847923,2,2005-07-22
643,255492,2,2003-03-24
643,2090942,4,2003-04-22
643,618847,4,2003-09-04
643,1726364,4,2004-07-08
643,1588792,2,2003-10-02
643,1044496,3,2003-10-05
643,88262,2,2003-07-23
643,2235939,3,2003-03-18
643,1531924,3,2004-03-07
643,1196290,4,2003-07-31
643,1939357,4,2005-09-04
643,156594,4,2004-04-29
643,296365,4,2005-10-20
643,2634348,3,2004-08-13
643,2433978,3,2003-07-29
643,154099,2,2004-03-31
643,1025888,2,2004-07-31
643,1773462,3,2003-04-09
643,1583566,5,2004-01-25
643,370668,3,2004-06-03
643,1519722,4,2004-07-13
643,1918443,3,2004-03-11
643,1083531,3,2004-10-02
643,261654,3,2004-10-06
643,1770684,5,2004-11-01
643,1756966,3,2005-04-02
643,1248827,3,2005-05-19
643,122839,5,2005-12-01
643,799697,4,2003-05-20
643,429750,3,2003-07-15
643,2502275,2,2003-09-02
643,869544,3,2003-07-24
643,998142,2,2003-01-15
643,394501,3,2003-05-27
643,1288590,3,2004-04-27
643,865027,4,2004-01-25
643,1127117,3,2004-10-24
643,1033930,3,2005-09-22
643,1832073,4,2003-02-13
643,2110645,3,2003-12-20
643,1142539,2,2003-07-17
643,2239360,2,2004-01-27
643,2136526,3,2003-10-23
643,1923805,2,2003-10-28
643,600776,5,2004-04-07
643,1179769,4,2003-10-27
643,116866,1,2003-05-18
643,2180214,4,2003-03-24
643,1780507,4,2003-03-09
643,1002509,3,2004-03-20
643,934606,5,2004-06-08
643,1851866,3,2004-11-29
643,1240555,4,2005-01-02
643,1955220,5,2005-02-23
643,2404769,3,2005-04-03
643,1036636,4,2005-06-18
643,1175391,5,2005-07-04
643,2096263,3,2005-10-04
643,2332943,4,2005-10-16
643,1556692,3,2005-10-24
643,2611670,2,2004-02-02
643,2641206,5,2004-02-12
643,2638599,3,2003-02-21
643,826065,3,2003-02-14
643,1088820,4,2003-04-18
643,699210,2,2003-01-15
643,2022436,3,2003-01-06
643,2208645,3,2003-06-11
643,1461978,3,2003-05-28
643,2105294,4,2005-08-16
643,433368,2,2003-04-04
643,2647066,3,2003-05-20
643,2231404,2,2004-06-12
643,591369,1,2004-04-14
643,296319,4,2004-06-25
643,954571,1,2004-06-16
643,838269,4,2005-01-19
643,1014098,3,2005-02-11
643,2540684,3,2005-03-17
643,361702,2,2005-05-30
643,1816485,3,2005-06-14
643,1687442,5,2005-12-20
643,2630854,5,2003-02-17
643,663118,1,2003-07-11
643,1860025,3,2004-02-09
643,135997,1,2003-07-16
643,2188353,3,2002-12-29
643,231159,3,2003-05-30
643,1966227,4,2003-10-17
643,1348653,2,2003-02-17
643,658645,3,2003-01-10
643,1506078,3,2003-10-13
643,1506588,5,2004-03-03
643,2491063,3,2004-02-23
643,1112483,5,2004-04-28
643,1282240,2,2004-01-12
643,978215,3,2004-07-09
643,714349,2,2004-07-14
643,2238060,2,2004-08-18
643,688546,2,2004-09-18
643,1003759,5,2004-10-03
643,1797427,2,2004-10-25
643,2283211,1,2004-11-22
643,1592459,3,2005-03-08
643,854458,3,2005-03-15
643,1506367,3,2005-06-18
643,2540325,4,2005-10-10
643,2369939,3,2005-07-05
643,787667,5,2005-07-10
643,2157004,4,2003-08-04
643,569309,2,2003-08-01
643,1763141,5,2003-06-24
643,2448875,3,2003-09-01
643,535436,2,2003-07-01
643,2203809,5,2003-09-02
643,2049734,4,2003-01-13
643,337434,4,2003-03-27
643,836952,4,2004-03-24
643,1582784,5,2005-08-25
643,1916020,3,2004-02-16
643,824465,2,2004-01-12
643,1092677,3,2004-03-06
643,395290,2,2004-11-30
643,1233312,2,2005-01-10
643,2111262,3,2005-06-16
643,808489,2,2005-10-17
643,257984,3,2005-10-30
643,906020,3,2005-12-12
643,239518,4,2003-01-23
643,202220,4,2004-05-11
643,866531,4,2003-07-17
643,30288,1,2004-06-07
643,1275794,3,2003-02-13
643,1735909,3,2002-12-31
643,865391,4,2003-04-14
643,1201294,4,2005-08-31
643,239521,4,2003-07-17
643,2378591,5,2005-09-06
643,1334128,5,2003-09-11
643,1296447,2,2004-06-01
643,959834,1,2004-02-13
643,1838852,4,2004-04-28
643,2393797,4,2004-09-21
643,647691,5,2005-01-27
643,1964163,5,2005-03-27
643,610142,3,2005-04-28
643,2433649,4,2005-05-20
643,165485,3,2005-05-27
643,2553792,4,2005-06-02
643,944383,3,2005-09-26
643,1137928,4,2005-11-12
643,366894,4,2003-04-01
643,2615035,3,2003-01-04
643,928722,2,2003-09-11
643,2324356,3,2003-03-09
643,2404551,2,2003-03-07
643,2095348,1,2003-04-10
643,635387,2,2003-03-20
643,1221563,2,2004-04-12
643,1214026,3,2003-07-25
643,2215183,5,2004-04-01
643,980606,3,2004-06-18
643,1315043,3,2004-04-05
643,1138349,5,2004-06-18
643,2399030,3,2004-07-25
643,476512,5,2005-05-01
643,1122306,2,2005-09-28
643,1100710,5,2005-10-10
643,470781,3,2003-02-27
643,643035,3,2005-07-19
643,2005487,3,2003-06-01
643,391521,3,2003-09-25
643,346790,4,2003-11-26
643,553632,2,2003-03-06
643,983301,5,2003-04-11
643,381108,4,2003-04-10
643,1877934,3,2003-08-01
643,1419621,5,2004-09-01
643,2497812,3,2004-03-30
643,1283156,2,2004-04-12
643,2276649,5,2004-11-10
643,1314736,5,2004-12-06
643,906596,4,2004-12-29
643,827423,4,2005-01-05
643,1321253,2,2005-07-16
643,268167,5,2003-03-19
643,984482,4,2003-04-07
643,2443584,3,2003-05-25
643,1711016,2,2003-04-13
643,795826,3,2004-08-15
643,707290,5,2004-07-06
643,1042086,3,2004-08-16
643,330265,2,2004-11-21
643,1464401,4,2005-01-29
643,1633251,3,2005-05-06
643,1109629,4,2005-05-22
643,362038,4,2005-10-10
643,431783,3,2005-11-08
643,1922435,2,2005-07-11
643,1749986,5,2004-01-16
643,2028491,2,2003-02-17
643,1362044,3,2003-03-20
643,2286189,3,2003-01-04
643,634460,3,2004-12-04
643,131516,3,2003-01-08
643,2544678,1,2003-02-12
643,786654,3,2004-03-07
643,2003904,3,2003-06-17
643,629874,4,2005-08-18
643,2615078,4,2005-08-19
643,298221,1,2003-03-25
643,1309043,4,2004-07-14
643,1327486,4,2004-07-08
643,1110671,3,2004-11-01
643,1708873,5,2004-11-28
643,650771,3,2005-01-08
643,2142073,3,2005-04-04
643,1143504,2,2005-06-16
643,402789,3,2005-11-19
643,2533753,3,2003-04-14
643,1914178,4,2003-04-21
643,1574599,3,2003-01-16
643,1153612,5,2003-02-14
643,1556565,4,2003-04-29
643,2419258,4,2005-08-20
643,1548339,2,2004-01-18
643,2356617,2,2004-04-21
643,2413376,2,2005-08-26
643,1081910,4,2004-07-16
643,1737480,2,2004-10-04
643,2433435,5,2004-10-09
643,549546,3,2005-09-21
643,446097,2,2005-12-20
643,7652,4,2004-04-09
643,2600294,2,2003-11-05
643,2648599,3,2004-08-13
643,213734,3,2003-07-12
643,146239,4,2003-05-08
643,1286950,3,2003-01-07
643,1064648,2,2002-12-31
643,2309345,3,2003-02-13
643,80759,3,2003-05-06
643,141920,4,2004-08-31
643,374741,2,2004-01-16
643,684648,4,2003-09-26
643,2455503,1,2004-01-13
643,1365790,1,2004-08-18
643,1594520,4,2004-12-14
643,2103254,5,2005-01-30
643,1937302,3,2005-02-23
643,1364307,4,2005-03-18
643,1058034,4,2005-04-19
643,1933447,4,2005-05-05
643,1628880,2,2005-12-22
643,1255613,3,2003-06-24
643,2502403,4,2003-09-03
643,93448,1,2003-04-30
643,464774,3,2003-01-05
643,396472,4,2003-04-14
643,336320,3,2004-06-07
643,104612,3,2003-06-03
643,610780,3,2004-03-09
643,2283253,2,2004-06-15
643,631603,4,2003-12-02
643,2214381,3,2004-08-10
643,521738,5,2005-03-18
643,328465,3,2005-04-08
643,13013,3,2005-09-16
643,237161,3,2005-09-19
643,485249,5,2005-09-21
643,771161,4,2005-10-06
643,457661,4,2004-07-02
643,707528,1,2003-03-23
643,792379,4,2003-04-16
643,1165305,3,2003-08-14
643,1032648,2,2003-04-06
643,2442480,2,2004-02-04
643,1555081,2,2003-10-17
643,1423566,3,2003-12-23
643,2329149,2,2003-01-22
643,1492203,4,2003-05-28
643,667935,2,2003-08-25
643,2587694,2,2003-07-21
643,2089906,5,2005-08-19
643,155932,4,2003-08-07
643,2370957,3,2005-08-25
643,2373236,4,2003-05-06
643,1709555,3,2004-01-24
643,301047,2,2004-08-17
643,2056323,5,2005-02-17
643,2152111,2,2005-04-30
643,936503,2,2005-06-20
643,925565,4,2005-12-26
643,2580484,3,2003-11-25
643,1441086,3,2003-10-28
643,834568,2,2003-08-25
643,2057608,1,2003-06-16
643,1681685,2,2004-01-17
643,1691165,3,2003-02-11
643,93763,1,2003-08-12
643,208724,3,2003-05-08
643,1673397,3,2003-06-26
643,161675,4,2003-06-05
643,352258,3,2003-12-08
643,324510,1,2004-01-30
643,1635449,2,2005-01-10
643,1922916,3,2005-02-28
643,2038059,2,2005-03-14
643,2508242,3,2005-11-01
643,1855359,5,2005-11-07
643,2281042,1,2005-11-13
