2715,1130795,5,2005-09-04
2715,917252,5,2005-12-05
2715,807156,1,2005-05-13
2715,1460257,5,2005-12-13
2715,621593,4,2005-01-11
2715,304116,2,2005-03-15
2715,2313998,4,2005-10-27
2715,1113534,4,2005-01-29
2715,2127173,5,2005-02-11
2715,1444348,2,2005-04-06
2715,369963,5,2005-06-16
2715,618662,4,2005-07-22
2715,1612138,4,2005-01-25
2715,2301992,1,2005-08-22
2715,1398240,2,2005-05-06
2715,155254,1,2005-05-28
2715,929308,3,2005-01-12
2715,1427229,3,2005-11-16
2715,2041267,2,2005-02-08
2715,1520597,2,2005-11-15
2715,1385385,4,2005-07-27
2715,1559022,3,2005-01-13
2715,1786827,2,2005-02-23
2715,2615660,4,2005-04-09
2715,440057,2,2005-04-07
2715,270694,4,2005-11-01
2715,2156707,2,2005-02-13
2715,1576243,1,2005-05-15
2715,2002590,1,2005-03-23
2715,1750396,1,2005-10-24
2715,2479320,1,2005-01-09
2715,1452540,4,2005-02-04
2715,2208915,3,2005-09-10
2715,2488764,1,2005-03-14
2715,1020998,3,2005-01-20
2715,952262,3,2005-02-24
2715,247940,2,2005-05-07
2715,131752,2,2005-03-07
2715,2011404,2,2005-05-20
2715,884870,1,2005-03-14
2715,2429989,5,2005-07-14
2715,78294,3,2005-07-21
2715,1314869,3,2005-01-03
2715,1765538,2,2005-01-30
2715,2267742,3,2005-05-16
2715,1877609,2,2005-07-16
2715,406057,2,2005-02-02
2715,2464431,3,2005-03-20
2715,2513596,1,2005-09-20
2715,827056,2,2005-07-25
2715,2505462,3,2005-03-04
2715,2439493,1,2005-03-10
2715,1533891,4,2005-07-04
2715,1771193,4,2005-07-23
2715,1998073,3,2005-08-24
2715,322468,5,2005-05-14
2715,1948477,2,2005-02-19
2715,2107119,1,2005-01-19
2715,2271158,1,2005-07-25
2715,1801528,3,2005-11-09
2715,943319,3,2005-04-10
2715,1722542,3,2005-07-12
2715,1910730,3,2005-08-28
2715,2410648,3,2005-03-13
2715,505688,1,2005-01-29
2715,331447,2,2005-11-13
2715,741449,5,2004-12-21
2715,34876,4,2005-02-01
2715,633570,3,2005-04-21
2715,2577383,4,2005-12-27
2715,2581346,4,2005-09-26
2715,2045736,1,2005-01-23
2715,1306827,1,2005-06-05
2715,1762448,1,2005-10-17
2715,918499,3,2005-11-19
2715,1988697,5,2005-07-21
2715,2463655,5,2005-07-30
2715,1652427,2,2005-01-31
2715,1755262,3,2005-02-01
2715,328862,2,2005-01-11
2715,739277,1,2005-10-13
2715,1315975,1,2005-01-30
2715,1430799,3,2005-07-05
2715,2568484,3,2005-01-12
2715,815731,1,2005-01-26
2715,1577779,4,2005-02-12
2715,1225237,4,2005-06-04
2715,962965,1,2005-06-16
2715,1604201,1,2005-03-26
2715,1524900,5,2005-04-11
2715,2325430,1,2005-05-03
2715,720032,2,2005-11-03
2715,1638162,5,2005-12-24
2715,1030158,3,2005-08-10
2715,2624603,5,2005-09-18
2715,2363429,1,2005-01-28
2715,2303074,1,2005-04-25
2715,412017,2,2005-09-15
2715,1830000,2,2005-07-21
2715,1004316,4,2005-03-15
2715,444790,2,2005-05-20
2715,1945493,2,2005-09-04
2715,1367733,3,2005-05-16
2715,1664010,3,2005-10-13
2715,2060286,1,2005-12-19
2715,639596,1,2005-01-19
2715,305398,1,2005-02-02
2715,513533,4,2005-12-05
2715,891766,3,2005-12-13
2715,765594,2,2005-09-06
2715,371123,3,2005-09-13
2715,453545,3,2005-11-14
2715,1465414,3,2005-07-25
2715,2283514,3,2005-02-25
2715,21603,2,2005-02-04
2715,486802,4,2005-10-05
2715,884748,3,2005-09-08
2715,1691656,2,2005-10-12
2715,658438,3,2005-01-29
2715,1231254,2,2005-03-01
2715,516781,2,2005-01-31
2715,1514635,5,2005-11-25
2715,997132,2,2005-02-01
2715,1811133,3,2005-02-23
2715,2552409,2,2005-05-07
2715,738442,3,2005-09-06
2715,50214,4,2004-12-20
2715,1261117,4,2005-09-28
2715,1949506,1,2005-04-08
2715,603878,3,2005-05-28
2715,1498208,3,2005-07-27
2715,54897,3,2005-05-24
2715,1314979,5,2005-09-12
2715,2530843,1,2005-09-19
2715,2390193,2,2005-10-04
2715,2418437,3,2005-12-30
2715,2038084,1,2005-07-15
2715,360350,5,2005-01-30
2715,1845415,3,2005-03-14
2715,571625,3,2005-01-02
2715,1336618,5,2005-04-12
2715,2340255,3,2005-04-07
2715,2126573,3,2005-05-03
2715,2301767,1,2005-12-18
2715,105764,2,2005-04-05
2715,1931460,1,2005-04-10
2715,974174,2,2005-02-11
2715,2565741,1,2005-05-23
2715,77354,4,2005-07-29
2715,1577401,5,2005-01-10
2715,2641011,2,2005-02-15
2715,1998654,2,2005-08-11
2715,504981,2,2005-02-17
2715,2159139,4,2005-01-09
2715,845400,1,2005-10-17
2715,1782670,4,2005-10-25
2715,2290198,3,2005-11-08
2715,768137,1,2005-09-02
2715,1567970,3,2005-01-13
2715,2231676,2,2005-04-03
2715,1040061,1,2005-04-02
2715,758487,1,2005-11-10
2715,1692069,4,2005-12-30
2715,841225,2,2005-10-20
2715,813485,4,2005-06-22
2715,1868611,1,2005-05-12
2715,204668,5,2005-12-16
2715,305344,2,2004-12-31
2715,728045,1,2005-03-05
2715,27349,1,2005-03-15
2715,172682,3,2005-05-02
2715,287915,1,2005-09-25
2715,56200,1,2005-07-04
2715,996222,4,2005-12-12
2715,1403217,2,2005-12-27
2715,1404116,4,2005-07-18
2715,1396858,1,2005-02-14
2715,175768,3,2005-09-02
2715,1313443,4,2005-10-28
2715,2151301,1,2005-05-12
2715,1345402,1,2005-01-19
2715,2476201,1,2005-03-23
2715,1481728,3,2005-12-04
2715,749158,3,2005-06-23
2715,830916,4,2005-02-21
2715,917581,2,2005-02-25
2715,1211033,1,2005-06-03
2715,596979,4,2005-03-17
2715,438710,2,2005-06-22
2715,752642,1,2005-07-22
2715,158062,2,2005-03-16
2715,853185,5,2005-07-18
2715,1047389,3,2005-08-21
2715,2111799,4,2005-07-20
2715,1433553,5,2005-01-19
2715,2123200,5,2005-01-20
2715,2440115,4,2005-02-08
2715,934163,3,2005-11-14
2715,2546138,2,2005-11-14
2715,2056022,2,2005-12-15
2715,857572,1,2005-01-28
2715,1953649,2,2005-11-12
2715,2372224,5,2005-09-01
2715,125266,2,2005-07-01
2715,450490,4,2005-08-15
2715,411290,3,2005-04-24
2715,1503800,3,2005-09-28
2715,2409333,3,2005-02-28
2715,1807774,4,2005-02-08
2715,1106044,3,2005-03-28
2715,500802,4,2005-04-04
2715,2118461,3,2005-12-18
2715,424674,4,2005-12-28
2715,884078,3,2005-01-19
2715,1459355,1,2005-03-15
2715,387418,1,2005-01-06
2715,197850,2,2005-07-31
2715,683671,3,2005-12-12
2715,7372,2,2005-01-24
2715,1907085,4,2005-03-09
2715,1068435,3,2005-03-11
2715,571983,4,2005-10-31
2715,1486829,1,2005-02-07
2715,794999,5,2005-03-14
2715,158607,3,2005-01-13
2715,1323321,3,2005-01-31
2715,431066,3,2005-06-28
2715,591336,3,2005-09-14
2715,2558741,3,2005-03-23
2715,2350892,3,2005-03-06
2715,369943,3,2005-12-30
2715,288773,1,2005-09-02
2715,2238060,5,2005-03-22
2715,878821,4,2005-03-02
2715,2370421,5,2005-01-24
2715,2429230,2,2005-01-19
2715,1381452,1,2005-03-19
2715,650771,4,2005-01-05
2715,2354640,2,2005-09-20
2715,1630669,3,2005-07-18
2715,1423089,5,2005-06-11
2715,540458,3,2005-02-01
2715,2642502,4,2005-10-12
2715,2425990,5,2005-08-16
2715,577747,5,2005-01-26
2715,651906,5,2005-03-07
2715,174899,4,2005-08-28
2715,2104133,4,2005-04-11
