3120,1025579,5,2004-03-25
3120,1990901,5,2002-12-10
3120,1907667,4,2004-09-14
3120,765331,5,2002-04-04
3120,1109700,4,2004-01-30
3120,899232,4,2004-09-14
3120,2550130,4,2003-09-26
3120,2031561,4,2003-12-08
3120,368647,5,2004-06-17
3120,1296163,3,2004-11-18
3120,716091,4,2004-12-08
3120,1174530,3,2005-01-13
3120,573364,4,2005-03-15
3120,1829027,5,2005-04-09
3120,876388,5,2005-06-15
3120,1696725,5,2003-08-07
3120,115498,3,2003-01-16
3120,105942,4,2003-07-28
3120,1351304,4,2003-01-07
3120,1831407,3,2004-01-05
3120,327122,5,2004-05-19
3120,631886,3,2004-03-31
3120,2325737,5,2004-07-30
3120,2146618,5,2004-07-19
3120,430829,4,2005-06-08
3120,129419,3,2005-10-28
3120,1859725,4,2003-12-09
3120,1348415,3,2004-02-10
3120,2267507,4,2002-07-23
3120,1091370,3,2003-05-28
3120,301920,4,2004-03-15
3120,2482518,5,2004-08-03
3120,2506132,4,2003-08-24
3120,1709606,5,2004-04-05
3120,11456,4,2004-07-07
3120,955916,3,2004-09-26
3120,652121,4,2005-02-08
3120,1700455,4,2005-03-14
3120,136784,5,2005-05-30
3120,2472288,5,2005-11-10
3120,685644,5,2005-12-03
3120,2050555,4,2004-08-03
3120,1981733,4,2003-12-05
3120,798388,3,2003-10-20
3120,1682908,5,2003-06-11
3120,1049643,4,2003-08-29
3120,1879164,5,2003-12-10
3120,1692001,5,2004-07-06
3120,2227848,4,2004-08-30
3120,12451,4,2004-09-25
3120,161893,5,2005-06-20
3120,1488298,4,2004-08-19
3120,1977959,3,2004-03-18
3120,1495289,4,2005-08-03
3120,1771231,5,2002-10-28
3120,131329,5,2004-04-08
3120,1571675,4,2004-05-30
3120,705304,3,2003-11-06
3120,1254903,4,2003-09-18
3120,489962,5,2003-08-27
3120,978567,4,2003-12-07
3120,1098265,5,2004-06-20
3120,302275,5,2004-05-04
3120,2185906,4,2004-12-27
3120,1510598,5,2005-04-24
3120,117386,4,2005-10-31
3120,834933,3,2003-05-14
3120,763729,2,2004-04-13
3120,1622035,4,2005-02-19
3120,1287683,4,2004-01-02
3120,1857979,3,2004-07-12
3120,776655,5,2003-11-21
3120,1989892,5,2003-09-26
3120,1147281,4,2004-03-30
3120,683427,4,2005-01-19
3120,423676,2,2005-05-16
3120,517710,3,2005-06-09
3120,1355760,3,2005-06-15
3120,1268197,4,2005-11-15
3120,2017730,4,2005-11-25
3120,1733733,4,2005-07-07
3120,1016732,4,2003-12-25
3120,1101667,5,2004-04-29
3120,2001531,5,2004-01-26
3120,679412,5,2004-02-08
3120,1517471,5,2003-12-30
3120,499718,4,2004-06-05
3120,2162641,4,2004-06-27
3120,2556008,5,2004-07-16
3120,1319527,3,2004-12-07
3120,26648,4,2004-12-21
3120,131892,3,2005-01-01
3120,2214172,4,2005-01-20
3120,2546377,4,2005-05-11
3120,1105269,5,2005-10-01
3120,940556,4,2005-10-04
3120,899412,3,2005-07-05
3120,1712732,4,2004-01-26
3120,1658752,3,2003-07-22
3120,262411,5,2003-10-28
3120,1501223,2,2004-03-31
3120,1104594,5,2003-10-17
3120,1257103,5,2005-08-26
3120,2121798,5,2005-09-03
3120,2351440,2,2003-12-12
3120,1323387,4,2003-12-16
3120,393879,4,2004-08-04
3120,923084,3,2004-10-19
3120,621634,3,2005-02-02
3120,303948,3,2005-02-10
3120,1842812,4,2005-10-12
3120,824262,4,2004-02-05
3120,759371,4,2005-07-27
3120,1184563,4,2002-09-21
3120,2151107,4,2004-01-03
3120,1253718,4,2004-06-02
3120,2449359,4,2004-03-24
3120,1546588,3,2004-04-26
3120,2469979,3,2005-02-08
3120,427561,5,2005-05-10
3120,491331,2,2005-05-17
3120,705828,5,2005-06-06
3120,2554745,4,2002-03-08
3120,1540724,3,2004-06-23
3120,1673185,4,2003-12-03
3120,945258,5,2002-09-16
3120,1710932,4,2004-05-01
3120,1558606,5,2003-09-03
3120,1364562,4,2004-02-04
3120,2137072,4,2003-11-26
3120,1554112,4,2004-01-18
3120,2596383,2,2005-08-26
3120,1451183,2,2005-09-05
3120,1990523,4,2004-01-18
3120,896501,3,2004-07-23
3120,2535278,2,2005-02-07
3120,2187274,4,2005-02-24
3120,889079,4,2005-03-19
3120,279960,4,2005-05-03
3120,2091752,3,2005-10-06
3120,2270454,4,2005-10-12
3120,2502315,4,2005-11-07
3120,566325,4,2001-07-10
3120,1573664,3,2005-07-22
3120,2252223,4,2004-06-23
3120,495853,5,2004-03-08
3120,85638,4,2004-09-12
3120,2186436,3,2004-12-02
3120,1223524,5,2005-02-17
3120,2338873,4,2005-03-13
3120,404701,4,2005-04-28
3120,600362,4,2005-05-20
3120,2567600,2,2005-06-29
3120,1865375,5,2005-12-12
3120,2637642,5,2005-09-15
3120,1053427,4,2005-07-08
3120,1158538,4,2005-07-28
3120,779062,3,2003-08-08
3120,1894963,4,2005-08-23
3120,2245549,5,2004-06-15
3120,1380479,4,2003-11-07
3120,1005983,4,2004-07-22
3120,2073205,5,2004-08-08
3120,786312,3,2004-11-15
3120,861239,4,2004-12-01
3120,1944516,5,2004-12-16
3120,1823259,5,2005-01-11
3120,631636,3,2005-02-27
3120,439019,4,2005-06-06
3120,1130826,3,2005-10-03
3120,2070372,5,2005-12-03
3120,1527895,5,2005-12-13
3120,1314463,3,2005-12-27
3120,1172153,4,2005-07-06
3120,816549,4,2003-08-30
3120,1800077,4,2005-09-09
3120,578525,3,2004-09-12
3120,480995,5,2004-09-21
3120,309333,3,2005-01-09
3120,1575680,5,2005-01-24
3120,590113,3,2005-04-06
3120,1902380,5,2005-06-28
3120,1785304,5,2005-09-21
3120,501561,4,2005-10-03
3120,306199,3,2003-03-17
3120,1696335,4,2004-09-11
3120,1553445,5,2005-07-19
3120,2366931,5,2005-07-31
3120,2443370,5,2003-05-12
3120,404525,5,2005-08-03
3120,533895,4,2003-01-06
3120,1430248,3,2003-05-14
3120,1933327,3,2004-02-06
3120,1689084,2,2005-08-26
3120,2314776,4,2003-10-30
3120,2292656,3,2004-07-25
3120,1466762,5,2004-11-22
3120,1620439,2,2005-01-01
3120,178588,4,2005-05-09
3120,2371105,3,2005-05-28
3120,787569,5,2005-09-27
3120,2572585,3,2005-10-06
3120,616350,5,2005-10-24
3120,2103333,4,2005-12-26
3120,1292217,4,2002-12-23
3120,860145,5,2004-02-10
3120,2574159,3,2003-02-24
3120,968121,5,2003-11-25
3120,1246612,4,2004-08-11
3120,1486254,4,2005-03-06
3120,2087269,4,2005-03-24
3120,591075,3,2004-01-13
3120,2492445,4,2005-07-28
3120,10567,4,2003-11-10
3120,1319449,4,2004-05-11
3120,926374,3,2004-08-31
3120,1512643,1,2004-04-20
3120,2347320,3,2004-07-18
3120,430109,3,2005-03-12
3120,1574605,3,2005-06-03
3120,1003967,5,2005-07-19
3120,1439700,5,2004-02-16
3120,2433847,5,2002-08-09
3120,1033433,3,2005-08-09
3120,1842429,4,2005-08-15
3120,1133051,5,2003-10-30
3120,1814136,4,2004-01-18
3120,380854,3,2004-01-31
3120,2422044,5,2004-11-29
3120,48614,5,2004-12-20
3120,1642019,4,2005-01-02
3120,1351548,4,2005-01-05
3120,875956,5,2005-01-21
3120,214144,5,2005-04-08
3120,1066926,4,2005-06-29
3120,10016,4,2005-10-19
3120,23024,5,2004-03-28
3120,973538,4,2005-07-18
3120,315420,4,2002-01-29
3120,2278539,4,2003-12-20
3120,1589677,3,2003-03-14
3120,2219553,5,2003-09-03
3120,2087108,5,2005-02-19
3120,1687926,4,2004-03-05
3120,852660,4,2005-01-27
3120,856436,4,2005-02-08
3120,1039068,5,2005-03-06
3120,1235769,3,2005-03-13
3120,584576,4,2005-04-04
3120,306179,4,2005-04-11
3120,2268465,4,2005-07-02
3120,1735886,5,2005-02-20
3120,542834,5,2004-04-01
3120,546876,3,2003-07-12
3120,1730160,4,2004-05-13
3120,270694,4,2005-12-14
3120,1225326,4,2004-09-29
3120,30978,5,2004-10-23
3120,1094702,4,2004-11-18
3120,2421085,3,2005-03-07
3120,1473965,2,2005-10-12
3120,2647004,4,2005-12-07
3120,1578868,4,2005-12-14
3120,1799995,4,2004-07-03
3120,630454,4,2003-08-19
3120,660495,4,2003-07-08
3120,386510,5,2005-09-08
3120,2622157,3,2004-09-03
3120,493082,4,2004-01-03
3120,2616810,5,2004-04-25
3120,181060,5,2004-10-26
3120,1196121,4,2004-12-04
3120,1321968,5,2005-02-21
3120,2617868,4,2005-05-23
3120,1001129,2,2005-05-24
3120,574439,4,2005-05-30
3120,1231125,3,2005-11-01
3120,1905092,5,2002-06-13
3120,2339216,4,2002-08-21
3120,567822,3,2004-07-11
3120,718043,4,2004-06-09
3120,503235,2,2005-09-02
3120,858113,4,2003-10-31
3120,920429,4,2003-12-01
3120,2223740,5,2004-10-26
3120,147653,5,2004-11-22
3120,1035499,4,2005-02-14
3120,1583832,5,2005-04-11
3120,372887,2,2005-04-19
3120,2251961,5,2005-06-08
3120,1594095,3,2005-09-20
3120,1081765,3,2005-10-04
3120,926995,5,2005-12-23
3120,2425195,4,2005-12-29
3120,2498958,4,2003-04-16
3120,2485566,5,2004-05-20
3120,1242367,1,2003-07-07
3120,1925428,3,2003-03-17
3120,2424776,4,2003-05-19
3120,792693,2,2003-12-22
3120,2281353,4,2004-07-14
3120,1927580,4,2004-01-28
3120,2353991,4,2005-05-09
3120,1745719,3,2005-09-08
3120,1666581,3,2005-10-15
3120,489659,3,2005-12-25
3120,2162539,5,2002-03-04
3120,1951270,4,2004-06-22
3120,580666,4,2004-08-14
3120,2640203,5,2003-12-04
3120,2492392,4,2003-12-04
3120,1802979,4,2004-06-28
3120,1066571,5,2004-01-18
3120,1568814,4,2004-01-27
3120,1398685,3,2004-07-06
3120,2179355,4,2005-02-10
3120,235016,3,2005-03-06
3120,676747,3,2005-03-21
3120,2196366,5,2005-05-04
3120,2334536,3,2005-05-31
3120,1357095,4,2005-06-03
3120,1999750,5,2005-06-16
3120,1249798,3,2005-09-11
3120,936849,4,2005-09-19
3120,2526173,4,2005-07-20
3120,355033,5,2004-08-12
3120,917647,5,2004-02-04
3120,2277422,5,2003-06-10
3120,1718511,5,2005-07-25
3120,199769,3,2003-04-22
3120,59913,2,2003-05-05
3120,215406,4,2004-06-01
3120,1927329,4,2005-08-31
3120,1721179,2,2004-09-08
3120,269554,5,2003-10-17
3120,981936,5,2003-12-09
3120,712297,1,2004-03-24
3120,1746835,5,2005-05-15
3120,22663,3,2005-06-07
3120,2467199,5,2005-09-19
3120,434567,5,2005-07-06
3120,1759688,3,2002-08-02
3120,1099072,4,2003-07-26
3120,59101,5,2002-01-29
3120,187896,3,2004-06-24
3120,800057,4,2005-01-05
3120,473411,5,2005-05-04
3120,80683,5,2003-02-12
3120,2273876,4,2005-08-01
3120,1402114,4,2003-08-08
3120,496887,4,2003-04-02
3120,1609854,3,2004-04-09
3120,1056645,3,2003-12-04
3120,1773066,4,2004-12-15
3120,478176,4,2004-05-26
3120,56371,4,2005-01-10
3120,1385988,5,2005-03-26
3120,275630,3,2005-06-17
3120,2553433,4,2005-09-09
3120,2100210,5,2002-10-18
3120,1984445,5,2005-08-15
3120,782128,4,2005-08-23
3120,283675,3,2005-08-28
3120,633005,5,2004-04-12
3120,2511585,5,2004-04-22
3120,845059,4,2004-12-22
3120,1135377,4,2005-05-03
3120,322878,4,2005-05-13
3120,2037839,4,2005-05-16
3120,1414761,5,2005-10-28
3120,537731,4,2005-07-07
3120,1149287,3,2004-04-14
3120,596364,4,2003-04-03
3120,1750544,4,2003-06-25
3120,2565823,3,2005-08-02
3120,704917,2,2003-11-14
3120,838716,4,2003-04-18
3120,1772947,5,2003-01-17
3120,2191732,4,2004-06-23
3120,1169855,3,2005-08-26
3120,88959,4,2005-08-30
3120,1523292,4,2004-04-20
3120,1326319,3,2004-01-23
3120,1773124,5,2004-03-04
3120,1803278,1,2004-03-18
3120,1435555,4,2004-06-10
3120,1025513,5,2005-01-02
3120,1069612,3,2005-01-31
3120,2019560,2,2005-09-12
3120,1013370,3,2005-10-03
3120,796838,2,2003-01-07
3120,504316,5,2005-08-21
3120,446957,4,2004-07-13
3120,179461,3,2004-10-16
3120,109124,4,2004-10-25
3120,1103080,2,2004-12-30
3120,2207633,4,2005-02-14
3120,2180575,3,2005-09-23
3120,1748471,5,2005-12-02
3120,246410,5,2005-12-21
3120,134378,5,2005-07-07
3120,835847,4,2004-05-28
3120,1792741,2,2003-11-03
3120,110288,4,2004-06-30
3120,1132940,4,2004-06-09
3120,2508208,5,2003-04-17
3120,1314869,2,2005-08-23
3120,2238529,5,2005-06-12
3120,380824,4,2005-09-07
3120,203040,3,2005-12-03
3120,979639,4,2005-12-17
3120,2244589,4,2004-01-26
3120,2220239,3,2002-04-17
3120,2299121,4,2002-05-01
3120,1261084,4,2003-09-08
3120,1755550,3,2003-05-13
3120,829701,5,2003-03-03
3120,1609099,5,2005-08-21
3120,1645919,2,2004-04-19
3120,1071003,4,2004-04-08
3120,858589,3,2004-04-13
3120,368514,4,2004-12-16
3120,2353394,4,2005-05-08
3120,1019750,5,2005-06-11
3120,1104869,5,2005-08-24
3120,623818,5,2004-01-20
3120,1240130,4,2003-09-09
3120,2466475,5,2004-06-27
3120,2217988,4,2005-03-21
3120,481484,2,2005-04-04
3120,843186,5,2005-05-06
3120,1669491,4,2005-05-23
3120,1081611,5,2005-10-01
3120,1601449,5,2005-10-17
3120,1685089,5,2001-12-29
3120,2237185,4,2004-09-15
3120,654506,5,2003-08-04
3120,2111183,3,2004-01-22
3120,1705196,5,2003-09-01
3120,386254,4,2004-01-13
3120,2260459,3,2004-12-01
3120,2175436,4,2005-01-30
3120,733089,4,2005-02-28
3120,1025522,4,2004-01-29
3120,2320264,4,2003-11-22
3120,1187113,5,2002-01-24
3120,1532433,4,2003-12-02
3120,2233086,4,2003-10-07
3120,1696241,5,2002-04-24
3120,1526354,5,2005-04-26
3120,1591355,4,2003-05-01
3120,2062350,3,2003-06-17
3120,599880,4,2004-10-22
3120,781165,4,2005-03-15
3120,264378,4,2005-03-04
3120,2560795,4,2005-09-23
3120,664203,5,2003-07-07
3120,187322,4,2004-07-16
3120,1653163,5,2005-08-04
3120,2361606,3,2003-06-10
3120,178100,3,2004-03-02
3120,765129,4,2003-06-23
3120,2389225,4,2004-01-17
3120,1184283,5,2005-01-12
3120,288133,5,2002-03-28
3120,1732137,5,2005-07-26
3120,674590,5,2004-01-22
3120,2439493,1,2003-01-14
3120,2291127,3,2004-02-11
3120,806277,4,2003-07-02
3120,14728,4,2003-10-06
3120,875184,4,2004-06-22
3120,423757,3,2004-04-22
3120,1294234,3,2004-05-12
3120,31355,4,2005-01-28
3120,2073838,4,2005-02-11
3120,964865,2,2005-04-11
3120,1416471,4,2005-05-11
3120,2467154,5,2005-05-14
3120,2646660,3,2005-06-07
3120,792106,4,2005-11-08
3120,868692,5,2003-03-10
3120,357481,5,2004-05-27
3120,772738,4,2004-01-15
3120,1476006,5,2003-01-21
3120,2601604,3,2004-06-25
3120,1386457,4,2003-11-20
3120,485378,5,2005-01-06
3120,207131,5,2005-05-31
3120,2580440,4,2005-10-19
3120,1078893,3,2005-11-17
3120,2000124,4,2005-07-25
3120,1306528,5,2004-06-03
3120,1135276,4,2004-04-28
3120,1572042,5,2004-05-19
3120,1354345,4,2004-12-22
3120,253394,3,2005-09-25
3120,2436541,5,2005-10-04
3120,525842,5,2005-07-15
3120,320708,5,2002-08-20
3120,870441,5,2005-07-24
3120,72451,3,2005-08-18
3120,2325297,4,2003-07-14
3120,919847,4,2004-03-01
3120,2213038,4,2003-12-25
3120,1022488,4,2004-05-21
3120,1400535,3,2004-11-03
3120,214593,4,2004-11-16
3120,1500625,4,2004-11-23
3120,394784,5,2005-01-10
3120,314070,3,2005-01-23
3120,1100765,3,2005-05-24
3120,1452127,3,2005-06-03
3120,328674,3,2005-06-12
3120,1824389,1,2005-09-27
3120,596648,5,2005-10-31
3120,766180,4,2005-11-20
3120,1190264,4,2005-12-01
3120,2615500,5,2002-12-28
3120,396681,5,2004-08-10
3120,2037687,5,2005-08-02
3120,1806991,2,2004-09-14
3120,1644249,4,2004-09-24
3120,2083665,3,2004-09-26
3120,2119079,5,2004-10-10
3120,238740,4,2004-10-26
3120,1462266,4,2005-01-19
3120,1459630,5,2004-07-29
3120,989598,4,2005-07-29
3120,1209343,4,2004-01-30
3120,403999,4,2004-07-28
3120,479810,4,2004-06-05
3120,1965252,3,2005-08-16
3120,22129,4,2005-05-23
3120,1430108,3,2005-05-25
3120,1161199,2,2005-05-31
3120,1620070,4,2005-10-11
3120,1771397,5,2005-11-20
3120,1570077,4,2002-03-04
3120,1509270,3,2003-11-13
3120,2137900,4,2005-07-26
3120,1945838,4,2004-08-09
3120,1631532,5,2004-09-24
3120,1052493,5,2004-11-25
3120,2254078,4,2004-12-20
3120,147152,4,2005-10-04
3120,2453811,4,2005-07-26
3120,256054,4,2004-07-28
3120,196846,5,2005-08-08
3120,318457,4,2005-08-29
3120,2369086,3,2004-09-17
3120,251967,4,2004-10-29
3120,1059284,5,2004-12-25
3120,925257,4,2005-02-12
3120,656811,4,2005-03-12
3120,22603,5,2005-04-19
3120,2641278,4,2003-12-29
3120,1290669,2,2002-06-25
3120,305111,4,2003-09-29
3120,2301300,3,2003-01-26
3120,1321284,4,2004-09-28
3120,1091085,4,2004-11-03
3120,593770,4,2005-03-06
3120,976347,4,2005-05-04
3120,1140762,5,2005-12-08
3120,1346243,4,2005-12-15
3120,658777,4,2005-08-14
3120,826350,5,2003-01-24
3120,2395317,3,2004-05-27
3120,576984,5,2005-08-28
3120,1149883,3,2005-01-07
3120,2154287,4,2005-03-10
3120,538221,4,2005-04-03
3120,1915462,5,2005-05-19
3120,2260833,4,2005-09-05
3120,1232060,4,2005-09-10
3120,1838859,5,2005-12-22
3120,2133079,4,2004-05-27
3120,96987,3,2001-10-18
3120,2342155,4,2003-04-04
3120,1598429,2,2002-10-21
3120,412129,4,2005-08-18
3120,113646,2,2004-04-14
3120,698713,4,2004-10-04
3120,1978892,4,2005-02-03
3120,7116,3,2005-03-03
3120,510719,4,2005-06-03
3120,2440681,5,2005-12-01
3120,2427632,4,2005-12-16
3120,1903582,3,2004-03-06
3120,27467,5,2005-07-09
3120,2642723,3,2002-07-24
3120,18108,3,2002-04-14
3120,1587216,3,2004-01-22
3120,1439980,3,2005-01-26
3120,501018,3,2005-02-21
3120,1531029,2,2005-02-23
3120,345916,4,2005-03-12
3120,2503103,5,2005-04-23
3120,532697,5,2005-12-09
3120,1393493,4,2002-04-24
3120,480288,3,2004-03-09
3120,1177340,5,2004-06-15
3120,1142833,3,2004-08-20
3120,2358458,4,2003-12-19
3120,1358548,5,2004-05-26
3120,461075,1,2004-09-27
3120,1126966,5,2004-10-11
3120,1097507,4,2005-01-09
3120,657870,5,2005-02-02
3120,1385431,5,2005-02-08
3120,2236554,2,2005-03-14
3120,2378902,4,2005-09-11
3120,538533,5,2005-12-17
3120,62471,4,2004-07-10
3120,542599,5,2003-11-17
3120,519645,4,2004-03-06
3120,1459994,3,2004-08-21
3120,1003084,4,2004-03-25
3120,445227,5,2004-03-03
3120,1473552,5,2004-07-08
3120,1584920,4,2005-01-05
3120,2021184,5,2005-01-24
3120,470306,3,2005-02-01
3120,2171588,3,2005-02-09
3120,2443163,4,2005-12-02
3120,2306009,4,2005-07-22
3120,1954386,2,2004-01-12
3120,249317,4,2003-08-30
3120,627923,3,2004-07-06
3120,2552842,4,2004-09-23
3120,1736588,2,2005-02-16
3120,2508565,5,2005-04-20
3120,53016,5,2005-06-09
3120,764440,5,2005-09-24
3120,1857999,3,2005-10-03
3120,1123111,4,2005-12-21
3120,2646483,5,2003-04-08
3120,344237,4,2003-05-30
3120,1496095,4,2005-08-16
3120,572523,4,2005-09-05
3120,807679,5,2004-09-07
3120,1961746,3,2003-09-02
3120,1810110,5,2004-02-05
3120,41924,5,2004-06-21
3120,2610088,2,2004-09-14
3120,474286,5,2004-08-22
3120,1536967,5,2004-12-02
3120,952156,3,2005-01-19
3120,1271628,5,2005-05-24
3120,2557473,4,2005-05-27
3120,1441549,5,2005-06-26
3120,966833,4,2005-10-04
3120,2282361,5,2003-10-31
3120,1283798,4,2002-05-23
3120,1777406,1,2002-12-26
3120,1939029,4,2004-07-30
3120,1704440,5,2004-11-08
3120,1774258,3,2004-11-21
3120,2383799,5,2004-11-29
3120,1640277,2,2004-12-03
3120,952513,3,2004-12-20
3120,1571299,4,2005-09-25
3120,165926,3,2005-11-07
3120,2330747,2,2002-04-11
3120,1528902,4,2004-05-12
3120,619979,4,2004-03-13
3120,254671,3,2004-01-27
3120,818752,5,2004-06-08
3120,1062999,5,2004-08-05
3120,914254,4,2005-06-04
3120,1151752,5,2005-09-17
3120,1517590,4,2003-02-14
3120,155620,5,2002-03-30
3120,2600868,2,2003-07-09
3120,2217779,3,2002-05-01
3120,1129831,4,2005-07-30
3120,2197203,5,2004-06-20
3120,2455079,4,2004-06-22
3120,2448367,2,2004-04-16
3120,339547,4,2004-10-13
3120,1405323,4,2004-10-16
3120,1736058,4,2004-12-08
3120,1760980,4,2005-01-04
3120,252915,3,2005-02-21
3120,1445543,4,2005-05-10
3120,2304924,3,2005-05-20
3120,1357292,2,2005-09-09
3120,818848,5,2005-09-16
3120,1999176,2,2005-09-27
3120,2227307,5,2003-03-19
3120,1827859,4,2004-06-17
3120,1924239,5,2004-06-03
3120,363610,5,2004-02-04
3120,604521,5,2003-09-05
3120,353874,5,2004-08-30
3120,847496,4,2004-08-30
3120,1571988,4,2004-12-22
3120,1767410,4,2005-01-19
3120,1574439,5,2005-02-12
3120,501823,5,2005-05-23
3120,2095856,4,2005-05-24
3120,909140,5,2005-06-03
3120,2112613,5,2005-06-20
3120,2491791,4,2005-09-15
3120,585968,3,2004-03-26
3120,2421668,4,2002-02-26
3120,1859288,4,2003-10-22
3120,2196427,5,2004-03-25
3120,2457095,2,2004-03-28
3120,1499672,4,2004-07-01
3120,1718085,5,2004-10-07
3120,1922072,4,2004-11-02
3120,782937,5,2005-01-25
3120,277837,1,2005-02-01
3120,440316,3,2005-02-08
3120,1589578,4,2005-02-13
3120,406122,5,2005-05-20
3120,1675511,4,2005-10-04
3120,2336079,4,2004-01-10
3120,1070752,4,2005-08-30
3120,2353489,4,2004-03-26
3120,2596745,5,2004-10-23
3120,1621674,5,2004-11-12
3120,1524853,4,2004-12-20
3120,102487,5,2005-06-01
3120,1379858,5,2005-10-11
3120,2309736,3,2005-10-29
3120,66885,5,2004-04-21
3120,1280119,5,2002-04-24
3120,2532276,4,2002-10-25
3120,263867,5,2005-08-15
3120,2443626,5,2005-08-31
3120,1275939,4,2004-08-18
3120,1608589,5,2005-04-21
3120,974630,4,2005-05-02
3120,2592095,5,2005-05-29
3120,1615638,3,2005-11-28
3120,2589402,5,2003-01-22
3120,1432530,4,2005-07-29
3120,1869903,3,2003-08-18
3120,726067,5,2005-08-19
3120,432620,2,2004-02-03
3120,2538387,4,2004-04-27
3120,846642,4,2004-01-23
3120,2246053,4,2005-02-12
3120,2136927,4,2005-02-27
3120,1987727,5,2005-04-13
3120,625344,4,2005-05-01
3120,1677869,4,2005-09-17
3120,1037868,5,2001-07-14
3120,1966201,5,2004-12-30
3120,179873,4,2003-04-10
3120,876961,1,2005-08-02
3120,132951,4,2004-08-16
3120,1706820,1,2005-08-22
3120,687574,5,2004-08-07
3120,772152,3,2003-11-03
3120,1857885,3,2004-06-13
3120,679846,4,2004-10-19
3120,453968,4,2004-10-20
3120,1725588,5,2005-01-20
3120,571572,5,2005-01-28
3120,1032619,5,2005-04-15
3120,1734402,4,2005-04-25
3120,1124512,4,2005-05-02
3120,2504214,4,2005-06-11
3120,322291,3,2005-12-12
3120,182041,5,2004-08-06
3120,838052,2,2002-08-17
3120,2402698,4,2005-08-04
3120,1272102,4,2002-09-16
3120,1301832,4,2003-04-29
3120,202558,3,2005-09-03
3120,1215094,4,2004-07-03
3120,1744160,3,2004-11-06
3120,1120498,4,2004-12-06
3120,2470948,4,2005-01-25
3120,2254823,5,2005-06-02
3120,1912489,3,2005-11-29
3120,1354515,5,2004-07-22
3120,973443,4,2003-03-14
3120,1335057,4,2004-01-27
3120,310641,3,2004-07-21
3120,644417,4,2004-08-18
3120,2628010,5,2004-10-23
3120,2351709,4,2004-11-08
3120,2134424,5,2004-11-15
3120,2634980,3,2004-12-29
3120,1347777,4,2005-01-07
3120,1679751,5,2005-03-10
3120,1343576,4,2005-04-05
3120,1150102,3,2005-11-13
3120,1501371,5,2004-12-05
3120,1238044,5,2004-07-20
3120,2096942,5,2004-10-09
3120,502303,3,2005-01-19
3120,1397700,5,2005-05-24
3120,971119,4,2005-09-12
3120,1303781,4,2005-07-05
3120,1028631,4,2004-08-22
3120,2630781,5,2002-05-22
3120,2092198,5,2005-08-04
3120,728171,3,2004-09-15
3120,2408123,4,2003-08-11
3120,711616,4,2003-10-08
3120,1731328,4,2003-07-10
3120,1404828,4,2004-08-02
3120,538985,3,2004-11-07
3120,457911,3,2004-11-16
3120,386509,5,2004-12-29
3120,514148,5,2005-01-19
3120,2559568,5,2005-03-22
3120,1184537,3,2005-04-24
3120,156639,5,2005-09-13
3120,1150896,3,2005-10-01
3120,175338,4,2005-11-01
3120,16723,4,2004-02-19
3120,1124396,4,2002-10-23
3120,585383,4,2002-11-12
3120,1255812,5,2005-07-28
3120,2309230,3,2003-01-21
3120,1135948,4,2003-09-05
3120,1994711,4,2004-05-11
3120,2535720,5,2005-08-30
3120,2434640,2,2004-07-26
3120,2604320,4,2004-05-23
3120,1957874,4,2004-12-30
3120,130103,3,2005-01-29
3120,1591663,4,2005-02-10
3120,2020045,4,2005-03-25
3120,1047039,5,2005-04-04
3120,2023451,3,2005-06-08
3120,2341756,3,2005-09-09
3120,1408759,4,2005-10-31
3120,1684341,4,2002-03-19
3120,263969,5,2003-07-16
3120,787391,4,2005-08-10
3120,759318,3,2003-02-21
3120,126990,4,2004-02-10
3120,1464345,3,2004-01-22
3120,2252770,3,2004-06-23
3120,1230971,4,2005-01-05
3120,838969,5,2005-01-11
3120,984288,3,2005-02-24
3120,1927761,3,2005-06-25
3120,1160227,5,2005-10-15
3120,1129929,3,2005-11-01
3120,2330167,4,2005-12-17
3120,504296,4,2004-01-15
3120,130594,3,2004-10-25
3120,2024230,4,2005-05-07
3120,371215,5,2005-05-19
3120,2252432,5,2005-05-23
3120,1002249,4,2005-06-01
3120,517556,5,2005-10-13
3120,1077166,2,2005-11-01
3120,872667,5,2002-07-17
3120,2571212,4,2003-08-25
3120,877585,5,2004-07-19
3120,2111073,4,2003-12-01
3120,2601024,4,2003-11-16
3120,39953,4,2004-03-25
3120,417988,5,2004-10-25
3120,2582552,1,2005-01-31
3120,1250335,4,2005-03-17
3120,940418,4,2005-04-27
3120,240054,5,2005-06-22
3120,2625784,4,2005-09-21
3120,720808,4,2005-10-11
3120,1109837,5,2005-10-21
3120,2379395,4,2005-11-19
3120,1769353,5,2005-11-22
3120,2159753,5,2004-06-15
3120,1511856,5,2005-08-23
3120,2271198,4,2004-02-18
3120,1174779,4,2004-11-15
3120,1974927,3,2005-02-27
3120,2166018,5,2005-03-16
3120,1198766,5,2005-03-20
3120,1929457,4,2005-05-22
3120,390062,4,2005-09-20
3120,1223275,5,2005-09-27
3120,1281536,3,2005-12-11
3120,1480084,4,2005-07-13
3120,1058817,4,2005-07-20
3120,718211,3,2004-04-25
3120,2363767,2,2003-05-14
3120,2253438,5,2004-03-25
3120,1285673,5,2004-03-20
3120,1737883,2,2004-05-28
3120,2499020,5,2004-01-31
3120,582381,4,2005-01-19
3120,1655656,3,2005-02-27
3120,1339787,5,2005-06-25
3120,580231,5,2003-04-24
3120,2082635,2,2002-02-27
3120,836150,4,2003-10-31
3120,106442,2,2003-12-17
3120,1025593,5,2003-04-26
3120,2240776,4,2004-09-06
3120,488212,2,2004-03-27
3120,1530817,5,2004-04-22
3120,1902128,5,2004-07-29
3120,1179020,4,2004-03-21
3120,706897,3,2004-11-03
3120,1461367,4,2005-01-09
3120,990726,5,2005-02-22
3120,466763,5,2005-02-27
3120,1255918,4,2005-04-06
3120,2552319,3,2005-04-03
3120,2515390,5,2005-05-22
3120,1141410,4,2005-06-04
3120,1785629,5,2005-09-06
3120,1681382,5,2005-09-27
3120,2253129,3,2005-09-27
3120,844207,5,2004-02-23
3120,1637683,3,2002-07-09
3120,1057915,5,2002-06-08
3120,1741728,4,2003-02-24
3120,374748,4,2005-08-17
3120,1349031,3,2003-12-04
3120,502326,4,2003-11-13
3120,1421309,5,2005-08-30
3120,602628,3,2004-11-03
3120,1630436,1,2004-12-22
3120,2520161,2,2005-02-07
3120,1551543,5,2005-02-08
3120,102866,3,2005-06-26
3120,2227283,3,2002-07-17
3120,638781,4,2004-01-17
3120,2287957,5,2003-12-27
3120,1503687,4,2004-10-07
3120,2617068,5,2004-11-11
3120,2350623,5,2005-01-11
3120,1529761,5,2005-03-16
3120,1076184,5,2005-04-19
3120,659526,5,2005-05-29
3120,178186,5,2005-06-27
3120,1220079,2,2001-08-12
3120,2221639,3,2002-05-16
3120,419691,5,2005-07-20
3120,1650580,5,2004-05-26
3120,1146886,5,2003-11-15
3120,1914693,4,2004-01-21
3120,247980,4,2005-08-11
3120,1694722,4,2004-09-14
3120,157667,1,2004-09-01
3120,684902,4,2005-03-21
3120,1364733,5,2005-05-03
3120,1525051,4,2005-06-02
3120,1232301,4,2005-06-19
3120,1399793,4,2005-09-17
3120,424371,3,2005-09-27
3120,422485,3,2005-10-16
3120,2221751,4,2005-07-10
3120,2508234,5,2004-04-14
3120,2118126,2,2004-02-02
3120,1728697,5,2002-06-28
3120,387222,5,2003-03-20
3120,2203225,1,2004-09-07
3120,373103,5,2003-12-30
3120,1958197,3,2005-12-20
3120,2176292,4,2003-04-24
3120,1396834,4,2005-02-20
3120,324887,3,2003-03-21
3120,1825443,4,2004-03-31
3120,1557148,3,2004-07-31
3120,213486,5,2003-01-16
3120,2060183,4,2004-05-30
3120,1981009,5,2003-11-18
3120,355672,5,2004-05-11
3120,994565,3,2004-07-25
3120,1820746,5,2004-07-17
3120,1060399,4,2004-05-31
3120,379808,4,2004-03-28
3120,2130039,4,2004-05-12
3120,1821991,3,2004-06-26
3120,927953,4,2004-11-04
3120,1055112,4,2005-04-11
3120,2409367,4,2005-04-25
3120,1684416,5,2005-04-26
3120,1453129,5,2005-05-16
3120,2344473,4,2005-12-02
3120,1077806,3,2002-06-28
3120,1819300,4,2003-05-26
3120,978309,5,2005-08-29
3120,619672,4,2005-09-02
3120,2569374,5,2005-09-09
3120,2216592,5,2003-11-29
3120,1383690,5,2004-06-06
3120,1096430,3,2004-05-11
3120,939840,3,2004-09-18
3120,663488,4,2004-10-20
3120,1698245,5,2005-01-30
3120,2636687,5,2005-05-09
3120,715201,5,2005-09-18
3120,114873,4,2003-04-02
3120,1148103,4,2005-07-15
3120,907023,4,2002-08-02
3120,2185396,3,2004-09-12
3120,396661,5,2004-09-29
3120,1227156,4,2004-10-09
3120,1601616,4,2005-01-10
3120,980834,4,2005-01-19
3120,1637685,3,2005-09-26
3120,2613213,5,2004-04-06
3120,242171,4,2003-09-29
3120,112209,5,2003-02-17
3120,2253854,3,2004-01-07
3120,1917793,3,2003-08-20
3120,1557699,4,2005-08-26
3120,1950725,5,2004-07-28
3120,13590,4,2005-10-18
3120,732616,4,2005-02-14
3120,2472771,3,2005-02-27
3120,2446163,3,2005-03-16
3120,2390539,5,2005-04-06
3120,1434524,5,2005-05-24
3120,1485270,5,2005-06-21
3120,368833,4,2005-06-25
3120,311622,5,2005-09-23
3120,2567398,2,2005-12-27
3120,1856823,4,2005-12-28
3120,659540,2,2003-06-09
3120,910244,4,2004-03-22
3120,2405684,4,2005-08-09
3120,2602740,4,2004-01-31
3120,695332,4,2004-10-22
3120,1112823,3,2005-01-19
3120,1351603,1,2005-01-19
3120,1526418,3,2005-02-01
3120,2221307,5,2005-03-16
3120,1967969,3,2005-05-03
3120,1709076,3,2005-06-13
3120,1040523,4,2005-12-07
3120,218192,4,2002-01-02
3120,2271973,4,2003-10-27
3120,2407157,4,2004-01-09
3120,63452,5,2004-01-27
3120,2144613,5,2004-02-09
3120,115396,4,2004-09-25
3120,1479863,4,2005-03-28
3120,791029,3,2005-09-12
3120,504243,4,2005-09-27
3120,2253769,5,2005-09-30
3120,323895,4,2005-12-21
3120,1122008,5,2002-05-23
3120,522236,5,2003-05-15
3120,1566925,2,2004-10-01
3120,765167,5,2004-10-07
3120,2535238,3,2004-12-27
3120,1434330,4,2005-03-06
3120,2407866,3,2005-05-20
3120,1217553,5,2005-05-30
3120,2241247,5,2005-06-05
3120,708307,4,2005-10-11
3120,206718,3,2005-07-11
3120,1584813,4,2002-02-12
3120,197102,1,2002-12-01
3120,1637821,4,2003-09-08
3120,594196,4,2004-01-19
3120,255857,4,2005-09-01
3120,1352458,4,2003-11-24
3120,189814,3,2004-06-14
3120,1345676,4,2004-07-14
3120,47906,4,2005-03-15
3120,1610234,1,2005-09-27
3120,790537,2,2005-11-05
3120,237752,2,2005-12-12
3120,1310303,4,2003-07-14
3120,1358692,4,2004-06-01
3120,71435,4,2004-07-01
3120,2310695,5,2004-10-09
3120,873713,1,2004-10-25
3120,718546,5,2005-02-14
3120,498507,4,2005-04-14
3120,1946355,1,2005-07-06
3120,1058842,1,2004-02-18
3120,915268,4,2002-09-22
3120,1606186,4,2003-03-30
3120,2012053,3,2004-01-02
3120,360757,5,2004-08-18
3120,688343,3,2004-09-20
3120,2245937,5,2005-02-20
3120,832368,5,2005-06-27
3120,1421122,5,2004-08-18
3120,927129,5,2003-08-19
3120,1455188,5,2002-06-19
3120,341266,5,2003-08-31
3120,2514777,1,2004-03-19
3120,242256,3,2005-05-17
3120,3728,5,2004-11-12
3120,1505785,5,2004-11-29
3120,1980668,5,2005-02-16
3120,273641,5,2005-04-14
3120,983272,4,2005-04-18
3120,2044120,4,2005-12-12
3120,2264105,5,2005-12-20
3120,1610778,3,2005-12-29
3120,1278338,3,2005-08-07
3120,2122520,3,2003-02-14
3120,1167641,4,2005-08-14
3120,2255305,5,2004-01-16
3120,2037342,1,2004-07-26
3120,1040259,5,2004-11-02
3120,743341,4,2005-04-04
3120,205438,4,2005-10-18
3120,1904434,5,2005-07-06
3120,2606685,4,2003-12-05
3120,1848868,4,2003-03-12
3120,1838160,3,2003-11-14
3120,1803723,3,2003-03-19
3120,2522284,4,2005-08-15
3120,2625415,5,2005-08-17
3120,1036336,5,2004-06-17
3120,2585364,4,2004-06-10
3120,682857,5,2004-07-04
3120,2329691,5,2004-07-20
3120,1457939,4,2004-10-04
3120,1543077,4,2004-11-24
3120,1309777,5,2004-12-27
3120,1432284,5,2005-01-19
3120,644511,5,2005-04-30
3120,1627242,3,2005-05-16
3120,2387369,4,2005-06-30
3120,2530383,5,2005-11-07
3120,25307,4,2002-02-16
3120,214451,5,2004-06-06
3120,1813139,5,2002-04-09
3120,1897386,4,2003-09-01
3120,823984,4,2003-06-17
3120,2067027,4,2004-01-18
3120,653240,3,2003-10-09
3120,1415532,3,2004-06-27
3120,1962412,5,2004-02-03
3120,1516345,5,2004-09-30
3120,217178,5,2004-10-01
3120,274062,4,2005-01-19
3120,1218317,5,2005-09-29
3120,2422226,4,2005-10-09
3120,1508115,4,2005-07-27
3120,218011,4,2003-01-15
3120,1903979,3,2005-09-02
3120,2320001,4,2004-08-01
3120,1432549,4,2004-06-22
3120,318409,3,2004-06-19
3120,1888662,4,2005-01-19
3120,1629082,3,2005-09-19
3120,1824009,5,2004-01-08
3120,2572409,5,2003-02-12
3120,984356,4,2004-02-24
3120,50214,5,2003-03-26
3120,169677,5,2005-08-26
3120,869468,4,2004-03-01
3120,2357563,5,2004-08-06
3120,1428452,4,2004-11-14
3120,663249,5,2004-12-16
3120,1447828,4,2005-03-02
3120,1998128,4,2005-10-25
3120,918848,5,2005-11-04
3120,2032212,4,2005-12-24
3120,1125710,3,2004-09-14
3120,498318,4,2005-08-07
3120,2636989,4,2004-08-23
3120,2551558,5,2003-11-11
3120,1857656,5,2004-10-08
3120,29303,5,2004-10-21
3120,1935793,1,2004-11-07
3120,1994184,3,2004-12-01
3120,302172,2,2004-12-20
3120,64612,4,2005-01-31
3120,2559676,4,2005-05-04
3120,183962,4,2005-05-09
3120,324653,5,2005-06-11
3120,248730,4,2002-10-29
3120,207956,5,2003-09-11
3120,2135531,3,2003-08-08
3120,2297776,4,2004-08-29
3120,2393981,4,2003-04-21
3120,202114,4,2005-07-23
3120,1087171,4,2005-07-25
3120,358549,5,2003-11-13
3120,1788052,3,2004-04-05
3120,1851975,3,2004-03-29
3120,644041,4,2004-07-26
3120,2022897,4,2004-08-13
3120,302958,2,2004-10-11
3120,2533427,3,2004-10-13
3120,1771108,4,2005-03-18
3120,2556737,3,2005-11-07
3120,1836271,4,2005-11-23
3120,2533067,4,2002-11-12
3120,1394933,3,2005-02-18
3120,1793601,4,2005-10-15
3120,899682,5,2005-04-22
3120,1753228,3,2005-04-28
3120,973487,4,2005-09-13
3120,825907,5,2005-09-27
3120,263235,5,2002-05-30
3120,2554118,4,2004-03-08
3120,168939,4,2003-03-28
3120,1376882,2,2003-12-16
3120,2485977,4,2005-08-30
3120,560022,4,2004-04-24
3120,1655778,5,2004-09-23
3120,2224884,5,2005-01-24
3120,155486,5,2005-01-28
3120,482717,3,2005-02-08
3120,1450391,5,2005-03-08
3120,100073,5,2005-09-30
3120,2574251,3,2005-10-22
3120,1853203,4,2005-10-24
3120,279425,5,2005-11-22
3120,376024,5,2005-12-12
3120,2203987,4,2005-07-08
3120,271270,4,2004-09-11
3120,10044,3,2003-05-20
3120,1755096,5,2004-01-19
3120,772009,5,2004-02-27
3120,41972,4,2005-08-09
3120,679042,5,2004-06-21
3120,1800377,4,2005-08-22
3120,1592958,5,2004-06-22
3120,1344482,3,2003-09-17
3120,1945881,4,2004-03-08
3120,1122030,3,2005-03-12
3120,1962416,4,2005-03-19
3120,1835168,4,2005-03-24
3120,1399712,4,2005-04-20
3120,2599241,5,2005-09-16
3120,124747,3,2005-11-17
3120,496831,4,2004-03-01
3120,2634074,3,2002-08-04
3120,296478,4,2003-03-28
3120,1956120,5,2005-08-08
3120,1114714,4,2003-06-09
3120,970582,2,2004-02-05
3120,1535401,5,2004-07-26
3120,1417443,4,2004-11-01
3120,1755824,4,2004-11-11
3120,1201843,4,2004-11-23
3120,2136856,5,2004-12-10
3120,642089,3,2004-12-27
3120,2248924,4,2005-01-09
3120,2628869,4,2005-02-01
3120,195008,1,2005-02-16
3120,2273499,4,2005-06-10
3120,1048014,4,2005-06-10
3120,524390,5,2005-09-12
3120,502918,4,2005-09-23
3120,609264,5,2002-04-03
3120,1421402,5,2003-03-18
3120,964025,3,2003-02-12
3120,744213,4,2003-03-17
3120,1968102,4,2005-08-31
3120,850959,2,2004-05-07
3120,1699551,3,2004-09-22
3120,1649321,1,2004-12-22
3120,1191329,5,2005-05-02
3120,420622,1,2005-05-25
3120,959340,5,2005-05-26
3120,636367,5,2005-07-02
3120,286650,1,2005-08-07
3120,1696273,5,2005-08-11
3120,401638,5,2003-11-18
3120,669659,4,2004-07-26
3120,1691941,5,2005-01-24
3120,1628621,3,2005-03-23
3120,293441,5,2002-04-09
3120,270692,5,2005-08-10
3120,2583753,5,2004-01-06
3120,2493236,2,2004-03-30
3120,1980815,2,2003-09-10
3120,595770,4,2004-02-09
3120,1627828,3,2004-04-14
3120,1870227,4,2005-04-30
3120,2022462,4,2004-07-15
3120,419722,4,2004-11-04
3120,247436,5,2004-11-13
3120,2206773,5,2005-01-05
3120,1403056,3,2005-03-07
3120,268331,5,2005-04-27
3120,2306848,3,2005-05-06
3120,1489306,5,2005-05-18
3120,2488420,4,2005-07-02
3120,2599813,5,2005-10-07
3120,41000,4,2005-10-18
3120,427440,4,2005-10-31
3120,1456836,3,2004-04-25
3120,824478,5,2003-03-06
3120,2212602,5,2002-04-01
3120,1194911,5,2002-06-30
3120,1638636,4,2003-01-15
3120,1986507,2,2004-01-09
3120,1531225,4,2003-05-23
3120,1526199,5,2003-03-29
3120,1602892,3,2004-03-30
3120,1305897,4,2003-11-05
3120,2492047,5,2004-02-12
3120,423261,5,2004-05-06
3120,203421,4,2004-10-26
3120,2147668,4,2004-11-01
3120,1184520,4,2005-01-05
3120,2449001,5,2005-05-17
3120,385038,4,2005-12-29
3120,529889,2,2004-02-18
3120,2331421,5,2002-12-23
3120,504642,3,2004-03-31
3120,556492,5,2004-01-07
3120,1096051,4,2004-03-17
3120,903186,4,2004-01-28
3120,1638308,4,2004-04-03
3120,837258,4,2004-10-06
3120,2357036,3,2004-10-07
3120,1317671,3,2005-09-27
3120,2458353,2,2004-10-12
3120,606742,4,2004-12-06
3120,2284890,5,2005-06-26
3120,563705,3,2005-10-03
3120,835271,2,2004-08-22
3120,2554035,5,2003-08-26
3120,974252,4,2004-11-26
3120,831364,4,2005-08-13
3120,1256636,4,2005-08-18
3120,1197388,4,2004-01-15
3120,2324425,4,2004-05-19
3120,1148908,5,2004-01-21
3120,66540,4,2004-05-25
3120,2522401,5,2004-11-01
3120,1254363,3,2005-02-22
3120,190854,5,2005-05-13
3120,1640708,4,2005-05-31
3120,587424,4,2005-10-25
3120,470050,3,2005-10-27
3120,2066490,5,2005-12-10
3120,2590402,4,2004-02-14
3120,1139925,2,2003-05-01
3120,2089599,1,2004-01-19
3120,41886,3,2004-05-18
3120,427072,5,2004-09-23
3120,320856,1,2005-01-10
3120,1231384,1,2005-01-28
3120,1451669,5,2005-04-06
3120,820418,3,2005-04-11
3120,2199915,5,2005-06-08
3120,2252640,3,2005-06-26
3120,835482,5,2005-09-09
3120,2543978,4,2005-12-18
3120,1210010,2,2005-08-02
3120,1472203,3,2004-09-16
3120,1520904,4,2003-05-12
3120,1472796,4,2003-06-25
3120,1741568,4,2005-08-29
3120,2174812,4,2004-07-04
3120,2051520,4,2004-09-12
3120,538024,4,2004-11-07
3120,770133,4,2004-12-22
3120,2235003,3,2005-01-01
3120,1191606,4,2005-04-26
3120,1389295,5,2005-06-12
3120,1320583,5,2005-06-25
3120,2455938,2,2005-09-18
3120,1557557,3,2005-09-27
3120,78214,3,2005-07-18
3120,1819818,3,2005-08-07
3120,1843253,5,2003-12-27
3120,1111757,4,2004-06-03
3120,635577,3,2004-04-12
3120,1079165,4,2003-11-21
3120,1567783,2,2004-05-06
3120,882293,4,2004-03-31
3120,596141,4,2004-11-20
3120,1310382,4,2005-01-03
3120,1984315,4,2005-03-28
3120,409068,3,2005-04-19
3120,208166,5,2005-05-02
3120,523957,5,2005-05-04
3120,435841,5,2005-09-16
3120,2402173,4,2002-06-06
3120,1116903,4,2004-02-12
3120,511883,3,2004-10-15
3120,901720,4,2004-01-19
3120,1947378,5,2003-06-09
3120,1738173,4,2004-10-04
3120,1970694,5,2004-11-15
3120,1566234,5,2004-12-09
3120,2559537,1,2005-01-19
3120,917018,4,2002-05-21
3120,184765,3,2004-09-12
3120,1725515,5,2003-10-26
3120,2426371,3,2004-07-13
3120,1539849,4,2005-08-18
3120,647979,4,2004-02-10
3120,2483900,5,2004-07-22
3120,1430585,5,2004-10-04
3120,1098752,4,2004-12-18
3120,2331780,4,2005-02-16
3120,1410469,3,2005-02-21
3120,1214181,4,2005-03-01
3120,66490,3,2005-03-29
3120,1119614,4,2005-04-04
3120,2564518,5,2005-05-06
3120,1927915,2,2005-06-20
3120,2102846,2,2005-09-18
3120,2444096,4,2005-10-10
3120,1877868,4,2002-06-09
3120,982694,5,2003-04-11
3120,2435449,1,2002-08-15
3120,1036997,5,2004-02-05
3120,1795079,5,2004-10-08
3120,1667778,5,2005-01-04
3120,1971697,4,2005-02-11
3120,840775,3,2005-05-31
3120,1342575,3,2005-06-01
3120,1141112,4,2005-06-16
3120,2472822,4,2005-09-20
3120,182677,3,2005-12-02
3120,229271,4,2005-12-15
3120,479353,4,2003-08-10
3120,1343991,1,2005-08-09
3120,184273,4,2003-03-03
3120,315388,5,2003-09-15
3120,2475317,4,2004-07-07
3120,977644,4,2004-11-02
3120,480923,4,2005-01-04
3120,1299887,4,2005-02-10
3120,234507,4,2005-03-15
3120,1664393,3,2005-03-18
3120,625056,5,2005-03-22
3120,1217897,4,2005-11-13
3120,2519816,4,2005-12-07
3120,380149,5,2004-08-06
3120,2580388,5,2005-08-04
3120,794636,5,2002-12-28
3120,1788335,3,2004-03-29
3120,1890409,3,2005-08-22
3120,1611412,5,2004-05-14
3120,1012955,5,2004-10-08
3120,1562614,3,2004-10-11
3120,2339544,5,2004-11-01
3120,1955132,5,2005-01-05
3120,1402120,4,2005-02-07
3120,1132450,5,2005-09-20
3120,64743,3,2003-05-20
3120,1018487,2,2003-07-08
3120,16272,3,2002-08-18
3120,1242653,5,2004-08-25
3120,1664529,4,2003-06-12
3120,2130069,4,2005-08-30
3120,60617,5,2004-04-14
3120,2367964,4,2004-12-28
3120,621421,4,2005-03-21
3120,305902,4,2005-12-21
3120,1897159,3,2003-09-11
3120,1496958,4,2003-04-23
3120,1394962,3,2003-02-12
3120,50888,4,2004-08-17
3120,88370,2,2004-06-02
3120,60973,5,2004-01-25
3120,2613112,3,2003-09-09
3120,762240,4,2003-09-17
3120,2527740,4,2003-11-28
3120,1141658,4,2004-10-06
3120,2418086,4,2004-12-06
3120,2501778,4,2005-05-11
3120,1291628,5,2005-05-28
3120,1877116,5,2005-11-15
3120,2326044,3,2005-11-16
3120,1955297,5,2002-11-15
3120,54870,4,2002-11-20
3120,308307,4,2003-07-10
3120,1758249,4,2005-08-03
3120,1631951,5,2005-08-06
3120,238048,3,2003-10-24
3120,2235457,3,2003-03-28
3120,1662118,3,2004-01-19
3120,1504451,4,2004-01-23
3120,2436885,5,2004-03-26
3120,1605005,3,2004-06-26
3120,904842,1,2004-12-22
3120,343549,4,2005-03-09
3120,729150,4,2005-06-07
3120,760580,4,2004-12-04
3120,2465085,5,2002-05-09
3120,876288,5,2005-08-17
3120,1623432,3,2004-12-18
3120,1035326,4,2005-01-19
3120,2013297,4,2005-06-15
3120,2023830,2,2005-09-20
3120,709989,4,2005-09-27
3120,2120724,5,2005-10-17
3120,1602112,3,2005-07-25
3120,2028530,5,2004-06-06
3120,1107274,5,2004-10-12
3120,1902305,4,2004-10-13
3120,1497309,3,2004-11-26
3120,1724242,4,2005-01-10
3120,2481849,3,2005-05-06
3120,1104400,3,2005-05-25
3120,447162,3,2005-05-23
3120,2432559,3,2005-11-17
3120,1136428,3,2002-04-16
3120,358117,5,2002-10-05
3120,62771,4,2005-08-12
3120,204969,5,2005-08-16
3120,241116,3,2005-08-23
3120,2572311,3,2004-04-25
3120,34413,3,2004-08-30
3120,1765003,3,2004-11-02
3120,1462330,4,2004-11-13
3120,208866,4,2005-01-23
3120,1338171,4,2005-02-21
3120,538735,5,2005-03-08
3120,1521796,5,2005-10-04
3120,1777163,4,2004-08-19
3120,2509631,4,2002-04-17
3120,872882,4,2004-06-30
3120,638564,3,2004-11-27
3120,2091140,4,2003-06-25
3120,487236,4,2004-07-07
3120,2296929,4,2005-04-13
3120,1774623,4,2002-12-15
3120,305344,1,2003-08-23
3120,1468606,3,2003-11-28
3120,958634,4,2004-04-09
3120,1596727,5,2004-12-30
3120,849295,4,2005-04-06
3120,644905,4,2005-04-18
3120,1279398,4,2005-07-15
3120,66340,3,2004-01-26
3120,2561682,5,2002-01-01
3120,2360906,4,2004-05-26
3120,1351796,4,2004-01-28
3120,1260100,4,2003-12-04
3120,411433,5,2004-05-11
3120,1534444,3,2004-08-10
3120,1470113,4,2004-05-10
3120,800928,3,2004-07-09
3120,1251054,3,2004-08-05
3120,1963773,4,2004-09-28
3120,2097496,4,2005-03-04
3120,1409829,3,2005-03-08
3120,1261931,3,2005-03-14
3120,777550,5,2005-03-28
3120,1359640,5,2005-04-01
3120,910032,4,2005-05-28
3120,219293,3,2005-11-23
3120,576204,5,2005-12-13
3120,2048620,3,2001-06-14
3120,2511644,3,2003-08-19
3120,801879,4,2003-11-19
3120,259384,4,2003-11-02
3120,772124,5,2003-12-11
3120,2104114,3,2003-07-03
3120,2056875,5,2004-06-14
3120,570842,4,2004-07-26
3120,1118424,2,2004-07-29
3120,596799,4,2005-02-12
3120,2033181,5,2005-04-08
3120,1553119,3,2005-06-21
3120,2546912,4,2005-12-17
3120,2567736,3,2003-11-19
3120,1880556,5,2004-08-22
3120,651942,5,2002-01-28
3120,128464,3,2003-05-31
3120,1792401,4,2005-07-29
3120,2035291,3,2004-02-16
3120,1629886,4,2003-04-23
3120,1875203,3,2005-08-13
3120,1048735,4,2003-11-24
3120,831301,4,2005-08-15
3120,1085967,1,2005-08-17
3120,881304,5,2003-02-26
3120,1866859,3,2004-01-27
3120,1002027,4,2004-08-02
3120,1391279,5,2004-04-13
3120,2115337,4,2004-01-29
3120,2276790,3,2004-01-28
3120,492111,4,2004-08-23
3120,2409280,4,2004-09-24
3120,1796326,3,2004-10-13
3120,76716,5,2002-11-22
3120,1054657,4,2004-08-31
3120,691226,5,2004-02-05
3120,366688,5,2002-04-02
3120,381941,4,2004-01-29
3120,2217027,4,2004-01-29
3120,1140367,5,2004-08-30
3120,2517993,5,2004-10-10
3120,1461464,3,2005-04-10
3120,308820,2,2005-05-03
3120,193240,3,2005-10-25
3120,2147527,3,2005-12-09
3120,1763740,3,2003-03-26
3120,558543,3,2004-08-30
3120,1373824,5,2003-04-16
3120,1657966,4,2003-07-16
3120,1894721,4,2004-01-07
3120,1757773,5,2004-06-24
3120,675451,5,2004-06-21
3120,1394031,5,2004-10-21
3120,357448,5,2004-11-04
3120,731025,5,2004-11-12
3120,2631950,4,2005-01-13
3120,1799922,4,2005-03-28
3120,1179388,5,2005-04-01
3120,26762,4,2005-05-05
3120,1071786,4,2005-05-15
3120,2509082,4,2005-06-21
3120,889291,5,2005-09-15
3120,1224064,4,2005-07-13
3120,364867,5,2004-05-07
3120,1395781,4,2003-10-20
3120,2633019,4,2004-01-06
3120,76369,5,2005-08-02
3120,2059696,5,2003-03-20
3120,1763802,1,2005-08-05
3120,2354722,4,2002-11-06
3120,256278,3,2003-09-24
3120,63971,3,2003-09-23
3120,2462617,3,2005-08-31
3120,1117871,2,2004-05-10
3120,1798965,4,2004-03-22
3120,1986227,4,2004-05-16
3120,2296190,5,2004-07-04
3120,1322420,4,2004-10-29
3120,803460,5,2005-01-04
3120,603358,4,2005-02-17
3120,58378,3,2005-03-08
3120,364664,4,2005-12-14
3120,161013,4,2003-11-29
3120,1250364,5,2002-05-07
3120,2530048,4,2003-11-29
3120,300030,2,2003-10-20
3120,1412432,5,2003-05-14
3120,1791615,5,2003-08-11
3120,2020963,4,2003-07-13
3120,1700131,4,2004-08-09
3120,2328880,4,2005-01-03
3120,755194,4,2005-02-03
3120,340890,4,2005-02-04
3120,137546,4,2005-03-05
3120,946691,3,2005-04-29
3120,649457,5,2002-03-28
3120,351002,4,2002-09-01
3120,2533261,3,2004-05-18
3120,1180278,3,2004-10-10
3120,2422270,4,2005-01-20
3120,1252466,4,2005-02-22
3120,1626925,4,2005-04-05
3120,914070,5,2005-10-17
3120,2150746,4,2005-12-19
3120,99007,4,2005-12-20
3120,1883016,4,2002-04-26
3120,269827,3,2004-04-04
3120,26101,4,2004-02-17
3120,1477365,3,2003-01-25
3120,1400325,5,2002-12-30
3120,2111271,4,2004-09-11
3120,1845249,4,2003-09-09
3120,2635015,4,2004-02-23
3120,655601,4,2004-10-14
3120,355078,3,2004-11-18
3120,1538522,4,2005-06-12
3120,2412920,3,2005-10-04
3120,1768181,5,2005-07-14
3120,1444287,4,2002-02-20
3120,1217672,5,2004-04-23
3120,601392,3,2004-10-08
3120,258760,4,2004-10-12
3120,1240277,4,2004-12-27
3120,2016653,5,2005-03-15
3120,1327822,3,2005-03-05
3120,2438229,4,2005-03-14
3120,1392972,5,2005-04-13
3120,1764595,5,2005-04-29
3120,528413,3,2005-06-07
3120,684708,5,2005-06-16
3120,5980,3,2005-09-29
3120,1161691,3,2005-11-23
3120,2374610,5,2005-12-11
3120,1444062,2,2005-12-19
3120,1539119,4,2003-12-11
3120,278718,5,2002-10-29
3120,1797565,3,2002-07-09
3120,223145,3,2003-12-26
3120,1082029,3,2004-07-06
3120,26090,4,2004-06-03
3120,1693627,1,2004-03-19
3120,1979820,5,2004-09-15
3120,2114885,5,2005-01-05
3120,1353240,3,2005-02-11
3120,140565,4,2003-04-07
3120,2521297,4,2002-12-19
3120,1861484,5,2003-04-28
3120,1731974,3,2002-08-25
3120,2048197,5,2004-06-24
3120,931384,2,2003-12-24
3120,477422,4,2004-01-26
3120,1315604,4,2004-07-25
3120,1623047,5,2004-07-21
3120,2529897,3,2005-05-15
3120,2386085,4,2005-06-01
3120,1924725,5,2005-06-06
3120,2567276,5,2005-06-13
3120,1189371,5,2004-07-14
3120,603575,4,2003-11-04
3120,575114,5,2004-04-18
3120,3461,4,2004-02-05
3120,159159,5,2004-01-27
3120,1138562,5,2004-08-26
3120,2012618,5,2004-03-30
3120,1430847,5,2004-10-15
3120,2003982,3,2005-04-13
3120,537232,5,2005-07-19
3120,2260008,3,2005-07-31
3120,956295,4,2004-03-08
3120,1675680,5,2003-10-15
3120,2282751,5,2003-11-25
3120,2506579,3,2004-05-14
3120,186980,5,2004-06-30
3120,2064024,4,2004-07-24
3120,2352564,5,2004-11-29
3120,2565829,3,2004-12-12
3120,2179375,4,2005-02-05
3120,998628,3,2005-04-20
3120,2396314,5,2005-04-24
3120,675057,5,2005-04-26
3120,1762296,3,2005-08-19
3120,600724,5,2005-08-23
3120,853459,4,2004-07-26
3120,2516636,3,2004-09-28
3120,443353,1,2005-03-28
3120,1960798,3,2005-05-23
3120,958384,5,2005-06-09
3120,1735031,4,2005-06-20
3120,517454,3,2005-07-08
3120,1548016,4,2005-07-30
3120,861322,5,2003-12-08
3120,513525,5,2004-01-22
3120,1781211,5,2004-06-07
3120,909271,4,2004-10-08
3120,1431356,5,2005-02-28
3120,2509594,3,2005-09-15
3120,618908,4,2005-10-14
3120,977471,4,2005-11-03
3120,1934002,4,2005-12-10
3120,75358,5,2005-07-05
3120,2557152,5,2005-07-15
3120,599887,4,2003-05-22
3120,1448222,4,2004-08-14
3120,1588467,2,2005-08-09
3120,1726274,4,2003-01-25
3120,798333,4,2003-07-03
3120,2052289,3,2003-12-03
3120,1458015,4,2003-12-29
3120,2153590,5,2004-04-15
3120,240232,5,2004-11-10
3120,1431104,5,2004-12-06
3120,2030201,3,2004-12-29
3120,2177704,5,2005-02-28
3120,429701,4,2005-03-01
3120,2076903,5,2005-06-03
3120,1996860,4,2005-06-27
3120,1950207,5,2005-07-05
3120,1202962,5,2003-03-27
3120,1391691,5,2004-08-10
3120,1969751,5,2003-04-07
3120,851144,3,2004-03-29
3120,964001,4,2005-08-04
3120,537750,3,2003-01-14
3120,117217,2,2003-12-09
3120,577616,4,2004-07-08
3120,1044492,4,2005-08-22
3120,2117240,4,2004-05-13
3120,2348266,5,2004-07-03
3120,2056909,5,2004-06-05
3120,956939,5,2004-11-29
3120,2460338,4,2005-01-04
3120,588658,5,2005-05-27
3120,1786740,5,2005-10-03
3120,1580032,5,2005-11-25
3120,339252,2,2005-12-31
3120,1253337,4,2004-05-10
3120,1661014,4,2005-07-21
3120,1188440,4,2004-01-20
3120,763240,5,2005-08-03
3120,530532,4,2005-08-17
3120,1741802,5,2004-05-12
3120,1423421,4,2003-09-09
3120,224858,3,2003-12-15
3120,1476797,5,2004-06-24
3120,74410,4,2004-10-06
3120,595549,4,2004-11-30
3120,2432554,4,2005-10-04
3120,1413792,5,2005-12-16
3120,805207,4,2002-11-24
3120,201114,4,2003-12-29
3120,1831890,5,2003-12-12
3120,789403,4,2005-08-19
3120,915968,4,2005-09-06
3120,161062,3,2004-05-30
3120,135296,4,2004-06-21
3120,164534,4,2004-10-15
3120,177239,1,2004-12-13
3120,105802,3,2005-03-10
3120,312527,5,2005-05-22
3120,1836600,3,2005-11-15
3120,1175430,4,2002-08-03
3120,2255880,3,2003-12-09
3120,606497,3,2005-08-16
3120,2368790,3,2003-11-07
3120,188190,4,2004-07-05
3120,552631,5,2004-09-02
3120,1827531,5,2004-06-07
3120,445962,5,2004-12-12
3120,325458,4,2005-02-02
3120,933552,3,2005-05-04
3120,1894488,5,2005-09-16
3120,690777,5,2005-10-06
3120,2634028,2,2005-10-24
3120,933707,2,2002-11-22
3120,170178,4,2004-02-02
3120,215558,4,2003-11-21
3120,2083245,5,2004-01-29
3120,929903,5,2003-11-12
3120,2510444,5,2004-03-31
3120,745471,4,2004-01-25
3120,1947430,2,2004-10-18
3120,425469,5,2005-01-31
3120,2629612,4,2005-02-26
3120,2267405,5,2005-04-03
3120,2583975,4,2005-08-31
3120,929756,3,2005-12-07
3120,676659,4,2004-01-21
3120,399772,4,2005-07-20
3120,739252,4,2003-05-28
3120,1958917,5,2003-01-14
3120,2439640,3,2003-01-25
3120,2056022,2,2005-08-12
3120,2394320,4,2003-10-27
3120,423206,3,2003-04-22
3120,1047834,4,2004-07-07
3120,1202818,1,2004-08-12
3120,2092369,5,2004-06-14
3120,2472682,4,2004-09-22
3120,603543,3,2004-12-01
3120,1330588,3,2004-12-14
3120,1742820,4,2005-01-23
3120,1000122,3,2005-02-16
3120,154481,5,2005-03-20
3120,915643,5,2005-03-31
3120,950079,4,2005-04-11
3120,326356,5,2005-05-07
3120,1523641,4,2005-05-08
3120,4597,3,2005-05-22
3120,239706,3,2005-09-12
3120,1623403,5,2005-12-16
3120,286009,5,2004-01-09
3120,652787,3,2002-11-13
3120,1118824,5,2004-06-14
3120,471654,5,2004-01-26
3120,682402,5,2004-09-13
3120,336645,4,2004-10-12
3120,1833771,5,2004-11-07
3120,1756258,5,2005-04-12
3120,624316,4,2005-05-18
3120,1725861,5,2005-06-16
3120,1667576,5,2005-10-31
3120,300819,5,2003-07-28
3120,817916,4,2003-02-12
3120,432012,3,2005-08-01
3120,2064995,5,2002-09-20
3120,2570432,5,2003-12-19
3120,1008039,5,2003-08-23
3120,2167088,4,2003-08-22
3120,41561,4,2004-02-11
3120,2425339,5,2004-09-12
3120,2002218,4,2004-09-22
3120,327575,4,2004-10-18
3120,114929,2,2005-02-07
3120,2093590,4,2005-04-02
3120,2461455,4,2005-05-08
3120,1665262,4,2005-10-06
3120,82663,4,2005-07-09
3120,1119336,3,2004-01-30
3120,982331,3,2005-08-09
3120,1997522,3,2003-10-22
3120,1792548,3,2003-05-21
3120,416384,5,2004-03-03
3120,1372641,5,2004-04-24
3120,975307,4,2005-09-06
3120,512598,4,2004-04-19
3120,2117432,3,2004-10-18
3120,968751,4,2004-11-29
3120,1474260,4,2004-12-31
3120,2264638,3,2005-01-10
3120,2488148,4,2005-03-24
3120,2113107,4,2005-05-27
3120,1814870,4,2005-05-13
3120,209585,3,2005-06-29
3120,994534,5,2005-10-02
3120,1127700,4,2004-08-09
3120,1182342,4,2004-03-08
3120,2371038,1,2005-08-09
3120,526543,3,2005-08-09
3120,1344263,4,2005-08-09
3120,198601,4,2005-08-11
3120,1625122,4,2005-08-12
3120,1722590,4,2003-03-19
3120,101214,5,2004-09-11
3120,337601,4,2005-08-29
3120,396324,4,2004-03-15
3120,119873,4,2004-07-31
3120,963409,3,2004-05-12
3120,1059108,3,2004-10-14
3120,1512863,4,2005-01-05
3120,1360508,5,2005-02-24
3120,2426088,1,2005-03-09
3120,2127868,5,2005-11-21
3120,2254502,2,2003-11-04
3120,2164457,2,2005-08-01
3120,1989976,2,2002-07-04
3120,2274460,5,2002-10-09
3120,447206,4,2003-03-31
3120,1757725,5,2003-12-21
3120,2645984,3,2004-01-01
3120,1837470,3,2004-04-21
3120,2450534,4,2004-06-18
3120,303087,5,2004-06-09
3120,1875549,4,2004-12-15
3120,1033603,5,2005-01-19
3120,474521,5,2005-03-10
3120,710747,5,2005-06-10
3120,1234255,3,2005-10-30
3120,1021411,4,2005-11-10
3120,2207798,3,2002-05-16
3120,2638144,4,2002-10-10
3120,1385316,5,2003-07-31
3120,2523488,5,2005-08-14
3120,712394,5,2004-05-19
3120,1140242,4,2004-05-23
3120,381512,4,2004-09-22
3120,1362141,4,2004-10-05
3120,1846462,4,2004-10-12
3120,714887,3,2004-11-24
3120,2545730,4,2004-12-17
3120,230265,4,2005-02-22
3120,1607713,5,2005-05-07
3120,445537,2,2005-06-08
3120,1556728,3,2005-06-24
3120,1879524,3,2005-12-17
3120,2622133,4,2004-05-18
3120,2500697,4,2002-04-15
3120,2236255,5,2002-12-28
3120,926397,5,2003-02-21
3120,409935,4,2005-08-19
3120,828344,3,2004-07-06
3120,1317231,3,2004-06-03
3120,761430,5,2004-10-28
3120,1406238,4,2004-11-11
3120,897788,4,2004-12-01
3120,2361408,4,2005-04-01
3120,2133714,1,2005-05-11
3120,2121720,4,2005-06-12
3120,366474,5,2005-06-14
3120,934230,5,2005-09-09
3120,2546392,4,2003-05-26
3120,1974130,4,2002-09-11
3120,1862504,3,2002-10-26
3120,771057,3,2005-08-08
3120,776513,5,2004-10-03
3120,2610630,5,2004-10-28
3120,1609172,4,2004-12-06
3120,1473687,3,2005-11-10
3120,1339313,4,2004-09-01
3120,424674,4,2004-02-25
3120,2570153,3,2003-03-14
3120,958186,3,2003-06-01
3120,11547,4,2004-06-03
3120,2608958,4,2004-03-21
3120,1851039,5,2004-09-22
3120,1849686,5,2004-10-16
3120,2204903,5,2005-02-10
3120,967872,4,2005-03-04
3120,1982449,4,2005-05-03
3120,907041,5,2005-05-17
3120,1662380,4,2005-11-07
3120,2118461,5,2005-12-15
3120,1348483,3,2005-12-19
3120,1253513,4,2005-12-23
3120,2217242,4,2002-06-13
3120,2537083,4,2003-06-07
3120,396747,3,2003-02-18
3120,2245480,4,2004-06-28
3120,1638460,4,2004-01-16
3120,1275089,4,2004-04-05
3120,1379440,4,2005-09-03
3120,2316845,5,2004-09-01
3120,200321,4,2004-07-04
3120,2292836,5,2004-04-14
3120,1484210,4,2004-11-29
3120,1798437,4,2005-03-10
3120,2260934,5,2005-07-01
3120,2168249,4,2005-09-26
3120,757386,2,2005-10-12
3120,723234,4,2005-11-28
3120,1337699,3,2002-08-19
3120,168523,2,2003-06-19
3120,1490775,4,2003-02-15
3120,862852,4,2003-09-07
3120,2520261,4,2004-07-17
3120,1973032,3,2004-07-07
3120,1425055,4,2004-11-10
3120,1253222,3,2004-11-13
3120,2555897,4,2005-02-06
3120,1335368,3,2005-05-24
3120,1990097,4,2005-05-24
3120,2572218,4,2005-06-19
3120,2183894,4,2005-06-22
3120,1250843,5,2005-11-03
3120,1100619,2,2005-07-15
3120,226909,4,2004-06-19
3120,387418,1,2003-10-22
3120,1644919,5,2003-01-14
3120,1388190,4,2005-08-25
3120,1161710,3,2004-11-08
3120,646098,3,2004-11-13
3120,368292,5,2005-03-04
3120,321519,4,2005-06-05
3120,2588755,4,2005-07-10
3120,907859,3,2005-07-19
3120,1988633,4,2003-05-29
3120,1988474,5,2003-02-28
3120,690754,5,2004-06-03
3120,2386469,5,2004-07-14
3120,146987,4,2004-07-19
3120,1215167,5,2004-01-22
3120,398239,3,2004-01-22
3120,473915,2,2004-04-18
3120,627870,4,2004-03-16
3120,1943182,3,2004-10-01
3120,1218545,4,2004-11-09
3120,181013,5,2005-01-04
3120,2450270,5,2005-02-26
3120,1422859,4,2005-03-03
3120,52191,4,2005-03-13
3120,1752619,4,2005-06-01
3120,381346,3,2005-10-04
3120,704266,5,2005-12-09
3120,1287727,2,2003-01-16
3120,803605,3,2003-06-23
3120,1029163,2,2002-07-02
3120,1744121,5,2005-07-28
3120,1405557,4,2003-08-26
3120,2192258,4,2003-09-25
3120,1407965,4,2002-07-30
3120,32412,4,2004-04-08
3120,192508,5,2003-03-30
3120,113416,2,2004-07-06
3120,1664927,4,2003-09-15
3120,1085201,4,2004-09-02
3120,234598,3,2004-03-30
3120,1301132,3,2004-06-21
3120,419731,2,2004-10-26
3120,2520933,3,2004-11-16
3120,607897,5,2004-11-17
3120,483182,5,2005-04-06
3120,2591224,5,2005-05-17
3120,1972191,3,2005-10-03
3120,2382189,4,2005-11-04
3120,470200,4,2003-05-30
3120,1109019,3,2004-04-12
3120,578415,5,2003-06-30
3120,2098449,3,2004-10-13
3120,762651,4,2005-03-17
3120,2084677,5,2005-11-03
3120,1930094,5,2004-08-10
3120,331430,4,2004-09-06
3120,617493,3,2003-07-01
3120,1278605,5,2004-02-16
3120,1237491,5,2005-08-20
3120,164942,4,2005-09-02
3120,1738116,4,2004-09-28
3120,724011,4,2004-12-14
3120,319529,4,2004-12-19
3120,623388,5,2004-12-22
3120,1112936,5,2005-01-09
3120,1951856,5,2005-05-19
3120,1776644,4,2005-05-19
3120,96794,5,2005-06-04
3120,1918794,3,2005-06-26
3120,1150705,1,2005-09-13
3120,849022,4,2005-09-15
3120,1134871,3,2005-11-23
3120,1854606,3,2003-06-17
3120,981733,4,2005-08-30
3120,2094081,4,2004-06-17
3120,40445,5,2004-08-13
3120,1834123,4,2005-03-16
3120,2489619,5,2005-03-18
3120,529928,4,2005-04-22
3120,97608,3,2005-05-05
3120,1868949,4,2005-05-23
3120,2468968,3,2005-06-10
3120,675633,5,2005-06-24
3120,133947,4,2004-08-02
3120,1493736,2,2003-04-02
3120,1160799,5,2004-02-14
3120,495174,5,2005-09-06
3120,2288057,4,2004-09-12
3120,2053181,5,2005-02-08
3120,2318506,5,2005-10-26
3120,475431,4,2005-11-16
3120,808468,4,2004-08-18
3120,216735,3,2005-07-11
3120,540807,4,2004-08-03
3120,2387950,5,2005-06-02
3120,412528,5,2005-08-13
3120,987574,5,2004-04-12
3120,1328902,5,2004-11-28
3120,235963,3,2005-02-22
3120,2442131,3,2005-06-29
3120,273741,4,2005-09-30
3120,1919419,3,2005-11-02
3120,277762,5,2004-06-26
3120,993729,4,2002-02-26
3120,1856085,4,2003-05-01
3120,1141083,4,2005-08-09
3120,1663888,5,2003-11-03
3120,1941042,1,2004-06-30
3120,2175787,4,2004-06-27
3120,1982279,5,2004-08-09
3120,1966687,4,2004-10-14
3120,1847346,4,2005-01-22
3120,1235952,4,2005-02-09
3120,343203,4,2005-02-16
3120,845528,4,2005-03-23
3120,1813598,5,2005-03-28
3120,1257028,3,2005-04-08
3120,2156368,3,2005-06-08
3120,738899,4,2005-09-02
3120,1065899,4,2002-02-05
3120,1972757,5,2004-05-19
3120,1450883,4,2004-12-14
3120,2542888,4,2004-04-09
3120,671903,5,2003-07-23
3120,779485,4,2005-09-08
3120,1254469,4,2003-11-19
3120,1984358,2,2003-10-29
3120,1600685,2,2003-12-03
3120,1467096,4,2005-01-31
3120,1352221,5,2005-04-04
3120,364238,5,2005-05-13
3120,2253616,3,2005-06-02
3120,827732,4,2004-07-22
3120,103684,5,2001-10-16
3120,282625,3,2003-12-03
3120,1777964,5,2002-11-15
3120,2055187,5,2004-09-14
3120,1058773,3,2004-09-02
3120,2193570,4,2004-10-29
3120,560599,5,2004-11-08
3120,1841888,4,2005-05-24
3120,1955833,4,2005-06-15
3120,1465940,4,2005-06-22
3120,976310,4,2004-02-07
3120,1057992,3,2003-02-13
3120,2222874,3,2002-08-01
3120,188962,4,2003-05-06
3120,1908311,4,2005-03-08
3120,1393293,3,2005-04-13
3120,2430064,3,2005-10-28
3120,2441343,3,2005-07-21
3120,2131794,5,2003-09-10
3120,1399249,4,2004-07-08
3120,2502834,4,2004-06-30
3120,642384,5,2004-01-31
3120,1512040,5,2004-09-29
3120,1806931,4,2004-10-22
3120,1150431,5,2004-10-26
3120,1558048,3,2005-03-12
3120,1496865,5,2005-03-19
3120,2095155,4,2005-06-13
3120,2184710,4,2005-12-06
3120,1892343,4,2003-11-23
3120,611830,2,2005-07-17
3120,1228106,4,2004-05-25
3120,490041,3,2005-08-01
3120,2006425,4,2003-01-14
3120,1608536,4,2004-03-16
3120,1021435,5,2004-06-15
3120,333843,4,2004-08-16
3120,551916,4,2004-04-13
3120,2007431,4,2005-09-14
3120,1329559,3,2005-09-27
3120,1823941,4,2005-12-16
3120,1972735,5,2004-08-31
3120,2111055,5,2003-02-14
3120,680068,5,2004-06-11
3120,1639792,1,2002-04-16
3120,1233297,3,2003-11-21
3120,101554,5,2002-06-09
3120,136682,5,2003-02-12
3120,2572475,1,2004-03-31
3120,2200717,5,2004-04-07
3120,251294,3,2004-04-08
3120,1360324,4,2004-08-08
3120,1279360,4,2004-12-20
3120,1770199,4,2005-05-18
3120,1085820,3,2005-05-08
3120,529543,5,2005-06-28
3120,1368378,4,2005-06-29
3120,75552,4,2005-09-30
3120,2055388,4,2005-07-06
3120,57633,4,2002-12-19
3120,814013,4,2003-01-25
3120,311122,3,2004-01-13
3120,2096602,4,2003-01-16
3120,454905,2,2003-05-27
3120,2095666,5,2004-05-19
3120,327805,4,2004-07-12
3120,1141211,4,2004-05-30
3120,2583029,4,2004-08-20
3120,1885207,5,2004-09-25
3120,790471,4,2003-11-13
3120,1223313,5,2003-05-23
3120,817878,3,2003-04-21
3120,1941025,5,2003-01-21
3120,1320605,5,2005-08-18
3120,1185354,3,2003-12-09
3120,2530235,4,2003-10-07
3120,1370511,5,2004-08-23
3120,2185057,4,2004-02-06
3120,576942,4,2004-05-13
3120,2547124,5,2004-02-18
3120,1045151,5,2004-06-06
3120,1776577,3,2004-06-07
3120,1713211,4,2004-12-07
3120,2143500,4,2004-12-16
3120,1365384,4,2005-01-20
3120,1984184,4,2005-01-29
3120,570410,5,2005-02-09
3120,1508797,5,2005-05-31
3120,136160,4,2005-06-13
3120,538723,5,2005-09-16
3120,576054,4,2005-10-14
3120,1023470,4,2003-02-14
3120,1797765,4,2005-08-03
3120,755424,4,2003-04-26
3120,1656912,4,2004-08-24
3120,726756,3,2003-07-08
3120,2295960,5,2004-06-21
3120,1167767,5,2003-11-15
3120,2362093,4,2004-02-09
3120,2516192,5,2004-03-03
3120,2385789,5,2004-06-14
3120,2150689,5,2004-08-09
3120,2264847,4,2005-02-23
3120,55685,5,2005-05-12
3120,722541,4,2005-06-06
3120,2198123,1,2005-06-13
3120,2065698,4,2005-11-21
3120,2043374,5,2005-12-01
3120,2440454,3,2005-12-08
3120,1970183,4,2002-05-13
3120,815211,4,2005-07-22
3120,1605039,5,2004-03-16
3120,2590625,4,2005-08-04
3120,126058,2,2004-02-20
3120,2430241,4,2003-04-29
3120,2536048,4,2005-08-31
3120,405133,5,2003-10-03
3120,1963140,5,2004-07-01
3120,2060327,4,2004-06-02
3120,2268409,4,2004-08-18
3120,1794935,5,2004-10-12
3120,1375551,5,2004-12-13
3120,1652073,4,2004-12-20
3120,1851268,1,2005-01-11
3120,2302876,4,2005-02-07
3120,1325506,4,2005-03-20
3120,1044649,5,2005-05-16
3120,2293432,3,2005-11-01
3120,2382591,4,2003-01-08
3120,1742724,5,2004-01-29
3120,1066231,3,2003-12-26
3120,839532,2,2004-05-24
3120,363609,5,2004-10-09
3120,1361614,4,2005-01-10
3120,312766,5,2005-06-10
3120,1334851,4,2005-06-25
3120,1648992,3,2005-09-28
3120,152858,3,2003-07-20
3120,1662770,4,2003-06-06
3120,2291746,4,2003-01-11
3120,1533860,3,2004-05-29
3120,1436065,4,2003-12-14
3120,114135,4,2003-01-09
3120,2219092,3,2004-04-20
3120,1692974,3,2004-01-29
3120,524543,4,2004-10-12
3120,1714877,5,2004-11-05
3120,875209,2,2004-12-11
3120,1099749,5,2004-12-30
3120,2125956,5,2005-01-23
3120,2646634,5,2005-03-17
3120,2467735,4,2005-05-06
3120,1813059,5,2005-06-03
3120,760943,4,2005-11-12
3120,1525141,5,2002-06-20
3120,721780,4,2003-01-26
3120,544804,3,2005-08-17
3120,2358238,5,2003-08-14
3120,1296893,5,2004-01-01
3120,1176777,4,2004-09-26
3120,772439,3,2004-11-07
3120,1112365,1,2004-11-11
3120,1707198,3,2005-01-03
3120,2192745,2,2005-09-22
3120,99639,5,2005-10-04
3120,2509087,3,2005-10-10
3120,918028,4,2004-03-05
3120,1062973,4,2005-10-11
3120,180278,3,2005-05-18
3120,2128740,5,2003-04-02
3120,246077,3,2005-08-17
3120,605110,5,2004-04-07
3120,2106840,4,2003-09-25
3120,1126571,4,2003-10-31
3120,1580097,5,2005-01-19
3120,540603,4,2005-02-18
3120,791523,5,2005-03-22
3120,1487347,4,2005-05-14
3120,1280423,4,2005-07-01
3120,440294,3,2005-06-29
3120,1850607,2,2005-10-17
3120,1683292,2,2005-12-06
3120,1606382,3,2005-12-19
3120,1056504,4,2005-07-09
3120,1727008,4,2003-09-17
3120,833829,4,2003-07-07
3120,316155,3,2004-01-18
3120,2522435,4,2005-08-08
3120,1810042,5,2003-12-05
3120,451871,4,2003-01-18
3120,548572,5,2005-08-15
3120,1999218,5,2004-12-05
3120,1543132,5,2005-09-02
3120,1858687,5,2005-09-28
3120,102079,5,2005-12-27
3120,964662,4,2004-06-23
3120,2048446,4,2005-07-26
3120,1748563,2,2003-11-05
3120,247120,4,2003-11-05
3120,629062,4,2004-01-13
3120,1753560,4,2004-09-14
3120,1132315,4,2004-04-20
3120,224933,4,2004-01-27
3120,920615,5,2004-12-16
3120,1727812,4,2005-03-01
3120,1144719,4,2005-06-03
3120,1696726,2,2005-06-07
3120,912632,5,2005-10-26
3120,485811,3,2005-12-31
3120,590275,4,2004-12-04
3120,1070187,4,2004-03-16
3120,1597569,5,2002-03-27
3120,1601563,3,2004-08-11
3120,998271,1,2004-07-12
3120,827315,5,2004-11-23
3120,886536,5,2005-02-16
3120,435127,4,2005-02-27
3120,1388038,4,2005-04-19
3120,2116481,5,2005-06-07
3120,1578366,3,2005-06-17
3120,2109742,5,2003-09-30
3120,657031,3,2004-06-25
3120,1076696,4,2004-03-09
3120,1470542,3,2005-08-19
3120,1884840,3,2003-12-09
3120,1776016,4,2004-03-15
3120,197438,4,2004-05-15
3120,1911845,4,2004-12-03
3120,1143504,4,2005-04-20
3120,2549657,5,2005-11-09
3120,2035961,5,2003-06-16
3120,693397,4,2004-06-01
3120,1819649,5,2003-08-13
3120,785431,4,2004-09-24
3120,1821564,5,2004-11-07
3120,125206,3,2005-02-28
3120,271854,3,2005-10-06
3120,2076482,3,2005-11-02
3120,2377201,4,2005-11-10
3120,100213,4,2005-07-26
3120,981658,4,2004-04-22
3120,2041188,5,2003-02-24
3120,2579444,5,2004-05-27
3120,293417,4,2004-03-30
3120,256764,4,2004-12-22
3120,539208,2,2003-06-04
3120,1918331,5,2004-07-20
3120,1546617,5,2003-01-03
3120,1409285,3,2003-10-31
3120,2538458,2,2004-06-07
3120,2237988,5,2004-10-01
3120,947788,3,2004-11-23
3120,2212285,5,2005-04-20
3120,1397841,4,2005-07-09
3120,707528,1,2004-06-01
3120,2062455,4,2003-11-17
3120,2093219,4,2005-07-26
3120,2448838,5,2004-05-28
3120,2111672,3,2004-06-20
3120,1580282,5,2005-08-31
3120,1228217,4,2004-06-30
3120,292741,5,2004-09-20
3120,954717,3,2004-11-16
3120,2102605,5,2004-11-27
3120,1300759,5,2005-02-08
3120,1236995,3,2005-04-18
3120,1992341,5,2005-05-29
3120,946102,4,2005-05-02
3120,543889,3,2005-05-27
3120,1569202,3,2005-09-15
3120,2142405,4,2005-09-30
3120,17374,4,2005-12-14
3120,1961675,3,2004-02-05
3120,2082452,4,2005-07-20
3120,2195240,5,2002-06-16
3120,1219412,3,2004-08-30
3120,1910475,4,2004-04-20
3120,814829,4,2004-04-14
3120,324510,3,2005-01-03
3120,1704416,4,2005-03-03
3120,1603751,5,2005-12-07
