991,1735266,4,2003-09-06
991,1289059,3,2004-01-26
991,411147,4,2005-05-23
991,705603,4,2004-02-21
991,497196,3,2005-05-11
991,2625420,2,2004-05-13
991,643091,5,2005-04-20
991,1286604,4,2005-05-05
991,1650301,1,2005-06-19
991,2185640,4,2003-05-28
991,938911,5,2005-10-26
991,2027763,3,2005-07-29
991,2322468,3,2003-10-14
991,1222878,3,2005-09-09
991,1931966,4,2005-09-05
991,165383,5,2005-03-08
991,800513,4,2004-01-17
991,85856,4,2004-04-27
991,2180261,3,2005-07-07
991,1572469,3,2003-09-04
991,2318505,4,2004-05-29
991,1809272,4,2004-09-30
991,2595345,3,2003-07-12
991,1768010,3,2003-08-19
991,902532,4,2005-06-28
991,2584584,4,2003-12-03
991,357883,4,2003-10-15
991,482328,5,2005-08-18
991,70503,3,2003-08-28
991,920882,3,2004-01-05
991,2102346,2,2005-04-12
991,1433505,3,2004-01-22
991,2582726,5,2004-07-18
991,1751266,4,2004-09-27
991,1907148,4,2005-06-24
991,61989,5,2005-09-11
991,2563665,4,2005-03-25
991,1784150,4,2005-04-28
991,1294855,3,2004-02-10
991,1857997,4,2004-04-23
991,2085613,3,2004-01-13
991,2533024,4,2005-07-28
991,1254193,5,2003-10-21
991,2404756,5,2004-09-15
991,794819,3,2004-04-20
991,2171257,3,2004-04-28
991,1871251,4,2005-09-22
991,2303192,5,2004-01-21
991,2410757,4,2004-07-29
991,239108,4,2004-06-29
991,1657093,3,2005-02-15
991,2337382,5,2005-04-16
991,1763910,5,2004-10-23
991,1160505,4,2005-04-13
991,1258163,5,2005-05-03
991,1768970,4,2005-05-03
991,888317,2,2003-03-10
991,1053278,3,2004-11-24
991,1918957,4,2005-11-27
991,729556,3,2004-05-10
991,2414559,3,2004-03-19
991,1425332,3,2003-08-05
991,2077680,3,2004-04-25
991,1177547,5,2003-08-22
991,1314869,5,2004-06-21
991,2642389,5,2005-03-01
991,1137400,2,2005-12-17
991,2239074,4,2004-09-01
991,2111640,4,2004-12-19
991,928664,5,2004-02-10
991,1518145,3,2004-01-08
991,723938,5,2004-06-22
991,26295,4,2005-07-26
991,1046518,4,2005-04-22
991,2439493,1,2003-06-14
991,929476,4,2005-11-11
991,2479356,4,2004-06-17
991,394784,4,2004-09-20
991,1681118,4,2004-11-14
991,2269039,5,2005-01-21
991,630637,4,2005-06-10
991,692072,3,2004-04-13
991,1563935,1,2005-08-15
991,459448,1,2002-11-14
991,2066003,4,2004-01-16
991,1243277,4,2004-12-29
991,1078620,4,2005-03-25
991,131601,4,2004-12-28
991,1340936,5,2005-10-03
991,888564,2,2004-02-09
991,1658172,5,2003-08-01
991,139407,4,2004-10-21
991,1611477,5,2005-06-12
991,2367515,3,2004-07-08
991,433126,3,2005-08-15
991,410078,2,2004-06-04
991,2251317,3,2004-05-21
991,1887805,5,2005-05-25
991,2497159,3,2005-11-10
991,186732,4,2003-05-17
991,1847935,3,2004-07-06
991,1832101,5,2005-10-14
991,2626006,4,2004-12-03
991,2647713,5,2004-02-18
991,516146,5,2004-10-17
991,80914,5,2005-01-19
991,1914024,5,2005-09-06
991,888371,3,2005-07-11
991,851668,5,2003-09-24
991,769702,3,2005-02-26
991,369111,3,2005-09-22
991,1421208,5,2004-11-10
991,2223148,3,2005-09-12
991,982790,5,2005-10-29
991,471177,5,2004-03-09
991,1763459,4,2003-11-25
991,204177,3,2003-07-20
991,394926,5,2005-03-27
991,350262,4,2004-06-07
991,2129052,4,2005-05-11
991,1650181,4,2005-08-24
991,1329746,5,2003-09-30
991,1905560,4,2005-02-23
991,1724818,5,2004-06-01
991,220183,3,2004-10-11
991,246624,3,2005-03-14
991,1721994,3,2003-02-27
991,1131740,5,2003-03-08
991,1817251,3,2003-07-23
991,253789,4,2004-10-03
991,941661,4,2005-02-10
991,659150,5,2005-09-21
991,507603,1,2005-07-31
991,116977,5,2004-08-24
991,1306304,3,2003-09-22
991,149575,5,2004-09-12
991,902913,4,2005-04-16
991,2140827,5,2004-04-05
991,2456613,4,2004-03-09
991,1075759,3,2005-05-03
991,2608542,4,2005-10-31
991,2524668,4,2003-12-27
991,2574734,5,2004-07-30
991,1338501,4,2005-02-08
991,1738403,4,2005-07-22
991,1362788,4,2005-02-09
991,2521051,5,2005-10-28
991,964881,5,2003-11-11
991,2580679,5,2004-02-10
991,453891,3,2004-11-23
991,220849,5,2004-05-09
991,1302673,2,2005-04-07
991,1650580,4,2004-06-16
991,2135683,3,2004-09-08
991,477923,3,2005-09-02
991,719869,3,2005-12-05
991,2442218,3,2004-12-13
991,1628403,5,2005-06-12
991,1664010,5,2005-10-12
991,558142,5,2004-08-05
991,1731680,2,2004-02-09
991,1756495,5,2004-08-30
991,2510042,2,2005-01-08
991,1905364,4,2005-01-25
991,1418063,3,2005-07-06
991,2439115,4,2003-11-17
991,44620,5,2004-03-04
991,803610,2,2005-02-03
991,630964,4,2004-01-23
991,585251,4,2004-09-15
991,2595173,4,2005-11-25
991,1698085,5,2003-07-01
991,378066,4,2003-09-25
991,222767,4,2003-05-17
991,2463835,3,2005-09-04
991,1828822,4,2005-06-19
991,1224275,4,2004-09-24
991,1107263,3,2003-10-27
991,68979,3,2004-06-05
991,2644448,4,2003-01-18
991,2647389,5,2004-03-06
991,113952,4,2003-01-17
991,2216966,4,2005-08-29
991,2418053,4,2005-02-14
991,2414400,5,2003-08-09
991,1312448,3,2003-06-09
991,2545952,1,2004-01-29
991,533713,3,2004-05-27
991,1312631,3,2005-01-31
991,655385,5,2005-09-06
991,1579673,3,2005-04-27
991,2508906,5,2005-10-20
991,1399457,5,2005-07-15
991,1627581,2,2003-03-08
991,2490711,3,2004-06-18
991,2487809,3,2005-03-01
991,2462852,5,2005-06-04
991,1320770,2,2005-12-22
991,507498,3,2003-07-05
991,1772901,4,2003-11-17
991,2401413,5,2003-09-01
991,1608637,5,2004-10-18
991,1714909,3,2005-05-06
991,2266650,1,2005-04-25
991,2534061,2,2003-07-24
991,1857889,3,2003-11-25
991,1282728,5,2002-12-31
991,180392,3,2004-07-09
991,135477,4,2004-02-19
991,1181795,4,2005-08-21
991,1086152,2,2004-04-08
991,2606799,2,2005-01-31
991,2203182,3,2005-02-04
991,1708221,4,2005-06-07
991,2517734,3,2005-06-11
991,2574641,3,2004-06-29
991,749593,2,2003-07-26
991,1561705,3,2005-06-13
991,2511250,5,2004-01-18
991,2133849,3,2003-11-01
991,1988375,5,2004-12-31
991,870526,3,2003-03-21
991,459838,4,2004-12-11
991,798296,1,2003-02-13
991,1594098,5,2003-10-28
991,1903321,3,2005-09-28
991,1619179,3,2003-07-11
991,1686442,4,2004-11-01
991,453900,5,2004-07-29
991,226048,4,2004-10-12
991,789909,5,2005-09-29
991,1461242,4,2003-11-04
991,1777163,4,2004-10-18
991,1796588,5,2005-06-14
991,305344,1,2003-07-20
991,395853,2,2004-12-11
991,2169848,5,2005-11-29
991,1548841,5,2003-09-20
991,1710658,4,2005-12-01
991,1562632,5,2005-06-13
991,2619557,4,2005-04-19
991,1879189,5,2004-06-09
991,863875,5,2003-08-31
991,974697,4,2004-10-20
991,1043768,3,2005-02-24
991,1266312,2,2005-07-27
991,2389458,5,2005-05-19
991,1494268,4,2005-09-16
991,267818,5,2005-11-10
991,1631617,3,2004-07-19
991,1708366,5,2005-09-24
991,2610742,3,2002-12-01
991,427186,3,2004-06-09
991,1725021,5,2005-09-15
991,1346326,3,2004-08-31
991,1770666,3,2004-11-25
991,218926,5,2005-05-29
991,1902400,5,2005-07-02
991,660871,3,2005-10-21
991,1668365,4,2005-11-08
991,2049761,4,2004-10-27
991,2150598,4,2005-01-24
991,2474661,3,2005-11-29
991,752642,1,2002-12-06
991,1590926,2,2004-11-22
991,1848302,5,2005-06-22
991,395020,1,2004-03-31
991,2057220,2,2003-12-30
991,1444654,5,2004-08-25
991,2600739,2,2005-04-15
991,2030777,5,2004-07-11
991,2480001,1,2005-03-21
991,1613801,4,2005-02-18
991,1325077,4,2005-04-26
991,1051791,5,2003-11-25
991,1674834,4,2004-02-23
991,212887,4,2004-09-30
991,1213394,3,2005-03-04
991,1691171,3,2003-05-21
991,2192840,1,2005-07-03
991,1945163,5,2004-05-10
991,200098,2,2005-11-19
991,386915,3,2005-04-18
991,2118461,5,2005-10-24
991,1553376,3,2003-03-11
991,879967,4,2003-11-24
991,540484,1,2004-08-09
991,387418,1,2003-07-31
991,1024568,4,2003-08-23
991,1719096,4,2004-03-31
991,2101985,4,2004-08-05
991,2582694,2,2005-05-09
991,270702,5,2005-11-20
991,1614092,4,2004-01-09
991,1750697,3,2004-01-27
991,1942381,4,2003-10-07
991,1767925,2,2005-02-23
991,1089664,4,2003-10-21
991,2097488,1,2004-05-26
991,893014,4,2005-05-17
991,1396694,3,2005-07-16
991,108176,4,2003-09-24
991,784896,4,2004-03-16
991,1932594,1,2005-04-19
991,1426939,5,2005-10-26
991,1160597,4,2003-07-24
991,174530,3,2004-02-06
991,1497164,4,2003-05-29
991,1728127,4,2004-06-04
991,1620158,2,2005-02-11
991,1961167,3,2003-08-12
991,2490540,4,2003-09-09
991,1982279,3,2005-01-05
991,1065341,4,2003-09-16
991,461028,5,2005-07-14
991,1461435,1,2003-02-12
991,1678882,3,2004-03-12
991,1210088,4,2003-12-02
991,2446318,3,2003-07-28
991,892651,5,2004-09-20
991,1528081,5,2004-06-08
991,1586021,4,2004-10-03
991,1224357,3,2005-01-13
991,2489377,5,2005-03-16
991,350817,5,2004-09-09
991,1639792,1,2002-10-16
991,466669,5,2004-01-07
991,569082,5,2004-05-12
991,1879665,1,2004-09-21
991,313721,3,2004-10-09
991,533315,5,2005-07-06
991,2027131,3,2003-06-23
991,1200413,5,2003-04-08
991,1881160,4,2004-02-01
991,955514,4,2004-03-20
991,518137,4,2004-02-25
991,2154672,4,2004-03-23
991,1015611,3,2005-05-25
991,638962,5,2004-11-16
991,1100077,3,2005-12-04
991,2255608,5,2003-11-10
991,1878798,3,2004-12-25
991,711263,1,2002-12-20
991,2515051,5,2003-04-17
991,515436,1,2004-05-20
991,1811676,3,2004-09-28
991,301562,5,2003-05-13
991,1258123,5,2005-01-25
991,188613,3,2004-04-18
991,2408560,1,2005-09-11
991,361617,3,2003-08-14
991,2080535,4,2005-04-10
991,2615017,2,2003-11-22
991,594201,3,2004-01-26
991,977872,3,2003-09-03
991,2634967,1,2004-01-12
991,2021849,5,2004-11-23
991,340492,1,2004-09-09
991,119241,5,2005-06-14
