155,1359983,3,2005-07-15
155,1948839,3,2005-03-16
155,2581970,3,2005-04-15
155,180849,4,2005-04-27
155,640910,4,2005-05-16
155,2503691,4,2005-10-31
155,1116838,5,2005-11-09
155,819870,3,2005-05-24
155,16066,4,2005-06-01
155,1006665,4,2005-06-14
155,914508,3,2005-12-19
155,1977128,4,2005-09-05
155,2472537,2,2004-11-29
155,1669887,5,2005-10-06
155,1240080,3,2005-07-18
155,1816473,5,2005-07-25
155,2551641,3,2004-11-08
155,2524741,3,2005-03-05
155,2023962,3,2005-12-01
155,2637652,4,2004-11-04
155,1676009,4,2004-11-07
155,535268,4,2005-03-10
155,259713,4,2005-05-18
155,665030,3,2005-05-27
155,2010119,4,2005-09-26
155,360830,3,2005-10-05
155,1691201,3,2004-07-13
155,683427,3,2004-10-14
155,1496187,5,2005-01-08
155,1144568,3,2005-07-04
155,2320377,3,2005-11-22
155,1486253,3,2004-07-31
155,1080361,5,2005-03-09
155,986454,4,2005-03-21
155,749203,5,2005-10-12
155,1644680,4,2005-08-02
155,2298764,5,2004-10-18
155,2600558,4,2004-11-04
155,303948,5,2004-12-15
155,1432647,5,2005-01-26
155,2030523,5,2005-05-24
155,1709676,5,2004-10-16
155,327691,3,2005-04-18
155,1007259,3,2005-09-15
155,363711,4,2005-09-21
155,1198803,4,2005-11-12
155,1049398,5,2005-02-17
155,86365,5,2005-05-18
155,2048686,4,2005-09-13
155,994095,5,2005-10-23
155,1956662,4,2005-07-29
155,1027819,3,2004-09-14
155,962445,5,2004-05-21
155,464688,4,2004-09-24
155,1180412,5,2004-11-13
155,546506,4,2005-04-07
155,1605739,3,2005-12-20
155,710421,4,2005-04-14
155,2388205,3,2005-07-01
155,1409724,1,2005-11-22
155,1036139,4,2004-04-29
155,907739,4,2004-07-27
155,2093058,2,2005-05-01
155,1466320,3,2005-05-18
155,1928445,3,2005-06-22
155,766064,5,2005-06-28
155,2131676,3,2004-05-13
155,1491560,3,2004-05-13
155,1234517,5,2004-06-12
155,2109681,4,2005-03-01
155,2502038,3,2005-04-12
155,1402224,3,2005-07-11
155,1834450,4,2004-11-09
155,401047,3,2005-05-31
155,2575145,3,2005-10-20
155,2609333,3,2005-12-02
155,2589511,4,2005-07-23
155,1434636,3,2004-04-27
155,1784150,3,2005-04-18
155,1054626,2,2005-04-19
155,755439,5,2005-05-09
155,664209,4,2005-10-18
155,57183,3,2005-07-12
155,1457139,4,2004-06-08
155,2495584,4,2005-09-04
155,1503647,3,2004-07-21
155,140351,3,2005-01-07
155,1321004,5,2005-10-13
155,772283,4,2005-07-12
155,2242128,4,2005-04-01
155,569379,3,2005-04-29
155,467372,5,2005-09-19
155,2109584,1,2005-09-22
155,2125352,3,2005-10-26
155,2079367,3,2004-12-14
155,2643418,5,2005-10-18
155,1001129,3,2004-11-24
155,380354,5,2004-11-30
155,960499,5,2005-01-06
155,1859573,2,2005-01-25
155,2465236,4,2005-02-08
155,503235,3,2005-09-02
155,257294,4,2005-02-05
155,2647197,4,2005-02-18
155,2233782,3,2005-06-30
155,2598028,1,2005-09-08
155,104821,3,2005-12-04
155,1678698,4,2004-10-12
155,716874,4,2005-05-13
155,2138757,4,2005-09-20
155,2047145,4,2005-10-10
155,154765,3,2005-07-21
155,2257122,5,2005-08-31
155,436122,3,2004-05-22
155,2239984,5,2004-10-21
155,97095,3,2005-05-31
155,2129436,4,2005-06-28
155,2376624,4,2005-06-30
155,1750396,4,2005-11-18
155,2319621,3,2005-07-12
155,1249577,4,2004-05-16
155,2251582,2,2004-05-24
155,2604264,3,2005-08-29
155,912093,3,2004-10-07
155,1288714,1,2005-02-13
155,894921,3,2005-04-05
155,349572,2,2005-04-16
155,1620201,4,2005-12-12
155,727242,1,2004-07-14
155,2286589,5,2005-05-17
155,487949,4,2005-10-15
155,33430,3,2005-12-14
155,1315654,3,2005-01-10
155,1145126,4,2005-01-11
155,739759,4,2005-01-26
155,1709921,3,2005-07-04
155,1352219,4,2004-09-27
155,1371422,4,2005-06-09
155,1995942,5,2005-09-19
155,636634,4,2005-06-06
155,1944765,5,2005-10-11
155,711865,3,2005-01-11
155,2447861,5,2005-04-10
155,2035299,4,2005-09-24
155,1792741,3,2005-07-05
155,1399240,5,2005-03-01
155,1314869,1,2005-04-18
155,1267783,4,2005-09-05
155,1130133,3,2005-08-18
155,2582822,5,2005-03-20
155,73642,3,2005-04-20
155,1687310,4,2004-07-23
155,636262,1,2005-08-24
155,1273296,4,2005-03-21
155,126230,4,2005-04-14
155,2021377,4,2005-09-12
155,1121636,4,2005-09-26
155,1921706,3,2005-09-28
155,2174880,5,2005-07-05
155,2237185,4,2004-06-08
155,1664193,4,2004-12-17
155,1177875,3,2005-05-14
155,2009535,4,2005-10-25
155,1170204,5,2004-07-26
155,1819462,1,2005-04-22
155,592132,4,2005-10-13
155,2439493,1,2004-05-18
155,589633,5,2005-04-07
155,1302220,4,2005-04-12
155,530789,4,2005-07-04
155,1739296,3,2005-12-14
155,2519310,3,2005-07-28
155,726543,4,2005-04-17
155,2457153,4,2005-10-31
155,2015284,5,2005-11-05
155,147386,2,2005-08-29
155,638046,4,2004-11-29
155,1721770,5,2005-02-02
155,558942,4,2005-03-04
155,2636398,5,2005-04-16
155,2397204,4,2005-10-19
155,676587,4,2005-11-18
155,765640,4,2005-07-07
155,1452127,3,2005-08-23
155,1265459,3,2004-10-19
155,537515,3,2004-12-14
155,1253619,3,2005-03-13
155,1400999,4,2005-09-08
155,1105158,4,2005-12-12
155,2549238,2,2005-07-11
155,1885459,4,2004-08-02
155,2256454,3,2004-08-31
155,1410683,3,2004-10-18
155,557914,3,2004-10-22
155,238740,3,2004-11-30
155,258894,2,2005-01-25
155,782308,5,2005-02-28
155,2095748,4,2005-03-22
155,241634,3,2005-06-15
155,2609677,4,2005-12-16
155,2482738,5,2005-08-26
155,697331,4,2004-06-10
155,739307,3,2005-02-15
155,1430108,3,2005-03-16
155,290700,3,2005-06-15
155,1645216,3,2005-02-24
155,1452454,5,2005-04-25
155,927786,3,2005-05-18
155,924960,5,2005-09-12
155,791441,5,2005-11-14
155,798677,3,2005-01-04
155,925446,3,2005-03-12
155,2547219,3,2005-09-19
155,618789,3,2005-07-11
155,263291,3,2004-10-23
155,165247,5,2005-04-17
155,611926,3,2005-05-13
155,74320,3,2005-05-27
155,684876,5,2005-06-07
155,2589277,4,2005-07-30
155,1949287,4,2004-10-08
155,1058074,5,2005-01-30
155,1129687,4,2005-04-06
155,328212,3,2005-04-23
155,1869082,4,2005-06-10
155,759648,4,2005-06-15
155,1473980,2,2005-10-22
155,859380,3,2005-07-17
155,2040859,1,2004-11-23
155,1149558,4,2005-03-06
155,1771252,4,2005-06-21
155,651625,2,2005-10-24
155,763287,4,2005-12-11
155,48915,4,2005-07-06
155,514829,3,2005-03-01
155,2364377,2,2005-12-09
155,201663,4,2005-02-01
155,2401847,4,2005-02-03
155,1028463,5,2005-02-12
155,2055615,3,2005-06-18
155,1309119,3,2004-06-14
155,1317778,1,2005-04-15
155,151136,4,2005-09-25
155,1167144,3,2005-11-03
155,1980305,4,2005-11-09
155,30079,3,2005-11-21
155,1024961,4,2004-09-28
155,743633,4,2005-06-23
155,520286,3,2005-03-23
155,1172958,5,2005-10-10
155,1111556,3,2005-11-07
155,1087416,5,2004-07-23
155,2226008,3,2005-08-25
155,1725716,3,2005-01-07
155,2124555,4,2005-03-28
155,1227603,3,2005-05-25
155,447836,3,2005-06-05
155,1214752,3,2005-10-07
155,486883,3,2005-10-22
155,984474,4,2005-11-27
155,1225163,4,2004-12-29
155,2332009,5,2005-02-05
155,2548463,3,2005-02-18
155,1455396,4,2005-03-04
155,1648077,4,2005-05-23
155,1125150,3,2005-10-30
155,1552829,4,2005-12-22
155,167100,4,2005-11-20
155,769702,2,2005-02-06
155,434450,4,2005-03-21
155,1999176,2,2005-05-11
155,384188,4,2005-06-28
155,638020,2,2005-06-29
155,1832869,4,2005-10-02
155,1054239,3,2005-11-01
155,2198070,3,2005-12-24
155,1899162,4,2004-08-24
155,1060057,2,2005-02-16
155,676123,4,2005-05-04
155,1767933,4,2005-09-14
155,1817718,4,2005-12-05
155,105454,4,2005-08-12
155,1718124,3,2004-08-19
155,723135,5,2004-09-10
155,1483251,5,2005-11-06
155,2394481,5,2004-06-04
155,269733,4,2004-07-31
155,394895,4,2005-09-05
155,2442966,5,2005-04-18
155,1757328,3,2005-11-02
155,1207845,3,2005-11-25
155,595778,5,2004-05-12
155,271453,4,2004-07-14
155,1489224,4,2005-08-21
155,1806700,3,2004-11-03
155,1611056,2,2005-04-02
155,493441,3,2005-04-23
155,1178202,4,2005-11-18
155,1753825,3,2005-11-22
155,2145217,4,2005-12-19
155,193256,5,2004-06-29
155,2398923,1,2004-09-23
155,1437304,4,2005-09-19
155,2065164,4,2005-11-28
155,1036350,4,2005-07-06
155,2013527,3,2005-07-18
155,2427474,4,2004-10-19
155,1528418,4,2004-11-15
155,175445,4,2005-03-31
155,720196,4,2005-05-19
155,2163553,3,2004-05-26
155,1559883,4,2004-11-12
155,439793,1,2005-02-05
155,949256,4,2005-03-06
155,1230191,3,2005-05-03
155,166897,5,2005-10-17
155,2195549,3,2004-05-18
155,2252502,5,2004-11-13
155,812796,3,2005-01-27
155,420200,5,2005-02-04
155,669380,4,2005-04-26
155,1341337,2,2005-07-15
155,1932113,5,2005-02-03
155,118314,4,2005-05-24
155,2469575,5,2005-10-07
155,328372,3,2005-08-24
155,920852,4,2004-08-26
155,1807578,3,2004-10-17
155,1840489,4,2004-11-02
155,2029979,3,2005-01-20
155,910342,3,2005-06-15
155,2397061,3,2005-09-21
155,2217321,1,2005-01-03
155,2326863,4,2005-05-23
155,2628018,4,2005-05-24
155,1942640,3,2005-09-20
155,1125711,4,2005-12-01
155,1763979,3,2005-07-05
155,1040151,5,2005-04-09
155,2481258,3,2004-07-22
155,1734147,3,2004-11-29
155,1028716,3,2004-12-31
155,97893,3,2005-10-03
155,495542,1,2004-08-04
155,797951,4,2004-06-21
155,531080,5,2004-11-11
155,1004962,4,2004-11-13
155,852166,3,2005-01-10
155,680736,3,2005-05-29
155,936093,3,2005-06-23
155,1781198,4,2005-12-01
155,259431,4,2005-02-26
155,403674,3,2005-09-19
155,474631,3,2005-10-20
155,2368081,3,2005-12-05
155,2616615,4,2005-07-16
155,2260832,3,2005-08-10
155,2339734,5,2004-10-20
155,580231,3,2005-02-10
155,2552319,3,2005-04-03
155,320314,3,2005-05-09
155,581952,5,2005-10-23
155,913581,3,2005-12-12
155,1818059,5,2004-09-30
155,424620,4,2005-01-27
155,2354740,3,2005-06-01
155,2209212,4,2005-09-08
155,926220,5,2005-08-05
155,2078036,5,2005-02-09
155,324800,3,2005-10-17
155,1746378,4,2005-10-28
155,2141105,4,2005-07-11
155,2399842,4,2005-02-20
155,2408493,2,2005-08-29
155,1042938,3,2004-08-26
155,774398,4,2004-08-13
155,294212,5,2004-08-16
155,48281,3,2005-06-19
155,2114723,3,2005-10-04
155,2466211,5,2005-11-28
155,463897,4,2004-05-20
155,1795626,3,2005-08-13
155,1995099,3,2004-12-22
155,2552906,3,2004-12-28
155,1752740,4,2005-01-11
155,1679359,3,2005-11-27
155,385522,4,2004-06-03
155,2423733,4,2005-08-28
155,140516,4,2004-05-18
155,41920,3,2005-02-22
155,1664010,5,2005-10-12
155,2475644,3,2005-07-18
155,1018465,3,2004-09-01
155,1446909,3,2004-12-23
155,1203009,3,2005-02-24
155,1725374,4,2005-06-27
155,2471500,4,2005-07-11
155,1921015,2,2005-01-20
155,973821,5,2005-01-26
155,117032,4,2005-11-19
155,948447,4,2005-12-17
155,338194,3,2004-06-24
155,2573624,4,2005-09-08
155,458962,4,2004-11-22
155,1800701,3,2005-03-21
155,198808,3,2005-03-13
155,499257,1,2005-05-18
155,155115,3,2005-09-06
155,1105045,3,2005-09-19
155,470869,4,2005-11-11
155,345953,4,2005-11-20
155,475931,4,2005-12-07
155,1959760,5,2005-07-11
155,138232,4,2004-05-12
155,442,2,2005-05-20
155,48198,4,2005-06-10
155,862596,4,2005-09-15
155,1811688,5,2005-11-25
155,293648,5,2005-01-11
155,1091276,4,2005-03-09
155,2018908,3,2005-06-10
155,2297136,1,2005-09-27
155,378066,3,2004-06-08
155,2448303,4,2004-05-08
155,946380,3,2005-03-26
155,2101921,5,2005-05-05
155,1394012,3,2005-10-07
155,113843,4,2004-12-12
155,2053986,3,2005-04-20
155,1241893,5,2005-06-20
155,1142168,3,2005-06-22
155,1117550,3,2004-08-02
155,1187140,4,2004-12-20
155,1442036,5,2005-05-15
155,1222422,4,2005-10-14
155,1822377,3,2005-10-21
155,1786378,3,2005-12-13
155,1625085,4,2004-11-08
155,551984,3,2005-02-25
155,716761,3,2005-06-24
155,2246248,4,2005-11-06
155,1263669,5,2005-11-29
155,2371319,4,2005-07-11
155,1439261,3,2005-09-05
155,1193402,1,2004-12-21
155,1703083,5,2005-02-10
155,1157892,4,2005-03-15
155,1049142,5,2005-05-08
155,1949871,2,2005-02-27
155,679429,5,2005-04-03
155,1675183,1,2005-09-05
155,1053421,4,2005-10-25
155,1257921,3,2005-10-29
155,1796301,5,2005-07-16
155,1843307,3,2004-08-03
155,833785,5,2005-06-13
155,1905098,3,2005-10-23
155,555545,5,2005-11-03
155,2533861,4,2005-09-02
155,655385,3,2005-09-07
155,981753,4,2004-08-26
155,357226,3,2004-12-07
155,1574911,3,2005-02-08
155,1444057,4,2005-09-26
155,2198341,3,2005-10-09
155,243304,5,2005-12-01
155,120113,3,2005-12-14
155,1191455,4,2005-04-25
155,350415,5,2005-04-25
155,2389989,4,2005-05-12
155,1814941,3,2005-07-20
155,1273304,3,2004-05-01
155,2572000,3,2004-12-14
155,2555614,5,2005-03-04
155,2608144,4,2005-04-18
155,1626390,4,2005-07-01
155,2316963,4,2005-10-21
155,1945336,4,2004-05-21
155,2105689,3,2004-06-21
155,662124,5,2004-06-24
155,248904,3,2004-12-17
155,2595864,4,2004-12-29
155,1008085,4,2005-05-31
155,166041,4,2005-09-07
155,952063,4,2004-09-01
155,2408239,5,2004-12-27
155,2395077,3,2005-06-03
155,242425,1,2005-10-25
155,846687,4,2005-12-08
155,2378393,4,2005-07-14
155,2049319,4,2004-09-20
155,1123424,4,2005-02-14
155,2622843,4,2005-04-26
155,2147057,4,2005-06-29
155,2553867,3,2005-09-12
155,786982,5,2004-11-02
155,608234,3,2004-11-22
155,1973360,3,2005-01-09
155,2624306,3,2005-02-01
155,3321,3,2005-09-27
155,2019794,3,2005-07-05
155,1108377,4,2005-07-15
155,1054188,4,2005-07-24
155,1323985,4,2005-01-20
155,1349717,5,2005-06-10
155,2459215,4,2005-12-19
155,1669788,2,2005-09-07
155,393966,4,2004-06-14
155,2311031,3,2004-08-30
155,642349,3,2005-03-21
155,1748505,4,2005-10-05
155,1622407,3,2005-10-20
155,666611,5,2005-08-31
155,1933788,5,2005-09-06
155,230112,1,2004-08-26
155,2536114,3,2005-01-19
155,1939302,3,2005-03-23
155,974174,4,2005-05-16
155,2212895,4,2005-09-22
155,2186820,3,2005-11-29
155,1717746,3,2005-07-22
155,186728,3,2004-05-14
155,438340,4,2004-09-03
155,2328511,4,2004-06-05
155,2474804,5,2004-11-12
155,2449848,3,2005-11-15
155,169281,4,2004-09-02
155,1101486,3,2004-09-15
155,642314,3,2004-11-18
155,2457720,4,2005-06-17
155,1800459,4,2005-10-04
155,41033,5,2005-12-02
155,2607155,3,2004-06-01
155,748141,4,2005-04-06
155,1682587,4,2004-07-22
155,46784,2,2004-05-12
155,245405,5,2004-11-05
155,506241,4,2004-12-30
155,42601,3,2005-01-12
155,253275,4,2005-05-17
155,1374197,3,2005-06-10
155,1231605,3,2005-10-12
155,574834,3,2005-10-14
155,2606799,2,2005-02-02
155,1557557,3,2005-05-12
155,45392,5,2005-05-20
155,1884737,3,2005-10-06
155,408457,3,2004-08-11
155,554646,5,2004-10-15
155,1139063,4,2005-02-01
155,504981,3,2005-05-25
155,1231504,4,2005-11-07
155,1476102,4,2005-07-05
155,2151973,1,2005-07-09
155,2510262,2,2004-08-05
155,502305,3,2004-07-06
155,1558691,3,2005-01-09
155,2517977,3,2005-06-27
155,1401393,3,2005-09-27
155,331472,3,2005-10-14
155,1088391,3,2005-10-23
155,1024189,2,2005-11-15
155,1920765,3,2004-10-03
155,2422110,3,2004-10-25
155,2185896,5,2004-12-10
155,260442,5,2005-01-30
155,801981,3,2005-09-27
155,2375962,3,2005-09-27
155,39896,3,2005-12-12
155,1235037,5,2005-07-08
155,1270593,4,2004-07-18
155,153958,4,2004-12-12
155,716173,4,2004-12-30
155,455711,5,2005-05-11
155,796737,3,2004-07-21
155,491513,3,2004-07-10
155,683604,5,2005-01-05
155,142946,3,2005-02-22
155,157331,3,2005-11-04
155,2557924,3,2005-07-09
155,789014,3,2004-05-30
155,1569508,4,2005-08-16
155,1323156,3,2005-10-21
155,178579,4,2005-10-31
155,504620,2,2005-07-17
155,1715463,3,2005-09-06
155,1385728,3,2005-01-07
155,275282,3,2005-05-25
155,2251831,4,2005-10-11
155,1804579,5,2005-11-06
155,982098,2,2005-12-01
155,330032,4,2005-07-13
155,901801,3,2005-08-01
155,2444240,3,2005-08-20
155,2062136,5,2004-12-05
155,2129592,5,2005-09-30
155,1969240,4,2005-07-29
155,1962596,5,2004-09-09
155,2376801,3,2004-08-16
155,904842,4,2005-01-28
155,2327365,5,2005-02-06
155,1992205,4,2005-05-14
155,1899928,4,2005-06-27
155,2166543,3,2005-09-30
155,417746,5,2005-10-06
155,874421,4,2005-12-16
155,2641824,4,2004-07-27
155,319058,4,2004-08-11
155,1066481,3,2004-08-16
155,2352307,3,2004-09-17
155,2527942,4,2004-10-01
155,552737,3,2005-03-08
155,827666,4,2005-09-11
155,705787,4,2005-08-28
155,855365,2,2004-08-13
155,11043,4,2004-11-23
155,8440,5,2005-01-31
155,870097,4,2005-11-30
155,1670925,4,2005-07-11
155,90900,4,2005-07-13
155,1697771,5,2005-03-28
155,774693,5,2005-04-17
155,1173514,5,2005-05-18
155,1387099,5,2005-07-03
155,1805229,3,2005-10-02
155,262563,3,2005-11-29
155,2394682,4,2005-12-07
155,247446,3,2005-08-23
155,707367,4,2005-03-15
155,2225856,2,2005-09-12
155,964436,4,2005-10-17
155,2244527,2,2005-11-28
155,2538506,3,2005-07-26
155,305344,1,2004-04-26
155,82233,4,2004-10-16
155,1919156,5,2005-09-01
155,498716,5,2005-09-23
155,1694750,3,2005-08-04
155,1141203,5,2005-01-12
155,2077046,3,2005-04-01
155,2590895,4,2005-10-21
155,2210794,2,2005-10-31
155,675410,3,2005-12-07
155,2099446,4,2005-07-05
155,1978089,4,2005-09-01
155,1458759,3,2004-06-28
155,2226510,3,2004-12-06
155,1710658,3,2005-12-01
155,664232,3,2004-06-29
155,2420120,4,2005-04-28
155,888488,3,2005-06-28
155,254609,4,2005-07-03
155,1474279,5,2005-10-12
155,282654,3,2004-05-23
155,2037693,4,2004-07-26
155,1586463,4,2005-08-14
155,1720041,5,2005-09-06
155,53694,3,2004-08-16
155,2192308,4,2005-01-06
155,1144671,5,2005-01-30
155,869085,4,2005-06-13
155,2563498,5,2005-06-17
155,1065779,4,2005-06-24
155,2152492,1,2005-10-10
155,2288889,5,2005-10-23
155,478815,4,2005-07-21
155,1672239,3,2004-05-17
155,264988,5,2004-11-03
155,1428930,2,2004-12-29
155,2438832,3,2005-03-02
155,812195,4,2005-05-05
155,280167,4,2005-05-20
155,1263652,3,2005-05-29
155,874344,5,2005-09-27
155,477705,4,2005-07-12
155,1326474,2,2004-06-14
155,17227,3,2005-04-02
155,768876,4,2005-04-09
155,2129336,4,2005-05-08
155,981199,3,2005-09-26
155,1506186,3,2005-11-08
155,2516525,5,2004-09-10
155,1658662,4,2004-10-17
155,1250364,2,2004-11-08
155,116563,3,2005-03-12
155,2292959,4,2005-05-14
155,2075608,4,2005-09-12
155,699306,3,2005-09-26
155,1098639,4,2005-12-02
155,2135226,4,2004-12-21
155,1771716,3,2005-04-15
155,1459971,5,2005-06-09
155,1939988,1,2005-10-05
155,1549828,4,2005-10-11
155,1067761,4,2004-07-09
155,680334,4,2005-08-30
155,1551751,5,2005-05-16
155,1953636,3,2005-06-11
155,1996893,3,2005-11-03
155,657805,4,2004-07-02
155,1118148,5,2005-12-14
155,390912,5,2005-07-19
155,2039415,4,2004-04-23
155,1123618,3,2004-10-11
155,906574,5,2005-04-11
155,1692018,4,2005-04-15
155,2315012,5,2005-05-16
155,1065445,1,2005-06-15
155,353335,5,2005-10-14
155,1159518,3,2005-07-13
155,1627613,4,2004-07-01
155,2127063,3,2005-04-24
155,1244999,5,2005-08-22
155,501419,4,2004-09-07
155,360168,5,2004-11-16
155,868971,3,2004-12-06
155,970684,4,2005-04-04
155,76772,4,2005-09-09
155,350734,4,2005-11-20
155,2255251,3,2005-10-11
155,765527,4,2005-11-29
155,660871,3,2005-12-05
155,768911,4,2005-12-06
155,1692302,2,2005-08-29
155,2545618,3,2005-11-01
155,2224728,4,2004-06-24
155,834611,4,2005-06-29
155,1110164,3,2005-11-21
155,359261,5,2005-05-04
155,2597760,3,2005-06-21
155,310101,3,2005-09-07
155,2455281,3,2005-11-02
155,2113095,4,2005-07-10
155,92436,2,2005-09-29
155,1648539,5,2005-10-10
155,49355,1,2005-12-09
155,1641402,3,2005-07-17
155,2587909,3,2005-01-09
155,555528,4,2005-02-07
155,834004,5,2005-02-15
155,258226,3,2005-03-10
155,2218735,4,2005-04-06
155,2434527,2,2005-05-29
155,106505,4,2005-08-25
155,888125,4,2004-06-13
155,1812087,2,2005-04-07
155,1107588,3,2005-05-18
155,1259643,2,2005-06-03
155,2466899,4,2004-09-13
155,885386,4,2004-10-31
155,668165,3,2004-12-10
155,393704,3,2005-11-09
155,884689,4,2005-08-18
155,285668,3,2004-04-29
155,2237101,3,2004-11-29
155,1152249,3,2005-04-14
155,1324752,2,2005-09-11
155,730473,5,2005-11-21
155,2238663,3,2005-09-03
155,863644,2,2005-01-09
155,504051,2,2005-01-19
155,2056022,2,2005-06-20
155,1105067,3,2005-09-17
155,2031038,1,2005-11-08
155,1087457,4,2005-08-09
155,2575367,4,2005-02-19
155,2000237,5,2004-10-06
155,2456431,2,2005-01-10
155,679415,4,2005-09-25
155,1256045,4,2005-11-20
155,397815,3,2004-09-29
155,2076793,3,2004-12-21
155,2214772,3,2005-02-03
155,2002983,2,2005-09-07
155,567705,4,2005-09-12
155,1829853,5,2004-08-08
155,342936,3,2005-01-25
155,791692,4,2005-04-20
155,1743331,4,2005-04-25
155,837133,3,2005-05-13
155,1861482,2,2005-05-14
155,2556700,3,2005-06-16
155,944455,4,2005-06-22
155,1803311,5,2005-10-18
155,2574833,1,2005-11-19
155,782261,5,2004-09-23
155,453501,4,2005-06-21
155,1522795,4,2005-09-07
155,2577467,4,2005-07-11
155,162041,3,2005-07-19
155,783570,4,2005-05-02
155,536967,5,2005-09-09
155,1701725,3,2004-10-11
155,702403,4,2005-01-30
155,876661,4,2005-02-21
155,230265,2,2005-02-24
155,336578,5,2005-06-17
155,640174,5,2005-11-14
155,1037705,4,2005-11-17
155,670488,5,2005-12-10
155,1711351,5,2004-08-21
155,1084691,4,2004-11-01
155,1076511,3,2005-11-01
155,1973951,4,2005-11-06
155,721577,3,2005-10-07
155,1905270,3,2005-10-27
155,1806515,3,2005-08-20
155,1355523,3,2005-06-23
155,2118461,5,2005-10-23
155,2592591,5,2005-10-30
155,237286,2,2004-08-20
155,2092335,4,2005-08-22
155,703585,3,2004-05-12
155,1418521,3,2004-07-16
155,2157060,2,2005-04-13
155,2458372,4,2005-04-21
155,1669354,4,2005-10-17
155,719730,4,2005-12-11
155,2243611,5,2005-07-07
155,542848,5,2004-06-17
155,133435,4,2005-08-15
155,183855,4,2005-03-09
155,2013909,3,2005-03-11
155,1105686,5,2005-03-16
155,1584985,4,2005-04-18
155,387418,2,2004-04-21
155,8540,4,2005-09-04
155,263827,4,2005-07-01
155,754161,3,2005-10-24
155,1032407,5,2005-12-22
155,5575,3,2005-07-10
155,852257,3,2004-10-26
155,691808,4,2005-01-28
155,2087629,4,2005-03-08
155,1250802,4,2005-10-06
155,1011976,3,2004-10-27
155,114474,4,2004-12-20
155,429260,2,2005-01-24
155,1743431,4,2005-10-21
155,258627,3,2004-08-08
155,2487127,1,2004-09-26
155,2120912,4,2004-10-26
155,2066809,4,2005-01-01
155,370622,4,2005-09-09
155,594729,4,2005-11-22
155,2578580,3,2004-08-08
155,637515,3,2004-10-30
155,775436,4,2005-12-01
155,1906611,4,2005-12-01
155,1812904,4,2005-12-05
155,456518,5,2005-12-16
155,1932594,2,2004-07-26
155,2610420,4,2005-01-24
155,379261,3,2005-04-19
155,785992,3,2005-05-17
155,2583363,4,2005-11-14
155,158607,3,2004-07-28
155,1061195,5,2004-12-26
155,2466304,5,2005-06-06
155,1304045,3,2005-12-02
155,2120289,5,2005-12-10
155,1783814,3,2005-12-24
155,1732800,5,2005-07-20
155,696131,3,2004-06-16
155,1585476,2,2004-09-22
155,1918987,3,2004-10-17
155,162303,5,2005-08-05
155,2081903,3,2004-06-22
155,1859919,3,2004-07-04
155,283928,5,2004-07-02
155,1663888,3,2005-01-19
155,1990473,4,2005-09-03
155,1398256,3,2005-09-28
155,2429513,3,2004-07-05
155,1460132,3,2005-08-12
155,136808,5,2005-08-28
155,1559741,4,2004-05-17
155,1737974,3,2005-04-21
155,1461435,1,2005-05-05
155,1782687,3,2005-06-04
155,2493713,4,2005-06-11
155,2365398,2,2005-10-31
155,1401861,5,2005-07-25
155,874732,4,2004-07-27
155,472585,4,2005-03-14
155,2459866,2,2005-10-15
155,1547244,4,2005-11-27
155,1602153,4,2005-12-01
155,1048069,3,2004-09-29
155,685113,4,2004-10-20
155,1708823,4,2004-12-29
155,2311867,3,2005-09-26
155,207951,3,2005-10-09
155,103968,1,2005-07-14
155,776491,4,2004-05-17
155,1408280,5,2004-08-09
155,2291170,4,2005-02-28
155,393340,3,2005-03-15
155,418190,3,2005-06-25
155,2588222,3,2005-07-24
155,2416512,3,2005-08-12
155,1515355,3,2005-04-28
155,618847,4,2005-03-11
155,2143500,2,2004-12-14
155,1834394,4,2004-12-27
155,709905,3,2005-01-04
155,543526,3,2005-02-04
155,2385259,4,2005-04-29
155,1804811,4,2005-10-01
155,101342,4,2005-11-06
155,998236,3,2005-11-26
155,2227197,5,2005-07-13
155,1033930,3,2005-07-23
155,581885,4,2004-05-10
155,461227,5,2005-10-03
155,1526536,3,2005-07-21
155,1565978,3,2004-10-22
155,1813607,4,2005-05-12
155,2229994,4,2005-05-23
155,2374554,3,2004-07-14
155,1526309,4,2004-08-12
155,1338238,5,2005-02-14
155,765159,4,2005-03-31
155,1046809,5,2005-10-12
155,1557533,5,2005-11-01
155,1401294,4,2005-12-04
155,2638183,5,2005-07-09
155,1860025,4,2005-02-20
155,120491,5,2005-04-24
155,2568178,4,2005-05-24
155,19930,4,2005-07-04
155,837304,5,2005-11-03
155,1084524,3,2005-06-25
155,1058930,4,2005-11-08
155,1612901,4,2005-09-05
155,1612196,4,2005-01-05
155,1135935,4,2005-09-12
155,1119665,2,2004-09-09
155,2267546,4,2004-10-04
155,239740,5,2004-10-17
155,912687,5,2005-11-26
155,624892,5,2005-08-21
155,634821,3,2005-02-28
155,856875,4,2005-04-03
155,2000256,4,2005-06-16
155,323796,3,2005-06-18
155,1711016,3,2005-06-27
155,1842201,4,2005-10-14
155,84970,3,2005-10-29
155,2401635,3,2005-11-03
155,1142982,3,2005-11-20
155,1145387,4,2005-07-08
155,682022,3,2005-07-15
155,312695,3,2004-07-02
155,1742698,5,2005-06-24
155,2326348,4,2005-09-19
155,2327333,4,2005-02-14
155,265690,4,2005-09-23
155,2279990,4,2005-11-07
155,218261,4,2004-10-11
155,1223703,1,2004-11-17
155,1313126,1,2005-02-03
155,378118,4,2005-03-21
155,1074237,3,2005-05-22
155,2500470,5,2005-11-18
155,2202158,3,2005-12-28
155,965330,2,2004-11-21
155,982006,3,2005-05-23
155,2054954,4,2005-06-20
155,401624,3,2005-06-28
155,2634967,1,2005-01-10
155,1555081,3,2005-01-27
155,582114,4,2005-05-09
155,2311741,4,2005-09-20
155,1458854,2,2005-10-27
155,1790158,4,2005-12-05
155,6206,4,2005-07-18
155,2100070,4,2005-01-19
155,2510785,4,2005-09-29
155,764273,5,2005-11-11
