3530,716091,5,2004-02-25
3530,1945809,3,2002-11-20
3530,1109700,5,2003-08-29
3530,2543544,4,2003-11-06
3530,1395430,5,2004-04-15
3530,1809758,3,2004-04-23
3530,573364,3,2005-03-08
3530,891353,5,2005-04-27
3530,899232,3,2005-05-26
3530,1214457,3,2005-06-07
3530,1696725,5,2003-02-27
3530,105942,3,2003-04-21
3530,1174811,2,2003-03-20
3530,1242757,5,2004-12-28
3530,430829,5,2005-01-19
3530,2534672,3,2000-01-16
3530,603277,2,2003-02-18
3530,1347749,3,2004-02-10
3530,2161899,2,2003-11-25
3530,984874,4,2003-06-04
3530,2506132,4,2003-09-30
3530,2107755,3,2003-12-14
3530,2292389,5,2004-07-23
3530,2482518,4,2004-09-27
3530,1435515,5,2004-12-27
3530,1282325,3,2005-01-04
3530,2484814,4,2005-04-10
3530,1650301,2,2005-05-09
3530,542332,5,2005-10-12
3530,2260788,1,2003-05-01
3530,1049643,4,2004-03-16
3530,1692001,4,2005-01-20
3530,304116,4,2005-06-06
3530,670998,3,2005-12-04
3530,1488298,3,2002-09-25
3530,1571675,5,2004-06-14
3530,365264,4,2004-03-04
3530,1254903,3,2004-10-07
3530,2428959,5,2004-11-02
3530,131329,4,2005-04-01
3530,958382,4,2005-04-12
3530,1848102,3,2005-11-08
3530,1780403,5,2003-07-18
3530,922922,4,2005-01-19
3530,700359,4,2005-02-24
3530,1738910,4,2005-03-01
3530,2020098,4,2003-02-24
3530,2646060,2,2003-08-28
3530,2582288,3,2005-09-06
3530,1062267,4,2003-08-23
3530,29000,3,2004-06-23
3530,2206505,4,2004-09-30
3530,2214172,5,2005-04-06
3530,1478381,4,2005-05-26
3530,364740,4,2005-10-31
3530,303948,3,2005-07-20
3530,1658752,2,2004-07-10
3530,754135,3,2003-08-13
3530,1718960,5,2004-03-16
3530,923084,3,2004-10-27
3530,96409,2,2004-11-22
3530,1281099,5,2004-12-06
3530,1842812,2,2005-03-22
3530,1430376,5,2004-11-17
3530,2104526,2,2005-03-16
3530,1672077,5,2005-05-18
3530,759371,3,2005-12-19
3530,2554745,2,2001-05-01
3530,2355791,3,2001-02-06
3530,349528,3,2002-01-15
3530,1673185,3,2003-08-13
3530,1016977,4,2005-07-27
3530,1710932,4,2003-03-06
3530,138354,3,2004-05-03
3530,2260281,3,2005-03-21
3530,2412767,5,2005-03-22
3530,889079,5,2005-06-16
3530,566325,4,2001-03-02
3530,1152671,5,2005-08-08
3530,2340309,1,2005-08-12
3530,1585588,3,2003-05-16
3530,16355,2,2004-02-16
3530,2314728,5,2005-01-12
3530,1865375,5,2005-03-16
3530,2186436,3,2005-05-31
3530,2492016,4,2004-11-27
3530,2213289,2,2003-11-04
3530,225536,4,2005-08-20
3530,2261345,4,2004-06-22
3530,786312,2,2005-04-01
3530,2481561,4,2005-08-03
3530,425995,4,2004-12-30
3530,2090639,5,2005-11-02
3530,578525,5,2005-11-16
3530,408536,4,2001-05-10
3530,2488710,4,2004-07-07
3530,1650893,5,2004-02-23
3530,702510,2,2005-08-29
3530,619721,5,2004-08-24
3530,60303,5,2005-02-06
3530,1247726,3,2005-02-08
3530,854753,3,2005-03-10
3530,846326,3,2005-09-18
3530,693911,3,2005-10-03
3530,1733406,2,2003-12-22
3530,2541445,1,2003-05-13
3530,1292217,4,2004-01-12
3530,1424487,3,2004-10-08
3530,1319761,5,2005-04-08
3530,552139,2,2005-09-16
3530,370958,3,2005-08-05
3530,737757,4,2004-08-10
3530,5412,3,2004-11-06
3530,200058,5,2005-04-06
3530,2365430,4,2005-06-28
3530,1033433,5,2002-10-03
3530,2430679,2,2004-05-10
3530,222269,3,2005-07-27
3530,1689605,5,2004-01-08
3530,1388161,4,2004-12-29
3530,1346269,5,2005-01-24
3530,48614,3,2005-01-24
3530,1321983,5,2005-04-21
3530,284616,5,2005-10-24
3530,2383612,3,2000-01-12
3530,52563,5,2005-08-11
3530,1639081,4,2004-08-05
3530,1039068,5,2005-02-26
3530,1474282,5,2005-05-24
3530,2398842,5,2005-11-29
3530,583100,1,2005-07-07
3530,1107636,5,2002-12-02
3530,270694,5,2003-11-20
3530,2201939,4,2004-09-23
3530,1802034,5,2005-01-27
3530,1949179,4,2005-02-21
3530,1473965,3,2005-10-16
3530,840901,3,2000-01-12
3530,422884,3,2002-09-19
3530,645523,2,2004-08-30
3530,1973594,2,2003-03-25
3530,1764950,4,2004-05-19
3530,660495,4,2003-06-10
3530,1607574,3,2003-10-19
3530,1321968,5,2005-02-21
3530,297498,4,2005-03-04
3530,2373995,2,2005-05-03
3530,1181037,4,2005-11-02
3530,2604976,2,2004-03-26
3530,503235,3,2005-09-02
3530,704561,3,2004-11-29
3530,2187432,4,2005-06-03
3530,174580,5,2005-09-27
3530,525847,4,2005-11-09
3530,926995,3,2005-12-23
3530,792693,4,2003-06-02
3530,333691,5,2004-12-04
3530,86368,4,2005-08-18
3530,1666581,1,2004-08-15
3530,1956967,4,2005-04-15
3530,1258694,3,2005-12-31
3530,647703,4,2001-03-18
3530,2621846,5,2005-08-24
3530,2640203,3,2003-11-25
3530,1070640,2,2004-11-06
3530,186506,3,2005-02-25
3530,1649545,4,2005-10-12
3530,706414,3,2005-12-02
3530,269554,3,2003-10-17
3530,329226,3,2005-04-10
3530,895218,5,2005-06-09
3530,1568576,3,2005-06-15
3530,1134816,2,2003-08-16
3530,49585,2,2003-01-08
3530,2320340,5,2003-02-24
3530,2629032,3,2004-01-27
3530,1236938,5,2005-01-13
3530,2043027,2,2005-04-12
3530,2621263,5,2005-07-28
3530,1337244,5,2005-07-28
3530,780160,3,2005-08-14
3530,1385988,1,2005-08-23
3530,367760,5,2003-07-25
3530,1056645,4,2004-03-15
3530,977973,4,2004-12-09
3530,2604046,5,2005-05-01
3530,703049,3,2005-05-17
3530,771081,5,2005-06-24
3530,2413934,1,2005-12-19
3530,1385338,5,2002-04-12
3530,2100210,5,2004-12-05
3530,2037839,3,2005-08-19
3530,1954275,5,2004-01-31
3530,736296,3,2004-12-04
3530,1834502,4,2003-04-24
3530,2404124,3,2003-03-27
3530,2191732,4,2004-09-05
3530,1783108,4,2004-07-23
3530,1788346,2,2003-07-09
3530,1918316,3,2004-05-19
3530,1178418,4,2004-12-31
3530,473006,4,2005-11-05
3530,835214,5,2005-08-02
3530,500648,3,2004-02-26
3530,1130663,4,2004-04-06
3530,1103080,4,2004-12-22
3530,2533775,3,2005-02-21
3530,1876822,3,2005-02-28
3530,386474,4,2005-05-16
3530,2196394,5,2005-05-25
3530,2329026,2,2005-10-20
3530,773025,3,2005-11-04
3530,1811949,4,2005-11-04
3530,1792741,1,2003-02-21
3530,1132940,3,2003-07-03
3530,1617677,5,2005-08-28
3530,1631671,2,2004-09-24
3530,1734772,3,2004-10-01
3530,204947,4,2005-04-02
3530,1261084,5,2003-05-31
3530,1871482,5,2005-07-22
3530,2353394,4,2004-07-03
3530,368514,3,2005-09-07
3530,711569,2,2005-12-01
3530,623818,3,2003-08-11
3530,2309547,4,2003-05-05
3530,1978977,3,2005-09-13
3530,2237185,3,2001-07-12
3530,654506,5,2003-09-16
3530,2203976,4,2004-09-02
3530,2111183,4,2004-02-18
3530,704543,2,2005-08-18
3530,718893,3,2004-09-14
3530,1606561,5,2005-07-08
3530,2320264,3,2002-12-19
3530,1566652,4,2003-09-11
3530,2529285,2,2003-05-29
3530,713048,5,2004-12-04
3530,1376999,4,2004-07-26
3530,798730,3,2004-06-09
3530,615406,3,2004-12-27
3530,1984835,2,2005-01-19
3530,1179522,5,2005-05-19
3530,915726,4,2005-10-21
3530,2125436,2,2002-09-11
3530,2328470,5,2004-01-21
3530,2519696,4,2004-06-29
3530,2630337,3,2005-03-10
3530,195806,4,2005-03-12
3530,1035352,5,2005-05-25
3530,1157288,4,2005-11-03
3530,2439493,1,2003-01-26
3530,740844,3,2005-03-11
3530,2365890,4,2005-12-18
3530,1230129,3,2000-01-06
3530,1386457,4,2003-10-01
3530,2511101,1,2003-02-21
3530,1527836,5,2004-06-08
3530,1306528,5,2004-03-31
3530,1101881,4,2005-01-06
3530,1190264,4,2002-12-09
3530,1673357,4,2003-10-16
3530,852400,5,2004-11-12
3530,934111,2,2005-01-29
3530,525842,5,2005-04-15
3530,611538,1,2005-06-14
3530,1709088,5,2005-10-27
3530,68271,2,2005-11-03
3530,238740,2,2005-02-15
3530,2263203,3,2005-04-08
3530,1028265,4,2004-04-30
3530,1771397,4,2005-11-26
3530,1509270,4,2004-01-10
3530,1329870,4,2005-08-13
3530,369872,4,2004-07-10
3530,1654621,4,2005-05-17
3530,1052493,4,2005-09-13
3530,626655,5,2005-11-10
3530,41485,3,2000-12-23
3530,2453811,5,2005-07-28
3530,656811,4,2004-03-20
3530,1633136,4,2004-09-23
3530,2531820,5,2004-10-18
3530,196846,4,2005-01-02
3530,2200655,4,2005-06-08
3530,1534723,4,2001-02-13
3530,1762582,3,2005-08-27
3530,2216968,1,2005-02-02
3530,1995482,5,2005-02-22
3530,770969,1,2005-11-08
3530,1049141,3,2004-01-01
3530,1759021,3,2004-04-06
3530,1859268,5,2003-11-11
3530,1964378,1,2003-05-16
3530,1090199,3,2004-03-31
3530,576984,5,2005-04-18
3530,2356207,5,2005-06-15
3530,1351769,5,2000-09-18
3530,2135164,5,2005-07-25
3530,2133079,4,2004-10-28
3530,128695,5,2005-01-21
3530,874568,4,2005-02-17
3530,338585,5,2005-05-20
3530,698713,2,2005-06-27
3530,2295604,5,2005-09-11
3530,2475779,4,2005-10-19
3530,452501,4,2005-01-11
3530,258337,4,2005-10-10
3530,1741962,2,2003-08-12
3530,1177340,4,2004-06-28
3530,1200589,4,2004-10-07
3530,2236554,4,2005-03-14
3530,1283559,3,2003-02-21
3530,62471,4,2004-07-10
3530,1588088,4,2004-09-24
3530,1434345,2,2005-07-29
3530,1753346,3,2003-01-03
3530,1691969,3,2005-08-11
3530,1149786,3,2004-06-14
3530,2632313,2,2004-02-03
3530,1226877,5,2004-02-07
3530,1498722,5,2004-05-05
3530,1006570,1,2005-03-24
3530,795786,5,2005-05-24
3530,1899288,5,2005-06-05
3530,373442,4,2005-11-05
3530,1871800,1,2005-12-01
3530,2518468,5,2005-12-26
3530,1536967,4,2003-01-22
3530,2640363,3,2003-08-07
3530,814040,5,2005-01-06
3530,1092521,4,2005-02-12
3530,721473,5,2005-06-02
3530,1283798,3,2003-04-30
3530,1304932,5,2004-09-27
3530,986524,4,2004-09-30
3530,2383799,3,2004-12-20
3530,428750,5,2005-02-07
3530,2376000,4,2005-09-26
3530,1147641,1,2002-11-29
3530,1371020,4,2005-07-23
3530,814764,1,2004-03-14
3530,1299612,2,2004-08-30
3530,1287939,2,2004-11-09
3530,98586,3,2005-02-23
3530,2436290,3,2005-03-26
3530,39242,3,2005-03-29
3530,1250684,4,2005-04-24
3530,111942,5,2005-05-04
3530,1856244,4,2005-10-27
3530,1517590,3,2003-03-31
3530,1853299,5,2004-07-26
3530,580401,4,2005-04-04
3530,2570366,3,2005-06-10
3530,1917551,4,2005-07-01
3530,409574,4,2005-11-16
3530,1827859,4,2001-01-06
3530,115108,4,2003-08-13
3530,2012874,4,2004-04-15
3530,2112613,4,2004-12-08
3530,1571988,4,2004-12-22
3530,2536428,4,2005-05-10
3530,1897305,4,2002-10-25
3530,2421668,4,2003-04-25
3530,914958,4,2003-03-13
3530,1589483,5,2005-08-17
3530,1239605,5,2004-02-14
3530,1341553,5,2004-08-03
3530,1981842,3,2004-11-17
3530,2010750,3,2005-05-12
3530,1524853,5,2004-02-16
3530,216277,4,2004-07-09
3530,89823,4,2003-05-19
3530,2138016,2,2005-01-26
3530,832442,3,2004-07-11
3530,2596745,5,2004-10-23
3530,101068,5,2005-01-05
3530,820559,3,2005-02-03
3530,1437393,3,2005-11-10
3530,2588541,5,2005-12-14
3530,66885,5,2000-12-07
3530,1942577,1,2003-03-20
3530,1434103,4,2004-02-07
3530,192606,5,2005-08-09
3530,1909219,3,2003-06-22
3530,1952549,3,2004-08-19
3530,1105029,2,2004-12-30
3530,2094329,4,2005-03-06
3530,1059972,3,2000-01-10
3530,1802380,2,2004-05-26
3530,1796852,4,2005-08-30
3530,432620,3,2004-03-26
3530,253900,4,2004-05-05
3530,427948,1,2004-08-03
3530,1961377,4,2005-02-02
3530,2136927,4,2005-05-25
3530,1868998,3,2005-11-18
3530,679846,3,2005-07-26
3530,571572,5,2004-04-05
3530,2484144,4,2005-06-22
3530,1848428,4,2005-09-19
3530,2086274,5,2005-10-08
3530,173675,4,2005-11-20
3530,827532,3,2001-07-30
3530,545065,4,2001-01-02
3530,2275859,4,2005-08-24
3530,767232,5,2004-05-31
3530,2614400,4,2004-12-14
3530,2453225,2,2005-02-06
3530,2244042,5,2005-11-25
3530,2310552,1,2004-07-31
3530,310641,4,2005-01-19
3530,2289879,5,2005-01-31
3530,2134424,5,2005-06-23
3530,936396,2,2005-06-26
3530,301960,5,2005-11-22
3530,1013932,3,2004-05-30
3530,1894278,4,2005-01-10
3530,2456277,3,2005-06-27
3530,1884549,3,2004-03-21
3530,1905924,4,2005-05-01
3530,1284725,3,2005-10-06
3530,1830166,2,2005-08-15
3530,260999,4,2004-10-17
3530,1080789,3,2005-01-20
3530,2020045,2,2005-02-25
3530,2223524,4,2005-04-16
3530,81036,4,2005-06-05
3530,922517,5,2005-10-08
3530,2462256,5,2005-12-16
3530,1693964,4,2005-12-29
3530,624311,5,2005-12-30
3530,787391,4,2002-06-07
3530,1823272,3,2002-11-30
3530,2009933,3,2005-01-30
3530,2203201,3,2004-11-02
3530,1230971,3,2005-01-19
3530,2330167,4,2005-10-01
3530,1002249,2,2004-08-19
3530,160306,3,2000-01-14
3530,1580125,1,2004-04-01
3530,202978,3,2004-11-16
3530,1194725,5,2004-12-07
3530,872667,5,2002-07-19
3530,880035,4,2005-08-18
3530,1915183,5,2003-05-25
3530,2111073,5,2003-10-11
3530,2601024,4,2003-10-12
3530,829483,4,2005-05-09
3530,184025,3,2005-09-21
3530,592281,2,2001-03-01
3530,912929,3,2003-10-22
3530,308969,2,2003-02-11
3530,2335640,3,2005-08-16
3530,2213253,2,2005-08-17
3530,2271198,4,2004-08-07
3530,1611143,4,2004-05-05
3530,2133317,5,2004-09-23
3530,469318,5,2005-01-19
3530,1929457,4,2005-04-02
3530,656912,4,2004-08-01
3530,2587540,4,2005-01-26
3530,1622041,4,2005-05-18
3530,2509434,4,2005-06-13
3530,1099221,4,2005-07-17
3530,1842071,5,2002-10-16
3530,131937,3,2003-08-25
3530,1028430,4,2005-03-13
3530,2055810,5,2005-03-04
3530,2515390,5,2005-05-22
3530,602628,4,2004-04-27
3530,1463644,2,2004-09-27
3530,46842,2,2005-04-06
3530,286090,3,2005-05-26
3530,1883444,1,2004-03-17
3530,1336421,5,2004-02-15
3530,721820,2,2004-06-17
3530,2617068,3,2004-11-15
3530,2398368,3,2005-01-03
3530,1434411,5,2005-01-21
3530,675655,5,2005-03-22
3530,1190532,5,2005-04-29
3530,2395978,3,2001-03-17
3530,143120,5,2004-01-10
3530,2399824,5,2005-07-16
3530,1750007,4,2005-03-23
3530,419691,4,2005-04-21
3530,1525051,5,2005-06-02
3530,2541788,4,2005-08-31
3530,1056427,3,2005-09-15
3530,853699,5,2005-08-09
3530,1936497,2,2005-08-23
3530,1641147,5,2005-09-06
3530,86773,5,2004-09-20
3530,2205270,4,2005-09-23
3530,1387145,5,2005-11-02
3530,1557148,4,2003-06-17
3530,213486,4,2004-10-04
3530,2482384,3,2005-01-22
3530,927953,5,2005-04-26
3530,1664010,5,2005-10-14
3530,547429,4,2005-11-14
3530,1902838,3,2000-08-02
3530,349403,3,2004-06-07
3530,626407,1,2004-08-10
3530,1414620,5,2005-09-06
3530,552517,1,2004-09-10
3530,2465843,5,2004-05-13
3530,2156518,5,2004-05-05
3530,1387388,5,2004-12-30
3530,1698245,3,2005-01-30
3530,1869763,5,2005-03-29
3530,552226,1,2005-09-26
3530,48434,5,2005-10-12
3530,919823,4,2004-07-01
3530,1768815,4,2002-12-07
3530,114873,4,2001-03-06
3530,1528328,5,2003-04-07
3530,1662102,1,2003-04-14
3530,367271,5,2004-10-12
3530,2129588,5,2005-04-12
3530,1828574,5,2005-06-18
3530,463087,5,2002-08-01
3530,2560088,5,2004-12-21
3530,2613213,4,2005-01-07
3530,430778,4,2005-06-16
3530,796368,5,2005-10-25
3530,226324,4,2005-10-25
3530,467083,3,2004-09-07
3530,399627,3,2004-04-28
3530,2363785,3,2003-03-07
3530,572481,1,2002-11-27
3530,1477526,2,2002-11-05
3530,2152447,3,2004-06-29
3530,547521,3,2003-08-15
3530,329958,1,2004-02-18
3530,910244,4,2004-12-30
3530,100654,4,2005-01-04
3530,712363,5,2005-12-14
3530,1967969,3,2005-09-29
3530,2251051,4,2005-12-15
3530,504243,4,2002-05-24
3530,1808876,3,2003-07-07
3530,2478564,5,2005-04-21
3530,900410,4,2005-05-11
3530,1008279,5,2005-11-30
3530,2060313,5,2000-10-23
3530,2586697,3,2004-08-03
3530,428322,3,2005-02-01
3530,1810578,5,2005-04-15
3530,2241247,5,2005-06-05
3530,2190701,5,2005-11-15
3530,1470057,4,2004-07-12
3530,2021366,3,2004-08-03
3530,2547046,5,2003-12-18
3530,858504,3,2004-07-14
3530,680647,2,2004-08-19
3530,1730699,4,2004-12-28
3530,157403,4,2005-02-13
3530,954410,5,2005-07-11
3530,819911,2,2003-04-02
3530,1045143,4,2004-09-22
3530,1232534,4,2005-01-19
3530,273441,2,2005-09-29
3530,2598768,5,2005-08-08
3530,1400484,5,2005-08-28
3530,2384242,4,2004-06-08
3530,1505785,4,2001-04-18
3530,927129,4,2004-01-30
3530,750416,3,2004-01-29
3530,983272,4,2004-07-06
3530,1963576,4,2004-10-04
3530,273641,5,2004-12-08
3530,485668,4,2005-01-03
3530,1695405,5,2005-02-27
3530,1694761,5,2005-03-03
3530,755340,4,2005-05-19
3530,965384,4,2005-11-02
3530,270428,3,2005-10-16
3530,655504,3,2005-11-09
3530,13219,2,2005-08-15
3530,2192827,2,2004-03-15
3530,243430,4,2005-04-08
3530,2617904,1,2005-10-10
3530,1848868,3,2002-12-02
3530,1838160,4,2003-11-15
3530,1991752,3,2003-07-08
3530,8441,5,2004-03-20
3530,1457939,5,2005-03-19
3530,530962,5,2005-07-25
3530,1298511,3,2003-07-05
3530,332751,5,2004-01-13
3530,1779362,2,2005-08-04
3530,2067027,4,2004-01-20
3530,1904364,1,2003-12-08
3530,217178,5,2004-10-11
3530,1935592,4,2005-04-04
3530,2372965,4,2005-11-05
3530,975522,5,2003-01-11
3530,1309644,4,2003-08-12
3530,990605,1,2003-09-18
3530,1362183,3,2004-06-16
3530,2501686,5,2004-07-02
3530,318409,1,2004-06-20
3530,1570476,3,2004-09-28
3530,1357217,3,2004-11-22
3530,40771,5,2005-03-10
3530,1688743,3,2005-04-06
3530,1465888,2,2005-11-24
3530,2210909,3,2002-12-31
3530,1498353,5,2003-09-18
3530,970149,4,2005-09-03
3530,2089028,4,2003-10-06
3530,1086481,1,2004-05-14
3530,1428452,4,2004-11-14
3530,2244725,3,2004-11-30
3530,771637,3,2005-01-07
3530,115518,4,2005-03-08
3530,1810534,1,2005-05-26
3530,24316,4,2005-12-24
3530,495664,4,2004-05-20
3530,1857656,5,2004-10-08
3530,29303,3,2005-09-17
3530,1601193,4,2005-11-22
3530,1287550,3,2000-02-17
3530,28713,5,2005-07-23
3530,1718526,5,2004-03-20
3530,1691325,4,2004-07-11
3530,103699,2,2003-11-28
3530,2297776,3,2004-12-01
3530,2445102,5,2004-12-02
3530,2135531,4,2004-12-14
3530,334857,5,2005-04-30
3530,606839,5,2005-05-02
3530,1625485,3,2005-07-05
3530,1273033,2,2003-03-31
3530,1327357,3,2004-03-14
3530,899682,3,2004-05-04
3530,177104,5,2004-08-03
3530,846510,5,2005-03-17
3530,1506519,3,2005-04-20
3530,1951973,4,2005-04-26
3530,2585979,4,2005-04-27
3530,1746995,4,2002-08-23
3530,821204,2,2001-04-28
3530,1431663,3,2002-08-23
3530,2038623,3,2003-07-07
3530,102941,4,2004-08-22
3530,1302944,5,2004-09-01
3530,106929,4,2005-01-25
3530,560022,4,2005-09-10
3530,1102845,4,2005-10-20
3530,772009,5,2004-07-05
3530,1122030,2,2004-09-21
3530,874650,4,2005-06-04
3530,2164361,2,2005-06-06
3530,3513,2,2005-09-13
3530,2076780,5,2005-10-18
3530,1706866,4,2005-10-22
3530,1317335,5,2005-11-14
3530,1183703,2,2005-11-30
3530,316755,3,2002-01-03
3530,642089,4,2004-04-05
3530,902495,5,2004-06-17
3530,364022,1,2004-12-19
3530,2174795,3,2005-02-12
3530,1402502,5,2005-07-04
3530,2073799,4,2005-11-25
3530,1867699,3,2000-01-12
3530,2153837,3,2003-03-27
3530,635619,4,2005-08-09
3530,1699551,4,2004-06-17
3530,2010849,5,2004-09-24
3530,2550711,3,2005-03-18
3530,1968102,4,2005-04-19
3530,959340,4,2005-05-29
3530,139559,4,2005-10-12
3530,1676211,5,2005-10-28
3530,1553768,4,2005-08-01
3530,1628621,2,2004-11-11
3530,1878449,4,2003-08-21
3530,2493236,1,2003-03-09
3530,100303,5,2004-06-03
3530,419722,5,2005-01-06
3530,1249663,4,2005-04-25
3530,1537607,5,2005-11-21
3530,2212602,5,2004-05-13
3530,1364146,3,2003-01-15
3530,2449001,4,2004-11-03
3530,2331421,4,2002-09-10
3530,606742,4,2003-01-23
3530,504642,5,2004-07-23
3530,798597,5,2003-02-12
3530,2587185,3,2004-06-26
3530,1317671,3,2004-10-05
3530,400326,5,2004-10-17
3530,491531,2,2004-10-27
3530,903186,5,2004-11-23
3530,923824,2,2005-01-10
3530,1232297,4,2005-04-05
3530,2338166,5,2005-11-02
3530,2411618,3,2000-01-16
3530,1132753,2,2001-04-29
3530,1124113,1,2002-03-02
3530,747497,5,2002-12-20
3530,1384307,2,2004-01-08
3530,1254363,3,2003-11-20
3530,504729,5,2005-08-16
3530,1051864,5,2005-08-21
3530,1264096,3,2005-08-22
3530,1197388,4,2004-01-05
3530,1038649,1,2004-04-28
3530,2072941,5,2004-10-14
3530,2554035,3,2004-12-13
3530,1049030,2,2005-03-24
3530,2590402,3,2002-09-22
3530,835482,2,2004-06-03
3530,752702,2,2004-05-24
3530,2220322,4,2004-09-23
3530,183425,4,2005-04-04
3530,1542151,1,2005-04-25
3530,1577401,2,2005-10-11
3530,1039760,5,2005-07-25
3530,2552866,3,2005-08-17
3530,163660,2,2005-01-27
3530,717135,4,2005-02-11
3530,2384389,3,2005-03-22
3530,2434970,3,2005-04-21
3530,1178619,3,2005-10-14
3530,65308,5,2005-07-13
3530,2229224,3,2004-05-05
3530,2497679,4,2004-07-26
3530,1571822,3,2004-01-05
3530,435841,4,2005-08-16
3530,523957,5,2004-03-08
3530,1839219,2,2004-09-14
3530,2312973,4,2005-04-12
3530,731469,2,2005-05-08
3530,451603,5,2005-05-27
3530,234155,4,2005-05-30
3530,2038861,4,2005-10-18
3530,1432211,4,2001-04-06
3530,1979872,1,2005-07-07
3530,152441,4,2001-03-04
3530,2402173,4,2002-02-11
3530,918455,4,2004-06-13
3530,580665,2,2003-12-30
3530,2289012,4,2005-04-14
3530,2614203,5,2005-07-01
3530,330940,5,2005-11-09
3530,2479851,3,2005-11-18
3530,1398397,2,2003-10-14
3530,2355795,3,2005-08-12
3530,1725515,5,2003-05-30
3530,2247499,3,2004-08-01
3530,2479015,4,2004-11-09
3530,1925306,2,2004-11-15
3530,1641072,3,2005-01-22
3530,2381486,4,2005-02-22
3530,1601558,3,2005-06-21
3530,1007146,3,2005-12-01
3530,2237957,1,2000-02-01
3530,781764,5,2005-08-04
3530,794813,1,2003-01-16
3530,2169693,3,2003-07-14
3530,392597,4,2005-03-18
3530,2127108,3,2005-01-30
3530,2280741,5,2005-01-31
3530,716173,5,2005-04-06
3530,1564972,5,2005-06-26
3530,2216803,4,2005-09-14
3530,530340,1,2005-09-28
3530,1553478,2,2005-01-28
3530,1299887,5,2005-02-10
3530,2285289,4,2005-06-05
3530,2515880,4,2005-10-22
3530,789014,1,2003-02-11
3530,1972387,4,2004-07-08
3530,1735922,5,2004-06-22
3530,491255,4,2003-10-06
3530,1634320,5,2005-08-15
3530,798296,4,2005-01-01
3530,682963,3,2005-06-20
3530,588673,2,2004-04-08
3530,2324432,5,2004-10-30
3530,719598,5,2005-07-06
3530,1222027,4,2005-07-18
3530,2236626,5,2004-06-15
3530,1288501,4,2004-09-28
3530,53629,3,2004-12-12
3530,1800174,4,2005-01-07
3530,1358463,3,2001-04-10
3530,180815,1,2003-01-11
3530,576190,3,2003-06-13
3530,409351,3,2005-08-20
3530,1662118,3,2004-10-13
3530,1504451,4,2004-10-30
3530,2410905,4,2005-03-19
3530,1336985,5,2005-11-27
3530,2426167,3,2000-01-10
3530,2514214,3,2003-07-30
3530,876288,3,2005-08-24
3530,1623432,2,2004-06-19
3530,725541,3,2004-10-18
3530,319058,1,2005-01-26
3530,1347354,4,2005-05-21
3530,1652997,4,2005-06-08
3530,2012875,5,2005-06-20
3530,709989,4,2005-11-02
3530,2028530,5,2004-06-09
3530,697867,3,2005-01-06
3530,2012489,5,2005-04-06
3530,1104400,3,2005-05-19
3530,875772,3,2005-11-22
3530,531570,3,2003-10-23
3530,545639,3,2003-10-02
3530,2332237,3,2005-08-21
3530,1627955,1,2004-05-08
3530,34413,5,2004-10-15
3530,2102849,4,2005-01-04
3530,49037,5,2003-02-21
3530,1009033,5,2003-08-15
3530,1706689,4,2005-08-24
3530,266023,3,2005-05-31
3530,340582,5,2005-11-11
3530,156948,5,2005-07-09
3530,314057,5,2003-04-30
3530,305344,1,2003-07-12
3530,2123058,3,2003-10-24
3530,212367,5,2004-10-02
3530,1641244,4,2005-02-17
3530,1459464,4,2003-04-16
3530,978313,3,2003-04-04
3530,1409586,3,2003-07-01
3530,1470113,5,2004-04-22
3530,2259736,3,2005-02-28
3530,2097496,4,2005-11-04
3530,2048620,5,2003-01-14
3530,2104114,3,2004-07-26
3530,1159683,4,2005-03-26
3530,2282665,3,2005-06-28
3530,111086,4,2005-09-28
3530,2546912,4,2005-11-06
3530,881304,5,2003-02-17
3530,1851609,5,2004-12-09
3530,2276790,4,2004-03-23
3530,2181151,4,2004-07-26
3530,1585504,4,2004-11-08
3530,317978,2,2004-12-08
3530,512388,4,2005-09-06
3530,1370164,1,2004-04-27
3530,1803023,4,2005-10-10
3530,2147527,2,2005-11-18
3530,1910719,2,2004-07-20
3530,2631950,4,2005-02-25
3530,1179388,4,2005-04-01
3530,1825242,5,2005-04-18
3530,955539,3,2005-05-02
3530,2056901,3,2005-06-08
3530,1200479,2,2005-02-19
3530,2520896,5,2004-02-04
3530,606012,2,2004-01-18
3530,2111446,2,2005-05-29
3530,287605,3,2005-12-07
3530,161013,4,2003-08-31
3530,1925719,2,2004-05-01
3530,418026,4,2004-03-04
3530,1970358,3,2004-07-07
3530,2435658,3,2005-01-25
3530,72808,4,2005-02-06
3530,122901,2,2005-02-11
3530,1481263,2,2005-04-03
3530,1063713,5,2005-09-10
3530,1234570,5,2005-09-22
3530,414455,5,2005-08-12
3530,1640841,3,2003-11-26
3530,868826,5,2004-03-06
3530,1666611,4,2004-01-14
3530,572037,4,2004-09-07
3530,832630,5,2004-11-09
3530,1210432,4,2005-03-16
3530,1252466,3,2005-04-21
3530,99007,4,2005-11-06
3530,1865701,4,2005-12-28
3530,10268,3,2000-01-09
3530,2389151,2,2005-07-22
3530,1400325,5,2005-08-06
3530,1477365,2,2003-01-22
3530,450716,5,2005-03-27
3530,1125572,2,2005-04-18
3530,1538522,5,2005-06-12
3530,632567,5,2005-09-18
3530,371098,5,2004-09-09
3530,1244949,4,2004-11-19
3530,1765301,5,2005-04-15
3530,1025290,1,2005-05-18
3530,1150258,3,2005-10-17
3530,1444287,4,2005-10-27
3530,970073,5,2005-03-16
3530,310027,4,2005-08-06
3530,2421792,2,2005-09-07
3530,1693627,5,2004-06-03
3530,1906913,4,2004-09-06
3530,1882587,5,2005-06-21
3530,1962033,5,2005-11-06
3530,2151733,4,2003-01-18
3530,134414,3,2003-05-01
3530,868463,4,2003-11-13
3530,2386085,5,2004-08-18
3530,701191,2,2005-03-11
3530,1961923,3,2005-04-27
3530,1863149,4,2005-06-23
3530,918622,4,2002-11-11
3530,1871132,4,2005-08-17
3530,323529,2,2004-03-31
3530,2355805,4,2004-06-06
3530,2012618,3,2004-10-06
3530,2479606,1,2004-11-18
3530,168318,3,2005-03-16
3530,481238,2,2005-05-17
3530,159159,5,2005-05-25
3530,1222803,3,2005-07-11
3530,2043681,3,2002-05-11
3530,530134,5,2005-08-27
3530,2282751,5,2004-05-23
3530,1073242,2,2004-12-07
3530,1675680,4,2005-01-13
3530,2465610,3,2005-02-28
3530,537232,5,2005-04-19
3530,956295,4,2005-06-29
3530,101259,1,2005-09-10
3530,2545033,3,2005-11-14
3530,1977824,4,2005-12-06
3530,2238014,4,2003-04-01
3530,1762296,4,2005-08-19
3530,2191815,4,2004-11-28
3530,235860,3,2004-12-06
3530,958384,4,2005-06-09
3530,546619,5,2005-10-11
3530,2254449,1,2004-01-17
3530,481024,3,2003-11-06
3530,1709658,5,2005-08-22
3530,517454,3,2005-01-28
3530,2532502,5,2005-02-17
3530,1550404,4,2005-04-03
3530,782935,5,2005-12-16
3530,1934002,3,2005-12-10
3530,2474661,3,2004-01-05
3530,1319949,5,2003-02-18
3530,240232,3,2004-04-10
3530,1431104,4,2004-12-08
3530,1808694,4,2005-03-21
3530,2151708,3,2005-06-20
3530,776353,4,2005-12-05
3530,1368151,3,2000-01-14
3530,2003634,3,2002-10-27
3530,1717979,2,2004-09-11
3530,588658,5,2005-09-03
3530,2038262,4,2005-09-09
3530,356184,4,2004-07-24
3530,2348266,4,2004-06-21
3530,1424445,4,2004-11-25
3530,1240597,3,2005-01-24
3530,1580032,5,2005-06-24
3530,1148950,2,2005-11-02
3530,2603314,4,2005-08-14
3530,1741802,4,2004-05-12
3530,926010,4,2004-10-22
3530,334222,4,2004-12-11
3530,2528277,5,2005-01-29
3530,2611003,1,2005-06-06
3530,805207,4,2004-09-15
3530,1858079,1,2003-01-23
3530,900771,1,2002-12-01
3530,1107588,1,2004-01-09
3530,755689,4,2005-03-10
3530,1343340,4,2005-04-17
3530,2003341,5,2005-05-09
3530,941767,5,2005-11-08
3530,1244123,2,2003-01-03
3530,4127,5,2005-07-23
3530,1306287,4,2003-01-09
3530,188190,5,2003-12-20
3530,690777,5,2004-07-29
3530,2255880,3,2005-06-06
3530,1252945,5,2004-08-12
3530,2197579,5,2004-04-13
3530,2404366,3,2002-09-10
3530,745471,5,2005-08-04
3530,215558,5,2003-01-08
3530,866186,5,2004-12-17
3530,1585468,5,2005-03-02
3530,1056992,5,2005-03-17
3530,929903,4,2005-06-02
3530,1420404,5,2005-12-10
3530,349181,5,2004-06-25
3530,739252,5,2003-05-06
3530,661662,4,2003-02-13
3530,396855,5,2004-04-22
3530,2535512,4,2005-03-28
3530,915643,5,2005-05-10
3530,1098865,5,2005-10-09
3530,1573829,1,2005-07-20
3530,1316574,4,2004-06-29
3530,1214886,4,2004-01-28
3530,471654,5,2003-11-03
3530,682402,5,2004-08-12
3530,336645,4,2004-09-14
3530,2080389,3,2004-09-27
3530,1833771,4,2005-02-05
3530,2604631,4,2005-02-06
3530,1763048,5,2005-03-22
3530,1670835,5,2005-06-06
3530,846477,3,2005-10-29
3530,2444174,4,2005-11-02
3530,858340,2,2004-02-19
3530,817916,2,2003-01-10
3530,1008039,5,2004-09-05
3530,1110441,4,2004-07-15
3530,2117432,4,2004-09-01
3530,1267125,2,2004-01-03
3530,2264638,5,2005-01-05
3530,998625,5,2005-02-01
3530,2458647,4,2005-05-11
3530,2267849,5,2005-05-17
3530,1368404,5,2000-10-16
3530,985009,3,2004-04-25
3530,1886234,5,2005-08-13
3530,2223113,4,2004-02-14
3530,119873,5,2004-03-16
3530,1723989,5,2004-11-08
3530,1178382,5,2005-05-15
3530,1523362,1,2005-06-09
3530,1120533,4,2005-09-27
3530,796178,5,2005-07-07
3530,2220012,4,2004-06-02
3530,1252360,3,2004-07-12
3530,781293,2,2005-02-01
3530,1438614,3,2005-04-17
3530,1027346,3,2005-05-06
3530,582996,4,2005-06-25
3530,2395555,5,2005-10-07
3530,475739,1,2005-11-06
3530,1385316,5,2003-05-27
3530,1052633,3,2003-12-15
3530,564698,3,2003-07-16
3530,1758164,1,2005-08-24
3530,1530133,4,2005-08-30
3530,1605846,3,2003-09-30
3530,2137106,5,2004-10-18
3530,128792,5,2005-04-06
3530,2545730,4,2005-06-01
3530,995757,3,2005-10-03
3530,438688,5,2005-07-27
3530,204236,3,2003-01-04
3530,1790784,4,2005-02-17
3530,2361408,4,2005-02-25
3530,1141675,5,2005-12-01
3530,1261789,4,2001-11-24
3530,2183802,5,2003-04-21
3530,577690,4,2004-01-26
3530,1473687,3,2005-02-22
3530,2537717,3,2005-04-04
3530,109177,2,2005-06-06
3530,1982449,4,2005-07-24
3530,25452,2,2004-06-09
3530,2608958,3,2004-01-23
3530,461358,5,2004-06-20
3530,2188860,3,2004-06-22
3530,2104674,4,2005-06-14
3530,756870,4,2005-06-29
3530,1949855,4,2005-10-12
3530,2118461,4,2005-10-22
3530,2583420,3,2005-12-13
3530,633358,1,2001-11-27
3530,990297,3,2002-01-05
3530,1148655,4,2003-10-12
3530,1638460,3,2003-07-19
3530,1617746,3,2003-07-08
3530,200321,5,2004-06-12
3530,2537083,3,2004-11-15
3530,676013,5,2005-01-07
3530,239686,4,2005-05-21
3530,32972,4,2005-06-19
3530,347469,5,2005-10-23
3530,2031068,5,2005-07-11
3530,2439933,3,2005-07-23
3530,862852,3,2003-08-16
3530,522056,3,2004-09-28
3530,303196,4,2005-02-13
3530,1589608,3,2005-12-19
3530,1747969,3,2004-06-26
3530,387418,2,2003-09-09
3530,1644919,3,2003-04-18
3530,1989066,4,2004-02-12
3530,482895,3,2004-10-22
3530,2328864,4,2005-03-10
3530,2222089,5,2001-05-27
3530,835881,4,2002-10-08
3530,146987,3,2003-09-10
3530,1752619,5,2005-08-28
3530,2200505,3,2003-12-26
3530,473915,3,2004-02-03
3530,2612664,1,2004-08-02
3530,2069896,4,2005-02-02
3530,2613810,4,2005-04-04
3530,47063,3,2005-04-26
3530,1218545,4,2005-09-22
3530,1704795,5,2005-10-29
3530,1139045,4,2005-11-02
3530,1085201,3,2004-09-07
3530,2520933,5,2004-09-16
3530,2506970,4,2004-12-28
3530,162279,4,2005-05-16
3530,1405915,4,2005-06-23
3530,977346,4,2005-06-30
3530,1314704,4,2005-05-09
3530,2249653,2,2004-09-23
3530,735837,5,2005-04-17
3530,535765,2,2000-09-08
3530,116863,3,2003-12-30
3530,1442949,5,2005-08-10
3530,1235215,4,2005-08-13
3530,1738116,5,2004-12-08
3530,805853,5,2005-02-22
3530,1515049,3,2005-11-25
3530,137357,5,2004-03-12
3530,1881326,5,2004-01-09
3530,1932594,1,2005-02-15
3530,40445,4,2005-11-11
3530,356615,1,2002-12-31
3530,277957,4,2003-06-25
3530,1971428,4,2005-12-10
3530,2470471,3,2000-01-10
3530,2387950,4,2002-12-04
3530,1914771,3,2004-07-06
3530,399637,4,2005-01-08
3530,116321,4,2005-05-13
3530,273741,4,2005-09-30
3530,2291010,2,2003-02-13
3530,888436,3,2004-05-19
3530,1663888,5,2003-11-06
3530,2009400,4,2005-08-15
3530,1444028,4,2004-08-18
3530,1966687,4,2004-08-23
3530,558955,4,2004-10-03
3530,394698,3,2004-10-15
3530,1847346,3,2005-04-29
3530,987337,3,2005-06-28
3530,2126810,5,2005-12-01
3530,947104,5,2000-07-19
3530,363515,3,2003-10-16
3530,970916,3,2005-01-29
3530,2173185,4,2005-05-08
3530,1024342,4,2005-10-26
3530,1453265,2,2003-11-07
3530,1069184,3,2003-09-30
3530,1402489,3,2005-08-05
3530,2374009,4,2003-12-22
3530,2536309,5,2003-06-20
3530,238115,2,2004-11-18
3530,2262963,5,2005-07-23
3530,1789423,2,2005-08-09
3530,642384,5,2004-07-14
3530,1806931,3,2004-10-07
3530,485501,4,2005-01-06
3530,1150431,5,2005-02-28
3530,86394,5,2005-12-25
3530,162834,5,2004-06-08
3530,333843,5,2004-03-18
3530,2214487,2,2005-01-30
3530,1845916,4,2005-12-02
3530,1639792,1,2002-12-02
3530,2101857,3,2003-05-14
3530,2463846,4,2005-01-27
3530,489749,5,2005-04-29
3530,1532143,4,2005-06-14
3530,545122,5,2004-09-04
3530,533956,5,2005-02-27
3530,2055388,4,2005-04-25
3530,551162,3,2005-10-01
3530,1189474,5,2004-05-27
3530,136160,4,2004-01-23
3530,368309,4,2004-07-03
3530,1771766,3,2004-10-15
3530,306153,4,2002-12-07
3530,1542002,3,2004-10-27
3530,1489960,5,2005-01-27
3530,1797765,2,2005-03-03
3530,1677148,4,2005-04-16
3530,2065698,5,2005-10-16
3530,1201442,1,2004-05-24
3530,2417138,2,2005-08-08
3530,157171,5,2005-08-16
3530,168178,4,2003-08-04
3530,575788,5,2003-11-03
3530,1963140,5,2004-07-18
3530,2060327,3,2004-05-26
3530,2273897,5,2004-09-17
3530,454897,5,2005-02-28
3530,749353,3,2005-07-06
3530,715966,3,2004-01-27
3530,325206,3,2004-08-03
3530,825974,5,2004-10-11
3530,2347841,4,2005-03-06
3530,2125956,5,2004-11-02
3530,760943,4,2005-04-11
3530,40136,3,2005-05-22
3530,515952,3,2003-03-24
3530,721780,3,2003-01-12
3530,2640707,1,2004-03-13
3530,1852040,2,2004-04-16
3530,134928,4,2004-10-05
3530,836952,4,2004-12-08
3530,1972666,2,2005-02-21
3530,1010649,5,2005-03-16
3530,1338725,4,2005-04-18
3530,1168064,5,2005-10-18
3530,1126571,3,2004-03-07
3530,2609372,5,2004-10-13
3530,1062973,4,2005-10-11
3530,1487347,4,2005-05-16
3530,2405791,5,2003-02-11
3530,1529851,3,2005-08-11
3530,532654,3,2005-08-30
3530,437742,5,2004-06-06
3530,1610490,3,2004-11-22
3530,629389,2,2005-02-16
3530,1273323,4,2005-03-25
3530,441248,4,2005-04-05
3530,777453,4,2005-05-12
3530,102079,5,2005-11-11
3530,1056504,5,2005-12-22
3530,1791169,3,2000-01-12
3530,1911099,5,2004-08-17
3530,1195133,4,2005-05-25
3530,1184388,4,2005-08-11
3530,1746684,2,2004-11-18
3530,1021208,3,2005-01-04
3530,2458072,5,2005-04-29
3530,824691,2,2005-06-07
3530,1855592,3,2005-07-22
3530,178719,3,2002-10-22
3530,56393,2,2003-06-02
3530,142314,4,2003-06-09
3530,654591,5,2003-12-02
3530,2274199,3,2004-09-30
3530,349743,5,2004-12-03
3530,2455611,3,2000-01-17
3530,185372,2,2003-05-31
3530,693397,4,2004-06-01
3530,178539,1,2005-08-11
3530,1941973,4,2005-04-26
3530,1790076,3,2003-03-21
3530,1599252,2,2005-09-02
3530,256764,3,2004-06-21
3530,220024,4,2004-11-11
3530,332091,2,2005-05-05
3530,1293898,3,2005-06-16
3530,959541,3,2005-10-08
3530,2366001,3,2003-05-05
3530,2212285,4,2005-08-24
3530,1213178,4,2005-11-16
3530,675468,3,2000-01-13
3530,2448838,4,2004-05-06
3530,900899,3,2003-12-08
3530,1983272,4,2003-08-24
3530,1414361,3,2004-09-09
3530,2062455,5,2004-10-19
3530,1400108,4,2005-04-23
3530,1116868,4,2005-01-11
3530,1685354,3,2005-05-11
3530,946102,3,2005-10-29
3530,17374,4,2005-12-14
3530,1727961,2,2002-11-11
3530,1136551,5,2004-04-03
3530,1349433,3,2004-10-29
3530,2022518,5,2004-11-07
