887,1916231,4,2005-10-07
887,808189,1,2005-10-19
887,1240116,3,2005-09-07
887,307505,5,2005-09-04
887,2593573,3,2005-10-12
887,1879267,5,2005-09-24
887,1087756,2,2005-11-04
887,1695800,5,2005-10-29
887,852703,4,2005-11-17
887,1205803,4,2005-09-23
887,1809812,4,2005-10-15
887,1030669,4,2005-09-07
887,2572140,4,2005-10-05
887,2549566,3,2005-11-14
887,2351804,4,2005-10-26
887,2195329,3,2005-11-07
887,1765862,2,2005-09-25
887,168532,5,2005-10-03
887,2368342,3,2005-10-04
887,1840357,4,2005-10-12
887,306179,3,2005-09-20
887,1830027,3,2005-09-21
887,2337078,3,2005-10-04
887,560291,2,2005-09-12
887,99154,3,2005-09-20
887,812812,1,2005-10-05
887,59868,4,2005-11-15
887,1480102,1,2005-11-28
887,1740170,4,2005-09-04
887,2574401,3,2005-09-07
887,223986,2,2005-09-12
887,1314869,3,2005-07-25
887,2284214,3,2005-10-24
887,1597337,4,2005-09-06
887,1888966,5,2005-10-03
887,2299477,3,2005-10-10
887,1248528,1,2005-12-27
887,2173431,5,2005-09-12
887,2582384,3,2005-10-11
887,931750,2,2005-10-24
887,1262307,4,2005-11-07
887,414369,3,2005-10-13
887,1537424,3,2005-10-20
887,649747,1,2005-10-25
887,501969,2,2005-09-06
887,428475,4,2005-09-15
887,992268,4,2005-09-27
887,1508161,3,2005-09-07
887,720034,5,2005-10-17
887,1193515,4,2005-09-13
887,1746593,3,2005-09-26
887,2079484,1,2005-09-10
887,859380,5,2005-09-16
887,2152932,1,2005-09-18
887,1954340,2,2005-09-12
887,1621166,2,2005-10-27
887,1341386,5,2005-10-25
887,61668,5,2005-09-19
887,1899913,3,2005-09-20
887,166027,3,2005-09-28
887,1759235,5,2005-10-17
887,645334,5,2005-10-22
887,2644537,2,2005-09-09
887,1841210,1,2005-09-19
887,814789,5,2005-11-01
887,1383374,3,2005-12-08
887,778902,4,2005-09-19
887,1111994,3,2005-09-13
887,3826,5,2005-10-06
887,1708403,3,2005-09-06
887,1943616,1,2005-09-15
887,1770655,2,2005-10-06
887,1734488,2,2005-09-28
887,1889418,3,2005-11-05
887,935155,3,2005-08-31
887,1727516,2,2005-10-03
887,1732840,2,2005-10-16
887,1763979,3,2005-10-04
887,415002,4,2005-11-08
887,2072355,4,2005-12-04
887,1053520,3,2005-09-07
887,2392538,2,2005-09-19
887,588285,4,2005-11-09
887,1028645,3,2005-09-15
887,2504469,2,2005-09-27
887,1409518,4,2005-10-19
887,426741,3,2005-11-19
887,2176809,3,2005-09-30
887,517928,3,2005-10-04
887,1623711,3,2005-11-15
887,1344215,5,2005-12-12
887,2388773,1,2005-12-21
887,2020781,2,2005-09-07
887,664132,5,2005-10-18
887,2446018,3,2005-09-08
887,1679544,1,2005-10-06
887,1715411,4,2005-11-09
887,2271973,2,2005-09-08
887,2148895,3,2005-10-26
887,2047013,4,2005-10-01
887,1527215,5,2005-09-23
887,855371,1,2005-09-20
887,1299936,2,2005-09-21
887,1089953,4,2005-10-12
887,2199358,4,2005-11-07
887,1801809,2,2005-09-01
887,1047219,2,2005-09-24
887,1193818,4,2005-11-06
887,1854658,3,2005-09-05
887,1419816,3,2005-09-05
887,1702561,3,2005-09-01
887,1664306,3,2005-09-01
887,1240584,3,2005-11-14
887,1833557,3,2005-11-26
887,2019240,3,2005-09-02
887,764910,3,2005-09-09
887,1731259,4,2005-08-30
887,1789873,4,2005-09-06
887,1306812,2,2005-09-07
887,1574148,2,2005-09-18
887,1195586,1,2005-09-16
887,225691,4,2005-09-15
887,1602572,3,2005-10-07
887,1205634,3,2005-10-29
887,356621,5,2005-11-15
887,265323,4,2005-09-21
887,529607,3,2005-11-07
887,2199942,2,2005-09-21
887,59697,5,2005-09-06
887,1048304,3,2005-10-30
887,699263,2,2005-10-22
887,2365141,3,2005-09-06
887,1000803,3,2005-11-07
887,1235476,4,2005-09-13
887,904666,4,2005-09-20
887,249729,2,2005-09-06
887,2086129,3,2005-09-14
887,2382123,4,2005-09-15
887,2533665,5,2005-09-28
887,1189472,2,2005-10-11
887,853965,3,2005-09-02
887,1527295,5,2005-10-23
887,2126211,3,2005-11-14
887,1955744,5,2005-11-29
887,22792,5,2005-11-08
887,2408274,5,2005-09-18
887,2211173,3,2005-10-09
887,1595863,5,2005-09-05
887,76829,2,2005-09-16
887,977345,3,2005-09-26
887,280260,3,2005-09-24
887,1669116,3,2005-10-06
887,2177365,1,2005-11-01
887,1072466,3,2005-09-20
887,1867865,1,2005-11-28
887,364208,1,2005-09-06
887,2366478,3,2005-09-09
887,199159,5,2005-09-26
887,2647364,1,2005-09-26
887,1370842,3,2005-09-01
887,2089860,2,2005-09-14
887,872311,5,2005-10-11
887,828236,3,2005-10-11
887,2040916,2,2005-09-06
887,2062398,1,2005-09-06
887,2473986,4,2005-09-21
887,2357266,3,2005-09-28
887,2458211,4,2005-10-27
887,1937352,3,2005-09-14
887,2351311,4,2005-09-15
887,1510958,3,2005-10-23
887,77661,4,2005-10-20
887,582089,5,2005-12-02
887,1814565,1,2005-09-06
887,1770666,2,2005-09-13
887,1083414,3,2005-10-22
887,2575695,3,2005-10-27
887,1873180,2,2005-09-13
887,399474,5,2005-10-11
887,807169,3,2005-12-07
887,1293590,4,2005-09-20
887,560270,4,2005-12-09
887,1272368,3,2005-12-17
887,1269557,1,2005-10-17
887,2021544,3,2005-12-21
887,1541350,2,2005-10-20
887,1880064,4,2005-09-21
887,1898932,2,2005-09-04
887,2087257,4,2005-09-08
887,2084522,1,2005-10-04
887,2157131,3,2005-10-03
887,1631877,4,2005-11-10
887,1213778,3,2005-10-04
887,2414549,3,2005-09-11
887,1963479,3,2005-11-18
887,1820219,2,2005-11-28
887,2379819,3,2005-08-25
887,1221163,3,2005-10-11
887,130404,1,2005-11-17
887,2035220,2,2005-09-02
887,2613309,5,2005-09-28
887,928970,4,2005-10-12
887,127998,2,2005-10-20
887,937446,1,2005-12-13
887,908626,5,2005-10-29
887,2555341,4,2005-09-08
887,861140,3,2005-10-01
887,685356,3,2005-09-14
887,1164136,2,2005-11-04
887,136040,4,2005-09-26
887,1248729,3,2005-10-08
887,1925785,5,2005-10-17
887,182511,5,2005-10-13
887,2054421,3,2005-09-09
887,1235767,3,2005-10-19
887,1010616,5,2005-10-01
887,110567,3,2005-11-13
887,1138514,3,2005-09-17
887,414427,5,2005-10-01
887,2003891,1,2005-09-14
887,306635,4,2005-09-26
887,1269749,1,2005-10-24
887,1229525,2,2005-11-14
887,1824864,2,2005-09-19
887,518098,2,2005-11-29
887,1682786,1,2005-10-06
887,1959904,1,2005-10-13
887,2014331,2,2005-12-26
887,2250104,2,2005-10-18
887,886345,3,2005-10-09
887,842271,4,2005-10-19
887,381958,3,2005-10-13
887,2551876,3,2005-11-18
887,1588693,5,2005-09-02
887,824785,3,2005-09-30
887,355414,3,2005-09-24
887,395298,4,2005-10-08
887,1223703,4,2005-09-13
887,1557013,4,2005-11-02
887,2329149,4,2005-11-08
887,2522549,3,2005-09-14
