2929,249052,3,2004-09-14
2929,68845,2,2004-02-16
2929,326981,1,2003-12-18
2929,1228696,2,2004-04-07
2929,10095,1,2004-05-17
2929,567279,1,2005-03-18
2929,2298339,2,2005-10-06
2929,1329182,2,2005-03-22
2929,2439795,2,2003-12-02
2929,2502315,3,2004-01-06
2929,2602249,3,2004-07-07
2929,1181550,2,2003-11-17
2929,473516,3,2005-07-12
2929,2468881,2,2004-12-06
2929,2495584,4,2005-07-28
2929,1559022,3,2004-08-24
2929,2190629,2,2004-05-16
2929,1001129,2,2004-10-29
2929,2112780,3,2005-03-23
2929,1554241,3,2004-09-01
2929,999527,3,2004-08-12
2929,1727751,3,2004-03-23
2929,2352662,3,2004-06-23
2929,1588953,3,2004-03-11
2929,835310,3,2004-05-21
2929,1941202,2,2004-11-12
2929,2170930,1,2005-10-30
2929,2243477,1,2004-06-11
2929,286567,3,2004-08-06
2929,1553715,3,2004-06-04
2929,1314869,3,2005-01-19
2929,2062689,4,2005-03-03
2929,113090,2,2004-03-05
2929,2327967,2,2004-11-23
2929,1519583,2,2005-03-09
2929,968808,2,2004-03-21
2929,191768,2,2004-09-09
2929,930552,3,2005-03-14
2929,2439493,1,2003-11-21
2929,369617,1,2004-01-03
2929,238076,2,2004-10-06
2929,1818028,3,2004-04-16
2929,391201,2,2005-07-22
2929,162179,2,2004-03-03
2929,1771252,2,2003-12-03
2929,733364,3,2005-08-18
2929,2267012,4,2004-01-05
2929,2212136,2,2005-09-30
2929,2231960,1,2004-01-10
2929,1847693,3,2004-07-12
2929,2642668,3,2004-12-17
2929,616242,3,2003-12-01
2929,1530087,2,2004-01-03
2929,1648893,2,2004-04-29
2929,1784645,2,2005-10-19
2929,527559,2,2004-04-17
2929,2258411,3,2004-01-29
2929,1449358,2,2003-11-28
2929,431972,3,2005-05-15
2929,837588,3,2005-09-20
2929,1689219,2,2004-08-31
2929,1903324,1,2003-11-24
2929,1012590,2,2004-03-30
2929,1986034,3,2004-01-16
2929,1984890,5,2004-08-18
2929,209610,2,2005-03-18
2929,1828803,2,2004-07-20
2929,1743885,1,2003-12-26
2929,1702242,4,2004-08-21
2929,957170,4,2004-09-04
2929,1573916,3,2005-05-13
2929,326400,2,2005-11-16
2929,1940036,3,2004-01-29
2929,617459,1,2005-11-14
2929,989829,3,2004-04-10
2929,2310578,2,2005-08-29
2929,517176,5,2005-04-07
2929,1396006,1,2004-08-17
2929,603349,5,2003-12-18
2929,2121758,2,2005-10-23
2929,1017160,2,2004-01-17
2929,1257144,4,2004-08-20
2929,1072072,3,2005-06-26
2929,1159776,3,2004-04-13
2929,1664010,3,2005-10-15
2929,153435,2,2004-01-29
2929,433631,3,2004-09-01
2929,830262,2,2004-01-22
2929,755773,1,2004-07-03
2929,2438956,1,2004-09-14
2929,280120,2,2004-10-13
2929,1505732,5,2004-09-24
2929,1225571,3,2004-01-13
2929,977681,4,2004-04-09
2929,507140,2,2003-11-20
2929,2358148,1,2005-03-18
2929,1026933,2,2005-09-15
2929,1943866,4,2005-02-16
2929,2489068,3,2004-03-05
2929,2294319,2,2004-02-05
2929,593226,3,2005-09-14
2929,2320111,2,2005-11-28
2929,1100167,1,2003-11-19
2929,1005111,2,2004-06-23
2929,2019240,3,2004-05-31
2929,782075,4,2005-01-07
2929,765132,2,2005-09-17
2929,331432,2,2003-12-28
2929,1457134,3,2004-11-15
2929,825819,3,2004-05-26
2929,2428470,2,2004-10-22
2929,531533,2,2004-01-14
2929,115821,4,2004-03-02
2929,1917585,3,2004-12-07
2929,832894,2,2004-12-17
2929,491531,3,2005-04-06
2929,1979894,3,2004-07-27
2929,574834,3,2004-12-01
2929,2554679,4,2005-01-23
2929,926593,3,2004-02-12
2929,1567783,3,2005-08-14
2929,282427,1,2004-07-28
2929,2481767,2,2004-12-21
2929,1984315,1,2005-01-29
2929,929407,3,2004-05-23
2929,1021618,3,2004-07-31
2929,759902,4,2004-10-25
2929,986794,2,2003-12-08
2929,318235,1,2004-01-05
2929,1047233,2,2003-12-17
2929,2127108,4,2005-03-02
2929,421862,1,2005-11-01
2929,1493247,3,2003-11-25
2929,16272,3,2005-06-13
2929,1753194,3,2004-09-21
2929,1508313,2,2004-10-31
2929,1878344,2,2004-12-20
2929,467182,2,2005-03-11
2929,1305628,3,2004-06-26
2929,305344,1,2003-10-24
2929,1364473,4,2004-10-20
2929,1829748,3,2004-12-07
2929,1838480,3,2004-08-06
2929,1866566,3,2003-12-13
2929,1081980,2,2005-09-12
2929,1349680,1,2005-04-05
2929,220350,3,2003-12-13
2929,47694,1,2003-12-30
2929,1382872,2,2004-08-07
2929,1650616,3,2005-02-13
2929,995856,2,2005-11-26
2929,1917486,4,2004-03-01
2929,2388128,1,2005-03-04
2929,1323757,1,2004-05-24
2929,357782,2,2005-09-12
2929,24929,1,2004-05-26
2929,2088226,1,2004-10-11
2929,2287125,3,2004-11-15
2929,2188622,5,2005-01-06
2929,861279,1,2004-03-03
2929,1104959,4,2004-09-16
2929,201694,2,2004-02-04
2929,49355,2,2004-04-11
2929,1234579,1,2003-12-01
2929,1705878,3,2003-12-21
2929,1755852,1,2003-11-27
2929,2326969,1,2004-01-22
2929,2028737,2,2005-06-16
2929,2056022,3,2004-09-27
2929,705758,2,2004-10-07
2929,2577496,2,2005-04-13
2929,1615850,3,2004-02-22
2929,2250911,4,2004-04-11
2929,358629,3,2004-04-26
2929,578191,2,2004-08-02
2929,1928257,2,2004-05-25
2929,888878,4,2004-10-20
2929,1052633,2,2004-05-24
2929,1640731,3,2004-08-05
2929,816866,1,2004-02-12
2929,1081170,1,2004-03-13
2929,2118461,3,2005-12-22
2929,888747,2,2004-01-08
2929,387418,1,2003-11-12
2929,1719633,2,2005-06-16
2929,363401,3,2004-03-16
2929,1114324,2,2005-05-03
2929,303694,4,2004-01-12
2929,1061195,1,2003-11-20
2929,1008801,2,2004-05-18
2929,2398161,4,2005-08-20
2929,1306378,2,2004-10-20
2929,1663888,3,2005-11-09
2929,2217548,4,2005-06-07
2929,874732,3,2004-03-01
2929,1108339,2,2005-04-21
2929,983572,2,2005-06-22
2929,1785209,3,2005-01-27
2929,1084999,2,2004-03-22
2929,170248,1,2004-07-26
2929,2046654,2,2005-05-27
2929,1762082,4,2005-11-17
2929,2431740,2,2004-02-26
2929,1836014,3,2004-07-07
2929,1262684,3,2004-06-19
2929,2433096,1,2005-02-13
2929,2378918,4,2004-07-25
2929,2231404,2,2004-10-23
2929,2493423,3,2004-11-09
2929,580498,3,2004-11-22
2929,312556,5,2005-12-10
2929,1153750,2,2004-03-09
2929,2395504,2,2004-09-23
2929,35481,4,2004-09-21
2929,2095348,1,2004-05-18
2929,2219917,1,2004-01-13
2929,498340,4,2004-07-01
2929,1073387,3,2005-02-24
2929,2049393,3,2005-07-29
2929,2604059,3,2004-02-21
2929,1310542,2,2005-10-03
