2483,1112372,3,2003-07-30
2483,1650301,3,2005-02-09
2483,310856,1,2005-02-11
2483,1998117,4,2005-10-16
2483,935776,3,2004-07-25
2483,818736,3,2004-06-09
2483,1971581,4,2005-03-02
2483,1830096,3,2003-05-30
2483,369848,3,2003-07-01
2483,1722512,3,2003-08-31
2483,2047888,2,2003-08-02
2483,599628,1,2002-01-22
2483,800513,1,2003-09-23
2483,1181550,2,2004-01-23
2483,1400206,4,2004-11-28
2483,1236924,2,2004-07-22
2483,1582412,2,2002-03-07
2483,929308,4,2003-04-21
2483,494060,3,2002-01-02
2483,300417,3,2004-04-27
2483,992652,2,2005-10-20
2483,2247968,2,2005-11-10
2483,525356,2,2003-12-11
2483,2119007,2,2005-12-06
2483,762369,1,2002-08-04
2483,2508819,2,2003-03-16
2483,1938727,3,2005-10-05
2483,197920,1,2003-06-24
2483,1559022,2,2003-08-06
2483,630535,3,2004-04-19
2483,1264935,2,2005-03-13
2483,249288,2,2004-11-15
2483,1820960,2,2005-10-14
2483,1624875,3,2005-02-07
2483,1491667,2,2005-07-19
2483,243135,1,2002-06-13
2483,1324402,3,2004-08-11
2483,219903,3,2004-09-30
2483,1746215,1,2004-11-04
2483,912093,3,2003-08-27
2483,21705,2,2003-10-02
2483,835310,4,2004-07-19
2483,706264,2,2001-11-03
2483,888317,2,2002-02-16
2483,636634,2,2005-07-02
2483,1325127,5,2002-06-19
2483,753195,1,2004-11-18
2483,921528,3,2004-12-15
2483,1204760,2,2005-12-29
2483,521985,2,2002-11-27
2483,2469477,1,2005-06-14
2483,288510,3,2004-07-10
2483,8167,2,2003-08-17
2483,1166912,2,2003-05-12
2483,180221,5,2003-12-08
2483,1154958,3,2005-04-05
2483,2235640,1,2004-07-16
2483,1912002,4,2005-10-10
2483,2439493,1,2005-06-13
2483,959020,4,2005-11-21
2483,2202429,1,2003-07-17
2483,977462,3,2003-05-13
2483,1034714,1,2004-05-05
2483,1160162,3,2005-01-19
2483,366677,3,2005-07-22
2483,1134379,2,2005-05-30
2483,2455026,5,2005-09-13
2483,610513,2,2003-10-14
2483,1227252,2,2004-06-18
2483,1244890,3,2003-09-16
2483,2128893,2,2004-07-18
2483,174783,1,2005-02-22
2483,1823948,4,2005-08-22
2483,1174162,2,2005-11-02
2483,2438293,1,2003-12-23
2483,1300687,3,2005-07-20
2483,2336558,5,2003-06-16
2483,2552315,3,2002-03-26
2483,1631443,1,2004-08-17
2483,679243,2,2005-09-29
2483,1452792,2,2005-03-21
2483,1110156,3,2003-05-17
2483,1918044,3,2005-02-02
2483,1401151,1,2003-06-10
2483,969042,1,2003-07-28
2483,439968,3,2002-12-25
2483,1155200,3,2005-08-09
2483,2128219,3,2005-10-01
2483,2006914,1,2003-03-06
2483,587587,2,2002-08-21
2483,2618515,2,2005-03-11
2483,344733,2,2002-10-28
2483,2184853,3,2004-10-02
2483,2550530,1,2003-05-13
2483,1778729,1,2003-11-18
2483,746420,3,2003-09-25
2483,1919269,3,2003-06-06
2483,2457095,3,2004-07-01
2483,85747,4,2005-03-26
2483,697116,3,2005-04-06
2483,1951157,3,2005-06-27
2483,850067,3,2003-06-23
2483,2205594,4,2001-12-27
2483,2427474,4,2003-06-16
2483,107776,2,2005-06-06
2483,828529,3,2005-09-27
2483,2360796,4,2005-10-05
2483,592414,3,2005-10-21
2483,181592,1,2002-03-26
2483,1099798,3,2004-01-17
2483,1249692,1,2002-01-03
2483,2283366,3,2004-03-29
2483,709050,3,2002-04-27
2483,2137371,2,2004-01-03
2483,2441155,4,2003-12-05
2483,1304014,3,2003-02-28
2483,1120581,2,2003-06-16
2483,173211,3,2004-02-23
2483,1478728,2,2005-11-04
2483,507603,1,2005-09-11
2483,1306304,2,2002-11-04
2483,799442,4,2002-11-20
2483,1068988,4,2005-06-14
2483,610760,2,2005-09-09
2483,1500115,3,2003-10-01
2483,294088,2,2005-05-06
2483,1246744,4,2004-02-09
2483,800896,4,2003-05-07
2483,1863467,2,2004-06-11
2483,696183,2,2004-08-16
2483,744232,1,2004-12-26
2483,2052290,2,2002-07-31
2483,1951064,2,2003-01-13
2483,1990362,1,2003-05-23
2483,535962,4,2005-09-20
2483,2492155,3,2005-12-15
2483,1664010,3,2005-10-12
2483,1911985,1,2005-06-02
2483,507094,3,2004-12-12
2483,80354,1,2003-11-28
2483,1214824,4,2003-12-30
2483,1757577,1,2005-02-25
2483,382909,3,2005-06-28
2483,462171,2,2001-12-03
2483,762194,3,2004-10-30
2483,1442154,4,2005-08-21
2483,876510,3,2003-08-04
2483,1586449,4,2005-01-20
2483,2382338,2,2005-04-23
2483,2392201,2,2004-02-05
2483,742283,3,2004-07-31
2483,1780748,4,2005-12-21
2483,993550,5,2002-03-09
2483,613758,3,2003-10-02
2483,759537,1,2005-06-10
2483,2585863,2,2002-04-28
2483,1403046,2,2005-08-16
2483,491115,2,2004-11-17
2483,1465945,5,2002-10-08
2483,777281,4,2004-06-17
2483,69798,2,2005-03-03
2483,1467436,1,2004-09-07
2483,2022897,2,2004-10-05
2483,829075,3,2004-11-02
2483,71594,2,2002-03-26
2483,2595154,2,2003-05-18
2483,1819434,2,2004-10-08
2483,1510130,3,2005-10-24
2483,867068,3,2003-05-21
2483,1096841,1,2002-05-02
2483,1099981,2,2005-06-30
2483,491531,5,2004-12-10
2483,676758,2,2004-06-03
2483,522710,4,2004-07-15
2483,1548583,3,2005-08-29
2483,2448234,2,2004-07-15
2483,1748885,2,2005-11-12
2483,731685,1,2004-01-28
2483,2456250,2,2005-03-15
2483,2606799,2,2005-05-16
2483,910979,2,2004-06-09
2483,2099096,3,2004-12-29
2483,1011549,2,2005-05-27
2483,1878572,1,2002-10-30
2483,319985,1,2005-09-05
2483,2295594,3,2003-08-11
2483,1470972,2,2003-05-08
2483,59131,1,2005-08-19
2483,1669107,3,2005-10-08
2483,16272,2,2003-04-24
2483,837018,3,2004-07-24
2483,2432085,3,2005-03-19
2483,509775,3,2003-07-16
2483,1686442,2,2004-09-03
2483,1222283,2,2004-03-27
2483,1533,2,2005-08-13
2483,2330387,2,2004-08-23
2483,377214,3,2001-12-12
2483,2644189,1,2004-02-19
2483,1829748,3,2003-11-04
2483,2115145,1,2003-06-06
2483,305344,2,2003-05-17
2483,2258139,3,2005-03-25
2483,62959,1,2005-05-12
2483,2226510,3,2003-08-22
2483,1940764,2,2005-08-15
2483,1710658,2,2005-12-17
2483,1520070,3,2001-12-15
2483,490269,1,2003-06-01
2483,1450484,1,2004-01-12
2483,1344830,3,2003-09-15
2483,1195294,3,2004-08-17
2483,2340119,4,2004-12-12
2483,447759,5,2005-11-08
2483,1988735,2,2004-06-27
2483,780768,3,2002-10-08
2483,2066485,2,2004-07-08
2483,2534058,3,2005-09-17
2483,678384,2,2005-12-12
2483,1223744,1,2003-07-18
2483,1486355,1,2005-09-16
2483,2545618,2,2004-10-27
2483,423990,1,2003-10-18
2483,1651378,3,2005-08-22
2483,2437146,5,2005-11-03
2483,2174614,1,2005-05-13
2483,485294,2,2005-12-12
2483,27608,2,2003-05-02
2483,1325631,4,2004-06-30
2483,2485642,2,2005-08-24
2483,1406774,5,2005-09-05
2483,2255880,2,2004-07-06
2483,398661,2,2001-11-03
2483,2444052,3,2005-02-11
2483,2056022,2,2005-09-04
2483,1759950,1,2003-07-24
2483,1722054,5,2003-08-26
2483,1191408,2,2003-11-24
2483,1287490,3,2004-12-05
2483,1045579,1,2003-06-13
2483,1419774,4,2003-07-07
2483,1283990,3,2005-09-26
2483,1168593,2,2004-01-12
2483,2397922,2,2005-03-19
2483,2390609,1,2003-06-27
2483,740118,3,2004-02-18
2483,2480610,3,2004-12-15
2483,1498881,2,2005-10-23
2483,1903721,1,2004-10-26
2483,2118461,3,2005-12-18
2483,1922670,1,2002-03-27
2483,1475970,2,2003-11-14
2483,1598900,1,2003-09-12
2483,446674,1,2003-04-29
2483,387418,2,2003-08-22
2483,1054087,3,2004-11-30
2483,319368,2,2005-03-06
2483,719978,2,2004-02-02
2483,1223057,3,2004-08-02
2483,1114324,3,2005-04-14
2483,2303268,1,2005-04-21
2483,1602955,1,2003-04-25
2483,1553566,2,2003-06-02
2483,752668,1,2003-12-22
2483,1217121,4,2005-10-28
2483,2413471,2,2003-07-01
2483,1929292,4,2002-07-05
2483,2487751,2,2005-04-21
2483,2592540,2,2002-11-18
2483,1472073,1,2005-11-05
2483,1061195,4,2003-12-14
2483,2642683,1,2004-06-24
2483,2584454,1,2004-04-08
2483,1305838,2,2005-05-02
2483,551579,3,2005-07-26
2483,1639430,4,2005-05-19
2483,288455,2,2003-06-22
2483,1461435,1,2002-03-06
2483,2308600,3,2003-10-13
2483,1283763,1,2004-09-29
2483,894660,3,2005-10-31
2483,1465940,2,2002-04-17
2483,1477671,2,2002-04-18
2483,1768,3,2004-01-02
2483,241590,1,2004-11-22
2483,2433583,3,2005-02-28
2483,1467435,4,2003-10-14
2483,443077,4,2005-08-17
2483,622459,1,2002-08-10
2483,2587506,2,2002-03-08
2483,2268620,5,2002-08-22
2483,1386158,3,2004-09-13
2483,1438269,4,2005-11-22
2483,1179769,3,2003-05-02
2483,2235142,1,2004-03-02
2483,1584947,2,2003-09-15
2483,1251742,2,2004-06-25
2483,1395102,1,2002-05-08
2483,2029858,4,2003-08-17
2483,596690,4,2005-04-20
2483,1968070,3,2004-08-23
2483,707045,4,2005-05-10
2483,1952905,1,2005-06-17
2483,247521,4,2002-03-13
2483,1848593,1,2004-09-02
2483,2392601,3,2003-11-24
2483,1354649,2,2004-05-11
2483,1566628,3,2004-05-03
2483,2566809,1,2005-02-21
2483,89974,5,2005-02-19
2483,1904574,1,2005-02-13
2483,2056323,1,2005-03-14
