821,2298764,5,2004-11-05
821,945258,2,2005-11-10
821,2602249,3,2004-07-07
821,2105661,3,2003-10-12
821,2507593,2,2005-10-29
821,715299,2,2005-06-14
821,1199825,2,2005-01-13
821,2104131,2,2004-02-26
821,1784150,1,2004-11-15
821,1001129,2,2004-10-18
821,2072594,4,2005-08-03
821,8299,2,2003-05-29
821,1020998,5,2005-03-15
821,1333118,5,2004-02-08
821,336696,2,2005-08-15
821,1750544,3,2005-08-24
821,496975,2,2003-12-03
821,1166912,2,2003-05-16
821,2115962,3,2005-09-30
821,2439493,1,2003-05-07
821,1542310,5,2003-04-09
821,1605981,2,2003-07-15
821,2633011,2,2005-03-03
821,1176119,3,2004-11-22
821,325526,3,2003-10-01
821,465885,3,2003-08-19
821,2588510,1,2004-10-18
821,1631443,1,2004-11-17
821,2040859,1,2004-11-23
821,1179658,2,2003-09-01
821,1252103,3,2003-07-17
821,681227,1,2004-07-12
821,2456460,4,2004-06-07
821,550635,3,2005-03-04
821,874139,1,2004-08-26
821,2085211,3,2003-06-25
821,1929457,2,2004-07-02
821,580231,1,2003-07-15
821,2083367,3,2002-11-13
821,1776870,3,2005-04-05
821,2417531,3,2002-11-10
821,701960,3,2003-05-20
821,539938,3,2005-10-05
821,1664010,3,2005-10-12
821,1902838,1,2001-07-02
821,1198528,2,2004-08-21
821,1807122,3,2004-03-01
821,2066932,4,2003-08-11
821,1629608,3,2005-03-08
821,879085,4,2005-03-22
821,2023354,4,2004-02-24
821,2312645,3,2005-02-07
821,2628322,3,2005-09-14
821,1187026,5,2003-10-17
821,2449826,2,2004-06-10
821,1253144,3,2004-01-14
821,507422,3,2004-10-11
821,2606799,3,2005-05-16
821,5665,1,2004-03-17
821,798296,1,2002-11-19
821,23487,4,2005-03-13
821,2023334,3,2003-08-04
821,461070,2,2005-07-28
821,305344,3,2003-05-06
821,1760132,2,2004-05-26
821,1326892,2,2005-10-24
821,2030141,2,2005-07-30
821,1235649,3,2003-06-12
821,137546,3,2005-02-27
821,677276,3,2004-02-27
821,1481728,3,2005-12-04
821,381562,3,2003-06-30
821,2388628,3,2004-08-18
821,295044,5,2002-06-04
821,752642,1,2002-01-10
821,2131287,5,2004-03-16
821,520472,3,2004-10-13
821,1185862,2,2003-01-14
821,1224756,1,2002-10-28
821,403224,3,2003-05-19
821,2481827,3,2005-07-31
821,2394320,2,2003-03-11
821,1673292,3,2005-02-23
821,1722054,5,2003-08-26
821,325073,3,2005-07-15
821,2064995,3,2002-09-11
821,1804201,1,2004-01-24
821,740118,2,2005-03-27
821,2071221,3,2002-08-28
821,2118461,3,2005-12-18
821,2586297,5,2005-08-08
821,884078,3,2005-09-10
821,387418,3,2003-08-22
821,2508312,4,2001-12-24
821,2122210,4,2005-12-14
821,1114324,2,2005-04-02
821,1137710,3,2003-11-29
821,1486829,1,2004-04-12
821,1073300,1,2005-10-29
821,1032025,3,2004-07-13
821,1663888,3,2005-09-16
821,1461435,1,2002-02-12
821,2374825,4,2005-05-22
821,586729,3,2004-03-22
821,1516036,3,2003-09-17
821,2096960,3,2004-06-11
821,1564880,4,2002-08-13
821,2143500,2,2005-01-28
821,1453531,3,2005-12-09
821,1067602,2,2002-12-05
821,1648992,4,2004-12-10
821,2349702,3,2002-07-22
821,1663664,2,2005-01-30
821,2238060,5,2005-03-22
821,1852040,3,2004-09-22
821,1157011,2,2003-07-04
821,1685548,2,2002-08-05
821,985735,2,2005-03-16
821,2634967,1,2004-01-20
