2223,452013,4,2003-03-28
2223,1164467,4,2005-08-03
2223,577553,4,2004-06-30
2223,808888,3,2004-03-18
2223,1961542,1,2004-03-16
2223,1230594,2,2004-06-21
2223,1789913,1,2003-04-03
2223,92015,2,2002-12-17
2223,827380,1,2004-02-15
2223,2472288,5,2005-04-16
2223,1155304,2,2004-07-27
2223,818736,3,2004-04-12
2223,1460015,2,2005-09-01
2223,298401,3,2003-11-12
2223,349975,1,2005-01-04
2223,623677,2,2003-03-10
2223,269469,3,2003-09-11
2223,1892197,1,2004-11-05
2223,2543999,4,2005-12-05
2223,1162869,1,2003-12-13
2223,293151,1,2003-07-21
2223,347688,4,2005-01-27
2223,1493644,3,2005-01-28
2223,1386469,2,2003-09-14
2223,2386008,3,2003-05-11
2223,1193999,1,2005-05-30
2223,1808930,2,2005-07-26
2223,924822,3,2003-10-27
2223,2320969,3,2004-10-12
2223,1594764,1,2004-04-23
2223,2015597,3,2004-02-18
2223,2371601,2,2004-05-19
2223,1349184,2,2004-07-26
2223,962207,2,2003-10-07
2223,753856,3,2003-04-22
2223,1661835,5,2005-03-29
2223,776393,2,2003-08-13
2223,2102030,3,2004-04-27
2223,2476195,5,2005-02-10
2223,2119007,3,2005-12-06
2223,845653,3,2003-01-14
2223,2456942,3,2004-06-22
2223,1855420,5,2004-09-22
2223,425786,2,2002-10-16
2223,1146953,1,2002-10-22
2223,1777211,3,2005-06-19
2223,335555,4,2005-11-04
2223,1270901,3,2005-11-20
2223,917958,3,2003-05-21
2223,2457728,1,2003-01-22
2223,903241,5,2005-08-07
2223,333622,2,2004-06-09
2223,2378282,5,2003-04-17
2223,2542726,4,2003-10-07
2223,2372533,4,2003-08-22
2223,2083065,3,2004-11-15
2223,1820960,3,2005-06-01
2223,662412,2,2002-12-27
2223,109280,1,2002-10-31
2223,1278808,1,2002-10-31
2223,2035068,3,2005-01-20
2223,789969,3,2005-03-28
2223,625095,1,2003-06-10
2223,189088,1,2003-02-18
2223,2138757,3,2004-02-29
2223,213690,5,2004-01-21
2223,1752270,3,2004-04-28
2223,1540335,4,2005-10-06
2223,1567302,4,2005-08-15
2223,1422242,1,2003-04-25
2223,1916171,4,2003-04-25
2223,2479320,2,2004-01-10
2223,1134816,3,2002-11-07
2223,2330341,3,2003-01-15
2223,187896,3,2005-04-01
2223,2253957,2,2003-10-20
2223,80683,5,2002-10-10
2223,1030857,1,2005-08-10
2223,1498767,1,2005-07-06
2223,1840368,2,2002-11-09
2223,1532125,3,2004-07-16
2223,495009,2,2004-10-19
2223,571702,4,2004-04-05
2223,586694,3,2002-10-17
2223,199257,3,2005-07-30
2223,1563429,1,2002-10-24
2223,633085,4,2003-04-24
2223,328155,4,2003-05-08
2223,1145956,2,2005-08-17
2223,636634,3,2003-10-06
2223,2170930,1,2005-09-20
2223,2019560,2,2005-12-08
2223,2447861,2,2005-02-20
2223,169311,4,2003-03-03
2223,1556700,3,2005-03-01
2223,1792741,2,2004-02-11
2223,1314869,3,2004-10-29
2223,2100574,5,2005-11-15
2223,2440934,3,2003-04-26
2223,905074,3,2003-08-08
2223,1685089,3,2002-11-11
2223,1166912,2,2005-07-11
2223,2103199,3,2004-07-20
2223,556134,3,2003-10-24
2223,782611,3,2002-10-11
2223,27165,1,2005-07-15
2223,2238187,2,2003-09-28
2223,2251177,4,2004-02-16
2223,687337,3,2004-12-03
2223,219941,5,2005-01-12
2223,667500,4,2005-05-02
2223,2300581,4,2004-01-02
2223,1589798,4,2004-04-13
2223,118137,4,2003-09-18
2223,447282,2,2004-01-20
2223,1173733,5,2002-07-29
2223,2439493,1,2003-06-09
2223,1574003,2,2005-08-02
2223,1739296,3,2003-07-28
2223,646579,3,2003-11-07
2223,52417,3,2004-03-25
2223,1337450,1,2005-07-29
2223,1359978,1,2003-01-14
2223,1474071,4,2005-08-30
2223,1134379,2,2004-12-11
2223,1116080,3,2005-07-09
2223,351005,2,2004-05-20
2223,523416,3,2003-02-12
2223,2481333,4,2003-05-22
2223,15914,4,2004-03-19
2223,1429181,2,2004-10-22
2223,1895682,5,2004-11-05
2223,1124099,3,2002-11-14
2223,2020685,5,2005-05-09
2223,1806112,3,2003-07-09
2223,2398061,2,2003-07-03
2223,2238788,2,2003-10-04
2223,2389367,3,2005-07-01
2223,2125153,3,2004-06-23
2223,217065,3,2003-07-24
2223,44183,4,2005-09-24
2223,1473980,3,2005-10-26
2223,1666729,3,2003-05-11
2223,767832,3,2005-04-02
2223,828287,3,2005-10-21
2223,1134085,4,2005-01-19
2223,2264388,2,2004-03-19
2223,641719,3,2003-02-12
2223,461075,1,2004-09-27
2223,785566,4,2003-02-26
2223,632104,5,2005-05-22
2223,124742,3,2005-10-24
2223,276112,3,2002-12-05
2223,2382749,1,2004-01-14
2223,879196,1,2003-03-29
2223,376881,3,2004-01-29
2223,2412301,5,2003-12-16
2223,911001,1,2004-11-03
2223,226422,2,2004-02-24
2223,82368,2,2004-11-14
2223,521062,3,2005-01-29
2223,1159247,4,2005-03-07
2223,962019,1,2005-11-09
2223,1193731,2,2004-05-01
2223,2645139,4,2004-08-13
2223,1146044,3,2003-10-26
2223,1588727,2,2003-01-16
2223,1012590,3,2002-11-20
2223,485461,4,2003-09-29
2223,928262,3,2005-04-23
2223,1377751,5,2003-09-28
2223,1517590,2,2003-08-15
2223,2203889,2,2002-11-24
2223,1905883,4,2002-11-30
2223,227945,3,2003-04-21
2223,965104,3,2005-08-29
2223,580401,4,2005-05-10
2223,2038707,2,2003-05-12
2223,1689421,5,2003-03-09
2223,596995,3,2003-03-17
2223,582815,1,2003-05-01
2223,1708403,1,2003-04-02
2223,1876520,1,2002-10-04
2223,2161399,5,2002-10-24
2223,2356870,3,2002-12-24
2223,140157,2,2002-10-29
2223,1523671,3,2004-06-18
2223,1142961,2,2003-02-23
2223,887919,2,2003-03-23
2223,1662804,2,2003-04-22
2223,1423063,4,2004-03-03
2223,1369078,2,2003-03-03
2223,1334788,2,2003-08-13
2223,931316,5,2004-03-28
2223,1182451,3,2004-09-08
2223,1239121,2,2004-09-29
2223,1528418,4,2004-10-04
2223,407562,4,2004-11-23
2223,2087036,3,2003-01-27
2223,1871242,2,2003-10-22
2223,354980,1,2003-02-17
2223,399282,1,2005-08-21
2223,837071,4,2005-11-23
2223,812796,2,2005-02-04
2223,2612953,1,2005-02-08
2223,2392084,4,2005-04-24
2223,339693,2,2003-09-30
2223,6384,1,2004-06-01
2223,1721994,3,2005-11-16
2223,1570952,2,2003-03-10
2223,1144461,1,2003-03-03
2223,2345340,2,2003-05-23
2223,1344484,2,2005-08-27
2223,1763328,3,2004-12-08
2223,813592,5,2004-10-19
2223,507603,1,2005-09-11
2223,64784,3,2003-04-24
2223,2637932,2,2003-10-07
2223,1717184,2,2002-10-07
2223,1900047,5,2003-03-05
2223,1815109,1,2003-08-05
2223,1474754,1,2003-07-17
2223,179593,4,2004-05-07
2223,2362812,1,2005-06-14
2223,894519,3,2005-06-22
2223,1153057,3,2003-04-17
2223,398478,1,2004-02-12
2223,2083367,3,2002-11-13
2223,2260832,3,2003-03-03
2223,367324,1,2005-08-15
2223,322009,3,2005-08-20
2223,1681382,4,2005-05-05
2223,2235548,2,2002-11-06
2223,1793963,5,2005-08-09
2223,149511,3,2004-01-04
2223,1260854,2,2003-09-04
2223,1463056,1,2002-11-01
2223,873336,4,2003-12-17
2223,157094,3,2003-07-26
2223,2317770,3,2003-09-16
2223,1699710,1,2004-04-12
2223,1278786,4,2003-09-05
2223,321525,3,2004-05-11
2223,2310390,1,2004-07-28
2223,1660800,5,2004-05-03
2223,2586598,2,2003-04-11
2223,1664010,3,2005-10-12
2223,1093541,1,2003-06-02
2223,486822,3,2005-02-21
2223,1506841,3,2005-09-12
2223,2134292,1,2003-11-13
2223,2122850,2,2003-11-22
2223,1808648,4,2003-10-11
2223,2423113,2,2003-12-18
2223,830932,3,2003-05-12
2223,968203,1,2003-03-03
2223,2449926,3,2003-08-19
2223,1738197,3,2005-08-22
2223,123666,4,2004-02-10
2223,121008,3,2002-12-07
2223,1854220,1,2002-10-31
2223,497249,2,2002-11-04
2223,1925814,5,2005-08-09
2223,2062044,1,2004-02-20
2223,1909551,2,2003-03-04
2223,1029723,3,2003-08-15
2223,406841,3,2003-03-17
2223,1009547,4,2004-12-30
2223,2084614,3,2003-10-31
2223,2144613,3,2004-08-06
2223,862596,4,2005-09-17
2223,1234576,1,2003-12-02
2223,1502539,3,2003-02-11
2223,1990869,1,2003-01-09
2223,966733,5,2005-06-16
2223,2420828,2,2003-06-27
2223,1505182,3,2003-03-07
2223,771180,3,2003-03-31
2223,543358,2,2004-11-29
2223,2006945,4,2003-04-21
2223,1117152,3,2005-07-27
2223,1527,5,2003-03-11
2223,1219733,2,2004-12-31
2223,2270550,4,2005-10-31
2223,2409092,1,2002-10-13
2223,402321,2,2003-07-30
2223,2014761,2,2004-04-13
2223,1393600,1,2005-01-28
2223,1667291,4,2003-04-05
2223,706005,2,2002-12-31
2223,1327672,2,2004-01-20
2223,1157892,3,2005-06-25
2223,2440182,4,2003-03-29
2223,1298511,3,2003-07-06
2223,2196309,2,2003-04-16
2223,1965439,4,2004-10-14
2223,63053,4,2003-05-31
2223,1895096,1,2005-05-23
2223,141132,2,2005-12-28
2223,684531,3,2003-07-02
2223,655385,4,2005-09-06
2223,1086481,1,2004-03-18
2223,372881,3,2003-07-30
2223,1165187,4,2004-12-21
2223,2268182,3,2005-10-03
2223,1326533,1,2003-01-14
2223,1511945,3,2003-03-16
2223,2054870,3,2005-05-22
2223,2646703,5,2003-02-14
2223,1946303,2,2002-10-23
2223,275338,4,2002-10-09
2223,87113,3,2005-03-25
2223,625848,3,2003-03-20
2223,647267,5,2003-01-17
2223,245525,1,2003-03-06
2223,574452,4,2004-10-21
2223,867134,2,2005-11-20
2223,3321,1,2005-07-31
2223,1850173,2,2004-08-16
2223,2073799,2,2003-08-12
2223,531125,1,2005-09-09
2223,842863,3,2005-02-11
2223,2568496,3,2005-06-28
2223,687066,3,2003-05-07
2223,1238184,3,2003-05-18
2223,2447051,4,2003-06-27
2223,108965,2,2003-02-14
2223,675048,2,2004-10-03
2223,2583754,1,2005-06-20
2223,1424040,4,2002-10-02
2223,1334936,2,2004-01-07
2223,2534061,1,2003-04-16
2223,439130,1,2003-04-10
2223,328034,4,2005-01-03
2223,1478025,4,2005-01-31
2223,1194911,3,2005-09-22
2223,1165117,4,2005-10-05
2223,491531,1,2004-06-02
2223,451096,3,2003-04-03
2223,2446506,3,2003-03-03
2223,2418805,1,2003-09-30
2223,70281,3,2003-03-31
2223,234230,2,2003-02-14
2223,2408154,3,2003-05-04
2223,522710,3,2004-07-06
2223,2012886,5,2003-07-22
2223,1718002,3,2004-03-19
2223,1139925,2,2005-07-08
2223,1348456,1,2004-01-12
2223,2089599,1,2004-01-19
2223,2180255,3,2004-10-30
2223,1590264,3,2003-06-12
2223,2606799,3,2005-05-16
2223,480332,3,2005-09-28
2223,1875008,3,2003-06-21
2223,1273651,3,2005-04-13
2223,2184768,3,2003-02-26
2223,1845056,1,2003-08-26
2223,398056,2,2004-07-18
2223,1824299,3,2003-07-07
2223,20344,3,2005-03-27
2223,1131261,3,2003-07-09
2223,304855,2,2005-11-11
2223,2185896,3,2003-01-13
2223,1910120,4,2003-11-18
2223,1840797,2,2004-02-21
2223,1467176,3,2003-08-22
2223,117228,3,2003-04-09
2223,17707,2,2005-08-26
2223,799459,3,2005-11-08
2223,542323,2,2003-04-03
2223,1222312,3,2003-08-17
2223,2513067,2,2004-02-09
2223,1087693,2,2003-03-30
2223,2285289,3,2005-04-16
2223,1551842,4,2005-06-19
2223,1776695,4,2005-09-26
2223,798296,1,2002-11-19
2223,1235511,3,2003-10-20
2223,774778,4,2004-11-22
2223,1339156,2,2005-07-13
2223,967629,2,2003-12-02
2223,1182702,4,2003-05-21
2223,1321145,3,2004-04-10
2223,664476,2,2004-10-19
2223,2201882,3,2002-10-30
2223,775708,4,2005-03-23
2223,1720068,3,2005-02-08
2223,2515172,3,2005-11-20
2223,1116290,1,2003-12-27
2223,1647980,3,2003-03-26
2223,102374,3,2003-07-14
2223,1648640,2,2002-11-05
2223,1057247,1,2003-06-26
2223,2210638,2,2003-08-13
2223,829886,2,2005-02-10
2223,1592266,1,2003-05-05
2223,809286,2,2003-05-09
2223,1256482,2,2005-07-12
2223,1165782,5,2004-03-23
2223,2150985,3,2002-12-29
2223,1697175,3,2002-12-02
2223,41477,3,2003-07-22
2223,2497423,4,2004-11-08
2223,1893990,3,2005-04-18
2223,305344,2,2003-03-22
2223,2564229,4,2005-02-21
2223,2547840,4,2003-04-14
2223,303434,3,2003-04-09
2223,1022891,5,2004-03-22
2223,126104,3,2003-03-16
2223,2121896,2,2004-04-11
2223,2617574,2,2002-12-06
2223,1146919,2,2003-03-26
2223,2222151,5,2003-04-17
2223,1210199,5,2004-04-20
2223,1403217,1,2005-06-17
2223,1797262,4,2002-10-30
2223,1272536,3,2003-12-10
2223,1016087,3,2005-07-21
2223,308257,1,2002-11-12
2223,827240,3,2005-02-13
2223,2202976,3,2005-10-03
2223,358553,1,2002-11-21
2223,874376,3,2004-05-13
2223,596964,3,2005-01-03
2223,2291457,2,2004-08-14
2223,2640070,1,2005-02-24
2223,2619138,3,2002-12-31
2223,49718,4,2005-09-03
2223,211778,3,2004-12-02
2223,2545155,3,2003-11-02
2223,711905,5,2005-07-04
2223,269827,3,2003-04-16
2223,2206123,4,2003-05-13
2223,413229,4,2003-06-14
2223,2584676,2,2003-06-29
2223,827130,1,2002-10-18
2223,2430267,5,2003-02-14
2223,1264437,3,2004-04-28
2223,1223912,2,2002-11-26
2223,2136118,1,2004-08-25
2223,53719,4,2005-03-12
2223,2132762,1,2003-12-26
2223,1452669,4,2003-08-31
2223,1698241,2,2002-11-27
2223,218926,4,2005-09-09
2223,1591100,2,2003-02-27
2223,190446,1,2003-07-30
2223,2027967,3,2003-06-17
2223,1262941,4,2003-08-04
2223,2270041,2,2005-02-10
2223,2641545,5,2003-11-10
2223,186695,2,2003-01-17
2223,280962,4,2005-01-26
2223,133993,2,2005-10-04
2223,296746,4,2003-04-12
2223,1277303,5,2005-02-19
2223,1273237,2,2003-03-18
2223,2466899,2,2005-07-09
2223,1612563,2,2005-07-15
2223,140082,1,2003-06-30
2223,976553,1,2004-10-07
2223,1347915,4,2003-12-26
2223,2500031,5,2005-01-21
2223,464504,3,2002-10-30
2223,1471250,4,2003-06-11
2223,118528,3,2003-03-21
2223,1686713,2,2003-03-15
2223,123356,2,2004-03-10
2223,2056022,2,2003-03-27
2223,1570699,4,2003-12-21
2223,1531756,5,2005-06-09
2223,1722054,5,2003-08-26
2223,471654,3,2004-01-02
2223,336645,4,2005-12-28
2223,858340,2,2002-10-08
2223,2470429,2,2003-03-03
2223,1000033,1,2004-04-05
2223,720737,4,2005-06-19
2223,32668,2,2003-05-30
2223,266714,2,2003-04-28
2223,1924867,1,2003-10-22
2223,1632117,2,2002-11-13
2223,1338774,4,2004-02-20
2223,2241688,2,2003-03-25
2223,538005,1,2005-08-24
2223,1790328,5,2003-03-12
2223,428133,4,2003-09-15
2223,2527516,3,2004-12-15
2223,2263821,2,2004-12-27
2223,982821,4,2003-01-08
2223,314171,4,2004-10-08
2223,1355523,3,2003-04-30
2223,2118461,4,2005-10-22
2223,1760544,1,2003-10-07
2223,1628484,3,2005-08-11
2223,920060,3,2003-04-23
2223,798262,5,2005-03-03
2223,1490775,3,2003-03-03
2223,2033445,2,2003-06-02
2223,14704,3,2003-02-26
2223,1820564,1,2005-09-02
2223,387418,3,2003-08-21
2223,2508312,1,2003-05-11
2223,1988633,1,2003-06-24
2223,1314083,3,2004-06-22
2223,289992,3,2003-07-22
2223,1114324,3,2004-12-08
2223,1255383,2,2002-12-31
2223,596133,3,2003-09-08
2223,1306863,2,2004-12-26
2223,1212479,3,2005-04-17
2223,2552754,3,2005-10-17
2223,2433734,3,2003-07-25
2223,2327721,3,2003-06-18
2223,1267157,1,2003-09-08
2223,1006623,3,2004-01-27
2223,1087159,3,2005-04-06
2223,1596454,2,2002-10-31
2223,112449,2,2003-02-11
2223,611593,3,2003-02-26
2223,1073300,5,2003-09-23
2223,1061195,1,2004-10-31
2223,1773695,5,2002-11-05
2223,1032025,3,2004-09-23
2223,1345254,2,2003-12-19
2223,2243435,3,2003-05-27
2223,1663888,3,2004-05-25
2223,1791361,2,2003-12-02
2223,2199287,2,2003-07-21
2223,993089,4,2004-08-07
2223,35269,4,2005-06-15
2223,2258315,4,2003-09-10
2223,948208,4,2005-08-14
2223,924352,3,2003-03-03
2223,1293514,2,2002-10-30
2223,1824020,3,2003-04-24
2223,285092,1,2004-10-13
2223,485601,3,2003-10-31
2223,445900,1,2004-07-30
2223,1775417,2,2004-01-07
2223,2199465,1,2003-10-14
2223,1820593,3,2004-01-28
2223,1512040,4,2004-07-24
2223,1847613,3,2004-11-23
2223,1851578,4,2005-09-22
2223,1639792,1,2002-09-19
2223,2027131,2,2002-10-12
2223,1292370,1,2004-11-27
2223,1370511,2,2005-07-18
2223,1358777,1,2004-03-17
2223,2150689,4,2005-02-13
2223,177073,1,2002-10-27
2223,175432,2,2003-08-14
2223,2116905,4,2003-04-23
2223,1197891,4,2005-09-02
2223,295007,2,2004-03-31
2223,2387133,5,2005-04-19
2223,2611670,5,2003-04-07
2223,1817069,2,2002-10-29
2223,1130461,4,2003-05-06
2223,2149919,5,2004-01-18
2223,2241291,4,2004-11-06
2223,2080664,2,2003-10-08
2223,764482,1,2003-03-30
2223,658645,3,2003-01-10
2223,1993420,4,2004-02-10
2223,1872934,3,2005-03-09
2223,1745745,2,2004-01-27
2223,2049734,2,2003-11-28
2223,1972666,3,2005-02-18
2223,1862329,3,2002-12-20
2223,756924,2,2003-11-04
2223,505285,2,2003-11-10
2223,1296263,1,2003-08-23
2223,540603,5,2005-10-05
2223,2516156,4,2005-08-29
2223,646548,1,2003-09-24
2223,2269100,4,2005-04-06
2223,830716,3,2003-06-17
2223,2109786,3,2003-01-01
2223,1276983,2,2004-07-24
2223,828270,4,2003-07-12
2223,285174,3,2004-08-22
2223,1325816,3,2004-12-23
2223,428688,2,2002-11-03
2223,2236634,1,2003-03-10
2223,669581,2,2003-03-25
2223,1764962,1,2003-11-15
2223,1339423,3,2003-09-02
2223,1128843,3,2003-05-15
2223,141920,4,2004-07-13
2223,38879,4,2004-04-02
2223,663857,1,2005-02-07
2223,839109,1,2005-03-09
2223,309424,2,2002-11-01
2223,2170453,3,2004-07-14
2223,1423566,4,2003-12-10
2223,1750930,3,2003-06-19
2223,1771815,3,2005-04-06
2223,1022246,4,2005-04-13
2223,1270358,2,2003-09-08
