1022,306466,4,2002-05-02
1022,1109700,4,2002-01-04
1022,1369425,4,2002-05-25
1022,790689,4,2002-03-24
1022,1331887,3,2002-05-25
1022,2084572,4,2002-05-28
1022,1224344,3,2003-10-13
1022,2615678,3,2004-01-16
1022,1276913,3,2003-08-05
1022,1609442,2,2003-04-05
1022,1663216,3,2002-10-22
1022,390508,4,2004-02-23
1022,2457291,3,2003-02-18
1022,2314362,3,2002-10-13
1022,2560405,4,2005-08-12
1022,1828719,3,2004-02-27
1022,134188,4,2004-06-25
1022,1107322,4,2003-12-23
1022,760380,3,2004-04-20
1022,148005,3,2004-04-10
1022,1989800,3,2004-07-31
1022,2330282,3,2004-10-10
1022,1296163,3,2004-10-25
1022,1428688,5,2005-01-10
1022,1242432,4,2005-03-05
1022,1571931,5,2005-03-07
1022,1056998,4,2005-03-23
1022,2576354,4,2005-05-03
1022,573364,3,2005-11-10
1022,2338545,3,2002-08-15
1022,1645486,3,2002-05-27
1022,247794,3,2002-09-09
1022,1661229,3,2002-10-10
1022,326587,3,2002-03-29
1022,1721684,4,2002-06-26
1022,1247853,4,2002-09-17
1022,1174811,2,2002-06-14
1022,568620,3,2005-08-17
1022,2025812,3,2004-06-03
1022,1550976,3,2003-12-16
1022,1803169,5,2004-03-19
1022,661114,4,2004-03-05
1022,1556555,3,2004-04-14
1022,754781,4,2004-11-10
1022,433803,4,2005-02-11
1022,2591355,4,2005-02-27
1022,789493,3,2005-03-17
1022,769,3,2005-04-17
1022,290706,4,2005-05-02
1022,2053189,4,2005-09-13
1022,603277,2,2001-12-11
1022,1501288,3,2002-01-19
1022,15191,3,2002-05-07
1022,1199658,2,2003-10-21
1022,76196,1,2002-01-08
1022,2384779,4,2002-01-12
1022,955916,3,2004-03-26
1022,2476197,3,2004-08-24
1022,194426,5,2002-06-13
1022,2161899,3,2002-07-24
1022,1574266,3,2004-03-19
1022,964440,4,2002-10-30
1022,2341645,4,2004-02-01
1022,1935969,4,2004-08-30
1022,2100775,4,2004-06-05
1022,1969251,3,2004-02-03
1022,2051418,3,2004-08-30
1022,1310455,4,2004-07-15
1022,2503887,5,2004-07-20
1022,2424721,3,2005-03-08
1022,605619,4,2005-10-02
1022,1436407,4,2005-10-16
1022,442572,2,2005-12-12
1022,2259898,3,2004-07-02
1022,109089,4,2003-01-16
1022,361407,4,2002-06-03
1022,1620735,4,2002-10-29
1022,2312349,1,2004-03-14
1022,1276473,1,2003-08-20
1022,397077,2,2004-03-01
1022,2452166,3,2003-12-30
1022,1088563,1,2004-05-22
1022,1172252,4,2004-06-11
1022,2227848,4,2004-08-30
1022,570932,2,2004-09-21
1022,1654826,4,2004-12-21
1022,2304251,2,2005-01-07
1022,622558,1,2005-09-30
1022,1278950,3,2005-11-16
1022,1446018,3,2005-12-02
1022,324102,2,2002-04-12
1022,1714898,3,2002-08-01
1022,827096,5,2002-01-10
1022,1977959,3,2002-04-13
1022,2004175,3,2002-01-30
1022,2439795,3,2002-11-07
1022,2206777,3,2002-08-02
1022,2174660,3,2003-07-03
1022,1195377,5,2004-05-13
1022,1254903,4,2003-06-23
1022,2331306,4,2003-07-27
1022,512899,4,2004-07-19
1022,248932,4,2004-09-19
1022,422544,4,2005-02-01
1022,2257979,4,2005-05-05
1022,796788,3,2002-08-26
1022,2501155,5,2003-09-11
1022,764656,4,2002-02-13
1022,1404245,3,2003-05-19
1022,1237916,4,2005-07-26
1022,163830,4,2003-03-26
1022,249471,3,2004-06-13
1022,2467705,2,2003-06-11
1022,2073502,4,2004-03-28
1022,1037088,4,2003-08-11
1022,2414149,4,2004-03-14
1022,2161790,5,2004-06-19
1022,2436327,2,2004-03-03
1022,1888170,1,2004-07-12
1022,1872148,3,2004-05-13
1022,1198785,4,2004-07-25
1022,308632,4,2004-05-19
1022,1835515,5,2004-06-19
1022,1304144,3,2004-11-12
1022,20918,4,2005-02-12
1022,793754,3,2005-03-17
1022,2445916,3,2005-05-09
1022,445146,3,2005-06-27
1022,2043617,1,2005-11-16
1022,602223,3,2005-11-20
1022,1163123,2,2002-06-01
1022,870391,2,2002-08-01
1022,788769,2,2002-04-02
1022,221091,2,2002-10-02
1022,1947501,4,2002-10-07
1022,1839770,4,2002-04-06
1022,1764857,2,2003-04-16
1022,2309792,3,2003-01-08
1022,1016732,4,2004-02-04
1022,974577,4,2004-05-24
1022,2617878,3,2003-02-21
1022,1806729,2,2003-04-22
1022,2543231,2,2004-01-20
1022,1009673,4,2004-05-29
1022,2160787,3,2004-04-20
1022,2618381,4,2004-08-26
1022,176907,4,2004-05-19
1022,1517471,4,2003-12-25
1022,2541025,5,2004-05-24
1022,118346,5,2004-02-25
1022,2417642,4,2004-02-13
1022,2319023,2,2004-06-19
1022,2162641,4,2004-07-29
1022,2576514,3,2004-10-02
1022,782660,4,2004-12-08
1022,149028,3,2004-12-30
1022,2412588,1,2005-04-18
1022,1079295,3,2005-12-28
1022,1541892,4,2002-08-13
1022,759213,3,2003-11-17
1022,2299462,4,2002-06-16
1022,576586,4,2004-02-02
1022,2512231,3,2004-04-28
1022,2155399,3,2002-07-20
1022,2475820,5,2002-10-24
1022,2080003,4,2004-05-30
1022,634558,3,2003-06-02
1022,240904,5,2002-10-27
1022,952561,5,2004-04-27
1022,1883334,1,2004-02-13
1022,1562623,4,2004-02-03
1022,404888,5,2004-07-20
1022,266320,3,2004-06-20
1022,192934,5,2004-06-30
1022,1978844,4,2004-10-05
1022,1160300,4,2004-11-09
1022,2397231,3,2005-02-12
1022,845626,4,2005-04-06
1022,303948,2,2005-04-01
1022,916601,4,2005-04-08
1022,262411,5,2005-06-09
1022,2593317,4,2003-12-14
1022,1188167,4,2002-07-05
1022,1468138,5,2002-06-15
1022,824262,3,2002-04-12
1022,933168,5,2002-01-27
1022,1226576,3,2003-05-02
1022,1902261,3,2003-01-16
1022,2421777,2,2005-08-16
1022,442234,3,2003-07-11
1022,1859747,5,2003-11-14
1022,1902440,4,2004-06-29
1022,880148,5,2004-05-14
1022,1033815,3,2004-10-01
1022,114904,4,2004-10-17
1022,196090,3,2004-12-15
1022,2206813,4,2005-03-04
1022,2463059,2,2005-09-13
1022,2554745,3,2002-01-06
1022,1026298,3,2002-06-12
1022,1068656,4,2002-04-28
1022,629544,2,2003-01-09
1022,1731838,3,2002-06-06
1022,1228442,4,2002-06-24
1022,1673185,3,2003-05-03
1022,945258,4,2002-04-24
1022,522813,5,2005-08-01
1022,1794933,3,2002-09-15
1022,1451183,3,2002-09-02
1022,2203638,4,2002-11-04
1022,2262580,4,2002-10-04
1022,1052907,3,2003-03-23
1022,2596383,3,2005-08-26
1022,971977,5,2003-09-07
1022,1227322,3,2003-06-09
1022,1656776,5,2004-09-01
1022,1990523,4,2003-12-20
1022,1310126,4,2004-01-28
1022,1293611,1,2004-08-11
1022,1558304,3,2005-01-11
1022,1774516,3,2005-01-12
1022,1799789,2,2002-10-16
1022,1594764,2,2003-10-04
1022,2121379,3,2002-04-19
1022,2278436,3,2002-08-08
1022,1124851,4,2003-02-27
1022,2040211,2,2003-07-02
1022,191949,3,2002-09-11
1022,431732,3,2002-07-11
1022,2186436,3,2003-04-23
1022,2476533,2,2003-06-09
1022,2252223,4,2003-12-10
1022,2602282,5,2002-10-20
1022,740041,4,2003-04-18
1022,2535798,3,2004-05-09
1022,2203244,3,2004-01-09
1022,488900,5,2004-04-05
1022,1632290,4,2004-10-11
1022,1805888,4,2005-01-05
1022,687311,4,2005-03-17
1022,1389633,3,2005-05-31
1022,10972,5,2005-11-16
1022,337655,4,2005-12-15
1022,285856,4,2003-02-14
1022,1142291,3,2003-10-14
1022,2199439,3,2004-02-23
1022,2465917,3,2002-10-26
1022,1823259,3,2002-01-09
1022,843201,4,2002-01-05
1022,423270,4,2003-11-06
1022,929308,4,2003-10-02
1022,323614,3,2002-09-27
1022,617585,4,2004-05-15
1022,1591559,3,2003-02-11
1022,2073205,3,2004-09-05
1022,631636,3,2004-10-03
1022,1614895,4,2004-10-14
1022,144200,3,2004-10-29
1022,786312,3,2004-11-06
1022,210907,3,2004-12-14
1022,33599,3,2005-01-28
1022,1005983,4,2005-04-06
1022,1841130,4,2005-05-31
1022,2186191,1,2005-11-15
1022,2242704,4,2005-12-06
1022,1916224,4,2003-11-17
1022,171258,4,2002-07-06
1022,2623095,4,2002-10-01
1022,350899,4,2003-06-01
1022,2560273,3,2002-09-01
1022,501748,5,2003-07-06
1022,802326,4,2003-06-16
1022,1481210,5,2002-08-17
1022,2425147,4,2002-08-29
1022,2522946,3,2003-02-11
1022,949660,3,2002-11-10
1022,714330,3,2004-07-16
1022,1940966,5,2004-04-02
1022,2438600,4,2004-02-23
1022,776160,3,2004-04-30
1022,820624,4,2004-01-27
1022,2208806,4,2004-07-11
1022,1747154,3,2004-11-17
1022,1826941,4,2004-12-27
1022,574584,2,2003-02-14
1022,306199,3,2003-07-11
1022,1639561,4,2002-04-23
1022,178588,4,2002-08-23
1022,347209,2,2002-03-09
1022,1264196,3,2002-02-07
1022,1097654,3,2004-04-29
1022,549248,4,2002-05-30
1022,2102030,5,2003-04-29
1022,370346,3,2005-08-05
1022,1226073,3,2004-07-17
1022,2514407,3,2004-02-16
1022,2572003,4,2003-01-09
1022,563992,3,2004-02-10
1022,1034338,4,2004-08-12
1022,1610440,4,2003-04-03
1022,1422990,2,2004-09-07
1022,388617,2,2004-07-06
1022,2598561,3,2005-08-27
1022,62801,1,2004-06-24
1022,1785621,2,2004-06-17
1022,1002367,4,2004-08-18
1022,343080,4,2004-06-01
1022,650326,3,2005-01-09
1022,2301445,4,2005-01-29
1022,1755555,4,2005-06-05
1022,1854033,5,2005-10-16
1022,2596097,4,2005-11-15
1022,2014322,1,2002-12-11
1022,781778,4,2002-03-18
1022,1634889,2,2003-06-06
1022,24361,1,2003-12-11
1022,1865743,2,2002-01-31
1022,1589575,4,2004-07-24
1022,688742,2,2002-06-11
1022,860145,4,2002-11-17
1022,2284627,3,2002-12-31
1022,1376843,1,2003-08-06
1022,1118103,2,2003-06-29
1022,1424487,4,2004-06-03
1022,1094517,4,2004-04-16
1022,874550,4,2004-06-30
1022,1515534,5,2004-08-25
1022,1068044,4,2004-11-21
1022,895155,3,2004-11-22
1022,1977949,2,2004-11-23
1022,1637761,3,2005-05-06
1022,1271400,3,2005-06-24
1022,283850,4,2005-10-13
1022,2314206,4,2004-03-15
1022,824828,2,2002-01-22
1022,1416836,1,2005-07-12
1022,2493270,5,2003-03-07
1022,1054626,4,2002-05-05
1022,2046091,2,2003-08-28
1022,1837827,4,2002-06-06
1022,2208617,3,2003-09-22
1022,705774,3,2003-02-24
1022,795764,4,2004-03-18
1022,2148599,5,2002-10-07
1022,1585064,4,2005-08-10
1022,18103,4,2003-11-16
1022,2045981,3,2003-01-25
1022,1741099,4,2005-09-02
1022,1906860,3,2004-05-20
1022,1509395,2,2004-09-19
1022,244994,5,2004-10-25
1022,877113,4,2004-11-14
1022,504390,5,2005-01-19
1022,2528088,5,2005-02-17
1022,2384516,3,2005-03-09
1022,1507168,1,2005-05-08
1022,2586945,3,2005-05-23
1022,1033433,3,2002-11-10
1022,2433847,3,2002-01-12
1022,1892529,4,2005-08-04
1022,1674254,3,2002-10-11
1022,571822,3,2003-01-12
1022,2390223,3,2003-04-10
1022,2225854,4,2003-10-29
1022,1149582,5,2004-07-27
1022,254432,3,2003-06-27
1022,959042,3,2004-05-20
1022,1115632,3,2003-10-29
1022,297901,3,2004-02-15
1022,1215320,3,2004-09-08
1022,2274526,3,2004-05-08
1022,288956,2,2004-08-10
1022,2037015,3,2004-10-25
1022,602036,3,2005-01-19
1022,14389,4,2005-02-26
1022,1481318,3,2005-03-27
1022,1003967,4,2005-06-01
1022,1282822,4,2002-11-27
1022,2209835,3,2004-05-24
1022,2273863,2,2002-06-14
1022,259387,4,2002-11-19
1022,1514695,4,2002-05-09
1022,555886,4,2002-10-01
1022,156078,4,2004-08-04
1022,474998,3,2002-09-22
1022,1278394,5,2004-02-02
1022,484043,3,2004-05-07
1022,1737894,4,2004-03-21
1022,2265877,4,2004-06-21
1022,2607392,2,2005-03-01
1022,2330370,3,2005-04-23
1022,856436,4,2005-10-11
1022,2350518,4,2002-06-27
1022,2131029,2,2003-07-24
1022,917063,3,2002-05-21
1022,2234397,2,2002-05-09
1022,2393306,2,2002-04-23
1022,660937,3,2002-03-05
1022,2515643,3,2002-05-05
1022,2522648,5,2002-06-05
1022,1574119,3,2004-07-29
1022,966591,2,2002-08-30
1022,1646693,4,2003-10-09
1022,287673,4,2004-05-02
1022,785027,3,2004-05-04
1022,30978,4,2003-11-09
1022,688590,3,2004-03-15
1022,180296,3,2004-05-12
1022,2563194,3,2004-07-03
1022,295928,2,2004-08-12
1022,2213534,2,2004-11-26
1022,2413946,5,2004-12-20
1022,2648589,3,2005-01-22
1022,2066905,3,2005-02-16
1022,216690,4,2005-04-21
1022,962406,4,2004-07-12
1022,256656,3,2004-08-08
1022,758932,4,2004-05-12
1022,2434086,4,2004-07-26
1022,2423031,2,2004-02-13
1022,1108304,3,2004-02-18
1022,2228058,5,2003-02-21
1022,1834472,3,2003-04-08
1022,1607574,4,2004-09-10
1022,2227491,4,2004-05-18
1022,2473613,1,2004-01-04
1022,1810074,2,2004-09-13
1022,2133401,4,2004-09-10
1022,745667,3,2004-10-29
1022,353168,1,2004-11-09
1022,1847231,3,2004-11-30
1022,2532661,2,2005-01-24
1022,1632987,3,2005-06-01
1022,1613882,2,2005-12-13
1022,2103360,3,2005-12-16
1022,1463862,3,2002-02-27
1022,2119294,4,2002-01-20
1022,1220431,3,2002-06-20
1022,116894,3,2002-05-08
1022,1594095,3,2003-04-08
1022,420191,1,2002-04-13
1022,2096735,4,2004-01-27
1022,567822,2,2004-08-11
1022,339362,4,2004-07-18
1022,1898191,4,2003-02-14
1022,1931698,5,2003-12-16
1022,2002542,3,2004-05-12
1022,2555954,4,2004-06-01
1022,1532779,3,2004-02-25
1022,1640123,3,2004-05-23
1022,604949,4,2004-09-19
1022,503235,3,2004-10-07
1022,2035068,4,2005-01-02
1022,789969,3,2005-03-28
1022,104821,2,2005-05-05
1022,107871,4,2005-10-06
1022,116761,3,2005-10-27
1022,313260,3,2005-12-04
1022,1436987,3,2003-01-07
1022,2265966,3,2002-03-26
1022,4326,4,2002-01-05
1022,1603450,2,2003-03-04
1022,1821422,4,2004-03-14
1022,1447639,3,2002-01-10
1022,916347,3,2004-04-19
1022,2581672,5,2004-09-14
1022,395163,3,2003-05-16
1022,2029320,4,2002-06-08
1022,2411332,3,2003-07-25
1022,2128254,3,2002-08-22
1022,1925428,4,2003-05-13
1022,2232958,3,2002-09-08
1022,425592,3,2002-11-10
1022,625095,3,2004-05-07
1022,1597177,1,2004-04-24
1022,1927580,3,2004-10-13
1022,856833,4,2004-10-31
1022,323682,3,2004-12-31
1022,2344669,4,2005-03-19
1022,2384235,5,2005-05-29
1022,2143049,4,2005-10-21
1022,457099,4,2002-05-20
1022,2311090,4,2003-06-06
1022,2162539,4,2003-07-25
1022,2317868,1,2002-05-25
1022,468653,2,2003-02-26
1022,618034,4,2002-09-25
1022,2250843,2,2003-07-01
1022,2513485,4,2003-07-01
1022,2492392,3,2003-05-08
1022,2556305,4,2004-02-05
1022,956229,2,2003-11-01
1022,1640414,4,2004-01-29
1022,1802979,4,2004-06-14
1022,1170871,4,2004-06-25
1022,819383,2,2004-06-17
1022,2620651,3,2004-10-13
1022,2034428,3,2004-10-28
1022,2201323,3,2004-11-24
1022,1658953,3,2005-01-20
1022,1380506,3,2005-03-11
1022,1649034,4,2005-03-23
1022,2125417,1,2005-04-06
1022,757019,3,2005-06-29
1022,416214,3,2005-09-13
1022,750313,3,2005-10-09
1022,2206511,2,2005-11-02
1022,1620201,2,2002-04-02
1022,831643,3,2003-12-22
1022,1438953,4,2004-09-03
1022,1327787,3,2004-07-09
1022,2239825,3,2003-03-23
1022,1386424,3,2003-04-12
1022,269554,3,2003-10-20
1022,2199904,4,2004-06-03
1022,1612083,3,2004-05-29
1022,2262375,4,2004-12-28
1022,84705,2,2005-02-17
1022,41623,4,2005-02-18
1022,664887,3,2005-03-02
1022,388195,4,2005-05-08
1022,2639728,3,2002-08-30
1022,1759688,3,2003-02-21
1022,257622,3,2003-04-26
1022,602147,2,2002-11-05
1022,1134816,4,2002-09-21
1022,727242,1,2004-07-26
1022,891843,3,2002-09-11
1022,2320340,2,2003-02-24
1022,581199,2,2003-05-23
1022,2646115,3,2003-10-07
1022,440794,3,2004-03-30
1022,1508382,4,2004-08-17
1022,1033484,4,2004-05-24
1022,886452,3,2004-05-26
1022,187896,3,2004-06-30
1022,842026,4,2004-07-21
1022,1145955,4,2005-06-06
1022,1433690,5,2005-11-21
1022,443193,3,2002-01-20
1022,1532892,4,2002-02-01
1022,780160,3,2002-01-12
1022,2253957,3,2002-06-13
1022,651272,5,2004-01-01
1022,627312,2,2002-07-19
1022,2524846,4,2002-08-01
1022,1201534,3,2002-09-13
1022,719342,4,2002-12-03
1022,496887,3,2003-02-14
1022,923691,3,2004-08-09
1022,1972040,5,2004-05-07
1022,631404,5,2003-10-12
1022,180030,4,2004-02-27
1022,478176,4,2004-05-26
1022,592295,2,2004-09-23
1022,2045603,5,2004-12-20
1022,1058020,3,2005-04-29
1022,852097,3,2005-06-30
1022,2389557,2,2002-05-17
1022,33609,4,2004-07-03
1022,294470,2,2002-04-23
1022,1300795,1,2002-06-04
1022,2499019,2,2002-03-29
1022,1427380,4,2002-09-21
1022,1498767,4,2002-10-05
1022,1245709,1,2002-06-11
1022,2383510,5,2002-09-18
1022,1473627,4,2003-11-01
1022,150461,3,2003-06-06
1022,2642530,3,2004-02-16
1022,1233066,3,2004-08-31
1022,352286,2,2004-04-27
1022,1638551,4,2004-07-14
1022,542042,3,2004-10-11
1022,2320154,3,2004-12-13
1022,2174151,4,2005-01-09
1022,1767742,3,2005-02-15
1022,1616707,3,2005-06-01
1022,1264885,4,2005-06-07
1022,972494,3,2005-10-06
1022,1120781,4,2003-08-19
1022,1149287,3,2003-08-14
1022,1272379,1,2002-03-06
1022,1542449,3,2004-03-16
1022,778615,3,2002-05-24
1022,133707,3,2004-07-29
1022,596364,4,2003-04-14
1022,479440,3,2002-04-24
1022,218543,4,2004-04-12
1022,2359103,3,2005-07-31
1022,1665776,3,2002-10-29
1022,2600419,2,2002-09-13
1022,11875,3,2002-11-23
1022,1909793,5,2002-10-21
1022,577610,2,2004-06-05
1022,1244918,3,2004-01-19
1022,2191732,2,2004-04-07
1022,22853,4,2004-04-20
1022,1788346,1,2003-05-14
1022,1866997,3,2004-08-21
1022,1348134,3,2004-07-27
1022,1097721,3,2004-10-15
1022,913797,4,2005-02-22
1022,1582864,4,2005-03-03
1022,1489005,4,2005-05-06
1022,1873377,3,2005-05-09
1022,2407468,3,2005-11-02
1022,1498401,4,2005-07-07
1022,2223167,2,2003-03-16
1022,2164976,4,2004-05-24
1022,1637405,4,2004-06-14
1022,831103,3,2002-02-04
1022,1121319,3,2002-04-13
1022,2002250,3,2003-01-14
1022,2613123,1,2004-05-17
1022,1455730,4,2004-01-27
1022,519965,3,2004-02-15
1022,692950,3,2004-01-06
1022,294330,3,2004-04-12
1022,2035299,2,2004-06-13
1022,125765,2,2004-05-02
1022,960129,3,2004-11-20
1022,169311,4,2004-12-23
1022,1530351,3,2005-01-25
1022,1848945,4,2005-02-11
1022,2208940,2,2005-03-16
1022,586905,2,2005-03-27
1022,1184293,4,2005-06-27
1022,609087,3,2005-09-22
1022,1055699,4,2005-10-15
1022,1811949,3,2005-11-01
1022,1280053,2,2002-07-31
1022,718489,1,2002-03-20
1022,750903,3,2002-08-27
1022,538854,4,2002-01-08
1022,1896000,3,2002-11-01
1022,1155319,5,2002-02-12
1022,110288,1,2002-07-07
1022,111823,4,2005-08-02
1022,1132940,2,2002-07-16
1022,454612,4,2002-10-23
1022,991671,1,2004-01-09
1022,1441694,3,2004-03-03
1022,1751572,4,2004-03-08
1022,2437901,3,2004-01-01
1022,616402,5,2003-11-22
1022,415672,4,2004-06-02
1022,647609,1,2004-08-09
1022,1314869,3,2004-06-02
1022,754171,3,2004-08-12
1022,1943581,4,2004-09-29
1022,2598730,3,2004-10-11
1022,176987,4,2004-11-05
1022,407024,5,2005-01-10
1022,608694,3,2005-03-24
1022,2001806,4,2005-04-01
1022,266172,5,2005-05-13
1022,1386382,5,2005-10-08
1022,2244589,3,2004-03-05
1022,2085110,3,2004-03-20
1022,2570720,3,2004-12-04
1022,295182,4,2002-11-21
1022,1033474,3,2002-05-03
1022,586854,3,2004-03-09
1022,1248719,2,2002-09-07
1022,2115271,3,2002-06-15
1022,829701,5,2003-03-13
1022,1041295,3,2003-03-11
1022,920963,1,2003-03-13
1022,470744,3,2005-08-14
1022,1566134,3,2003-01-03
1022,2496492,3,2003-12-25
1022,2333714,4,2004-07-13
1022,2099530,5,2004-06-04
1022,1187712,4,2004-06-16
1022,858589,3,2004-06-06
1022,628670,3,2004-09-26
1022,1758770,3,2004-12-08
1022,380629,2,2004-12-10
1022,622282,2,2005-02-01
1022,843971,3,2005-05-10
1022,1707460,4,2005-11-28
1022,711569,1,2005-12-01
1022,888912,1,2005-12-06
1022,2178924,5,2003-09-16
1022,1988492,2,2002-01-17
1022,1605580,5,2002-01-27
1022,1989562,3,2002-02-16
1022,111085,4,2002-12-17
1022,1476005,4,2004-02-13
1022,895172,3,2004-01-16
1022,1531344,4,2002-07-29
1022,2460697,3,2002-12-28
1022,598790,5,2004-04-13
1022,2380716,4,2002-09-03
1022,1926431,4,2004-09-07
1022,221882,4,2004-07-08
1022,1240130,4,2003-09-19
1022,1083252,5,2004-01-06
1022,1751371,4,2004-06-19
1022,332171,3,2004-03-10
1022,955841,4,2004-07-12
1022,2389101,3,2004-03-01
1022,2428908,3,2004-02-17
1022,1880844,4,2004-05-27
1022,2175180,4,2004-12-05
1022,1367376,2,2005-01-11
1022,2048858,1,2005-09-25
1022,1601449,4,2005-12-21
1022,941192,4,2003-02-27
1022,2237185,3,2001-12-04
1022,1295700,4,2002-02-10
1022,531953,2,2003-02-21
1022,466083,3,2002-03-16
1022,2103199,3,2002-08-29
1022,1815541,1,2003-11-28
1022,2111183,4,2003-08-26
1022,859734,5,2003-01-23
1022,2094538,5,2005-08-16
1022,267705,3,2005-08-18
1022,1401487,4,2004-08-26
1022,1113209,3,2004-02-05
1022,2364719,4,2004-01-19
1022,478901,5,2004-05-18
1022,1648404,4,2004-10-08
1022,974823,3,2004-11-16
1022,915582,2,2004-12-20
1022,1718487,5,2005-01-11
1022,867886,3,2005-03-25
1022,1894306,1,2005-06-01
1022,2000669,2,2005-10-01
1022,782611,2,2002-03-24
1022,2262320,3,2002-04-20
1022,2246826,3,2001-12-11
1022,609908,4,2002-06-05
1022,1187113,4,2002-10-06
1022,1532433,3,2002-04-23
1022,1467195,1,2002-09-27
1022,477387,4,2002-07-29
1022,1591355,5,2002-12-24
1022,46846,2,2005-08-14
1022,2002671,2,2003-01-27
1022,2062350,2,2003-06-17
1022,1896942,4,2004-06-18
1022,292205,4,2004-01-25
1022,599880,4,2004-03-01
1022,2087888,5,2004-07-11
1022,982829,5,2004-04-06
1022,798730,4,2004-08-07
1022,1210717,3,2004-08-26
1022,264378,3,2005-01-31
1022,2335248,1,2005-04-03
1022,1475790,3,2003-03-06
1022,1055670,4,2004-08-01
1022,1139570,2,2003-12-22
1022,2012686,3,2002-09-25
1022,1107742,2,2005-07-27
1022,102919,3,2002-08-27
1022,2490806,1,2003-01-03
1022,1545519,3,2002-12-25
1022,807751,3,2004-05-26
1022,2367673,2,2004-03-20
1022,2333673,4,2003-06-14
1022,596474,5,2004-05-27
1022,1370590,5,2004-09-27
1022,1876208,3,2004-10-03
1022,1636987,1,2004-11-23
1022,1444271,3,2005-03-03
1022,2630337,4,2005-03-10
1022,1819462,1,2005-04-12
1022,1031385,4,2005-06-23
1022,1740686,3,2005-10-05
1022,122223,4,2002-04-13
1022,539835,3,2002-01-05
1022,2516529,3,2004-05-14
1022,2439493,1,2003-05-03
1022,1761530,3,2002-05-14
1022,703449,3,2005-08-01
1022,1047830,3,2002-07-09
1022,1687459,2,2002-09-11
1022,975488,4,2002-09-06
1022,1897107,3,2002-12-23
1022,2493962,3,2004-04-05
1022,2024399,2,2003-07-30
1022,530789,2,2004-08-03
1022,1024965,3,2004-07-01
1022,1142880,4,2004-04-24
1022,180858,4,2003-12-24
1022,1356923,4,2004-06-20
1022,1979787,2,2004-07-13
1022,1022657,5,2004-08-31
1022,1539146,3,2004-11-29
1022,216736,1,2004-12-10
1022,640464,4,2005-01-04
1022,2625412,4,2005-01-19
1022,807718,5,2005-01-22
1022,425049,3,2005-04-16
1022,2471102,5,2005-10-05
1022,2219070,5,2002-03-28
1022,2140883,3,2002-03-02
1022,2234203,3,2003-01-14
1022,2505993,2,2004-05-11
1022,1283870,3,2002-02-27
1022,1669517,3,2002-11-07
1022,1565824,2,2002-11-30
1022,2514236,3,2004-07-12
1022,455352,4,2002-10-07
1022,1386457,5,2002-10-05
1022,266946,4,2002-11-28
1022,1204833,3,2003-07-17
1022,8121,5,2003-08-25
1022,2468097,4,2004-06-06
1022,2216316,3,2004-06-30
1022,420266,2,2004-09-19
1022,427770,4,2004-09-20
1022,1952860,5,2004-10-29
1022,596405,3,2005-01-25
1022,1866729,5,2005-06-15
1022,307320,4,2005-09-11
1022,2400569,3,2005-09-29
1022,1000843,3,2002-12-15
1022,1684232,3,2002-02-24
1022,1147370,3,2004-05-19
1022,2452668,3,2004-08-04
1022,738847,1,2003-01-14
1022,1208629,3,2004-06-10
1022,874065,3,2004-04-12
1022,2073405,4,2005-08-15
1022,1436522,4,2004-08-09
1022,852739,4,2005-08-19
1022,1682763,1,2004-01-17
1022,1442275,5,2004-08-08
1022,18753,4,2004-07-03
1022,1903712,5,2004-10-01
1022,2272764,4,2004-11-05
1022,1572042,5,2005-02-15
1022,2305067,3,2005-10-23
1022,1087944,5,2004-07-31
1022,363980,3,2002-09-25
1022,2507392,2,2002-05-30
1022,1615548,4,2002-05-20
1022,773572,3,2004-08-20
1022,294445,3,2004-02-26
1022,2052691,3,2004-04-26
1022,681547,5,2004-05-21
1022,2053984,1,2004-05-31
1022,251165,3,2004-05-05
1022,1540183,3,2004-04-25
1022,1187678,3,2004-07-01
1022,357354,3,2004-12-08
1022,1567186,4,2005-03-17
1022,641881,2,2005-04-10
1022,1404386,2,2005-11-10
1022,971999,4,2002-08-01
1022,1673995,3,2002-07-23
1022,173301,5,2002-07-19
1022,473720,4,2002-03-24
1022,592069,5,2002-10-29
1022,2404693,2,2002-07-29
1022,396681,3,2004-08-10
1022,1584593,4,2002-09-27
1022,22685,3,2004-02-13
1022,833381,3,2003-01-08
1022,928481,3,2004-04-18
1022,238740,4,2004-09-18
1022,1379590,3,2004-11-04
1022,1616563,4,2005-05-09
1022,2389750,3,2005-09-26
1022,1310195,1,2005-11-23
1022,1965252,3,2002-03-14
1022,1959049,2,2003-06-12
1022,837541,4,2005-07-13
1022,1510334,4,2002-01-17
1022,687748,3,2002-10-09
1022,174783,4,2003-02-20
1022,1209343,3,2002-10-17
1022,403999,5,2003-01-10
1022,1563935,1,2005-08-10
1022,217107,3,2003-11-19
1022,2322463,4,2005-02-19
1022,593454,3,2003-11-18
1022,1576349,3,2003-12-22
1022,1163832,2,2004-05-18
1022,1182116,3,2003-04-26
1022,2245500,1,2003-08-23
1022,1834683,5,2005-03-17
1022,413336,3,2002-12-17
1022,572738,4,2003-08-12
1022,126698,5,2004-03-16
1022,861862,3,2003-11-20
1022,1873379,4,2002-01-09
1022,2438792,3,2002-01-22
1022,256072,2,2002-03-27
1022,1235099,4,2002-05-07
1022,589626,5,2002-09-11
1022,2023883,4,2002-08-25
1022,1059719,2,2002-10-15
1022,518309,4,2004-07-01
1022,1945838,4,2003-04-07
1022,578311,3,2005-09-07
1022,504297,4,2004-05-21
1022,1924273,5,2004-11-02
1022,1770331,4,2004-11-06
1022,1299280,1,2004-11-23
1022,2584793,4,2004-11-28
1022,1288427,4,2005-07-02
1022,2334368,2,2005-12-08
1022,686079,3,2002-09-09
1022,779328,3,2004-04-05
1022,4247,3,2003-02-14
1022,1192459,5,2002-03-22
1022,971898,4,2005-07-21
1022,1510091,2,2002-06-11
1022,2370866,2,2002-08-02
1022,2135602,4,2004-03-10
1022,318457,4,2004-01-24
1022,1839661,2,2003-04-30
1022,588918,4,2002-11-20
1022,2019351,4,2002-12-18
1022,930113,3,2004-08-13
1022,1485178,5,2005-08-21
1022,1607762,2,2004-05-13
1022,1045223,4,2004-08-19
1022,137464,5,2004-05-03
1022,19320,3,2004-06-14
1022,1139937,5,2004-06-14
1022,1551233,4,2004-10-22
1022,1047368,2,2004-12-17
1022,1345946,4,2005-04-28
1022,2417311,4,2005-09-23
1022,1632784,3,2005-10-28
1022,808724,5,2005-11-18
1022,151416,3,2003-05-06
1022,50123,4,2002-11-19
1022,2641278,3,2002-03-23
1022,2128440,1,2003-09-02
1022,1031441,2,2005-08-01
1022,685226,4,2002-09-25
1022,123384,4,2003-02-11
1022,320707,2,2003-01-01
1022,1486636,3,2003-06-20
1022,2373220,2,2003-09-07
1022,1783640,2,2004-09-20
1022,1458947,3,2004-09-20
1022,107784,3,2005-01-11
1022,3247,3,2005-06-28
1022,1918332,4,2003-07-03
1022,1136807,2,2002-07-18
1022,2305904,1,2002-12-03
1022,675798,4,2002-10-09
1022,2417066,3,2002-04-16
1022,464182,3,2004-08-02
1022,2383871,3,2002-10-01
1022,1112335,1,2002-07-08
1022,2441692,2,2004-07-15
1022,2260833,4,2003-10-13
1022,390067,3,2003-07-10
1022,453556,5,2004-06-17
1022,341692,3,2004-05-19
1022,2185919,5,2004-03-18
1022,1829904,3,2004-08-19
1022,835869,4,2005-01-31
1022,559622,1,2005-02-03
1022,1811217,4,2005-04-13
1022,22953,3,2005-05-10
1022,641754,3,2005-05-26
1022,124265,5,2005-05-29
1022,1536091,3,2005-11-16
1022,2219541,4,2003-02-24
1022,2025153,4,2002-04-04
1022,2627366,4,2004-06-25
1022,1598429,3,2002-08-28
1022,929208,2,2003-04-29
1022,2588510,4,2003-02-13
1022,2085736,3,2003-05-22
1022,1284421,2,2005-08-24
1022,659285,2,2003-05-28
1022,292813,2,2004-07-25
1022,1743364,4,2004-02-18
1022,598699,4,2005-05-02
1022,387157,3,2005-01-21
1022,451825,3,2005-02-23
1022,2174559,2,2005-03-16
1022,2440639,4,2005-04-20
1022,322451,3,2004-03-12
1022,2160137,3,2002-03-16
1022,2455107,3,2002-06-06
1022,806150,3,2003-02-13
1022,2645352,3,2002-05-08
1022,2631334,3,2002-12-24
1022,1587216,4,2003-01-14
1022,136596,3,2004-06-29
1022,1230380,4,2003-01-03
1022,2530071,5,2004-05-17
1022,433126,1,2003-08-22
1022,1484938,4,2004-01-16
1022,394817,4,2004-03-26
1022,1831572,3,2004-09-06
1022,1954340,3,2004-06-22
1022,2503103,3,2004-04-18
1022,1639755,3,2004-03-31
1022,2528342,2,2004-09-13
1022,513976,3,2005-02-24
1022,15880,2,2005-04-07
1022,2604217,1,2005-06-11
1022,1329779,3,2005-10-04
1022,2207520,3,2003-12-28
1022,976601,1,2002-05-22
1022,2584252,4,2002-01-20
1022,54867,5,2002-07-22
1022,2459169,2,2002-05-09
1022,256458,3,2002-03-15
1022,2415330,3,2003-10-13
1022,1110156,2,2003-05-17
1022,2494143,4,2004-01-29
1022,363402,5,2004-05-26
1022,2432352,3,2004-06-04
1022,645994,4,2004-04-05
1022,1819987,4,2004-01-10
1022,716797,1,2004-10-14
1022,344696,3,2005-01-21
1022,1373877,4,2005-10-10
1022,678184,4,2005-10-14
1022,492528,4,2005-10-15
1022,640743,3,2002-12-24
1022,1185461,4,2003-10-05
1022,937483,4,2002-12-10
1022,2331739,2,2002-08-14
1022,2504241,2,2002-11-21
1022,1558366,1,2004-08-25
1022,232121,1,2003-05-05
1022,313711,2,2003-11-21
1022,252054,3,2003-05-07
1022,257300,3,2003-07-08
1022,1696279,2,2003-09-24
1022,1552223,3,2004-01-02
1022,683866,3,2004-06-24
1022,436436,3,2004-08-05
1022,447070,3,2004-06-10
1022,1603733,5,2004-07-20
1022,1268699,2,2004-07-01
1022,509577,2,2005-01-13
1022,1191985,4,2005-01-28
1022,2226984,4,2005-02-08
1022,163205,4,2005-03-17
1022,195312,3,2005-11-01
1022,507764,5,2005-12-29
1022,2579303,4,2002-07-03
1022,1463939,4,2002-06-01
1022,2101632,1,2003-04-23
1022,1776051,3,2003-12-05
1022,1887046,3,2004-07-28
1022,391850,3,2002-04-23
1022,692473,4,2005-08-02
1022,320464,4,2004-03-23
1022,1175652,3,2002-08-25
1022,2636749,2,2003-10-28
1022,1902142,4,2005-08-17
1022,879196,1,2003-05-25
1022,1754395,3,2003-06-14
1022,1571609,3,2003-08-21
1022,904354,3,2003-12-07
1022,871915,3,2003-09-24
1022,2053880,4,2004-06-18
1022,127581,4,2004-08-09
1022,701774,4,2004-07-26
1022,857975,4,2004-09-20
1022,2001263,3,2005-01-09
1022,7521,5,2005-02-22
1022,75770,3,2005-05-06
1022,2508565,3,2005-09-27
1022,933755,3,2005-10-11
1022,379309,5,2005-10-11
1022,1526115,3,2002-07-23
1022,254788,4,2002-11-06
1022,2194583,4,2002-05-07
1022,2181532,4,2002-09-22
1022,2379843,4,2003-02-13
1022,1227730,2,2002-05-28
1022,1248503,4,2002-08-20
1022,82368,3,2003-02-27
1022,2097872,1,2003-03-14
1022,1255543,3,2003-02-14
1022,2388911,1,2004-08-31
1022,2460470,3,2004-08-02
1022,301978,5,2004-01-11
1022,1558352,3,2004-03-05
1022,952156,1,2004-04-08
1022,952126,5,2004-08-14
1022,2025302,4,2005-01-02
1022,361778,3,2005-01-23
1022,1092521,3,2005-02-15
1022,144099,4,2005-05-14
1022,602817,4,2005-05-14
1022,705594,3,2004-06-04
1022,1283798,4,2004-06-05
1022,1788566,5,2002-03-28
1022,927462,4,2002-06-15
1022,70483,4,2002-08-18
1022,1119113,4,2005-08-05
1022,984474,1,2004-03-25
1022,364340,4,2002-11-01
1022,1241060,4,2003-08-25
1022,428750,5,2004-05-13
1022,1248048,4,2004-05-12
1022,1939029,5,2004-06-16
1022,665008,4,2004-03-09
1022,2159596,4,2004-10-10
1022,78516,4,2004-10-22
1022,2365581,3,2004-11-03
1022,901167,4,2005-02-07
1022,120341,4,2005-04-11
1022,2248080,2,2002-06-02
1022,39242,3,2005-07-13
1022,1016994,3,2002-12-05
1022,1512017,2,2002-07-03
1022,2567137,3,2004-07-21
1022,346513,3,2005-08-19
1022,98586,3,2004-07-27
1022,2633545,3,2004-06-01
1022,1287939,3,2004-06-16
1022,1336330,3,2004-07-04
1022,693770,5,2004-10-30
1022,1694916,3,2004-11-24
1022,914254,4,2005-01-21
1022,2026775,3,2005-09-22
1022,1273985,4,2002-07-07
1022,1677064,3,2005-07-08
1022,1515278,5,2005-07-08
1022,1597736,3,2002-05-19
1022,1517590,3,2002-12-25
1022,1416480,3,2005-07-15
1022,2024703,1,2002-06-11
1022,606704,4,2002-09-30
1022,491280,3,2002-02-17
1022,2217779,1,2002-03-31
1022,2249634,4,2002-05-09
1022,810353,2,2002-06-04
1022,1883039,4,2005-08-05
1022,1241232,2,2002-11-12
1022,2383395,3,2005-08-14
1022,1603304,3,2003-02-11
1022,2509044,2,2003-02-24
1022,2001296,1,2004-02-23
1022,409574,5,2004-06-24
1022,1150995,4,2004-07-02
1022,2135902,3,2004-07-27
1022,2198070,3,2004-03-03
1022,2415196,5,2004-06-17
1022,252915,3,2004-03-11
1022,752980,4,2004-08-22
1022,1551980,3,2004-06-10
1022,235562,5,2005-01-10
1022,2622076,3,2005-04-15
1022,98724,3,2005-06-24
1022,1074903,4,2005-06-28
1022,2197203,4,2005-12-18
1022,898493,4,2003-04-24
1022,1404157,1,2002-10-26
1022,488494,5,2005-07-21
1022,2291750,4,2002-02-01
1022,1817781,5,2002-04-30
1022,759560,4,2004-03-19
1022,62753,3,2004-09-07
1022,2012874,5,2004-06-17
1022,1231326,2,2005-01-02
1022,892966,2,2005-01-19
1022,503441,3,2005-02-09
1022,161677,5,2005-05-10
1022,1576786,5,2005-09-19
1022,505875,3,2005-09-29
1022,2329614,3,2005-10-04
1022,954478,2,2005-10-31
1022,585968,2,2002-07-19
1022,1648620,3,2005-07-15
1022,356020,3,2002-04-02
1022,440316,3,2002-09-12
1022,1791461,4,2003-01-17
1022,483463,4,2002-03-11
1022,1416445,4,2004-07-01
1022,787428,4,2002-09-20
1022,746262,3,2003-01-01
1022,157646,4,2002-12-16
1022,596995,3,2003-03-04
1022,2032252,2,2004-05-28
1022,542408,4,2003-02-12
1022,225047,1,2003-02-12
1022,493009,4,2003-09-14
1022,2230795,4,2004-03-19
1022,2364155,3,2004-08-23
1022,2457095,2,2004-03-12
1022,1265961,4,2004-08-08
1022,661168,4,2004-07-30
1022,861329,4,2004-09-20
1022,1499380,4,2005-01-19
1022,181132,3,2005-09-20
1022,1622031,4,2005-10-25
1022,2336079,4,2002-08-01
1022,1120721,3,2002-04-30
1022,1828803,4,2002-01-15
1022,1285593,4,2003-09-17
1022,1876520,1,2002-05-23
1022,818060,5,2002-08-26
1022,296959,4,2002-11-14
1022,374368,3,2003-02-11
1022,2621408,3,2003-01-10
1022,2288023,3,2003-01-11
1022,721414,4,2003-10-12
1022,1936110,3,2003-02-24
1022,838617,3,2004-04-21
1022,2615679,3,2004-04-11
1022,581109,5,2004-08-30
1022,891349,5,2004-07-31
1022,2102169,5,2004-05-12
1022,2008418,5,2004-05-31
1022,1632046,3,2004-06-07
1022,2510298,4,2004-10-27
1022,745661,3,2004-12-15
1022,2000580,3,2004-12-18
1022,1846288,4,2004-12-21
1022,890608,2,2005-01-19
1022,2126796,3,2005-06-24
1022,989431,3,2005-07-01
1022,1615638,4,2004-02-17
1022,318028,4,2002-06-12
1022,2219287,5,2002-03-16
1022,1446775,4,2002-03-13
1022,1933832,4,2002-08-15
1022,615066,3,2002-03-06
1022,2633797,5,2004-07-16
1022,1498250,3,2004-05-18
1022,931651,5,2005-08-15
1022,125288,3,2003-05-25
1022,2012582,2,2004-05-18
1022,25524,4,2004-03-16
1022,1406633,3,2004-08-24
1022,2421781,5,2005-08-29
1022,62361,2,2004-06-17
1022,1105029,5,2005-02-14
1022,1734488,4,2004-09-29
1022,204164,4,2004-12-23
1022,1390282,3,2005-04-01
1022,1611056,3,2005-04-07
1022,2325330,4,2005-06-06
1022,1320626,1,2005-12-17
1022,300777,4,2002-01-20
1022,299287,3,2003-06-13
1022,1431636,1,2002-09-24
1022,2188435,3,2004-05-24
1022,590607,5,2003-06-05
1022,255750,2,2004-10-13
1022,1371426,3,2004-12-03
1022,118188,4,2005-01-28
1022,2259446,3,2005-03-18
1022,1376007,4,2005-03-31
1022,1533425,3,2005-05-30
1022,214986,5,2005-07-26
1022,15846,4,2003-02-24
1022,2623852,3,2003-07-03
1022,1439770,3,2002-07-23
1022,2089298,1,2002-02-26
1022,2556589,2,2002-06-07
1022,1643572,2,2002-09-06
1022,364749,2,2004-01-20
1022,301168,4,2004-06-25
1022,794337,3,2003-04-12
1022,1105226,3,2004-06-14
1022,2122647,4,2004-06-23
1022,1634325,3,2004-02-13
1022,188870,3,2004-01-13
1022,1260894,3,2004-08-15
1022,1526334,5,2004-03-22
1022,596918,5,2004-07-02
1022,227829,1,2004-11-14
1022,1615721,5,2005-01-04
1022,2022746,4,2005-02-03
1022,147143,3,2005-03-11
1022,107776,3,2005-05-31
1022,1079256,5,2005-11-03
1022,788262,4,2002-03-12
1022,814259,4,2003-01-10
1022,205239,4,2005-07-08
1022,2000790,4,2002-07-23
1022,838052,3,2002-02-05
1022,2450718,4,2003-01-03
1022,682970,1,2002-11-06
1022,1995832,3,2002-10-04
1022,641770,5,2002-07-23
1022,1316762,4,2002-11-03
1022,554137,5,2003-04-08
1022,355742,4,2005-08-14
1022,344444,2,2004-04-27
1022,130255,3,2004-03-05
1022,2498797,4,2004-04-06
1022,2027294,4,2004-01-18
1022,356157,3,2004-06-15
1022,1215094,3,2004-07-01
1022,395554,4,2004-12-07
1022,415033,3,2005-02-05
1022,1120498,3,2005-03-01
1022,921636,4,2005-06-09
1022,425245,1,2004-06-01
1022,2633486,3,2002-02-14
1022,1257450,3,2002-06-21
1022,1145647,1,2002-06-23
1022,1089193,3,2003-12-11
1022,908482,4,2002-06-16
1022,2205498,3,2002-06-05
1022,280113,3,2002-07-25
1022,2222864,3,2002-08-29
1022,149106,2,2002-12-06
1022,201486,1,2003-06-24
1022,2080174,3,2003-09-07
1022,837161,1,2003-10-10
1022,1501048,4,2003-07-09
1022,1476635,1,2004-04-08
1022,2459030,4,2003-11-25
1022,677299,2,2004-09-23
1022,2417151,5,2004-11-18
1022,751145,3,2004-11-22
1022,534794,3,2004-12-15
1022,1348110,4,2004-12-20
1022,2392084,3,2005-02-01
1022,749176,3,2005-09-12
1022,1674112,4,2005-11-04
1022,1643270,4,2005-11-08
1022,1599561,3,2002-08-28
1022,2331318,5,2002-10-25
1022,2568738,4,2003-03-12
1022,2240520,5,2003-03-10
1022,969175,4,2003-03-13
1022,1427482,4,2001-12-23
1022,1870745,3,2003-03-12
1022,107787,4,2002-09-13
1022,162543,4,2002-11-22
1022,65860,3,2003-03-03
1022,2515053,3,2004-05-12
1022,810555,3,2003-04-26
1022,2481491,5,2004-03-05
1022,679760,3,2004-04-17
1022,1238044,5,2004-03-12
1022,2180691,3,2004-06-20
1022,1230390,4,2004-10-17
1022,952582,3,2004-10-25
1022,1023241,2,2005-01-10
1022,1668874,3,2005-02-09
1022,1275254,2,2005-09-12
1022,408200,3,2002-07-09
1022,1695874,3,2002-06-14
1022,2047339,3,2002-09-11
1022,1928961,2,2002-12-03
1022,893789,4,2002-01-26
1022,1682604,3,2002-03-20
1022,680006,2,2002-10-17
1022,919805,3,2002-07-26
1022,2474142,4,2002-08-16
1022,1028737,2,2002-04-27
1022,575767,2,2004-02-04
1022,1312530,2,2005-08-30
1022,1711526,3,2004-04-26
1022,2515847,3,2004-05-26
1022,653361,5,2004-08-10
1022,1666742,3,2004-09-19
1022,165739,3,2004-10-15
1022,1588247,4,2005-03-29
1022,562156,2,2002-02-12
1022,2490710,4,2002-08-15
1022,998502,5,2002-01-10
1022,733199,3,2003-05-18
1022,1907128,4,2002-11-02
1022,736125,2,2002-05-18
1022,1265560,3,2002-10-23
1022,2223524,3,2002-03-13
1022,1356744,3,2002-05-28
1022,1386253,3,2004-07-31
1022,1260508,3,2004-01-20
1022,1098468,3,2005-02-11
1022,1634324,3,2005-05-22
1022,1892504,2,2002-06-05
1022,1806750,1,2003-08-08
1022,1754537,4,2002-03-27
1022,323977,1,2002-11-15
1022,2352346,3,2003-02-26
1022,2106681,1,2002-07-24
1022,579730,4,2004-01-22
1022,907623,4,2003-03-20
1022,1092430,2,2005-08-13
1022,1606086,4,2003-01-08
1022,754748,3,2003-07-10
1022,1987641,4,2004-01-05
1022,2409398,4,2004-06-03
1022,1443411,4,2004-02-23
1022,1129929,4,2004-07-03
1022,1197322,3,2004-08-18
1022,1146812,3,2004-08-28
1022,2135554,3,2004-09-20
1022,2245471,4,2005-11-08
1022,1492520,4,2002-02-22
1022,461907,2,2003-01-10
1022,102513,4,2002-06-02
1022,492478,5,2002-05-15
1022,131016,2,2002-05-07
1022,1915821,3,2002-03-17
1022,390072,3,2002-09-17
1022,1379305,3,2002-05-17
1022,2570444,4,2002-12-08
1022,7581,3,2002-10-08
1022,1794738,4,2003-01-10
1022,2638499,2,2003-12-08
1022,1085488,4,2004-07-19
1022,178886,3,2004-10-18
1022,577109,3,2004-11-10
1022,62710,3,2005-01-07
1022,2222080,3,2005-05-11
1022,1315525,2,2002-11-09
1022,623709,4,2001-12-04
1022,652469,3,2002-11-21
1022,1997079,2,2003-01-15
1022,2379395,1,2002-09-10
1022,1897896,4,2004-06-11
1022,2382060,4,2003-08-05
1022,2202057,4,2003-06-29
1022,1645666,2,2003-08-05
1022,877585,4,2004-03-16
1022,929279,2,2004-08-02
1022,2641580,3,2004-05-22
1022,2313260,5,2004-03-11
1022,1838796,4,2004-10-22
1022,599529,2,2004-10-26
1022,2120864,3,2004-11-30
1022,2405820,3,2005-01-03
1022,2551266,4,2005-03-16
1022,1031887,3,2005-04-24
1022,97893,3,2005-09-19
1022,480042,3,2005-12-21
1022,2470315,3,2002-09-12
1022,2217243,5,2003-04-09
1022,2214898,3,2002-09-04
1022,17433,5,2004-02-29
1022,854925,1,2003-04-28
1022,2186641,5,2002-07-15
1022,369756,4,2002-10-24
1022,1053603,3,2004-01-05
1022,328535,3,2003-12-04
1022,955719,4,2003-07-10
1022,164595,3,2004-02-02
1022,1422324,3,2004-07-08
1022,2518947,3,2004-05-28
1022,2191370,3,2004-10-18
1022,2276349,3,2004-11-18
1022,2385481,3,2005-01-23
1022,293775,3,2005-02-14
1022,1214640,3,2005-03-28
1022,936093,4,2005-06-06
1022,1518289,2,2002-05-29
1022,910798,3,2002-10-06
1022,1136172,3,2002-12-31
1022,986066,2,2003-09-05
1022,1675624,5,2002-07-08
1022,2040981,5,2002-08-10
1022,999907,1,2005-08-16
1022,1530425,3,2005-08-17
1022,414536,2,2004-02-22
1022,5927,3,2004-07-23
1022,1711975,4,2004-12-31
1022,2069305,5,2005-02-24
1022,2183290,3,2005-04-06
1022,2082635,2,2002-02-02
1022,417247,3,2001-12-09
1022,816301,4,2002-01-18
1022,2204336,3,2002-01-26
1022,738819,3,2002-05-08
1022,899762,4,2002-08-07
1022,836150,4,2002-05-06
1022,2520838,4,2002-06-18
1022,2546327,4,2002-04-26
1022,1025593,5,2002-04-02
1022,172377,4,2002-10-19
1022,866133,5,2002-09-12
1022,89994,3,2002-10-12
1022,763193,5,2002-12-23
1022,2260832,4,2004-05-20
1022,1131579,3,2004-06-29
1022,1047641,5,2004-08-11
1022,2390368,4,2004-08-17
1022,2450186,5,2004-04-22
1022,322009,3,2004-05-20
1022,2012052,3,2004-08-22
1022,920670,3,2004-02-27
1022,1682666,4,2004-04-30
1022,2038196,3,2004-11-22
1022,1192767,1,2005-01-05
1022,2131120,4,2005-03-25
1022,361886,4,2005-04-23
1022,844207,4,2002-08-20
1022,633890,1,2002-02-27
1022,616131,5,2003-11-05
1022,1495111,3,2005-07-21
1022,544115,3,2002-08-02
1022,2585513,3,2002-04-25
1022,1637683,2,2002-08-29
1022,2491575,3,2002-08-21
1022,147562,5,2003-01-12
1022,651070,4,2004-07-02
1022,470596,3,2005-04-12
1022,957716,3,2004-03-12
1022,1262241,3,2004-06-22
1022,1287868,4,2004-07-01
1022,1511815,3,2004-09-14
1022,1262887,5,2004-10-25
1022,2513748,4,2004-12-20
1022,1087004,3,2005-02-23
1022,1443126,5,2005-07-07
1022,851863,4,2005-07-07
1022,2322809,3,2005-07-08
1022,382932,2,2002-07-11
1022,2103301,3,2002-08-03
1022,1181013,3,2002-11-13
1022,1530803,2,2002-11-02
1022,1391661,4,2002-05-08
1022,113256,4,2005-07-26
1022,2588486,3,2002-08-12
1022,410389,4,2002-12-28
1022,945794,3,2003-09-04
1022,2423473,3,2004-07-23
1022,2054241,4,2004-05-26
1022,1612253,4,2005-01-03
1022,2310112,5,2004-07-24
1022,2613258,2,2004-07-15
1022,1973244,4,2004-08-23
1022,935173,4,2004-11-29
1022,718774,5,2005-05-23
1022,732445,5,2003-01-05
1022,1025838,3,2004-06-15
1022,1107478,3,2004-06-19
1022,1685912,4,2002-09-10
1022,2039463,3,2003-09-12
1022,2243988,3,2003-05-16
1022,2504544,4,2002-09-05
1022,338876,3,2003-03-27
1022,1268589,4,2003-01-11
1022,2059274,4,2003-01-19
1022,2378149,3,2002-11-11
1022,253659,3,2002-12-03
1022,2414586,2,2003-01-01
1022,136030,3,2005-08-24
1022,2637328,3,2004-05-20
1022,2240770,5,2004-05-14
1022,1042938,4,2004-02-20
1022,2101288,3,2004-04-09
1022,1679774,3,2004-08-10
1022,1877483,5,2004-08-13
1022,684902,4,2004-10-01
1022,323798,4,2004-10-23
1022,2524353,3,2004-11-10
1022,959685,3,2005-02-01
1022,838584,2,2005-03-13
1022,2183302,2,2005-09-28
1022,459248,2,2005-10-21
1022,383445,3,2002-06-13
1022,1543296,3,2003-12-05
1022,1032165,2,2002-03-31
1022,756209,3,2003-06-20
1022,1726438,4,2002-07-19
1022,2623119,1,2002-10-02
1022,1741356,4,2002-09-03
1022,157094,3,2002-10-02
1022,738116,4,2004-05-15
1022,1600613,4,2004-08-07
1022,1279851,3,2004-08-03
1022,2609871,5,2004-05-13
1022,1035855,3,2004-09-22
1022,966426,3,2004-10-06
1022,75862,3,2005-02-22
1022,1473712,4,2005-03-04
1022,818416,3,2005-06-28
1022,1362004,3,2005-09-26
1022,1124196,4,2002-02-19
1022,1699060,5,2002-06-14
1022,918452,4,2002-11-26
1022,1604236,3,2003-03-31
1022,2586598,4,2002-06-19
1022,758661,4,2002-03-03
1022,25954,4,2002-10-04
1022,200418,3,2002-07-26
1022,2473448,4,2004-05-13
1022,1444657,3,2002-09-13
1022,7715,3,2002-12-08
1022,1937841,4,2003-05-16
1022,2442646,3,2003-06-09
1022,213486,2,2003-02-14
1022,1418801,3,2004-03-02
1022,370643,4,2004-02-20
1022,1953066,4,2004-05-24
1022,529251,4,2004-06-02
1022,930364,2,2004-08-28
1022,2585173,4,2004-03-03
1022,789830,4,2004-01-07
1022,1996418,4,2004-06-07
1022,873342,3,2004-08-15
1022,989182,5,2004-09-19
1022,1499958,2,2004-12-20
1022,2119859,3,2005-01-19
1022,232535,2,2005-01-26
1022,1653757,4,2005-01-30
1022,249112,5,2005-03-01
1022,1684416,4,2005-04-25
1022,1664010,4,2005-10-13
1022,2309760,4,2005-10-14
1022,663488,3,2002-03-31
1022,558822,4,2002-01-23
1022,1383799,3,2002-09-11
1022,914358,3,2002-07-27
1022,1469029,3,2003-04-16
1022,1637007,1,2002-10-22
1022,646466,2,2002-11-19
1022,1281427,3,2003-03-13
1022,2612086,4,2004-08-14
1022,1099801,5,2004-04-08
1022,1299214,4,2004-01-12
1022,296452,1,2004-03-01
1022,2642453,3,2004-07-27
1022,2426411,3,2004-05-15
1022,2479232,5,2004-05-28
1022,687477,3,2004-07-20
1022,256549,5,2004-09-04
1022,65292,4,2004-10-14
1022,402683,4,2004-12-12
1022,1526640,2,2005-02-10
1022,748777,1,2005-04-06
1022,414886,4,2005-06-13
1022,1148103,1,2004-09-02
1022,1203925,4,2004-05-12
1022,475877,5,2001-12-11
1022,871312,5,2002-10-11
1022,2122850,2,2004-02-01
1022,1744422,1,2002-11-14
1022,1924500,4,2004-02-15
1022,1696181,4,2004-08-02
1022,362637,5,2004-03-16
1022,2098335,3,2004-08-02
1022,1171590,3,2004-06-03
1022,1737529,2,2004-10-18
1022,1406800,3,2004-11-16
1022,30637,3,2005-05-15
1022,559019,2,2005-06-02
1022,2234063,3,2005-06-25
1022,1084137,3,2003-04-14
1022,1295669,4,2002-03-18
1022,1474184,3,2002-11-23
1022,2180134,4,2002-07-24
1022,188846,3,2002-05-10
1022,432405,3,2002-05-18
1022,1809614,4,2002-03-27
1022,787658,3,2003-04-07
1022,2009562,3,2002-05-28
1022,149011,5,2002-09-21
1022,1294428,3,2003-12-20
1022,2161965,4,2005-08-17
1022,1701654,4,2004-07-24
1022,500325,4,2003-09-25
1022,2622498,5,2003-09-14
1022,1288105,4,2004-05-21
1022,61404,4,2004-03-04
1022,1486994,3,2004-07-20
1022,2525796,3,2004-11-08
1022,1408815,3,2005-04-13
1022,2574345,5,2004-12-14
1022,745146,4,2005-03-10
1022,2161714,3,2005-10-22
1022,1577696,3,2003-10-06
1022,2612572,3,2003-03-12
1022,223890,4,2003-09-12
1022,254600,3,2003-07-18
1022,2044635,4,2002-12-21
1022,910244,3,2004-02-11
1022,2047180,3,2002-11-17
1022,1198211,3,2004-01-10
1022,1872926,3,2003-02-12
1022,2514566,4,2003-11-26
1022,1566421,3,2004-02-26
1022,2492323,5,2004-05-13
1022,32885,3,2005-01-23
1022,1526418,4,2005-04-16
1022,742105,3,2005-05-13
1022,1520494,3,2005-10-02
1022,33758,2,2005-10-06
1022,519761,3,2002-04-10
1022,1642196,4,2004-07-27
1022,272821,3,2002-02-11
1022,383858,4,2002-06-05
1022,2207230,3,2002-09-12
1022,1599029,3,2005-08-12
1022,480206,3,2003-03-08
1022,2407157,2,2004-06-30
1022,1854712,3,2004-08-05
1022,1869926,2,2004-11-18
1022,2121501,4,2005-02-22
1022,893878,3,2005-09-21
1022,1713693,2,2005-10-18
1022,2063642,3,2005-10-25
1022,1700054,2,2002-05-25
1022,705616,3,2002-03-29
1022,1769783,3,2002-01-23
1022,1502539,3,2003-05-06
1022,540036,4,2002-01-11
1022,372018,4,2002-07-07
1022,2263041,3,2003-09-25
1022,2259299,2,2004-08-15
1022,1779102,3,2004-05-21
1022,1400378,5,2004-09-17
1022,1952024,3,2004-07-01
1022,2245599,3,2005-03-13
1022,311209,3,2005-10-28
1022,1816495,4,2003-05-27
1022,1365319,2,2003-11-18
1022,1802392,4,2002-04-12
1022,2156681,3,2002-10-04
1022,579626,4,2003-05-27
1022,2358990,2,2002-12-04
1022,1797455,3,2005-08-04
1022,1293345,2,2002-08-24
1022,438870,3,2004-05-18
1022,399761,2,2003-01-26
1022,594196,5,2004-01-26
1022,121806,3,2003-09-03
1022,552356,3,2004-09-07
1022,1892762,3,2004-07-12
1022,536688,4,2004-08-15
1022,1158194,5,2004-05-26
1022,541491,4,2004-06-15
1022,1615954,3,2004-05-26
1022,165595,5,2004-08-12
1022,1252788,2,2004-12-20
1022,2099780,2,2005-02-13
1022,1568882,4,2005-02-15
1022,775215,3,2005-03-08
1022,1470057,4,2005-04-22
1022,2022292,3,2005-06-25
1022,2617170,3,2002-02-17
1022,1120003,3,2002-05-07
1022,612275,2,2002-10-13
1022,1424084,4,2002-07-07
1022,1322927,3,2002-09-27
1022,2629452,4,2002-10-20
1022,875969,3,2003-05-12
1022,693586,3,2003-02-24
1022,2210857,3,2003-01-09
1022,978983,4,2004-06-08
1022,830680,3,2004-07-19
1022,2172616,4,2004-02-02
1022,1824028,3,2004-08-22
1022,521742,3,2004-10-10
1022,806868,3,2004-10-19
1022,2446661,2,2005-02-10
1022,1011235,3,2005-05-30
1022,1760115,4,2005-06-06
1022,339703,2,2005-06-21
1022,1107263,2,2002-07-17
1022,2234845,3,2002-04-02
1022,2384044,3,2003-06-02
1022,2189262,1,2003-07-24
1022,2256731,1,2005-07-22
1022,1132219,2,2002-03-05
1022,75435,2,2002-08-10
1022,2550496,3,2004-05-18
1022,832733,3,2003-04-15
1022,2246066,3,2002-08-18
1022,1732889,2,2002-11-08
1022,2637886,3,2002-11-26
1022,2562137,3,2004-06-08
1022,145395,3,2004-03-23
1022,89360,3,2004-02-12
1022,2509048,4,2004-03-14
1022,1029578,3,2004-06-07
1022,2513294,3,2004-09-27
1022,2542703,5,2004-12-23
1022,129161,4,2005-05-08
1022,1058842,2,2005-09-13
1022,1104884,3,2003-02-11
1022,589847,3,2002-10-10
1022,286684,3,2002-04-19
1022,273641,5,2004-08-18
1022,767341,3,2004-09-14
1022,1306182,2,2004-07-23
1022,1399776,3,2003-09-18
1022,1468007,5,2003-04-04
1022,2546621,4,2004-04-26
1022,2535942,5,2003-12-14
1022,361110,1,2004-09-10
1022,760211,4,2004-06-12
1022,779811,3,2004-10-01
1022,1219733,3,2004-11-21
1022,2318471,4,2005-09-29
1022,1774687,4,2002-04-14
1022,1895929,4,2001-12-13
1022,2291269,3,2003-12-12
1022,1341267,3,2004-08-01
1022,2533227,4,2002-04-26
1022,1712200,4,2002-12-18
1022,615750,4,2004-01-11
1022,1233627,4,2003-01-17
1022,1015570,3,2003-12-07
1022,1773264,4,2004-01-12
1022,1122882,4,2004-04-08
1022,494967,2,2004-05-11
1022,299489,3,2004-08-12
1022,2040324,3,2004-10-15
1022,1464441,2,2004-12-21
1022,1842984,3,2004-12-22
1022,253582,3,2005-03-01
1022,507426,4,2005-03-27
1022,2246248,5,2005-06-09
1022,1528246,3,2005-06-10
1022,1848868,4,2002-09-18
1022,2536547,3,2002-03-16
1022,591739,4,2002-05-24
1022,1838160,3,2003-10-31
1022,347276,5,2002-09-29
1022,1791973,4,2002-11-12
1022,1964566,3,2004-04-20
1022,1327672,3,2003-01-16
1022,1002802,4,2003-09-27
1022,871970,3,2004-01-29
1022,1223352,4,2004-06-28
1022,2614114,3,2004-01-27
1022,80250,4,2004-06-30
1022,1172215,1,2004-03-25
1022,1885932,5,2004-08-07
1022,1301819,3,2005-03-04
1022,1820824,3,2002-06-28
1022,2440182,4,2002-01-15
1022,339762,3,2004-01-14
1022,1764520,1,2002-03-13
1022,1897386,4,2002-03-31
1022,2070249,1,2002-07-19
1022,2080549,2,2002-06-09
1022,1856091,2,2002-05-15
1022,1298511,4,2002-04-13
1022,2570080,3,2002-06-01
1022,505630,4,2004-02-12
1022,1331155,2,2003-06-06
1022,1403479,2,2004-05-08
1022,9321,3,2004-09-20
1022,521290,1,2005-02-24
1022,1833256,3,2005-03-06
1022,230252,4,2005-05-07
1022,188134,4,2005-09-14
1022,92545,4,2005-07-05
1022,825637,4,2002-05-16
1022,805637,3,2005-07-09
1022,828349,3,2003-11-18
1022,975522,3,2003-01-15
1022,2128,3,2005-02-20
1022,86246,3,2004-01-20
1022,1951842,4,2002-06-17
1022,477892,4,2002-07-24
1022,2555100,1,2002-05-03
1022,327577,3,2002-05-02
1022,678645,3,2003-02-14
1022,1769698,2,2003-02-13
1022,506161,3,2004-01-29
1022,1941703,4,2003-06-06
1022,1963704,2,2004-02-25
1022,1996259,5,2003-10-02
1022,1422910,4,2004-07-25
1022,302667,4,2004-05-26
1022,117131,3,2004-05-14
1022,1432549,4,2004-05-24
1022,2428423,4,2004-08-18
1022,525071,2,2004-09-19
1022,1194467,3,2004-10-19
1022,1788492,4,2004-11-11
1022,928821,3,2005-04-07
1022,1068329,5,2005-06-16
1022,1256421,3,2005-06-24
1022,1940669,3,2005-11-03
1022,1370743,1,2004-01-14
1022,668106,1,2002-05-31
1022,2625471,3,2003-04-09
1022,2572409,5,2004-08-16
1022,2024193,4,2002-06-12
1022,2606932,1,2002-11-14
1022,922591,4,2003-02-23
1022,2233604,3,2003-07-03
1022,684531,4,2004-03-07
1022,669553,4,2004-02-18
1022,880548,2,2004-06-04
1022,2454811,3,2004-07-31
1022,869468,4,2004-07-01
1022,2100871,3,2004-06-10
1022,1428452,3,2004-11-14
1022,224795,1,2004-11-21
1022,606755,4,2005-07-01
1022,1444057,3,2005-01-19
1022,2415805,3,2005-03-16
1022,2198341,4,2005-05-05
1022,2293836,3,2005-06-27
1022,2337995,4,2005-10-25
1022,608987,4,2005-12-26
1022,1233335,5,2005-07-10
1022,2076738,3,2002-03-08
1022,1846060,4,2004-02-22
1022,16565,4,2003-07-02
1022,1327342,2,2002-09-24
1022,640631,3,2005-07-26
1022,1412962,3,2002-11-11
1022,2253748,3,2004-08-05
1022,425978,2,2002-07-29
1022,1629530,2,2002-12-29
1022,1343112,2,2003-06-26
1022,1337293,4,2002-06-19
1022,1901384,3,2002-07-22
1022,227295,2,2002-10-26
1022,14035,4,2004-08-09
1022,170334,4,2004-07-06
1022,308312,4,2004-03-17
1022,225354,3,2004-08-12
1022,2138746,3,2005-03-22
1022,1704383,3,2005-06-22
1022,1615014,3,2005-11-03
1022,1189060,4,2005-12-18
1022,389006,4,2002-11-15
1022,1607555,3,2004-07-03
1022,1653020,4,2002-08-23
1022,2393981,3,2002-10-29
1022,357140,3,2003-03-04
1022,1427106,4,2003-01-04
1022,1525483,4,2004-08-19
1022,2116793,2,2003-03-04
1022,1762182,3,2005-08-24
1022,815735,3,2005-08-27
1022,1264587,3,2004-05-11
1022,657617,4,2004-04-06
1022,2194719,3,2004-03-07
1022,829075,3,2004-11-02
1022,1782430,3,2004-12-10
1022,350067,2,2005-01-27
1022,1114796,4,2005-05-17
1022,1961586,3,2005-06-03
1022,2063679,3,2005-09-09
1022,2442111,5,2005-10-04
1022,1865396,4,2002-06-16
1022,1596336,3,2002-07-23
1022,1273033,3,2004-07-26
1022,2319353,4,2002-08-02
1022,332805,2,2005-07-22
1022,2472640,4,2002-03-10
1022,1434643,2,2002-09-13
1022,1694103,2,2002-04-21
1022,1147147,2,2002-12-08
1022,462538,2,2003-03-03
1022,1816884,1,2003-06-17
1022,294944,2,2003-04-16
1022,1940324,5,2003-08-21
1022,2525542,5,2004-03-12
1022,922551,3,2004-10-01
1022,1341186,2,2004-12-31
1022,267378,4,2005-01-02
1022,1901496,3,2005-03-07
1022,1920215,3,2005-04-18
1022,1852594,3,2005-06-11
1022,2456714,2,2005-06-23
1022,1634780,3,2005-11-06
1022,2032593,2,2005-12-05
1022,1090296,3,2002-05-17
1022,2251124,4,2004-07-22
1022,40851,3,2002-01-07
1022,2334279,3,2004-01-05
1022,1573631,5,2002-01-05
1022,1959256,4,2002-07-10
1022,120365,4,2002-08-01
1022,376589,4,2002-10-11
1022,1663717,5,2003-05-31
1022,1389725,3,2004-07-09
1022,166041,2,2005-09-07
1022,1001461,3,2003-11-21
1022,623326,4,2004-07-04
1022,1216109,4,2004-05-31
1022,1666483,2,2004-05-30
1022,1044170,4,2004-12-24
1022,2177466,2,2004-12-25
1022,71502,1,2005-10-01
1022,1215792,4,2005-10-26
1022,1659327,4,2005-11-22
1022,1534089,3,2004-04-13
1022,2498387,4,2003-10-09
1022,2584101,3,2002-05-19
1022,1359333,5,2002-03-31
1022,139989,3,2002-01-24
1022,909477,5,2005-07-25
1022,449632,4,2002-01-30
1022,1258715,1,2002-04-30
1022,2001123,4,2002-06-20
1022,2074434,4,2002-09-09
1022,211871,3,2003-12-29
1022,1168312,2,2003-02-14
1022,679042,4,2003-02-24
1022,370641,3,2004-06-01
1022,2016752,5,2004-03-31
1022,722591,4,2003-12-11
1022,2301767,4,2004-09-12
1022,747102,5,2004-02-23
1022,874610,4,2004-08-06
1022,762835,3,2004-05-12
1022,1324636,5,2004-05-13
1022,1649092,4,2004-06-29
1022,2032153,4,2004-08-19
1022,1255404,2,2004-10-10
1022,712943,4,2004-11-19
1022,338545,3,2004-12-12
1022,217619,3,2005-11-19
1022,2065128,3,2003-08-12
1022,604758,4,2002-07-27
1022,1835293,4,2005-07-18
1022,1534945,1,2005-07-20
1022,1937793,4,2005-07-26
1022,1418637,3,2002-05-13
1022,2307445,2,2002-07-05
1022,1092625,4,2002-10-28
1022,2469190,4,2004-01-26
1022,1621960,3,2004-06-08
1022,2506950,3,2004-06-29
1022,2088784,5,2003-06-22
1022,1320018,3,2004-01-31
1022,1907347,5,2003-12-15
1022,249977,3,2004-01-30
1022,1197760,4,2004-05-27
1022,304079,4,2004-06-01
1022,134845,3,2004-09-25
1022,524390,4,2004-11-21
1022,1858104,4,2004-11-23
1022,911416,4,2004-12-17
1022,599291,4,2005-04-23
1022,1322896,3,2005-05-29
1022,2162429,4,2002-09-14
1022,1238184,2,2003-01-09
1022,264190,3,2002-04-05
1022,2068002,3,2002-06-10
1022,1421402,3,2003-02-23
1022,2153837,4,2002-08-19
1022,2225743,1,2003-03-30
1022,2550711,3,2004-07-16
1022,653682,3,2004-05-14
1022,1580014,3,2003-04-10
1022,2010849,5,2004-08-09
1022,1400054,4,2004-02-23
1022,1669731,3,2004-08-07
1022,1411392,2,2004-09-17
1022,2162611,5,2004-10-30
1022,2142754,2,2004-12-19
1022,862396,3,2005-01-26
1022,258170,3,2005-12-19
1022,201707,3,2002-06-27
1022,923298,4,2001-12-10
1022,624453,2,2003-04-04
1022,1243530,5,2002-03-25
1022,1764681,3,2004-01-07
1022,799201,3,2002-08-16
1022,1600170,1,2003-05-17
1022,1001548,1,2003-12-17
1022,1600684,4,2003-04-03
1022,737639,3,2004-07-14
1022,662352,4,2004-09-08
1022,1835914,3,2004-07-06
1022,2436249,3,2004-05-31
1022,2192058,4,2004-09-10
1022,127590,2,2004-09-13
1022,67120,5,2004-09-20
1022,756206,4,2004-09-24
1022,2389781,3,2004-09-29
1022,1622353,5,2005-04-23
1022,1156852,3,2005-10-02
1022,215104,3,2003-02-11
1022,430320,5,2003-05-09
1022,1662883,2,2002-06-04
1022,1500564,3,2002-03-30
1022,576723,3,2002-06-01
1022,2081866,5,2002-07-30
1022,831151,4,2004-02-19
1022,1377693,3,2003-01-14
1022,2570992,3,2003-04-05
1022,2561723,5,2004-01-03
1022,734911,4,2003-11-13
1022,637213,4,2003-12-03
1022,448086,4,2003-12-18
1022,230112,1,2004-07-03
1022,407877,1,2004-10-14
1022,2209995,3,2005-05-07
1022,1122804,2,2002-09-18
1022,295485,4,2002-07-23
1022,1172904,3,2003-09-08
1022,2293827,3,2002-08-20
1022,1874720,5,2002-07-09
1022,2309047,2,2002-03-23
1022,907708,5,2005-07-26
1022,1232574,3,2002-10-15
1022,534802,4,2002-03-06
1022,841413,3,2002-08-30
1022,1328175,2,2002-10-29
1022,2345215,5,2003-08-04
1022,2286322,5,2004-02-15
1022,1689123,2,2003-02-12
1022,1545805,2,2004-08-14
1022,2048038,1,2004-02-03
1022,848036,3,2003-10-27
1022,1282584,2,2004-08-08
1022,2492047,5,2003-11-17
1022,267335,3,2004-05-12
1022,983523,5,2005-07-01
1022,888450,2,2003-02-24
1022,959819,4,2002-04-12
1022,491531,2,2002-04-27
1022,988266,3,2002-06-04
1022,606742,5,2003-02-24
1022,1406473,4,2003-06-25
1022,1084037,4,2004-05-27
1022,651541,2,2004-07-09
1022,1403730,4,2004-01-07
1022,757767,4,2004-06-11
1022,2210867,3,2005-03-24
1022,1489356,3,2005-05-25
1022,2266522,3,2005-06-27
1022,2398821,3,2005-09-17
1022,2072811,5,2005-11-04
1022,1574597,4,2002-01-06
1022,2554035,2,2003-08-08
1022,747497,4,2002-03-07
1022,2424006,2,2002-02-27
1022,2133574,4,2004-02-27
1022,1445952,3,2004-07-26
1022,501211,3,2002-04-02
1022,1197388,3,2005-07-31
1022,1254363,4,2003-08-03
1022,1097064,5,2003-01-03
1022,1657454,5,2003-01-16
1022,690907,2,2003-10-28
1022,1526116,2,2004-07-06
1022,1679839,4,2003-10-29
1022,997924,3,2004-07-29
1022,2488850,5,2004-05-13
1022,1735941,2,2004-11-15
1022,1116605,4,2004-11-25
1022,4421,4,2004-12-01
1022,2537094,2,2005-01-31
1022,811104,3,2005-03-27
1022,795448,3,2005-09-10
1022,2020033,5,2005-11-07
1022,2066490,5,2005-12-10
1022,1657258,4,2002-10-30
1022,336595,3,2002-08-16
1022,637644,4,2002-09-11
1022,1816712,4,2002-10-17
1022,239778,2,2004-01-16
1022,1082336,4,2004-07-10
1022,880786,4,2003-05-14
1022,656427,3,2004-05-02
1022,1712447,3,2004-08-11
1022,1987201,3,2004-01-06
1022,1818507,4,2004-06-29
1022,367884,3,2004-12-19
1022,1300772,4,2004-12-28
1022,1139925,4,2005-04-22
1022,2376860,3,2005-09-06
1022,1706987,3,2005-11-21
1022,2446344,2,2002-09-11
1022,670416,2,2002-07-09
1022,550615,3,2002-02-25
1022,227387,3,2002-06-01
1022,1213378,3,2002-05-30
1022,343490,1,2002-09-02
1022,1987190,3,2004-07-14
1022,1623198,2,2003-02-12
1022,1520904,4,2004-04-19
1022,1112140,3,2003-01-10
1022,402288,2,2003-06-04
1022,1891149,4,2005-08-24
1022,892461,4,2003-09-25
1022,1032111,4,2004-01-22
1022,1865249,3,2004-07-09
1022,1053828,3,2004-05-18
1022,83621,3,2004-08-06
1022,1250757,4,2004-10-16
1022,865727,1,2004-10-22
1022,144934,3,2005-04-01
1022,2288845,3,2005-10-16
1022,1084108,3,2002-01-12
1022,2094973,5,2002-06-20
1022,1278864,3,2002-01-05
1022,576219,2,2002-03-08
1022,2282997,3,2002-06-19
1022,1360072,1,2002-12-24
1022,690747,2,2002-09-30
1022,1851346,2,2003-02-12
1022,729873,3,2003-08-04
1022,1999338,4,2003-03-26
1022,1586924,3,2004-01-30
1022,1062387,3,2004-06-18
1022,734328,3,2003-10-22
1022,1819577,3,2004-07-28
1022,234484,4,2004-05-15
1022,1065302,4,2004-06-19
1022,720060,4,2004-12-20
1022,2332390,2,2005-01-10
1022,485334,3,2005-02-03
1022,1224367,3,2005-03-09
1022,773361,4,2005-04-04
1022,1207588,2,2005-06-07
1022,2248675,4,2005-09-22
1022,152441,3,2003-01-18
1022,2622351,1,2002-07-18
1022,984023,4,2004-02-19
1022,922280,5,2002-12-05
1022,1146000,3,2002-01-27
1022,1961159,3,2002-12-15
1022,401178,4,2002-11-08
1022,1131261,1,2003-10-28
1022,2069740,5,2003-09-08
1022,1484282,2,2003-04-10
1022,1842511,3,2005-08-26
1022,1436791,4,2004-07-09
1022,366530,4,2003-10-20
1022,357087,3,2004-01-31
1022,2092598,3,2004-07-01
1022,693108,3,2004-06-28
1022,1282194,4,2004-10-25
1022,1511008,4,2005-03-25
1022,898670,4,2005-06-30
1022,587610,5,2005-07-01
1022,2247667,4,2002-05-08
1022,1889005,4,2004-05-15
1022,2508962,3,2002-04-03
1022,566280,4,2002-05-25
1022,1641072,2,2004-01-21
1022,566993,3,2002-06-04
1022,1252645,4,2002-05-30
1022,1539849,4,2002-12-27
1022,815551,2,2002-07-23
1022,1398397,3,2004-06-01
1022,1465522,3,2002-11-21
1022,1199611,3,2003-01-02
1022,2295245,4,2003-06-12
1022,1026569,3,2004-06-14
1022,348000,3,2003-03-06
1022,2082132,2,2003-08-18
1022,1814975,2,2003-06-02
1022,168196,3,2004-07-30
1022,1188163,5,2004-09-02
1022,752807,2,2004-07-27
1022,2256485,3,2004-07-21
1022,2644188,3,2004-06-25
1022,2533665,1,2004-10-01
1022,1896490,5,2005-05-06
1022,1778317,5,2005-10-07
1022,156235,2,2005-12-26
1022,2237957,3,2002-10-09
1022,1351322,3,2005-07-12
1022,1000851,3,2002-12-24
1022,23503,4,2003-06-06
1022,2216171,3,2005-07-26
1022,271465,4,2002-03-31
1022,1303598,3,2002-07-24
1022,1823645,3,2004-01-02
1022,450949,4,2003-01-03
1022,2216803,4,2004-02-08
1022,1698123,4,2003-11-11
1022,2518612,3,2004-04-11
1022,1198828,3,2004-05-19
1022,1632922,3,2004-12-12
1022,2127108,3,2005-01-30
1022,1248626,3,2005-02-14
1022,716173,5,2005-04-06
1022,1871917,3,2005-04-18
1022,244806,3,2005-05-02
1022,1332725,3,2005-06-02
1022,2026180,3,2005-06-18
1022,790305,1,2005-09-08
1022,1779282,3,2003-10-02
1022,1048813,4,2002-10-04
1022,331278,4,2004-07-10
1022,2128901,4,2003-01-10
1022,138106,3,2004-06-13
1022,239297,3,2005-08-09
1022,1405379,4,2004-09-02
1022,1217897,4,2005-08-14
1022,1664393,3,2003-08-08
1022,1189104,2,2003-07-11
1022,2334289,4,2004-05-24
1022,248804,4,2004-09-30
1022,184162,4,2004-10-19
1022,628380,3,2005-05-31
1022,1182617,2,2005-06-19
1022,2039272,4,2005-11-04
1022,1788794,3,2005-11-26
1022,77313,4,2005-07-15
1022,2531111,4,2002-02-15
1022,504624,3,2002-03-31
1022,789014,1,2003-01-19
1022,105532,2,2002-10-19
1022,2295594,3,2002-04-30
1022,798296,2,2002-09-14
1022,2418629,4,2005-07-26
1022,81518,1,2002-05-31
1022,1700035,1,2002-12-25
1022,2601146,3,2004-03-08
1022,1840900,3,2003-05-12
1022,856743,2,2004-08-03
1022,2430041,2,2003-02-14
1022,1667929,5,2003-05-05
1022,577299,4,2005-09-06
1022,633054,3,2004-03-17
1022,592932,4,2004-07-09
1022,1964351,2,2004-02-13
1022,1109043,3,2004-06-01
1022,1924526,4,2004-07-22
1022,1955132,4,2004-11-09
1022,2444953,4,2005-03-08
1022,91234,3,2005-05-22
1022,682963,3,2005-06-20
1022,952087,2,2005-09-14
1022,1791068,3,2005-11-11
1022,1934860,4,2005-07-07
1022,1299690,2,2004-07-13
1022,1582952,3,2002-12-18
1022,2227983,3,2003-05-12
1022,16272,3,2002-07-21
1022,1062416,3,2002-10-01
1022,10970,2,2003-04-14
1022,541165,2,2003-10-07
1022,753537,3,2003-02-11
1022,283552,2,2005-02-19
1022,471869,3,2004-03-16
1022,751815,4,2004-06-16
1022,1339156,1,2004-01-15
1022,495897,3,2004-08-05
1022,749891,5,2005-11-11
1022,1731009,2,2002-09-15
1022,2201882,4,2002-02-08
1022,381704,5,2003-03-12
1022,112886,1,2002-10-11
1022,1753194,4,2004-02-13
1022,1354947,2,2003-09-05
1022,395160,4,2004-03-02
1022,2527740,3,2004-05-03
1022,1371451,2,2004-01-09
1022,1643106,5,2004-04-20
1022,205333,3,2004-05-03
1022,2616287,4,2004-10-13
1022,912340,4,2004-12-03
1022,2418086,3,2004-12-15
1022,368363,4,2005-01-20
1022,1132093,3,2005-01-23
1022,879130,4,2005-02-16
1022,1369633,3,2004-07-16
1022,2277114,3,2004-03-01
1022,54870,3,2002-02-12
1022,1517651,4,2002-06-11
1022,308307,4,2002-06-12
1022,2484680,3,2003-01-03
1022,564322,1,2002-03-03
1022,1212585,1,2002-04-15
1022,1999678,5,2002-07-08
1022,1322292,3,2002-07-23
1022,132002,4,2005-08-01
1022,432544,4,2004-06-29
1022,1813118,2,2003-08-29
1022,2409913,3,2004-06-18
1022,1357531,3,2002-09-22
1022,1889913,4,2004-06-22
1022,273541,3,2003-01-10
1022,852629,3,2003-06-30
1022,194277,5,2004-08-27
1022,324080,4,2004-05-11
1022,971925,4,2004-10-18
1022,738379,4,2004-10-27
1022,993239,5,2005-01-10
1022,1872532,2,2005-02-02
1022,2421912,3,2005-02-06
1022,833951,4,2005-02-21
1022,2086651,3,2005-10-19
1022,1097099,2,2002-01-13
1022,2210323,3,2002-01-25
1022,847471,3,2003-08-18
1022,2023830,3,2005-07-25
1022,2465085,4,2002-12-24
1022,1355003,4,2003-04-23
1022,393945,1,2002-10-10
1022,216703,4,2002-08-12
1022,1858122,2,2002-09-16
1022,315433,2,2003-06-05
1022,600900,4,2005-08-10
1022,1674073,5,2005-08-19
1022,1494683,2,2004-03-02
1022,1742931,4,2003-12-21
1022,2385435,4,2004-03-05
1022,76947,3,2004-05-14
1022,319058,2,2004-08-11
1022,284367,4,2004-08-09
1022,2224875,1,2004-10-09
1022,5652,5,2004-10-16
1022,321679,4,2004-10-26
1022,69263,4,2004-12-13
1022,2097976,2,2005-06-22
1022,2140253,3,2005-10-07
1022,2593059,5,2005-10-14
1022,144717,4,2004-06-14
1022,2245217,4,2002-04-28
1022,1323191,2,2004-02-06
1022,2050590,3,2002-04-20
1022,15317,5,2004-07-26
1022,334643,3,2002-07-19
1022,1710950,4,2004-07-24
1022,1587792,3,2002-10-24
1022,1292165,3,2003-01-15
1022,1442124,4,2004-06-04
1022,1645937,2,2004-06-01
1022,1299826,2,2004-01-13
1022,1127944,3,2004-06-10
1022,2517588,5,2004-02-26
1022,1724242,4,2004-04-16
1022,1451823,4,2004-10-01
1022,1821967,4,2004-10-07
1022,2376113,4,2005-02-14
1022,1671223,5,2005-03-07
1022,1816535,3,2002-03-17
1022,2152930,3,2002-01-04
1022,756509,2,2002-04-17
1022,1269384,4,2002-02-15
1022,1108122,3,2002-12-27
1022,736013,3,2002-09-21
1022,2294728,3,2003-09-01
1022,1354917,1,2003-02-23
1022,2043149,5,2002-08-29
1022,1531777,3,2003-07-26
1022,1262848,4,2003-11-28
1022,248379,3,2005-08-26
1022,150333,3,2004-05-20
1022,2410407,5,2004-07-07
1022,692018,3,2004-03-09
1022,1338171,3,2004-01-16
1022,278880,4,2004-05-15
1022,2307638,4,2004-07-26
1022,1911653,3,2004-02-27
1022,1533540,4,2004-04-09
1022,324258,3,2004-07-14
1022,803597,5,2004-10-04
1022,2013303,5,2005-01-10
1022,1709459,2,2005-02-06
1022,2495459,4,2005-03-23
1022,584266,4,2005-09-18
1022,1523077,4,2005-11-15
1022,2431428,2,2002-11-07
1022,2263064,2,2003-06-11
1022,236240,3,2003-04-19
1022,1119018,5,2002-04-24
1022,137376,3,2002-12-19
1022,2138831,1,2004-03-29
1022,1230351,2,2003-02-15
1022,88334,3,2004-06-17
1022,563339,3,2005-08-31
1022,969304,4,2004-01-26
1022,1508328,3,2004-02-29
1022,50057,3,2004-05-26
1022,2605347,4,2004-07-19
1022,1247568,3,2004-11-24
1022,1072699,3,2004-12-16
1022,2007432,4,2005-02-11
1022,2361184,3,2005-02-16
1022,270656,4,2005-03-02
1022,216174,4,2005-03-28
1022,827526,4,2005-04-19
1022,780602,4,2005-05-12
1022,2255117,3,2005-10-04
1022,2568589,4,2005-10-12
1022,314057,4,2004-02-23
1022,1829748,3,2001-12-03
1022,1335466,4,2003-08-02
1022,229716,2,2002-10-03
1022,2115145,4,2002-06-05
1022,942771,1,2002-03-29
1022,305344,3,2003-02-24
1022,2079810,3,2003-02-26
1022,1900953,5,2003-01-08
1022,2334574,2,2003-03-09
1022,632347,4,2004-05-13
1022,2526805,3,2004-06-17
1022,962843,3,2004-07-13
1022,198000,2,2004-07-15
1022,1258036,2,2004-09-17
1022,1312935,5,2004-12-27
1022,2156448,4,2005-03-07
1022,2426256,2,2005-06-07
1022,2274584,4,2005-06-08
1022,676812,3,2005-09-12
1022,616933,2,2002-04-04
1022,2203382,2,2004-06-01
1022,647070,5,2004-08-19
1022,727072,4,2003-04-13
1022,2234623,3,2002-07-24
1022,25874,4,2002-12-20
1022,2360906,3,2004-08-30
1022,1099321,1,2004-04-18
1022,1682749,3,2004-02-20
1022,2226525,3,2004-07-13
1022,1746745,3,2004-08-26
1022,1577925,4,2004-06-07
1022,1608241,5,2004-02-16
1022,1350873,3,2004-02-21
1022,2186270,3,2004-09-15
1022,430972,2,2004-12-17
1022,54932,4,2005-04-24
1022,1667984,5,2005-09-13
1022,1725226,5,2005-10-22
1022,905467,4,2003-04-14
1022,672801,3,2002-03-20
1022,203011,4,2003-01-16
1022,1061243,2,2002-11-30
1022,1335436,3,2003-05-05
1022,521208,5,2003-08-05
1022,1296959,4,2002-03-21
1022,635056,4,2002-06-06
1022,1089784,2,2002-07-21
1022,137943,3,2004-03-31
1022,1183823,3,2004-04-08
1022,2060858,3,2004-04-06
1022,5568,3,2004-07-19
1022,2177964,3,2004-02-22
1022,1756098,4,2004-11-09
1022,2593578,4,2005-01-31
1022,2029180,3,2005-02-10
1022,154591,3,2005-10-19
1022,809249,2,2005-12-13
1022,1403217,2,2004-06-13
1022,1545940,1,2003-01-08
1022,291020,2,2004-01-30
1022,1867548,3,2002-11-14
1022,14650,3,2002-08-10
1022,1585504,3,2002-10-24
1022,995240,3,2003-06-11
1022,1187765,3,2003-12-03
1022,2149080,3,2002-12-04
1022,1523710,5,2004-01-03
1022,2115337,4,2004-02-16
1022,235691,3,2004-02-24
1022,2303306,2,2004-08-13
1022,2276790,2,2004-02-02
1022,2463013,5,2004-03-25
1022,1461065,5,2004-10-23
1022,2603059,3,2005-01-28
1022,1653320,2,2002-10-18
1022,2522126,3,2005-07-20
1022,1780038,3,2002-10-28
1022,1912542,1,2002-07-09
1022,2037693,1,2002-05-30
1022,366688,3,2002-03-29
1022,140493,4,2002-06-16
1022,2550431,3,2005-08-08
1022,2166946,3,2003-02-13
1022,425718,1,2003-03-28
1022,2190324,4,2003-02-11
1022,741376,2,2003-10-31
1022,543049,3,2003-08-22
1022,2332900,4,2004-09-05
1022,2582655,5,2005-09-07
1022,1233029,2,2004-05-06
1022,1074089,5,2003-09-16
1022,2429812,5,2004-07-31
1022,1719780,2,2004-06-23
1022,1047298,3,2004-11-16
1022,1083433,2,2004-12-27
1022,1065779,2,2004-12-29
1022,1601597,5,2005-02-06
1022,1187063,4,2005-04-26
1022,2229453,5,2005-04-28
1022,74441,4,2002-01-04
1022,2627850,4,2003-10-27
1022,878341,5,2002-03-16
1022,1522766,1,2005-07-20
1022,842153,2,2002-03-30
1022,2597802,2,2002-03-26
1022,1801745,3,2002-09-05
1022,1836353,4,2003-10-07
1022,2469417,2,2003-04-02
1022,799300,3,2003-05-24
1022,899796,4,2003-09-17
1022,490882,4,2004-02-04
1022,199272,4,2004-08-16
1022,469782,4,2004-09-20
1022,1532684,4,2004-12-29
1022,681217,3,2005-02-03
1022,950101,3,2005-06-18
1022,2408911,4,2005-10-29
1022,2267735,3,2005-12-01
1022,333573,3,2002-08-22
1022,885927,3,2002-01-31
1022,2087132,2,2002-07-25
1022,2068196,3,2004-07-13
1022,1750358,4,2002-01-09
1022,1395781,3,2002-10-05
1022,657427,3,2003-01-03
1022,423610,4,2002-06-05
1022,2022418,2,2005-07-30
1022,2509840,3,2002-04-30
1022,805379,3,2003-02-28
1022,256278,3,2003-12-15
1022,2254385,3,2003-06-12
1022,63971,3,2003-10-29
1022,1621023,1,2003-11-04
1022,44481,4,2004-06-11
1022,476695,3,2004-02-29
1022,2404795,2,2004-03-15
1022,548256,4,2004-08-02
1022,1409417,3,2004-12-07
1022,1537650,4,2005-03-11
1022,1835555,3,2005-09-22
1022,1006654,4,2005-11-21
1022,447759,5,2005-11-22
1022,718565,4,2003-07-10
1022,2105602,1,2003-08-06
1022,2470712,4,2003-09-11
1022,2177340,3,2002-04-23
1022,6629,1,2002-04-19
1022,1096226,4,2002-01-29
1022,516721,4,2002-06-12
1022,1318179,4,2004-06-02
1022,2353935,4,2002-06-09
1022,2246531,2,2004-05-13
1022,1282134,3,2002-07-08
1022,788508,3,2002-07-24
1022,168861,4,2002-09-06
1022,392346,3,2002-09-22
1022,265507,4,2002-12-28
1022,2326306,2,2003-10-12
1022,1370842,3,2003-04-24
1022,46263,2,2004-01-29
1022,418026,4,2003-11-22
1022,2474724,4,2004-07-26
1022,921286,4,2004-06-21
1022,620010,4,2004-07-26
1022,845260,2,2005-03-02
1022,575757,4,2005-03-04
1022,116563,3,2005-03-14
1022,173955,2,2005-05-06
1022,2097753,4,2005-09-26
1022,2263535,3,2005-10-19
1022,912999,3,2002-11-04
1022,1559492,2,2004-06-16
1022,2525255,2,2003-04-30
1022,1064540,4,2004-03-19
1022,258481,3,2003-01-18
1022,1295902,3,2004-09-08
1022,2090715,2,2004-08-30
1022,1646224,3,2003-11-04
1022,1694669,4,2003-11-24
1022,1103210,3,2004-01-19
1022,995794,3,2004-03-19
1022,890259,5,2005-08-23
1022,1524551,1,2003-11-25
1022,1062804,3,2004-05-18
1022,2498718,3,2005-01-26
1022,550573,2,2005-03-15
1022,2354022,5,2005-05-19
1022,435147,5,2005-11-13
1022,2587773,4,2003-08-13
1022,2074458,1,2005-07-20
1022,980149,4,2005-07-21
1022,1826465,4,2004-06-08
1022,1739732,3,2002-11-02
1022,2064817,5,2002-04-25
1022,513825,2,2003-04-21
1022,343719,4,2002-07-31
1022,2343834,3,2002-09-23
1022,355078,3,2002-10-29
1022,1067761,3,2002-10-01
1022,2415235,5,2003-10-28
1022,89234,5,2003-04-24
1022,2593104,4,2005-08-27
1022,2635015,4,2004-05-31
1022,2047853,3,2004-06-18
1022,355916,3,2004-02-02
1022,2212698,3,2004-06-16
1022,794215,4,2004-02-07
1022,258046,5,2004-07-19
1022,1643146,2,2004-10-20
1022,2437552,4,2004-10-25
1022,1814832,4,2004-11-26
1022,1204189,1,2005-01-30
1022,418687,3,2005-06-30
1022,562787,3,2005-09-14
1022,1529449,3,2002-08-03
1022,2125032,3,2002-05-03
1022,1555872,3,2004-05-18
1022,1327822,4,2002-06-08
1022,1444287,4,2002-07-24
1022,258760,4,2002-10-09
1022,1597178,3,2003-01-18
1022,1933449,3,2002-06-26
1022,987785,2,2002-09-17
1022,235561,3,2003-03-10
1022,2111335,3,2003-02-18
1022,2640340,5,2004-05-18
1022,1839967,3,2004-07-15
1022,2396765,1,2003-07-13
1022,1328118,3,2005-01-23
1022,1317838,3,2004-05-26
1022,1616083,4,2003-06-10
1022,549256,4,2003-11-30
1022,2324905,3,2004-09-17
1022,1768181,3,2004-10-06
1022,2609453,3,2004-10-28
1022,2556321,5,2005-01-20
1022,601392,3,2005-03-20
1022,1688225,5,2004-08-04
1022,173086,5,2002-01-15
1022,1586276,5,2002-04-05
1022,2279609,3,2004-03-18
1022,742107,3,2004-03-11
1022,1596944,3,2004-07-16
1022,1391586,2,2004-04-20
1022,362631,3,2003-02-13
1022,1853781,3,2004-09-16
1022,2615152,4,2004-02-04
1022,2554803,5,2003-10-30
1022,1179235,3,2004-06-26
1022,86319,4,2004-02-04
1022,2121765,3,2004-04-28
1022,2281917,3,2004-11-09
1022,2271134,2,2004-11-15
1022,1082342,3,2005-02-05
1022,2598060,3,2005-03-12
1022,2053106,2,2005-12-05
1022,1388530,3,2002-12-25
1022,1912690,3,2002-04-03
1022,1791707,3,2002-09-19
1022,576480,2,2002-09-17
1022,1731974,4,2002-08-25
1022,2005146,4,2004-08-05
1022,2388820,2,2002-11-15
1022,2607709,4,2002-11-22
1022,1041054,3,2003-02-13
1022,576535,5,2005-08-22
1022,1020476,4,2004-03-08
1022,773251,5,2004-03-17
1022,1236960,3,2004-05-24
1022,728361,4,2004-11-09
1022,466984,2,2005-09-15
1022,1484157,3,2002-01-06
1022,256358,5,2002-04-13
1022,951253,5,2001-11-26
1022,1565968,3,2005-07-22
1022,2474295,4,2001-12-22
1022,858298,3,2003-08-02
1022,2321963,3,2004-05-17
1022,1956888,3,2002-07-27
1022,2551352,2,2003-03-17
1022,1452669,2,2003-10-04
1022,454959,2,2005-08-11
1022,2153796,4,2003-08-04
1022,1998236,1,2003-03-31
1022,236772,3,2003-07-31
1022,1003506,4,2003-07-07
1022,630985,4,2005-08-31
1022,1019682,4,2004-04-29
1022,159159,2,2004-01-28
1022,1138125,5,2004-04-27
1022,2322109,3,2004-08-26
1022,1633016,4,2004-11-01
1022,2479606,2,2004-11-28
1022,2344431,3,2005-01-26
1022,59883,4,2005-05-09
1022,2414369,3,2005-06-10
1022,2043681,3,2002-10-21
1022,415762,2,2002-03-20
1022,223043,3,2002-06-18
1022,784876,5,2005-07-31
1022,1661344,4,2004-04-12
1022,1758386,4,2004-08-26
1022,1992121,3,2005-01-09
1022,1675680,3,2003-10-17
1022,995426,5,2004-03-08
1022,2151872,5,2004-09-03
1022,2011470,4,2005-05-25
1022,1381566,3,2005-10-26
1022,253047,2,2002-04-20
1022,42275,4,2002-09-02
1022,1963167,2,2002-04-22
1022,2371929,2,2002-06-15
1022,247660,5,2002-05-25
1022,206520,1,2002-09-22
1022,8382,2,2002-09-13
1022,714757,5,2003-02-27
1022,2027967,2,2004-03-25
1022,1759540,2,2003-08-27
1022,1539828,3,2004-07-30
1022,1630882,4,2004-10-13
1022,902603,3,2004-12-06
1022,2082746,1,2005-06-27
1022,471880,3,2002-05-17
1022,1616215,2,2002-01-26
1022,2573957,2,2002-01-17
1022,2041008,1,2004-05-03
1022,1089420,4,2004-03-26
1022,1570397,1,2003-05-22
1022,439970,3,2002-05-06
1022,240923,4,2004-05-19
1022,2453277,3,2002-11-23
1022,273356,4,2002-10-30
1022,1885503,3,2005-08-20
1022,2244657,3,2003-10-25
1022,980292,3,2004-07-06
1022,2126215,3,2004-01-30
1022,2563395,3,2005-01-10
1022,1438518,4,2004-05-21
1022,2289940,2,2004-07-03
1022,2481417,3,2004-11-30
1022,387943,2,2005-04-22
1022,1138585,3,2005-09-19
1022,1412712,4,2002-05-31
1022,1089692,4,2002-01-10
1022,672919,3,2002-08-22
1022,2573432,4,2002-06-25
1022,990918,3,2004-05-31
1022,2483755,4,2004-03-12
1022,475520,1,2004-07-03
1022,1613844,2,2005-08-14
1022,131513,4,2003-09-02
1022,646323,4,2003-01-16
1022,1585125,3,2004-06-26
1022,2057828,3,2004-06-25
1022,2557152,4,2005-02-08
1022,1002491,4,2005-04-04
1022,290858,3,2005-05-23
1022,217658,4,2005-06-28
1022,2455281,3,2005-10-25
1022,1462866,4,2004-03-04
1022,490057,2,2002-10-18
1022,2442973,4,2002-08-02
1022,752642,3,2002-01-11
1022,128040,5,2004-06-20
1022,1391691,3,2002-05-08
1022,2006715,4,2003-07-14
1022,1102515,3,2005-08-10
1022,1580032,3,2004-01-19
1022,577616,4,2004-06-20
1022,1044492,4,2004-04-22
1022,1679822,4,2004-02-19
1022,1325991,5,2004-06-22
1022,16487,3,2004-05-03
1022,1606529,3,2004-09-14
1022,2307037,4,2004-06-24
1022,1794745,3,2004-08-31
1022,2494579,3,2004-12-08
1022,193774,3,2005-04-06
1022,1717979,2,2005-11-22
1022,2469956,3,2005-07-14
1022,1062154,4,2002-01-08
1022,1782175,1,2002-06-11
1022,1188440,3,2004-01-20
1022,1756620,3,2002-08-26
1022,2131287,3,2004-05-13
1022,2197116,3,2004-03-20
1022,763240,4,2004-04-19
1022,1493488,4,2003-09-23
1022,2522009,3,2003-06-26
1022,1649135,1,2004-09-09
1022,1263634,4,2004-06-29
1022,401886,5,2004-03-03
1022,2068445,4,2004-04-14
1022,1827533,4,2004-06-11
1022,1512175,4,2004-08-03
1022,2587909,5,2004-09-27
1022,1432441,5,2004-10-13
1022,1528748,4,2004-10-24
1022,238432,4,2004-12-29
1022,2228144,4,2005-01-24
1022,1378458,4,2005-02-03
1022,1595717,4,2005-03-04
1022,1476797,2,2005-03-25
1022,1721100,4,2005-06-13
1022,1270913,3,2003-05-21
1022,2450203,3,2003-12-19
1022,689191,4,2002-07-09
1022,569365,4,2004-08-11
1022,1893772,4,2005-08-06
1022,688057,4,2004-09-13
1022,915968,5,2005-08-29
1022,1375750,2,2003-09-18
1022,2628206,4,2004-05-30
1022,805018,3,2004-12-29
1022,2095899,3,2005-10-21
1022,1922721,3,2005-10-25
1022,826696,4,2002-07-09
1022,1244123,4,2004-02-23
1022,880773,4,2002-01-15
1022,894879,1,2003-09-08
1022,1306287,3,2002-11-14
1022,110521,3,2002-10-27
1022,2009382,5,2003-05-30
1022,603271,1,2003-03-13
1022,1277413,1,2003-12-08
1022,2234417,2,2005-08-23
1022,2398013,3,2003-08-18
1022,938903,5,2004-07-09
1022,1037882,3,2004-08-08
1022,1795152,2,2004-09-08
1022,1748612,3,2004-11-07
1022,440499,3,2004-12-16
1022,1289972,4,2005-02-14
1022,1800518,4,2002-05-09
1022,1130956,3,2002-07-25
1022,2404366,3,2002-02-28
1022,851874,4,2002-06-08
1022,981032,4,2002-07-26
1022,462857,3,2003-12-16
1022,220516,3,2002-07-05
1022,2119300,3,2002-06-06
1022,1303756,5,2005-08-21
1022,147239,3,2003-05-22
1022,551208,4,2003-10-09
1022,2528590,2,2004-03-14
1022,2510444,3,2004-03-03
1022,1588150,4,2004-06-28
1022,550694,4,2004-08-19
1022,1280497,4,2004-11-04
1022,397001,3,2005-02-01
1022,1507143,1,2005-03-05
1022,2176459,3,2005-04-13
1022,1173619,4,2005-12-03
1022,331471,2,2005-07-05
1022,1742069,3,2002-12-27
1022,676659,3,2003-05-22
1022,1462519,4,2003-05-22
1022,1457,4,2004-02-20
1022,673043,2,2002-04-17
1022,91176,4,2003-09-26
1022,1569593,2,2003-12-30
1022,1103206,3,2002-11-15
1022,2160851,3,2002-10-11
1022,1621754,4,2003-03-24
1022,802610,3,2002-09-02
1022,2439640,3,2003-01-25
1022,624270,4,2003-12-21
1022,2056022,1,2003-01-07
1022,726339,3,2003-02-12
1022,1858872,4,2003-02-21
1022,483392,4,2005-11-22
1022,1982344,1,2004-07-12
1022,1680230,4,2003-11-02
1022,802700,3,2004-03-10
1022,2031038,4,2004-09-28
1022,1380641,4,2004-11-07
1022,4597,3,2004-11-13
1022,2535512,4,2004-12-09
1022,1124753,5,2004-12-14
1022,2358095,3,2005-01-03
1022,1570329,4,2005-01-29
1022,326356,2,2005-04-03
1022,1367589,3,2003-02-12
1022,652787,5,2003-09-01
1022,378579,3,2002-01-14
1022,2503600,4,2005-07-29
1022,1517086,3,2003-11-08
1022,1610538,5,2002-12-03
1022,1704121,5,2004-08-24
1022,586348,5,2003-12-24
1022,2072858,4,2003-07-11
1022,2540516,4,2004-03-27
1022,2468701,2,2003-12-11
1022,1518609,3,2004-03-25
1022,2002421,4,2004-06-03
1022,1565303,3,2005-01-06
1022,766670,3,2005-03-31
1022,1299355,4,2005-04-09
1022,851416,4,2005-04-18
1022,300819,2,2002-01-22
1022,956271,2,2003-04-08
1022,1720513,3,2002-09-03
1022,2051388,4,2002-05-13
1022,1045579,5,2003-06-13
1022,2205547,2,2003-02-13
1022,817916,3,2003-03-20
1022,1048405,1,2002-07-29
1022,2064995,3,2005-05-07
1022,2118614,2,2002-09-24
1022,184243,3,2002-12-31
1022,1792808,5,2005-02-19
1022,1529772,3,2003-09-03
1022,2470429,4,2003-04-15
1022,735927,4,2003-07-16
1022,2518678,5,2004-03-16
1022,521505,4,2005-08-30
1022,2280342,1,2004-03-05
1022,307427,3,2004-03-04
1022,992354,3,2004-05-25
1022,1602759,3,2004-08-08
1022,858340,2,2005-01-06
1022,1058812,4,2005-02-17
1022,2456113,1,2005-10-31
1022,2593535,4,2004-06-26
1022,117768,5,2002-01-09
1022,354344,2,2002-01-22
1022,2349242,4,2004-03-23
1022,621146,3,2002-11-05
1022,1550359,5,2003-07-17
1022,2117432,2,2004-02-28
1022,1807136,3,2004-07-26
1022,237094,4,2004-06-07
1022,1518104,4,2004-12-28
1022,2644717,3,2005-01-27
1022,1792548,3,2005-06-22
1022,1412559,4,2002-05-07
1022,1865721,4,2003-11-30
1022,437955,2,2004-06-05
1022,1044050,3,2002-06-06
1022,830808,4,2004-01-28
1022,131587,3,2003-03-12
1022,9928,3,2002-10-11
1022,1232121,4,2002-11-07
1022,1889855,1,2003-10-28
1022,1563459,1,2003-07-04
1022,332240,3,2002-07-22
1022,1574349,3,2003-02-21
1022,1138870,4,2004-07-11
1022,701678,4,2002-10-18
1022,1088035,4,2002-08-19
1022,2096537,4,2003-05-09
1022,450490,4,2005-08-09
1022,2403156,3,2004-03-21
1022,22096,5,2004-03-30
1022,570522,4,2004-10-18
1022,1149433,4,2004-10-27
1022,157527,1,2005-01-27
1022,1770410,5,2005-09-23
1022,2420384,4,2005-11-03
1022,134771,4,2004-05-03
1022,1933592,5,2003-12-04
1022,735859,5,2002-02-12
1022,809341,2,2005-08-07
1022,2379776,3,2005-08-24
1022,567512,4,2004-06-20
1022,954940,3,2003-12-15
1022,940310,4,2004-02-22
1022,1057812,5,2004-06-29
1022,1875549,3,2004-07-08
1022,774250,5,2004-06-06
1022,382518,3,2004-11-10
1022,1417031,3,2005-09-18
1022,1772362,3,2002-08-14
1022,1173657,3,2003-11-10
1022,1879524,4,2002-11-06
1022,2276659,2,2002-10-13
1022,1622462,3,2003-08-05
1022,2044724,4,2004-08-17
1022,2164462,4,2004-09-20
1022,250002,4,2004-10-26
1022,1452678,4,2005-04-05
1022,1445821,3,2005-04-18
1022,519491,4,2005-10-10
1022,2324341,3,2005-11-07
1022,1064530,3,2005-07-06
1022,2104033,1,2002-03-11
1022,726621,3,2004-06-29
1022,934230,3,2004-07-27
1022,2236255,3,2002-11-03
1022,2144838,4,2003-01-21
1022,204236,3,2002-11-26
1022,1723621,3,2005-08-12
1022,2544181,1,2003-04-29
1022,665774,3,2004-06-28
1022,1338181,5,2003-05-14
1022,538178,3,2003-07-14
1022,141899,3,2004-03-10
1022,835281,3,2003-09-07
1022,130861,2,2004-06-27
1022,2648869,4,2004-02-18
1022,500502,4,2004-05-27
1022,1317231,3,2004-07-18
1022,1276250,5,2004-10-13
1022,2374109,4,2004-11-16
1022,113262,3,2005-01-05
1022,1213065,2,2005-02-08
1022,1229628,2,2005-03-26
1022,1516350,3,2005-09-26
1022,322064,3,2005-10-21
1022,253028,4,2005-07-05
1022,1261789,4,2002-06-15
1022,1043473,4,2004-03-05
1022,1519378,4,2004-03-16
1022,1877530,1,2002-09-06
1022,1054516,3,2002-10-28
1022,17462,3,2002-08-30
1022,2361743,4,2002-01-13
1022,1359432,2,2003-07-25
1022,2586056,3,2003-05-11
1022,550692,4,2002-05-05
1022,2508722,4,2002-11-25
1022,489220,3,2002-10-09
1022,1443908,3,2002-11-28
1022,2061394,4,2003-04-11
1022,1658217,1,2004-06-09
1022,71743,3,2003-02-14
1022,1274743,4,2004-04-09
1022,838343,3,2003-09-18
1022,1389153,3,2004-01-07
1022,1020676,2,2004-06-01
1022,2057529,5,2004-07-13
1022,1943930,4,2004-12-27
1022,950003,2,2005-01-10
1022,771952,5,2005-03-11
1022,794040,3,2005-06-17
1022,2318867,5,2004-05-12
1022,1532296,1,2002-04-23
1022,2090690,4,2002-06-14
1022,1391169,3,2002-06-17
1022,670310,2,2002-12-03
1022,46086,4,2004-04-08
1022,782566,4,2004-05-12
1022,272026,3,2003-07-17
1022,78863,3,2003-11-17
1022,454171,5,2004-01-28
1022,1056156,3,2004-08-17
1022,2274591,5,2004-05-25
1022,2398373,4,2004-03-10
1022,461358,3,2004-03-02
1022,975536,5,2004-05-12
1022,404928,3,2004-09-01
1022,391604,5,2004-10-07
1022,455688,4,2005-01-25
1022,247022,4,2005-05-06
1022,2118461,4,2005-10-22
1022,25318,4,2002-12-18
1022,1480257,3,2004-05-13
1022,1211985,5,2002-01-21
1022,2631584,2,2004-07-20
1022,531175,5,2002-01-05
1022,182440,2,2002-05-02
1022,2408655,4,2003-04-16
1022,923575,2,2003-12-19
1022,1108065,3,2003-01-25
1022,245701,3,2003-09-16
1022,1794236,4,2002-08-19
1022,1379440,4,2005-08-08
1022,2567821,3,2004-06-01
1022,1407394,4,2004-03-16
1022,1612701,4,2004-06-29
1022,2476470,2,2004-05-19
1022,325502,3,2004-11-07
1022,1273034,2,2004-12-16
1022,1934139,4,2005-01-11
1022,1184498,4,2005-03-23
1022,657606,2,2005-04-09
1022,2589259,1,2005-06-04
1022,641138,1,2005-09-26
1022,367742,4,2005-10-10
1022,1625448,3,2005-10-26
1022,842458,1,2005-11-02
1022,861911,3,2002-03-10
1022,1343075,4,2004-04-14
1022,1337699,4,2004-03-12
1022,1216941,3,2003-03-11
1022,2478951,2,2003-06-09
1022,874874,5,2002-07-28
1022,1642201,2,2003-03-07
1022,2033445,3,2004-05-25
1022,902446,4,2005-08-23
1022,298981,4,2004-05-26
1022,65902,2,2004-08-19
1022,920901,4,2004-05-19
1022,1570285,4,2004-07-20
1022,1162751,3,2004-11-30
1022,269305,4,2004-12-14
1022,632420,5,2005-03-01
1022,1966958,5,2005-03-21
1022,2061495,3,2005-04-06
1022,1973032,3,2005-06-13
1022,1589608,3,2005-12-19
1022,17691,4,2002-07-08
1022,1342591,3,2002-05-18
1022,2254751,4,2004-09-07
1022,2090850,3,2002-05-12
1022,841869,3,2002-04-16
1022,1144397,4,2001-12-18
1022,2630643,4,2005-07-21
1022,1121446,2,2003-03-25
1022,387418,2,2003-09-09
1022,588531,5,2004-08-10
1022,1565121,4,2003-01-04
1022,889986,4,2003-08-19
1022,541826,4,2003-07-07
1022,449785,4,2004-03-01
1022,1093740,2,2003-12-23
1022,872408,3,2004-07-24
1022,1064369,5,2004-03-12
1022,247290,1,2003-11-24
1022,912232,3,2004-06-30
1022,424223,3,2004-05-20
1022,1787994,3,2004-09-08
1022,1361282,4,2005-02-23
1022,93124,3,2005-06-22
1022,1310425,1,2003-07-08
1022,2222089,4,2002-06-08
1022,403590,4,2005-07-17
1022,276536,3,2002-08-20
1022,2556523,4,2002-03-22
1022,1041778,2,2004-08-24
1022,670245,4,2002-10-01
1022,1384810,4,2002-02-18
1022,1675966,4,2002-09-07
1022,895920,1,2005-07-26
1022,2500663,4,2004-07-26
1022,1839881,3,2003-07-09
1022,691808,4,2003-03-26
1022,381346,3,2002-08-21
1022,951289,3,2005-08-07
1022,324326,3,2004-01-11
1022,2370204,3,2004-06-25
1022,2343113,2,2004-06-21
1022,812463,5,2003-05-29
1022,1215167,4,2004-01-22
1022,354439,4,2003-08-05
1022,50526,4,2004-03-11
1022,782302,4,2004-04-28
1022,1651924,3,2004-03-26
1022,2502188,3,2004-08-06
1022,407830,4,2004-02-12
1022,2588755,4,2004-06-02
1022,49556,3,2004-12-05
1022,1624556,4,2004-12-24
1022,2200505,3,2005-01-05
1022,340618,4,2002-06-12
1022,803605,4,2002-06-02
1022,623989,3,2002-06-18
1022,1029163,2,2002-05-06
1022,253971,3,2003-02-14
1022,2069981,3,2004-02-22
1022,2334126,3,2003-11-11
1022,1863117,3,2005-08-08
1022,676989,5,2003-09-05
1022,1002688,5,2004-03-17
1022,1301132,3,2004-01-08
1022,2368794,3,2004-12-13
1022,1436573,4,2005-01-10
1022,1860246,4,2005-02-24
1022,1114324,4,2005-03-05
1022,1151192,2,2005-04-05
1022,2577508,5,2005-11-07
1022,1479082,3,2002-08-09
1022,1364293,4,2002-01-18
1022,1954759,4,2002-08-29
1022,884558,1,2003-03-17
1022,369746,3,2002-10-18
1022,332558,3,2004-09-13
1022,2514686,4,2004-06-02
1022,1391510,5,2004-01-21
1022,1682451,4,2004-02-12
1022,1942272,3,2004-10-05
1022,2006858,4,2004-12-20
1022,1919782,4,2005-02-08
1022,823153,4,2005-03-12
1022,639273,5,2005-10-17
1022,1296689,4,2003-01-04
1022,1876574,4,2004-02-29
1022,2413471,4,2003-03-04
1022,2498592,4,2005-07-21
1022,167848,2,2003-04-04
1022,442632,2,2002-11-09
1022,2115299,3,2003-03-19
1022,1404658,3,2004-04-22
1022,2045481,4,2002-10-09
1022,1134871,1,2005-04-05
1022,717613,4,2004-05-17
1022,1868234,3,2003-04-14
1022,774730,4,2004-04-22
1022,1801320,4,2002-12-27
1022,1833897,4,2003-05-22
1022,497313,3,2005-08-28
1022,1925023,2,2003-12-05
1022,1163598,2,2004-04-12
1022,2082270,3,2004-05-13
1022,213569,2,2005-01-08
1022,2073821,3,2005-09-09
1022,2242513,3,2005-09-16
1022,974375,2,2002-10-29
1022,291135,1,2002-07-13
1022,1941875,3,2002-08-15
1022,2414456,4,2002-02-26
1022,529928,3,2003-09-07
1022,1432378,4,2003-02-12
1022,232205,3,2002-08-21
1022,1948646,5,2002-05-04
1022,2561173,4,2002-11-02
1022,1361743,2,2004-04-15
1022,2002119,3,2004-02-18
1022,461065,4,2004-04-17
1022,1932594,1,2004-07-20
1022,130650,3,2004-01-12
1022,981644,5,2004-03-07
1022,366565,4,2004-05-26
1022,105168,4,2004-07-11
1022,794999,5,2004-05-29
1022,103867,3,2004-10-24
1022,345162,4,2005-11-01
1022,660061,3,2005-11-02
1022,40445,3,2005-12-14
1022,1051310,5,2005-07-11
1022,2130420,4,2002-04-06
1022,958687,4,2001-11-29
1022,2153721,2,2003-07-16
1022,495174,3,2003-01-18
1022,2267187,4,2002-01-11
1022,1575968,2,2003-03-05
1022,1576896,3,2002-06-02
1022,753003,2,2003-12-01
1022,2295885,3,2003-05-20
1022,1422740,3,2002-12-29
1022,610995,3,2003-04-03
1022,1842676,3,2005-08-21
1022,2570844,2,2003-09-24
1022,2076079,3,2004-01-24
1022,1566168,3,2004-06-01
1022,1425899,3,2004-11-28
1022,2424540,5,2005-01-12
1022,1437372,3,2005-02-18
1022,2025682,3,2005-03-28
1022,2132683,4,2005-10-28
1022,852193,4,2003-05-07
1022,342020,4,2001-12-08
1022,595994,3,2002-07-19
1022,894461,2,2002-12-31
1022,1779012,3,2002-09-01
1022,1971629,3,2002-09-04
1022,182875,4,2002-11-16
1022,1328902,3,2004-02-02
1022,1902291,4,2004-06-04
1022,2077186,4,2004-05-11
1022,1647974,3,2004-10-14
1022,1060658,3,2004-11-27
1022,2483991,3,2005-03-09
1022,287805,4,2005-03-25
1022,2442131,3,2005-06-29
1022,1561964,4,2002-07-07
1022,712774,3,2002-05-04
1022,466977,4,2002-02-23
1022,1140172,4,2002-05-20
1022,2509910,1,2002-07-26
1022,498186,4,2002-07-06
1022,1856085,3,2003-06-23
1022,1224098,1,2003-01-16
1022,1663888,3,2005-05-01
1022,1633122,3,2005-08-16
1022,1802414,2,2004-06-15
1022,1923917,5,2004-07-07
1022,159776,3,2004-01-05
1022,1508279,3,2004-07-16
1022,1221723,3,2004-01-13
1022,116140,3,2004-04-09
1022,1088730,3,2004-05-04
1022,2482769,5,2004-06-14
1022,1966687,4,2004-10-17
1022,2145178,4,2005-03-09
1022,897336,4,2005-05-26
1022,1612915,1,2005-09-14
1022,1761112,4,2002-02-22
1022,1461435,1,2002-01-05
1022,292654,5,2002-04-29
1022,560940,3,2003-09-02
1022,2047268,4,2002-07-14
1022,680004,3,2002-09-28
1022,218920,3,2003-05-16
1022,993089,4,2002-11-08
1022,1615570,5,2003-10-15
1022,190102,5,2004-02-25
1022,241068,4,2004-08-17
1022,2075951,5,2004-05-13
1022,202572,2,2005-03-02
1022,1970495,4,2005-04-02
1022,1992139,2,2005-04-05
1022,456923,4,2005-05-11
1022,139258,2,2005-11-30
1022,289710,5,2002-12-05
1022,538012,3,2002-01-09
1022,282599,3,2002-01-05
1022,1397144,4,2004-09-08
1022,2258315,4,2002-10-01
1022,575714,3,2003-01-24
1022,21777,2,2002-05-18
1022,886442,3,2003-12-08
1022,497277,3,2003-11-27
1022,438375,3,2005-07-31
1022,2398894,4,2004-04-19
1022,437239,4,2002-07-25
1022,1093270,4,2004-06-04
1022,409260,3,2004-07-07
1022,182203,4,2003-07-18
1022,402568,3,2004-05-13
1022,2090306,3,2004-06-29
1022,1136431,4,2004-12-06
1022,1445403,2,2004-12-29
1022,2036178,1,2005-02-01
1022,2001076,4,2005-03-16
1022,322716,4,2005-06-14
1022,2298323,4,2005-06-20
1022,100400,1,2005-12-14
1022,2090063,3,2004-06-15
1022,2414981,4,2002-09-06
1022,462444,3,2005-07-21
1022,2222874,2,2002-06-19
1022,1957634,1,2003-12-01
1022,2456295,4,2002-06-01
1022,796048,4,2002-10-29
1022,1883703,3,2005-08-04
1022,1293514,3,2003-09-05
1022,1409974,1,2003-03-24
1022,1877958,2,2003-12-22
1022,2427329,3,2003-07-28
1022,318657,3,2005-01-26
1022,1037245,3,2005-12-23
1022,1434713,4,2005-11-01
1022,1455281,4,2005-11-05
1022,1710599,3,2005-12-09
1022,485601,3,2002-09-24
1022,653839,4,2002-04-19
1022,1590849,4,2003-05-12
1022,2489648,4,2002-04-21
1022,2262963,4,2004-04-14
1022,410076,4,2004-05-01
1022,1367919,3,2003-02-13
1022,1564723,2,2003-08-01
1022,1688316,3,2002-12-31
1022,173155,5,2003-04-04
1022,2613654,3,2003-04-07
1022,2408175,2,2003-09-08
1022,573928,3,2003-09-02
1022,1899294,4,2003-12-29
1022,1133651,3,2004-07-28
1022,2124608,3,2004-02-05
1022,2110335,3,2004-11-21
1022,489873,4,2005-03-07
1022,1938494,3,2002-11-14
1022,191869,4,2001-12-10
1022,1835511,3,2003-01-11
1022,2214487,4,2002-04-29
1022,506153,3,2002-11-15
1022,1935323,4,2004-07-31
1022,744823,4,2004-04-07
1022,105681,2,2004-08-20
1022,449684,2,2004-05-31
1022,355875,4,2004-04-29
1022,162834,3,2004-06-08
1022,2254783,5,2004-12-18
1022,2295235,3,2005-01-20
1022,2394623,4,2005-01-26
1022,105224,1,2005-02-06
1022,169066,3,2005-02-13
1022,1791019,4,2005-03-09
1022,1426317,3,2005-03-13
1022,660834,2,2002-10-29
1022,1979880,3,2002-04-30
1022,1780454,3,2004-04-08
1022,593796,4,2005-07-22
1022,1085779,3,2002-08-27
1022,774088,4,2002-04-09
1022,2111055,3,2003-10-16
1022,2558201,3,2004-08-06
1022,2478801,4,2003-04-16
1022,1057636,3,2002-12-17
1022,1639792,4,2002-05-12
1022,1976042,4,2004-05-20
1022,137362,3,2002-05-23
1022,588256,3,2003-01-12
1022,2101857,2,2003-04-16
1022,1318289,3,2003-11-19
1022,1005246,4,2004-08-20
1022,1693270,5,2004-07-25
1022,2336129,4,2004-08-18
1022,962260,3,2004-08-27
1022,1206947,4,2004-11-01
1022,1921243,2,2004-12-24
1022,224522,3,2005-06-30
1022,2084966,2,2002-11-21
1022,441172,3,2004-06-17
1022,2347651,4,2002-11-26
1022,2346284,3,2002-07-08
1022,138833,3,2003-06-07
1022,1326573,4,2004-04-18
1022,1820247,2,2003-05-11
1022,2339135,5,2005-08-22
1022,1591420,4,2005-08-27
1022,1899679,3,2004-03-10
1022,186578,3,2004-05-13
1022,1111012,5,2004-07-01
1022,567439,3,2004-09-04
1022,135215,4,2004-12-19
1022,1805112,3,2005-03-24
1022,1763703,3,2005-05-03
1022,343469,3,2005-06-29
1022,88571,4,2002-11-07
1022,790471,3,2002-09-24
1022,1708369,4,2002-03-20
1022,2221004,4,2002-06-01
1022,624122,4,2003-08-21
1022,256676,2,2002-12-22
1022,1441851,4,2002-10-11
1022,507519,5,2003-06-14
1022,709905,4,2002-04-25
1022,2050120,4,2003-03-12
1022,2451585,3,2002-07-30
1022,1769933,3,2004-05-08
1022,2432882,5,2003-04-04
1022,797099,3,2003-08-21
1022,206865,3,2004-02-12
1022,786357,3,2004-05-31
1022,509864,3,2003-12-02
1022,744875,3,2004-02-12
1022,1149164,4,2004-04-18
1022,793327,3,2004-04-11
1022,2230283,4,2004-04-12
1022,766038,4,2004-09-28
1022,345035,3,2004-12-06
1022,2143500,2,2005-03-01
1022,734347,2,2005-09-20
1022,196069,3,2004-06-11
1022,1544720,4,2002-06-10
1022,377329,2,2003-03-15
1022,1062068,4,2002-09-13
1022,2198123,4,2002-06-15
1022,1234382,4,2002-02-03
1022,906432,4,2002-09-24
1022,432830,4,2004-02-16
1022,903666,3,2003-02-23
1022,1674931,3,2004-05-14
1022,21431,3,2005-09-05
1022,48607,3,2003-08-09
1022,1173630,5,2003-11-25
1022,1064308,4,2004-01-24
1022,583555,2,2004-10-14
1022,1314332,4,2004-11-08
1022,755424,4,2005-03-07
1022,667706,4,2005-04-13
1022,722541,3,2005-10-19
1022,1832073,3,2002-09-30
1022,1970183,3,2002-02-16
1022,2308472,3,2004-02-17
1022,1238952,3,2002-02-18
1022,1351898,2,2005-07-29
1022,1472689,3,2003-04-29
1022,1862272,3,2002-07-23
1022,1297529,4,2004-06-09
1022,745950,2,2004-03-01
1022,116866,1,2003-07-16
1022,972253,4,2005-08-23
1022,2581844,5,2005-09-06
1022,2157820,4,2003-12-07
1022,794738,4,2004-07-08
1022,1900143,2,2004-02-27
1022,2467471,4,2004-03-17
1022,557502,2,2004-06-01
1022,824792,4,2004-07-08
1022,1283290,3,2004-09-14
1022,157806,5,2004-06-10
1022,1652073,3,2004-10-25
1022,1744528,2,2004-11-13
1022,92670,3,2004-12-07
1022,126058,3,2005-09-21
1022,995154,3,2003-04-29
1022,240748,4,2002-04-29
1022,962147,4,2004-09-02
1022,949642,5,2002-12-10
1022,1079152,3,2002-07-16
1022,3363,3,2002-06-08
1022,2080458,3,2002-06-10
1022,2429160,4,2002-09-18
1022,2185644,3,2005-08-05
1022,1130461,4,2003-05-04
1022,2327862,2,2004-09-08
1022,2261467,4,2004-06-18
1022,160386,2,2004-11-15
1022,928992,4,2004-12-15
1022,742175,4,2005-02-16
1022,781495,3,2005-04-05
1022,577324,3,2005-05-09
1022,2167071,3,2005-06-27
1022,2621962,4,2005-10-13
1022,2636012,3,2004-01-08
1022,2503502,4,2002-12-22
1022,431715,4,2002-06-08
1022,688630,3,2003-05-21
1022,486119,3,2002-01-17
1022,2023200,3,2002-11-17
1022,2080664,1,2002-09-24
1022,2396324,3,2002-09-16
1022,723545,4,2002-08-01
1022,1750806,4,2002-08-23
1022,2489582,3,2004-12-04
1022,2219092,4,2004-03-31
1022,2554858,5,2003-08-13
1022,940778,3,2003-02-24
1022,2001326,3,2003-04-01
1022,200469,3,2005-08-26
1022,242681,4,2003-07-28
1022,2521375,4,2004-08-23
1022,2125956,3,2004-07-29
1022,2283211,5,2004-05-25
1022,2238060,2,2004-08-17
1022,1991613,3,2004-11-10
1022,20774,3,2004-11-15
1022,2526741,2,2005-02-08
1022,286832,3,2005-03-17
1022,1873590,5,2005-05-17
1022,707044,2,2005-09-08
1022,2480035,3,2005-10-21
1022,412916,5,2005-12-06
1022,944111,4,2002-05-29
1022,153576,4,2005-07-18
1022,1148372,1,2002-06-20
1022,1075362,5,2001-12-11
1022,1480807,3,2003-07-24
1022,1405694,5,2004-01-15
1022,1144718,3,2002-07-30
1022,662236,4,2004-02-23
1022,2295256,1,2003-02-24
1022,2158545,5,2004-06-03
1022,1707198,2,2004-06-21
1022,2239682,4,2003-09-09
1022,115691,3,2004-06-28
1022,1852040,2,2004-07-24
1022,1950559,4,2005-02-12
1022,830599,5,2005-02-21
1022,953557,2,2005-03-27
1022,486798,4,2005-05-05
1022,2494887,5,2005-11-22
1022,918028,3,2002-07-02
1022,2414798,5,2002-10-27
1022,1275794,4,2003-03-12
1022,1191009,3,2002-07-09
1022,1457092,4,2005-08-13
1022,180278,3,2003-03-26
1022,743123,5,2003-08-24
1022,2496250,4,2004-02-17
1022,1150846,3,2004-06-10
1022,699564,4,2004-10-04
1022,1360586,2,2004-12-05
1022,501667,4,2005-01-28
1022,91380,3,2005-02-21
1022,124259,3,2005-02-28
1022,147822,2,2005-12-26
1022,2583888,3,2002-09-10
1022,2324445,2,2003-12-22
1022,1093921,5,2002-03-09
1022,1344404,2,2002-09-06
1022,1775740,3,2002-04-04
1022,729029,3,2004-09-16
1022,468024,5,2002-07-06
1022,584214,2,2003-11-06
1022,1529851,1,2002-07-25
1022,316155,3,2002-09-08
1022,1170245,3,2002-10-12
1022,2149073,4,2005-08-13
1022,1193917,3,2004-02-11
1022,1221563,4,2003-09-22
1022,587564,3,2003-11-17
1022,1401974,3,2003-11-25
1022,672031,2,2005-08-27
1022,1813765,4,2005-08-31
1022,384709,4,2003-07-16
1022,894274,3,2004-03-25
1022,775020,5,2003-10-28
1022,340751,4,2004-07-26
1022,1811676,1,2003-11-21
1022,1088293,5,2004-05-22
1022,1397235,4,2004-02-18
1022,629389,3,2004-02-14
1022,1216664,4,2004-07-21
1022,1911700,4,2004-09-19
1022,2021814,2,2005-02-24
1022,1390441,4,2005-03-16
1022,1501364,2,2005-03-20
1022,1878781,3,2005-07-08
1022,646031,4,2005-07-08
1022,567509,5,2004-06-29
1022,1719966,1,2003-05-07
1022,859167,2,2003-03-12
1022,2511416,1,2003-03-25
1022,1626829,1,2004-07-12
1022,391521,3,2002-06-19
1022,495271,3,2002-11-16
1022,273693,4,2004-05-04
1022,458475,3,2002-08-26
1022,2630774,2,2003-02-15
1022,1820662,3,2004-08-15
1022,410888,5,2005-08-09
1022,1366326,1,2004-04-20
1022,1702112,3,2003-05-25
1022,2269100,2,2005-09-05
1022,856875,4,2004-01-26
1022,1023208,4,2003-10-29
1022,224933,3,2004-06-20
1022,1917047,4,2004-07-20
1022,2251258,3,2004-11-11
1022,1769615,4,2005-05-25
1022,2000256,3,2005-06-15
1022,1629801,3,2005-09-17
1022,1592250,3,2005-12-23
1022,2586253,4,2002-06-08
1022,1226397,4,2003-06-28
1022,2406067,3,2002-05-31
1022,461344,3,2003-06-15
1022,1723037,3,2002-06-29
1022,1276983,2,2002-09-06
1022,2346083,4,2002-08-19
1022,1768193,4,2002-10-08
1022,197483,3,2002-10-22
1022,1711016,3,2003-02-13
1022,751762,4,2004-08-03
1022,565594,3,2003-03-11
1022,525993,1,2003-05-05
1022,383952,3,2004-01-18
1022,1074559,3,2003-02-20
1022,2406002,4,2004-02-20
1022,1190785,3,2004-07-21
1022,2320706,3,2004-01-05
1022,730016,3,2004-09-05
1022,566041,5,2005-04-18
1022,1578366,3,2005-06-17
1022,347655,3,2005-06-27
1022,227785,2,2005-11-02
1022,2070820,3,2002-08-10
1022,2549657,2,2002-06-14
1022,969948,3,2003-08-18
1022,1711710,4,2002-06-05
1022,892254,4,2003-05-05
1022,1608171,4,2004-06-25
1022,449440,3,2002-01-30
1022,2348784,4,2002-06-02
1022,428688,3,2002-04-24
1022,714189,4,2002-06-13
1022,624468,3,2005-08-12
1022,296643,3,2004-08-30
1022,1543422,5,2004-06-02
1022,1549795,5,2003-10-29
1022,1027550,3,2004-07-19
1022,965075,2,2004-01-04
1022,1340805,4,2004-05-15
1022,854440,4,2005-04-06
1022,372454,4,2005-04-20
1022,106239,4,2005-04-22
1022,2375388,3,2005-06-02
1022,1666057,4,2005-10-29
1022,585272,2,2005-07-07
1022,765484,4,2002-12-02
1022,1177636,2,2004-03-09
1022,188613,3,2002-03-23
1022,356103,4,2002-04-03
1022,344131,2,2002-08-30
1022,1764962,1,2002-05-19
1022,948109,4,2002-05-20
1022,2518772,3,2005-07-29
1022,2540589,3,2003-07-23
1022,287901,3,2002-09-07
1022,2000928,5,2003-05-05
1022,2414964,4,2002-12-19
1022,1550216,3,2003-05-27
1022,492882,2,2003-07-23
1022,285173,3,2004-06-02
1022,2060427,5,2004-02-16
1022,148670,4,2004-02-16
1022,50400,5,2004-07-31
1022,343429,3,2004-03-22
1022,27746,4,2004-09-22
1022,1379412,2,2004-11-05
1022,1217751,3,2001-12-18
1022,92161,4,2004-09-06
1022,1769749,3,2004-05-07
1022,2600294,3,2002-06-08
1022,845991,3,2003-01-03
1022,10897,3,2003-11-10
1022,787874,3,2004-06-29
1022,372239,5,2004-06-17
1022,1622554,3,2004-01-23
1022,1411831,5,2004-01-21
1022,71114,5,2004-08-06
1022,2359874,2,2004-07-19
1022,250756,3,2004-08-09
1022,1307875,2,2004-06-04
1022,929375,3,2005-02-14
1022,1933447,3,2005-05-01
1022,1088839,4,2005-07-01
1022,1144773,3,2005-07-09
1022,1985040,4,2002-04-26
1022,2008999,1,2002-05-07
1022,1377158,4,2003-04-06
1022,921587,3,2003-09-02
1022,1931621,4,2003-05-28
1022,2489783,4,2002-05-28
1022,1858728,3,2002-09-22
1022,1070602,4,2002-04-24
1022,1517187,4,2002-05-06
1022,2502403,3,2003-02-11
1022,5356,2,2004-01-06
1022,390751,3,2003-07-29
1022,1931285,3,2004-01-16
1022,133383,4,2004-05-19
1022,1016510,5,2004-04-06
1022,2374451,4,2004-08-06
1022,2237988,3,2004-09-03
1022,2332964,3,2004-10-20
1022,2425210,4,2004-11-29
1022,2385741,4,2005-01-30
1022,1090727,2,2005-03-23
1022,2145533,4,2005-06-07
1022,1213178,3,2005-11-01
1022,1795054,5,2002-01-05
1022,2279229,3,2003-05-12
1022,292741,5,2002-07-09
1022,1076062,2,2003-04-08
1022,2111672,2,2002-10-25
1022,2040784,2,2003-01-12
1022,539054,4,2002-09-22
1022,1835584,1,2003-12-15
1022,2459246,3,2004-03-08
1022,627801,4,2005-08-22
1022,2019369,3,2003-09-30
1022,962944,3,2004-08-03
1022,850523,4,2004-05-24
1022,1259374,3,2004-06-13
1022,917160,2,2004-09-20
1022,1300759,4,2004-09-29
1022,1618057,4,2004-11-01
1022,1487737,2,2004-11-04
1022,2264086,4,2004-11-25
1022,582114,1,2004-12-03
1022,2274285,3,2004-12-29
1022,1962994,3,2004-12-31
1022,2643057,3,2005-01-06
1022,1992341,3,2005-05-04
1022,2572942,4,2005-05-08
1022,956368,3,2005-06-30
1022,1961675,3,2002-02-15
1022,2573509,3,2004-06-29
1022,193952,4,2002-05-14
1022,1441086,3,2004-08-25
1022,2082452,4,2002-07-09
1022,171096,3,2002-03-30
1022,70476,2,2002-06-06
1022,2332186,5,2003-08-18
1022,1550207,2,2002-11-01
1022,1561134,4,2002-08-15
1022,2288788,5,2004-02-12
1022,1470700,5,2003-11-15
1022,715087,3,2004-03-08
1022,1349433,3,2003-08-24
1022,1920318,3,2004-11-27
1022,1891117,3,2003-06-30
1022,217506,4,2003-06-15
1022,1544409,4,2004-07-16
1022,1607300,5,2004-03-09
1022,324510,3,2004-01-23
1022,2374464,3,2004-01-29
1022,823628,5,2004-02-17
1022,1388741,4,2004-05-04
1022,2549935,3,2004-07-28
1022,1642092,4,2004-09-27
1022,1704416,2,2004-11-08
1022,770268,4,2005-03-22
1022,2513621,3,2005-05-30
1022,2051123,4,2005-09-12
1022,442222,3,2005-09-15
1022,2510785,4,2005-09-29
