1556,1109700,4,2001-07-07
1556,1331887,3,2002-05-25
1556,1663216,1,2002-06-14
1556,2007993,2,2004-02-13
1556,903692,3,2005-01-12
1556,1645486,3,2000-02-05
1556,14690,4,2003-09-09
1556,247794,3,2000-08-05
1556,984992,2,2004-05-14
1556,497196,3,2003-12-17
1556,996288,3,2004-02-23
1556,636752,3,2005-01-31
1556,1998117,4,2002-08-09
1556,76196,1,2001-12-06
1556,2384779,5,2002-01-11
1556,520465,3,2003-01-26
1556,2270774,1,2003-12-05
1556,908205,3,2004-01-05
1556,2503887,4,2004-11-09
1556,1770196,2,2003-12-23
1556,387189,5,2004-08-10
1556,2500070,4,2004-01-08
1556,1977959,3,2004-11-05
1556,1848102,3,2005-08-05
1556,1984086,3,2005-09-03
1556,259348,4,2004-04-13
1556,294948,4,2005-01-26
1556,1873215,3,2005-09-08
1556,1116377,3,2000-02-14
1556,1333,2,2004-02-23
1556,1900854,5,2003-09-22
1556,2168178,3,2004-09-16
1556,2043617,3,2005-11-16
1556,2526892,1,2001-07-11
1556,2020098,2,2002-02-13
1556,1890022,1,2002-06-07
1556,2160787,2,2004-02-24
1556,2573474,3,2005-07-23
1556,1362065,3,2002-01-09
1556,370531,3,2004-03-02
1556,2376418,4,2004-10-01
1556,1224299,3,2005-03-18
1556,1599243,3,2003-08-04
1556,350547,3,2004-02-21
1556,933168,5,2003-08-18
1556,876850,4,2004-05-12
1556,2388803,1,2003-10-05
1556,639194,5,2004-10-25
1556,1559187,4,2005-11-08
1556,1068656,3,2000-02-09
1556,1673185,3,2002-04-26
1556,2602249,3,2004-06-03
1556,964254,3,2000-01-17
1556,731217,3,2003-05-29
1556,1220170,3,2004-08-06
1556,1358681,2,2003-11-26
1556,2203244,3,2004-01-09
1556,317168,5,2005-10-21
1556,1582412,3,2002-03-10
1556,929308,4,2003-12-09
1556,1823259,3,2005-08-10
1556,1526371,5,2004-02-02
1556,816549,3,2001-01-02
1556,2203834,3,2005-01-03
1556,1723615,3,2005-02-07
1556,1718390,3,2005-02-15
1556,1179117,3,2005-02-18
1556,2430867,3,2005-11-08
1556,65841,4,2000-03-19
1556,2037990,3,2000-10-13
1556,1424380,3,2001-09-23
1556,2102030,4,2003-11-06
1556,114296,2,2004-01-02
1556,53878,3,2004-03-02
1556,66109,3,2004-10-01
1556,1782465,3,2005-07-04
1556,927774,5,2000-12-26
1556,1733406,2,2001-12-31
1556,2566515,2,2004-01-16
1556,2386920,4,2004-03-25
1556,968121,2,2004-05-07
1556,1424487,3,2004-10-08
1556,2596679,2,2005-09-11
1556,1265763,3,2005-11-03
1556,2490215,4,2003-12-26
1556,2023435,3,2004-02-22
1556,2071346,3,2004-04-17
1556,2088413,3,2004-12-27
1556,1564651,2,2005-05-28
1556,1741099,5,2005-10-07
1556,819314,5,2000-02-15
1556,2216056,4,2005-07-28
1556,1714902,3,2004-02-09
1556,2618645,2,2005-09-09
1556,1072314,3,2004-02-19
1556,299165,3,2003-11-28
1556,1154763,3,2004-08-16
1556,901520,3,2003-08-15
1556,2608903,4,2003-11-03
1556,1460659,3,2005-11-02
1556,1799995,2,2005-08-15
1556,2014569,4,2003-09-17
1556,2465236,4,2004-12-31
1556,447930,3,2005-10-18
1556,139964,3,2001-06-19
1556,2604976,3,2004-05-30
1556,2598028,1,2004-03-01
1556,1801389,3,2004-07-04
1556,604949,3,2004-09-19
1556,230929,3,2001-09-01
1556,2265966,3,2002-02-09
1556,1597177,1,2004-04-24
1556,7730,3,2003-12-19
1556,1927580,4,2003-11-24
1556,2118169,3,2000-02-08
1556,946743,3,2001-05-16
1556,704642,3,2001-05-28
1556,103619,3,2004-12-06
1556,202667,2,2005-03-02
1556,2253160,3,2005-11-03
1556,2571175,4,2004-06-21
1556,917647,3,2002-04-11
1556,2508652,3,2002-04-25
1556,59913,4,2004-08-25
1556,1332983,1,2004-02-14
1556,617093,3,2004-06-09
1556,1134816,4,2002-08-27
1556,727242,1,2004-02-09
1556,1309456,3,2004-03-12
1556,697822,4,2004-11-24
1556,2610031,3,2000-02-05
1556,1796072,3,2002-04-27
1556,1662714,4,2003-12-08
1556,1851033,3,2004-02-01
1556,180030,2,2004-03-05
1556,478176,3,2004-08-31
1556,1773066,4,2004-09-28
1556,1095174,3,2005-03-23
1556,1882563,1,2003-10-16
1556,2210764,3,2005-02-21
1556,395092,3,2000-01-12
1556,1272379,1,2002-01-25
1556,2075033,5,2003-06-25
1556,357482,3,2003-12-18
1556,519965,3,2004-06-17
1556,2329026,4,2004-03-25
1556,509231,5,2005-05-29
1556,319802,3,2000-01-15
1556,1792741,4,2003-09-08
1556,110288,3,2004-01-01
1556,1575462,4,2004-06-18
1556,1370323,4,2004-03-19
1556,602942,1,2003-11-03
1556,415672,4,2004-06-01
1556,1314869,3,2004-05-26
1556,1714604,3,2000-02-03
1556,482067,4,2002-10-16
1556,864172,2,2003-07-14
1556,711569,3,2005-11-30
1556,763478,3,2004-12-13
1556,2237185,4,2003-09-02
1556,504211,3,2001-12-08
1556,798653,4,2002-05-10
1556,1081292,2,2003-11-08
1556,966789,3,2003-09-18
1556,1750198,4,2004-04-26
1556,1217193,3,2004-05-20
1556,2344438,3,2004-12-01
1556,718460,3,2005-03-23
1556,524672,3,2003-10-13
1556,2002671,3,2003-02-14
1556,2484944,1,2004-02-26
1556,2062350,3,2003-06-17
1556,1779803,3,2005-03-07
1556,915726,4,2005-03-13
1556,355612,2,2002-08-06
1556,2247785,4,2004-03-29
1556,127824,3,2004-11-16
1556,999601,3,2005-03-20
1556,2630337,5,2005-12-28
1556,2439493,1,2003-05-26
1556,892278,4,2004-02-29
1556,1356923,3,2004-07-26
1556,530789,5,2005-07-04
1556,65197,4,2000-03-21
1556,1786608,3,2003-11-13
1556,1952860,5,2005-07-31
1556,8121,3,2003-12-17
1556,1552265,4,2004-03-04
1556,165374,3,2004-04-30
1556,1143536,3,2004-09-23
1556,1310257,5,2004-11-26
1556,927815,1,2004-12-14
1556,596550,3,2005-10-17
1556,2587206,3,2000-02-03
1556,2507646,3,2003-11-10
1556,2197525,4,2004-03-03
1556,1910320,3,2003-06-30
1556,1061129,4,2004-01-18
1556,2053984,1,2004-06-01
1556,2545689,4,2005-10-27
1556,638614,4,2005-11-15
1556,782308,5,2001-06-10
1556,396681,3,2004-08-10
1556,176377,5,2003-09-16
1556,186809,2,2004-02-17
1556,2304,3,2004-04-16
1556,238740,4,2004-09-18
1556,174783,3,2003-10-29
1556,1607643,3,2003-10-28
1556,1163832,3,2004-05-12
1556,1520734,3,2005-02-18
1556,1570077,4,2001-07-17
1556,1318951,1,2004-01-18
1556,817339,4,2004-03-25
1556,1939431,4,2005-02-17
1556,847616,4,2005-12-02
1556,1036032,3,2002-01-12
1556,318457,3,2004-02-05
1556,1321552,2,2005-05-25
1556,991596,1,2005-05-26
1556,760837,4,2003-09-02
1556,2034970,3,2000-02-16
1556,2389367,3,2004-06-07
1556,2252784,4,2002-07-28
1556,50123,4,2001-10-19
1556,1783640,3,2002-09-02
1556,1392053,3,2004-03-25
1556,633722,3,2004-02-27
1556,2155681,5,2005-01-25
1556,1928290,1,2005-04-12
1556,382186,3,2001-08-24
1556,1519636,3,2004-07-22
1556,332763,2,2004-06-30
1556,2523426,3,2004-03-02
1556,1724752,2,2004-06-16
1556,1553204,3,2004-12-27
1556,1755939,4,2005-11-08
1556,1076254,4,2000-12-04
1556,1351769,3,2001-07-19
1556,1144139,4,2002-12-31
1556,352581,2,2003-08-15
1556,2588510,4,2003-06-27
1556,1034828,2,2003-08-04
1556,113774,4,2005-09-28
1556,1369823,3,2000-01-19
1556,895523,5,2001-06-06
1556,2078013,5,2004-01-27
1556,1710306,3,2002-12-27
1556,2584252,3,2001-04-15
1556,305765,4,2003-11-09
1556,187410,3,2004-10-04
1556,1797483,4,2004-11-21
1556,959443,2,2005-03-23
1556,310623,3,2002-09-21
1556,1401151,2,2004-08-29
1556,1714298,4,2004-08-03
1556,2537502,4,2004-04-26
1556,1201695,5,2002-05-31
1556,1227730,1,2002-05-28
1556,268739,4,2004-03-07
1556,2031198,2,2003-12-23
1556,361778,1,2005-01-11
1556,276589,3,2000-02-03
1556,1458218,4,2004-03-28
1556,901167,3,2005-02-14
1556,1901089,5,2005-10-23
1556,1357786,3,2001-07-31
1556,2248080,3,2003-11-10
1556,788852,4,2001-09-11
1556,98586,3,2004-07-27
1556,270890,5,2004-04-22
1556,2260472,4,2004-06-15
1556,1239065,4,2004-06-24
1556,818752,5,2004-06-21
1556,645873,3,2004-06-24
1556,850678,3,2005-10-26
1556,775794,3,2001-07-28
1556,1883039,5,2001-06-11
1556,759416,4,2001-09-05
1556,2622076,2,2002-06-08
1556,1433573,2,2003-09-11
1556,2279052,4,2003-12-01
1556,381587,1,2004-09-01
1556,1513174,1,2005-07-08
1556,1827859,3,2001-04-14
1556,2512128,1,2004-04-09
1556,1571988,3,2004-12-27
1556,2197982,4,2005-01-06
1556,1284925,4,2001-10-13
1556,1080708,1,2003-09-23
1556,388514,4,2003-12-10
1556,768949,4,2004-02-13
1556,2457095,2,2004-02-25
1556,1315827,3,2005-12-21
1556,1445536,3,2000-02-03
1556,2026477,2,2000-03-31
1556,1876520,2,2002-05-03
1556,2497845,3,2004-02-20
1556,596255,1,2005-08-12
1556,1936110,3,2004-05-05
1556,2619512,4,2004-06-27
1556,1280119,4,2003-12-24
1556,431510,5,2004-07-28
1556,2036283,4,2003-12-28
1556,1024768,5,2004-10-19
1556,1125803,3,2005-02-24
1556,1275796,4,2003-09-11
1556,2014999,3,2004-08-03
1556,529809,4,2004-02-11
1556,2550154,4,2004-04-17
1556,1649551,3,2003-08-14
1556,1490665,4,2003-09-11
1556,26756,5,2004-12-30
1556,346873,3,2005-01-19
1556,827532,3,2000-03-13
1556,1071266,4,2002-05-31
1556,762260,3,2004-01-12
1556,1582615,2,2004-09-02
1556,760481,4,2004-11-24
1556,2644804,4,2004-12-15
1556,330802,4,2001-08-03
1556,2475373,4,2001-12-09
1556,2215021,4,2003-09-04
1556,698017,3,2004-09-28
1556,28794,4,2005-02-24
1556,1973503,3,2005-09-17
1556,2313792,3,2002-02-17
1556,1427482,4,2002-01-05
1556,2494753,3,2004-05-25
1556,472169,3,2003-09-05
1556,1933151,3,2003-05-23
1556,952582,3,2004-10-25
1556,905048,3,2001-06-20
1556,547375,4,2002-03-09
1556,1774181,3,2004-07-06
1556,837126,4,2004-03-20
1556,1404828,3,2004-08-29
1556,1268483,3,2005-05-23
1556,1135948,3,2002-08-07
1556,1047039,5,2003-11-27
1556,2313013,3,2005-06-21
1556,2372924,3,2005-12-08
1556,1961777,4,2005-12-21
1556,1684341,2,2000-04-18
1556,1598875,1,2000-04-10
1556,2321388,3,2002-02-02
1556,1202723,4,2004-03-17
1556,2211296,3,2004-12-25
1556,1172980,5,2005-04-26
1556,507603,1,2005-11-29
1556,1853855,3,2004-02-12
1556,1068988,3,2005-01-25
1556,2120864,3,2003-07-17
1556,2269445,2,2004-09-18
1556,424273,4,2005-04-19
1556,1731912,3,2005-06-23
1556,532653,3,2001-04-03
1556,1762752,3,2000-02-05
1556,680736,3,2005-07-27
1556,661770,5,2004-04-20
1556,2069464,2,2004-01-07
1556,1752618,4,2004-04-27
1556,129796,4,2004-02-23
1556,1033825,1,2004-05-12
1556,1797678,3,2004-12-03
1556,2524668,4,2005-06-27
1556,2166018,3,2005-10-06
1556,1935937,4,2005-11-03
1556,2252455,4,2001-07-31
1556,2321512,2,2003-09-04
1556,454490,3,2004-06-01
1556,358660,2,2004-09-12
1556,1655656,3,2005-01-29
1556,836150,3,2003-11-11
1556,2532402,5,2005-08-15
1556,2250323,4,2003-09-15
1556,727412,2,2004-02-23
1556,2012052,4,2004-02-18
1556,1179020,4,2004-10-01
1556,994370,2,2005-01-03
1556,199363,2,2003-09-24
1556,1890819,5,2004-05-10
1556,2354740,3,2004-02-18
1556,1543240,4,2005-01-12
1556,1086084,4,2004-08-23
1556,731592,3,2004-01-01
1556,2514291,2,2004-03-31
1556,308422,4,2004-03-25
1556,327249,3,2003-08-21
1556,1900514,3,2005-02-04
1556,1767910,4,2002-09-04
1556,2162803,3,2003-07-28
1556,274191,3,2004-07-08
1556,2299517,4,2003-10-31
1556,2241714,2,2003-11-22
1556,377937,3,2004-02-29
1556,2101288,4,2004-04-09
1556,1394198,1,2004-07-23
1556,47289,3,2004-10-13
1556,2371791,4,2001-01-28
1556,18907,3,2003-07-10
1556,1183553,2,2002-01-13
1556,2203225,1,2004-02-10
1556,1132764,3,2003-09-12
1556,478952,1,2004-08-07
1556,9557,2,2004-03-01
1556,2156178,3,2002-01-12
1556,2115386,2,2002-09-12
1556,388643,1,2003-07-11
1556,1532220,4,2004-02-08
1556,1684416,2,2005-04-27
1556,1664010,5,2005-10-12
1556,2503583,4,2003-09-06
1556,2038806,2,2004-08-18
1556,668693,3,2004-05-21
1556,2464846,4,2003-05-29
1556,296452,1,2004-02-19
1556,555423,3,2005-02-03
1556,22432,3,2000-03-01
1556,1223273,4,2000-07-16
1556,2563721,2,2002-04-30
1556,722258,2,2004-01-07
1556,564016,4,2003-12-01
1556,1944201,4,2004-04-11
1556,812769,4,2005-10-05
1556,554225,3,2000-02-10
1556,2497157,4,2002-01-04
1556,1021179,4,2002-01-28
1556,2009562,4,2002-10-30
1556,576990,1,2004-02-09
1556,354259,2,2004-06-14
1556,717972,4,2004-02-05
1556,910244,3,2004-03-29
1556,690426,4,2004-07-20
1556,2010641,2,2000-12-20
1556,56065,2,2001-05-16
1556,1547701,4,2002-01-04
1556,558897,3,2004-07-01
1556,2350502,3,2004-09-10
1556,2420828,4,2001-06-29
1556,1913123,5,2002-01-10
1556,2490049,3,2005-09-04
1556,1903095,4,2004-01-15
1556,761782,5,2003-12-05
1556,1423668,3,2005-01-07
1556,173100,3,2000-02-07
1556,493863,1,2005-03-17
1556,491739,4,2000-02-04
1556,1149851,4,2002-05-18
1556,1656569,5,2003-11-06
1556,781303,2,2004-07-13
1556,2509048,4,2004-04-14
1556,718435,4,2004-06-10
1556,918157,5,2005-12-11
1556,1100143,3,2001-03-13
1556,1661876,1,2002-08-08
1556,341266,4,2003-08-29
1556,2514777,3,2003-11-06
1556,1044300,5,2004-01-05
1556,779811,3,2004-10-01
1556,2596779,3,2005-02-07
1556,1117152,5,2005-05-23
1556,1813328,2,2002-05-16
1556,977733,5,2001-12-28
1556,722678,4,2003-07-04
1556,1153067,3,2005-02-25
1556,2536547,3,2001-12-05
1556,1094767,5,2004-06-11
1556,1301819,3,2005-03-11
1556,1820824,4,2001-06-28
1556,1136104,3,2000-02-09
1556,2369453,2,2001-05-04
1556,751091,4,2001-12-13
1556,2585863,4,2002-11-24
1556,1910955,3,2003-02-27
1556,1662724,3,2004-07-28
1556,1527900,3,2004-07-08
1556,359568,3,2004-10-04
1556,1772215,3,2005-03-19
1556,2459229,3,2003-06-07
1556,1011240,2,2002-01-07
1556,719294,5,2003-12-17
1556,504440,4,2005-08-13
1556,1454488,4,2003-08-22
1556,525071,2,2004-02-29
1556,1432549,3,2004-06-18
1556,940516,3,2004-05-20
1556,893327,3,2004-08-04
1556,1098765,4,2005-09-08
1556,1998128,3,2001-12-18
1556,412604,1,2003-09-21
1556,684531,4,2004-02-05
1556,869468,2,2004-02-20
1556,2221589,3,2004-10-10
1556,1531781,4,2005-04-07
1556,1976969,3,2004-03-26
1556,1833557,2,2005-02-03
1556,1583078,1,2004-02-24
1556,1252263,4,2004-04-30
1556,2019083,2,2004-05-15
1556,1477153,2,2004-01-28
1556,202114,4,2005-04-17
1556,596267,4,2005-07-06
1556,71594,3,2000-06-21
1556,1816884,5,2003-06-17
1556,707012,4,2004-06-05
1556,1036358,3,2004-01-08
1556,387370,5,2004-06-18
1556,2620317,3,2005-01-19
1556,2210044,3,2005-09-07
1556,1002943,4,2005-11-01
1556,2601377,4,2003-09-17
1556,1351706,3,2004-07-07
1556,1273028,3,2003-06-08
1556,1910947,1,2004-06-14
1556,190547,3,2004-05-18
1556,1980663,3,2004-04-09
1556,1149344,2,2004-12-21
1556,1110848,3,2000-02-04
1556,401523,3,2002-11-15
1556,1576028,1,2002-12-31
1556,1495485,3,2004-03-03
1556,2291306,2,2004-03-01
1556,762835,3,2004-04-20
1556,159847,2,2005-01-12
1556,769129,5,2005-05-01
1556,496831,2,2004-01-28
1556,901436,3,2001-08-02
1556,914045,1,2002-01-29
1556,378591,2,2002-05-18
1556,509213,3,2005-06-07
1556,991810,2,2004-05-15
1556,825819,4,2005-08-03
1556,2487515,3,2000-02-05
1556,1541262,1,2004-05-26
1556,877320,3,2005-08-27
1556,1425197,4,2004-04-17
1556,777074,4,2004-09-28
1556,951907,4,2005-05-20
1556,125392,4,2001-02-19
1556,1555033,3,2004-09-02
1556,1312066,4,2003-12-02
1556,270692,3,2005-08-15
1556,1668366,4,2004-02-20
1556,1895259,3,2004-08-13
1556,1436655,2,2005-03-03
1556,2449001,3,2003-02-21
1556,2275470,4,2002-07-17
1556,2048038,2,2004-02-03
1556,2328511,3,2004-03-25
1556,1753483,3,2004-03-01
1556,311144,4,2000-12-20
1556,941011,4,2001-03-02
1556,683997,2,2004-05-26
1556,2072811,3,2005-08-08
1556,2097018,1,2004-07-01
1556,1811259,3,2004-08-29
1556,1844527,5,2004-03-02
1556,2519299,4,2004-04-14
1556,1317671,3,2004-10-07
1556,2066490,4,2000-08-26
1556,395606,3,2003-12-17
1556,691616,1,2004-09-28
1556,2156165,3,2000-02-10
1556,1214915,3,2004-01-31
1556,1258349,4,2004-01-11
1556,31231,4,2004-12-01
1556,2045846,3,2005-09-11
1556,2446344,2,2004-01-29
1556,670416,2,2001-12-29
1556,1039760,4,2002-04-28
1556,445423,3,2003-12-20
1556,1848548,3,2003-08-19
1556,271346,1,2003-11-11
1556,1875008,3,2003-06-22
1556,282427,2,2004-01-13
1556,1079165,3,2003-11-26
1556,2463759,5,2003-12-23
1556,1072939,3,2003-12-26
1556,761998,4,2004-09-22
1556,564895,4,2005-06-06
1556,2299661,5,2005-12-03
1556,511883,3,2004-02-21
1556,277099,4,2001-01-05
1556,1146000,3,2002-01-27
1556,1947378,4,2003-11-30
1556,587610,4,2005-10-07
1556,1214181,4,2004-04-13
1556,424470,5,2003-12-15
1556,647979,5,2004-02-13
1556,2375962,3,2003-11-22
1556,649585,2,2004-01-19
1556,1614424,3,2004-04-24
1556,362622,4,2005-12-03
1556,1823645,4,2002-08-20
1556,619830,5,2004-01-31
1556,1036997,4,2004-01-12
1556,2517022,2,2004-12-02
1556,716173,5,2004-12-30
1556,1746599,3,2005-01-13
1556,2216803,4,2005-02-28
1556,660874,5,2005-10-21
1556,2602922,4,2005-07-06
1556,803330,3,2001-06-21
1556,2252405,4,2004-01-08
1556,4919,3,2004-11-30
1556,1299887,5,2005-02-26
1556,2119826,3,2005-05-05
1556,208435,3,2005-12-01
1556,723110,5,2004-08-11
1556,2040097,3,2004-04-08
1556,798296,4,2004-09-21
1556,682963,4,2005-06-20
1556,2377767,5,2005-10-17
1556,2288555,3,2002-09-12
1556,16272,3,2002-08-20
1556,2423210,4,2003-08-28
1556,2445387,4,2003-09-12
1556,2229399,4,2004-07-14
1556,2008700,4,2005-10-26
1556,480192,2,2003-07-09
1556,368363,3,2004-02-24
1556,864722,2,2005-01-21
1556,2034654,3,2004-04-30
1556,2264726,4,2001-02-12
1556,729150,3,2004-09-04
1556,1600196,2,2005-10-31
1556,2426167,3,2000-01-26
1556,466937,3,2001-11-13
1556,1818865,3,2001-08-21
1556,1742931,3,2003-12-21
1556,2385435,4,2003-12-21
1556,319058,3,2004-08-05
1556,2173152,4,2001-01-02
1556,1580005,1,2003-12-08
1556,1640519,5,2004-07-23
1556,1105663,4,2005-08-21
1556,1132964,2,2004-02-11
1556,1471556,4,2004-10-19
1556,1294471,2,2004-02-19
1556,305344,4,2003-05-22
1556,655021,3,2003-08-07
1556,1258036,2,2004-09-17
1556,341108,5,2004-10-23
1556,876074,4,2005-03-06
1556,568033,5,2005-06-04
1556,2051579,5,2003-12-17
1556,319832,4,2004-07-02
1556,345588,3,2004-07-07
1556,2452881,5,2005-01-11
1556,941280,4,2004-12-05
1556,2412874,3,2003-08-16
1556,293718,5,2005-05-26
1556,763224,3,2005-09-23
1556,2266249,2,2004-07-21
1556,1880556,1,2001-10-05
1556,1203347,5,2002-01-23
1556,1264970,5,2004-03-05
1556,1773858,4,2004-02-13
1556,2276790,3,2004-01-31
1556,2603059,3,2005-05-05
1556,1396900,3,2004-01-08
1556,282654,2,2001-10-20
1556,1912542,1,2003-11-05
1556,2037693,2,2004-02-01
1556,2631815,4,2004-03-08
1556,170551,1,2004-03-28
1556,304409,4,2004-10-05
1556,1522517,3,2005-03-22
1556,2147527,2,2005-11-16
1556,2288889,2,2005-10-23
1556,2054723,3,2005-10-27
1556,2083964,5,2004-01-19
1556,74441,3,2002-10-01
1556,1396341,2,2003-10-20
1556,490882,4,2004-02-04
1556,2343759,3,2005-09-18
1556,333573,3,2001-03-22
1556,232877,4,2004-01-19
1556,2159810,3,2004-05-17
1556,256278,4,2003-12-05
1556,1547977,3,2004-07-28
1556,1315701,5,2004-12-29
1556,1949010,3,2005-11-14
1556,809880,4,2001-03-28
1556,3458,3,2002-01-07
1556,1562255,2,2004-01-11
1556,2353935,3,2002-07-03
1556,1203822,3,2004-02-05
1556,2097126,3,2003-04-06
1556,2464081,5,2004-04-20
1556,620010,5,2004-07-26
1556,306569,4,2000-02-06
1556,1632078,3,2002-05-30
1556,29933,3,2003-10-19
1556,2079894,3,2004-03-06
1556,722341,4,2004-07-29
1556,825831,4,2005-06-01
1556,2577654,4,2005-09-19
1556,1462211,3,2005-10-11
1556,1643146,4,2002-01-03
1556,1661271,2,2004-02-22
1556,829490,4,2004-07-03
1556,728063,2,2003-04-23
1556,1069677,2,2004-05-21
1556,2006046,1,2004-04-20
1556,2437552,2,2004-10-25
1556,1444287,4,2005-07-06
1556,2566731,4,2001-03-28
1556,835474,3,2005-07-27
1556,1768181,3,2004-02-18
1556,1821531,4,2005-01-06
1556,1444062,4,2005-11-25
1556,362008,4,2001-12-18
1556,1223912,3,2002-02-21
1556,1705772,3,2004-06-02
1556,1979820,3,2005-02-05
1556,247089,2,2005-03-14
1556,559773,5,2005-05-01
1556,2315012,4,2005-05-16
1556,2549156,3,2004-07-12
1556,2260291,5,2004-06-06
1556,1770828,1,2004-02-18
1556,1054783,4,2004-04-21
1556,104583,3,2004-09-11
1556,1335658,4,2004-11-03
1556,2216322,4,2005-04-04
1556,2316631,3,2005-07-06
1556,1484157,3,2001-06-10
1556,1562707,2,2005-07-17
1556,2398969,3,2001-08-04
1556,573077,4,2003-06-20
1556,1505332,4,2005-09-02
1556,159159,3,2004-01-27
1556,87674,4,2005-11-22
1556,371575,3,2001-11-08
1556,2422562,2,2002-08-07
1556,2051135,4,2004-05-18
1556,1032461,1,2003-06-07
1556,2091589,4,2004-01-17
1556,256796,4,2004-07-04
1556,649547,2,2004-10-21
1556,1977824,4,2004-12-07
1556,1745870,5,2005-02-04
1556,416884,3,2002-01-01
1556,712361,3,2003-01-05
1556,94879,2,2003-10-09
1556,2105004,4,2004-01-28
1556,853459,4,2004-06-18
1556,14125,5,2004-09-21
1556,471880,3,2002-07-30
1556,486770,3,2000-02-21
1556,1772538,3,2004-06-27
1556,1938418,2,2004-02-27
1556,980292,3,2004-06-13
1556,803013,4,2003-09-22
1556,1138585,3,2004-11-12
1556,1709888,3,2005-02-17
1556,1431356,3,2005-02-25
1556,1449277,3,2001-07-04
1556,2209278,4,2004-03-01
1556,328651,4,2001-07-18
1556,2436832,3,2003-08-31
1556,1501554,3,2004-10-06
1556,2219113,4,2005-06-16
1556,1202962,2,2001-08-06
1556,752642,2,2002-02-07
1556,128040,5,2003-05-25
1556,671338,4,2005-01-30
1556,1634596,3,2004-08-21
1556,1488032,4,2004-07-29
1556,64594,1,2004-01-14
1556,2325730,3,2002-06-16
1556,2445689,4,2001-07-02
1556,827847,3,2005-01-01
1556,1359863,3,2005-11-28
1556,2205030,3,2004-02-15
1556,567517,2,2003-12-01
1556,1284347,4,2005-02-18
1556,2189871,3,2001-06-14
1556,654401,4,2004-05-29
1556,10679,3,2005-07-19
1556,1824968,2,2002-06-26
1556,1979737,4,2002-05-13
1556,33748,4,2004-08-20
1556,2228763,5,2004-01-31
1556,89609,5,2004-02-27
1556,1871993,3,2005-01-23
1556,1526365,3,2005-09-28
1556,647393,4,2005-11-07
1556,1986937,3,2000-02-17
1556,121182,4,2001-06-15
1556,867311,5,2005-07-26
1556,726339,2,2003-09-30
1556,969863,2,2004-03-14
1556,1745107,3,2004-05-27
1556,326356,2,2005-04-01
1556,1701998,4,2005-04-17
1556,2472682,3,2005-11-15
1556,961400,3,2002-06-25
1556,2072858,4,2003-07-11
1556,2195910,5,2004-10-14
1556,195058,2,2004-11-03
1556,1312412,3,2001-06-19
1556,2167088,4,2004-06-10
1556,896279,3,2003-09-17
1556,1436780,3,2004-02-14
1556,391771,4,2005-03-03
1556,578191,3,2004-07-13
1556,1295586,1,2003-08-01
1556,2458647,4,2003-12-20
1556,677536,3,2003-08-19
1556,2239892,4,2005-02-25
1556,1937848,5,2004-08-14
1556,985009,3,2003-11-10
1556,1625122,1,2005-10-28
1556,1933592,5,2003-12-11
1556,1979447,3,2004-02-11
1556,2081775,3,2004-04-17
1556,441344,3,2003-12-30
1556,1669360,5,2004-01-20
1556,1702296,4,2004-03-06
1556,108121,2,2004-06-20
1556,1455571,3,2005-10-27
1556,828344,2,2003-12-30
1556,1167607,2,2004-02-10
1556,1691326,1,2004-04-07
1556,1728944,4,2004-02-15
1556,2133714,5,2005-05-11
1556,1973951,3,2005-09-25
1556,2568315,4,2005-10-17
1556,2152465,2,2005-11-02
1556,2059635,3,2005-11-20
1556,2548253,3,2005-07-05
1556,1190829,3,2000-02-11
1556,17462,2,2001-09-22
1556,625067,3,2001-12-11
1556,2757,1,2004-12-01
1556,296271,3,2005-11-14
1556,1395688,3,2002-07-16
1556,1441568,3,2004-01-27
1556,2118461,4,2005-10-22
1556,325698,5,2003-01-17
1556,1072585,3,2001-10-06
1556,314634,5,2003-03-23
1556,1822560,4,2005-03-13
1556,1847296,5,2005-03-29
1556,657606,2,2005-04-09
1556,1018632,4,2005-12-10
1556,542848,1,2004-03-26
1556,2351402,3,2004-11-12
1556,2061495,2,2005-03-28
1556,392651,3,2005-06-28
1556,2090850,3,2003-09-23
1556,387418,1,2003-07-31
1556,1220526,1,2004-04-26
1556,872408,3,2004-07-24
1556,1172510,4,2004-01-21
1556,977703,4,2004-04-15
1556,1865773,3,2000-02-07
1556,1920218,4,2005-07-10
1556,1310425,5,2004-08-30
1556,1221963,2,2002-01-18
1556,725721,2,2002-02-15
1556,539631,3,2004-05-27
1556,78819,3,2003-10-13
1556,1550140,4,2003-12-25
1556,2004581,3,2000-02-12
1556,1825371,3,2004-03-07
1556,2325440,3,2000-02-15
1556,752867,3,2001-09-28
1556,803605,5,2003-09-02
1556,1029163,3,2002-05-09
1556,410558,2,2004-09-08
1556,1368045,4,2004-04-27
1556,2146347,4,2005-09-08
1556,107909,3,2003-11-17
1556,397212,3,2004-07-08
1556,607897,3,2004-02-26
1556,1309057,5,2004-05-03
1556,1827300,5,2002-02-08
1556,2120912,4,2004-03-07
1556,475512,2,2005-08-02
1556,1876574,5,2004-01-20
1556,458143,3,2004-06-29
1556,1738116,3,2003-11-19
1556,2214251,3,2003-11-20
1556,2645455,4,2004-06-09
1556,1564191,2,2005-01-25
1556,1836124,4,2005-04-14
1556,1408655,4,2005-06-07
1556,265346,5,2000-02-03
1556,2628396,3,2002-09-15
1556,785992,3,2004-03-28
1556,16273,3,2003-08-19
1556,1350231,5,2003-08-04
1556,624987,3,2004-02-22
1556,794999,5,2004-06-22
1556,191776,3,2004-12-07
1556,1631642,4,2005-09-15
1556,2153721,2,2001-06-29
1556,115391,3,2004-12-05
1556,1298036,3,2001-12-27
1556,384003,2,2003-11-03
1556,356615,1,2002-12-31
1556,1422740,3,2004-09-03
1556,2312285,4,2005-10-02
1556,1317124,5,2005-12-26
1556,2229831,4,2002-10-31
1556,1938464,3,2003-07-03
1556,1122757,4,2003-09-21
1556,44367,1,2004-08-05
1556,2132254,4,2004-07-31
1556,1884816,5,2004-08-21
1556,1831664,4,2004-11-29
1556,2196881,3,2003-11-02
1556,1663888,5,2003-11-03
1556,1834097,4,2005-08-30
1556,2350588,4,2004-08-11
1556,1966687,3,2004-11-15
1556,2013319,3,2005-06-03
1556,2250039,5,2005-06-26
1556,2156368,3,2005-10-24
1556,867904,3,2000-01-25
1556,1461435,1,2001-12-29
1556,1267805,3,2002-01-04
1556,1163477,4,2002-05-23
1556,1519692,3,2003-06-24
1556,531010,3,2004-03-26
1556,2536002,3,2004-08-26
1556,534777,1,2004-02-14
1556,2098283,1,2004-05-11
1556,319954,1,2004-09-16
1556,666224,2,2005-02-21
1556,2041854,5,2005-05-13
1556,1550961,5,2005-05-29
1556,364238,4,2005-09-29
1556,2171172,5,2001-01-20
1556,1373504,4,2002-01-02
1556,2073563,3,2002-01-09
1556,100400,1,2004-01-26
1556,706442,1,2003-06-18
1556,409260,2,2003-06-17
1556,2588046,2,2004-11-28
1556,1480571,3,2005-09-13
1556,1238829,2,2005-11-05
1556,1498985,2,2000-12-21
1556,1057992,3,2002-07-04
1556,2384478,4,2005-08-19
1556,154473,4,2004-02-19
1556,1037245,3,2005-12-23
1556,1173289,3,2002-04-26
1556,1399249,3,2002-03-09
1556,133129,2,2003-12-08
1556,2325487,1,2004-01-26
1556,1490640,3,2004-08-17
1556,1872980,3,2004-09-14
1556,2291170,4,2004-09-22
1556,875689,3,2005-07-05
1556,1116683,1,2004-06-24
1556,1900148,3,2002-08-08
1556,1639792,1,2002-04-28
1556,2206151,1,2004-04-22
1556,189443,2,2004-02-28
1556,2095858,1,2004-06-12
1556,1336792,4,2005-05-10
1556,1329067,1,2005-09-21
1556,57633,2,2003-06-20
1556,1106186,3,2003-06-26
1556,267780,3,2004-11-14
1556,1507727,2,2004-02-16
1556,1325749,5,2005-07-31
1556,2544112,5,2004-01-27
1556,2143500,3,2004-12-19
1556,570410,2,2005-04-10
1556,48607,4,2003-08-09
1556,1216880,4,2004-06-27
1556,2526414,3,2004-04-12
1556,2621229,4,2005-03-02
1556,1589878,3,2003-10-07
1556,2399478,3,2004-05-09
1556,1720424,1,2004-07-26
1556,1199688,4,2004-11-05
1556,2590625,3,2005-06-15
1556,240748,5,2001-09-12
1556,219481,3,2003-08-25
1556,2497991,3,2004-06-09
1556,2078268,1,2005-11-02
1556,2238060,2,2004-08-17
1556,20774,3,2005-02-03
1556,512278,4,2004-02-23
1556,1866446,3,2004-06-15
1556,1707198,3,2004-03-07
1556,1852040,2,2004-04-12
1556,1790903,4,2004-02-25
1556,716649,5,2004-03-02
1556,1350230,2,2005-10-13
1556,611494,2,2003-08-06
1556,142897,4,2003-08-20
1556,1612901,3,2005-09-09
1556,2094599,4,2004-01-31
1556,2195921,2,2004-07-15
1556,1004579,4,2004-09-27
1556,1425074,4,2004-11-28
1556,221267,3,2005-05-25
1556,1039555,3,2002-01-05
1556,389439,3,2001-12-08
1556,239740,4,2005-07-23
1556,1340811,5,2005-08-10
1556,2074629,4,2003-09-05
1556,630175,4,2005-08-28
1556,105982,4,2005-01-28
1556,775020,3,2005-05-08
1556,2379827,1,2004-01-26
1556,88188,3,2005-08-12
1556,1044084,4,2003-08-21
1556,288694,4,2005-01-03
1556,87427,4,2002-08-08
1556,1225456,4,2003-12-04
1556,1261787,2,2005-06-12
1556,237263,3,2001-06-19
1556,1214054,2,2003-01-25
1556,2604057,3,2002-09-12
1556,1988192,1,2003-09-27
1556,1911845,3,2004-08-08
1556,206893,3,2004-05-04
1556,1472620,3,2000-02-03
1556,1834263,3,2001-10-06
1556,583086,4,2004-04-09
1556,265909,3,2004-09-08
1556,10897,3,2003-11-10
1556,304106,3,2004-11-11
1556,376614,2,2005-02-01
1556,320177,4,2004-11-17
1556,508609,3,2005-02-24
1556,986006,4,2005-05-28
1556,2593384,5,2002-03-08
1556,2092736,3,2001-10-12
1556,366920,2,2004-08-08
1556,1300759,4,2004-10-11
1556,1210516,5,2003-06-28
1556,1349433,4,2004-01-21
1556,823628,5,2004-02-26
1556,483107,4,2004-08-28
