2986,712664,5,2003-12-01
2986,1380819,4,2004-06-22
2986,716091,4,2005-07-18
2986,656399,4,2003-02-11
2986,1850680,1,2005-08-22
2986,1074029,4,2004-09-03
2986,1076258,5,2004-02-24
2986,368647,3,2004-09-28
2986,146851,1,2004-12-03
2986,1750448,4,2005-01-02
2986,1744889,5,2005-03-28
2986,663789,2,2005-06-03
2986,114393,3,2005-09-20
2986,701730,3,2005-10-06
2986,1325924,3,2005-11-28
2986,1502634,2,2003-01-06
2986,2356622,4,2004-08-07
2986,1181115,2,2004-02-09
2986,2464686,3,2004-05-18
2986,2325737,4,2005-09-05
2986,327122,5,2004-02-19
2986,585247,1,2004-01-23
2986,1956280,2,2004-06-19
2986,1961542,4,2004-04-01
2986,1684516,4,2004-06-28
2986,1270217,3,2005-05-31
2986,1087678,3,2005-09-09
2986,290706,5,2005-09-14
2986,1075596,3,2005-10-18
2986,476805,3,2005-10-25
2986,603277,1,2002-11-13
2986,1935501,3,2003-09-15
2986,2071147,1,2004-02-15
2986,652121,1,2004-02-09
2986,1003291,5,2004-11-01
2986,845634,4,2004-11-20
2986,607969,3,2004-12-20
2986,1436407,4,2005-09-23
2986,931005,3,2005-10-09
2986,1745608,3,2005-11-22
2986,2344483,3,2004-03-12
2986,2430016,4,2005-07-20
2986,1981733,5,2004-06-01
2986,730855,3,2003-02-17
2986,361407,5,2002-10-06
2986,2050555,3,2005-09-02
2986,1863499,4,2003-11-27
2986,2108177,4,2004-07-14
2986,304116,5,2004-10-17
2986,393262,2,2004-11-09
2986,1695739,1,2004-12-18
2986,2098011,4,2005-02-01
2986,883436,5,2005-05-03
2986,2120279,4,2005-05-12
2986,1178866,3,2005-09-29
2986,339404,2,2005-10-05
2986,1830660,3,2005-10-14
2986,1971581,2,2005-10-21
2986,937141,5,2005-07-22
2986,827096,4,2002-12-10
2986,906509,3,2004-06-01
2986,1687549,4,2004-04-07
2986,1582497,1,2002-11-04
2986,1471026,5,2002-10-20
2986,2179629,2,2005-08-21
2986,2461260,4,2005-08-24
2986,489962,4,2003-08-26
2986,1420822,4,2004-02-11
2986,978567,1,2004-02-19
2986,2604070,1,2004-08-07
2986,1505356,4,2004-02-18
2986,1984086,2,2004-09-16
2986,298900,2,2004-11-18
2986,2220238,4,2005-01-10
2986,1050707,4,2005-02-08
2986,1692652,3,2005-03-06
2986,85663,4,2005-03-23
2986,257592,3,2005-04-21
2986,298401,4,2005-06-10
2986,895780,3,2005-11-08
2986,2063030,3,2003-12-29
2986,2613757,2,2005-07-21
2986,1622035,5,2005-02-19
2986,1774018,4,2005-08-20
2986,1037088,1,2004-03-02
2986,922922,4,2003-07-30
2986,982888,3,2004-11-15
2986,509704,4,2005-06-21
2986,1167579,5,2005-10-17
2986,1268197,4,2005-10-19
2986,2151599,3,2003-11-03
2986,1218966,1,2005-02-19
2986,1517471,2,2005-09-04
2986,631142,4,2004-01-29
2986,1422152,3,2004-06-10
2986,324026,5,2004-06-30
2986,1518964,2,2004-12-30
2986,1478381,4,2005-11-20
2986,821005,2,2003-10-22
2986,1825290,3,2005-07-28
2986,1756500,3,2004-01-09
2986,635607,1,2004-01-02
2986,2466356,2,2004-01-03
2986,754135,2,2004-08-01
2986,1630930,3,2003-11-26
2986,1888772,5,2003-11-21
2986,947651,4,2004-03-02
2986,1900253,5,2004-04-10
2986,2447529,2,2004-07-26
2986,2268800,4,2004-06-04
2986,1489747,3,2004-07-13
2986,648837,5,2004-07-01
2986,1684328,4,2004-10-10
2986,759213,3,2005-03-28
2986,303948,4,2004-12-27
2986,1769834,3,2005-04-05
2986,329712,4,2005-09-09
2986,1484808,4,2005-10-19
2986,2231293,4,2005-11-02
2986,296998,5,2005-07-20
2986,39526,4,2005-08-11
2986,388382,3,2005-08-16
2986,491331,2,2005-09-04
2986,2449359,4,2004-02-24
2986,1081462,4,2004-04-27
2986,1808930,2,2004-10-25
2986,1917740,4,2004-10-26
2986,1597207,4,2005-01-25
2986,910650,4,2005-02-04
2986,960348,5,2005-07-04
2986,2162245,4,2005-09-22
2986,1202567,3,2005-09-27
2986,2514164,4,2005-10-02
2986,719422,5,2005-10-20
2986,1181550,5,2005-07-12
2986,1673185,2,2002-10-04
2986,1888322,3,2004-05-13
2986,1710932,4,2003-07-06
2986,1666084,3,2004-06-26
2986,2596383,3,2005-08-26
2986,1227322,1,2003-08-15
2986,2270124,5,2004-10-19
2986,1551284,2,2004-12-10
2986,896501,5,2005-03-10
2986,257071,5,2005-03-28
2986,2571693,4,2004-06-19
2986,1805888,5,2004-07-22
2986,738657,3,2003-12-29
2986,2203244,3,2004-08-18
2986,1078112,4,2004-09-01
2986,1253980,5,2004-08-06
2986,2058111,3,2004-12-13
2986,1860412,3,2004-12-23
2986,666416,3,2005-06-06
2986,2295279,5,2005-06-29
2986,2642044,5,2005-10-31
2986,650064,4,2005-11-06
2986,1732227,2,2004-01-27
2986,964493,3,2004-04-15
2986,2186853,1,2004-03-22
2986,496173,4,2004-03-22
2986,1130826,3,2004-08-22
2986,1325876,3,2004-10-26
2986,786312,3,2004-10-31
2986,1197233,1,2005-02-17
2986,947779,4,2005-04-24
2986,2122269,4,2005-05-10
2986,2475844,3,2005-05-23
2986,373450,4,2005-06-30
2986,1318831,5,2005-07-03
2986,1309167,5,2005-09-25
2986,788182,4,2005-10-25
2986,2558570,4,2004-08-22
2986,2056324,3,2002-12-26
2986,1069734,3,2002-10-06
2986,1729046,3,2003-08-19
2986,1576329,5,2004-01-13
2986,426198,1,2003-06-03
2986,888155,4,2004-01-29
2986,2076298,2,2004-05-12
2986,2591149,1,2004-04-12
2986,2086130,3,2004-05-18
2986,1848689,3,2004-11-23
2986,731596,4,2005-01-19
2986,1179117,4,2005-02-18
2986,2246185,4,2005-03-22
2986,2344173,5,2005-04-04
2986,371897,5,2005-04-26
2986,1484015,4,2005-05-26
2986,465035,3,2005-10-23
2986,2119007,1,2005-08-20
2986,2314776,5,2004-08-04
2986,98044,3,2005-06-14
2986,570414,2,2005-06-16
2986,486797,5,2005-07-04
2986,2072798,5,2005-11-14
2986,328364,2,2002-12-10
2986,2364980,3,2004-09-03
2986,1453667,2,2005-09-04
2986,2036360,1,2004-06-16
2986,1557542,3,2004-09-24
2986,1040453,3,2005-01-19
2986,1419835,2,2005-04-06
2986,2331635,3,2005-04-15
2986,401047,1,2005-06-01
2986,661407,3,2005-12-10
2986,1550319,5,2003-06-27
2986,1500479,2,2003-04-14
2986,1906860,4,2004-09-12
2986,1538173,4,2004-10-07
2986,2347320,4,2004-10-20
2986,307552,1,2004-11-04
2986,719183,4,2004-11-24
2986,1884000,3,2005-01-31
2986,1236293,4,2005-02-17
2986,861485,5,2005-09-28
2986,1657099,2,2005-09-30
2986,1240690,3,2005-10-21
2986,2581132,1,2005-07-14
2986,1003967,5,2005-07-19
2986,1149582,4,2004-03-23
2986,947397,3,2005-08-19
2986,2576428,2,2003-11-19
2986,1852563,4,2004-06-17
2986,79520,3,2004-01-20
2986,1176800,4,2004-02-18
2986,568832,4,2003-12-03
2986,923889,4,2004-04-11
2986,1814136,5,2004-06-14
2986,2018055,1,2004-07-28
2986,1346269,5,2004-08-17
2986,162679,4,2004-10-25
2986,2442755,5,2005-10-06
2986,1066926,4,2005-10-31
2986,180940,1,2005-12-28
2986,1235769,2,2003-07-19
2986,310715,5,2004-03-25
2986,2280656,3,2004-10-20
2986,179995,5,2004-12-12
2986,2530588,5,2005-04-08
2986,2200707,3,2005-06-22
2986,2265877,5,2005-09-12
2986,1206475,4,2005-09-14
2986,487558,4,2005-11-08
2986,1532336,3,2003-12-01
2986,1426261,3,2004-01-07
2986,394897,3,2005-02-03
2986,2246845,4,2004-09-28
2986,1094702,1,2004-10-24
2986,1465686,4,2005-01-24
2986,2201939,4,2005-03-03
2986,270694,4,2005-09-20
2986,1859142,3,2005-12-25
2986,2135038,1,2002-12-21
2986,604718,4,2005-07-12
2986,930604,4,2005-07-23
2986,1643147,3,2003-12-18
2986,209549,1,2004-01-01
2986,1764950,4,2004-05-21
2986,2435788,1,2004-03-31
2986,825290,4,2004-07-05
2986,2291972,4,2004-08-04
2986,1663428,5,2005-04-19
2986,1028174,4,2005-05-24
2986,757607,3,2005-12-13
2986,147653,3,2004-03-28
2986,2604976,4,2003-12-09
2986,1560202,3,2004-07-23
2986,74188,5,2004-06-04
2986,2289273,3,2004-04-22
2986,753836,2,2004-10-17
2986,796682,1,2004-12-28
2986,1441263,4,2005-01-19
2986,594944,5,2005-03-07
2986,1449107,4,2005-03-19
2986,105671,4,2005-04-11
2986,2158470,4,2005-06-08
2986,2425195,5,2005-06-23
2986,2511626,5,2005-10-08
2986,2581672,5,2003-12-01
2986,1363135,2,2002-09-02
2986,7730,2,2003-09-18
2986,2247402,4,2004-07-08
2986,605392,4,2004-06-29
2986,1407746,4,2004-04-23
2986,418027,5,2005-02-06
2986,1751760,4,2005-02-09
2986,293284,4,2005-05-01
2986,1574264,5,2005-06-12
2986,307567,1,2005-09-12
2986,146877,4,2005-09-23
2986,819068,3,2002-12-25
2986,2162539,4,2003-11-14
2986,2556305,4,2004-08-06
2986,2099037,3,2004-08-02
2986,215939,3,2004-04-23
2986,2035032,2,2005-02-28
2986,2201323,5,2005-05-23
2986,750313,4,2005-10-09
2986,2148643,3,2005-08-12
2986,2291727,5,2005-08-17
2986,572122,4,2003-06-16
2986,1916171,2,2003-07-21
2986,879340,4,2004-06-27
2986,2554513,4,2004-04-12
2986,2134937,2,2004-01-28
2986,1990316,3,2004-06-14
2986,2173131,5,2004-09-23
2986,398994,4,2004-09-25
2986,1663569,5,2004-12-23
2986,14642,2,2005-02-17
2986,1786541,4,2005-02-23
2986,1779745,5,2005-06-28
2986,434567,5,2005-07-06
2986,21705,3,2005-07-26
2986,727242,1,2004-05-18
2986,891843,5,2002-09-11
2986,1512077,3,2003-03-28
2986,2453729,5,2004-09-12
2986,1187053,5,2004-06-06
2986,1928597,2,2004-10-24
2986,1561064,3,2004-11-05
2986,706349,1,2004-11-30
2986,1509516,5,2005-09-22
2986,1676820,4,2005-11-13
2986,981593,1,2003-11-29
2986,882429,5,2005-08-01
2986,1618860,3,2005-08-04
2986,1562104,3,2005-08-11
2986,369516,5,2005-08-11
2986,1693122,1,2005-08-16
2986,132213,4,2003-09-02
2986,1211787,3,2004-06-08
2986,771516,3,2004-06-29
2986,1730614,3,2004-11-08
2986,1426578,2,2005-01-09
2986,2046596,4,2005-04-01
2986,771081,5,2005-06-24
2986,138444,4,2005-06-29
2986,1470403,5,2005-09-13
2986,1929888,5,2005-12-24
2986,1635708,5,2005-12-29
2986,2209618,5,2003-01-02
2986,2100210,3,2002-11-08
2986,1484018,4,2003-01-25
2986,1984445,4,2003-10-21
2986,671020,2,2004-08-25
2986,739683,4,2004-09-17
2986,851702,4,2004-11-29
2986,1333118,5,2005-09-22
2986,1277996,3,2005-11-22
2986,1573878,5,2005-07-26
2986,2264718,4,2005-08-12
2986,1419938,4,2004-01-30
2986,1347991,4,2004-06-25
2986,873624,5,2003-04-10
2986,2089367,1,2004-08-16
2986,961262,4,2004-11-01
2986,336696,3,2004-11-23
2986,995689,4,2004-11-24
2986,1918316,3,2004-12-15
2986,1496080,4,2005-03-01
2986,1399571,5,2005-03-06
2986,1167097,3,2005-09-10
2986,2262925,5,2004-07-05
2986,1540127,5,2003-01-13
2986,758047,4,2003-10-05
2986,2648204,1,2004-02-14
2986,294330,3,2004-02-26
2986,1494162,4,2004-10-30
2986,1659221,2,2004-11-16
2986,543279,3,2005-05-29
2986,1103080,3,2005-06-17
2986,22018,5,2005-10-31
2986,96802,3,2005-07-14
2986,1132940,3,2003-10-08
2986,233060,2,2002-10-24
2986,1142327,5,2004-07-05
2986,1883721,3,2004-02-18
2986,1314869,3,2004-07-01
2986,211782,3,2004-08-18
2986,769643,3,2004-11-08
2986,472831,4,2004-12-25
2986,819306,3,2005-01-27
2986,1309088,1,2005-01-31
2986,523640,4,2005-03-24
2986,2205614,3,2005-05-14
2986,1562327,4,2005-05-19
2986,2198283,3,2005-09-23
2986,2220239,1,2002-11-16
2986,1662120,2,2004-05-18
2986,1141060,5,2002-08-10
2986,2085110,4,2005-08-26
2986,2333714,5,2004-01-12
2986,113090,5,2004-01-14
2986,106981,5,2004-08-30
2986,1966506,2,2004-10-18
2986,2353394,3,2004-12-25
2986,401917,2,2005-01-20
2986,843971,4,2005-02-27
2986,204616,5,2005-03-29
2986,1951632,5,2005-06-25
2986,1987209,4,2004-07-10
2986,636262,1,2005-08-23
2986,1501904,4,2004-08-10
2986,236574,5,2004-09-23
2986,1079142,2,2005-01-19
2986,527281,4,2005-02-28
2986,1382862,3,2005-03-25
2986,623818,3,2005-05-04
2986,2048858,4,2005-09-25
2986,2237185,4,2002-10-04
2986,1749866,5,2005-07-19
2986,2088599,4,2003-07-28
2986,267705,3,2005-08-18
2986,1094056,2,2003-06-20
2986,564403,2,2005-08-25
2986,1923366,4,2004-05-12
2986,974823,4,2004-03-26
2986,2000859,1,2004-04-09
2986,2147486,3,2004-07-16
2986,2523318,5,2004-12-01
2986,2145993,3,2005-04-17
2986,930008,5,2005-05-23
2986,2115962,3,2005-09-30
2986,587117,5,2005-10-15
2986,1384495,4,2005-11-30
2986,830662,4,2005-12-28
2986,1606561,5,2005-07-09
2986,245488,4,2004-04-23
2986,2320264,5,2004-02-24
2986,1187113,3,2003-10-29
2986,1532433,4,2002-11-08
2986,2476202,5,2005-07-25
2986,834103,3,2003-08-25
2986,454497,4,2004-10-29
2986,260042,5,2005-08-26
2986,2464431,1,2003-07-31
2986,1031933,2,2004-07-07
2986,638149,5,2004-05-02
2986,1377801,4,2004-03-26
2986,460747,5,2004-05-21
2986,684951,1,2004-12-07
2986,1173493,5,2004-12-28
2986,1844669,4,2005-09-20
2986,216581,4,2005-11-01
2986,204096,4,2004-08-26
2986,1155747,2,2005-07-19
2986,268439,4,2003-10-06
2986,2389225,4,2004-02-04
2986,1184283,5,2004-10-19
2986,195806,4,2005-03-09
2986,1821395,1,2005-03-21
2986,1819462,1,2005-04-26
2986,1370590,3,2005-05-11
2986,428831,1,2005-06-23
2986,1389360,2,2005-11-12
2986,1157288,3,2005-11-17
2986,1131926,3,2003-10-08
2986,2439493,1,2003-06-04
2986,975488,5,2002-11-24
2986,2137112,4,2004-05-26
2986,454808,3,2005-02-02
2986,959020,3,2005-05-18
2986,688751,2,2005-10-14
2986,1240334,3,2005-10-17
2986,875184,2,2005-11-22
2986,1022657,1,2005-11-28
2986,868692,3,2003-08-18
2986,357481,4,2004-04-24
2986,163063,2,2004-04-26
2986,1088913,5,2002-10-02
2986,1816857,5,2005-08-12
2986,1691722,2,2004-08-22
2986,307320,4,2003-09-16
2986,1378924,1,2004-09-10
2986,44887,4,2004-01-03
2986,165677,3,2004-08-08
2986,704066,4,2004-10-20
2986,407828,5,2004-11-09
2986,1478210,4,2005-05-16
2986,2237816,2,2005-11-22
2986,1684232,5,2003-12-07
2986,1682851,3,2002-11-14
2986,1125733,1,2002-11-16
2986,528808,2,2004-02-21
2986,2073405,4,2004-02-09
2986,1306528,5,2004-06-06
2986,629457,4,2004-05-03
2986,1575065,4,2004-06-18
2986,1618446,4,2004-10-17
2986,2084455,3,2005-06-25
2986,2143178,4,2005-06-25
2986,1331316,4,2005-06-26
2986,2056256,3,2005-09-15
2986,762111,5,2005-07-11
2986,2599732,3,2004-01-16
2986,2593441,4,2003-03-03
2986,1918206,4,2003-10-31
2986,1459781,4,2003-09-23
2986,997270,3,2003-10-20
2986,31121,4,2004-03-10
2986,2412596,4,2004-03-31
2986,1279798,4,2004-03-28
2986,69865,4,2004-10-15
2986,1615548,4,2004-12-08
2986,1532984,1,2004-12-18
2986,452919,4,2005-04-06
2986,98538,3,2005-05-09
2986,275685,2,2005-05-21
2986,929540,3,2005-05-30
2986,2194924,3,2005-06-10
2986,1801528,4,2005-10-18
2986,591755,5,2005-10-24
2986,971999,4,2004-06-13
2986,2597996,4,2003-08-06
2986,555176,1,2005-08-26
2986,223657,3,2003-08-18
2986,341802,2,2004-05-12
2986,1241521,3,2004-06-14
2986,2596548,5,2005-03-25
2986,1514944,3,2005-04-15
2986,493277,2,2005-05-31
2986,773145,4,2005-11-25
2986,1459630,3,2002-11-11
2986,61731,4,2004-09-02
2986,2537605,3,2005-08-14
2986,1563935,1,2005-08-15
2986,22129,3,2003-05-28
2986,2546127,3,2004-03-11
2986,1147274,4,2005-09-14
2986,1523793,4,2005-09-14
2986,1656839,3,2005-11-18
2986,2145781,4,2004-06-25
2986,2208125,3,2002-12-16
2986,1277533,2,2003-12-05
2986,101834,5,2004-06-30
2986,916415,1,2004-01-20
2986,121914,4,2004-04-13
2986,19573,3,2004-11-28
2986,1875140,4,2005-05-03
2986,2467047,2,2005-10-11
2986,2632548,4,2005-10-27
2986,2345098,2,2005-07-10
2986,2593921,3,2005-07-12
2986,2369086,2,2003-08-17
2986,196846,4,2002-10-24
2986,628431,1,2004-08-07
2986,1520052,5,2004-11-22
2986,1724821,4,2005-03-12
2986,50375,3,2005-05-02
2986,1731825,4,2005-11-01
2986,2162676,1,2005-11-28
2986,1123866,1,2005-07-08
2986,852524,3,2002-11-12
2986,2630890,4,2002-12-24
2986,275515,1,2005-08-22
2986,1163421,3,2005-08-25
2986,525679,3,2003-11-20
2986,1212955,3,2004-11-01
2986,1024854,3,2004-11-06
2986,2094098,4,2005-09-15
2986,276532,4,2004-08-18
2986,1473980,3,2005-08-24
2986,789645,2,2004-02-21
2986,2304996,2,2004-09-05
2986,907760,4,2004-10-05
2986,341692,4,2005-02-14
2986,10192,4,2005-05-08
2986,1206293,5,2005-06-04
2986,565510,2,2002-12-23
2986,121324,3,2004-08-26
2986,1419576,2,2004-07-27
2986,1599522,4,2002-11-28
2986,1282495,4,2004-03-25
2986,364057,4,2003-01-19
2986,2315211,4,2004-06-11
2986,2577383,5,2005-08-25
2986,2264426,5,2003-12-11
2986,2010022,5,2004-02-28
2986,338585,4,2003-12-29
2986,1642379,4,2004-04-07
2986,2040859,1,2004-11-23
2986,946156,4,2005-01-26
2986,1718989,5,2005-02-23
2986,1923587,1,2005-02-25
2986,992095,4,2005-03-09
2986,2317703,3,2005-03-10
2986,819192,1,2002-10-25
2986,2455107,2,2004-04-25
2986,2352686,4,2003-11-10
2986,1134085,4,2004-03-04
2986,1309536,4,2005-02-08
2986,2422462,3,2005-02-16
2986,1212627,5,2005-04-24
2986,709542,3,2005-11-03
2986,1291186,5,2003-05-08
2986,242793,2,2005-08-14
2986,641719,3,2004-03-25
2986,1149052,1,2004-03-03
2986,1720094,5,2004-06-09
2986,461075,1,2004-10-06
2986,659029,2,2004-12-08
2986,1945459,1,2004-12-14
2986,359110,4,2005-01-02
2986,1097507,3,2005-01-07
2986,1009885,5,2005-01-25
2986,835512,3,2005-12-20
2986,62471,3,2004-08-07
2986,1957082,4,2005-08-19
2986,2193889,3,2004-04-05
2986,2156559,5,2004-04-06
2986,445227,5,2004-03-31
2986,647028,5,2004-06-18
2986,900807,5,2004-09-01
2986,1236142,4,2004-10-15
2986,806891,3,2004-11-30
2986,1584920,5,2004-11-05
2986,1826063,4,2005-03-17
2986,1594535,2,2005-05-11
2986,2186173,2,2005-12-06
2986,804027,3,2002-10-16
2986,679049,5,2005-08-20
2986,2384679,3,2005-08-23
2986,851178,4,2005-08-25
2986,2360874,5,2004-06-30
2986,1226877,4,2004-02-06
2986,986993,3,2004-06-17
2986,1417474,3,2004-03-24
2986,54136,3,2004-08-11
2986,701774,3,2004-07-15
2986,1563555,2,2004-10-09
2986,1382013,5,2005-01-26
2986,1381691,3,2005-03-03
2986,1006570,3,2005-04-11
2986,1695600,4,2005-04-20
2986,1742709,2,2005-06-01
2986,1862173,5,2005-06-17
2986,795786,4,2005-06-26
2986,2031057,4,2005-09-12
2986,2508565,3,2005-09-27
2986,795593,4,2005-11-12
2986,1536967,5,2003-03-17
2986,2620856,2,2005-07-18
2986,2379843,5,2003-12-05
2986,962019,1,2005-08-18
2986,351321,4,2004-04-21
2986,1219323,4,2004-10-23
2986,952156,2,2005-01-19
2986,1092521,4,2005-02-12
2986,343936,2,2005-02-26
2986,649692,3,2005-06-09
2986,1353305,1,2005-10-26
2986,1560049,3,2005-11-21
2986,1134023,5,2003-12-04
2986,51130,3,2003-12-08
2986,2336784,5,2004-05-25
2986,986524,4,2004-09-19
2986,929016,1,2004-09-21
2986,1336621,3,2004-10-09
2986,551324,5,2004-11-10
2986,94462,3,2005-02-10
2986,2202279,4,2005-02-11
2986,1529629,3,2005-03-18
2986,901167,4,2005-03-22
2986,477846,3,2005-04-27
2986,5530,5,2005-05-22
2986,692652,1,2005-06-06
2986,2376000,3,2005-09-07
2986,1742339,4,2005-09-11
2986,1270144,5,2005-09-18
2986,2176677,3,2005-10-22
2986,1778192,3,2005-11-13
2986,1003663,4,2005-12-10
2986,1784998,5,2005-12-19
2986,1012590,3,2003-01-08
2986,2235431,3,2003-03-03
2986,1670664,5,2005-08-09
2986,959035,5,2003-07-30
2986,2633545,3,2004-06-17
2986,914254,3,2004-11-11
2986,2450433,3,2004-12-20
2986,2628977,4,2005-05-17
2986,1480912,3,2005-09-20
2986,1467020,4,2005-11-02
2986,1151752,5,2005-11-23
2986,2425741,4,2003-10-09
2986,2213131,4,2004-08-31
2986,1556092,1,2004-08-24
2986,888371,1,2004-07-31
2986,2197203,4,2004-12-30
2986,1324838,2,2005-01-28
2986,769702,1,2005-09-18
2986,1704448,5,2005-10-11
2986,1766235,4,2005-07-10
2986,719766,3,2003-08-20
2986,1793530,3,2003-09-27
2986,89998,1,2003-12-12
2986,766588,1,2003-10-02
2986,115108,4,2003-05-12
2986,975188,4,2003-09-04
2986,1865009,4,2004-03-30
2986,2050279,2,2004-03-24
2986,1822640,4,2004-02-05
2986,675754,4,2004-03-29
2986,2109061,5,2004-07-08
2986,656431,3,2004-05-26
2986,866323,1,2004-07-26
2986,773005,1,2005-02-10
2986,2085042,4,2005-03-19
2986,488494,4,2005-03-20
2986,2095856,3,2005-05-24
2986,1007093,5,2005-11-01
2986,315168,3,2005-11-14
2986,180318,4,2005-11-16
2986,918708,4,2005-11-16
2986,2394224,3,2005-12-13
2986,2342718,4,2005-07-14
2986,2605287,5,2004-02-08
2986,2557067,4,2003-09-01
2986,2594528,3,2002-10-30
2986,597626,4,2005-08-19
2986,1239605,4,2003-08-25
2986,413734,5,2004-05-08
2986,1475609,1,2004-09-26
2986,597776,3,2004-10-18
2986,2457095,2,2004-12-06
2986,382224,5,2005-04-07
2986,85747,3,2005-04-13
2986,2010750,3,2005-05-12
2986,61755,2,2005-06-13
2986,2027969,4,2005-06-21
2986,1675511,4,2005-10-04
2986,715245,4,2005-11-03
2986,1315827,3,2005-12-21
2986,1828803,3,2003-08-27
2986,2496561,5,2002-10-31
2986,1911935,3,2003-03-30
2986,1876520,1,2002-10-06
2986,2336079,4,2005-08-06
2986,2329945,1,2005-08-15
2986,1988854,5,2005-08-18
2986,721414,5,2004-07-07
2986,868973,3,2003-08-24
2986,2098455,3,2004-03-01
2986,394181,3,2004-11-30
2986,1284315,5,2004-10-24
2986,1905833,2,2005-02-08
2986,2596745,1,2005-03-09
2986,2338727,5,2005-04-25
2986,178534,3,2005-06-09
2986,1757328,3,2005-10-24
2986,891249,4,2005-07-08
2986,2012582,5,2005-07-15
2986,66885,4,2003-07-29
2986,2223917,2,2004-08-30
2986,1125803,4,2004-07-04
2986,2328480,4,2004-06-16
2986,59140,4,2003-08-28
2986,2632574,4,2004-08-01
2986,2592095,4,2004-07-31
2986,367866,3,2004-10-05
2986,1105029,3,2005-02-18
2986,61884,5,2005-03-15
2986,1982434,2,2005-12-15
2986,2049806,3,2003-03-26
2986,2316217,3,2004-07-20
2986,1670742,4,2003-04-29
2986,625344,3,2003-09-20
2986,989806,5,2004-05-20
2986,2263804,1,2004-11-19
2986,1971179,3,2004-12-02
2986,1609999,4,2005-01-07
2986,1861915,4,2005-04-10
2986,45858,4,2005-09-13
2986,2299951,5,2002-12-23
2986,1117356,5,2003-10-09
2986,1559150,4,2005-07-17
2986,903430,3,2005-07-19
2986,168624,5,2005-08-29
2986,931316,3,2004-06-08
2986,537601,1,2004-07-26
2986,2127497,5,2004-09-21
2986,2309807,5,2004-10-26
2986,974525,2,2005-02-16
2986,107776,2,2005-03-28
2986,1569306,3,2005-05-09
2986,114882,3,2005-06-19
2986,1036240,5,2005-11-21
2986,1638162,4,2005-12-01
2986,1032429,5,2005-12-11
2986,1520710,5,2005-12-20
2986,838052,2,2002-11-13
2986,355742,5,2005-08-16
2986,2492416,3,2003-11-05
2986,627335,5,2003-08-12
2986,1881655,4,2004-11-04
2986,1160224,5,2004-11-08
2986,1062148,4,2005-02-21
2986,2590156,5,2005-03-07
2986,202558,5,2005-05-04
2986,2329565,2,2005-07-03
2986,648964,3,2005-11-21
2986,2100320,4,2005-11-23
2986,2247427,2,2005-11-27
2986,812678,3,2005-12-01
2986,1909991,3,2005-08-12
2986,2505334,4,2005-08-16
2986,1679003,3,2005-09-02
2986,2417914,4,2004-04-21
2986,1781447,2,2004-09-09
2986,2392084,4,2005-02-01
2986,2633486,5,2005-03-27
2986,1858770,3,2005-11-02
2986,1501371,5,2004-12-04
2986,1102158,5,2005-07-19
2986,1284029,2,2005-07-24
2986,93953,3,2003-04-23
2986,2637498,4,2004-01-30
2986,1593248,4,2004-03-13
2986,2383514,4,2004-07-17
2986,1230390,4,2004-06-25
2986,1149838,4,2004-11-11
2986,2577551,4,2004-12-24
2986,2202373,4,2005-01-03
2986,1655790,5,2005-05-25
2986,1951089,4,2005-11-04
2986,1357014,4,2004-08-31
2986,2070655,3,2005-01-19
2986,1069240,4,2005-01-25
2986,1850241,3,2005-03-25
2986,175338,3,2005-10-06
2986,1163530,4,2005-11-25
2986,1915568,4,2005-12-25
2986,1255812,5,2005-07-29
2986,1173267,4,2005-02-20
2986,1468673,4,2004-06-29
2986,427746,1,2004-10-21
2986,998502,4,2004-11-09
2986,184705,3,2004-11-20
2986,1569631,3,2005-05-29
2986,16723,2,2005-12-23
2986,2501912,4,2004-08-26
2986,1188978,5,2004-10-24
2986,1741344,5,2005-03-20
2986,1192040,5,2005-01-04
2986,1365648,4,2005-04-04
2986,2641591,5,2005-09-26
2986,2330167,5,2005-10-01
2986,2147714,4,2003-01-12
2986,334862,5,2005-07-17
2986,1507611,5,2003-07-17
2986,2459997,4,2004-07-06
2986,2002017,2,2004-10-18
2986,2110,3,2004-10-26
2986,1191308,5,2004-10-28
2986,28172,4,2004-11-02
2986,1767486,4,2004-11-07
2986,2252432,5,2005-04-25
2986,23051,4,2005-05-24
2986,2024230,4,2005-07-01
2986,2330864,4,2005-09-14
2986,1507253,4,2005-09-26
2986,1527679,1,2003-07-25
2986,1330032,4,2004-07-22
2986,2366229,4,2005-08-16
2986,737891,4,2003-12-10
2986,1999361,5,2003-12-03
2986,648980,3,2004-02-11
2986,1979083,4,2004-08-17
2986,2278500,5,2004-07-06
2986,880035,5,2004-11-04
2986,2551266,3,2005-01-20
2986,2637755,2,2005-04-06
2986,1057176,1,2005-04-27
2986,868874,3,2005-06-04
2986,2621201,4,2005-07-20
2986,1174779,1,2004-09-16
2986,1904543,1,2003-04-11
2986,350810,4,2004-08-31
2986,1278716,3,2004-09-06
2986,2112089,4,2004-07-10
2986,2335640,4,2004-06-07
2986,733968,4,2004-11-09
2986,2638639,3,2005-03-12
2986,390062,3,2005-09-22
2986,996196,5,2005-12-07
2986,2092437,2,2005-12-19
2986,1454950,4,2003-03-28
2986,1450660,5,2005-07-22
2986,1538868,2,2004-07-28
2986,1051745,2,2005-08-08
2986,226125,1,2005-08-18
2986,1062246,3,2005-08-30
2986,2164212,4,2004-02-10
2986,248262,4,2004-07-19
2986,1001701,3,2004-04-07
2986,2498453,2,2004-12-22
2986,1285016,4,2004-12-26
2986,1711975,5,2004-12-31
2986,1655656,2,2005-01-29
2986,2008591,2,2005-04-26
2986,1133943,5,2005-06-07
2986,900264,5,2005-11-15
2986,1830000,3,2005-07-22
2986,994370,2,2003-09-04
2986,729527,3,2004-05-31
2986,308631,5,2005-02-03
2986,466763,5,2004-03-30
2986,1250989,5,2004-11-08
2986,108717,3,2004-11-30
2986,815327,4,2005-01-27
2986,2541287,5,2005-05-08
2986,2515390,5,2005-05-22
2986,1223966,5,2005-06-02
2986,2163718,4,2003-11-27
2986,883175,4,2003-06-02
2986,2520161,2,2005-08-29
2986,1143750,5,2004-02-16
2986,1900757,1,2004-03-16
2986,2098006,4,2004-07-06
2986,2038225,3,2005-04-01
2986,46842,4,2005-04-06
2986,337186,2,2005-04-13
2986,248446,3,2005-04-23
2986,1885347,5,2005-06-14
2986,1541340,4,2005-12-25
2986,1590651,4,2004-06-23
2986,2082456,3,2005-08-04
2986,410389,1,2003-03-04
2986,2419734,2,2003-07-27
2986,2072599,3,2004-07-23
2986,646676,4,2005-10-19
2986,1717436,1,2005-12-09
2986,1093988,4,2005-12-10
2986,929471,3,2005-07-05
2986,556379,5,2003-11-24
2986,2418822,4,2004-04-11
2986,157667,1,2004-09-01
2986,959675,4,2004-09-30
2986,2408493,5,2004-10-17
2986,1163868,3,2004-11-20
2986,136030,5,2005-01-24
2986,1750007,3,2005-03-23
2986,2067148,3,2005-11-17
2986,2245965,2,2005-11-25
2986,1072072,3,2004-02-26
2986,217665,4,2002-11-20
2986,2372153,4,2005-08-06
2986,577335,4,2005-09-07
2986,1237794,5,2004-09-24
2986,1467206,4,2004-11-10
2986,516736,1,2005-01-27
2986,1787405,2,2005-02-18
2986,1170493,4,2005-06-24
2986,1522205,5,2005-07-02
2986,1641147,3,2005-10-10
2986,1279851,3,2005-10-19
2986,1617240,4,2005-10-24
2986,1360576,5,2005-12-26
2986,1444657,3,2004-07-12
2986,2522881,4,2002-10-29
2986,213486,4,2004-07-25
2986,1241935,1,2003-11-10
2986,1418801,3,2004-04-10
2986,2482384,4,2005-08-26
2986,2227353,5,2003-11-16
2986,817749,4,2003-11-06
2986,1092685,2,2004-09-13
2986,51666,4,2004-10-23
2986,962359,3,2004-10-25
2986,2442646,3,2004-12-17
2986,1288158,4,2005-02-21
2986,1840362,4,2005-03-02
2986,1316241,2,2005-03-11
2986,1060399,5,2005-04-23
2986,1684416,4,2005-04-27
2986,1136740,4,2005-05-05
2986,315912,3,2005-05-27
2986,2094213,5,2005-09-25
2986,589004,4,2005-10-09
2986,1664010,4,2005-10-12
2986,602165,4,2005-10-15
2986,2392576,4,2005-11-01
2986,1902838,3,2002-10-06
2986,663488,4,2003-10-08
2986,752492,5,2004-03-25
2986,251072,3,2002-11-22
2986,1051322,3,2004-03-24
2986,1069086,4,2005-08-27
2986,2216592,4,2003-12-03
2986,1553636,1,2004-06-29
2986,1075960,4,2004-07-20
2986,578896,4,2004-11-04
2986,519520,5,2004-11-23
2986,1869763,2,2005-04-04
2986,1832599,4,2005-06-06
2986,196311,4,2005-06-06
2986,1299214,5,2005-06-17
2986,1819300,3,2005-09-25
2986,349403,3,2005-10-04
2986,978309,4,2005-12-12
2986,950504,5,2004-07-14
2986,1924960,3,2004-06-03
2986,1603694,4,2004-06-15
2986,562161,3,2004-04-19
2986,2135073,5,2004-04-17
2986,1584972,2,2004-11-05
2986,2643080,5,2005-01-31
2986,1441441,5,2005-10-07
2986,2384112,3,2005-12-07
2986,1799940,4,2005-12-12
2986,1169634,5,2003-11-08
2986,2148252,2,2004-06-22
2986,2259174,3,2005-08-30
2986,1198528,2,2005-01-24
2986,678846,3,2005-02-08
2986,1248706,5,2005-03-08
2986,2173328,4,2005-06-29
2986,1757577,1,2005-07-10
2986,1207990,3,2004-06-02
2986,1498149,4,2005-08-30
2986,1793246,5,2004-08-10
2986,256316,5,2004-03-22
2986,1422503,3,2004-04-23
2986,872126,3,2004-09-26
2986,1010516,4,2004-11-03
2986,2283398,2,2005-01-01
2986,712363,4,2005-09-25
2986,501801,4,2004-06-24
2986,2407157,4,2003-05-08
2986,466247,4,2005-08-26
2986,371123,4,2004-03-15
2986,1808876,3,2004-12-02
2986,1713693,3,2005-01-28
2986,828278,5,2005-01-30
2986,1589215,2,2005-06-28
2986,668643,4,2005-09-11
2986,1845479,5,2005-09-16
2986,715607,4,2003-12-08
2986,938266,5,2005-07-26
2986,1604903,4,2005-08-03
2986,1984604,1,2004-03-30
2986,1296679,2,2005-08-18
2986,476098,5,2005-09-10
2986,708307,3,2004-02-06
2986,2535238,2,2004-05-11
2986,2237597,3,2004-10-10
2986,332902,3,2005-01-19
2986,1922143,3,2005-03-20
2986,2241247,4,2005-06-05
2986,2222535,2,2005-10-29
2986,2156681,2,2002-12-25
2986,1113983,5,2005-08-04
2986,1610234,1,2005-08-17
2986,2454824,1,2003-10-17
2986,1352458,3,2004-05-29
2986,1730699,4,2004-02-09
2986,1056041,1,2004-07-07
2986,2158462,1,2004-09-18
2986,1811998,3,2005-01-19
2986,552356,5,2005-03-12
2986,104137,2,2005-06-13
2986,1041832,3,2005-06-24
2986,1797455,3,2005-10-04
2986,1874838,1,2005-12-08
2986,1310303,2,2002-11-14
2986,2404291,5,2005-08-08
2986,875969,4,2004-07-13
2986,2598485,5,2005-08-11
2986,1435891,3,2004-02-27
2986,1444094,4,2004-07-07
2986,873713,1,2004-10-25
2986,1518893,4,2005-02-24
2986,2512098,4,2005-04-02
2986,1342657,1,2005-09-13
2986,1781536,5,2005-08-01
2986,569371,4,2003-09-26
2986,82731,4,2004-02-18
2986,538373,1,2004-05-03
2986,305604,5,2004-06-12
2986,2258266,4,2004-08-31
2986,869761,3,2004-08-28
2986,648585,5,2004-10-26
2986,2489563,1,2004-12-02
2986,1098510,5,2005-02-18
2986,1116585,2,2005-05-28
2986,1606186,3,2005-06-14
2986,1508757,4,2005-10-08
2986,286684,3,2002-09-28
2986,1117152,3,2005-07-27
2986,634883,3,2005-08-04
2986,2250499,2,2005-08-31
2986,760211,5,2004-07-07
2986,1694761,4,2005-02-14
2986,485668,4,2005-05-05
2986,923892,4,2005-07-08
2986,262404,3,2002-12-10
2986,2409092,4,2003-09-10
2986,1148389,2,2003-05-25
2986,205438,4,2004-07-02
2986,2387919,4,2004-04-08
2986,901931,5,2004-10-16
2986,2329550,5,2004-10-26
2986,2004105,3,2004-11-28
2986,526580,3,2005-02-10
2986,1434064,2,2005-05-23
2986,1429060,5,2005-06-29
2986,991385,4,2005-10-12
2986,1278338,2,2005-11-12
2986,2026818,4,2005-07-21
2986,682857,3,2005-07-30
2986,2616187,3,2003-11-24
2986,73023,4,2004-12-22
2986,1503372,5,2005-06-22
2986,277786,4,2005-10-04
2986,1517519,3,2004-05-31
2986,795380,3,2005-07-24
2986,510942,2,2002-11-20
2986,1201884,4,2005-08-22
2986,1788942,5,2004-05-16
2986,1827714,3,2004-08-21
2986,1142246,4,2004-05-12
2986,811817,4,2004-04-28
2986,2212303,3,2004-10-21
2986,274062,4,2005-01-19
2986,1949871,4,2005-02-05
2986,105244,3,2005-02-22
2986,2016667,4,2005-02-27
2986,1414159,4,2005-04-16
2986,1589400,2,2005-05-25
2986,85929,4,2005-06-20
2986,1587376,4,2005-09-21
2986,1961116,1,2005-10-17
2986,294187,4,2005-10-25
2986,123389,3,2003-09-19
2986,1309644,4,2003-07-28
2986,2320001,4,2004-04-22
2986,318409,5,2004-09-12
2986,2318762,5,2004-07-15
2986,928821,3,2005-04-06
2986,1344624,1,2005-10-04
2986,238682,4,2005-11-04
2986,458536,3,2005-07-24
2986,536016,4,2005-08-18
2986,560435,4,2004-01-25
2986,813010,1,2004-03-30
2986,2596454,5,2004-07-14
2986,169348,3,2005-02-08
2986,1428452,3,2005-02-12
2986,1686729,3,2005-02-24
2986,115518,2,2005-03-08
2986,2494928,5,2005-03-10
2986,2448527,5,2005-12-10
2986,2047597,5,2005-07-22
2986,425978,4,2002-10-07
2986,2239285,4,2005-09-05
2986,199518,4,2003-12-12
2986,96837,5,2004-07-26
2986,2044807,4,2004-08-06
2986,368786,5,2005-02-13
2986,267349,4,2005-05-24
2986,2440601,4,2004-02-18
2986,866383,5,2004-05-17
2986,2054870,5,2002-12-27
2986,1782430,4,2003-07-25
2986,2080171,1,2005-08-27
2986,2268593,3,2004-06-05
2986,1297347,5,2004-10-04
2986,2616793,4,2004-10-25
2986,1771108,3,2005-06-16
2986,1211668,5,2005-04-21
2986,611533,5,2005-05-04
2986,2286545,3,2005-05-14
2986,37797,3,2004-09-16
2986,2025236,4,2004-06-09
2986,2353376,2,2003-02-11
2986,177104,3,2005-07-27
2986,819072,5,2005-07-31
2986,406752,3,2002-10-16
2986,414582,4,2004-07-16
2986,1350718,5,2002-11-28
2986,442276,4,2003-07-19
2986,1747111,4,2003-12-15
2986,2548827,3,2004-08-24
2986,2382696,1,2005-02-08
2986,749189,3,2005-03-04
2986,429060,5,2005-03-21
2986,433641,3,2005-04-03
2986,963878,4,2005-05-11
2986,1635884,4,2005-05-20
2986,715882,4,2005-05-24
2986,923268,3,2005-06-20
2986,2585979,5,2005-09-09
2986,1599207,4,2005-09-19
2986,2597170,5,2005-10-13
2986,659440,3,2005-11-22
2986,2106970,3,2005-11-25
2986,250785,3,2005-12-20
2986,1739440,5,2002-11-14
2986,2581665,5,2003-10-17
2986,526189,5,2004-05-06
2986,1015944,2,2004-09-11
2986,68769,5,2004-10-19
2986,644154,2,2004-11-24
2986,266652,2,2004-12-11
2986,539158,5,2004-12-14
2986,2353437,2,2005-07-25
2986,927007,3,2004-03-28
2986,1671418,2,2002-10-05
2986,1245472,4,2003-12-18
2986,1703380,3,2004-03-10
2986,2291306,2,2004-02-17
2986,1649092,5,2004-06-29
2986,880961,4,2004-11-17
2986,255112,2,2005-02-06
2986,568861,4,2005-04-05
2986,874650,4,2005-04-20
2986,867134,3,2005-06-28
2986,331875,2,2005-07-04
2986,2160091,2,2005-07-04
2986,3321,1,2005-07-25
2986,1007245,4,2005-07-28
2986,806292,4,2005-08-14
2986,2073799,3,2004-06-22
2986,1239154,5,2003-08-27
2986,1783681,4,2005-01-21
2986,2343087,3,2005-06-22
2986,728413,4,2005-10-04
2986,714207,1,2003-10-21
2986,838679,4,2005-08-17
2986,112349,4,2003-08-27
2986,1968102,4,2005-08-30
2986,171881,2,2004-08-01
2986,353249,5,2004-06-03
2986,1154184,2,2004-11-08
2986,612848,3,2004-11-11
2986,654649,4,2005-01-06
2986,825819,3,2005-02-14
2986,547968,4,2005-03-07
2986,1765372,3,2005-04-01
2986,636367,3,2005-07-01
2986,2056368,3,2005-10-11
2986,678032,3,2003-07-24
2986,1833607,5,2004-06-18
2986,573345,3,2004-05-19
2986,1862612,4,2005-08-07
2986,2305082,2,2004-02-19
2986,669659,4,2004-07-19
2986,1136254,1,2004-10-07
2986,1500410,5,2005-03-07
2986,951907,4,2005-04-20
2986,222475,4,2005-05-25
2986,1109346,5,2005-06-11
2986,1054137,5,2005-06-17
2986,1925639,4,2005-10-15
2986,1277662,4,2005-11-27
2986,1630194,3,2005-12-10
2986,2509181,4,2005-08-10
2986,114616,4,2003-08-28
2986,1036925,5,2005-09-06
2986,2087627,3,2004-04-19
2986,2025689,4,2005-01-02
2986,382405,4,2005-02-14
2986,1870227,4,2005-04-29
2986,849580,4,2005-02-20
2986,2461433,4,2005-07-27
2986,657197,4,2003-10-06
2986,2495549,4,2004-11-18
2986,430983,5,2004-11-30
2986,1925561,3,2004-12-29
2986,203421,3,2005-03-11
2986,2464456,5,2005-05-19
2986,681961,2,2005-09-20
2986,2626701,4,2005-10-31
2986,1957291,1,2005-07-15
2986,1964476,5,2003-08-23
2986,1193910,5,2005-07-18
2986,2331421,3,2003-03-23
2986,491531,1,2004-06-02
2986,1297652,3,2003-10-07
2986,2575461,4,2004-02-24
2986,1290508,4,2004-03-26
2986,2519299,2,2004-09-27
2986,744546,5,2004-10-03
2986,1317671,3,2004-10-18
2986,2161891,5,2004-10-17
2986,419761,3,2005-01-21
2986,427178,5,2005-10-18
2986,2338166,5,2005-11-29
2986,835271,2,2003-02-14
2986,2554035,3,2004-06-08
2986,1051817,4,2005-08-01
2986,2114807,4,2003-10-22
2986,2607155,1,2002-11-21
2986,111338,4,2003-01-23
2986,2090861,5,2005-08-18
2986,522710,4,2003-07-31
2986,687235,5,2003-07-28
2986,943994,4,2004-09-16
2986,1977123,3,2003-12-04
2986,1856669,3,2004-11-08
2986,1729432,4,2005-01-02
2986,1365272,5,2005-01-05
2986,39968,3,2005-02-07
2986,2352463,5,2005-02-07
2986,2518375,5,2005-05-11
2986,1992424,5,2005-05-30
2986,268592,3,2005-06-09
2986,176524,4,2005-09-08
2986,82059,1,2005-10-24
2986,553759,4,2003-08-26
2986,2180255,2,2004-03-06
2986,2423319,3,2003-09-23
2986,700688,5,2004-06-13
2986,134972,3,2003-12-09
2986,2616474,5,2004-06-01
2986,752702,2,2004-09-30
2986,2428839,3,2004-10-09
2986,1357312,1,2004-11-08
2986,86901,3,2004-12-09
2986,336595,4,2005-01-03
2986,320856,3,2005-01-19
2986,2219540,2,2005-01-24
2986,774800,3,2005-02-10
2986,152903,5,2005-04-08
2986,206453,3,2005-10-23
2986,848094,4,2005-10-26
2986,167586,4,2004-06-28
2986,2051520,5,2005-08-08
2986,1713439,1,2005-08-25
2986,1363282,2,2004-05-17
2986,1171694,4,2004-07-22
2986,2213522,4,2004-09-22
2986,2129354,3,2005-01-20
2986,413060,3,2005-02-20
2986,306658,4,2005-03-09
2986,2606799,3,2005-05-16
2986,2548029,3,2005-05-17
2986,276549,3,2005-09-28
2986,329471,3,2005-10-19
2986,2629811,4,2005-10-26
2986,2609788,4,2005-07-31
2986,1918008,5,2004-02-20
2986,1576736,4,2004-01-28
2986,1202088,5,2004-02-24
2986,1549873,5,2004-06-24
2986,1278864,4,2004-12-12
2986,2315689,2,2005-02-14
2986,723983,3,2005-04-14
2986,1954061,1,2005-05-17
2986,1402612,3,2005-11-29
2986,2512235,4,2002-10-12
2986,2513581,2,2003-09-10
2986,901720,3,2003-04-05
2986,1534296,2,2004-02-09
2986,876035,5,2004-06-21
2986,1169796,4,2004-02-20
2986,2503230,3,2004-11-26
2986,957368,2,2004-12-09
2986,1466233,4,2005-02-27
2986,382792,4,2005-03-10
2986,1504990,4,2005-04-06
2986,1591646,4,2005-09-09
2986,2298426,3,2005-11-19
2986,613002,5,2003-09-09
2986,1725515,1,2003-11-11
2986,1925306,3,2004-05-10
2986,1282842,4,2005-01-19
2986,2061499,4,2005-03-03
2986,769672,4,2005-03-05
2986,851330,4,2005-03-15
2986,622742,4,2005-05-21
2986,85824,2,2005-06-20
2986,252476,2,2002-11-15
2986,2574484,5,2002-10-06
2986,759737,1,2005-08-07
2986,17707,1,2005-08-10
2986,2635895,5,2003-03-12
2986,1230004,2,2004-09-14
2986,1036997,5,2004-02-16
2986,2510970,5,2005-01-19
2986,653202,4,2005-02-12
2986,212982,2,2005-04-12
2986,1332725,4,2005-06-02
2986,89648,3,2003-03-18
2986,1181703,4,2004-04-17
2986,2616470,3,2005-08-29
2986,2285289,4,2004-07-29
2986,1533695,4,2004-05-12
2986,2537480,3,2004-07-22
2986,1120246,5,2005-07-16
2986,798296,4,2003-03-05
2986,2131432,4,2005-09-03
2986,1071141,4,2004-05-28
2986,2130048,1,2004-08-11
2986,520507,1,2004-12-29
2986,1648342,4,2005-03-23
2986,1919302,5,2005-05-02
2986,682963,3,2005-06-20
2986,1988587,4,2005-12-07
2986,1073729,1,2005-08-06
2986,1242653,4,2003-10-13
2986,399971,4,2004-10-02
2986,443835,2,2004-10-04
2986,1154242,3,2005-01-07
2986,1999244,4,2005-06-02
2986,2196003,5,2005-09-15
2986,797503,5,2005-11-20
2986,1514563,5,2005-07-14
2986,1802986,1,2005-08-07
2986,1753194,4,2002-12-11
2986,1105016,5,2005-09-01
2986,1088988,4,2003-09-07
2986,805157,4,2004-06-27
2986,1432767,4,2004-12-06
2986,2453514,4,2005-02-03
2986,369912,3,2005-04-22
2986,2101198,4,2005-07-12
2986,959486,3,2005-07-16
2986,1116290,3,2004-09-02
2986,97895,4,2004-02-28
2986,1749732,2,2003-09-13
2986,1167477,3,2004-08-11
2986,1992205,4,2004-05-13
2986,80946,4,2004-06-19
2986,2122492,3,2004-10-11
2986,1350183,5,2005-07-09
2986,2261916,3,2005-08-25
2986,2436213,4,2003-05-02
2986,2370551,4,2003-08-22
2986,1141507,2,2003-09-16
2986,2385435,5,2004-02-25
2986,534206,3,2004-07-02
2986,830181,5,2005-09-19
2986,974584,3,2005-10-07
2986,46187,2,2004-05-25
2986,288740,4,2003-01-17
2986,1283346,5,2002-10-06
2986,222932,5,2004-05-09
2986,8212,3,2004-06-24
2986,2137306,2,2004-09-15
2986,798972,4,2004-10-22
2986,987736,3,2004-12-15
2986,1774590,4,2004-12-19
2986,1620154,1,2004-12-26
2986,1104400,3,2005-05-20
2986,2497558,4,2004-07-10
2986,358117,3,2002-11-05
2986,62771,2,2005-08-13
2986,749782,5,2005-08-16
2986,1030342,2,2003-08-01
2986,1558712,4,2004-03-09
2986,2334974,4,2005-01-09
2986,1042317,5,2005-01-11
2986,2090369,5,2005-01-19
2986,2332237,4,2005-09-13
2986,1381305,3,2005-09-27
2986,1201988,3,2005-12-01
2986,1534677,4,2004-12-04
2986,1331370,1,2003-04-23
2986,1983905,4,2003-03-22
2986,179232,4,2003-05-02
2986,833913,4,2004-07-11
2986,645373,4,2004-04-28
2986,2368107,5,2004-05-15
2986,300477,4,2004-09-07
2986,1854660,1,2004-10-17
2986,657081,5,2004-11-18
2986,2137416,4,2005-02-08
2986,2164873,3,2005-04-25
2986,101722,3,2005-05-08
2986,408160,5,2005-06-21
2986,872882,4,2005-11-22
2986,720145,2,2003-06-11
2986,1774623,2,2002-10-08
2986,305344,3,2003-07-25
2986,2329349,1,2003-06-10
2986,39686,4,2004-02-04
2986,1825515,5,2004-05-03
2986,728045,3,2004-06-27
2986,2136371,4,2005-01-04
2986,1596727,4,2005-01-06
2986,80548,4,2005-01-08
2986,1053026,4,2005-03-22
2986,2079810,1,2005-06-08
2986,1504049,4,2005-06-08
2986,1868196,5,2005-09-16
2986,1781430,1,2005-10-18
2986,459524,3,2005-10-27
2986,1492268,1,2005-07-19
2986,273256,3,2003-10-22
2986,2360906,3,2004-06-28
2986,1848575,4,2005-09-11
2986,1015350,5,2004-02-18
2986,211010,3,2004-09-28
2986,1029283,4,2004-10-19
2986,975993,3,2005-01-03
2986,1273061,2,2005-01-25
2986,1924228,3,2005-03-06
2986,2114121,2,2005-05-11
2986,519440,4,2005-11-25
2986,1777167,4,2005-07-12
2986,635056,4,2004-02-04
2986,1083282,1,2003-12-24
2986,2222151,5,2004-06-20
2986,2104114,3,2004-02-23
2986,2441734,5,2004-07-10
2986,2285241,3,2004-02-10
2986,1291364,4,2004-08-13
2986,1532839,3,2004-08-11
2986,1159683,5,2004-10-14
2986,1541780,5,2004-11-19
2986,551421,4,2004-11-25
2986,1227992,3,2004-12-15
2986,763224,3,2005-02-03
2986,2029180,3,2005-02-10
2986,111086,1,2005-03-02
2986,2060858,3,2005-03-13
2986,2056875,5,2005-04-25
2986,2536922,2,2005-06-20
2986,1211161,4,2005-12-21
2986,1661196,3,2005-12-26
2986,2130179,4,2005-07-07
2986,917066,1,2005-07-23
2986,1403217,2,2005-08-23
2986,563745,2,2005-09-06
2986,1464573,4,2004-01-27
2986,1280538,4,2004-07-19
2986,262894,5,2004-08-14
2986,416985,4,2004-05-03
2986,2276790,3,2004-08-25
2986,973870,5,2004-06-22
2986,2389394,3,2004-12-09
2986,86994,4,2005-01-29
2986,2561561,2,2005-06-02
2986,88527,4,2005-06-10
2986,251059,5,2005-10-16
2986,196113,4,2005-10-17
2986,2012286,4,2005-08-27
2986,1640921,2,2005-04-09
2986,739601,3,2004-05-12
2986,1444406,5,2004-06-10
2986,2631815,5,2004-12-30
2986,583615,4,2005-01-19
2986,1114884,2,2005-01-24
2986,2147527,1,2005-11-18
2986,2345678,3,2005-10-17
2986,2117724,2,2003-01-17
2986,388421,4,2005-07-14
2986,74441,3,2004-02-10
2986,2288842,4,2004-06-30
2986,2191089,3,2004-07-06
2986,899796,4,2003-08-14
2986,1014606,1,2005-09-09
2986,464571,4,2004-02-28
2986,2263239,2,2004-09-26
2986,470328,3,2005-02-03
2986,211270,4,2005-04-10
2986,96885,5,2005-04-11
2986,26762,3,2005-05-05
2986,651230,1,2005-05-11
2986,172102,4,2005-05-29
2986,638279,4,2005-06-28
2986,586456,5,2005-09-22
2986,1273442,5,2005-10-04
2986,611082,3,2005-07-10
2986,299859,2,2002-10-27
2986,2059696,5,2004-09-13
2986,2520896,4,2003-12-03
2986,2611470,3,2004-09-10
2986,133670,3,2004-02-21
2986,2605571,4,2004-05-20
2986,548256,5,2004-09-14
2986,1200479,5,2004-09-24
2986,476695,4,2004-12-15
2986,1385813,2,2005-01-08
2986,2011668,3,2005-09-20
2986,2230226,4,2005-10-25
2986,1949010,1,2005-10-30
2986,447759,5,2005-11-18
2986,792591,5,2005-03-16
2986,420297,5,2004-07-12
2986,1400154,1,2004-08-22
2986,709119,4,2004-01-21
2986,2501215,4,2003-11-17
2986,1700131,5,2004-04-18
2986,569053,3,2004-07-24
2986,340890,4,2005-01-03
2986,575757,3,2005-03-04
2986,209435,1,2005-03-16
2986,946691,3,2005-05-02
2986,116563,2,2005-05-19
2986,2285887,4,2005-11-30
2986,912999,2,2003-03-05
2986,2090715,3,2004-08-06
2986,508042,4,2004-04-30
2986,537364,4,2004-02-24
2986,908027,5,2004-05-22
2986,649457,5,2004-11-29
2986,540193,2,2004-12-07
2986,2040501,3,2004-12-31
2986,2391200,3,2005-01-05
2986,1143430,3,2005-04-05
2986,1834456,4,2005-06-30
2986,1883016,3,2002-11-02
2986,1611358,5,2005-08-02
2986,1067761,1,2002-12-16
2986,230211,5,2004-04-14
2986,998249,1,2003-04-22
2986,2441772,4,2004-06-20
2986,228539,3,2004-08-27
2986,2320177,2,2004-10-26
2986,194044,4,2005-01-30
2986,2158814,4,2005-05-01
2986,1288019,5,2005-06-02
2986,1538522,5,2005-10-02
2986,1838526,2,2005-10-06
2986,2158427,2,2005-11-15
2986,1631617,4,2005-08-29
2986,1426049,5,2004-02-17
2986,1245176,1,2004-10-18
2986,1837636,5,2004-10-25
2986,1427953,3,2004-11-24
2986,2145733,3,2005-01-09
2986,216484,1,2005-10-24
2986,2315012,1,2005-07-14
2986,1586276,5,2003-03-04
2986,2115689,3,2004-07-02
2986,2161938,5,2004-02-18
2986,427186,4,2004-06-01
2986,1973074,4,2004-10-21
2986,2513030,5,2004-10-22
2986,1979820,4,2005-01-31
2986,2137795,1,2005-06-30
2986,530000,5,2005-09-24
2986,139852,5,2005-10-18
2986,1429005,5,2005-12-06
2986,2304298,3,2003-01-24
2986,1620319,2,2003-03-12
2986,2085051,3,2004-02-29
2986,2505247,4,2005-08-03
2986,134414,2,2004-04-05
2986,1384814,5,2004-03-13
2986,2434678,5,2004-05-08
2986,614137,5,2004-12-25
2986,477422,4,2005-03-10
2986,588258,4,2005-04-03
2986,1769985,3,2005-06-10
2986,1587665,4,2005-06-21
2986,2144951,1,2005-09-30
2986,1762357,5,2005-09-30
2986,1484157,1,2002-11-21
2986,1562707,1,2005-07-21
2986,858298,5,2002-11-15
2986,1085414,4,2002-11-18
2986,1330144,3,2005-08-10
2986,488267,4,2003-09-04
2986,1063699,1,2004-02-22
2986,2479606,1,2004-09-09
2986,1348088,4,2004-06-27
2986,411512,3,2004-09-23
2986,1871132,4,2004-09-29
2986,759443,5,2005-01-28
2986,1881368,5,2005-01-31
2986,1694673,4,2005-03-16
2986,1318938,2,2005-04-15
2986,1898957,4,2005-11-08
2986,635758,3,2003-03-20
2986,2062216,5,2004-07-04
2986,1198998,4,2004-08-03
2986,317099,4,2005-08-16
2986,2114592,4,2005-08-28
2986,636273,2,2004-03-01
2986,1209157,3,2003-11-06
2986,788395,4,2004-09-14
2986,1580834,3,2004-10-27
2986,2511359,3,2005-02-06
2986,972399,5,2005-04-18
2986,478634,1,2005-04-19
2986,1565268,3,2005-04-21
2986,338127,2,2005-09-16
2986,1577281,5,2005-09-20
2986,2485270,3,2005-09-26
2986,816573,5,2005-09-27
2986,2282751,2,2005-09-27
2986,1745227,5,2005-11-26
2986,2023638,3,2003-02-26
2986,235860,2,2003-05-26
2986,1069227,3,2004-02-09
2986,2267044,1,2004-10-22
2986,1802863,5,2005-01-06
2986,1062539,2,2005-02-04
2986,424825,2,2005-03-04
2986,2305016,5,2005-09-14
2986,1343052,4,2005-09-26
2986,2114955,5,2005-11-11
2986,1716826,5,2005-11-20
2986,1564200,4,2005-12-09
2986,546619,5,2005-12-11
2986,618908,3,2005-07-11
2986,2405523,1,2004-03-24
2986,1663606,5,2004-09-27
2986,1372450,3,2004-11-27
2986,1294335,3,2005-01-19
2986,984262,3,2005-01-20
2986,589682,3,2005-03-24
2986,227151,5,2004-08-31
2986,1284323,4,2004-07-08
2986,10,1,2003-05-30
2986,2546173,1,2005-08-22
2986,1565082,5,2003-11-20
2986,1758572,5,2003-10-27
2986,3798,4,2004-03-30
2986,17873,4,2004-04-21
2986,867530,4,2004-08-16
2986,1653921,3,2004-12-23
2986,955262,4,2005-01-12
2986,678719,4,2005-02-03
2986,133993,2,2005-10-04
2986,1743315,4,2005-11-15
2986,2266974,4,2005-07-25
2986,1015868,4,2002-11-30
2986,1794745,4,2005-08-10
2986,1661683,1,2003-07-29
2986,964001,4,2005-09-07
2986,1714475,2,2004-02-06
2986,16487,3,2004-11-08
2986,1059710,4,2005-01-04
2986,1389855,4,2005-03-11
2986,1214125,3,2005-05-01
2986,1845049,2,2005-06-02
2986,430318,3,2005-09-19
2986,1785134,4,2005-10-28
2986,2298769,3,2005-07-08
2986,77567,4,2005-07-25
2986,926010,3,2004-10-29
2986,1963891,4,2004-11-29
2986,2305400,1,2005-09-19
2986,2506246,3,2005-12-30
2986,2034589,5,2003-03-04
2986,600694,3,2004-01-22
2986,2590306,3,2003-07-10
2986,460500,4,2003-08-14
2986,1910484,4,2004-10-03
2986,136381,3,2005-03-02
2986,1343340,5,2005-04-28
2986,1607389,4,2005-11-02
2986,826696,4,2003-11-21
2986,1318530,4,2003-02-11
2986,2255880,3,2003-02-28
2986,2515905,4,2003-08-27
2986,1056522,5,2005-08-25
2986,190037,5,2003-11-14
2986,488142,5,2004-08-12
2986,1493593,3,2004-08-13
2986,516116,3,2004-11-02
2986,1054796,3,2004-11-05
2986,1776727,5,2005-06-15
2986,1874557,5,2005-10-10
2986,1860332,2,2005-07-19
2986,2640943,2,2005-08-15
2986,52609,4,2005-08-29
2986,551208,4,2003-10-09
2986,1754183,2,2004-10-05
2986,1215635,1,2005-01-08
2986,929903,5,2005-04-02
2986,537389,4,2005-06-10
2986,745471,4,2005-06-14
2986,934163,5,2005-09-23
2986,735850,3,2005-11-06
2986,1410739,3,2005-11-22
2986,1120231,3,2005-07-11
2986,2249568,1,2002-12-10
2986,1492162,4,2003-03-31
2986,2394320,4,2004-07-04
2986,544084,2,2005-08-19
2986,1047834,3,2005-09-06
2986,1789077,1,2004-03-16
2986,1087374,4,2004-10-17
2986,972204,2,2004-10-27
2986,4597,3,2004-11-04
2986,2428489,3,2005-03-12
2986,123356,4,2005-04-19
2986,379469,5,2005-04-21
2986,633633,4,2005-05-20
2986,1187457,1,2005-09-19
2986,433234,4,2005-10-05
2986,1756840,4,2004-03-30
2986,1722054,5,2003-08-26
2986,2444174,4,2004-08-10
2986,2564238,5,2003-07-25
2986,735417,5,2005-08-25
2986,471654,5,2004-02-04
2986,1955076,4,2003-12-02
2986,1676845,4,2004-07-08
2986,538225,3,2004-10-06
2986,1686760,3,2005-03-04
2986,646392,3,2005-06-26
2986,2499884,1,2005-09-22
2986,624316,3,2005-10-07
2986,247356,5,2003-11-01
2986,2064995,4,2003-06-08
2986,1699537,1,2003-05-19
2986,873299,2,2003-07-29
2986,753034,2,2004-04-06
2986,1890026,5,2004-02-21
2986,1184111,5,2004-07-30
2986,599898,3,2004-08-01
2986,1394420,3,2004-06-30
2986,472227,3,2004-09-19
2986,1675643,1,2005-03-02
2986,2280423,3,2005-03-06
2986,2205547,5,2005-05-26
2986,2372224,5,2005-09-17
2986,389985,3,2005-11-29
2986,854337,4,2003-04-24
2986,279998,3,2005-07-21
2986,135153,1,2004-08-01
2986,1110428,4,2004-03-22
2986,416384,3,2005-01-31
2986,2264638,4,2005-04-25
2986,2133448,4,2005-10-13
2986,981800,4,2005-10-21
2986,1178382,4,2005-07-12
2986,2226220,4,2003-07-07
2986,1997394,5,2004-02-04
2986,1625122,4,2005-08-06
2986,101900,4,2003-08-14
2986,865412,3,2002-11-28
2986,2312280,4,2003-07-29
2986,933207,5,2004-03-24
2986,101214,5,2004-07-17
2986,198601,5,2003-07-13
2986,2305164,1,2004-05-21
2986,2493630,5,2004-03-25
2986,843821,1,2004-08-07
2986,360782,1,2004-10-08
2986,1618124,1,2004-12-06
2986,2447035,4,2005-03-31
2986,1044050,5,2005-09-14
2986,2429871,4,2005-10-19
2986,1785017,4,2005-10-31
2986,1388630,5,2003-04-24
2986,2254502,4,2004-02-07
2986,639210,5,2004-01-07
2986,2441687,3,2003-07-10
2986,2581850,1,2005-08-18
2986,1717607,4,2004-06-29
2986,1875549,4,2004-06-28
2986,2496206,4,2004-09-17
2986,1432044,4,2004-10-05
2986,374008,4,2004-10-05
2986,411290,4,2004-10-10
2986,2075634,3,2004-10-26
2986,1057236,4,2005-02-09
2986,2134277,4,2005-10-18
2986,1328243,4,2002-12-28
2986,2092912,5,2005-08-02
2986,1598629,4,2003-11-20
2986,2284691,3,2004-09-30
2986,1846462,5,2004-10-03
2986,1206461,2,2004-10-30
2986,2225824,4,2005-01-23
2986,2545730,4,2005-01-31
2986,587766,5,2005-02-10
2986,1952708,2,2005-02-12
2986,230265,3,2005-02-22
2986,2062480,5,2005-09-09
2986,1192769,5,2005-10-12
2986,129415,3,2005-10-12
2986,1103673,4,2005-10-26
2986,714664,5,2005-11-14
2986,1259557,3,2005-07-07
2986,1234567,4,2005-07-17
2986,1627504,1,2003-12-17
2986,2049766,4,2005-09-03
2986,1516350,4,2004-06-01
2986,515704,3,2004-07-23
2986,624388,5,2004-10-04
2986,1213065,5,2004-11-04
2986,2374109,4,2005-01-01
2986,2361408,3,2005-04-04
2986,1278941,5,2005-05-18
2986,14340,4,2005-05-30
2986,2100922,3,2005-09-30
2986,746375,5,2003-11-15
2986,1974130,3,2004-05-03
2986,2061394,1,2002-12-17
2986,1507291,5,2003-11-19
2986,1054484,4,2005-08-31
2986,1931089,3,2004-08-28
2986,2153063,5,2004-04-15
2986,693591,3,2004-02-13
2986,1038880,3,2004-10-27
2986,617535,4,2004-11-07
2986,1913178,1,2005-02-07
2986,1305784,5,2005-10-04
2986,109177,5,2005-11-11
2986,885168,1,2005-12-16
2986,1795511,5,2005-07-19
2986,1879437,4,2002-11-15
2986,1298173,3,2004-02-07
2986,2499756,4,2004-02-04
2986,1202021,3,2003-08-27
2986,1319632,5,2004-07-22
2986,1516935,5,2004-05-24
2986,1831014,5,2004-05-10
2986,1018033,4,2004-11-28
2986,10470,4,2004-12-06
2986,502614,5,2005-01-19
2986,460645,3,2005-10-03
2986,2118461,4,2005-10-22
2986,1264563,3,2005-11-15
2986,30926,2,2004-02-09
2986,522180,2,2005-07-11
2986,1922670,4,2004-04-20
2986,1920548,5,2005-07-28
2986,1296497,4,2002-10-07
2986,2522206,2,2005-08-01
2986,2537083,4,2002-09-03
2986,2297386,2,2004-01-29
2986,2245480,4,2004-06-14
2986,1191519,3,2003-12-09
2986,1679129,3,2005-08-31
2986,146786,3,2003-12-11
2986,745439,5,2003-12-12
2986,2644536,2,2004-02-16
2986,690939,3,2003-12-19
2986,2609544,4,2004-03-03
2986,2039827,2,2004-09-08
2986,2157073,4,2004-02-24
2986,1955184,5,2004-06-14
2986,2241897,3,2004-09-16
2986,2157060,5,2004-10-08
2986,447437,2,2005-04-19
2986,2000221,5,2005-10-21
2986,79724,3,2005-10-29
2986,676013,5,2005-11-04
2986,2343134,4,2005-11-25
2986,2079888,3,2005-07-05
2986,862852,3,2003-06-04
2986,2273135,3,2004-06-12
2986,255470,3,2004-07-22
2986,2520261,5,2004-09-27
2986,2159347,4,2005-01-23
2986,1116110,4,2005-02-24
2986,168523,4,2005-03-28
2986,1182899,5,2005-05-07
2986,920901,4,2005-05-26
2986,102255,3,2005-10-30
2986,1323507,5,2005-11-12
2986,474538,4,2005-12-19
2986,879024,2,2003-11-08
2986,2254751,4,2004-09-08
2986,387418,3,2003-08-22
2986,134407,3,2005-08-03
2986,524985,5,2003-11-18
2986,2341175,4,2004-02-08
2986,1923886,3,2004-06-07
2986,1383836,4,2004-03-26
2986,1782516,3,2004-11-27
2986,1933831,4,2005-06-27
2986,423167,5,2004-09-16
2986,907859,3,2003-04-02
2986,1834423,3,2003-12-19
2986,2135050,4,2004-08-30
2986,1133646,4,2005-08-16
2986,146987,5,2004-06-06
2986,406375,3,2003-08-28
2986,1834227,5,2004-03-27
2986,2159915,5,2005-03-21
2986,1422859,4,2005-05-12
2986,2588755,3,2005-05-24
2986,820823,3,2005-10-11
2986,2022230,3,2005-10-12
2986,1916371,2,2005-10-16
2986,709181,3,2005-10-27
2986,1260684,4,2005-11-07
2986,1405557,4,2004-03-25
2986,2257504,4,2005-08-01
2986,590473,4,2004-06-15
2986,2289469,3,2003-08-29
2986,2439391,4,2004-08-03
2986,1436573,4,2004-08-04
2986,397212,5,2004-07-08
2986,1537566,5,2004-10-21
2986,312715,4,2004-11-25
2986,1010609,4,2005-02-05
2986,477502,4,2005-03-09
2986,235546,4,2005-06-24
2986,2228179,1,2005-10-07
2986,935459,4,2003-11-27
2986,305274,3,2004-03-05
2986,2220472,4,2004-02-13
2986,1736710,4,2004-08-04
2986,1845061,3,2005-01-11
2986,931654,4,2005-05-08
2986,2254922,2,2005-06-10
2986,459060,3,2005-11-29
2986,1153136,5,2005-11-30
2986,530551,4,2004-09-08
2986,1867416,4,2004-08-26
2986,967062,4,2004-11-29
2986,693542,4,2004-12-22
2986,1924935,5,2005-01-25
2986,1564191,1,2005-01-25
2986,1012917,3,2005-05-02
2986,2198115,5,2005-05-22
2986,1856019,3,2005-06-14
2986,1995463,4,2005-10-17
2986,2275532,3,2005-12-09
2986,2130888,5,2004-04-02
2986,40445,4,2005-07-28
2986,2610420,3,2003-09-22
2986,1881326,5,2004-02-20
2986,807357,2,2004-08-03
2986,1932594,2,2004-05-16
2986,397948,2,2004-05-23
2986,2550058,4,2004-07-11
2986,1158383,5,2004-07-31
2986,277019,5,2003-11-24
2986,158607,3,2004-07-22
2986,1365356,3,2004-10-19
2986,1425899,4,2004-11-21
2986,1061195,2,2004-12-22
2986,2296816,3,2005-01-19
2986,3694,5,2005-04-30
2986,1881889,1,2005-06-28
2986,399637,5,2004-05-15
2986,237278,4,2005-08-29
2986,987574,3,2004-02-29
2986,2435399,2,2004-04-13
2986,1620158,3,2004-03-25
2986,2565053,4,2004-10-25
2986,1733531,4,2004-11-02
2986,1292710,3,2005-02-25
2986,968379,5,2005-06-10
2986,277762,4,2004-07-10
2986,2629195,2,2005-07-21
2986,1028541,3,2004-02-23
2986,1990473,4,2005-08-08
2986,57697,3,2003-11-15
2986,1663888,3,2004-02-25
2986,2147262,4,2005-10-22
2986,1257028,4,2005-04-21
2986,308224,4,2005-05-24
2986,680004,3,2004-08-14
2986,218920,4,2003-06-25
2986,2457210,2,2005-08-03
2986,1450883,5,2004-02-22
2986,30996,3,2005-08-15
2986,1375864,4,2005-08-21
2986,2126810,5,2005-09-07
2986,2295734,5,2004-08-15
2986,1001928,4,2004-07-01
2986,151763,5,2004-08-12
2986,241068,4,2004-10-20
2986,1995067,5,2004-11-19
2986,202572,5,2005-01-01
2986,692230,5,2005-06-30
2986,2406883,3,2005-11-06
2986,1465940,5,2002-10-05
2986,575714,4,2003-01-24
2986,266867,3,2003-02-24
2986,924352,5,2003-03-04
2986,2113158,4,2004-05-09
2986,1865929,4,2004-09-09
2986,862101,5,2004-09-12
2986,1160253,3,2004-07-14
2986,621908,2,2004-09-15
2986,2193570,4,2004-11-03
2986,119806,1,2004-12-28
2986,560599,5,2005-01-04
2986,1283630,3,2005-09-09
2986,610471,5,2005-10-09
2986,917122,5,2005-10-17
2986,1485835,5,2005-12-20
2986,1596876,3,2005-07-08
2986,416156,1,2002-12-02
2986,775822,3,2003-11-12
2986,915530,1,2004-04-22
2986,2118510,4,2004-10-20
2986,1321009,4,2004-12-28
2986,1336047,2,2005-01-06
2986,455737,1,2005-03-14
2986,1883703,3,2005-06-17
2986,1037245,4,2005-09-23
2986,2623472,3,2005-10-14
2986,1050130,4,2005-12-04
2986,2131794,4,2003-09-10
2986,2085266,4,2005-08-25
2986,1709177,4,2005-08-26
2986,1419805,4,2003-11-13
2986,667231,4,2004-09-10
2986,372743,2,2004-11-11
2986,2110335,2,2005-05-12
2986,2489039,4,2005-10-11
2986,219408,4,2005-10-12
2986,522878,3,2005-10-20
2986,977018,4,2005-12-23
2986,1608536,3,2003-08-31
2986,1032637,2,2005-09-08
2986,976454,4,2005-01-19
2986,2007431,2,2005-01-31
2986,934629,5,2005-06-17
2986,351328,3,2005-09-07
2986,2519902,3,2005-07-08
2986,343928,3,2005-07-20
2986,2587506,3,2004-04-13
2986,1057636,2,2004-07-08
2986,1639792,1,2002-12-10
2986,1233297,3,2003-08-13
2986,101554,4,2002-10-18
2986,432949,2,2003-02-24
2986,1879665,5,2004-09-13
2986,534060,4,2004-09-28
2986,2165019,4,2005-03-26
2986,267107,4,2005-05-03
2986,1323740,4,2005-07-22
2986,1981653,4,2004-07-19
2986,2583029,1,2004-07-19
2986,861346,4,2004-10-16
2986,853170,4,2005-02-08
2986,2250710,5,2005-05-12
2986,877501,2,2005-10-02
2986,513933,4,2004-07-05
2986,1358777,1,2004-03-12
2986,817878,3,2003-02-14
2986,516686,4,2005-02-19
2986,1368086,5,2004-11-07
2986,429503,4,2005-01-19
2986,695924,1,2005-01-21
2986,2329306,4,2005-02-23
2986,1771766,4,2005-03-10
2986,538723,4,2005-09-16
2986,2143500,3,2005-11-15
2986,2460347,1,2004-04-07
2986,78404,4,2002-11-23
2986,11166,2,2004-04-23
2986,2107407,4,2004-10-27
2986,997016,3,2004-12-29
2986,1881727,4,2005-01-12
2986,580942,5,2005-01-29
2986,1794280,4,2005-02-23
2986,843611,5,2005-09-21
2986,2021271,4,2005-10-16
2986,2276962,4,2005-11-18
2986,2547723,1,2005-12-08
2986,35364,5,2005-12-13
2986,1372483,1,2003-04-25
2986,1963140,4,2004-07-01
2986,234672,4,2005-01-06
2986,326462,5,2005-01-20
2986,1851268,2,2005-02-01
2986,46140,4,2005-03-10
2986,1044649,4,2005-04-04
2986,171827,4,2005-06-30
2986,1511829,4,2005-11-07
2986,2483740,4,2005-11-26
2986,2352586,4,2005-07-21
2986,831222,2,2005-07-28
2986,286434,5,2003-09-17
2986,528083,1,2003-05-07
2986,1334851,4,2005-08-28
2986,2499400,4,2005-08-31
2986,363609,3,2004-09-04
2986,964322,4,2004-03-01
2986,1821068,5,2004-02-22
2986,332346,4,2004-06-04
2986,2261467,4,2004-11-25
2986,1692639,2,2005-09-25
2986,1605937,5,2004-09-15
2986,1616631,3,2003-12-16
2986,2396324,3,2004-07-19
2986,940778,1,2003-03-03
2986,242681,3,2003-09-27
2986,832774,5,2004-03-04
2986,1440251,2,2004-08-23
2986,2283211,4,2004-06-04
2986,40136,5,2004-05-18
2986,2424587,4,2005-02-10
2986,515952,3,2004-02-04
2986,7798,3,2003-12-01
2986,662236,4,2003-08-05
2986,1875225,3,2004-08-02
2986,785794,5,2005-08-18
2986,1852040,2,2004-04-06
2986,268846,5,2004-03-30
2986,736962,5,2004-08-04
2986,1456244,4,2005-10-19
2986,499717,3,2005-03-22
2986,1416405,5,2005-04-04
2986,1228568,3,2005-05-03
2986,541311,2,2005-05-15
2986,2467730,1,2005-10-22
2986,1349773,4,2005-11-20
2986,1460183,3,2005-08-16
2986,1612901,4,2005-08-18
2986,1448588,5,2004-07-22
2986,2496250,3,2004-07-11
2986,1117838,3,2004-07-22
2986,147822,5,2004-11-25
2986,210595,4,2005-03-16
2986,791523,2,2005-03-23
2986,2470293,5,2005-05-26
2986,1396717,4,2005-10-28
2986,213427,2,2002-11-06
2986,1836871,4,2002-12-02
2986,778849,2,2004-05-03
2986,534637,5,2005-08-14
2986,515436,1,2004-06-07
2986,29706,5,2004-02-10
2986,520132,4,2004-09-20
2986,2581620,4,2004-11-16
2986,123231,4,2004-11-22
2986,541577,4,2005-01-19
2986,2575417,3,2005-02-01
2986,600590,4,2005-04-10
2986,452224,5,2005-06-13
2986,2414909,4,2005-09-27
2986,2113542,3,2005-10-06
2986,438716,4,2003-03-13
2986,2150392,4,2005-08-03
2986,1920927,4,2004-12-05
2986,1752442,3,2004-08-10
2986,123974,4,2004-09-13
2986,887494,3,2004-08-02
2986,2092745,5,2005-03-16
2986,1617280,4,2005-04-23
2986,1472772,4,2005-05-06
2986,1051757,3,2005-05-25
2986,1911099,1,2005-06-29
2986,574637,3,2005-10-26
2986,2158922,5,2005-07-11
2986,2425260,4,2005-08-31
2986,1805618,5,2004-06-08
2986,2458072,5,2005-04-18
2986,1152342,5,2004-10-04
2986,2129407,4,2004-12-31
2986,648808,4,2005-04-06
2986,1892684,5,2005-05-02
2986,852029,3,2005-05-09
2986,2574093,5,2005-06-25
2986,2268901,5,2005-10-01
2986,896925,5,2005-10-12
2986,1378584,3,2005-11-12
2986,1951593,1,2002-10-24
2986,2604057,5,2005-11-11
2986,2365226,4,2003-04-19
2986,1027550,4,2004-02-06
2986,753596,2,2004-05-04
2986,1776016,4,2004-03-31
2986,414604,4,2004-09-07
2986,107876,4,2004-12-21
2986,197438,1,2005-01-19
2986,1360936,2,2005-03-26
2986,1533807,2,2005-05-01
2986,1102760,5,2005-06-20
2986,1834417,5,2005-07-01
2986,849551,5,2005-10-08
2986,2194968,4,2005-10-18
2986,806606,5,2005-07-27
2986,1069489,4,2004-08-16
2986,1630669,4,2004-09-10
2986,1712388,2,2004-09-16
2986,1864327,4,2004-07-03
2986,1739291,1,2004-08-09
2986,1848593,1,2004-10-14
2986,2090242,5,2005-01-30
2986,665124,4,2005-06-29
2986,1744325,4,2005-10-24
2986,2377201,4,2005-11-22
2986,1979465,5,2005-12-18
2986,2049560,2,2002-08-08
2986,466892,2,2005-08-23
2986,2618539,3,2003-12-28
2986,372239,5,2004-07-17
2986,1240085,4,2004-09-11
2986,685823,4,2004-10-11
2986,2000301,4,2004-10-21
2986,1204509,2,2004-11-15
2986,539743,4,2005-03-11
2986,418066,4,2005-07-03
2986,554063,5,2005-10-26
2986,1118220,5,2004-02-10
2986,1659647,4,2004-01-08
2986,1791000,4,2004-05-12
2986,814660,4,2004-07-05
2986,2072238,4,2004-12-25
2986,2019186,3,2005-07-01
2986,2551874,4,2005-11-20
2986,1270093,3,2005-11-22
2986,1673898,1,2005-07-15
2986,707528,3,2002-12-10
2986,2442480,4,2005-07-28
2986,2081473,3,2003-12-16
2986,2193912,1,2004-08-09
2986,1300759,4,2004-10-07
2986,1252702,3,2004-10-22
2986,1278657,5,2004-11-13
2986,1567745,5,2004-12-21
2986,362168,5,2005-01-28
2986,718938,4,2005-02-20
2986,2359407,3,2005-03-06
2986,1400108,4,2005-03-16
2986,2265054,5,2005-10-12
2986,1639911,4,2005-11-17
2986,1961675,5,2004-06-20
2986,1920318,3,2004-06-01
2986,1388741,4,2004-08-15
2986,1704416,3,2004-06-12
2986,714890,3,2004-12-26
2986,748200,4,2005-01-19
2986,735,4,2005-03-09
2986,2248482,5,2005-03-24
2986,2224430,2,2005-04-01
2986,666284,3,2005-06-23
