3207,1753259,4,2005-07-11
3207,306466,1,2002-06-12
3207,1583391,3,2004-05-21
3207,1945809,3,2002-06-12
3207,41412,4,2002-04-18
3207,1109700,4,2001-11-09
3207,1331887,4,2002-04-25
3207,577397,2,2004-01-14
3207,2236005,5,2004-04-26
3207,1276913,3,2003-08-05
3207,705162,4,2004-08-31
3207,1990962,4,2005-08-07
3207,463218,4,2005-08-21
3207,1163218,3,2003-09-06
3207,1294425,2,2003-12-30
3207,139297,3,2004-01-16
3207,2007993,4,2004-04-25
3207,2241806,5,2004-05-25
3207,1056998,4,2004-12-09
3207,1213299,4,2005-04-27
3207,853261,5,2005-05-01
3207,2557878,5,2005-05-23
3207,779760,3,2005-09-12
3207,621097,3,2005-10-04
3207,1057835,4,2005-10-07
3207,188099,3,2005-10-29
3207,1850405,4,2005-07-06
3207,2338545,3,2003-06-14
3207,247794,3,2002-06-12
3207,2033368,5,2005-07-22
3207,436529,4,2004-01-27
3207,2498427,4,2003-09-16
3207,47226,5,2005-09-06
3207,161299,4,2004-02-25
3207,768655,4,2004-03-10
3207,2492187,4,2004-05-09
3207,215739,4,2004-10-20
3207,574843,4,2004-12-09
3207,2126729,2,2005-02-04
3207,610437,5,2005-09-27
3207,2535052,3,2002-05-15
3207,76196,3,2001-12-13
3207,1185149,3,2003-09-11
3207,1648646,3,2002-04-24
3207,2235489,3,2004-07-22
3207,2625420,2,2004-06-03
3207,2648502,3,2002-12-01
3207,1189241,3,2003-12-01
3207,1710414,5,2003-02-17
3207,2597480,3,2005-08-30
3207,908205,3,2003-10-24
3207,853484,3,2003-12-12
3207,105087,4,2004-02-18
3207,2179335,5,2004-04-06
3207,1608110,4,2004-10-22
3207,843246,4,2004-11-18
3207,1515871,5,2004-11-26
3207,1474151,4,2004-11-29
3207,1458470,4,2004-12-29
3207,1280109,4,2005-01-05
3207,2161899,3,2005-02-05
3207,1650301,1,2005-05-20
3207,1413031,5,2005-05-26
3207,531950,3,2005-06-20
3207,1134700,4,2005-07-01
3207,553931,4,2005-11-08
3207,2121612,1,2005-11-14
3207,1626546,3,2005-07-07
3207,2333858,3,2002-10-25
3207,1363333,5,2005-02-20
3207,2260788,3,2003-06-09
3207,1243274,5,2004-01-30
3207,752674,5,2004-03-04
3207,2584295,3,2004-08-23
3207,1010370,3,2004-01-12
3207,1686685,2,2004-01-05
3207,1951144,3,2004-08-19
3207,432536,3,2004-09-07
3207,614481,4,2005-01-07
3207,2441992,4,2005-02-01
3207,1446552,3,2005-03-17
3207,2229798,3,2005-03-28
3207,2001983,4,2005-04-09
3207,1310250,4,2005-10-28
3207,2530856,5,2005-11-03
3207,852813,1,2005-12-11
3207,2536720,4,2005-07-07
3207,31230,3,2004-01-03
3207,1977959,3,2002-04-19
3207,2004175,3,2002-08-31
3207,1716985,3,2003-08-13
3207,1125501,5,2002-04-23
3207,1203892,3,2002-08-11
3207,1286036,2,2003-01-23
3207,259348,4,2004-03-26
3207,1925623,5,2004-03-31
3207,2605003,4,2003-12-13
3207,2604070,2,2004-02-01
3207,1387049,5,2004-07-12
3207,1984086,3,2004-09-18
3207,1222878,4,2004-09-30
3207,537732,3,2004-10-10
3207,665030,3,2004-12-26
3207,1477730,4,2005-02-03
3207,2195510,4,2005-03-07
3207,2335603,4,2005-06-01
3207,1891708,3,2005-07-03
3207,1348187,4,2005-10-24
3207,220482,5,2005-11-05
3207,1059144,3,2002-07-31
3207,1144568,3,2005-07-16
3207,825904,4,2005-07-17
3207,1900854,5,2003-09-17
3207,287825,4,2003-02-16
3207,1870333,1,2005-02-19
3207,1094786,4,2004-02-29
3207,408459,5,2004-06-27
3207,786415,4,2004-03-27
3207,2168178,4,2004-07-28
3207,1541814,5,2004-10-05
3207,372233,3,2004-11-07
3207,2519480,4,2004-12-29
3207,76641,4,2005-03-06
3207,433880,4,2005-04-03
3207,1519073,4,2005-06-02
3207,1143216,3,2005-06-13
3207,1496187,5,2005-10-07
3207,268049,3,2005-10-20
3207,684217,4,2005-11-01
3207,2043617,4,2005-11-13
3207,2219523,3,2002-09-27
3207,2577867,1,2002-07-05
3207,679412,1,2004-03-19
3207,1523159,3,2003-12-22
3207,1389265,2,2004-03-02
3207,499718,3,2004-03-05
3207,1679065,4,2004-03-03
3207,1486253,4,2004-06-24
3207,612817,3,2004-09-26
3207,695292,4,2004-11-28
3207,1841855,4,2005-01-04
3207,810678,3,2005-02-08
3207,331716,2,2005-03-31
3207,2114851,4,2005-04-11
3207,656460,4,2005-04-14
3207,119605,4,2005-09-07
3207,1398364,4,2005-09-10
3207,248039,4,2003-08-31
3207,1525381,3,2003-06-18
3207,520854,2,2002-12-28
3207,326121,3,2004-05-09
3207,2644873,5,2003-08-20
3207,2226250,4,2003-12-22
3207,140418,3,2004-03-20
3207,1579413,4,2004-03-12
3207,303948,4,2004-08-22
3207,734508,3,2004-11-21
3207,1063838,3,2005-01-02
3207,281851,5,2005-01-24
3207,1224299,4,2005-02-16
3207,414301,5,2005-02-25
3207,2244849,3,2005-03-28
3207,61274,4,2005-04-18
3207,2030523,5,2005-05-14
3207,2155716,3,2005-05-21
3207,1911422,4,2005-07-06
3207,511340,4,2005-07-17
3207,2463059,3,2004-05-12
3207,1599243,3,2004-07-25
3207,1354067,4,2003-07-16
3207,639194,4,2004-02-28
3207,141745,2,2003-08-26
3207,1861747,3,2003-03-27
3207,1035650,4,2004-07-18
3207,708729,5,2005-08-20
3207,1705674,4,2004-05-09
3207,693964,4,2004-08-30
3207,829455,2,2004-08-22
3207,1033815,4,2004-10-15
3207,125296,2,2004-12-30
3207,1253718,4,2005-09-26
3207,779824,5,2005-11-14
3207,284127,4,2005-11-28
3207,904369,2,2003-09-24
3207,1673185,2,2002-04-26
3207,300146,3,2002-08-30
3207,1273429,5,2005-08-02
3207,1229372,3,2003-06-21
3207,1799495,5,2005-03-20
3207,656167,1,2004-02-22
3207,1119128,3,2004-08-01
3207,2487958,4,2005-03-20
3207,400744,5,2005-11-29
3207,519655,3,2005-12-28
3207,1240047,4,2004-07-10
3207,2186436,3,2004-07-26
3207,1358681,2,2003-10-23
3207,1152116,4,2003-10-30
3207,1314491,5,2003-08-13
3207,2126189,3,2003-08-19
3207,562227,4,2003-11-07
3207,814641,4,2004-01-29
3207,1077945,3,2004-07-22
3207,1295115,4,2004-03-10
3207,1898186,4,2004-07-23
3207,2412030,3,2005-01-20
3207,345925,4,2005-02-10
3207,1963985,5,2005-03-14
3207,2600674,4,2005-04-27
3207,1823259,3,2003-08-14
3207,2065126,5,2002-05-19
3207,929308,3,2003-05-26
3207,1590585,5,2003-05-22
3207,2559157,5,2003-07-05
3207,2061934,4,2004-07-19
3207,2142313,2,2003-09-11
3207,1789176,5,2004-12-22
3207,347629,3,2004-12-28
3207,2630072,3,2005-03-09
3207,2129174,5,2005-04-04
3207,1123943,3,2005-04-13
3207,318449,4,2005-04-28
3207,1391997,4,2005-05-18
3207,1295097,4,2005-06-02
3207,595047,4,2005-09-13
3207,907609,4,2005-11-17
3207,1197064,4,2005-07-08
3207,2133136,5,2005-07-09
3207,910537,2,2005-07-11
3207,1987073,4,2002-06-26
3207,2301393,4,2002-07-05
3207,43751,1,2002-09-03
3207,1664402,5,2005-08-06
3207,317779,4,2002-10-14
3207,131472,4,2004-06-23
3207,1301339,3,2004-09-26
3207,482302,3,2004-11-14
3207,2576875,2,2004-12-19
3207,415890,3,2005-03-10
3207,1956226,3,2005-04-11
3207,1886247,4,2005-04-20
3207,2640964,2,2005-05-10
3207,1928445,3,2005-06-09
3207,1675619,4,2005-09-24
3207,998865,3,2004-03-23
3207,525356,3,2003-08-01
3207,2362548,3,2004-07-07
3207,66109,4,2002-06-28
3207,2102030,3,2003-02-12
3207,49378,3,2005-09-08
3207,1154287,4,2004-09-14
3207,686510,4,2004-04-01
3207,2108745,4,2003-12-29
3207,1466762,5,2004-11-22
3207,1135141,4,2005-01-06
3207,2100684,4,2005-01-28
3207,970115,4,2005-02-16
3207,2528057,5,2005-04-06
3207,391498,2,2005-05-06
3207,801666,3,2005-06-07
3207,1744913,2,2005-09-18
3207,178655,3,2005-10-08
3207,309765,5,2005-11-09
3207,354091,4,2005-11-18
3207,2119007,3,2005-12-06
3207,457565,3,2005-07-19
3207,1509013,4,2002-05-10
3207,2566515,4,2002-06-08
3207,2399595,3,2004-02-14
3207,1629273,3,2002-12-01
3207,582092,5,2003-03-15
3207,807603,4,2003-07-28
3207,1118103,3,2003-06-29
3207,1240814,4,2003-11-10
3207,687579,5,2004-02-08
3207,1453970,5,2004-08-02
3207,1424487,4,2004-10-14
3207,79224,4,2004-11-11
3207,2179904,4,2005-01-07
3207,755319,3,2005-01-23
3207,904434,2,2005-03-24
3207,661407,3,2005-04-10
3207,2116402,5,2005-06-01
3207,466519,3,2005-06-04
3207,2036360,3,2005-06-14
3207,1265763,3,2005-10-25
3207,2059967,4,2005-11-17
3207,1542379,3,2005-11-27
3207,369007,4,2005-07-07
3207,380505,4,2003-08-15
3207,1404669,4,2005-09-07
3207,1721623,1,2004-01-19
3207,2071346,5,2004-03-17
3207,2585094,3,2004-11-21
3207,2263407,3,2004-12-20
3207,244994,4,2005-01-23
3207,1616522,4,2005-02-09
3207,2221143,4,2005-03-01
3207,1083968,2,2005-06-14
3207,424851,5,2005-06-29
3207,1317009,3,2005-09-15
3207,1741099,5,2005-09-23
3207,875163,3,2005-09-28
3207,751396,4,2005-07-08
3207,2393940,4,2005-07-10
3207,319258,5,2003-09-13
3207,569334,3,2003-01-16
3207,1060866,5,2004-01-05
3207,664104,3,2003-12-28
3207,1714902,2,2004-02-21
3207,885087,3,2004-11-29
3207,1297721,4,2005-09-18
3207,1630967,3,2005-10-13
3207,2638586,1,2005-07-14
3207,1593150,5,2005-07-22
3207,966881,4,2003-11-23
3207,2273863,4,2003-07-08
3207,2588432,4,2002-09-22
3207,1573507,3,2003-09-12
3207,569333,4,2003-08-21
3207,1349935,4,2004-01-19
3207,2164850,4,2005-09-07
3207,1696308,5,2005-07-04
3207,1628799,4,2004-01-22
3207,463657,3,2004-03-10
3207,46711,5,2004-02-22
3207,1053405,1,2004-03-23
3207,348336,3,2004-05-04
3207,2223508,5,2004-10-24
3207,1002117,4,2005-03-23
3207,1488193,5,2005-04-09
3207,1636268,5,2005-04-16
3207,2119337,4,2005-06-21
3207,513509,5,2005-07-04
3207,1000678,5,2005-09-15
3207,1666097,4,2005-11-08
3207,365703,4,2005-12-02
3207,1305384,4,2002-11-15
3207,1104894,3,2005-07-18
3207,1023101,3,2003-09-15
3207,1233464,3,2002-08-20
3207,21212,3,2002-08-02
3207,1897909,5,2004-03-18
3207,901520,3,2003-08-11
3207,2608903,4,2003-09-19
3207,787736,3,2003-02-12
3207,921658,4,2004-03-17
3207,53797,5,2004-01-21
3207,829721,3,2004-01-07
3207,2100928,3,2004-02-11
3207,717542,3,2004-09-29
3207,1986255,1,2005-05-12
3207,1252011,3,2005-05-18
3207,2120060,5,2005-07-01
3207,1460659,2,2005-10-04
3207,226434,3,2005-10-08
3207,448201,5,2004-05-08
3207,962384,4,2005-07-24
3207,449335,2,2002-05-10
3207,2014569,4,2003-09-01
3207,2457464,2,2003-08-27
3207,1257939,4,2003-07-02
3207,2465236,5,2004-12-29
3207,1001129,2,2005-01-02
3207,1859573,4,2005-01-25
3207,2539902,5,2005-03-08
3207,2427731,5,2005-09-24
3207,447930,5,2005-09-25
3207,414635,4,2005-10-24
3207,2109296,2,2005-07-20
3207,1220431,3,2003-12-30
3207,2393719,4,2004-03-22
3207,2496628,4,2003-08-22
3207,1106982,1,2003-01-23
3207,868313,3,2004-08-12
3207,503235,2,2004-08-04
3207,2535126,4,2004-08-28
3207,2289273,3,2004-07-05
3207,2561713,4,2004-09-08
3207,565589,5,2004-10-21
3207,2466146,4,2005-02-17
3207,940583,4,2005-02-22
3207,332259,4,2005-03-02
3207,1977612,2,2005-03-06
3207,785031,5,2005-03-21
3207,2112780,4,2005-05-18
3207,1920572,4,2005-06-17
3207,312145,3,2005-09-13
3207,2428013,4,2005-11-06
3207,787968,4,2005-11-12
3207,2001491,3,2004-06-21
3207,313046,4,2002-07-27
3207,411396,5,2001-12-26
3207,1103969,4,2004-11-26
3207,1597177,4,2004-01-03
3207,2026928,3,2005-08-23
3207,1254310,3,2004-02-21
3207,1927580,3,2004-02-03
3207,1696925,3,2004-07-30
3207,1738830,4,2004-12-01
3207,1750443,3,2005-04-03
3207,735635,5,2005-04-20
3207,716874,5,2005-05-06
3207,1009409,3,2005-05-23
3207,2271436,2,2005-05-26
3207,2118374,3,2005-10-01
3207,2443786,3,2005-12-11
3207,2087505,1,2004-05-06
3207,2257122,4,2005-08-02
3207,988602,4,2002-11-20
3207,1954946,5,2004-02-26
3207,2408329,4,2005-08-17
3207,103619,4,2003-08-19
3207,874829,4,2004-03-09
3207,1394466,3,2004-09-30
3207,202667,4,2004-10-08
3207,1091101,3,2004-10-13
3207,2003798,4,2004-10-26
3207,1516910,5,2005-01-30
3207,962868,3,2005-03-12
3207,1474319,3,2005-06-14
3207,1538750,3,2005-06-23
3207,2253160,3,2005-10-31
3207,2571175,5,2005-07-05
3207,2466331,4,2002-06-05
3207,1583994,3,2002-07-31
3207,511655,3,2004-01-08
3207,2547553,1,2005-02-25
3207,2470582,5,2004-06-22
3207,2435371,3,2004-02-01
3207,2575254,2,2004-08-28
3207,1372554,3,2004-05-28
3207,2319621,3,2004-12-18
3207,59913,4,2004-12-21
3207,1091721,4,2005-03-09
3207,2604264,4,2005-04-04
3207,1554241,5,2005-05-04
3207,123707,3,2005-06-19
3207,999527,4,2005-10-07
3207,1280120,4,2005-12-18
3207,742514,5,2003-08-31
3207,727242,3,2003-06-30
3207,659592,3,2002-12-28
3207,1294504,4,2004-01-12
3207,1425875,4,2003-07-26
3207,467160,2,2004-08-24
3207,1208894,4,2003-07-11
3207,1742740,3,2004-03-02
3207,331501,4,2005-08-29
3207,487949,4,2005-09-04
3207,2455846,1,2003-09-19
3207,2398160,5,2004-01-25
3207,795665,4,2004-02-21
3207,1292096,4,2004-07-15
3207,930318,4,2004-11-22
3207,2611980,5,2004-12-13
3207,52029,5,2005-01-12
3207,798407,4,2005-01-13
3207,2438241,5,2005-01-20
3207,1225226,5,2005-02-02
3207,248393,5,2005-02-20
3207,2607256,5,2005-05-19
3207,697456,4,2005-06-07
3207,622473,3,2005-06-14
3207,883478,2,2005-10-09
3207,2059751,5,2005-10-22
3207,1127288,1,2005-12-24
3207,522424,4,2005-12-27
3207,1098790,3,2002-11-23
3207,981593,4,2000-12-20
3207,282953,1,2001-06-20
3207,2402629,3,2003-11-16
3207,269689,5,2003-07-18
3207,1030857,1,2004-03-17
3207,1567202,1,2003-08-15
3207,1018368,4,2004-02-20
3207,153477,4,2004-02-06
3207,1315654,3,2004-12-23
3207,1863224,3,2005-01-12
3207,2525605,4,2005-05-17
3207,939283,3,2005-10-14
3207,746419,3,2005-07-05
3207,1303049,4,2005-07-30
3207,56310,3,2004-08-23
3207,854751,1,2004-02-22
3207,1126513,1,2004-07-26
3207,1563245,3,2004-11-12
3207,1508774,4,2004-12-27
3207,2378867,4,2005-01-06
3207,935673,5,2005-04-12
3207,1371422,3,2005-06-07
3207,1025990,4,2005-11-03
3207,1699240,3,2002-06-10
3207,1272379,1,2002-03-19
3207,1534393,5,2004-09-14
3207,2486574,3,2003-12-18
3207,1750544,3,2003-11-14
3207,1155404,3,2003-02-17
3207,1834347,4,2005-08-18
3207,2237178,4,2005-08-26
3207,1788346,1,2003-05-14
3207,1723590,3,2004-07-21
3207,1435555,3,2004-05-23
3207,2130859,3,2004-12-20
3207,285387,3,2004-12-22
3207,200071,4,2005-04-08
3207,236873,5,2005-09-26
3207,498648,5,2005-10-26
3207,741285,3,2005-11-04
3207,2274775,4,2005-11-09
3207,2474926,3,2005-12-08
3207,2447861,3,2005-02-20
3207,284143,4,2004-09-09
3207,1524855,4,2005-08-10
3207,609087,3,2003-12-09
3207,407948,4,2003-11-04
3207,2604453,5,2004-09-07
3207,20392,5,2004-09-09
3207,259497,4,2004-08-02
3207,2562588,2,2004-01-17
3207,2329026,3,2004-03-26
3207,1637405,3,2004-10-06
3207,1778185,3,2004-12-17
3207,2590475,2,2005-02-01
3207,1848945,2,2005-02-08
3207,1979650,3,2005-02-21
3207,795530,4,2005-11-16
3207,1174770,4,2005-12-02
3207,1792741,5,2000-12-22
3207,2583140,3,2005-01-04
3207,858814,3,2002-05-22
3207,1613617,3,2002-05-28
3207,110288,4,2002-07-11
3207,1098431,3,2003-11-17
3207,1575462,3,2004-02-18
3207,1646449,3,2004-05-09
3207,1391502,3,2004-03-07
3207,2372494,4,2003-10-20
3207,1938313,1,2005-03-20
3207,2079932,4,2005-03-28
3207,2349412,4,2005-04-08
3207,1500614,5,2005-10-03
3207,1362264,4,2005-06-28
3207,1920714,5,2005-09-01
3207,1562770,4,2005-10-13
3207,1004682,4,2005-11-11
3207,2244589,2,2003-11-13
3207,902118,4,2004-04-22
3207,1970207,2,2005-07-12
3207,848872,5,2002-06-24
3207,2005703,5,2003-05-06
3207,1459526,3,2002-10-07
3207,2004274,3,2003-05-13
3207,864172,3,2003-06-26
3207,1703879,3,2004-05-22
3207,441146,5,2004-03-17
3207,2648734,3,2004-03-11
3207,1098465,5,2005-01-28
3207,2243765,3,2005-02-01
3207,1185868,3,2005-04-25
3207,2540418,3,2005-06-13
3207,2278738,4,2005-06-23
3207,1739393,4,2005-10-12
3207,809185,4,2005-11-03
3207,779635,3,2004-03-09
3207,701615,3,2004-02-08
3207,1687310,5,2002-06-05
3207,1418477,4,2003-05-28
3207,1411867,5,2005-08-10
3207,2472069,4,2005-08-30
3207,2005521,3,2003-11-22
3207,104192,4,2004-03-19
3207,1041650,5,2004-10-02
3207,1107220,4,2004-10-27
3207,2447094,4,2004-11-11
3207,952381,3,2005-01-19
3207,851848,3,2005-02-18
3207,586823,3,2005-06-20
3207,2160085,4,2005-09-20
3207,601147,4,2005-10-22
3207,1273296,4,2005-12-05
3207,951618,4,2005-12-21
3207,391799,4,2004-03-16
3207,1664193,4,2005-07-14
3207,2237185,4,2001-12-12
3207,504211,3,2001-12-08
3207,102028,5,2005-07-18
3207,1472871,4,2005-07-19
3207,875720,3,2004-03-05
3207,741851,5,2002-04-18
3207,2054829,3,2003-09-24
3207,1873288,4,2003-10-22
3207,1727342,4,2003-06-14
3207,682873,4,2004-02-23
3207,2557282,4,2004-12-24
3207,1124317,4,2005-02-02
3207,564403,4,2005-04-20
3207,2305963,4,2005-05-23
3207,533017,3,2005-06-08
3207,2115962,5,2005-09-30
3207,1733840,5,2005-10-28
3207,651895,1,2005-11-05
3207,1564978,5,2002-05-16
3207,1207218,3,2003-09-06
3207,1306845,5,2003-04-26
3207,815265,2,2005-08-24
3207,851708,5,2003-04-30
3207,2484944,3,2003-08-26
3207,2062350,5,2003-06-17
3207,386752,4,2003-08-07
3207,965898,3,2003-08-10
3207,963155,4,2003-08-21
3207,493567,4,2004-03-09
3207,1779803,4,2005-05-03
3207,501300,3,2004-10-21
3207,2191924,4,2004-11-09
3207,265012,3,2005-02-23
3207,2014204,4,2005-03-01
3207,2420955,5,2005-03-19
3207,881120,1,2005-04-26
3207,824218,3,2005-09-26
3207,1214382,3,2005-09-28
3207,664203,3,2003-11-04
3207,355612,3,2004-01-09
3207,451291,3,2003-02-13
3207,2379951,5,2003-10-21
3207,2228175,5,2005-08-18
3207,2077168,3,2003-11-25
3207,2630337,3,2005-02-11
3207,1391652,4,2005-03-12
3207,382234,4,2005-03-20
3207,1678903,4,2003-06-11
3207,1463088,3,2003-05-30
3207,2479241,3,2005-07-23
3207,2497321,2,2003-03-25
3207,2439493,1,2003-06-04
3207,2081709,1,2002-07-01
3207,1938009,4,2005-08-08
3207,1065138,3,2004-02-07
3207,1044241,3,2004-03-10
3207,287201,5,2002-11-27
3207,2452476,5,2003-08-18
3207,530789,5,2003-09-16
3207,892278,3,2004-02-14
3207,2599333,3,2004-02-11
3207,1330604,4,2004-03-08
3207,2110744,3,2005-02-25
3207,2042154,5,2005-04-11
3207,374208,3,2005-06-24
3207,2625412,4,2005-11-06
3207,19117,3,2005-11-18
3207,2611681,4,2005-12-05
3207,2602696,5,2005-07-09
3207,1417564,2,2002-12-15
3207,1554248,4,2004-01-15
3207,2589669,2,2004-01-22
3207,1041207,3,2003-01-25
3207,2032298,2,2004-08-23
3207,1637804,4,2005-08-22
3207,1302842,5,2003-09-30
3207,108296,5,2005-09-04
3207,2583311,4,2004-06-24
3207,1310257,5,2004-03-08
3207,1243770,4,2004-08-04
3207,2213300,4,2004-03-09
3207,1113980,5,2004-05-05
3207,1952860,5,2004-09-27
3207,307320,3,2004-09-28
3207,582315,5,2005-01-28
3207,1194759,4,2005-03-04
3207,1997371,3,2005-05-15
3207,1395967,3,2005-06-24
3207,806517,5,2005-09-14
3207,2457153,4,2005-09-19
3207,596550,3,2005-10-17
3207,109022,5,2005-10-28
3207,1996385,4,2005-11-21
3207,39819,3,2002-11-08
3207,1684232,4,2002-04-17
3207,753525,3,2002-07-09
3207,2033466,3,2005-08-04
3207,2563274,3,2004-07-04
3207,807503,2,2004-09-02
3207,116726,3,2003-09-18
3207,2171485,4,2003-12-26
3207,186435,4,2004-04-22
3207,147386,5,2004-09-19
3207,1982022,5,2005-03-11
3207,1208629,5,2005-03-13
3207,1363477,5,2005-04-20
3207,1259082,4,2005-06-01
3207,1688856,3,2005-12-24
3207,1800320,3,2004-04-21
3207,1170481,4,2003-03-12
3207,2507646,4,2003-12-29
3207,212071,4,2003-11-19
3207,1437139,3,2004-01-30
3207,1710493,4,2004-03-24
3207,2567237,4,2003-11-05
3207,969879,3,2004-05-25
3207,2227850,4,2005-03-11
3207,755231,5,2005-05-07
3207,1910320,3,2005-05-19
3207,82020,3,2005-06-11
3207,2269885,5,2005-11-06
3207,162635,4,2005-12-30
3207,1470890,3,2002-11-26
3207,1403975,3,2003-03-13
3207,495294,2,2003-10-27
3207,263150,1,2003-01-05
3207,1545709,4,2001-08-10
3207,173301,3,2002-12-07
3207,1410683,3,2004-01-11
3207,393425,2,2002-08-12
3207,2256454,3,2003-08-26
3207,2014706,2,2003-11-01
3207,1985841,1,2004-01-09
3207,1287203,5,2004-01-10
3207,48746,4,2004-01-30
3207,581893,5,2004-08-27
3207,1846714,5,2004-03-20
3207,1388664,3,2004-09-05
3207,83366,4,2004-10-17
3207,238740,3,2004-10-27
3207,2642209,2,2005-01-25
3207,844935,3,2005-02-11
3207,2403229,4,2005-05-23
3207,2124893,5,2005-05-24
3207,1317648,3,2005-06-03
3207,247846,3,2005-06-11
3207,2549238,3,2005-06-30
3207,419374,4,2005-07-01
3207,614649,4,2005-09-26
3207,585412,5,2005-10-15
3207,1551945,5,2005-11-24
3207,1219833,4,2005-07-12
3207,170539,4,2005-07-17
3207,2451588,3,2003-04-17
3207,735636,4,2002-10-25
3207,2361804,3,2004-03-16
3207,2436738,3,2004-01-12
3207,1041555,4,2004-03-03
3207,2611699,4,2004-08-04
3207,562542,5,2005-08-27
3207,753555,5,2003-07-21
3207,314938,5,2003-12-30
3207,832780,4,2004-04-06
3207,2432893,3,2004-04-03
3207,831494,3,2004-06-25
3207,755200,3,2005-01-31
3207,2102249,3,2005-05-04
3207,1718022,4,2005-09-06
3207,2452817,5,2005-10-15
3207,1003387,4,2005-10-24
3207,2467098,4,2005-11-21
3207,1007517,4,2001-10-08
3207,1570077,4,2001-05-16
3207,57186,3,2001-08-11
3207,1643961,3,2003-07-12
3207,1452454,5,2005-07-22
3207,2419914,3,2003-11-10
3207,1253634,5,2004-07-23
3207,2624179,3,2003-08-18
3207,2513903,4,2004-01-15
3207,523274,5,2004-09-20
3207,1172249,3,2004-11-12
3207,675066,4,2004-12-25
3207,841861,3,2005-01-25
3207,219174,4,2005-02-10
3207,1939431,3,2005-03-02
3207,2505024,3,2005-03-23
3207,1613383,3,2005-03-28
3207,2500866,5,2005-06-22
3207,235185,3,2005-06-29
3207,2101372,4,2005-07-11
3207,918562,2,2001-07-19
3207,1860850,3,2003-12-06
3207,929767,3,2002-08-14
3207,2284673,3,2003-02-12
3207,390831,3,2004-03-30
3207,925446,4,2004-06-02
3207,1516909,4,2003-08-21
3207,415641,3,2004-02-19
3207,797655,5,2004-11-06
3207,634774,3,2004-12-02
3207,681107,1,2004-12-26
3207,1626108,4,2005-01-10
3207,642736,4,2005-02-25
3207,1520104,3,2005-04-03
3207,933416,4,2005-05-21
3207,2144708,4,2005-06-30
3207,2177088,4,2005-10-06
3207,1632784,4,2005-11-28
3207,340578,5,2005-12-05
3207,2379591,5,2005-12-21
3207,760837,4,2003-09-02
3207,2034970,3,2003-08-12
3207,2509644,5,2003-08-13
3207,1342495,4,2005-07-19
3207,415707,5,2005-07-23
3207,123384,5,2003-01-23
3207,235553,4,2004-02-07
3207,633722,5,2004-02-09
3207,684876,4,2004-05-04
3207,1181865,4,2004-09-24
3207,1212955,3,2004-11-01
3207,742595,4,2004-12-10
3207,1692674,4,2004-12-23
3207,198978,3,2005-01-04
3207,1609042,5,2005-02-27
3207,216048,3,2005-03-02
3207,1928290,1,2005-04-12
3207,245765,4,2005-04-21
3207,1535806,3,2005-05-16
3207,1677263,3,2005-12-08
3207,2034262,3,2005-12-19
3207,2138928,4,2003-10-23
3207,1885054,4,2003-07-27
3207,2316786,3,2004-03-31
3207,1104997,4,2003-09-09
3207,1642939,4,2004-03-15
3207,1001689,3,2003-07-08
3207,288343,4,2004-01-27
3207,2370179,1,2004-02-11
3207,1553204,3,2004-05-26
3207,2403539,4,2004-03-05
3207,2602886,3,2004-08-12
3207,2407276,2,2004-09-20
3207,1462799,4,2004-10-26
3207,302344,3,2005-02-01
3207,2492154,3,2005-04-19
3207,1519636,3,2005-05-13
3207,1093685,3,2005-07-11
3207,2537719,3,2004-07-13
3207,871168,5,2005-07-19
3207,1144139,3,2002-07-19
3207,1456837,3,2002-07-23
3207,1771252,3,2003-07-19
3207,460526,3,2003-11-19
3207,2124333,2,2003-06-23
3207,2216321,4,2005-08-27
3207,168741,5,2004-01-07
3207,550309,3,2003-09-17
3207,1946893,3,2003-11-30
3207,2512828,1,2003-09-27
3207,1599651,3,2004-03-10
3207,1961138,3,2004-04-06
3207,814304,4,2004-10-09
3207,2588510,4,2004-10-18
3207,2630040,2,2005-02-25
3207,350246,1,2005-03-03
3207,2406766,2,2005-06-26
3207,1607747,4,2005-09-09
3207,1723056,4,2005-11-08
3207,2023244,3,2005-11-22
3207,1225150,3,2005-07-05
3207,48915,3,2005-07-06
3207,2482831,3,2003-09-02
3207,707434,4,2003-09-14
3207,514829,2,2003-03-16
3207,1091113,1,2003-12-15
3207,302425,4,2004-02-24
3207,1717288,5,2003-12-28
3207,433126,3,2003-08-12
3207,1778733,4,2004-03-24
3207,47589,5,2004-09-06
3207,709733,3,2003-11-19
3207,684056,2,2004-03-28
3207,1093731,1,2004-11-21
3207,767590,4,2005-01-04
3207,316752,3,2005-01-29
3207,371868,4,2005-02-23
3207,1531029,2,2005-02-23
3207,2120990,4,2005-03-01
3207,1461113,3,2005-05-19
3207,2038701,3,2005-05-29
3207,951113,3,2005-06-28
3207,1054140,3,2005-09-13
3207,46283,4,2005-10-08
3207,215945,3,2005-11-02
3207,1514100,1,2005-11-08
3207,871108,4,2005-11-21
3207,519744,4,2003-03-12
3207,1189914,4,2005-07-29
3207,1750738,3,2004-03-26
3207,1110156,4,2004-02-06
3207,2357964,5,2005-08-25
3207,1511780,3,2005-09-05
3207,297742,2,2004-07-24
3207,2055615,3,2004-09-26
3207,659029,2,2004-12-08
3207,226696,3,2005-01-07
3207,1473595,3,2005-02-17
3207,2536523,5,2005-04-21
3207,959443,5,2005-05-09
3207,515441,3,2005-05-16
3207,62060,3,2005-10-24
3207,2346063,4,2005-11-15
3207,605663,5,2005-11-26
3207,2153742,4,2004-09-12
3207,638231,4,2005-07-22
3207,1185461,3,2003-09-18
3207,151136,5,2003-08-15
3207,1450558,4,2004-02-07
3207,1574068,4,2004-06-24
3207,1150282,1,2005-08-20
3207,921783,4,2003-05-01
3207,2120332,3,2004-01-21
3207,1521657,4,2004-02-10
3207,2132651,5,2004-03-06
3207,2529103,4,2004-11-01
3207,661551,3,2004-12-07
3207,2641735,5,2004-12-15
3207,1251567,4,2005-03-16
3207,1759382,3,2005-04-07
3207,2262169,2,2005-06-30
3207,1734758,3,2005-10-12
3207,71541,5,2005-10-17
3207,1125499,4,2003-12-29
3207,1677522,3,2005-07-19
3207,1065000,4,2005-07-19
3207,1764821,3,2002-06-16
3207,516559,4,2003-07-16
3207,1753346,2,2002-11-08
3207,340807,3,2003-08-12
3207,1449358,1,2003-10-28
3207,2537502,4,2004-03-14
3207,1471282,2,2004-01-18
3207,486957,5,2004-06-02
3207,2070798,4,2004-03-28
3207,2128219,4,2004-05-21
3207,297655,4,2004-12-27
3207,2139059,3,2005-03-28
3207,2195297,3,2005-05-28
3207,1092189,4,2005-09-24
3207,2227388,4,2005-10-11
3207,232421,4,2005-11-30
3207,2436281,2,2005-12-29
3207,1709795,5,2005-07-15
3207,900303,4,2004-01-13
3207,2621150,4,2001-08-08
3207,1923652,3,2004-06-04
3207,1308854,2,2004-02-04
3207,268739,4,2004-03-07
3207,1364878,4,2004-06-27
3207,2010211,4,2005-08-22
3207,1691661,3,2003-10-27
3207,2360101,3,2004-02-29
3207,927777,4,2004-08-26
3207,1901351,3,2004-12-27
3207,249000,3,2005-01-02
3207,1218586,3,2005-03-13
3207,376992,4,2005-06-10
3207,1178902,5,2005-11-29
3207,1371678,3,2005-06-28
3207,55645,4,2005-06-28
3207,1842274,4,2005-09-09
3207,682418,3,2005-09-18
3207,966833,2,2005-10-04
3207,2260496,1,2005-11-08
3207,2500343,5,2005-11-18
3207,1433547,4,2004-08-27
3207,1205651,4,2004-05-27
3207,1708361,4,2003-08-02
3207,2494808,4,2003-07-14
3207,2334219,4,2004-02-19
3207,1939029,3,2003-09-01
3207,1571299,4,2004-02-12
3207,1704440,4,2004-10-21
3207,159768,3,2004-11-23
3207,2446875,2,2005-01-27
3207,291503,5,2005-02-13
3207,1299817,4,2005-03-03
3207,1227603,4,2005-05-10
3207,2266403,5,2005-10-03
3207,568605,5,2005-10-03
3207,874505,5,2005-10-04
3207,7613,4,2005-10-13
3207,1210601,4,2005-11-01
3207,1512017,4,2002-02-16
3207,2463416,4,2002-04-15
3207,454878,4,2003-09-22
3207,98586,3,2003-12-07
3207,401666,4,2005-09-02
3207,1290262,3,2005-09-05
3207,270890,5,2004-03-12
3207,508852,3,2004-03-15
3207,818752,2,2004-03-30
3207,615743,4,2004-03-27
3207,1450970,4,2004-07-23
3207,867268,5,2004-10-11
3207,503356,3,2004-11-16
3207,2257488,3,2004-11-22
3207,2447492,5,2004-12-19
3207,2380197,2,2005-02-05
3207,2151105,5,2005-05-18
3207,294786,5,2005-06-02
3207,2406201,3,2005-11-28
3207,1321198,2,2005-12-08
3207,1883039,4,2005-07-09
3207,577002,3,2004-03-14
3207,2304665,5,2002-09-20
3207,651661,4,2004-04-19
3207,1433573,3,2002-06-26
3207,165060,3,2004-06-18
3207,2279052,2,2003-09-03
3207,2388831,3,2003-10-28
3207,2267838,3,2004-03-31
3207,963383,3,2003-08-27
3207,2483185,4,2004-06-08
3207,812527,3,2004-10-15
3207,1293625,3,2004-11-30
3207,1677064,3,2005-04-13
3207,167100,4,2005-04-28
3207,2187693,5,2005-06-05
3207,2035357,4,2005-11-07
3207,2570169,3,2005-12-04
3207,1267957,3,2005-12-09
3207,1338746,3,2003-09-10
3207,676123,4,2002-09-11
3207,726472,5,2004-03-30
3207,1797985,2,2003-11-11
3207,2647976,4,2004-02-22
3207,1775284,5,2004-08-13
3207,2555117,4,2004-11-27
3207,1888846,5,2005-02-18
3207,82369,4,2005-03-22
3207,417597,4,2005-05-27
3207,761458,3,2005-06-30
3207,1579898,3,2005-10-03
3207,972914,5,2005-07-13
3207,225267,4,2004-03-08
3207,719755,3,2005-08-24
3207,1919269,3,2003-06-08
3207,2288257,3,2005-09-20
3207,948361,5,2003-10-20
3207,1790422,5,2004-01-08
3207,953011,3,2004-02-11
3207,179701,3,2004-02-29
3207,2457095,3,2004-03-18
3207,945673,3,2004-09-11
3207,642537,2,2005-03-23
3207,155064,3,2005-05-16
3207,1315827,5,2005-05-23
3207,1659896,4,2005-05-30
3207,2377860,4,2005-07-10
3207,2375710,4,2003-05-19
3207,1809161,5,2004-07-24
3207,1876520,2,2002-05-06
3207,2394481,4,2005-07-30
3207,852683,4,2004-02-18
3207,414243,4,2004-02-20
3207,2486584,4,2004-02-13
3207,697116,4,2004-12-15
3207,804602,3,2005-04-03
3207,1262327,5,2005-04-26
3207,2413875,3,2005-05-21
3207,1754594,3,2005-06-17
3207,1268091,5,2005-06-18
3207,771921,4,2005-10-18
3207,1170779,4,2005-11-17
3207,2160527,3,2005-07-16
3207,2596426,3,2002-04-29
3207,2541385,4,2001-11-08
3207,471177,3,2004-08-09
3207,515899,5,2002-06-21
3207,1865846,3,2002-06-18
3207,996938,4,2005-08-24
3207,2595011,3,2004-01-23
3207,622934,5,2004-01-08
3207,1389967,3,2004-01-22
3207,2528685,4,2004-03-04
3207,1024768,4,2004-10-19
3207,1267292,1,2004-12-07
3207,829192,4,2005-02-14
3207,2219036,4,2005-02-15
3207,1974577,4,2005-04-01
3207,16397,4,2005-10-09
3207,673967,3,2005-11-15
3207,2011258,4,2003-04-25
3207,52008,5,2004-03-05
3207,2233998,5,2002-12-09
3207,1607669,5,2003-12-17
3207,1060892,3,2004-02-04
3207,364618,4,2004-08-27
3207,327064,4,2003-12-23
3207,1564226,1,2003-12-19
3207,1110014,3,2004-02-21
3207,1796052,5,2004-03-16
3207,2431452,3,2004-07-20
3207,1492505,3,2004-10-03
3207,2065164,3,2005-02-02
3207,2336739,3,2005-07-03
3207,1738642,4,2005-09-30
3207,53420,5,2005-10-06
3207,425571,4,2005-10-10
3207,1873499,4,2005-11-07
3207,1080272,4,2005-11-10
3207,2044878,5,2005-11-30
3207,1437304,4,2005-12-05
3207,1308236,3,2003-10-24
3207,1730942,3,2005-07-12
3207,2247045,3,2005-07-14
3207,264725,3,2002-05-24
3207,1827091,3,2003-03-07
3207,191545,5,2002-05-29
3207,2550506,3,2005-02-20
3207,1871337,3,2004-05-05
3207,2344985,4,2005-08-21
3207,2291589,3,2004-08-17
3207,1536111,4,2004-01-07
3207,2467796,4,2004-02-28
3207,735400,3,2005-02-08
3207,1994064,3,2005-05-29
3207,1036350,3,2005-06-17
3207,1709466,5,2005-07-02
3207,62655,4,2005-09-22
3207,2613898,5,2005-11-09
3207,415033,1,2005-07-07
3207,181592,4,2002-05-04
3207,1982727,5,2004-03-14
3207,661089,5,2002-05-11
3207,496436,1,2002-07-02
3207,783585,3,2003-08-19
3207,1419757,4,2003-05-12
3207,1126546,3,2005-08-19
3207,1954365,4,2004-05-17
3207,2479060,3,2004-04-21
3207,193953,5,2004-09-20
3207,1525786,3,2004-09-20
3207,760481,3,2004-11-24
3207,1951053,3,2004-11-24
3207,482999,4,2004-12-07
3207,2589623,5,2005-04-04
3207,1165576,4,2005-05-13
3207,1254857,5,2005-10-03
3207,1863578,4,2005-10-21
3207,440463,3,2005-12-12
3207,2598018,4,2004-02-16
3207,330802,2,2001-08-03
3207,633292,2,2004-02-04
3207,1249692,5,2002-04-15
3207,2214348,3,2003-01-13
3207,2493673,3,2002-08-22
3207,1973503,3,2003-12-03
3207,2434289,5,2003-11-23
3207,2195549,4,2004-12-08
3207,680777,5,2004-12-19
3207,854081,5,2005-02-15
3207,1642715,4,2005-02-16
3207,738390,4,2005-03-20
3207,1636375,5,2005-03-21
3207,2019936,3,2005-04-11
3207,2495474,3,2005-04-19
3207,93908,5,2005-04-28
3207,2590515,4,2005-05-26
3207,186101,3,2005-06-10
3207,1478291,4,2005-06-24
3207,1824433,3,2005-09-07
3207,352163,4,2005-10-17
3207,1784276,3,2005-11-10
3207,1287892,3,2001-08-15
3207,859358,3,2003-10-30
3207,1350128,4,2004-03-12
3207,10733,2,2002-01-23
3207,1916870,4,2002-06-14
3207,2494753,4,2004-03-09
3207,1933151,5,2004-02-22
3207,1792303,3,2004-09-01
3207,1238044,3,2004-03-19
3207,2277140,5,2004-10-07
3207,206243,4,2004-11-02
3207,1322721,3,2004-12-14
3207,794387,3,2005-02-10
3207,805209,4,2005-02-22
3207,735278,3,2005-03-22
3207,2256572,5,2005-03-25
3207,385974,4,2005-04-06
3207,1033355,5,2005-06-14
3207,991055,4,2005-09-23
3207,497900,5,2005-11-06
3207,2616210,4,2005-11-19
3207,1345374,4,2005-11-29
3207,205328,5,2005-12-01
3207,1005606,4,2003-06-18
3207,776838,5,2001-11-29
3207,1304014,5,2003-08-29
3207,501420,3,2005-08-01
3207,787220,3,2005-08-01
3207,2053378,3,2003-07-15
3207,1862017,4,2003-02-14
3207,1312530,3,2005-08-30
3207,752094,3,2003-09-02
3207,289953,4,2004-01-03
3207,173211,5,2004-01-23
3207,2214306,4,2004-01-11
3207,1602339,5,2004-02-03
3207,541406,3,2004-03-01
3207,1268483,5,2004-10-29
3207,198845,4,2004-11-03
3207,115055,3,2004-11-18
3207,2307327,2,2004-12-21
3207,118314,4,2005-03-09
3207,547375,4,2005-03-14
3207,653361,3,2005-03-28
3207,1949422,4,2005-05-26
3207,890518,4,2005-06-01
3207,864528,4,2005-06-20
3207,54864,4,2003-09-02
3207,998502,2,2003-11-19
3207,1222126,1,2004-08-14
3207,1764570,3,2004-01-12
3207,1390001,4,2003-11-07
3207,1558294,5,2002-06-03
3207,1135948,3,2002-07-06
3207,2091943,2,2004-08-05
3207,1445695,2,2004-06-26
3207,2108491,4,2004-08-04
3207,1564095,3,2004-12-06
3207,2475084,3,2005-03-24
3207,914155,5,2005-03-26
3207,875876,3,2005-04-22
3207,230813,4,2005-05-24
3207,1641091,4,2005-05-31
3207,275803,5,2005-10-27
3207,1442187,3,2005-11-04
3207,1368295,1,2005-11-21
3207,432259,4,2003-07-17
3207,1892050,4,2002-06-01
3207,1319658,3,2004-01-18
3207,226282,3,2004-09-21
3207,1417406,2,2004-12-02
3207,1274599,4,2004-12-24
3207,917142,4,2005-01-19
3207,65218,3,2005-02-11
3207,1172980,4,2005-04-01
3207,507603,1,2005-04-06
3207,116018,1,2005-10-08
3207,483125,4,2005-10-14
3207,1305910,3,2005-10-17
3207,479934,1,2005-12-04
3207,1798346,3,2005-12-07
3207,2199182,2,2003-12-22
3207,1943141,4,2003-08-18
3207,972616,3,2004-01-09
3207,2641668,3,2002-08-14
3207,2570444,1,2003-10-28
3207,1248774,4,2002-12-24
3207,2593402,3,2003-12-08
3207,2194079,2,2003-11-17
3207,1180319,3,2003-11-02
3207,1396976,4,2003-11-30
3207,182761,4,2004-07-08
3207,2210272,4,2004-08-29
3207,1035256,3,2004-09-13
3207,1368751,3,2004-11-07
3207,1068988,2,2005-01-22
3207,111945,3,2005-03-17
3207,1592922,4,2005-05-11
3207,1018303,4,2005-06-01
3207,707136,5,2005-06-01
3207,2268851,4,2005-06-30
3207,1873315,4,2004-01-11
3207,1680684,3,2003-11-04
3207,2120864,4,2002-06-12
3207,1377107,5,2004-03-10
3207,1106518,2,2004-01-28
3207,2630042,3,2005-09-08
3207,776385,5,2004-06-24
3207,1385808,4,2004-02-20
3207,68384,4,2004-12-23
3207,903036,2,2005-01-25
3207,2079959,3,2005-02-14
3207,1165236,4,2005-03-24
3207,1333047,3,2005-07-07
3207,166980,4,2003-12-13
3207,1914553,3,2002-05-13
3207,584437,4,2003-05-16
3207,2637187,5,2003-05-26
3207,2166018,3,2005-08-26
3207,1585971,3,2005-10-31
3207,1371031,4,2003-11-16
3207,2586843,1,2003-12-28
3207,2387205,4,2004-01-21
3207,680736,3,2005-03-07
3207,929600,3,2004-10-08
3207,2191370,5,2004-10-08
3207,976668,3,2004-10-19
3207,2082318,4,2004-11-26
3207,1813526,2,2004-12-10
3207,1405395,3,2005-01-29
3207,961326,3,2005-02-25
3207,2524668,4,2005-02-26
3207,661770,4,2005-04-06
3207,2568619,5,2005-06-27
3207,1568928,3,2005-06-30
3207,1332585,3,2005-09-09
3207,390062,3,2005-10-22
3207,1485134,4,2005-10-28
3207,1935937,5,2005-11-03
3207,1044742,5,2005-11-10
3207,2252455,4,2001-07-30
3207,2341852,4,2001-12-28
3207,49811,4,2004-03-14
3207,198393,3,2003-06-06
3207,1501018,3,2004-05-29
3207,941431,4,2004-08-12
3207,1715879,3,2004-09-12
3207,403674,4,2005-02-07
3207,2055550,3,2005-03-02
3207,1226040,4,2005-03-31
3207,1043901,3,2005-06-16
3207,830052,2,2005-10-21
3207,2083367,3,2002-11-13
3207,2260832,3,2004-07-07
3207,1140255,5,2003-11-04
3207,729527,3,2005-08-26
3207,2250323,3,2003-07-02
3207,793113,3,2003-09-01
3207,727412,4,2004-02-23
3207,1035300,3,2004-04-07
3207,1095931,1,2004-01-18
3207,2429626,3,2004-01-28
3207,2012052,3,2004-02-18
3207,466763,4,2004-03-21
3207,859453,3,2004-10-19
3207,2005929,4,2004-12-06
3207,1067889,1,2005-01-25
3207,2513450,3,2005-02-08
3207,1187267,4,2005-03-09
3207,2616615,4,2005-04-25
3207,1484218,5,2005-05-05
3207,320314,4,2005-05-17
3207,1223966,5,2005-06-02
3207,2532402,5,2005-09-13
3207,437371,5,2005-10-11
3207,117507,5,2005-11-04
3207,348723,4,2005-11-17
3207,2557316,5,2002-03-24
3207,1131957,4,2005-07-25
3207,616131,2,2005-07-25
3207,2024669,5,2004-12-04
3207,1218908,3,2002-06-20
3207,602915,1,2003-08-12
3207,1615982,4,2003-08-24
3207,675283,2,2003-09-22
3207,721591,4,2004-01-07
3207,1818059,3,2003-09-30
3207,2470885,5,2004-04-05
3207,1143750,1,2004-05-07
3207,1523524,3,2004-03-16
3207,1466434,3,2004-01-09
3207,2549746,2,2004-05-09
3207,599480,3,2004-03-18
3207,1429452,4,2004-08-13
3207,1076737,1,2004-08-26
3207,1640380,4,2004-10-28
3207,2030769,4,2005-03-10
3207,2176744,3,2005-05-13
3207,1808690,5,2005-06-30
3207,1568315,4,2005-08-31
3207,2597087,5,2005-09-27
3207,2281332,4,2005-10-22
3207,2141312,3,2005-12-01
3207,1808587,4,2005-12-31
3207,2514291,3,2005-07-08
3207,511460,5,2005-07-13
3207,1914623,5,2005-07-23
3207,879858,4,2002-10-29
3207,132659,4,2003-04-18
3207,1819620,4,2003-07-29
3207,731592,3,2003-10-20
3207,327249,3,2003-11-23
3207,979865,1,2004-02-03
3207,659526,1,2004-04-21
3207,896309,5,2004-02-02
3207,2436211,3,2004-03-02
3207,106336,5,2004-11-11
3207,417876,3,2004-11-23
3207,578676,3,2004-12-07
3207,2398368,3,2005-02-15
3207,1900307,4,2005-10-10
3207,2322711,4,2005-11-14
3207,1938613,5,2005-07-11
3207,1964447,2,2003-08-18
3207,444991,3,2003-08-09
3207,2162803,4,2003-07-28
3207,961346,4,2003-11-01
3207,84392,4,2003-08-19
3207,274191,3,2004-01-29
3207,2299517,4,2003-10-31
3207,2241714,3,2003-11-22
3207,377937,5,2004-02-24
3207,854282,3,2004-07-27
3207,2585112,3,2004-08-30
3207,578526,5,2004-09-20
3207,2308200,2,2004-10-06
3207,1551682,5,2004-10-29
3207,962537,4,2005-02-10
3207,2141105,4,2005-04-16
3207,2362712,5,2005-05-29
3207,2466211,4,2005-06-15
3207,2114723,4,2005-09-20
3207,2604442,3,2005-10-01
3207,63025,2,2005-11-14
3207,451309,5,2005-12-21
3207,388586,4,2005-12-26
3207,1631087,4,2005-07-18
3207,830131,5,2004-03-04
3207,1864127,5,2002-10-09
3207,726079,4,2005-09-10
3207,90332,4,2003-12-29
3207,2526370,5,2004-05-06
3207,900992,4,2004-09-27
3207,1802288,4,2004-11-04
3207,10971,4,2004-11-23
3207,108412,4,2004-12-02
3207,304615,4,2005-04-06
3207,818416,3,2005-06-13
3207,1071050,5,2005-10-06
3207,1840174,5,2005-12-07
3207,2115386,4,2002-07-10
3207,1979432,3,2002-11-02
3207,2291448,4,2004-08-10
3207,1532220,4,2003-12-04
3207,957286,3,2004-03-09
3207,2074931,4,2004-06-25
3207,2311679,1,2004-08-25
3207,1945493,3,2004-10-17
3207,1349613,4,2005-01-30
3207,1608318,4,2005-03-11
3207,1112415,3,2005-03-09
3207,1136740,5,2005-03-19
3207,1364443,2,2005-04-22
3207,1096854,3,2005-06-13
3207,1664010,5,2005-10-12
3207,708295,3,2005-11-17
3207,978119,5,2005-12-20
3207,1902838,2,2001-06-04
3207,2503583,5,2003-09-06
3207,152244,3,2004-01-09
3207,1691072,3,2004-07-07
3207,238536,4,2001-12-25
3207,302705,5,2005-07-24
3207,135657,3,2003-01-07
3207,2446442,4,2004-01-17
3207,2023907,5,2004-01-19
3207,1757451,5,2004-09-10
3207,1018465,4,2004-09-10
3207,1247866,3,2004-12-24
3207,1968542,1,2005-01-13
3207,695590,4,2005-01-31
3207,240342,4,2005-02-22
3207,2101762,4,2005-04-06
3207,1707368,2,2005-05-12
3207,2276333,3,2005-06-07
3207,789935,5,2005-06-13
3207,1186815,2,2003-08-28
3207,2122850,3,2004-08-04
3207,1445641,3,2002-12-20
3207,689956,3,2005-08-22
3207,487164,4,2005-08-29
3207,246569,4,2003-12-10
3207,1042926,3,2004-04-01
3207,45018,1,2005-03-02
3207,2157606,4,2005-05-29
3207,2189638,3,2005-09-11
3207,928181,5,2005-10-01
3207,1062213,5,2005-10-12
3207,1109767,3,2005-12-19
3207,895587,5,2005-12-28
3207,109541,3,2003-11-25
3207,1181609,4,2004-08-04
3207,2453024,5,2005-08-01
3207,2561618,3,2004-08-09
3207,1100241,3,2003-12-30
3207,2017649,5,2004-03-25
3207,81105,5,2003-09-17
3207,703919,4,2003-10-26
3207,344411,1,2004-07-20
3207,2615488,2,2004-03-26
3207,1049315,5,2004-07-29
3207,507094,3,2004-08-27
3207,431373,5,2004-11-08
3207,500016,4,2005-01-03
3207,1941944,3,2005-03-01
3207,686267,3,2005-03-14
3207,1543787,5,2005-03-28
3207,2573624,3,2005-04-26
3207,52100,5,2005-09-22
3207,1769167,3,2005-10-19
3207,1325084,5,2004-02-16
3207,1825875,4,2004-07-12
3207,527592,4,2004-01-01
3207,2256295,4,2003-06-02
3207,2404142,1,2003-09-12
3207,1004790,4,2005-08-24
3207,1848303,4,2004-01-07
3207,192899,3,2004-05-10
3207,437286,4,2004-09-21
3207,210490,3,2004-11-17
3207,740515,5,2005-01-19
3207,1591522,4,2005-04-04
3207,1214824,4,2005-04-19
3207,2442369,4,2005-05-09
3207,50669,4,2005-06-09
3207,566847,3,2005-06-13
3207,1141580,4,2005-09-06
3207,1425787,4,2005-10-21
3207,1559855,5,2005-12-06
3207,505260,3,2004-06-24
3207,586746,3,2002-11-02
3207,1421905,3,2004-09-14
3207,2183793,3,2003-07-23
3207,788296,4,2003-09-15
3207,2264014,3,2004-01-12
3207,63452,2,2004-01-27
3207,265848,4,2004-07-17
3207,459506,3,2004-10-13
3207,753107,5,2004-11-02
3207,10901,5,2005-01-03
3207,313335,5,2005-01-23
3207,1821320,3,2005-02-01
3207,379499,4,2005-02-03
3207,1056324,4,2005-02-04
3207,247474,3,2005-02-27
3207,2158888,4,2005-03-11
3207,633786,4,2005-03-16
3207,1333598,5,2005-05-14
3207,1059581,3,2005-06-15
3207,301272,4,2005-06-22
3207,644058,5,2005-06-30
3207,1003703,3,2005-09-27
3207,1010643,4,2005-09-29
3207,1217689,4,2002-11-08
3207,1811303,3,2005-07-12
3207,462171,3,2002-06-29
3207,1421498,4,2003-06-11
3207,7063,4,2003-12-21
3207,1605212,3,2002-07-13
3207,1044269,3,2004-03-25
3207,1181785,5,2004-03-21
3207,1889206,5,2004-08-13
3207,2246110,3,2005-02-01
3207,2354125,2,2005-03-08
3207,2297136,1,2005-03-15
3207,631455,4,2005-06-06
3207,1772365,5,2005-10-14
3207,978011,4,2005-10-18
3207,441442,5,2005-12-13
3207,895105,3,2005-12-19
3207,1405793,4,2005-07-19
3207,1266151,4,2003-05-29
3207,594196,3,2004-03-19
3207,1607449,3,2005-08-30
3207,877394,2,2003-10-21
3207,2382660,4,2003-08-12
3207,1903095,4,2004-01-15
3207,1394012,4,2005-10-11
3207,951578,4,2004-12-02
3207,921166,5,2004-12-22
3207,1423668,4,2005-01-24
3207,2099780,3,2005-02-10
3207,1636145,4,2005-03-15
3207,1711751,3,2005-06-02
3207,1096550,5,2005-06-19
3207,552576,4,2005-09-20
3207,1525212,3,2005-09-29
3207,1383897,5,2005-10-26
3207,1930208,5,2005-11-23
3207,371534,4,2005-07-11
3207,2160576,3,2002-04-20
3207,2617170,4,2002-02-17
3207,1156403,4,2003-09-19
3207,879487,3,2004-08-06
3207,2386977,3,2003-07-02
3207,542717,2,2004-01-13
3207,1435891,3,2004-02-27
3207,1725519,5,2004-02-11
3207,187601,4,2004-03-30
3207,1824028,4,2004-08-30
3207,861532,4,2004-11-05
3207,136058,3,2004-12-30
3207,651691,4,2005-02-09
3207,213980,4,2005-03-10
3207,2467270,3,2005-03-14
3207,2320566,4,2005-05-27
3207,2500738,5,2005-09-23
3207,349753,2,2005-11-29
3207,5987,4,2005-12-18
3207,1694819,4,2005-12-25
3207,730340,3,2004-12-05
3207,1077173,5,2002-12-28
3207,339082,4,2002-08-21
3207,2346644,5,2005-07-21
3207,2392201,5,2005-07-21
3207,2283695,3,2002-08-16
3207,1484378,4,2004-08-02
3207,2353512,4,2004-03-14
3207,1281153,5,2005-08-31
3207,2588413,4,2005-09-08
3207,1225824,4,2004-05-07
3207,781303,2,2004-09-07
3207,2509048,4,2004-03-14
3207,795536,4,2004-12-07
3207,2042548,4,2004-12-20
3207,2259960,5,2005-01-29
3207,548587,3,2005-02-09
3207,1460776,3,2005-02-21
3207,282102,4,2005-06-04
3207,2648878,2,2005-06-30
3207,1876896,4,2005-09-15
3207,693809,4,2005-09-29
3207,115937,3,2005-11-10
3207,840763,3,2002-05-23
3207,831439,3,2004-02-07
3207,286684,2,2002-10-29
3207,992021,3,2003-11-05
3207,2527555,3,2004-07-25
3207,564084,4,2002-08-20
3207,1219733,3,2004-02-17
3207,1780281,3,2003-09-06
3207,1441651,3,2004-03-26
3207,1260710,4,2003-09-01
3207,2631565,3,2004-07-18
3207,367587,2,2005-08-21
3207,2596779,3,2003-10-24
3207,2514777,1,2003-11-20
3207,779811,3,2004-03-02
3207,2315691,4,2004-03-14
3207,611611,3,2004-03-22
3207,760211,5,2004-07-07
3207,1365508,4,2004-12-13
3207,1801452,2,2005-02-23
3207,105150,5,2005-03-05
3207,738747,3,2005-03-15
3207,1743210,5,2005-04-09
3207,1117152,5,2005-04-27
3207,16051,3,2005-05-24
3207,977681,4,2005-07-04
3207,2337556,3,2005-10-01
3207,875231,4,2005-11-07
3207,993550,3,2005-07-18
3207,920168,3,2004-03-08
3207,709968,4,2003-09-02
3207,977733,5,2001-12-28
3207,1393600,1,2004-03-10
3207,718474,4,2002-05-05
3207,2082065,4,2003-05-26
3207,1478942,5,2004-05-28
3207,801569,5,2003-11-19
3207,279966,4,2004-06-23
3207,1502298,5,2003-08-18
3207,2611944,4,2003-08-21
3207,2330048,5,2003-12-21
3207,2037342,5,2004-07-26
3207,381828,2,2004-07-01
3207,2036646,3,2004-11-06
3207,1143068,5,2004-11-08
3207,440708,4,2004-12-30
3207,1227773,3,2005-03-11
3207,896169,1,2005-03-28
3207,1515249,4,2005-06-11
3207,2246248,3,2005-11-06
3207,1049142,5,2005-07-07
3207,2078967,4,2003-09-09
3207,862040,3,2002-06-10
3207,1938792,2,2003-05-06
3207,1776249,4,2002-06-26
3207,243612,3,2002-09-11
3207,1747894,3,2003-06-21
3207,432130,2,2004-02-08
3207,2343409,3,2003-12-01
3207,1072481,3,2004-03-26
3207,349060,5,2004-04-01
3207,1094767,4,2004-12-19
3207,1871161,2,2004-12-27
3207,1886300,3,2005-01-30
3207,2105883,5,2005-02-04
3207,1301819,3,2005-03-03
3207,1720844,5,2005-05-09
3207,2115643,5,2005-09-29
3207,972267,4,2005-12-22
3207,2132950,4,2005-07-06
3207,1820824,3,2003-07-31
3207,2585863,3,2002-12-15
3207,87817,4,2001-08-14
3207,1370666,3,2002-04-27
3207,1298511,3,2002-04-17
3207,184888,3,2002-04-29
3207,1535722,5,2005-03-26
3207,1662724,2,2003-09-23
3207,632738,4,2003-08-12
3207,679429,5,2004-12-04
3207,451263,4,2004-03-21
3207,694620,3,2004-08-01
3207,140601,3,2004-06-07
3207,1954981,5,2004-02-22
3207,1527900,5,2004-07-28
3207,1656593,3,2004-10-14
3207,1213511,3,2004-12-13
3207,1558888,2,2005-01-04
3207,693527,1,2005-01-31
3207,994778,5,2005-04-14
3207,1935592,4,2005-04-21
3207,897867,4,2005-04-28
3207,2563601,3,2005-09-27
3207,1936078,3,2005-11-17
3207,1177848,4,2005-12-08
3207,2459229,4,2003-05-24
3207,1631054,3,2005-07-18
3207,1620181,4,2004-03-06
3207,1820370,3,2005-08-07
3207,719294,4,2003-10-31
3207,1987233,4,2003-01-14
3207,189387,3,2004-09-14
3207,69894,3,2003-07-17
3207,946335,4,2003-06-01
3207,2271702,4,2003-09-17
3207,545699,4,2003-11-11
3207,525071,1,2004-02-27
3207,2167190,5,2004-07-05
3207,1218115,1,2004-02-27
3207,1734670,3,2004-02-14
3207,2161315,5,2004-09-14
3207,533713,3,2004-08-15
3207,940516,3,2004-05-22
3207,2428423,2,2004-08-18
3207,1629440,5,2004-10-02
3207,225972,3,2004-10-27
3207,1833882,3,2005-01-23
3207,194373,4,2005-02-25
3207,453625,5,2005-04-14
3207,1633050,3,2005-09-07
3207,490575,4,2005-11-26
3207,1036278,4,2005-12-10
3207,504440,3,2005-12-24
3207,304243,4,2005-07-06
3207,2627656,3,2005-07-08
3207,2417652,3,2003-12-11
3207,1145443,4,2003-09-07
3207,1974267,4,2002-09-15
3207,2015292,5,2002-08-30
3207,2342980,4,2002-06-13
3207,1444057,3,2003-11-23
3207,2415838,4,2003-11-22
3207,199365,5,2004-02-14
3207,517441,1,2004-06-28
3207,1717532,4,2004-02-28
3207,2498721,4,2003-10-22
3207,1086481,1,2004-03-22
3207,62618,3,2003-11-17
3207,1903346,1,2004-03-07
3207,347260,3,2004-01-14
3207,1971298,3,2004-05-08
3207,2274035,3,2004-07-15
3207,2550095,4,2004-11-28
3207,2573183,4,2004-12-22
3207,2135939,3,2005-03-17
3207,1531781,4,2005-04-05
3207,2086711,5,2005-05-14
3207,506482,4,2005-06-06
3207,86567,5,2005-06-25
3207,655385,4,2005-09-21
3207,1932832,3,2005-10-07
3207,1044160,4,2005-11-14
3207,1072159,4,2003-03-12
3207,1412962,3,2002-06-29
3207,2374756,3,2002-05-25
3207,1151934,4,2002-06-12
3207,1337293,3,2002-06-20
3207,2594016,5,2003-09-22
3207,1235696,4,2005-08-26
3207,450608,3,2004-03-07
3207,2119032,4,2004-02-02
3207,2211440,5,2004-08-03
3207,1806731,2,2004-11-02
3207,398616,3,2005-01-25
3207,2223033,3,2005-06-10
3207,2590413,5,2005-10-04
3207,391256,1,2005-10-05
3207,2356860,4,2005-11-08
3207,450731,3,2005-12-06
3207,111736,2,2003-09-15
3207,2393981,4,2004-03-26
3207,369812,4,2002-10-11
3207,1583078,3,2003-09-24
3207,1435355,5,2005-07-23
3207,1718526,3,2003-08-10
3207,669928,4,2002-11-29
3207,1252263,4,2003-11-30
3207,221776,4,2003-07-17
3207,2270073,4,2004-08-03
3207,2591100,5,2004-01-17
3207,2450828,3,2003-11-26
3207,2491423,4,2004-08-02
3207,319758,5,2005-01-10
3207,350067,3,2005-01-27
3207,1448212,5,2005-04-26
3207,499351,4,2005-06-05
3207,949667,4,2005-11-08
3207,71594,3,2001-08-08
3207,1540360,2,2004-03-29
3207,2595864,3,2004-04-22
3207,2553056,4,2002-12-06
3207,352612,3,2004-01-19
3207,1320180,4,2003-05-08
3207,1731259,4,2003-02-11
3207,1215374,3,2005-08-22
3207,387370,4,2004-07-21
3207,2479620,3,2004-02-15
3207,1699919,5,2004-09-26
3207,267378,3,2005-01-19
3207,2305014,3,2005-04-11
3207,663435,3,2005-05-11
3207,829598,5,2005-07-07
3207,1006953,4,2005-07-13
3207,275338,2,2002-06-18
3207,2601377,3,2002-05-15
3207,190547,2,2004-04-22
3207,361189,4,2005-03-14
3207,182780,4,2005-05-04
3207,118224,4,2005-05-15
3207,475487,5,2005-10-19
3207,73834,1,2003-09-05
3207,10374,3,2003-12-02
3207,1521960,3,2003-10-21
3207,1755096,4,2004-01-19
3207,2051709,4,2003-09-12
3207,1409676,2,2004-01-30
3207,2023752,4,2003-10-15
3207,1187026,4,2004-07-14
3207,387469,2,2003-12-27
3207,1784207,2,2003-08-31
3207,650033,3,2004-02-14
3207,2306057,2,2004-07-16
3207,2291306,1,2004-03-01
3207,357192,1,2005-01-02
3207,2592025,2,2005-05-08
3207,862857,4,2005-10-21
3207,2439868,3,2005-11-14
3207,2622843,3,2005-11-16
3207,951906,5,2005-11-18
3207,1121577,3,2003-12-24
3207,939439,3,2002-10-30
3207,593241,4,2005-07-20
3207,1851173,2,2005-07-22
3207,2636478,4,2003-06-24
3207,531125,3,2005-09-09
3207,1816433,4,2004-01-24
3207,1676373,5,2004-08-16
3207,2272654,3,2004-07-07
3207,786982,5,2004-09-20
3207,608234,4,2004-10-31
3207,1163418,3,2004-12-07
3207,509213,4,2005-06-09
3207,654283,4,2005-06-17
3207,1673934,3,2005-09-15
3207,2554942,4,2005-10-03
3207,2191240,4,2005-11-27
3207,1015954,2,2005-12-11
3207,841952,4,2005-07-07
3207,1848219,3,2002-08-10
3207,1082476,2,2002-04-12
3207,1421402,3,2002-06-19
3207,2225743,1,2003-09-02
3207,2098084,3,2003-12-22
3207,567909,4,2003-02-12
3207,694745,2,2005-08-20
3207,2533480,3,2003-08-20
3207,2283705,3,2003-08-18
3207,1970957,4,2004-06-25
3207,1159064,2,2004-10-26
3207,1015615,3,2005-03-01
3207,980485,4,2005-03-18
3207,30071,5,2005-03-20
3207,1267008,3,2005-05-27
3207,561217,3,2005-06-05
3207,1759078,2,2005-06-06
3207,825819,3,2005-09-14
3207,2270315,5,2005-10-02
3207,1464315,5,2005-11-26
3207,978075,3,2002-09-01
3207,288218,4,2004-03-22
3207,1268392,5,2004-01-20
3207,598548,4,2003-09-08
3207,799201,2,2002-08-16
3207,122464,5,2005-09-09
3207,353141,2,2005-10-03
3207,1070808,5,2005-11-18
3207,995939,3,2005-07-07
3207,1623525,3,2003-02-14
3207,831151,4,2004-03-20
3207,1048629,4,2002-11-27
3207,2623909,2,2003-08-13
3207,2002198,3,2004-01-14
3207,448086,4,2004-02-20
3207,1907304,4,2004-02-15
3207,2002865,2,2004-03-30
3207,2460974,4,2004-07-08
3207,299557,3,2004-08-31
3207,1755240,4,2004-10-10
3207,1144910,3,2004-10-11
3207,467596,1,2004-11-05
3207,1312066,3,2004-11-18
3207,2156074,3,2004-12-14
3207,2020353,4,2004-12-24
3207,1745884,2,2005-03-22
3207,116189,4,2005-06-07
3207,1279486,5,2005-06-29
3207,71992,5,2005-06-29
3207,1789629,5,2005-07-04
3207,822834,4,2005-09-13
3207,558347,3,2005-10-27
3207,1933788,5,2005-11-22
3207,354983,4,2002-07-03
3207,1995860,3,2001-08-22
3207,95146,3,2001-04-17
3207,646840,4,2004-06-09
3207,1171251,4,2004-01-22
3207,213816,4,2003-10-31
3207,1069534,2,2003-01-20
3207,2048038,2,2004-02-03
3207,818453,3,2003-11-18
3207,711144,4,2003-11-26
3207,438340,3,2003-12-29
3207,2549686,3,2004-02-07
3207,680116,4,2004-02-01
3207,1556831,4,2004-10-08
3207,381753,4,2004-10-20
3207,1705149,2,2005-01-27
3207,1949513,4,2005-02-22
3207,1082237,4,2005-03-16
3207,115240,2,2005-05-22
3207,990043,3,2005-10-15
3207,1677092,3,2005-11-25
3207,888450,3,2002-08-14
3207,554587,3,2002-04-17
3207,1692499,3,2003-08-13
3207,1572273,4,2002-12-27
3207,372650,4,2005-08-07
3207,182123,5,2003-06-28
3207,1096051,2,2004-06-30
3207,837258,3,2005-09-01
3207,2647711,4,2004-08-28
3207,499648,3,2004-01-07
3207,2156310,2,2004-09-08
3207,2608951,4,2004-03-05
3207,2519299,4,2004-03-06
3207,866795,3,2004-12-18
3207,2485434,4,2004-12-27
3207,451096,4,2005-01-04
3207,1534853,5,2005-02-15
3207,2284890,3,2005-03-12
3207,1434934,5,2005-03-21
3207,522045,5,2005-05-14
3207,352590,5,2005-09-16
3207,2152776,5,2005-09-18
3207,1863536,5,2005-10-25
3207,386933,5,2005-11-01
3207,2145288,5,2005-11-06
3207,402743,5,2005-12-06
3207,410672,4,2005-12-17
3207,2552024,3,2003-12-09
3207,2629391,5,2002-05-31
3207,1858261,2,2004-08-27
3207,2607155,1,2002-10-22
3207,732104,3,2003-11-13
3207,1331196,3,2003-11-25
3207,989812,3,2003-08-19
3207,1916555,5,2003-06-25
3207,2299298,1,2004-02-20
3207,1446054,4,2004-06-21
3207,554171,2,2004-02-27
3207,2362880,3,2004-03-15
3207,1760208,3,2004-03-12
3207,182134,4,2004-07-20
3207,612760,4,2004-09-20
3207,748141,4,2004-12-31
3207,795448,4,2005-01-31
3207,1832780,5,2005-03-16
3207,1702603,4,2005-04-18
3207,648874,4,2005-06-19
3207,1022794,5,2005-11-29
3207,1706987,1,2002-07-28
3207,2238629,3,2003-01-23
3207,1801164,4,2003-08-17
3207,331860,4,2003-09-08
3207,872221,5,2005-09-03
3207,2601566,4,2003-12-04
3207,243736,3,2004-03-04
3207,1738119,2,2004-07-25
3207,842789,5,2004-10-24
3207,1754267,5,2005-04-28
3207,1980753,4,2005-05-16
3207,253275,5,2005-05-17
3207,1570161,3,2005-06-06
3207,296229,4,2005-06-06
3207,40354,3,2005-06-27
3207,825460,4,2005-09-28
3207,2393468,3,2005-10-07
3207,571810,4,2005-12-08
3207,973120,5,2005-07-15
3207,1941574,5,2002-08-30
3207,695933,4,2003-09-13
3207,445423,3,2003-08-29
3207,2347299,4,2002-10-17
3207,2126168,3,2003-11-28
3207,2349628,3,2004-12-04
3207,1559083,4,2003-06-07
3207,1848548,4,2003-09-20
3207,254222,5,2004-09-12
3207,2634003,3,2004-01-20
3207,2617709,3,2004-11-09
3207,837153,3,2004-12-25
3207,2606799,4,2005-01-26
3207,770133,2,2005-03-07
3207,469690,4,2005-04-26
3207,996405,4,2002-05-20
3207,2299661,4,2005-07-17
3207,2296402,4,2005-07-23
3207,960123,3,2004-01-27
3207,1190512,3,2003-08-28
3207,442317,3,2004-06-06
3207,1875008,2,2004-01-20
3207,1954061,3,2004-02-16
3207,753151,3,2004-01-03
3207,75761,5,2004-03-12
3207,2463759,4,2003-12-23
3207,1938564,3,2004-06-29
3207,761998,4,2004-08-31
3207,1439913,2,2004-10-27
3207,2628002,3,2004-11-29
3207,152411,4,2005-01-03
3207,215384,3,2005-02-28
3207,855309,4,2005-02-28
3207,2597530,3,2005-03-04
3207,1466569,4,2005-03-17
3207,564895,3,2005-05-09
3207,419470,5,2005-05-29
3207,1111488,5,2003-12-30
3207,1782686,4,2004-02-02
3207,693339,4,2005-07-22
3207,1146000,2,2002-06-04
3207,1228706,4,2002-06-17
3207,783241,3,2004-01-20
3207,1088391,3,2002-08-14
3207,901269,4,2002-08-29
3207,1281290,4,2003-08-26
3207,943436,4,2004-10-07
3207,104237,3,2005-02-10
3207,651010,4,2005-02-28
3207,152466,3,2005-06-06
3207,1394196,5,2005-06-19
3207,1020043,4,2005-07-03
3207,416976,5,2005-09-20
3207,1401393,4,2005-10-13
3207,1082870,3,2005-10-14
3207,976385,5,2005-10-21
3207,2496042,4,2005-10-24
3207,1145384,4,2002-10-20
3207,2447368,2,2001-07-18
3207,647979,4,2004-02-13
3207,1519667,5,2004-02-10
3207,25629,3,2003-10-07
3207,314656,5,2003-08-26
3207,408977,3,2004-06-01
3207,2375962,3,2003-11-20
3207,2311863,5,2004-02-23
3207,2173854,4,2004-03-02
3207,707095,4,2004-03-23
3207,2256485,3,2004-07-21
3207,198698,3,2005-02-07
3207,801981,4,2005-02-09
3207,1719103,3,2005-04-17
3207,2418533,3,2005-09-26
3207,1342357,3,2005-12-12
3207,1871917,2,2003-12-10
3207,198459,4,2004-01-26
3207,2500178,1,2004-02-23
3207,1404516,4,2005-07-30
3207,1511623,4,2003-07-12
3207,933082,2,2002-05-22
3207,1020669,3,2003-08-10
3207,2460074,5,2003-12-11
3207,2367344,2,2004-08-12
3207,2165084,5,2004-09-20
3207,716173,5,2004-12-29
3207,2507937,4,2005-01-19
3207,1352115,4,2005-06-28
3207,1849253,4,2005-09-13
3207,2616478,5,2005-11-20
3207,2058897,2,2005-11-23
3207,1336217,3,2005-11-29
3207,1566002,4,2004-01-25
3207,224250,4,2005-08-31
3207,917559,3,2004-01-23
3207,2539534,1,2004-01-16
3207,2252405,3,2004-02-05
3207,491513,4,2004-07-09
3207,1005175,5,2004-02-12
3207,2324948,4,2004-04-25
3207,1119020,5,2004-11-21
3207,1821365,4,2004-12-29
3207,1299887,4,2005-02-09
3207,1519213,4,2005-02-12
3207,1217897,1,2005-02-27
3207,2119826,5,2005-05-03
3207,1983525,3,2005-10-31
3207,1856679,5,2005-11-08
3207,2397763,3,2005-11-27
3207,157331,4,2005-12-12
3207,821495,5,2005-07-05
3207,500822,4,2005-07-06
3207,736825,3,2001-07-20
3207,1829685,1,2002-06-08
3207,143011,2,2004-07-12
3207,1272988,2,2003-08-14
3207,2294715,1,2003-06-02
3207,2430041,3,2003-02-13
3207,1669107,5,2005-08-30
3207,247442,4,2003-08-18
3207,2131432,4,2004-04-01
3207,764583,4,2003-09-12
3207,1399604,5,2003-09-13
3207,816237,4,2003-10-30
3207,2194337,4,2004-01-19
3207,953002,4,2004-08-24
3207,1569992,4,2004-08-13
3207,545026,4,2005-01-30
3207,522647,3,2005-03-15
3207,412645,4,2005-04-06
3207,682963,4,2005-06-20
3207,2167628,5,2005-07-04
3207,1528215,4,2005-10-29
3207,1940801,3,2005-12-09
3207,1122249,4,2005-07-08
3207,599809,5,2004-09-02
3207,2350078,5,2005-07-30
3207,16272,3,2002-07-21
3207,1767397,5,2002-10-29
3207,198626,3,2005-08-26
3207,876370,2,2004-01-28
3207,845623,4,2004-11-18
3207,1531342,4,2004-11-29
3207,18856,3,2005-01-19
3207,982098,2,2005-01-19
3207,1582952,3,2005-02-07
3207,90833,3,2005-06-18
3207,2545049,2,2005-06-28
3207,2251831,5,2005-10-04
3207,2008700,4,2005-10-26
3207,777172,3,2005-11-05
3207,1114821,5,2005-12-12
3207,1370564,3,2003-11-26
3207,901801,3,2003-12-08
3207,2393193,4,2004-02-03
3207,671876,2,2004-03-22
3207,755151,5,2003-05-01
3207,2444240,3,2005-08-20
3207,840682,4,2004-02-13
3207,2026792,4,2004-03-24
3207,1459037,5,2004-03-26
3207,896969,3,2004-02-08
3207,1651226,4,2004-03-27
3207,894205,3,2005-01-13
3207,2418086,3,2005-01-24
3207,800781,4,2005-04-19
3207,344773,4,2005-05-07
3207,2129592,4,2005-05-19
3207,928740,4,2005-05-31
3207,1519502,4,2005-09-19
3207,175349,4,2005-10-02
3207,662762,5,2005-10-17
3207,2528130,5,2005-07-09
3207,2264726,4,2003-11-11
3207,307154,4,2002-08-31
3207,417746,4,2005-07-31
3207,2327365,5,2005-01-03
3207,387916,3,2003-07-20
3207,724185,4,2003-09-23
3207,517392,1,2003-12-16
3207,2407568,4,2004-02-12
3207,1375030,4,2004-10-04
3207,1584314,5,2004-10-07
3207,729150,2,2004-12-12
3207,1271816,5,2005-01-20
3207,845171,3,2005-02-09
3207,9375,5,2005-05-18
3207,1247941,5,2005-05-22
3207,1252151,4,2005-10-07
3207,2387463,5,2004-03-28
3207,2641824,4,2003-01-23
3207,73742,4,2003-05-04
3207,2389834,4,2004-04-03
3207,1274053,3,2004-08-08
3207,753230,3,2004-05-09
3207,1036908,4,2004-03-08
3207,2596726,4,2004-04-05
3207,964787,4,2004-03-27
3207,442813,4,2004-05-06
3207,2220186,5,2004-10-26
3207,5652,4,2004-11-01
3207,1331636,4,2005-02-08
3207,408564,4,2005-03-14
3207,1179803,4,2005-04-06
3207,2277167,5,2005-09-12
3207,1022170,4,2005-09-19
3207,825353,5,2005-10-26
3207,698690,5,2005-10-26
3207,1199988,5,2005-07-11
3207,2173152,4,2002-06-14
3207,883684,4,2005-08-01
3207,1475063,4,2003-01-12
3207,1835421,5,2005-08-22
3207,705787,5,2003-07-01
3207,1426050,3,2004-02-23
3207,2150662,5,2004-03-30
3207,2534832,4,2003-12-04
3207,1830717,4,2004-04-06
3207,2517588,4,2004-03-10
3207,302426,4,2004-07-20
3207,1640519,4,2004-07-04
3207,2642403,5,2004-11-08
3207,574179,3,2004-11-12
3207,1234753,3,2004-11-19
3207,1025440,4,2004-12-14
3207,1625610,3,2004-12-31
3207,1037036,4,2005-01-19
3207,2248017,4,2005-03-16
3207,205371,5,2005-04-29
3207,718692,3,2005-05-02
3207,1438386,3,2005-06-23
3207,1239202,4,2005-09-27
3207,1083089,3,2005-10-14
3207,1498519,5,2005-11-12
3207,265257,5,2002-05-05
3207,876783,3,2001-11-22
3207,1761783,1,2004-01-09
3207,699566,4,2004-03-15
3207,652618,5,2003-12-29
3207,1338171,4,2004-01-08
3207,1253361,2,2004-01-10
3207,1352238,4,2004-03-03
3207,1672832,4,2004-03-22
3207,1591950,3,2004-07-29
3207,1291710,3,2004-10-16
3207,887963,3,2004-11-08
3207,364639,4,2005-03-19
3207,108397,4,2005-03-21
3207,90900,4,2005-04-30
3207,734161,5,2005-06-26
3207,1568094,4,2005-10-14
3207,1625859,2,2005-10-21
3207,1450032,4,2005-10-31
3207,2095293,5,2005-11-23
3207,1554358,2,2005-07-06
3207,1777163,4,2003-11-15
3207,377214,4,2003-12-10
3207,198559,3,2004-07-28
3207,1294471,3,2002-11-23
3207,1041187,2,2004-01-07
3207,664443,4,2003-10-08
3207,247446,4,2004-02-24
3207,1978752,4,2004-03-07
3207,969304,3,2004-01-14
3207,2405815,3,2004-01-06
3207,1367596,3,2004-02-14
3207,1729889,4,2004-11-04
3207,1147208,3,2004-11-11
3207,2306774,3,2005-06-04
3207,971717,3,2005-06-13
3207,406948,4,2005-10-10
3207,1593815,3,2005-10-16
3207,964436,5,2005-11-03
3207,2019921,5,2005-11-11
3207,1632338,4,2005-12-27
3207,1708788,3,2002-07-06
3207,2115145,3,2002-06-05
3207,1324394,4,2004-03-02
3207,305344,3,2002-09-22
3207,958634,3,2003-08-17
3207,1057475,5,2004-08-10
3207,2554977,3,2004-01-01
3207,859927,5,2004-07-22
3207,557295,3,2004-03-07
3207,571332,5,2004-07-08
3207,1175759,4,2004-10-18
3207,1541066,3,2004-11-11
3207,505203,4,2004-12-09
3207,1589349,4,2004-12-14
3207,1772703,5,2005-04-20
3207,100995,3,2005-06-30
3207,789244,5,2005-09-11
3207,2561608,4,2005-09-30
3207,1613705,4,2005-11-29
3207,340702,4,2002-06-16
3207,947574,3,2004-01-23
3207,915168,3,2004-08-14
3207,638738,4,2002-09-01
3207,2452881,5,2003-07-15
3207,1101586,4,2004-05-10
3207,2215545,3,2003-08-29
3207,2018665,5,2003-11-15
3207,210185,4,2003-10-29
3207,2019271,5,2005-08-29
3207,273256,4,2005-02-02
3207,2077046,4,2005-04-06
3207,452123,4,2005-04-15
3207,1130049,5,2005-12-04
3207,21296,4,2004-01-16
3207,2042985,1,2005-07-20
3207,2628462,4,2001-11-02
3207,844028,5,2003-11-04
3207,670581,3,2004-01-19
3207,2317063,4,2003-11-25
3207,1185017,4,2004-06-22
3207,253251,5,2004-03-09
3207,1177332,4,2004-10-06
3207,2528332,5,2004-10-18
3207,1978089,4,2004-10-27
3207,2558558,3,2005-02-02
3207,941280,4,2005-03-16
3207,2421630,3,2005-05-23
3207,1705945,3,2005-06-28
3207,2099446,4,2005-06-30
3207,750006,5,2005-09-09
3207,1888060,3,2005-09-20
3207,2232148,4,2005-10-18
3207,2254877,4,2005-10-31
3207,1322498,3,2005-11-04
3207,1143408,4,2005-11-11
3207,1710658,4,2005-12-01
3207,2004689,5,2005-12-13
3207,1420493,4,2005-12-30
3207,2029086,5,2003-12-16
3207,2393192,3,2005-08-22
3207,2371144,3,2005-08-25
3207,1601333,3,2003-12-30
3207,1673965,4,2004-03-14
3207,1766397,5,2004-01-25
3207,1773858,4,2003-10-24
3207,1060488,2,2003-11-12
3207,2409280,4,2004-03-22
3207,1999270,3,2004-08-02
3207,1411618,4,2004-04-28
3207,2516253,5,2004-03-31
3207,209486,4,2004-06-28
3207,2047981,5,2004-09-01
3207,1205174,3,2004-10-25
3207,1137851,4,2005-01-10
3207,1247465,5,2005-04-06
3207,2210581,4,2005-05-23
3207,969362,5,2005-09-29
3207,4679,4,2005-07-11
3207,605859,3,2003-11-10
3207,1912542,1,2004-02-24
3207,1720041,1,2005-09-06
3207,2217027,3,2004-01-13
3207,170551,1,2004-03-17
3207,476470,4,2004-08-04
3207,2563498,5,2004-11-26
3207,1482158,5,2004-12-10
3207,1931434,1,2005-01-26
3207,2375380,4,2005-02-11
3207,2310517,3,2005-02-12
3207,1356861,3,2005-05-17
3207,1350047,5,2005-05-18
3207,741028,4,2005-05-23
3207,1821924,4,2005-06-07
3207,1391206,3,2005-06-25
3207,1293001,3,2005-07-01
3207,1886585,3,2005-09-18
3207,2351670,3,2005-09-26
3207,874672,1,2005-10-05
3207,2147527,2,2005-11-16
3207,2288889,5,2005-10-23
3207,2083964,4,2001-12-01
3207,219756,4,2002-08-09
3207,1450484,4,2003-05-12
3207,2343759,5,2002-10-17
3207,1862783,5,2003-01-11
3207,1568278,3,2004-03-08
3207,1724806,2,2003-08-11
3207,1863664,2,2003-12-30
3207,27289,1,2004-10-05
3207,1569859,4,2004-10-31
3207,715533,1,2005-01-05
3207,1978526,4,2005-02-26
3207,2320945,5,2005-05-07
3207,556384,3,2005-10-08
3207,511847,2,2001-09-05
3207,823104,5,2003-07-31
3207,228459,3,2004-01-17
3207,1835555,4,2003-04-06
3207,1538355,5,2002-09-22
3207,863875,5,2004-01-08
3207,2209321,3,2005-08-19
3207,256278,3,2003-08-22
3207,1866137,3,2005-08-24
3207,2404795,1,2004-03-17
3207,135633,4,2004-08-12
3207,2254385,3,2004-10-11
3207,2494105,3,2004-10-19
3207,1829214,4,2004-12-15
3207,2222177,5,2004-12-24
3207,2573854,4,2005-02-23
3207,168729,3,2005-03-02
3207,1569627,3,2005-06-18
3207,1165740,3,2005-06-27
3207,447759,5,2005-09-30
3207,1949010,2,2005-10-30
3207,2494071,4,2005-12-03
3207,2137537,4,2005-12-07
3207,2089924,4,2005-07-15
3207,1710643,4,2004-07-18
3207,2270963,2,2004-12-05
3207,1726869,2,2002-08-11
3207,1332126,4,2002-08-31
3207,1066090,4,2003-08-05
3207,408344,5,2005-08-27
3207,748874,1,2004-01-23
3207,2464081,5,2004-03-14
3207,513026,3,2004-08-14
3207,1466382,3,2004-04-22
3207,1743255,4,2004-04-26
3207,2073760,5,2004-09-18
3207,1155472,4,2004-10-14
3207,336215,4,2004-10-26
3207,203890,4,2005-01-23
3207,116278,4,2005-05-17
3207,802403,5,2005-05-16
3207,2188684,3,2005-06-11
3207,2257794,2,2005-10-06
3207,896791,4,2005-11-02
3207,2249361,4,2005-11-15
3207,1059194,4,2005-11-15
3207,2036838,4,2005-12-03
3207,2442028,4,2005-12-12
3207,2205998,4,2005-12-29
3207,2536991,4,2004-05-09
3207,735252,5,2004-01-13
3207,2260738,3,2003-05-29
3207,1993161,3,2002-08-22
3207,1632078,4,2002-05-30
3207,1357926,3,2003-07-20
3207,1524551,3,2003-08-27
3207,2533261,3,2004-03-03
3207,722341,3,2004-07-14
3207,1926192,4,2004-10-06
3207,1530865,4,2004-11-05
3207,1247452,3,2004-11-26
3207,1228324,3,2005-01-09
3207,1166931,2,2005-06-09
3207,1077783,4,2005-03-21
3207,2577654,4,2005-06-02
3207,1462211,4,2005-10-12
3207,1144710,5,2005-11-07
3207,9724,5,2005-11-23
3207,2296292,5,2005-12-06
3207,1494268,3,2005-12-29
3207,10268,4,2004-03-24
3207,132511,3,2003-10-29
3207,1327352,3,2002-10-30
3207,1661271,1,2004-02-22
3207,829490,4,2004-03-04
3207,1920849,4,2004-05-24
3207,1069677,4,2004-08-21
3207,2006046,3,2004-01-15
3207,1916105,5,2004-03-23
3207,1659792,3,2004-08-07
3207,815233,4,2004-11-12
3207,655601,4,2004-11-29
3207,561013,3,2004-11-21
3207,1662471,4,2005-01-13
3207,1470209,2,2005-02-14
3207,1160232,4,2005-05-14
3207,1643146,3,2005-05-18
3207,887118,4,2005-05-25
3207,680028,5,2005-09-26
3207,1996893,4,2005-11-02
3207,2584676,3,2003-06-29
3207,1507886,4,2005-07-31
3207,1800405,5,2002-11-30
3207,2337494,2,2003-11-09
3207,29719,5,2005-08-22
3207,435549,5,2003-12-02
3207,2374610,3,2004-03-21
3207,494014,4,2003-12-26
3207,1382872,3,2004-02-21
3207,2228502,3,2004-09-13
3207,497679,4,2004-07-09
3207,1287756,4,2004-12-10
3207,2204746,5,2005-01-05
3207,639583,4,2005-02-02
3207,706343,4,2005-04-07
3207,1035000,3,2005-05-03
3207,338329,3,2005-06-10
3207,2210057,5,2005-10-05
3207,918954,2,2005-10-31
3207,1483654,5,2005-11-30
3207,1764595,3,2005-12-11
3207,414800,3,2005-12-22
3207,2063452,4,2002-06-25
3207,742107,3,2004-03-11
3207,1388044,3,2005-09-01
3207,1510726,5,2005-01-27
3207,2315012,3,2005-02-01
3207,1186037,2,2005-03-11
3207,1671759,4,2005-04-02
3207,2428018,3,2005-05-03
3207,1692018,4,2005-09-14
3207,1869907,3,2005-09-20
3207,721329,3,2005-09-27
3207,58429,4,2005-10-02
3207,623742,5,2005-10-17
3207,2569222,4,2005-10-20
3207,935581,5,2005-12-18
3207,1886978,3,2005-12-29
3207,468602,4,2005-07-07
3207,2366462,1,2002-04-14
3207,2549156,4,2003-10-20
3207,1586557,2,2005-07-15
3207,1388530,4,2002-06-16
3207,1521233,5,2004-03-16
3207,2185222,5,2002-10-21
3207,932047,3,2004-01-25
3207,2485978,3,2003-12-22
3207,1082263,3,2004-01-23
3207,1054783,4,2004-03-20
3207,863302,3,2004-08-22
3207,1162370,2,2004-12-19
3207,709197,4,2005-02-03
3207,103761,5,2005-02-16
3207,2345723,3,2005-02-18
3207,513957,4,2005-03-02
3207,1073396,4,2005-03-11
3207,850091,3,2005-03-27
3207,1829617,5,2005-05-16
3207,1868905,1,2005-05-25
3207,2345403,4,2005-09-15
3207,1575143,3,2005-10-11
3207,293844,4,2005-10-13
3207,2334626,3,2005-12-13
3207,504012,4,2005-07-05
3207,1705392,5,2004-03-22
3207,815612,4,2004-09-02
3207,2032998,4,2004-03-13
3207,2148491,1,2003-04-27
3207,2264422,3,2003-01-05
3207,1083720,4,2003-06-06
3207,620741,4,2003-04-23
3207,2577256,4,2003-07-21
3207,271355,3,2004-01-18
3207,256392,4,2003-12-02
3207,2392558,3,2004-01-07
3207,1097620,3,2004-01-13
3207,2187377,3,2004-01-15
3207,159159,3,2004-01-27
3207,1685214,2,2004-08-10
3207,1701781,3,2004-09-15
3207,33013,5,2004-10-06
3207,678384,3,2005-02-18
3207,1420308,3,2005-03-22
3207,483029,5,2005-04-30
3207,2357472,4,2005-06-13
3207,1715766,2,2003-09-15
3207,649547,3,2004-10-05
3207,371575,4,2002-06-06
3207,223043,4,2002-08-23
3207,1258876,4,2004-07-19
3207,522382,4,2002-08-26
3207,1745870,4,2004-02-08
3207,608501,1,2004-07-12
3207,2091589,3,2003-11-09
3207,845941,4,2005-08-28
3207,256796,4,2004-06-26
3207,1819175,3,2003-10-03
3207,1127221,3,2004-03-20
3207,995426,2,2005-01-11
3207,2179375,3,2005-02-08
3207,25602,5,2005-03-09
3207,1552874,5,2005-05-31
3207,757760,4,2005-06-09
3207,696901,3,2005-10-30
3207,2235183,3,2005-12-20
3207,1057032,3,2003-01-02
3207,14682,4,2003-02-13
3207,841553,3,2005-07-22
3207,1169005,5,2002-07-10
3207,2356955,3,2002-06-26
3207,1187000,4,2004-01-25
3207,2596328,4,2003-07-14
3207,1477154,5,2003-09-28
3207,2296610,3,2004-09-10
3207,2276002,3,2004-03-16
3207,2554860,4,2004-09-20
3207,42072,4,2004-11-11
3207,636683,4,2005-02-22
3207,1624976,3,2005-06-07
3207,2032174,4,2005-06-17
3207,1417135,5,2005-10-03
3207,391743,4,2005-10-18
3207,2131913,5,2005-10-27
3207,2630082,5,2005-11-08
3207,240923,5,2003-08-12
3207,2250261,4,2004-06-22
3207,2572006,4,2004-01-16
3207,1421023,4,2003-06-18
3207,2309611,4,2003-10-24
3207,2511278,5,2004-05-31
3207,23427,4,2004-03-20
3207,1863511,5,2004-09-17
3207,1125157,4,2004-12-06
3207,55432,4,2005-03-23
3207,327384,3,2005-06-09
3207,1759015,4,2005-09-26
3207,1548454,4,2005-10-01
3207,800691,3,2005-11-05
3207,2158747,2,2002-10-13
3207,647174,3,2003-10-02
3207,2611773,5,2004-11-16
3207,290342,3,2005-02-02
3207,287408,5,2005-02-03
3207,880348,4,2005-03-11
3207,1344505,2,2005-03-21
3207,246637,5,2005-06-27
3207,2398295,4,2005-07-01
3207,1907843,5,2005-09-29
3207,1730063,3,2005-11-25
3207,1963352,4,2005-12-04
3207,743362,4,2005-12-27
3207,1275094,2,2002-05-30
3207,486188,5,2005-07-15
3207,752642,3,2002-05-03
3207,223423,1,2004-02-27
3207,1969751,2,2002-08-11
3207,1121663,3,2002-08-12
3207,1232251,4,2003-06-26
3207,542817,2,2002-09-20
3207,671338,4,2004-02-07
3207,1717979,2,2004-07-27
3207,2323199,4,2004-05-05
3207,2280,4,2005-01-29
3207,2622866,3,2005-02-25
3207,56679,5,2005-10-23
3207,355877,4,2005-10-31
3207,145087,4,2005-11-22
3207,1287793,3,2005-12-23
3207,555528,4,2002-04-16
3207,511899,3,2003-06-11
3207,1488032,4,2004-08-02
3207,1677833,4,2003-09-29
3207,1304521,4,2003-09-29
3207,2475149,1,2004-02-24
3207,154635,4,2003-11-26
3207,453217,4,2005-08-30
3207,636893,4,2004-04-26
3207,1991225,2,2004-05-12
3207,2044427,3,2004-10-05
3207,2019266,3,2004-11-17
3207,1431808,5,2005-01-06
3207,1200520,3,2005-01-25
3207,430876,3,2005-02-07
3207,2572760,3,2005-03-06
3207,490101,3,2005-04-06
3207,2605634,5,2005-04-20
3207,2539283,4,2005-05-12
3207,2511464,3,2005-06-16
3207,2434527,3,2005-10-02
3207,1581747,4,2005-10-19
3207,2506246,3,2005-11-06
3207,1440562,5,2005-07-05
3207,201114,3,2005-07-08
3207,450743,4,2003-05-01
3207,2445689,4,2003-05-30
3207,2491477,3,2005-07-18
3207,2129120,3,2004-01-18
3207,2141089,4,2003-06-14
3207,1706817,3,2005-08-27
3207,593173,5,2004-02-23
3207,2611783,3,2003-10-23
3207,1107588,2,2004-01-24
3207,1293245,3,2004-03-01
3207,889674,3,2004-03-14
3207,140479,4,2004-06-25
3207,2519865,5,2004-10-08
3207,1921496,4,2005-02-16
3207,113361,4,2005-03-09
3207,2089494,1,2005-06-27
3207,995925,3,2005-11-07
3207,1021146,4,2005-09-12
3207,2485642,4,2005-09-19
3207,2483294,4,2005-11-06
3207,896333,4,2005-11-15
3207,2641532,1,2002-05-06
3207,2201903,4,2004-04-03
3207,1224756,3,2003-09-19
3207,967551,3,2002-09-18
3207,2157854,3,2003-02-16
3207,1379159,5,2003-07-11
3207,2451767,4,2005-08-22
3207,2554213,3,2004-03-19
3207,2343970,5,2003-09-21
3207,2196874,3,2005-09-04
3207,2494683,4,2004-01-05
3207,1486851,4,2003-09-26
3207,885386,3,2004-09-29
3207,1130999,2,2004-10-06
3207,2573015,3,2004-10-22
3207,1748612,5,2004-11-07
3207,916708,4,2004-12-07
3207,1245081,3,2005-02-03
3207,2325794,2,2005-06-02
3207,1684797,5,2005-06-19
3207,2028737,4,2005-07-04
3207,1767524,4,2005-10-01
3207,2032154,5,2005-10-13
3207,558262,2,2005-11-05
3207,705534,5,2005-07-15
3207,654401,5,2004-03-06
3207,1510050,3,2004-05-05
3207,1179982,4,2003-05-01
3207,2314898,4,2004-01-14
3207,1154027,4,2005-07-30
3207,1902455,2,2003-03-31
3207,1850071,5,2005-08-23
3207,2444052,4,2004-08-28
3207,1171469,4,2004-03-16
3207,364376,5,2004-10-12
3207,842739,3,2004-11-29
3207,10679,4,2004-12-15
3207,2646557,3,2004-12-20
3207,1860332,4,2005-01-30
3207,1872500,4,2005-05-05
3207,2406994,4,2005-05-21
3207,1732302,3,2005-05-30
3207,686134,5,2005-09-30
3207,638130,5,2005-10-16
3207,540397,3,2005-07-09
3207,2364062,3,2005-07-14
3207,121182,3,2001-08-15
3207,2404663,3,2005-07-19
3207,1731128,5,2003-07-21
3207,91176,3,2003-04-01
3207,1489091,3,2003-08-18
3207,1569593,4,2002-11-27
3207,2163939,2,2003-12-08
3207,1295773,1,2004-01-05
3207,592277,4,2003-10-21
3207,1013474,2,2004-02-09
3207,1745107,4,2004-05-27
3207,1148500,4,2004-08-27
3207,2004524,4,2004-09-21
3207,2472682,4,2004-09-29
3207,811704,1,2004-12-26
3207,2360244,3,2005-03-01
3207,346924,3,2005-04-06
3207,2372442,4,2005-10-04
3207,867311,5,2005-12-05
3207,354581,4,2005-07-19
3207,1351411,1,2002-08-17
3207,1722054,5,2003-08-26
3207,1547747,5,2004-06-28
3207,2195910,5,2004-01-24
3207,2072858,3,2003-07-11
3207,2127658,4,2003-06-24
3207,881913,4,2003-09-11
3207,957535,3,2004-02-28
3207,1191408,4,2003-11-30
3207,1723041,3,2003-12-01
3207,2526533,3,2004-03-11
3207,1337026,3,2004-09-13
3207,1299355,3,2004-08-05
3207,573486,4,2004-10-09
3207,1547032,4,2005-01-29
3207,245430,4,2005-02-10
3207,1280761,5,2005-02-25
3207,291883,4,2005-05-20
3207,1946102,5,2005-12-19
3207,325073,3,2000-12-01
3207,2524669,2,2002-04-24
3207,320897,4,2003-08-18
3207,2362622,3,2005-08-02
3207,2598658,3,2004-09-30
3207,759800,4,2005-08-22
3207,1890841,2,2003-06-16
3207,2468858,3,2003-11-05
3207,1183758,3,2003-11-07
3207,1862911,3,2004-02-18
3207,1436780,4,2004-02-13
3207,2235641,4,2004-02-08
3207,956271,4,2004-11-21
3207,2067423,5,2004-11-30
3207,1416948,5,2004-12-02
3207,45294,4,2004-12-14
3207,1641120,5,2004-12-29
3207,1513103,4,2005-02-14
3207,1498221,4,2005-03-29
3207,1215050,5,2005-09-20
3207,846325,3,2005-09-23
3207,578191,3,2003-09-29
3207,1777527,1,2002-09-06
3207,2482675,4,2005-07-24
3207,1411293,4,2005-07-29
3207,1745463,3,2002-09-29
3207,60802,3,2002-11-23
3207,408575,4,2003-02-12
3207,2154547,4,2003-09-14
3207,677536,2,2003-08-19
3207,1184788,3,2004-07-28
3207,2416290,3,2003-08-25
3207,1070896,1,2004-03-26
3207,456205,4,2004-10-18
3207,798402,4,2004-12-14
3207,789520,4,2005-06-20
3207,1764939,5,2005-06-20
3207,834122,3,2005-10-17
3207,1803311,5,2005-10-31
3207,2562662,3,2005-11-07
3207,453501,5,2005-07-07
3207,1628875,4,2005-07-10
3207,1080297,1,2005-07-15
3207,1044050,4,2002-05-18
3207,124255,1,2002-09-10
3207,1889855,4,2004-01-02
3207,1088035,3,2002-08-19
3207,1344268,5,2003-11-30
3207,556508,3,2003-12-29
3207,1713604,5,2004-09-02
3207,1078800,5,2004-09-26
3207,2250628,3,2004-11-10
3207,399820,4,2004-12-10
3207,1607219,3,2004-12-29
3207,1514582,3,2005-02-01
3207,563942,5,2005-04-12
3207,1234485,5,2005-05-19
3207,961541,3,2005-06-16
3207,2420384,5,2005-10-21
3207,2577467,4,2005-07-11
3207,375738,4,2004-01-18
3207,1782865,3,2004-02-19
3207,2633719,5,2004-05-05
3207,1229692,4,2003-09-13
3207,2458750,3,2002-08-29
3207,2512779,1,2003-12-04
3207,1649717,5,2003-09-18
3207,163893,5,2004-03-27
3207,2441264,3,2003-09-14
3207,1325578,3,2003-11-20
3207,1669360,5,2004-01-03
3207,2196338,3,2004-01-22
3207,416135,5,2004-02-29
3207,1188639,3,2004-02-24
3207,774250,3,2004-09-15
3207,1449103,3,2005-01-30
3207,466151,5,2005-02-15
3207,400086,5,2005-04-11
3207,853151,4,2005-05-10
3207,1676497,4,2005-06-05
3207,708047,3,2005-07-01
3207,119552,3,2005-11-09
3207,114576,4,2004-09-11
3207,505449,3,2003-12-02
3207,1328243,3,2002-04-16
3207,1445487,5,2003-04-24
3207,2010069,4,2004-02-21
3207,1622462,4,2003-08-05
3207,561031,5,2004-02-17
3207,670488,4,2003-09-06
3207,22718,2,2004-02-14
3207,1996133,4,2004-02-29
3207,1845251,2,2004-09-05
3207,2344901,1,2004-03-17
3207,876661,4,2005-01-19
3207,1166536,4,2005-02-07
3207,1556728,5,2005-02-10
3207,2090277,3,2005-03-21
3207,593862,2,2005-04-21
3207,714070,4,2005-09-16
3207,1343562,2,2005-09-29
3207,1037705,4,2005-10-12
3207,640174,5,2005-11-07
3207,520374,5,2005-11-18
3207,2220881,4,2005-12-07
3207,400981,3,2005-07-07
3207,2138793,4,2002-06-19
3207,1690785,4,2004-01-15
3207,927221,4,2003-08-05
3207,299249,4,2004-02-10
3207,2405267,2,2004-04-06
3207,908626,5,2004-05-27
3207,1807774,2,2003-10-02
3207,1728944,5,2004-02-15
3207,296772,3,2004-05-19
3207,1819315,3,2004-07-26
3207,1691326,4,2004-10-17
3207,761430,5,2004-10-28
3207,2186920,5,2004-12-29
3207,1697101,3,2004-12-31
3207,832685,5,2005-02-17
3207,1827197,4,2005-06-18
3207,523176,5,2005-06-18
3207,2255578,5,2005-09-09
3207,1973951,4,2005-09-11
3207,735368,4,2005-10-01
3207,2059635,3,2005-10-22
3207,2347755,5,2005-10-30
3207,515326,4,2005-10-31
3207,1190829,4,2001-07-08
3207,460448,4,2004-07-22
3207,17462,1,2001-09-05
3207,1810656,4,2001-10-29
3207,625067,5,2001-12-14
3207,520704,3,2003-07-21
3207,1974900,4,2003-07-06
3207,949401,3,2002-08-01
3207,2491249,3,2003-11-21
3207,2104336,3,2004-09-10
3207,1169361,3,2003-01-23
3207,824546,2,2003-08-23
3207,1909592,2,2004-09-28
3207,509683,4,2005-01-19
3207,2109031,5,2005-02-23
3207,2318588,4,2005-05-18
3207,816844,4,2005-09-22
3207,2398052,4,2005-11-07
3207,1059536,4,2003-12-02
3207,1713864,3,2005-07-21
3207,1541916,4,2002-08-25
3207,551918,4,2003-12-22
3207,2391620,2,2003-01-24
3207,1806515,3,2005-08-26
3207,2032589,4,2004-07-07
3207,654262,4,2004-09-21
3207,38464,3,2004-11-05
3207,301466,3,2005-04-22
3207,471267,4,2005-04-25
3207,1888278,4,2005-05-07
3207,1519432,4,2005-05-15
3207,1851786,4,2005-09-19
3207,2118461,4,2005-10-24
3207,2585245,4,2005-11-09
3207,2592591,4,2005-11-15
3207,2092335,3,2005-07-08
3207,571748,4,2004-03-30
3207,210744,3,2003-04-28
3207,1633749,4,2005-07-13
3207,2113356,4,2002-10-28
3207,1072585,3,2001-10-23
3207,2631584,2,2004-03-16
3207,1534113,3,2002-08-22
3207,1179801,3,2002-09-13
3207,1457123,4,2002-10-09
3207,969461,5,2004-08-04
3207,612690,1,2003-08-27
3207,17421,5,2004-04-23
3207,1018632,3,2004-09-18
3207,1822560,4,2005-01-01
3207,1739391,3,2005-06-08
3207,2415114,4,2005-10-06
3207,791025,5,2005-10-22
3207,9748,5,2005-12-28
3207,1550823,5,2005-07-11
3207,446648,2,2003-06-10
3207,128241,3,2005-07-16
3207,2538567,4,2005-07-22
3207,934010,4,2005-07-28
3207,1337699,4,2004-03-12
3207,741357,5,2005-08-01
3207,542848,4,2004-02-27
3207,1100373,4,2003-11-11
3207,1226928,3,2004-07-01
3207,1575045,5,2004-01-19
3207,2483096,4,2004-02-27
3207,1854775,4,2004-03-25
3207,621244,5,2004-10-18
3207,1698802,4,2004-11-01
3207,1872329,3,2004-11-29
3207,192618,4,2004-12-10
3207,1742759,4,2005-01-08
3207,232326,4,2005-03-09
3207,756299,3,2005-03-16
3207,1105686,5,2005-04-14
3207,719022,4,2005-05-22
3207,87061,4,2005-09-04
3207,741248,4,2005-11-04
3207,186403,4,2005-11-28
3207,469089,3,2005-12-08
3207,2165695,5,2005-12-29
3207,2090850,3,2002-07-30
3207,387418,1,2003-08-25
3207,1024568,4,2003-06-17
3207,1281575,5,2004-02-21
3207,1366080,4,2003-09-03
3207,458435,3,2003-09-14
3207,1602857,4,2003-11-07
3207,632384,3,2003-11-09
3207,1760388,4,2004-03-23
3207,637070,4,2004-02-07
3207,174485,5,2004-03-10
3207,488835,4,2004-08-09
3207,1349995,3,2005-01-30
3207,2004273,4,2005-04-03
3207,754161,5,2005-04-19
3207,649171,4,2005-05-06
3207,2138446,4,2005-09-28
3207,1582294,3,2005-07-24
3207,1581244,3,2002-08-11
3207,1930047,3,2005-08-08
3207,1367906,1,2004-02-13
3207,997261,3,2003-07-07
3207,787771,4,2004-01-29
3207,1215167,2,2004-03-17
3207,783767,4,2005-08-26
3207,2283319,2,2003-11-30
3207,2447933,2,2003-12-19
3207,2612664,3,2004-02-15
3207,2606029,3,2004-05-06
3207,1920218,4,2004-11-17
3207,2087629,4,2004-11-29
3207,935187,4,2004-12-23
3207,319368,3,2004-12-29
3207,383274,3,2005-01-28
3207,1670839,4,2005-05-25
3207,1922052,4,2005-06-01
3207,1013608,4,2005-06-13
3207,1652307,5,2005-09-15
3207,963663,5,2005-09-28
3207,1250802,4,2005-10-02
3207,2337855,5,2005-10-13
3207,530903,3,2005-11-04
3207,2076055,3,2005-12-30
3207,766680,5,2002-05-22
3207,1825371,1,2004-03-07
3207,756648,4,2004-03-11
3207,752867,3,2001-12-10
3207,1743431,5,2005-07-23
3207,2419975,4,2003-08-20
3207,1029163,3,2002-05-09
3207,1263414,3,2005-07-29
3207,1395953,1,2003-11-30
3207,1643488,5,2004-04-21
3207,2233293,5,2003-06-18
3207,427565,5,2005-08-22
3207,2314610,5,2005-08-25
3207,1002688,4,2004-02-24
3207,1334853,4,2004-03-16
3207,1993723,3,2005-01-01
3207,397212,2,2005-01-03
3207,707774,4,2005-01-04
3207,774269,3,2005-03-12
3207,1405915,1,2005-06-17
3207,1330476,2,2003-11-04
3207,455550,4,2003-02-18
3207,2444989,3,2002-08-22
3207,2120912,3,2003-05-04
3207,2088630,5,2003-06-28
3207,1889195,3,2003-04-07
3207,2252435,4,2003-12-15
3207,1392942,5,2004-08-21
3207,2154787,3,2004-03-14
3207,1318272,4,2004-09-29
3207,2387050,4,2004-10-04
3207,1879369,4,2004-12-14
3207,2263466,2,2004-12-29
3207,941970,5,2005-01-04
3207,408352,4,2005-01-19
3207,1786348,4,2005-01-27
3207,2283085,5,2005-10-01
3207,2233060,3,2005-12-06
3207,1008016,3,2005-07-12
3207,1876574,5,2004-01-20
3207,458143,5,2002-06-14
3207,1514339,4,2004-03-16
3207,2141379,4,2004-01-22
3207,867800,5,2004-05-07
3207,1754477,3,2004-10-11
3207,1318416,3,2004-11-20
3207,313535,3,2005-05-27
3207,289993,3,2005-10-21
3207,2098933,1,2005-11-25
3207,2200214,4,2005-11-27
3207,1749656,2,2002-07-31
3207,137357,4,2003-04-09
3207,785992,2,2003-09-03
3207,819462,3,2003-11-19
3207,2243423,4,2003-08-12
3207,2303683,4,2003-09-15
3207,1654478,3,2005-08-24
3207,365219,5,2003-12-18
3207,2239109,3,2003-08-14
3207,624987,3,2004-08-11
3207,1932594,3,2004-08-16
3207,544668,4,2004-09-06
3207,312793,5,2004-05-13
3207,794999,5,2004-06-22
3207,1975414,3,2004-12-09
3207,1848725,4,2005-02-08
3207,492291,3,2005-02-28
3207,634512,3,2005-03-09
3207,13810,3,2005-04-03
3207,2087075,4,2005-04-13
3207,618197,3,2005-05-02
3207,97608,5,2005-05-05
3207,1082918,5,2005-10-26
3207,1416368,4,2005-10-27
3207,2012412,3,2003-08-19
3207,1805874,4,2005-07-13
3207,808674,4,2003-10-23
3207,969327,4,2003-09-13
3207,277741,3,2003-08-11
3207,2199470,2,2003-05-29
3207,405572,3,2004-09-16
3207,2235475,4,2005-08-22
3207,1026783,2,2003-09-04
3207,1061195,5,2003-10-02
3207,1437372,3,2004-11-02
3207,2218289,3,2004-12-08
3207,2296816,2,2005-01-19
3207,686685,5,2005-03-22
3207,1566168,3,2005-04-20
3207,700490,4,2005-09-17
3207,1067052,4,2005-10-14
3207,1478117,4,2005-11-12
3207,2080929,4,2005-11-14
3207,1595341,3,2004-05-23
3207,275600,4,2004-08-20
3207,1884816,2,2004-07-25
3207,1576261,3,2004-11-16
3207,400462,5,2004-11-26
3207,1102173,2,2005-02-02
3207,2442131,2,2005-06-29
3207,1220216,5,2005-09-09
3207,687532,2,2005-10-17
3207,1398256,4,2001-10-30
3207,2243435,3,2004-01-09
3207,137725,1,2004-03-10
3207,1127480,4,2003-10-30
3207,2490848,3,2002-08-09
3207,1663888,3,2004-08-01
3207,229377,3,2004-06-27
3207,1966687,3,2004-03-24
3207,1228929,3,2004-01-13
3207,1221723,3,2004-01-07
3207,2350588,4,2004-08-16
3207,369899,3,2004-09-01
3207,1738284,2,2004-10-04
3207,450895,4,2004-10-23
3207,164468,4,2004-12-21
3207,1459805,5,2005-02-01
3207,529070,4,2005-04-05
3207,155780,5,2005-06-16
3207,1670306,3,2005-06-20
3207,991359,2,2005-11-18
3207,1887920,5,2005-12-30
3207,378403,2,2005-07-06
3207,1141479,3,2003-09-04
3207,512756,3,2004-12-30
3207,1043805,3,2004-01-03
3207,1649826,3,2004-02-20
3207,1461435,1,2003-08-08
3207,1356127,3,2003-10-21
3207,461866,4,2004-03-22
3207,1525270,4,2003-02-13
3207,1519692,4,2003-06-23
3207,457081,5,2005-09-02
3207,1545107,4,2003-09-29
3207,531010,3,2004-03-26
3207,241068,2,2004-05-07
3207,364238,5,2004-06-28
3207,2452321,4,2004-03-20
3207,27061,5,2004-07-22
3207,1467096,3,2004-10-11
3207,2041854,5,2004-12-07
3207,1334927,3,2005-01-10
3207,374876,4,2005-01-12
3207,265266,4,2005-02-25
3207,2209595,4,2005-04-25
3207,2442796,3,2005-10-12
3207,1719592,4,2005-10-29
3207,2365398,5,2005-10-31
3207,2540263,4,2005-11-19
3207,2527435,5,2005-07-18
3207,2150678,3,2004-01-07
3207,359115,4,2003-09-06
3207,231249,3,2003-05-26
3207,239885,5,2004-06-24
3207,1602153,3,2004-09-10
3207,289710,4,2005-01-19
3207,2069436,3,2005-02-26
3207,484543,4,2005-04-10
3207,594385,5,2005-04-28
3207,1430074,3,2005-05-13
3207,1677684,5,2005-06-27
3207,634242,3,2005-07-04
3207,1480571,2,2005-09-10
3207,982580,5,2005-10-18
3207,2179492,3,2005-10-21
3207,1785209,3,2004-01-03
3207,2102669,4,2002-05-10
3207,1057992,3,2002-12-21
3207,1465965,5,2004-01-08
3207,685113,5,2004-07-26
3207,1895554,3,2003-11-30
3207,2152292,3,2003-08-13
3207,1479456,4,2003-12-01
3207,2620793,4,2004-01-06
3207,640073,4,2004-02-08
3207,935922,4,2004-08-22
3207,1304107,5,2004-09-16
3207,1708823,4,2004-11-18
3207,761063,3,2005-01-20
3207,1307723,4,2005-01-29
3207,2562973,4,2005-03-18
3207,922614,5,2005-09-09
3207,2059781,2,2005-09-16
3207,2484060,5,2005-09-20
3207,1415752,3,2005-10-21
3207,1771053,3,2005-07-25
3207,1843415,3,2003-09-15
3207,1233877,5,2004-01-10
3207,2291170,4,2003-06-13
3207,2273696,3,2003-05-14
3207,133129,2,2004-01-22
3207,543186,4,2005-08-20
3207,1204865,3,2005-08-25
3207,2115115,1,2004-01-24
3207,1872980,4,2004-07-13
3207,26602,4,2004-09-20
3207,708157,4,2004-11-15
3207,1246924,4,2004-11-18
3207,2136912,4,2004-12-07
3207,602642,5,2004-12-27
3207,1470754,3,2005-02-15
3207,862252,4,2005-05-23
3207,592519,4,2005-09-19
3207,908324,4,2005-09-19
3207,1479092,5,2005-10-01
3207,1520499,4,2005-10-25
3207,15458,3,2005-12-16
3207,239658,3,2005-07-17
3207,2051402,3,2005-07-27
3207,541557,3,2005-06-22
3207,556870,2,2002-12-11
3207,2397785,4,2004-02-23
3207,68118,3,2004-04-13
3207,1521227,4,2004-07-06
3207,295936,4,2004-10-05
3207,1791019,4,2004-12-13
3207,90362,3,2004-12-20
3207,1619514,5,2005-02-18
3207,2451110,1,2005-04-28
3207,1666805,3,2005-05-23
3207,531532,4,2005-06-06
3207,2295235,4,2005-11-30
3207,67134,2,2001-11-15
3207,2165012,4,2004-01-22
3207,1639792,1,2002-04-15
3207,1504525,4,2004-03-25
3207,998965,2,2003-05-28
3207,2181518,4,2003-04-07
3207,765265,4,2003-07-07
3207,128311,1,2003-10-30
3207,1428788,4,2004-03-07
3207,136477,4,2004-03-18
3207,1470425,3,2004-02-01
3207,1717684,3,2004-03-23
3207,2148958,3,2004-10-13
3207,2510971,2,2004-11-30
3207,115682,5,2005-01-07
3207,1027280,3,2005-01-19
3207,2513271,3,2005-03-20
3207,49943,4,2005-03-25
3207,80007,2,2005-03-29
3207,2146536,3,2005-05-21
3207,1068902,4,2005-05-23
3207,1081218,3,2005-11-28
3207,2159169,3,2004-01-14
3207,1052756,3,2004-02-22
3207,57633,3,2003-06-20
3207,2626311,1,2002-08-04
3207,174879,4,2003-09-10
3207,1591884,5,2004-07-31
3207,426070,5,2003-01-22
3207,317243,5,2004-06-01
3207,2197275,4,2004-01-06
3207,2092526,1,2003-09-11
3207,1623723,2,2004-03-07
3207,570681,3,2004-08-12
3207,1184328,3,2004-08-04
3207,1875331,3,2005-01-03
3207,156594,5,2005-01-09
3207,292595,1,2005-02-09
3207,33635,4,2005-03-08
3207,245944,3,2005-03-19
3207,1894685,3,2005-04-01
3207,347455,3,2005-06-01
3207,1288000,3,2005-06-26
3207,1429971,3,2005-09-26
3207,2360566,5,2005-10-20
3207,1398122,4,2005-11-15
3207,2137366,5,2005-07-14
3207,2491076,5,2004-07-06
3207,2361556,4,2003-08-13
3207,589079,2,2002-12-31
3207,1053396,4,2004-03-02
3207,1551313,3,2003-12-03
3207,1325749,5,2005-07-31
3207,2577882,4,2003-09-25
3207,1025888,4,2003-08-21
3207,1290772,3,2005-09-02
3207,1107343,5,2003-09-12
3207,2009638,4,2004-04-06
3207,2067516,4,2004-03-16
3207,918735,4,2004-05-10
3207,998236,4,2004-06-22
3207,2115720,4,2004-10-18
3207,558234,4,2004-11-22
3207,2143500,3,2004-11-24
3207,162641,4,2004-12-01
3207,410206,2,2004-12-16
3207,1376350,4,2004-12-17
3207,2469479,3,2004-12-25
3207,1110500,5,2005-05-21
3207,977623,5,2005-05-21
3207,925611,2,2005-09-14
3207,1149289,3,2005-10-05
3207,551489,4,2002-07-31
3207,377329,3,2002-01-12
3207,2460347,1,2003-10-28
3207,219284,1,2004-07-16
3207,2081789,4,2002-07-23
3207,1479619,3,2005-08-19
3207,518137,5,2005-08-24
3207,1930717,3,2005-08-29
3207,715560,3,2005-09-04
3207,1534845,5,2004-08-27
3207,865027,5,2004-01-24
3207,2526414,3,2004-03-16
3207,1462566,4,2004-12-22
3207,1891693,4,2005-01-03
3207,2235139,3,2005-02-25
3207,2621229,5,2005-04-17
3207,1162732,5,2005-06-27
3207,533484,4,2005-10-11
3207,881783,4,2005-11-10
3207,1545694,3,2005-07-14
3207,1475516,4,2002-06-14
3207,2229515,4,2005-07-22
3207,1376339,4,2003-09-06
3207,2405785,4,2002-05-03
3207,518175,3,2004-08-10
3207,250667,4,2002-08-20
3207,1214546,4,2004-06-05
3207,1715522,4,2005-09-05
3207,45835,1,2003-12-12
3207,2087093,3,2004-01-28
3207,511724,4,2004-01-07
3207,1002509,1,2004-02-27
3207,934606,2,2004-04-23
3207,2399478,3,2004-05-09
3207,2282041,4,2004-08-06
3207,1787748,4,2005-01-08
3207,609970,2,2005-01-10
3207,1832073,4,2005-01-10
3207,326502,5,2005-02-27
3207,1501650,3,2005-05-23
3207,480033,3,2005-09-23
3207,2444873,4,2005-10-28
3207,1084008,3,2005-11-12
3207,376047,4,2004-03-18
3207,2276950,3,2001-03-08
3207,615386,2,2004-01-24
3207,240748,3,2002-09-22
3207,2104194,4,2003-02-14
3207,1018247,5,2003-10-22
3207,2339129,4,2002-12-03
3207,219481,2,2003-08-07
3207,616322,4,2004-02-18
3207,1074878,5,2003-09-06
3207,1648992,3,2003-07-02
3207,450423,5,2003-12-27
3207,2378370,3,2003-12-07
3207,709486,4,2003-08-23
3207,964562,2,2003-11-17
3207,923631,3,2004-04-23
3207,960402,5,2004-06-25
3207,558924,3,2004-10-21
3207,512359,3,2004-11-12
3207,893803,3,2005-01-31
3207,633799,4,2005-03-07
3207,838269,4,2005-03-19
3207,2297480,2,2005-03-21
3207,1233677,5,2005-04-01
3207,2104887,3,2005-10-14
3207,2105294,4,2005-10-19
3207,1233851,4,2005-12-06
3207,2315404,4,2003-06-14
3207,2521994,4,2004-05-25
3207,2349702,4,2002-07-22
3207,683254,3,2002-04-22
3207,2638183,5,2005-07-26
3207,1367218,4,2004-01-16
3207,1966227,5,2004-01-03
3207,1329275,4,2003-12-28
3207,2053707,3,2004-01-06
3207,1030431,4,2004-10-21
3207,1104567,4,2004-12-18
3207,389427,5,2004-12-19
3207,350909,5,2005-03-22
3207,2293072,5,2005-03-24
3207,833049,3,2005-04-25
3207,1676242,4,2005-06-26
3207,1581640,1,2005-09-06
3207,924192,4,2005-10-11
3207,412916,3,2005-12-06
3207,2327386,3,2002-08-30
3207,1244069,4,2004-03-12
3207,2451020,4,2003-12-11
3207,1113177,3,2003-12-19
3207,79493,4,2003-10-31
3207,2534532,3,2003-07-19
3207,2507328,3,2004-03-30
3207,1707198,3,2003-11-04
3207,1852040,2,2004-01-24
3207,2205942,3,2004-07-06
3207,1790903,3,2004-02-24
3207,716649,4,2004-02-29
3207,504838,3,2004-09-28
3207,652311,4,2005-04-27
3207,2256615,3,2005-10-28
3207,1058930,5,2005-11-08
3207,1566401,4,2005-11-18
3207,785794,4,2005-12-11
3207,611494,3,2003-02-13
3207,1426376,3,2002-10-30
3207,2393941,5,2004-06-20
3207,996663,2,2005-08-29
3207,1612901,3,2005-09-01
3207,1786604,3,2003-11-08
3207,743123,5,2003-08-23
3207,794246,1,2003-09-04
3207,22784,3,2004-03-28
3207,193560,2,2004-03-02
3207,1150846,4,2004-03-29
3207,2557596,3,2004-11-03
3207,610142,3,2004-12-29
3207,1939221,4,2005-02-03
3207,1144740,5,2005-04-18
3207,1214857,2,2005-05-20
3207,2094599,4,2005-06-15
3207,1683292,4,2005-11-15
3207,2477320,4,2004-08-18
3207,1039555,3,2002-01-20
3207,2127829,3,2002-11-12
3207,342551,4,2004-04-08
3207,229439,3,2002-10-28
3207,1401465,4,2005-08-20
3207,508915,3,2004-01-30
3207,860441,3,2004-03-02
3207,111657,5,2003-10-31
3207,1940143,4,2004-07-01
3207,1634219,3,2004-02-27
3207,2321454,3,2004-09-27
3207,956401,4,2004-10-11
3207,1640132,5,2004-10-21
3207,195059,5,2004-11-11
3207,798315,4,2004-12-10
3207,1852505,4,2005-02-15
3207,1693347,4,2005-02-14
3207,1604049,4,2005-03-22
3207,728085,4,2005-04-10
3207,912687,5,2005-04-11
3207,2346771,4,2005-06-07
3207,1459710,3,2005-10-15
3207,2063973,5,2005-10-17
3207,1891868,4,2002-09-09
3207,88188,3,2005-07-07
3207,2169737,4,2003-11-10
3207,1550718,5,2004-02-26
3207,2144466,3,2005-07-31
3207,2065684,3,2003-02-16
3207,1633691,4,2003-09-15
3207,1928019,3,2004-01-18
3207,2542789,4,2004-02-28
3207,625420,4,2004-06-23
3207,1227502,3,2004-03-08
3207,1918094,4,2004-03-17
3207,1019552,5,2005-01-05
3207,902738,3,2005-02-23
3207,1856814,4,2005-03-04
3207,1629801,3,2005-03-11
3207,664740,3,2005-03-28
3207,1891779,3,2005-04-13
3207,1424453,1,2005-04-19
3207,2313362,3,2005-06-02
3207,2177071,5,2005-06-05
3207,1900424,5,2005-06-07
3207,1044403,4,2005-06-25
3207,315602,3,2005-07-08
3207,102442,3,2002-09-21
3207,1357209,4,2003-08-13
3207,1105935,4,2003-11-24
3207,896462,4,2003-12-22
3207,1723037,4,2002-06-28
3207,2245007,1,2002-09-12
3207,1276983,2,2002-08-16
3207,996813,5,2003-09-08
3207,2429294,5,2005-08-20
3207,2320706,4,2003-11-04
3207,1842201,3,2004-12-21
3207,1004565,4,2005-01-04
3207,350009,5,2005-01-30
3207,2506660,3,2005-03-09
3207,90745,3,2005-04-12
3207,1646639,3,2005-05-09
3207,1016180,4,2005-06-07
3207,1578366,3,2005-06-21
3207,275551,3,2005-06-30
3207,2034233,4,2005-10-10
3207,549105,4,2005-10-24
3207,2281318,4,2005-10-29
3207,2589079,5,2005-11-20
3207,206893,4,2005-07-14
3207,2236461,4,2004-05-22
3207,1439253,3,2005-07-22
3207,2154562,4,2002-06-25
3207,1176779,3,2002-06-03
3207,841432,2,2005-08-18
3207,723448,3,2004-10-29
3207,1279603,4,2003-11-16
3207,2631853,4,2004-01-01
3207,659823,4,2003-10-29
3207,1967891,4,2004-03-02
3207,317138,5,2004-08-31
3207,1911845,4,2004-10-05
3207,2000600,4,2004-10-13
3207,403907,4,2004-12-08
3207,931506,5,2004-12-10
3207,237263,2,2004-12-13
3207,78523,4,2004-12-28
3207,1674814,4,2005-02-25
3207,753596,1,2005-11-09
3207,2078225,5,2005-12-08
3207,188613,3,2001-12-16
3207,899799,3,2004-08-24
3207,272840,4,2004-04-22
3207,2280310,4,2005-07-19
3207,948109,3,2002-07-30
3207,264960,2,2002-06-14
3207,1951711,3,2003-11-11
3207,954742,3,2003-05-24
3207,2435489,4,2005-09-02
3207,737905,4,2004-07-12
3207,1198962,3,2004-02-04
3207,1716938,4,2004-09-19
3207,1218802,4,2005-01-11
3207,1594074,4,2005-01-23
3207,120978,2,2005-05-16
3207,1950582,3,2005-05-17
3207,85169,5,2002-06-17
3207,510438,5,2002-12-24
3207,2562567,5,2005-07-31
3207,1380947,4,2004-07-15
3207,2539309,3,2003-09-03
3207,2455503,2,2003-11-11
3207,1116187,5,2004-01-25
3207,385882,4,2004-03-16
3207,121369,2,2004-02-10
3207,555729,4,2004-02-15
3207,1984540,5,2004-09-17
3207,819458,3,2005-01-19
3207,1933317,5,2005-01-20
3207,1009895,5,2005-03-19
3207,1066555,5,2005-03-23
3207,1400085,4,2005-03-25
3207,454329,3,2005-09-11
3207,1113485,1,2005-10-20
3207,1866164,4,2005-10-24
3207,2495256,4,2005-10-25
3207,1039955,3,2005-11-23
3207,938481,4,2005-12-07
3207,1626508,2,2003-08-20
3207,85493,3,2003-08-15
3207,1144095,4,2003-11-10
3207,616944,3,2004-09-28
3207,477793,3,2004-09-21
3207,320177,3,2004-11-15
3207,452299,4,2005-02-01
3207,1494367,4,2005-02-25
3207,867534,3,2005-03-10
3207,986006,4,2005-05-15
3207,1325412,4,2005-05-17
3207,2184687,3,2005-09-16
3207,152134,5,2005-10-28
3207,1170765,3,2005-10-28
3207,1213178,3,2005-10-28
3207,668977,2,2005-11-05
3207,290535,2,2005-11-14
3207,46265,4,2005-12-23
3207,2339023,4,2003-09-26
3207,1530506,4,2001-02-25
3207,2082054,2,2001-05-17
3207,335938,3,2003-04-04
3207,1095318,5,2005-08-21
3207,1123385,4,2005-08-24
3207,989460,3,2004-01-21
3207,1300759,4,2004-09-21
3207,1450582,3,2004-11-23
3207,115097,5,2005-02-10
3207,641249,3,2005-06-22
3207,1829694,1,2005-09-15
3207,2474184,3,2005-12-27
3207,774251,5,2005-07-06
3207,44490,3,2002-08-17
3207,2082452,3,2005-07-20
3207,1183170,4,2005-07-29
3207,1961864,5,2005-08-02
3207,2332186,5,2003-08-18
3207,1374761,5,2003-09-10
3207,2510785,3,2005-08-22
3207,1025699,3,2004-01-08
3207,600160,3,2003-06-29
3207,2292257,4,2004-04-06
3207,2420260,3,2003-11-19
3207,823628,4,2004-02-16
3207,1274159,5,2004-03-02
3207,454122,1,2004-07-17
3207,2457314,4,2004-09-22
3207,837349,5,2005-01-02
3207,2039976,5,2005-02-28
3207,1701522,3,2005-06-25
3207,2120461,4,2005-06-25
3207,2560280,2,2005-07-02
3207,1920056,3,2005-09-12
3207,144265,3,2005-10-06
3207,334005,4,2005-11-01
