2417,2423032,4,2005-02-28
2417,751812,2,2002-11-14
2417,2625420,2,2004-06-03
2417,1508073,3,2004-12-02
2417,970031,3,2004-05-19
2417,1468138,1,2004-01-14
2417,431832,3,2005-03-01
2417,505367,4,2004-08-25
2417,1203136,4,2002-08-06
2417,2296441,5,2004-06-07
2417,2213570,1,2002-08-14
2417,736703,4,2002-04-22
2417,56531,2,2004-10-15
2417,2587953,1,2002-11-06
2417,2321023,5,2004-09-07
2417,979157,3,2004-12-05
2417,1272379,1,2002-04-06
2417,1329206,3,2004-06-07
2417,813812,2,2004-03-15
2417,1116219,3,2002-07-14
2417,952053,3,2005-12-30
2417,1092081,5,2004-08-16
2417,593440,3,2004-08-28
2417,892185,3,2005-07-29
2417,2439493,1,2003-01-26
2417,1479853,4,2004-09-25
2417,457527,5,2004-12-05
2417,917886,2,2005-11-10
2417,1563935,1,2005-08-15
2417,1845602,5,2005-11-27
2417,2386208,3,2003-02-17
2417,1744924,4,2002-09-09
2417,2040859,1,2004-11-23
2417,152958,3,2004-07-12
2417,256588,2,2005-02-11
2417,539955,3,2004-04-18
2417,1077156,3,2002-05-03
2417,231863,4,2004-07-28
2417,1474444,3,2004-11-17
2417,1876520,1,2002-05-03
2417,1828803,2,2005-08-23
2417,1623193,2,2005-03-01
2417,1045479,2,2005-04-26
2417,2529215,3,2005-08-01
2417,2363878,2,2004-12-21
2417,99847,2,2004-11-16
2417,1788709,3,2003-03-24
2417,1618583,2,2004-08-07
2417,2303588,2,2005-02-02
2417,1868940,1,2003-08-19
2417,951989,3,2005-01-05
2417,1355267,4,2005-11-14
2417,32243,4,2005-08-30
2417,897130,3,2004-09-02
2417,1997580,4,2005-01-12
2417,2645367,3,2002-06-18
2417,1707723,2,2005-09-11
2417,512398,1,2003-05-09
2417,777400,3,2004-08-30
2417,241766,2,2004-06-02
2417,907438,3,2005-04-18
2417,722572,3,2005-03-16
2417,1664010,3,2005-10-13
2417,2178013,1,2005-06-22
2417,572481,2,2005-01-04
2417,1570493,5,2004-01-02
2417,1677588,1,2002-02-19
2417,2635943,5,2004-06-01
2417,1884142,4,2005-04-25
2417,1769875,3,2004-08-25
2417,1477153,3,2005-04-02
2417,142492,3,2004-06-11
2417,677888,3,2004-07-19
2417,117368,3,2004-10-04
2417,1454518,4,2003-01-05
2417,446567,4,2005-12-13
2417,1409864,4,2004-05-10
2417,2503369,2,2004-11-23
2417,491531,1,2002-05-09
2417,624038,3,2004-08-04
2417,2342834,2,2004-01-01
2417,414976,2,2005-11-10
2417,798296,1,2002-12-31
2417,578848,4,2005-05-23
2417,309216,3,2004-06-21
2417,1758286,4,2005-12-14
2417,1114376,4,2005-07-14
2417,1607572,3,2003-05-27
2417,2224875,3,2004-10-20
2417,681541,4,2004-11-19
2417,2161142,3,2005-09-29
2417,1568001,2,2005-07-13
2417,305344,1,2003-08-08
2417,46285,3,2005-09-01
2417,75640,3,2002-12-18
2417,2188296,5,2003-12-11
2417,1226914,3,2002-07-14
2417,552119,3,2004-11-29
2417,1428059,1,2004-07-24
2417,2177597,3,2004-12-12
2417,1123981,3,2003-09-07
2417,1973975,2,2005-10-15
2417,752642,2,2002-02-12
2417,1878143,3,2002-07-02
2417,592277,2,2004-05-19
2417,826195,1,2005-04-30
2417,358629,3,2005-01-19
2417,2380713,5,2005-06-13
2417,1520948,2,2002-04-05
2417,1225936,2,2004-02-19
2417,2506964,2,2005-08-28
2417,1773724,2,2004-09-20
2417,1319107,2,2005-12-25
2417,2118461,3,2005-12-22
2417,2620163,2,2002-10-11
2417,1410762,4,2004-12-19
2417,146088,3,2005-03-25
2417,1122339,4,2003-12-23
2417,387418,2,2003-12-08
2417,2122936,2,2004-04-22
2417,433574,5,2004-01-15
2417,1932594,1,2004-07-19
2417,1486829,1,2004-10-18
2417,1371729,1,2005-11-19
2417,1343181,3,2005-09-22
2417,2406110,2,2004-11-29
2417,1461435,1,2002-02-10
2417,1467096,1,2004-03-30
2417,1386488,3,2005-09-21
2417,2522404,2,2005-07-05
2417,2159840,1,2005-08-17
2417,2467046,4,2003-06-29
2417,1639792,1,2002-04-05
2417,2552810,3,2004-10-26
2417,586852,4,2004-12-15
2417,779867,4,2005-07-21
2417,1913506,4,2004-11-05
2417,722166,2,2005-02-05
2417,543164,2,2004-11-08
2417,698100,5,2005-07-02
2417,892990,3,2003-02-27
2417,428688,2,2002-04-24
2417,2347699,3,2005-03-01
2417,2426728,3,2005-07-22
