3741,306466,4,2002-01-28
3741,2433695,4,2003-12-11
3741,146851,3,2004-06-24
3741,1744889,4,2004-11-01
3741,1543292,2,2002-01-16
3741,251535,5,2003-01-10
3741,808189,1,2005-12-29
3741,1501288,3,2004-01-27
3741,2316326,5,2004-09-22
3741,2636538,3,2004-10-14
3741,2360887,4,2005-03-07
3741,1844666,2,2004-06-09
3741,1893270,4,2005-11-29
3741,562037,4,2004-12-05
3741,971700,3,2004-07-27
3741,844267,5,2004-01-20
3741,972507,5,2003-05-08
3741,2535826,4,2004-09-04
3741,1285322,3,2003-09-02
3741,2196255,2,2004-01-05
3741,1309944,4,2004-07-26
3741,200255,5,2005-10-24
3741,1153585,4,2005-02-03
3741,1968507,3,2004-11-23
3741,524979,4,2004-04-16
3741,1180412,4,2004-10-25
3741,2240828,3,2004-12-08
3741,1273613,4,2004-12-10
3741,1732227,5,2003-07-03
3741,793582,4,2002-02-01
3741,210907,4,2004-12-14
3741,2615996,4,2003-03-27
3741,207870,4,2003-05-05
3741,1874347,3,2003-10-27
3741,2421721,4,2005-02-03
3741,897525,4,2005-12-11
3741,1698600,5,2004-08-25
3741,355823,4,2004-06-29
3741,401047,2,2005-06-03
3741,915182,5,2002-11-27
3741,2616306,4,2005-01-19
3741,2576966,4,2005-12-06
3741,1984028,3,2005-12-16
3741,2504674,5,2005-10-14
3741,883415,3,2003-10-01
3741,633481,5,2003-12-30
3741,1989053,4,2004-09-21
3741,716553,5,2005-03-25
3741,2273863,3,2005-05-04
3741,950299,4,2004-03-26
3741,2103029,2,2005-02-01
3741,2411625,4,2003-06-02
3741,749662,5,2004-05-04
3741,1977612,5,2005-09-24
3741,616735,3,2004-09-03
3741,1990316,3,2004-06-14
3741,2453729,2,2005-09-08
3741,1498767,4,2002-07-25
3741,491623,4,2005-03-23
3741,2404124,3,2003-10-27
3741,1167097,2,2005-09-10
3741,1290354,3,2005-09-06
3741,851414,4,2003-07-23
3741,1309088,1,2005-01-31
3741,1314869,3,2005-02-03
3741,2434304,4,2005-06-21
3741,1583129,5,2005-12-30
3741,864172,2,2005-07-06
3741,223193,3,2004-10-14
3741,944120,3,2004-10-03
3741,2608352,3,2004-11-11
3741,636262,1,2005-09-26
3741,1809637,4,2002-04-30
3741,312908,4,2002-05-13
3741,350486,3,2004-09-29
3741,237986,5,2005-07-12
3741,1746482,4,2003-03-26
3741,56080,4,2005-08-26
3741,709848,4,2005-01-26
3741,355612,5,2004-08-21
3741,1214000,2,2004-09-14
3741,163174,1,2005-01-25
3741,1819462,4,2005-04-28
3741,176054,2,2004-03-03
3741,2439493,1,2003-02-13
3741,861860,4,2003-11-20
3741,1929180,5,2004-02-28
3741,846608,2,2005-06-10
3741,1087944,4,2004-06-28
3741,273520,4,2003-04-05
3741,2412596,4,2005-04-29
3741,238740,3,2004-11-30
3741,1120476,2,2005-11-20
3741,145641,4,2003-11-22
3741,1563935,1,2005-07-15
3741,2132554,4,2003-01-05
3741,368070,5,2004-09-29
3741,2628647,5,2004-10-09
3741,1163795,2,2004-12-22
3741,1007545,1,2004-12-09
3741,684876,4,2004-07-18
3741,2320139,3,2005-03-16
3741,1534723,4,2005-10-18
3741,1734960,5,2001-11-14
3741,2239978,1,2005-01-19
3741,1473980,1,2005-09-25
3741,792534,3,2003-09-19
3741,2457662,4,2005-10-04
3741,54867,4,2003-06-20
3741,202678,1,2003-01-22
3741,1645365,4,2004-05-03
3741,2502710,4,2004-11-03
3741,1343377,2,2005-01-06
3741,1121773,1,2005-05-31
3741,1498793,4,2005-09-19
3741,558609,3,2004-05-29
3741,1268699,3,2005-02-18
3741,622731,4,2005-05-04
3741,2508565,5,2005-05-19
3741,1739884,4,2001-10-24
3741,62443,5,2003-03-18
3741,407037,3,2004-11-29
3741,281537,4,2005-04-22
3741,829528,4,2005-06-03
3741,1009333,4,2005-07-07
3741,410007,2,2002-09-10
3741,1974715,3,2004-11-11
3741,1777406,1,2004-11-22
3741,582319,3,2005-09-30
3741,1147641,1,2002-04-23
3741,423226,4,2004-03-30
3741,1125150,5,2005-10-30
3741,638020,3,2005-07-18
3741,1936020,5,2003-10-28
3741,1771841,3,2001-11-16
3741,145941,3,2005-08-30
3741,1673383,5,2004-01-06
3741,2254991,2,2003-05-11
3741,734799,4,2005-04-07
3741,2646869,5,2003-07-27
3741,456457,5,2005-01-07
3741,1414501,4,2005-09-27
3741,2012582,4,2003-08-05
3741,400910,2,2005-11-20
3741,2431452,5,2005-07-18
3741,2533726,2,2003-04-02
3741,268158,3,2004-12-01
3741,2401493,4,2003-09-11
3741,2550506,3,2004-11-15
3741,1932183,4,2005-03-27
3741,132540,4,2005-10-13
3741,2167127,5,2005-08-08
3741,2504501,3,2003-08-03
3741,465036,5,2004-03-24
3741,1228200,5,2004-12-11
3741,515839,3,2004-09-27
3741,727803,2,2005-02-18
3741,2580917,2,2005-06-16
3741,1211659,5,2005-07-08
3741,1466579,4,2002-06-21
3741,1926389,3,2005-08-09
3741,1814380,3,2004-09-01
3741,2647972,4,2005-01-21
3741,630691,4,2004-03-08
3741,2060522,3,2004-12-12
3741,1330222,5,2004-10-22
3741,1303244,3,2005-08-14
3741,2518947,1,2004-05-30
3741,780332,3,2005-03-16
3741,119596,4,2005-11-22
3741,912285,4,2004-06-08
3741,713004,5,2004-12-05
3741,2329520,5,2002-12-17
3741,1577708,3,2005-08-17
3741,1213540,4,2004-06-29
3741,871081,3,2004-12-01
3741,265942,5,2005-06-23
3741,2401147,4,2003-10-08
3741,2125410,4,2004-02-06
3741,2201830,5,2004-07-20
3741,157667,1,2004-09-01
3741,2175999,5,2005-02-10
3741,2625257,3,2005-04-07
3741,510834,4,2005-05-29
3741,2588497,4,2003-03-05
3741,1664010,5,2005-10-17
3741,1902838,4,2001-09-15
3741,1482568,5,2002-08-05
3741,2505489,5,2005-06-27
3741,1490810,5,2005-09-26
3741,684920,3,2004-01-30
3741,2330260,4,2004-03-06
3741,2461245,4,2004-12-16
3741,1468224,1,2005-10-13
3741,2104013,2,2002-11-13
3741,1583947,4,2004-08-15
3741,5446,2,2003-11-04
3741,948236,5,2004-03-13
3741,2101766,4,2005-03-16
3741,2552016,3,2003-09-03
3741,523402,5,2004-03-11
3741,1456270,4,2003-02-13
3741,1575434,4,2005-03-21
3741,370336,3,2005-05-31
3741,874951,1,2004-03-18
3741,877394,4,2003-11-10
3741,2488849,3,2005-01-26
3741,1306039,5,2005-12-22
3741,135295,4,2005-11-25
3741,1619879,3,2005-11-16
3741,447764,3,2004-05-25
3741,711471,5,2004-08-29
3741,1326994,5,2002-07-25
3741,1270851,3,2004-06-01
3741,1038384,4,2003-12-08
3741,2407546,5,2004-06-28
3741,949874,4,2004-11-09
3741,1747859,4,2002-07-16
3741,518244,4,2004-06-25
3741,2038959,5,2004-09-20
3741,1208153,5,2004-10-24
3741,382817,3,2005-12-28
3741,463102,2,2002-08-07
3741,1282217,3,2004-04-17
3741,1936252,3,2002-05-01
3741,883700,4,2003-02-23
3741,189387,4,2004-05-03
3741,2578595,4,2004-08-13
3741,1253614,4,2005-03-01
3741,2468476,3,2004-03-24
3741,660434,1,2004-06-27
3741,251394,4,2004-09-22
3741,2451652,5,2005-11-03
3741,1717926,4,2004-06-13
3741,1935793,1,2005-04-18
3741,1235696,3,2005-05-19
3741,71594,2,2002-01-24
3741,718577,4,2003-11-11
3741,1203959,4,2003-08-25
3741,2291306,3,2004-03-12
3741,921924,5,2003-01-19
3741,2033298,3,2004-11-19
3741,283753,3,2005-05-26
3741,3321,3,2005-09-27
3741,2270156,4,2003-03-20
3741,78662,4,2004-08-01
3741,1890945,4,2002-06-06
3741,2210003,3,2004-10-28
3741,260257,4,2004-08-10
3741,2210867,4,2005-06-17
3741,2398243,3,2002-11-24
3741,2463867,5,2005-01-11
3741,116487,4,2005-02-26
3741,2337348,5,2005-06-23
3741,2185511,4,2005-04-28
3741,745651,3,2005-10-01
3741,1559083,4,2005-10-06
3741,108077,5,2001-11-20
3741,75894,3,2004-06-24
3741,847974,5,2005-10-25
3741,1495940,5,2003-11-28
3741,1466712,3,2004-11-16
3741,1591646,5,2005-09-16
3741,2375962,4,2004-08-05
3741,2256485,1,2004-08-19
3741,2295493,3,2005-03-15
3741,300272,5,2005-09-15
3741,1740380,5,2005-10-14
3741,817461,5,2005-08-07
3741,1920702,4,2004-01-21
3741,759737,2,2005-12-13
3741,798296,1,2002-10-19
3741,1806203,3,2005-08-05
3741,1374909,4,2005-03-14
3741,413319,5,2005-06-06
3741,504620,1,2005-09-13
3741,2116130,3,2005-07-27
3741,1634480,4,2003-09-15
3741,1222027,4,2005-03-21
3741,2297243,4,2004-11-22
3741,2409913,4,2005-05-17
3741,508927,4,2003-08-07
3741,1277652,3,2004-09-30
3741,2360992,4,2004-11-15
3741,561199,4,2003-12-05
3741,998633,4,2005-10-12
3741,305344,5,2003-05-21
3741,7347,4,2004-03-24
3741,2531311,4,2004-08-18
3741,2024632,4,2003-12-11
3741,1035041,5,2004-11-30
3741,212668,3,2003-04-07
3741,979197,4,2004-12-25
3741,2556455,4,2004-09-09
3741,249543,5,2005-08-15
3741,1496236,4,2003-10-21
3741,1663486,5,2004-02-11
3741,827240,5,2005-06-01
3741,1769417,2,2005-06-01
3741,2552865,3,2003-05-06
3741,1952737,5,2005-07-01
3741,1078286,3,2004-04-06
3741,2312227,3,2002-03-14
3741,686623,3,2005-06-19
3741,1584550,4,2004-03-06
3741,1410790,5,2005-03-12
3741,1008288,4,2003-12-15
3741,2072963,5,2005-08-31
3741,891483,3,2004-01-24
3741,1661655,4,2001-12-30
3741,1800382,5,2004-06-06
3741,2620402,4,2004-05-05
3741,81998,4,2004-04-01
3741,1234996,5,2005-11-08
3741,1174244,3,2004-05-19
3741,383092,4,2005-05-31
3741,707987,4,2005-02-05
3741,1934002,4,2005-12-16
3741,2059738,3,2004-06-15
3741,1378458,4,2005-01-10
3741,1501422,2,2003-11-09
3741,999217,5,2005-10-02
3741,2329541,1,2005-01-27
3741,1009941,5,2005-04-03
3741,2386321,5,2005-09-23
3741,1437947,4,2004-11-01
3741,694235,3,2004-12-09
3741,53075,4,2005-11-12
3741,2056022,2,2004-11-05
3741,2033500,4,2003-11-04
3741,2580353,5,2005-01-24
3741,509239,5,2005-02-21
3741,1034831,3,2005-02-07
3741,2527789,5,2003-06-19
3741,985051,3,2005-03-21
3741,2485579,3,2005-05-13
3741,1115451,4,2004-07-20
3741,559366,4,2003-07-23
3741,538005,1,2005-08-24
3741,2441503,4,2004-04-10
3741,296232,2,2004-08-05
3741,2610029,5,2004-04-29
3741,312008,4,2004-10-20
3741,1225914,3,2005-05-04
3741,908626,4,2004-03-24
3741,2220732,1,2004-01-03
3741,918761,2,2004-01-21
3741,64200,5,2004-08-02
3741,1798943,3,2002-12-19
3741,1706873,5,2005-07-03
3741,2118461,5,2005-10-24
3741,1658106,4,2005-03-18
3741,241240,5,2005-11-16
3741,387418,1,2003-09-22
3741,8170,4,2003-06-04
3741,1794682,4,2005-12-09
3741,2209666,5,2004-02-15
3741,812245,3,2004-10-23
3741,915918,5,2002-11-27
3741,1213118,4,2004-10-13
3741,1474466,2,2005-08-15
3741,1013077,3,2005-07-09
3741,1486829,5,2004-11-19
3741,191776,4,2005-01-19
3741,1932594,3,2005-01-20
3741,1794920,2,2005-04-06
3741,2132342,4,2003-11-04
3741,1645904,2,2005-08-26
3741,1061195,3,2004-01-10
3741,2502500,4,2004-11-16
3741,2520506,4,2002-01-02
3741,1581102,5,2002-03-20
3741,54443,2,2003-11-04
3741,2629195,3,2005-07-21
3741,1663888,3,2004-09-27
3741,831775,2,2005-10-14
3741,2609187,3,2005-08-20
3741,1547213,3,2005-01-19
3741,1242211,4,2005-06-14
3741,2546294,5,2004-02-18
3741,1602153,5,2004-05-30
3741,348850,4,2004-07-06
3741,1860235,5,2004-12-15
3741,2492113,5,2005-10-13
3741,2170206,5,2003-01-13
3741,836268,4,2004-12-20
3741,1768,3,2004-08-07
3741,1931836,4,2004-09-19
3741,2052834,5,2004-11-14
3741,2454731,5,2004-11-20
3741,1399249,4,2005-01-05
3741,2236399,3,2004-03-10
3741,1639792,1,2002-04-17
3741,2562223,4,2003-05-19
3741,1281882,4,2004-08-29
3741,1076087,3,2005-03-16
3741,2532803,4,2005-11-18
3741,136477,4,2005-12-11
3741,278951,4,2004-04-22
3741,1910747,4,2003-04-28
3741,1455446,1,2005-10-15
3741,1793781,3,2004-10-15
3741,1891693,1,2005-01-19
3741,459468,5,2004-10-06
3741,803186,4,2005-01-20
3741,487223,3,2005-10-27
3741,263885,3,2003-12-31
3741,972313,4,2005-05-19
3741,1485744,5,2005-07-12
3741,1810849,3,2005-01-26
3741,1793181,3,2005-05-25
3741,1971635,4,2005-10-06
3741,1085309,4,2003-06-18
3741,805373,5,2003-04-18
3741,1275914,1,2005-04-08
3741,2324445,3,2005-05-17
3741,847990,3,2002-03-22
3741,964662,2,2005-09-23
3741,1614163,3,2003-10-09
3741,1384386,5,2004-06-08
3741,1758072,2,2003-08-05
3741,1361400,3,2004-05-10
3741,722287,2,2005-11-11
3741,2513690,4,2005-12-07
3741,2280310,5,2005-11-21
3741,515439,3,2003-10-06
3741,798142,4,2005-09-02
3741,2344254,5,2005-07-29
3741,1635449,1,2005-01-10
